 residuo Phi Psi
   1.00 -83.55 136.37
   2.00 -159.86 142.15
   3.00 -56.01 174.90
   4.00 -58.07 136.72
   5.00 -170.90 -28.51
   6.00 -71.22 166.29
   7.00 -60.05 -27.23
   8.00 -68.91 -45.79
   9.00 -60.86 -38.43
  10.00 -78.00 -30.08
  11.00 -73.54 -36.27
  12.00 -69.71 -19.45
  13.00 -68.60 -22.62
  14.00 -66.50 -26.49
  15.00 -67.70 -40.47
  16.00 -86.18   1.14
  17.00 -74.54  -7.02
  18.00 -69.23 -32.94
  19.00  58.74   1.55
  20.00 -109.44  38.23
  21.00 -77.58 169.44
  22.00 -69.79 137.27
  23.00 -70.48 -16.51
  24.00 -57.05 -37.70
  25.00 -56.68 -55.20
  26.00 -57.56 -45.65
  27.00 -67.67 -51.69
  28.00 -44.39 -39.55
  29.00 -75.25 -65.39
  30.00  75.89 -35.29
  31.00 -75.41 137.33
  32.00 -120.93 169.58
  33.00 -83.23 148.66
  34.00 -75.83 127.39
  35.00 -59.67 149.94
  36.00  96.57 131.73
  37.00 -72.40 136.52
  38.00 -75.59 -57.23
  39.00 -65.11 123.46
  40.00 -79.07 147.73
  41.00 -50.01 162.41
  42.00 -73.86 -29.77
  43.00 -80.29 -10.39
  44.00 -64.55 -16.31
  45.00 -94.75 -31.02


