 residuo Phi Psi
   1.00 -93.62 125.24
   2.00 -154.40 143.42
   3.00 -124.38 164.39
   4.00 -94.89 145.59
   5.00 -138.65  -5.35
   6.00 -69.43 150.82
   7.00 -58.94 -38.67
   8.00 -60.70 -48.18
   9.00 -58.14 -47.64
  10.00 -82.94 -28.89
  11.00 -71.72 -41.39
  12.00 -58.98 -37.01
  13.00 -70.61 -54.47
  14.00 -83.25  -8.21
  15.00 -58.26 -56.08
  16.00 -84.23 -21.51
  17.00 -40.05 -13.33
  18.00 -83.15 -49.28
  19.00  80.89  15.76
  20.00 -42.63  23.16
  21.00 -53.72 130.84
  22.00 -56.03 120.51
  23.00 -60.60 -50.50
  24.00 -90.76 -22.73
  25.00 -69.01 -46.53
  26.00 -61.72 -19.90
  27.00 -62.11 -19.91
  28.00 -66.61 -37.70
  29.00 -71.04 -55.15
  30.00  94.36 -31.50
  31.00 -77.10  -5.01
  32.00 -72.52 167.46
  33.00 -123.66 156.20
  34.00 -128.55 123.71
  35.00 -71.27 146.58
  36.00 -77.76 -33.02
  37.00 -80.31 161.82
  38.00 -133.11  -4.60
  39.00 -66.05 139.16
  40.00 -70.51 157.57
  41.00 -85.92 -177.82
  42.00 -123.21  -0.29
  43.00 -130.60  20.80
  44.00 -153.89 119.43
  45.00 -99.59  20.10


