 residuo Phi Psi
   1.00 -87.88 105.09
   2.00 -154.28 163.48
   3.00 -53.83 -177.46
   4.00 -47.50 140.66
   5.00 -162.66 -40.33
   6.00 -64.03 154.54
   7.00 -65.42 -32.60
   8.00 -54.16 -53.05
   9.00 -66.67 -44.65
  10.00 -75.49 -31.76
  11.00 -112.51  -9.74
  12.00 -58.36   1.40
  13.00 -81.40 -26.37
  14.00 -80.27 -13.29
  15.00 -70.39 -22.91
  16.00 -64.60 -23.51
  17.00 -67.42 -10.66
  18.00 -70.49 -47.90
  19.00  76.98  -1.23
  20.00 -66.35   3.77
  21.00 -41.87 142.80
  22.00 -64.98 136.56
  23.00 -53.14 -31.04
  24.00 -65.25 -36.78
  25.00 -48.25 -60.07
  26.00 -66.55 -35.77
  27.00 -96.95 -16.05
  28.00 -80.90 -31.86
  29.00 -75.24 -25.78
  30.00  66.14 -27.73
  31.00 -147.64 -166.09
  32.00 -131.80 161.52
  33.00 -66.22 139.64
  34.00 -75.22 143.35
  35.00 -73.86 157.54
  36.00  79.03 175.33
  37.00 -144.25 -167.37
  38.00 -132.86  -4.41
  39.00 -42.45 112.60
  40.00 -74.86 130.14
  41.00 -54.28 135.28
  42.00 -57.64 -37.27
  43.00 -92.75 -32.28
  44.00 -78.85 -18.93
  45.00 -81.42   0.98


