 residuo Phi Psi
   1.00 -127.63 129.59
   2.00 -170.80 140.80
   3.00 -58.73 144.75
   4.00 -68.29 135.14
   5.00 -153.18 -26.87
   6.00 -65.77 160.85
   7.00 -67.65 -24.37
   8.00 -55.13 -45.08
   9.00 -55.70 -51.35
  10.00 -59.39 -42.48
  11.00 -70.82 -48.43
  12.00 -72.81 -34.86
  13.00 -66.87 -23.84
  14.00 -53.51 -35.02
  15.00 -69.09 -45.61
  16.00 -80.23 -10.98
  17.00 -60.63  -8.50
  18.00 -65.21 -38.43
  19.00  87.96 -38.85
  20.00 -96.66  34.66
  21.00 -52.33 159.06
  22.00 -63.22 123.98
  23.00 -56.76 -35.66
  24.00 -65.69 -28.33
  25.00 -66.61 -50.56
  26.00 -61.14 -39.54
  27.00 -86.25 -38.71
  28.00 -73.69 -22.31
  29.00 -90.83 -27.10
  30.00  78.65 -67.11
  31.00 -79.23 145.97
  32.00 -87.27 141.84
  33.00 -68.02 142.69
  34.00 -61.58 133.64
  35.00 -68.38 145.16
  36.00  64.85 148.48
  37.00 -78.35 -175.32
  38.00 -135.07 -23.78
  39.00 -42.15 147.54
  40.00 -76.65 115.56
  41.00 -68.74 125.26
  42.00 -65.56 -14.55
  43.00 -73.85 -39.01
  44.00 -127.45 122.98
  45.00 -113.83   2.22


