 residuo Phi Psi
   1.00 -136.75 149.87
   2.00 -156.58 152.84
   3.00 -72.62 148.24
   4.00 -80.12 122.43
   5.00 -158.17 -10.55
   6.00 -56.97 167.31
   7.00 -46.37 -51.85
   8.00 -66.40 -40.27
   9.00 -60.63 -38.26
  10.00 -73.33 -42.66
  11.00 -60.73 -32.85
  12.00 -124.65 -11.06
  13.00 -69.00 -57.03
  14.00 -74.04 -36.14
  15.00 -80.83 -26.96
  16.00 -55.67 -30.38
  17.00 -51.84 -28.42
  18.00 -60.90 -34.13
  19.00  69.72   4.39
  20.00 -70.21  45.87
  21.00 -57.11 148.75
  22.00 -57.31 118.22
  23.00 -59.76 -45.25
  24.00 -72.24 -39.63
  25.00 -85.76 -25.72
  26.00 -67.91 -44.09
  27.00 -78.53 -29.76
  28.00 -76.94 -27.49
  29.00 -78.10 -32.46
  30.00  65.65 -33.16
  31.00 -43.85  26.95
  32.00 -64.11 154.91
  33.00 -73.07 130.32
  34.00 -74.23 115.76
  35.00 -75.73 141.29
  36.00  63.26 144.25
  37.00 -135.01 -126.44
  38.00 -75.35 -42.82
  39.00 -60.13 141.71
  40.00 -67.21 163.97
  41.00 -73.81 148.70
  42.00 -106.72 -10.96
  43.00 -63.14 -15.17
  44.00 -139.00 116.25
  45.00 -79.98  13.66


