 residuo Phi Psi
   1.00 -89.05 137.42
   2.00 -154.98 155.06
   3.00 -63.90 -169.16
   4.00 -55.00 151.51
   5.00 -177.71 -27.48
   6.00 -67.11 161.91
   7.00 -64.34 -24.87
   8.00 -65.20 -48.04
   9.00 -59.04 -41.03
  10.00 -62.91 -40.27
  11.00 -62.58 -37.32
  12.00 -81.41 -36.35
  13.00 -58.47 -40.92
  14.00 -55.43 -42.18
  15.00 -66.21 -40.39
  16.00 -87.33   7.08
  17.00 -66.40  -6.28
  18.00 -88.21 -36.52
  19.00  70.46  11.96
  20.00 -74.40  19.25
  21.00 -55.31 151.47
  22.00 -68.65 109.56
  23.00 -59.63 -23.07
  24.00 -80.36 -19.22
  25.00 -66.76 -43.33
  26.00 -64.93 -48.00
  27.00 -70.66 -42.38
  28.00 -69.35 -29.07
  29.00 -70.81 -50.26
  30.00  64.46 -46.18
  31.00 -80.55 153.60
  32.00 -140.95 172.19
  33.00 -74.08 154.48
  34.00 -88.40 131.73
  35.00 -56.44 144.92
  36.00  98.96 165.04
  37.00 -68.17 156.36
  38.00 -129.33 -35.19
  39.00 -40.47 145.73
  40.00 -63.55 113.86
  41.00 -79.23 174.18
  42.00 -65.64 -19.42
  43.00 -89.73 -16.36
  44.00 -81.37 -17.45
  45.00 -73.95 -14.86


