 residuo Phi Psi
   1.00 -103.24 139.36
   2.00 -161.50 144.99
   3.00 -84.29 162.59
   4.00 -75.71 108.17
   5.00 -168.10 -10.98
   6.00 -64.92 160.89
   7.00 -60.84 -26.35
   8.00 -68.53 -51.93
   9.00 -56.17 -36.31
  10.00 -51.05 -56.85
  11.00 -73.17 -46.79
  12.00 -61.98 -31.42
  13.00 -72.15 -39.49
  14.00 -64.69 -38.94
  15.00 -65.11 -36.90
  16.00 -79.32  -6.63
  17.00 -64.72 -25.18
  18.00 -60.20 -25.36
  19.00  78.76 -19.10
  20.00 -69.55  11.57
  21.00 -73.65 152.25
  22.00 -67.80 137.97
  23.00 -64.28 -37.03
  24.00 -70.50 -14.19
  25.00 -55.02 -57.12
  26.00 -72.32 -44.55
  27.00 -134.32   4.64
  28.00 -132.48  25.48
  29.00 -92.22 -29.84
  30.00  82.90 -10.23
  31.00 -65.93  77.05
  32.00 -83.51 142.86
  33.00 -77.72 140.92
  34.00 -62.43 146.01
  35.00 -65.52 148.26
  36.00  78.71 136.48
  37.00 -131.24 -141.08
  38.00 -134.89  18.55
  39.00 -52.97 137.13
  40.00 -81.09 116.30
  41.00 -100.98 151.36
  42.00 -88.21 -23.62
  43.00 -63.24  -6.83
  44.00 -145.56 135.80
  45.00 -111.80  11.42


