 residuo Phi Psi
   1.00 -94.84 133.59
   2.00 -158.64 149.67
   3.00 -79.15 170.26
   4.00 -84.24 125.03
   5.00 -149.94 -20.29
   6.00 -65.07 158.68
   7.00 -70.42 -27.24
   8.00 -58.55 -49.35
   9.00 -72.85 -34.56
  10.00 -91.97 -21.24
  11.00 -64.24 -17.23
  12.00 -45.46 -113.07
  13.00 -65.58 -47.32
  14.00 -101.21 -14.23
  15.00 -67.00 -39.45
  16.00 -80.91  -9.66
  17.00 -65.39 -18.18
  18.00 -77.23 -43.07
  19.00  68.92  36.23
  20.00 -52.50  13.30
  21.00 -69.03 139.03
  22.00 -62.34 143.69
  23.00 -66.36 -44.88
  24.00 -80.77 -40.20
  25.00 -71.72 -27.45
  26.00 -55.66 -52.32
  27.00 -81.02 -41.11
  28.00 -71.26 -29.91
  29.00 -79.54 -40.93
  30.00  62.23 -13.82
  31.00 -67.80  37.64
  32.00 -81.97 150.78
  33.00 -77.13 151.11
  34.00 -68.49 105.25
  35.00 -73.00 155.96
  36.00  68.93 112.54
  37.00 -153.42 -90.22
  38.00 -150.08  22.72
  39.00 -53.87 148.71
  40.00 -66.12 161.96
  41.00 -49.91 162.15
  42.00 -137.86 -26.48
  43.00 -74.61  24.81
  44.00 -150.24 148.31
  45.00 -68.69   3.10


