 residuo Phi Psi
   1.00 -85.53 137.34
   2.00 -144.46 170.52
   3.00 -99.45 163.75
   4.00 -61.96 120.84
   5.00 -143.42 -19.09
   6.00 -62.20 165.06
   7.00 -57.56 -39.63
   8.00 -59.88 -53.27
   9.00 -65.33 -40.66
  10.00 -101.45 -11.42
  11.00 -102.09  -4.39
  12.00 -59.06 -86.14
  13.00 -81.31 -34.81
  14.00 -85.77 -14.22
  15.00 -55.02 -34.85
  16.00 -53.18 -46.10
  17.00 -66.11 -14.73
  18.00 -80.41 -16.96
  19.00  63.95  -0.71
  20.00 -78.61  42.24
  21.00 -55.03 145.38
  22.00 -83.48 154.39
  23.00 -65.73 -29.81
  24.00 -102.34 -22.78
  25.00 -53.60 -46.97
  26.00 -62.65 -36.85
  27.00 -65.20 -16.64
  28.00 -62.46 -30.80
  29.00 -115.93 -41.81
  30.00  53.17 -34.81
  31.00 -33.18  34.15
  32.00 -78.58 136.84
  33.00 -79.04 147.18
  34.00 -76.04 111.32
  35.00 -93.17 165.70
  36.00  81.57 119.65
  37.00 -142.47 -123.97
  38.00 -64.34 -22.62
  39.00 -69.55 133.76
  40.00 -36.86 131.46
  41.00 -63.46 159.07
  42.00 -82.61 -48.42
  43.00 -70.40 -18.16
  44.00 -150.99 127.42
  45.00 -110.37  33.61


