 residuo Phi Psi
   1.00 -120.99 145.69
   2.00 -154.48 167.44
   3.00 -40.77 177.89
   4.00 -54.33 142.66
   5.00 -159.11 -31.67
   6.00 -80.64 167.58
   7.00 -64.78 -27.62
   8.00 -60.16 -40.91
   9.00 -65.47 -53.75
  10.00 -85.84 -26.21
  11.00 -120.20   0.63
  12.00 -54.32  14.93
  13.00 -68.38 -35.05
  14.00 -62.25 -13.51
  15.00 -67.20 -44.62
  16.00 -72.50 -39.21
  17.00 -73.19 -20.81
  18.00 -61.20 -29.86
  19.00  80.93 -19.38
  20.00 -87.05  16.81
  21.00 -64.06 166.48
  22.00 -49.87 124.39
  23.00 -81.57 -36.25
  24.00 -59.36 -23.29
  25.00 -72.09 -40.60
  26.00 -55.20 -44.56
  27.00 -78.42 -41.38
  28.00 -67.26 -41.45
  29.00 -93.55 -31.94
  30.00  74.69 -27.67
  31.00 -144.21 -166.73
  32.00 -119.42 152.86
  33.00 -55.57 143.43
  34.00 -89.00 140.50
  35.00 -65.52 139.26
  36.00  69.89 167.72
  37.00 -75.88 155.81
  38.00 -99.73 -36.84
  39.00 -57.21 147.80
  40.00 -58.56 123.91
  41.00 -72.70 164.20
  42.00 -64.81 -21.98
  43.00 -117.44 -22.43
  44.00 -59.17 -32.89
  45.00 -118.17 -28.65


