 residuo Phi Psi
   1.00 -107.48 133.74
   2.00 -159.36 143.26
   3.00 -78.06 178.68
   4.00 -76.11 136.62
   5.00 -153.89  -4.60
   6.00 -49.83 151.87
   7.00 -73.39 -33.22
   8.00 -66.18 -37.91
   9.00 -64.93 -28.40
  10.00 -90.71 -32.42
  11.00 -91.77 -37.30
  12.00 -48.12 -41.94
  13.00 -60.04 -38.06
  14.00 -67.28 -31.38
  15.00 -69.58 -45.99
  16.00 -69.83 -16.91
  17.00 -56.80 -16.52
  18.00 -58.97 -55.37
  19.00  71.37 -10.19
  20.00 -74.19  26.82
  21.00 -56.14 164.17
  22.00 -56.56 112.70
  23.00 -65.98 -37.46
  24.00 -71.22 -12.72
  25.00 -59.63 -49.11
  26.00 -67.03 -46.06
  27.00 -84.79 -26.11
  28.00 -73.30 -35.84
  29.00 -95.99 -27.25
  30.00  66.82 -24.92
  31.00 -119.30 172.64
  32.00 -128.67 152.15
  33.00 -73.14 128.87
  34.00 -76.98 138.92
  35.00 -63.59 142.35
  36.00  75.13 133.83
  37.00 -82.68 155.83
  38.00 -91.88 -31.39
  39.00 -57.04 153.70
  40.00 -64.59 121.97
  41.00 -62.10 123.40
  42.00 -79.15 -26.73
  43.00 -109.00  -1.81
  44.00 -59.79  39.36
  45.00 -104.58 -20.07


