 residuo Phi Psi
   1.00 -126.96 -40.46
   2.00 -67.73  31.97
   3.00 -53.92 -27.25
   4.00 -70.23 -54.62
   5.00  68.11 170.41
   6.00 -67.67 -129.94
   7.00 -63.47 100.66
   8.00  69.49 116.67
   9.00 -41.92  21.68
  10.00 -89.82 121.77
  11.00 -67.09  -9.28
  12.00 -78.02 126.42
  13.00 -83.45 -19.29
  14.00 -61.68  65.72
  15.00 -81.73 165.99
  16.00 -75.64 -26.58
  17.00 -68.31  16.91
  18.00 -61.29 -43.63
  19.00  69.28 134.08
  20.00  69.65  14.88
  21.00 -64.80 137.39
  22.00 -163.93 141.14
  23.00 -78.94 -22.87
  24.00 -77.77 -41.46
  25.00 -64.56  96.64
  26.00 -62.60 -24.92
  27.00 -73.70 -25.69
  28.00 -140.24 -45.27
  29.00 -85.82 -36.46
  30.00  80.04 -51.94
  31.00 -55.30 -163.24
  32.00 -116.74 145.38
  33.00 -131.27 161.63
  34.00 -94.30 127.99
  35.00 -76.04 127.10
  36.00  76.07 -44.59
  37.00 -114.43 151.27
  38.00 -135.97 163.26
  39.00 -49.74 -21.48
  40.00 -78.89 -49.01
  41.00  73.12 -30.04
  42.00 -64.36 -136.61
  43.00 -86.46  -7.94
  44.00 -71.00 143.08
  45.00 -114.01 166.27


