 residuo Phi Psi
   1.00 -131.86 145.39
   2.00 -157.54 150.30
   3.00 -62.03 176.12
   4.00 -65.18 130.25
   5.00 -151.12 -19.63
   6.00 -51.09 162.27
   7.00 -72.26 -30.31
   8.00 -61.96 -43.93
   9.00 -67.78 -31.70
  10.00 -57.46 -47.00
  11.00 -59.33 -46.67
  12.00 -71.52 -33.54
  13.00 -56.87 -37.78
  14.00 -79.20 -35.58
  15.00 -60.35 -38.68
  16.00 -64.48 -15.28
  17.00 -51.97 -32.86
  18.00 -85.83 -37.41
  19.00  84.11   7.32
  20.00 -77.85   5.62
  21.00 -55.48 152.02
  22.00 -62.39 128.00
  23.00 -70.85 -21.17
  24.00 -52.82 -34.42
  25.00 -44.84 -70.06
  26.00 -72.79 -37.12
  27.00 -76.84 -39.68
  28.00 -67.27 -35.10
  29.00 -76.79 -47.73
  30.00  77.88 -65.22
  31.00 -114.62 156.16
  32.00 -119.59 158.63
  33.00 -59.08 141.98
  34.00 -80.37 138.78
  35.00 -66.77 158.65
  36.00  79.67 155.53
  37.00 -102.45 -175.27
  38.00 -139.64 -20.85
  39.00 -72.82 139.85
  40.00 -58.61 145.92
  41.00 -60.27 156.13
  42.00 -54.97 -23.60
  43.00 -110.84 -28.82
  44.00 -74.27 -41.48
  45.00 -103.26 -20.26


