 residuo Phi Psi
   1.00 -94.12 141.55
   2.00 -136.37 148.05
   3.00 -85.81 154.90
   4.00 -69.44 133.61
   5.00 -166.67 -14.30
   6.00 -62.37 161.85
   7.00 -75.55 -32.83
   8.00 -72.12 -31.69
   9.00 -58.60 -42.27
  10.00 -77.27 -37.54
  11.00 -98.41  -4.41
  12.00 -50.82 -103.07
  13.00 -74.11 -41.60
  14.00 -90.93 -16.97
  15.00 -54.64 -42.18
  16.00 -71.91 -30.75
  17.00 -59.98  -6.66
  18.00 -71.29 -34.01
  19.00  79.63   1.95
  20.00 -86.32  42.89
  21.00 -65.08 157.41
  22.00 -58.12 140.90
  23.00 -80.74 -26.26
  24.00 -88.93 -56.18
  25.00 -65.87 -26.98
  26.00 -69.36 -35.78
  27.00 -73.10  -5.43
  28.00 -85.64 -17.32
  29.00 -106.24 -16.04
  30.00  65.98 -47.67
  31.00 -40.60  24.16
  32.00 -84.58 156.94
  33.00 -98.90 156.20
  34.00 -80.12 126.30
  35.00 -75.31 150.00
  36.00  71.18 106.38
  37.00 -93.55 -134.24
  38.00 -112.48  -2.94
  39.00 -57.35 151.55
  40.00 -65.17 147.48
  41.00 -54.82 140.05
  42.00 -117.57  -4.69
  43.00 -65.25 -15.43
  44.00 -152.77 151.89
  45.00 -102.06  22.95


