 residuo Phi Psi
   1.00 -103.37 110.70
   2.00 -156.01 151.71
   3.00 -81.40 155.13
   4.00 -74.66 120.50
   5.00 -165.28   2.20
   6.00 -62.85 169.58
   7.00 -66.41 -35.18
   8.00 -55.67 -40.23
   9.00 -65.43 -51.70
  10.00 -50.82 -47.33
  11.00 -60.12 -42.39
  12.00 -61.24 -53.72
  13.00 -55.92 -42.33
  14.00 -74.49 -40.96
  15.00 -61.97 -45.87
  16.00 -72.11 -23.65
  17.00 -55.39 -11.48
  18.00 -69.79 -44.88
  19.00  82.85   9.24
  20.00 -60.43  14.35
  21.00 -53.47 144.70
  22.00 -83.31 142.63
  23.00 -71.15 -33.34
  24.00 -53.33 -45.00
  25.00 -81.18 -46.13
  26.00 -49.28 -30.01
  27.00 -72.19 -50.69
  28.00 -63.65 -43.56
  29.00 -96.42 -23.18
  30.00  66.67 -19.69
  31.00 -47.35  50.19
  32.00 -101.27 143.94
  33.00 -67.44 146.70
  34.00 -67.14 151.55
  35.00 -65.45 154.48
  36.00  62.31 137.69
  37.00 -125.99 -153.96
  38.00 -69.91 -13.17
  39.00 -64.27 140.28
  40.00 -76.51 137.23
  41.00 -100.84 113.14
  42.00 -81.18 -46.36
  43.00 -84.94  16.19
  44.00 -92.12  63.40
  45.00 -150.13  33.58


