 residuo Phi Psi
   1.00 -86.40 -57.69
   2.00 -76.03  74.36
   3.00 -84.78 -22.98
   4.00 -80.20 -38.87
   5.00  69.44 168.14
   6.00 -151.53 -55.61
   7.00 -59.85 116.73
   8.00  72.06 126.48
   9.00 -67.34  15.17
  10.00 -147.08 150.53
  11.00 -32.21  15.96
  12.00 -76.11 140.96
  13.00 -117.40   0.38
  14.00 -52.39   8.19
  15.00 -84.68 148.81
  16.00 -64.81   1.54
  17.00 -78.02  19.66
  18.00 -61.36 -37.03
  19.00  66.21 142.39
  20.00  70.69  41.89
  21.00 -77.13 113.17
  22.00 -142.30 151.47
  23.00 -116.78  36.97
  24.00 -76.33 -46.94
  25.00 -90.30 126.53
  26.00 -72.09 -42.25
  27.00 -68.68  -9.86
  28.00 -146.13 -43.66
  29.00 -58.68 -63.73
  30.00  74.46 -42.33
  31.00 -80.80 -170.38
  32.00 -52.23  26.34
  33.00 -87.11 156.50
  34.00 -76.14 160.76
  35.00 -56.87 125.56
  36.00  90.62 -37.15
  37.00 -157.62 166.56
  38.00 -147.40 157.15
  39.00 -74.91   0.41
  40.00 -88.77 -58.56
  41.00  87.40 -18.56
  42.00 -70.65 -140.05
  43.00 -69.97  15.04
  44.00 -101.32 125.53
  45.00 -115.31 155.53


