 residuo Phi Psi
   1.00 -138.55 144.73
   2.00 -164.63 135.88
   3.00 -62.54 169.10
   4.00 -61.95 120.86
   5.00 -151.14 -10.11
   6.00 -68.21 166.91
   7.00 -71.10 -26.01
   8.00 -70.07 -33.16
   9.00 -51.54 -45.20
  10.00 -66.73 -45.06
  11.00 -63.48 -49.24
  12.00 -50.77 -44.23
  13.00 -74.39 -40.93
  14.00 -62.51 -26.46
  15.00 -73.20 -36.81
  16.00 -98.88  19.43
  17.00 -67.95  -9.35
  18.00 -74.32 -35.57
  19.00  77.77 -17.68
  20.00 -71.23  24.42
  21.00 -68.48 162.10
  22.00 -56.30 133.89
  23.00 -75.71 -41.30
  24.00 -57.83 -22.33
  25.00 -82.84 -42.23
  26.00 -55.59 -38.56
  27.00 -70.67 -57.85
  28.00 -59.03 -32.69
  29.00 -72.43 -56.66
  30.00  75.53 -13.52
  31.00 -57.31 105.21
  32.00 -121.43 138.45
  33.00 -66.75 144.80
  34.00 -74.38 127.38
  35.00 -76.66 147.55
  36.00  67.11 138.30
  37.00 -72.51 -172.09
  38.00 -117.11 -41.93
  39.00 -39.16 155.51
  40.00 -73.57 117.02
  41.00 -69.45 139.31
  42.00 -98.11 -25.21
  43.00 -77.43 -12.07
  44.00 -65.94  48.92
  45.00 -131.57 -27.01


