 residuo Phi Psi
   1.00 -125.33 135.13
   2.00 -145.40 137.17
   3.00 -72.49 137.75
   4.00 -79.26 125.72
   5.00 -164.85   4.81
   6.00 -53.50 168.57
   7.00 -56.41 -45.86
   8.00 -66.48 -46.95
   9.00 -53.45 -54.00
  10.00 -79.33 -33.12
  11.00 -88.11 -31.46
  12.00 -53.77 -69.00
  13.00 -50.14 -49.70
  14.00 -88.52 -18.90
  15.00 -59.51 -53.94
  16.00 -58.35 -30.16
  17.00 -53.40 -17.39
  18.00 -68.18 -40.41
  19.00  84.31  10.28
  20.00 -75.01  19.19
  21.00 -64.05 151.36
  22.00 -36.62 112.94
  23.00 -68.02 -69.68
  24.00 -84.29  -6.34
  25.00 -66.39 -52.30
  26.00 -60.58 -38.79
  27.00 -60.71  -6.10
  28.00 -79.90 -20.96
  29.00 -125.98 -15.08
  30.00 100.91 -58.00
  31.00 -63.08  49.02
  32.00 -74.02 166.45
  33.00 -117.22 145.45
  34.00 -140.84 128.20
  35.00 -78.26 159.86
  36.00 -66.19 -83.59
  37.00 -79.09 142.48
  38.00 -159.53  80.48
  39.00 -75.05 124.52
  40.00 -53.35 175.16
  41.00 -68.84 163.19
  42.00 -93.93 -27.40
  43.00 -84.64 -12.41
  44.00 -159.72 144.61
  45.00 -77.85  29.84


