 residuo Phi Psi
   1.00 -109.34 127.02
   2.00 -150.21 140.37
   3.00 -49.85 179.72
   4.00 -50.42 132.39
   5.00 -167.33 -19.86
   6.00 -54.27 154.10
   7.00 -81.49 -26.70
   8.00 -55.90 -48.83
   9.00 -76.21 -45.47
  10.00 -73.85 -24.21
  11.00 -66.23 -55.63
  12.00 -56.48 -20.15
  13.00 -69.58 -30.63
  14.00 -73.80 -13.78
  15.00 -85.88 -39.49
  16.00 -68.08  -7.11
  17.00 -67.22 -18.34
  18.00 -72.26 -37.52
  19.00  74.69   2.75
  20.00 -73.07  -0.19
  21.00 -64.51 143.51
  22.00 -57.91 124.49
  23.00 -53.96 -23.67
  24.00 -85.55 -26.53
  25.00 -80.91 -27.50
  26.00 -54.24 -28.12
  27.00 -84.62 -45.32
  28.00 -75.71 -20.90
  29.00 -100.28 -22.45
  30.00  91.75 -30.58
  31.00 -148.41 -167.05
  32.00 -139.20 162.46
  33.00 -57.96 150.50
  34.00 -79.91 135.97
  35.00 -59.27 149.51
  36.00  89.79 147.02
  37.00 -137.84 179.93
  38.00 -127.30   2.01
  39.00 -57.82 129.27
  40.00 -67.22 125.21
  41.00 -73.13 155.68
  42.00 -73.04 -11.39
  43.00 -61.72 -38.09
  44.00 -64.88 -31.68
  45.00 -82.34 -15.24


