 residuo Phi Psi
   1.00 -82.33 126.71
   2.00 -151.76 158.45
   3.00 -54.76 155.56
   4.00 -56.61 135.29
   5.00 -169.00 -16.64
   6.00 -58.90 172.88
   7.00 -77.86 -35.23
   8.00 -46.65 -59.10
   9.00 -58.29 -37.43
  10.00 -51.34 -59.99
  11.00 -73.98 -42.63
  12.00 -69.29 -43.54
  13.00 -60.80 -32.81
  14.00 -79.50 -33.82
  15.00 -69.71 -38.02
  16.00 -76.58  -3.85
  17.00 -49.69 -22.24
  18.00 -60.70 -37.52
  19.00  83.75 -27.55
  20.00 -61.44   3.32
  21.00 -63.31 152.99
  22.00 -53.53 124.42
  23.00 -59.56 -36.83
  24.00 -67.11 -29.90
  25.00 -53.16 -58.15
  26.00 -58.58 -44.27
  27.00 -64.55 -58.42
  28.00 -68.69 -32.78
  29.00 -68.17 -53.92
  30.00  86.17 -33.52
  31.00 -56.28 104.14
  32.00 -136.88 157.10
  33.00 -78.75 139.28
  34.00 -72.92 130.41
  35.00 -55.55 153.04
  36.00  83.82 159.25
  37.00 -114.92 -143.38
  38.00 -141.33 -58.03
  39.00 -60.32 138.04
  40.00 -71.41 146.88
  41.00 -51.58 156.29
  42.00 -73.53 -18.52
  43.00 -85.83 -19.66
  44.00 -108.69   4.86
  45.00 -109.68 128.61


