 residuo Phi Psi
   1.00 -96.98 -55.61
   2.00 -90.78  71.39
   3.00 -66.10 -30.88
   4.00 -96.90 -32.69
   5.00  74.84 164.51
   6.00 -64.81 -138.24
   7.00 -68.16  99.84
   8.00  63.57 135.71
   9.00 -40.19  19.55
  10.00 -89.47 126.15
  11.00 -106.11 -23.95
  12.00 -65.93 170.55
  13.00 -69.41   2.82
  14.00 -91.12  81.43
  15.00 -81.65 132.60
  16.00 -82.72 -15.97
  17.00 -85.42  35.78
  18.00 -56.18 -37.93
  19.00  70.24 145.72
  20.00  71.21  -3.49
  21.00 -66.81 141.33
  22.00 -144.47 152.57
  23.00 -80.49 -47.32
  24.00 -89.15  -9.31
  25.00 -84.61 115.26
  26.00 -68.88 -22.22
  27.00 -85.17 -24.47
  28.00 -170.02  -9.91
  29.00 -58.42 -48.33
  30.00  79.13 -41.85
  31.00 -73.58 175.15
  32.00 -132.84 100.26
  33.00 -89.74 150.69
  34.00 -76.66 153.16
  35.00 -72.66 113.80
  36.00  91.10 -40.49
  37.00 -86.57 148.88
  38.00 -105.79 125.11
  39.00 -49.31 -21.80
  40.00 -83.01 -47.93
  41.00  73.85 -11.15
  42.00 -73.46 -168.66
  43.00 -61.05  15.76
  44.00 -100.00 131.74
  45.00 -92.16 156.71


