 residuo Phi Psi
   1.00 -109.62 151.27
   2.00 -159.56 154.41
   3.00 -77.66 175.36
   4.00 -74.92 132.86
   5.00 -156.19 -14.89
   6.00 -57.74 173.08
   7.00 -72.64 -28.02
   8.00 -69.19 -40.10
   9.00 -60.58 -46.14
  10.00 -79.17 -28.51
  11.00 -58.04 -44.73
  12.00 -59.51 -38.81
  13.00 -77.43 -29.22
  14.00 -61.03 -30.52
  15.00 -69.17 -34.27
  16.00 -85.46  -7.94
  17.00 -68.83 -10.39
  18.00 -66.08 -29.66
  19.00  54.05  -4.89
  20.00 -67.16   7.74
  21.00 -52.05 161.81
  22.00 -64.12 138.47
  23.00 -56.88 -34.29
  24.00 -64.21 -27.09
  25.00 -83.37 -41.17
  26.00 -58.08 -36.38
  27.00 -76.29 -46.90
  28.00 -92.88 -16.69
  29.00 -80.81 -28.55
  30.00  78.08 -40.21
  31.00 -70.80 130.44
  32.00 -98.72 138.60
  33.00 -67.27 138.30
  34.00 -72.92 128.75
  35.00 -62.22 145.14
  36.00 106.32 171.10
  37.00 -44.94 142.01
  38.00 -152.82 -37.18
  39.00 -43.31 153.68
  40.00 -72.39 119.87
  41.00 -62.80 149.70
  42.00 -55.81 -27.46
  43.00 -103.89  -8.33
  44.00 -76.49 -13.86
  45.00 -81.21 -13.36


