 residuo Phi Psi
   1.00 -118.71 131.86
   2.00 -151.62 150.52
   3.00 -97.40 167.61
   4.00 -69.64 145.40
   5.00 -152.04 -22.05
   6.00 -46.57 154.09
   7.00 -66.11 -49.59
   8.00 -60.94 -42.21
   9.00 -63.35 -38.57
  10.00 -56.31 -53.18
  11.00 -60.85 -36.96
  12.00 -83.41 -31.28
  13.00 -67.48 -34.86
  14.00 -69.68 -19.59
  15.00 -68.76 -35.61
  16.00 -77.56 -25.20
  17.00 -59.95  -9.49
  18.00 -66.83 -32.15
  19.00  97.11 -11.15
  20.00 -67.07   0.26
  21.00 -58.92 152.48
  22.00 -72.68 145.68
  23.00 -55.26 -29.51
  24.00 -86.03 -40.74
  25.00 -50.36 -48.13
  26.00 -73.52 -43.61
  27.00 -63.73 -59.12
  28.00 -89.43 -10.01
  29.00 -73.50 -25.26
  30.00  89.28 -13.12
  31.00 -58.10  27.47
  32.00 -74.74 141.40
  33.00 -74.96 145.33
  34.00 -49.74 132.15
  35.00 -58.07 152.77
  36.00  64.26 115.38
  37.00 -145.32 -110.12
  38.00 -69.07 -49.37
  39.00 -51.29 126.03
  40.00 -70.88 126.74
  41.00 -70.88 129.01
  42.00 -79.10 -55.14
  43.00 -57.93 -13.50
  44.00 -156.60 111.15
  45.00 -92.64  33.19


