 residuo Phi Psi
   1.00 -130.13 130.45
   2.00 -166.03 158.87
   3.00 -50.62 172.77
   4.00 -59.14 144.05
   5.00 -173.51 -35.97
   6.00 -60.12 171.93
   7.00 -61.15 -33.68
   8.00 -67.16 -51.35
   9.00 -58.21 -37.79
  10.00 -71.05 -42.11
  11.00 -70.31 -41.29
  12.00 -75.88 -31.22
  13.00 -73.12 -30.35
  14.00 -66.94 -36.63
  15.00 -54.72 -39.61
  16.00 -65.74 -24.47
  17.00 -65.83 -22.11
  18.00 -64.67 -31.66
  19.00  73.90 -21.04
  20.00 -54.24  29.86
  21.00 -61.23 165.28
  22.00 -51.90 111.82
  23.00 -55.53 -39.83
  24.00 -63.54 -39.91
  25.00 -77.77 -37.01
  26.00 -63.55 -34.66
  27.00 -68.17 -48.98
  28.00 -64.46 -33.15
  29.00 -72.48 -51.37
  30.00  56.58 -23.01
  31.00 -145.51 -157.10
  32.00 -118.59 163.09
  33.00 -66.88 141.00
  34.00 -87.02 136.67
  35.00 -66.28 141.47
  36.00  93.12 150.26
  37.00 -72.19 157.78
  38.00 -113.56 -33.78
  39.00 -71.00 139.62
  40.00 -53.90 118.91
  41.00 -59.56 -177.47
  42.00 -93.34 -15.57
  43.00 -137.53  -1.84
  44.00 -77.30  20.99
  45.00 -167.23 -12.65


