 residuo Phi Psi
   1.00 -114.95 146.13
   2.00 -156.75 146.87
   3.00 -51.66 145.03
   4.00 -53.32 151.44
   5.00 -152.91 -40.05
   6.00 -59.68 159.94
   7.00 -51.89 -33.58
   8.00 -69.59 -52.52
   9.00 -70.52 -28.66
  10.00 -65.70 -41.62
  11.00 -56.78 -54.86
  12.00 -65.06 -32.36
  13.00 -67.64 -44.89
  14.00 -58.72 -19.63
  15.00 -90.88 -30.57
  16.00 -95.22  10.96
  17.00 -62.50 -18.98
  18.00 -64.79 -35.19
  19.00  83.09 -17.94
  20.00 -59.48   3.97
  21.00 -67.77 155.44
  22.00 -71.16 134.05
  23.00 -64.86 -18.42
  24.00 -60.31 -29.09
  25.00 -91.62 -43.71
  26.00 -54.08 -24.49
  27.00 -75.70 -44.79
  28.00 -69.36 -34.34
  29.00 -86.86 -41.36
  30.00  86.11 -48.78
  31.00 -73.46 122.82
  32.00 -104.56 123.43
  33.00 -73.51 131.85
  34.00 -83.76 137.11
  35.00 -66.19 165.37
  36.00  79.43 174.87
  37.00 -67.65 167.50
  38.00 -148.16 -34.50
  39.00 -80.55 165.47
  40.00 -62.98 138.20
  41.00 -54.38 150.76
  42.00 -67.46 -28.02
  43.00 -74.42 -20.33
  44.00 -77.90  36.45
  45.00 -133.99 -13.33


