 residuo Phi Psi
   1.00 -130.20 128.84
   2.00 -160.05 154.12
   3.00 -77.53 -154.60
   4.00 -60.83 158.78
   5.00 -161.94 -28.53
   6.00 -58.45 167.36
   7.00 -54.42 -41.78
   8.00 -61.04 -42.05
   9.00 -59.20 -43.07
  10.00 -70.63 -40.49
  11.00 -81.02 -16.95
  12.00 -59.85 -41.43
  13.00 -60.00 -30.36
  14.00 -79.53 -24.72
  15.00 -61.05 -41.19
  16.00 -76.74 -11.01
  17.00 -55.87 -22.40
  18.00 -74.63 -37.22
  19.00  71.84  -8.73
  20.00 -66.67  10.91
  21.00 -49.09 156.58
  22.00 -62.38 122.80
  23.00 -72.15 -25.09
  24.00 -62.08 -32.43
  25.00 -42.60 -60.75
  26.00 -63.83 -51.43
  27.00 -76.89 -49.75
  28.00 -60.54 -30.51
  29.00 -79.84 -39.84
  30.00  59.68 -35.72
  31.00 -129.55 -170.79
  32.00 -107.72 146.08
  33.00 -69.76 148.17
  34.00 -64.02 116.53
  35.00 -72.67 168.19
  36.00  96.07 153.87
  37.00 -78.43 166.37
  38.00 -136.11 -31.86
  39.00 -67.82 143.86
  40.00 -62.23 138.60
  41.00 -52.69 155.56
  42.00 -79.55 -25.23
  43.00 -114.96  -9.06
  44.00 -112.92  -5.37
  45.00 -160.26  -2.14


