 residuo Phi Psi
   1.00 -71.50 106.84
   2.00 -161.90 157.62
   3.00 -84.20 176.72
   4.00 -78.04 121.44
   5.00 -152.97 -26.93
   6.00 -68.67 174.48
   7.00 -64.69 -46.02
   8.00 -49.38 -51.40
   9.00 -53.16 -46.10
  10.00 -52.38 -60.03
  11.00 -73.75 -38.93
  12.00 -72.66 -32.26
  13.00 -55.25 -48.19
  14.00 -67.28 -42.19
  15.00 -67.68 -33.37
  16.00 -89.61   6.08
  17.00 -65.09 -10.97
  18.00 -65.60 -29.32
  19.00  90.82 -18.99
  20.00 -62.68 -18.99
  21.00 -74.78 154.93
  22.00 -48.55 141.63
  23.00 -54.91 -38.35
  24.00 -70.42 -20.42
  25.00 -84.33 -47.45
  26.00 -70.39 -42.66
  27.00 -131.84   7.67
  28.00 -151.60  20.43
  29.00 -68.23 -14.55
  30.00  61.97 -24.49
  31.00 -47.50  66.03
  32.00 -80.08 135.58
  33.00 -71.41 135.54
  34.00 -71.26 154.18
  35.00 -62.81 147.40
  36.00  65.47 152.36
  37.00 -116.42 -149.43
  38.00 -70.20 -44.90
  39.00 -47.70 155.91
  40.00 -80.08 129.48
  41.00 -123.29 154.58
  42.00 -77.20 -37.46
  43.00 -60.77  -6.00
  44.00 -158.25 127.22
  45.00 -112.40   4.58


