 residuo Phi Psi
   1.00 -99.23 142.97
   2.00 -150.60 150.26
   3.00 -58.02 178.44
   4.00 -68.55 124.33
   5.00 -163.73 -10.89
   6.00 -56.09 160.50
   7.00 -65.73 -35.83
   8.00 -54.29 -47.36
   9.00 -53.05 -48.09
  10.00 -80.36 -40.43
  11.00 -67.63 -41.98
  12.00 -68.34 -25.12
  13.00 -54.03 -42.32
  14.00 -60.38 -35.33
  15.00 -55.85 -51.60
  16.00 -78.05  -0.79
  17.00 -58.55 -18.11
  18.00 -57.55 -37.17
  19.00  73.50 -18.22
  20.00 -74.85   4.57
  21.00 -80.02 157.66
  22.00 -72.48 136.58
  23.00 -51.67 -20.72
  24.00 -66.15 -28.64
  25.00 -66.97 -57.95
  26.00 -79.67 -25.28
  27.00 -74.10 -38.29
  28.00 -74.20 -38.70
  29.00 -72.67 -39.83
  30.00  61.40 -35.55
  31.00 -95.03 143.86
  32.00 -128.30 167.99
  33.00 -54.67 145.16
  34.00 -79.51 123.22
  35.00 -46.83 138.67
  36.00 101.19 154.08
  37.00 -77.21 147.16
  38.00 -141.47 -10.68
  39.00 -53.23 142.74
  40.00 -72.25 125.79
  41.00 -65.29 165.80
  42.00 -78.49  -2.50
  43.00 -125.70  -2.36
  44.00 -66.23  14.09
  45.00 -141.39 -26.28


