 residuo Phi Psi
   1.00 -114.78 131.61
   2.00 -154.41 158.10
   3.00 -43.45 174.52
   4.00 -63.73 147.96
   5.00 -156.16 -28.89
   6.00 -75.01 169.01
   7.00 -75.42 -19.34
   8.00 -48.95 -44.55
   9.00 -54.18 -66.93
  10.00 -85.87 -25.57
  11.00 -105.28 -18.18
  12.00 -54.37  15.07
  13.00 -55.39 -22.43
  14.00 -76.40 -39.44
  15.00 -69.95 -27.68
  16.00 -75.96 -36.53
  17.00 -72.15  -4.79
  18.00 -55.01 -44.55
  19.00  77.64 -30.39
  20.00 -68.83   7.77
  21.00 -59.44 171.81
  22.00 -73.29 145.16
  23.00 -56.83 -28.70
  24.00 -70.65 -28.57
  25.00 -51.78 -53.29
  26.00 -49.33 -56.97
  27.00 -69.00 -43.91
  28.00 -67.47 -43.55
  29.00 -89.08 -34.76
  30.00  74.30 -36.40
  31.00 -123.35 177.86
  32.00 -124.36 153.61
  33.00 -63.36 153.40
  34.00 -78.84 134.39
  35.00 -58.05 168.86
  36.00  68.97 149.94
  37.00 -126.30 -151.23
  38.00 -147.39   6.58
  39.00 -68.15 148.69
  40.00 -67.33 116.49
  41.00 -51.57 145.41
  42.00 -72.28 -40.10
  43.00 -95.06 -25.48
  44.00 -102.81 -10.70
  45.00 -104.76 -32.58


