 residuo Phi Psi
   1.00 -104.52 140.60
   2.00 -166.33 161.81
   3.00 -72.30 170.34
   4.00 -78.93 134.84
   5.00 -165.66  -4.28
   6.00 -57.23 171.23
   7.00 -77.32 -18.56
   8.00 -60.03 -47.48
   9.00 -53.69 -46.19
  10.00 -50.50 -57.24
  11.00 -48.69 -55.12
  12.00 -72.01 -47.44
  13.00 -65.58 -32.60
  14.00 -74.25 -34.70
  15.00 -71.51 -29.95
  16.00 -84.03  -9.47
  17.00 -49.16 -15.80
  18.00 -67.17 -43.76
  19.00  81.03 -25.17
  20.00 -71.70  23.61
  21.00 -57.45 164.69
  22.00 -67.69 126.81
  23.00 -75.17 -28.22
  24.00 -54.31 -32.38
  25.00 -61.38 -56.33
  26.00 -49.24 -47.19
  27.00 -43.14 -70.27
  28.00 -73.89 -39.98
  29.00 -59.84 -51.46
  30.00  66.18 -30.89
  31.00 -50.84  80.59
  32.00 -81.92 141.97
  33.00 -70.98 116.19
  34.00 -81.92 126.02
  35.00 -66.06 157.23
  36.00  70.55 159.10
  37.00 -67.58 175.65
  38.00 -142.30 -20.46
  39.00 -40.62 148.97
  40.00 -78.97 117.47
  41.00 -61.23 133.03
  42.00 -62.48 -12.62
  43.00 -80.56 -31.01
  44.00 -65.31   9.58
  45.00 -125.96 -13.80


