 residuo Phi Psi
   1.00 -114.14 125.48
   2.00 -167.34 134.77
   3.00 -56.35 160.01
   4.00 -72.51 123.80
   5.00 -141.98 -22.06
   6.00 -71.22 172.73
   7.00 -74.01 -21.82
   8.00 -58.79 -39.27
   9.00 -57.65 -45.97
  10.00 -90.19 -29.99
  11.00 -49.50 -53.83
  12.00 -63.86 -42.10
  13.00 -61.34 -33.04
  14.00 -66.87 -41.18
  15.00 -65.54 -35.02
  16.00 -73.87 -13.05
  17.00 -64.83  -8.22
  18.00 -58.80 -51.71
  19.00  75.12 -14.26
  20.00 -107.87  34.32
  21.00 -59.66 171.40
  22.00 -70.51 120.80
  23.00 -68.75 -48.40
  24.00 -66.39 -19.98
  25.00 -73.34 -37.70
  26.00 -69.26 -31.67
  27.00 -95.72 -26.51
  28.00 -62.14 -27.10
  29.00 -79.29 -52.00
  30.00  73.89 -32.18
  31.00 -62.40 121.98
  32.00 -132.27 153.86
  33.00 -77.24 137.04
  34.00 -68.64 147.87
  35.00 -76.02 149.66
  36.00  80.21 152.17
  37.00 -127.16 -156.56
  38.00 -79.60 -15.34
  39.00 -66.23 146.50
  40.00 -77.04 130.04
  41.00 -57.82  97.50
  42.00 -70.06 -20.55
  43.00 -71.52 -34.39
  44.00 -92.62  70.55
  45.00 -131.73  -4.46


