 residuo Phi Psi
   1.00 -121.05 121.78
   2.00 -153.89 157.36
   3.00 -44.23 165.90
   4.00 -57.00 141.28
   5.00 -162.54 -43.76
   6.00 -51.39 -177.06
   7.00 -65.08 -46.88
   8.00 -60.81 -41.82
   9.00 -58.25 -52.56
  10.00 -58.32 -43.92
  11.00 -65.73 -54.47
  12.00 -78.67 -20.89
  13.00 -65.36 -39.04
  14.00 -75.88 -35.05
  15.00 -71.79 -30.00
  16.00 -74.41   3.65
  17.00 -67.99 -24.13
  18.00 -67.67 -14.76
  19.00  90.98 -15.30
  20.00 -65.48 -11.70
  21.00 -54.78 155.41
  22.00 -76.18 128.82
  23.00 -63.13 -37.00
  24.00 -58.78 -13.62
  25.00 -58.00 -68.96
  26.00 -63.66 -35.14
  27.00 -69.51 -54.00
  28.00 -75.32 -14.13
  29.00 -80.70 -44.21
  30.00  80.75 -52.34
  31.00 -73.17 130.83
  32.00 -138.54 178.51
  33.00 -46.22 129.29
  34.00 -82.55 134.11
  35.00 -61.57 163.77
  36.00  87.51 145.07
  37.00 -91.96 -165.17
  38.00 -147.43 -34.13
  39.00 -65.12 144.46
  40.00 -78.48 131.55
  41.00 -54.69 169.76
  42.00 -53.48 -29.10
  43.00 -113.60 -29.36
  44.00 -54.08 -52.25
  45.00 -87.14 -41.80


