 residuo Phi Psi
   1.00 -103.59 113.12
   2.00 -166.40 150.40
   3.00 -63.88 144.53
   4.00 -60.40 148.31
   5.00 -151.14 -28.31
   6.00 -46.22 170.67
   7.00 -73.26 -35.35
   8.00 -74.49 -44.32
   9.00 -68.27 -22.12
  10.00 -77.27 -43.87
  11.00 -61.66 -31.45
  12.00 -62.92 -32.48
  13.00 -69.88 -37.43
  14.00 -74.46 -21.14
  15.00 -66.06 -39.92
  16.00 -82.57 -14.65
  17.00 -51.42 -27.51
  18.00 -63.19 -36.26
  19.00  94.25 -40.03
  20.00 -61.96  22.98
  21.00 -68.90 171.98
  22.00 -64.15 126.20
  23.00 -74.34 -25.31
  24.00 -69.17 -31.11
  25.00 -57.68 -44.11
  26.00 -70.77 -41.37
  27.00 -81.38 -33.44
  28.00 -78.38 -28.05
  29.00 -69.34 -53.21
  30.00  66.30 -23.37
  31.00 -74.77 123.66
  32.00 -103.72 123.16
  33.00 -71.49 137.13
  34.00 -81.04 142.35
  35.00 -67.64 159.62
  36.00 113.07 144.63
  37.00 -77.64 152.08
  38.00 -136.13 -23.75
  39.00 -60.52 148.89
  40.00 -41.64 136.65
  41.00 -58.33 152.71
  42.00 -52.06 -24.67
  43.00 -89.61 -33.47
  44.00 -52.77  -3.94
  45.00 -121.56 -22.75


