 residuo Phi Psi
   1.00 -107.01 129.01
   2.00 -156.58 151.10
   3.00 -50.28 -176.84
   4.00 -57.53 151.44
   5.00 -156.64 -36.35
   6.00 -53.92 166.65
   7.00 -69.86 -38.17
   8.00 -57.81 -46.03
   9.00 -68.37 -46.62
  10.00 -57.67 -43.32
  11.00 -111.17 -35.93
  12.00 -54.54   8.56
  13.00 -63.52 -23.78
  14.00 -66.53 -25.93
  15.00 -71.79 -43.22
  16.00 -88.51 -21.53
  17.00 -60.99 -14.87
  18.00 -63.68 -34.32
  19.00  89.01 -34.20
  20.00 -48.32 -12.05
  21.00 -63.06 160.14
  22.00 -73.62 122.61
  23.00 -65.27 -20.93
  24.00 -71.46 -32.61
  25.00 -57.65 -47.63
  26.00 -71.29 -42.52
  27.00 -84.21 -43.06
  28.00 -62.89 -35.61
  29.00 -71.22 -60.19
  30.00  77.93 -29.88
  31.00 -132.67 -150.37
  32.00 -133.87 167.20
  33.00 -62.76 147.05
  34.00 -69.81 134.46
  35.00 -69.17 144.50
  36.00  74.41 158.92
  37.00 -86.22 160.68
  38.00 -77.60 -37.88
  39.00 -76.88 151.54
  40.00 -68.57 123.63
  41.00 -56.10 148.79
  42.00 -58.37 -22.53
  43.00 -121.54 -24.45
  44.00 -69.86 -31.40
  45.00 -107.51 -37.02


