 residuo Phi Psi
   1.00 -135.87 139.39
   2.00 -140.67 138.36
   3.00 -121.85 159.99
   4.00 -84.53 129.02
   5.00 -150.14   5.15
   6.00 -58.18 144.55
   7.00 -69.76 -28.00
   8.00 -67.20 -46.23
   9.00 -59.65 -45.07
  10.00 -66.32 -40.46
  11.00 -53.48 -51.01
  12.00 -53.76 -65.57
  13.00 -72.71 -43.34
  14.00 -74.27 -17.46
  15.00 -57.71 -52.06
  16.00 -79.45 -28.29
  17.00 -57.32  -2.56
  18.00 -77.28 -37.50
  19.00  70.31   8.51
  20.00 -68.85  23.04
  21.00 -64.34 152.61
  22.00 -67.63 130.17
  23.00 -47.61 -55.44
  24.00 -55.82 -54.95
  25.00 -69.37 -44.41
  26.00 -73.64 -27.41
  27.00 -44.10 -11.12
  28.00 -61.25 -45.73
  29.00 -91.56 -35.31
  30.00  83.53 -42.16
  31.00 -70.64   4.98
  32.00 -77.50 172.62
  33.00 -116.63 139.87
  34.00 -149.36 119.19
  35.00 -83.38 154.74
  36.00 -71.83 -23.77
  37.00 -77.39 144.27
  38.00 -126.31   3.35
  39.00 -49.94 129.71
  40.00 -60.75 138.31
  41.00 -48.58 166.36
  42.00 -94.53 -42.65
  43.00 -117.07   9.06
  44.00 -149.91 116.06
  45.00 -118.69  21.88


