 residuo Phi Psi
   1.00 -74.29 138.35
   2.00 -156.19 145.42
   3.00 -62.33 133.76
   4.00 -68.70 142.46
   5.00 -143.55 -35.09
   6.00 -71.07 176.88
   7.00 -71.95 -37.39
   8.00 -73.27 -41.85
   9.00 -57.83 -40.73
  10.00 -99.26 -24.38
  11.00 -83.09   7.56
  12.00 -52.85 -91.90
  13.00 -77.88 -41.85
  14.00 -84.37 -23.83
  15.00 -77.77 -16.96
  16.00 -76.04 -31.75
  17.00 -33.03 -22.09
  18.00 -62.07 -51.06
  19.00  97.85 -16.43
  20.00 -65.94   0.39
  21.00 -70.67 154.75
  22.00 -92.88 -179.02
  23.00 -57.36 -45.17
  24.00 -75.12 -47.02
  25.00 -59.89 -37.35
  26.00 -48.31 -65.80
  27.00 -73.25 -36.51
  28.00 -78.51 -31.57
  29.00 -79.94 -41.89
  30.00  68.81 -36.18
  31.00 -55.80  36.34
  32.00 -63.33 134.45
  33.00 -109.60 166.01
  34.00 -79.83 129.20
  35.00 -66.38 134.57
  36.00  73.71 119.30
  37.00 -153.07 -119.24
  38.00 -121.50  10.95
  39.00 -50.25 136.98
  40.00 -61.95 115.60
  41.00 -67.25 179.29
  42.00 -137.28 -16.54
  43.00 -82.86  28.99
  44.00 -145.38 111.97
  45.00 -77.67   3.58


