 residuo Phi Psi
   1.00 -84.77 121.74
   2.00 -138.32 141.43
   3.00 -60.82 138.99
   4.00 -69.34 126.84
   5.00 -155.80 -10.88
   6.00 -69.99 -178.55
   7.00 -65.84 -37.68
   8.00 -63.71 -41.61
   9.00 -65.43 -37.08
  10.00 -65.35 -28.19
  11.00 -91.77 -16.10
  12.00 -61.31 -94.22
  13.00 -70.28 -40.50
  14.00 -95.46 -12.71
  15.00 -55.80 -51.65
  16.00 -68.18 -36.29
  17.00 -50.83 -15.50
  18.00 -81.06 -34.72
  19.00  85.00  10.15
  20.00 -83.03  14.47
  21.00 -56.92 153.29
  22.00 -71.16 139.66
  23.00 -52.23 -54.57
  24.00 -68.46 -48.56
  25.00 -64.46 -38.99
  26.00 -94.49 -26.32
  27.00 -67.15 -33.10
  28.00 -70.22 -34.74
  29.00 -73.17 -38.18
  30.00  68.70 -35.80
  31.00 -47.28  24.37
  32.00 -80.79 149.56
  33.00 -76.93 147.70
  34.00 -68.55 116.78
  35.00 -57.98 136.81
  36.00  68.14 113.45
  37.00 -139.75 -100.64
  38.00 -135.18  23.38
  39.00 -58.05 136.63
  40.00 -66.83 147.54
  41.00 -60.84 161.98
  42.00 -122.79 -19.11
  43.00 -84.05  11.72
  44.00 -139.39 122.15
  45.00 -95.84  11.09


