 residuo Phi Psi
   1.00 -132.64 -33.87
   2.00 -74.78  59.69
   3.00 -66.10 -24.56
   4.00 -67.68 -47.86
   5.00  64.80 174.60
   6.00 -72.33 -126.92
   7.00 -49.77  89.65
   8.00  56.06 140.52
   9.00 -47.71  23.30
  10.00 -80.90 122.91
  11.00 -57.60 -10.51
  12.00 -87.53 150.79
  13.00 -70.72 -27.28
  14.00 -114.85 135.10
  15.00 -64.52 143.15
  16.00 -66.24 -26.57
  17.00 -78.18  41.07
  18.00 -66.08 -61.18
  19.00  63.97 140.56
  20.00  82.33   9.07
  21.00 -72.53 142.22
  22.00 -158.00 149.56
  23.00 -73.66 -41.33
  24.00 -79.00 -22.90
  25.00 -98.80 137.60
  26.00 -68.51 -27.16
  27.00 -54.43 -29.33
  28.00 -153.38 -32.18
  29.00 -64.75 -58.14
  30.00  77.86 -47.93
  31.00 -66.52 -170.46
  32.00 -137.08 122.87
  33.00 -82.27 168.00
  34.00 -68.30 153.05
  35.00 -88.69 119.02
  36.00  73.50  -7.96
  37.00 -159.45 -165.08
  38.00 -60.96  44.04
  39.00 -62.47 -20.07
  40.00 -72.90 -33.54
  41.00  62.66 -15.07
  42.00 -79.79 -145.85
  43.00 -46.60   3.56
  44.00 -80.22 146.60
  45.00 -82.03 158.27


