 residuo Phi Psi
   1.00 -116.93 144.33
   2.00 -152.18 140.47
   3.00 -61.61 171.27
   4.00 -54.06 144.88
   5.00 -155.21 -41.18
   6.00 -61.15 164.60
   7.00 -79.91 -25.69
   8.00 -65.69 -43.17
   9.00 -61.72 -28.06
  10.00 -58.01 -53.14
  11.00 -80.48 -36.59
  12.00 -55.11 -30.98
  13.00 -62.28 -44.46
  14.00 -79.18 -28.72
  15.00 -76.62 -37.03
  16.00 -67.52  -6.06
  17.00 -54.33 -27.98
  18.00 -61.76 -50.06
  19.00  84.88 -12.22
  20.00 -71.72   5.59
  21.00 -51.73 159.45
  22.00 -78.64 128.20
  23.00 -76.93 -10.52
  24.00 -52.97 -35.04
  25.00 -75.27 -49.96
  26.00 -66.93 -35.88
  27.00 -72.98 -35.88
  28.00 -140.56  10.91
  29.00 -65.98 -37.35
  30.00 123.09 -107.52
  31.00 -70.53 135.35
  32.00 -133.12 177.80
  33.00 -64.65 140.77
  34.00 -84.04 126.39
  35.00 -75.63 140.17
  36.00  71.42 169.31
  37.00 -76.98 168.05
  38.00 -139.79 -35.19
  39.00 -50.83 135.66
  40.00 -49.18 139.55
  41.00 -78.10 170.11
  42.00 -67.12 -14.05
  43.00 -63.67 -37.11
  44.00 -108.65  -6.27
  45.00 -65.55  -7.38


