 residuo Phi Psi
   1.00 -96.22 140.65
   2.00 -151.82 155.51
   3.00 -59.91 -172.95
   4.00 -63.68 145.03
   5.00 -159.76 -33.94
   6.00 -61.12 161.50
   7.00 -70.61 -23.37
   8.00 -60.89 -45.21
   9.00 -67.55 -43.76
  10.00 -72.20 -25.65
  11.00 -67.15 -36.39
  12.00 -57.99 -44.97
  13.00 -67.35 -39.04
  14.00 -66.68 -32.90
  15.00 -63.26 -45.98
  16.00 -75.13  -5.16
  17.00 -75.81  -4.16
  18.00 -45.52 -46.81
  19.00  97.65 -37.87
  20.00 -87.95  17.29
  21.00 -59.26 167.52
  22.00 -90.84 150.60
  23.00 -64.07 -15.53
  24.00 -66.11 -35.07
  25.00 -72.08 -43.35
  26.00 -72.83 -34.58
  27.00 -80.37 -40.69
  28.00 -78.54 -13.27
  29.00 -63.77 -56.90
  30.00  82.68 -38.49
  31.00 -141.41 -169.05
  32.00 -120.95 152.28
  33.00 -55.85 140.18
  34.00 -80.37 124.43
  35.00 -68.17 164.30
  36.00  84.57 169.01
  37.00 -67.84 158.56
  38.00 -148.45 -23.57
  39.00 -86.01 169.68
  40.00 -65.74 129.44
  41.00 -51.14 176.51
  42.00 -69.01 -42.17
  43.00 -131.38  -5.61
  44.00 -78.83 -18.23
  45.00 -149.67 -42.91


