 residuo Phi Psi
   1.00 -80.41 -36.64
   2.00 -71.54  31.55
   3.00 -80.18  -6.67
   4.00 -78.78 -46.16
   5.00  58.89 168.19
   6.00 -144.98 -49.76
   7.00 -65.01 101.28
   8.00  61.05 125.35
   9.00 -58.80  20.11
  10.00 -99.89 127.09
  11.00 -53.61   3.39
  12.00 -87.26 140.75
  13.00 -82.95 -32.28
  14.00 -64.07  29.36
  15.00 -72.42 133.99
  16.00 -67.55  -2.58
  17.00 -73.56  46.37
  18.00 -68.84 -54.47
  19.00  86.84 121.57
  20.00  71.12  17.58
  21.00 -74.85 140.99
  22.00 -155.86 148.31
  23.00 -88.69 -20.19
  24.00 -139.12  34.32
  25.00 -98.41 110.07
  26.00 -51.36 -39.51
  27.00 -96.99 -13.66
  28.00 -165.31  -4.28
  29.00 -90.07 -40.71
  30.00  72.72 -40.70
  31.00 -85.26 175.77
  32.00 -66.85  67.69
  33.00 -67.61 156.10
  34.00 -93.33 148.68
  35.00 -59.30 121.25
  36.00  79.38 -43.81
  37.00 -90.27 -170.06
  38.00 -80.13  47.55
  39.00 -84.81 -27.26
  40.00 -59.46 -32.87
  41.00 103.84 -35.71
  42.00 -77.27 -168.98
  43.00 -56.57  12.78
  44.00 -104.68 136.20
  45.00 -162.94 156.56


