 residuo Phi Psi
   1.00 -125.79 -49.91
   2.00 -90.02  65.26
   3.00 -69.58 -16.05
   4.00 -76.53 -48.90
   5.00  62.21 167.08
   6.00 -105.31 -106.82
   7.00 -63.58 123.75
   8.00  56.51 128.50
   9.00 -30.87  14.64
  10.00 -71.77 110.78
  11.00 -70.09 -27.19
  12.00 -68.50 151.35
  13.00 -66.60 -22.64
  14.00 -64.76  50.22
  15.00 -63.74 140.12
  16.00 -91.45 -19.34
  17.00 -52.81  14.14
  18.00 -55.98 -54.81
  19.00  66.92 138.99
  20.00  69.02  13.90
  21.00 -64.66 129.18
  22.00 -144.93 155.12
  23.00 -63.24 -13.34
  24.00 -144.64  -6.60
  25.00 -82.54 131.48
  26.00 -52.87 -25.19
  27.00 -87.64 -30.06
  28.00 -146.70 -27.19
  29.00 -91.52 -44.52
  30.00  51.93 -47.40
  31.00 -72.61 -148.14
  32.00 -129.37 148.92
  33.00 -121.53 155.99
  34.00 -99.68 147.86
  35.00 -77.47 124.01
  36.00  68.43 -31.84
  37.00 -86.84 160.72
  38.00 -116.11 132.16
  39.00 -70.84 -29.46
  40.00 -70.03 -34.95
  41.00  68.02  -5.81
  42.00 -59.19 -116.72
  43.00 -73.37 -30.02
  44.00 -84.37 147.94
  45.00 -75.29 152.26


