 residuo Phi Psi
   1.00 -95.85 126.51
   2.00 -151.88 162.37
   3.00 -82.70 166.76
   4.00 -85.05 125.48
   5.00 -127.85 -22.20
   6.00 -61.14 161.73
   7.00 -64.57 -42.28
   8.00 -65.60 -40.63
   9.00 -74.47 -35.12
  10.00 -92.98 -19.73
  11.00 -100.98  -8.97
  12.00 -61.86 -76.17
  13.00 -57.99 -39.50
  14.00 -87.15 -23.71
  15.00 -60.40 -39.61
  16.00 -77.92 -29.90
  17.00 -60.65  -8.91
  18.00 -82.11 -21.50
  19.00  63.46  13.87
  20.00 -70.23  34.03
  21.00 -54.41 147.18
  22.00 -70.84 136.79
  23.00 -51.00 -46.68
  24.00 -86.05 -39.49
  25.00 -74.41 -32.91
  26.00 -69.16 -45.41
  27.00 -71.42 -42.05
  28.00 -69.52 -29.83
  29.00 -78.43 -34.45
  30.00  73.38 -39.76
  31.00 -55.33  46.67
  32.00 -78.12 147.35
  33.00 -70.30 143.52
  34.00 -79.99 115.46
  35.00 -60.17 135.17
  36.00  61.09 112.56
  37.00 -134.94 -99.29
  38.00 -150.91  13.07
  39.00 -53.71 144.77
  40.00 -51.56 152.07
  41.00 -58.83 134.10
  42.00 -93.66 -17.02
  43.00 -71.24   2.27
  44.00 -145.41 145.03
  45.00 -79.83  -3.93


