 residuo Phi Psi
   1.00 -85.11 -35.23
   2.00 -76.52  67.21
   3.00 -80.63 -44.39
   4.00 -63.48 -31.27
   5.00  60.73 157.37
   6.00 -101.76 -93.93
   7.00 -51.03 103.80
   8.00  58.37 137.72
   9.00 -63.07  33.07
  10.00 -134.06 142.68
  11.00 -53.64 -18.73
  12.00 -82.60 140.87
  13.00 -80.74 -15.12
  14.00 -56.97  45.25
  15.00 -80.15 158.16
  16.00 -95.13  14.13
  17.00 -158.99 150.59
  18.00 -65.91 -59.80
  19.00  71.53 150.77
  20.00  63.52  -0.88
  21.00 -73.11 152.64
  22.00 -163.75 132.76
  23.00 -102.94  -8.07
  24.00 -148.47   7.28
  25.00 -95.73 134.59
  26.00 -57.92 -25.91
  27.00 -83.59 -15.31
  28.00 -177.91 -18.17
  29.00 -47.39 -54.95
  30.00  90.34 -38.40
  31.00 -73.44 178.61
  32.00 -70.76  48.14
  33.00 -61.73 163.25
  34.00 -96.44 147.12
  35.00 -82.39 113.06
  36.00  63.24 -34.42
  37.00 -159.90 163.05
  38.00 -47.22 127.02
  39.00 -65.90  -8.30
  40.00 -83.38 -67.26
  41.00 174.39 -30.64
  42.00 -69.32 -162.07
  43.00 -59.45  42.37
  44.00 -90.37 149.27
  45.00 -55.15 145.81


