 residuo Phi Psi
   1.00 -91.23 115.07
   2.00 -172.98 159.66
   3.00 -72.22 162.20
   4.00 -53.73 155.61
   5.00 -172.79 -22.78
   6.00 -57.75 165.12
   7.00 -54.78 -29.80
   8.00 -48.58 -69.78
   9.00 -61.96 -41.87
  10.00 -79.25 -30.36
  11.00 -57.30 -57.85
  12.00 -56.54 -38.38
  13.00 -74.04 -41.96
  14.00 -56.95 -21.65
  15.00 -70.68 -49.65
  16.00 -82.58  -0.31
  17.00 -52.31 -14.74
  18.00 -70.74 -41.47
  19.00  72.91 -12.59
  20.00 -68.35  24.44
  21.00 -70.34 154.18
  22.00 -47.13 100.97
  23.00 -40.08 -37.14
  24.00 -70.89 -38.92
  25.00 -68.50 -43.09
  26.00 -72.75 -34.27
  27.00 -61.46 -42.29
  28.00 -58.33 -33.89
  29.00 -75.61 -55.23
  30.00  74.92 -28.61
  31.00 -87.59 145.92
  32.00 -130.67 153.37
  33.00 -81.81 129.78
  34.00 -69.89 129.05
  35.00 -55.62 158.07
  36.00  74.85 159.93
  37.00 -138.82 -149.44
  38.00 -119.58 -25.58
  39.00 -80.39 157.72
  40.00 -70.31 117.59
  41.00 -52.43 149.70
  42.00 -64.92 -15.40
  43.00 -95.52 -29.24
  44.00 -75.62  11.70
  45.00 -69.28  60.83


