 residuo Phi Psi
   1.00 -123.77 147.44
   2.00 -153.39 160.93
   3.00 -68.11 -173.45
   4.00 -74.44 161.53
   5.00 -163.14 -41.25
   6.00 -52.14 167.81
   7.00 -58.78 -43.05
   8.00 -60.16 -46.42
   9.00 -60.60 -46.47
  10.00 -58.52 -41.00
  11.00 -90.21 -27.42
  12.00 -53.34 -40.54
  13.00 -48.55 -36.05
  14.00 -76.14 -39.98
  15.00 -73.84 -26.30
  16.00 -84.33  -1.13
  17.00 -63.27 -10.17
  18.00 -68.79 -30.62
  19.00  71.41  -9.07
  20.00 -117.65  35.78
  21.00 -60.71 157.99
  22.00 -68.95 139.67
  23.00 -59.55 -35.44
  24.00 -70.37 -25.07
  25.00 -70.15 -49.47
  26.00 -60.31 -26.69
  27.00 -59.42 -62.05
  28.00 -91.02 -13.11
  29.00 -86.18 -40.12
  30.00  70.63 -19.45
  31.00 -132.40 168.26
  32.00 -136.20 178.21
  33.00 -61.46 147.80
  34.00 -82.72 137.16
  35.00 -66.47 153.67
  36.00  77.08 151.90
  37.00 -100.28 -178.59
  38.00 -127.23  -1.54
  39.00 -70.03 139.83
  40.00 -69.58 138.68
  41.00 -69.11 160.16
  42.00 -56.66 -25.07
  43.00 -108.77 -15.96
  44.00 -55.28  10.39
  45.00 -122.83  -9.99


