 residuo Phi Psi
   1.00 -111.23 129.27
   2.00 -169.07 162.40
   3.00 -65.05 179.13
   4.00 -64.53 144.60
   5.00 -159.61 -26.63
   6.00 -64.52 171.50
   7.00 -85.06 -28.14
   8.00 -82.58 -24.94
   9.00 -57.02 -39.72
  10.00 -73.11 -29.85
  11.00 -61.14 -49.60
  12.00 -67.48 -42.17
  13.00 -72.84 -32.64
  14.00 -69.91 -33.09
  15.00 -64.70 -25.90
  16.00 -72.75 -13.48
  17.00 -58.65  -8.08
  18.00 -69.27 -37.15
  19.00  78.28  -9.94
  20.00 -69.28   6.11
  21.00 -58.89 158.29
  22.00 -67.35 125.15
  23.00 -66.71 -25.29
  24.00 -87.31 -12.42
  25.00 -55.35 -54.05
  26.00 -39.41 -36.09
  27.00 -72.98 -81.15
  28.00 -58.58 -21.71
  29.00 -86.23 -41.72
  30.00  83.81 -12.63
  31.00 -89.97 159.42
  32.00 -114.25 133.42
  33.00 -76.28 126.03
  34.00 -61.64 127.73
  35.00 -86.43 136.22
  36.00  75.08 162.53
  37.00 -107.52 -178.15
  38.00 -109.77 -16.75
  39.00 -67.96 -172.52
  40.00 -70.95 116.58
  41.00 -58.48 116.66
  42.00 -114.56 -16.22
  43.00 -76.91   3.44
  44.00 -73.13  39.75
  45.00 -140.26  17.16


