 residuo Phi Psi
   1.00 -123.91 126.76
   2.00 -136.74 136.28
   3.00 -51.26 164.05
   4.00 -68.40 127.79
   5.00 -162.72 -13.57
   6.00 -62.98 154.31
   7.00 -65.33 -31.91
   8.00 -55.30 -45.56
   9.00 -84.30 -34.50
  10.00 -55.65 -44.29
  11.00 -82.74 -32.16
  12.00 -60.34 -37.22
  13.00 -76.28 -33.93
  14.00 -60.80 -31.08
  15.00 -65.23 -51.61
  16.00 -66.74 -17.87
  17.00 -64.77 -12.12
  18.00 -50.49 -40.67
  19.00  70.97 -19.36
  20.00 -69.59   8.44
  21.00 -48.41 166.01
  22.00 -59.36 122.79
  23.00 -59.31 -20.84
  24.00 -73.93 -29.42
  25.00 -78.30 -61.94
  26.00 -58.44 -26.02
  27.00 -94.77 -41.76
  28.00 -55.06 -33.69
  29.00 -89.12 -43.03
  30.00  66.70 -56.02
  31.00 -120.18 159.94
  32.00 -135.98 -161.26
  33.00 -57.33 136.01
  34.00 -71.67 134.13
  35.00 -68.18 157.07
  36.00  64.08 173.11
  37.00 -98.01 176.40
  38.00 -155.58 -27.95
  39.00 -57.97 129.14
  40.00 -59.78 138.16
  41.00 -56.81 169.58
  42.00 -80.81 -38.49
  43.00 -80.59 -14.92
  44.00 -72.13 -42.68
  45.00 -72.31   0.54


