 residuo Phi Psi
   1.00 -95.27 134.29
   2.00 -166.54 149.20
   3.00 -56.28 156.20
   4.00 -60.44 137.42
   5.00 -161.07 -29.44
   6.00 -64.02 154.91
   7.00 -58.35 -24.04
   8.00 -61.75 -48.12
   9.00 -62.48 -33.79
  10.00 -76.39 -41.87
  11.00 -65.67 -36.98
  12.00 -63.27 -36.21
  13.00 -62.33 -33.63
  14.00 -81.70 -24.67
  15.00 -67.44 -31.91
  16.00 -81.23 -13.64
  17.00 -56.54 -11.96
  18.00 -86.42 -35.01
  19.00  70.43  -1.72
  20.00 -70.01  22.21
  21.00 -52.53 161.19
  22.00 -86.78 142.08
  23.00 -59.85 -25.82
  24.00 -46.01 -49.29
  25.00 -59.29 -65.06
  26.00 -70.56 -33.73
  27.00 -93.61 -19.89
  28.00 -61.66 -24.81
  29.00 -64.61 -52.86
  30.00  70.07 -41.67
  31.00 -77.37 133.69
  32.00 -107.45 127.25
  33.00 -76.20 138.46
  34.00 -60.88 122.66
  35.00 -64.37 147.36
  36.00  55.90 159.62
  37.00 -76.67 -167.07
  38.00 -142.00 -27.20
  39.00 -62.18 169.37
  40.00 -55.21 118.94
  41.00 -54.96 140.98
  42.00 -65.20 -22.29
  43.00 -107.01 -12.77
  44.00 -80.01 -12.00
  45.00 -92.32 133.33


