 residuo Phi Psi
   1.00 -137.71 135.33
   2.00 -138.75 149.19
   3.00 -54.58 139.59
   4.00 -54.39 156.40
   5.00 -161.25 -37.02
   6.00 -58.47 -177.81
   7.00 -56.46 -43.10
   8.00 -63.61 -46.64
   9.00 -63.12 -46.34
  10.00 -92.54 -18.50
  11.00 -54.35 -35.87
  12.00 -40.30 -47.36
  13.00 -67.74 -25.28
  14.00 -80.13 -27.94
  15.00 -58.35 -41.07
  16.00 -92.20   1.30
  17.00 -63.67  -9.57
  18.00 -56.95 -42.53
  19.00  94.33 -43.21
  20.00 -78.52   9.65
  21.00 -52.88 162.79
  22.00 -85.48 142.70
  23.00 -61.05 -13.87
  24.00 -75.38 -27.24
  25.00 -58.97 -57.48
  26.00 -68.04 -28.58
  27.00 -73.30 -50.35
  28.00 -68.46 -29.09
  29.00 -66.46 -61.37
  30.00  69.49 -25.31
  31.00 -84.73 134.86
  32.00 -117.42 170.55
  33.00 -59.95 129.01
  34.00 -72.12 140.05
  35.00 -51.70 148.17
  36.00  86.77 153.67
  37.00 -96.23 163.47
  38.00 -129.20 -10.11
  39.00 -74.95 142.82
  40.00 -50.69 126.13
  41.00 -67.85 164.71
  42.00 -47.06 -30.54
  43.00 -106.81 -29.64
  44.00 -80.59  -0.71
  45.00 -165.41  35.59


