 residuo Phi Psi
   1.00 -101.60 118.64
   2.00 -158.79 165.88
   3.00 -63.09 171.02
   4.00 -34.32 140.08
   5.00 -164.52 -43.02
   6.00 -55.77 172.93
   7.00 -57.80 -34.15
   8.00 -69.12 -48.90
   9.00 -54.63 -37.95
  10.00 -74.51 -46.42
  11.00 -62.08 -37.38
  12.00 -65.10 -26.67
  13.00 -70.62 -20.97
  14.00 -61.75 -40.91
  15.00 -68.76 -35.29
  16.00 -81.08 -10.30
  17.00 -54.73 -20.09
  18.00 -71.87 -37.31
  19.00  65.25  -5.18
  20.00 -79.63  26.22
  21.00 -50.71 165.98
  22.00 -70.67 127.96
  23.00 -52.45 -35.78
  24.00 -92.34 -16.36
  25.00 -74.72 -30.75
  26.00 -68.19 -46.58
  27.00 -88.36 -20.39
  28.00 -82.51 -16.87
  29.00 -70.92 -56.78
  30.00  76.62 -73.74
  31.00 -68.16 148.33
  32.00 -135.13 167.74
  33.00 -55.68 148.60
  34.00 -80.74 126.85
  35.00 -70.02 152.28
  36.00 101.43 157.69
  37.00 -60.30 133.25
  38.00 -119.59 -24.03
  39.00 -49.66 142.06
  40.00 -58.52 126.30
  41.00 -63.47 155.50
  42.00 -63.01 -29.86
  43.00 -77.77 -35.45
  44.00 -120.58   5.34
  45.00 -54.23 -32.78


