 residuo Phi Psi
   1.00 -138.61 -41.08
   2.00 -119.97  92.37
   3.00 -81.55 -10.98
   4.00 -95.25 -36.04
   5.00  66.12 -179.75
   6.00 -92.22 -108.92
   7.00 -46.19 106.90
   8.00  59.81 118.71
   9.00 -49.25  27.74
  10.00 -89.06 121.22
  11.00 -51.31 -12.26
  12.00 -69.97 155.48
  13.00 -86.94 -23.40
  14.00 -129.13 132.64
  15.00 -59.24 136.16
  16.00 -87.71 -30.13
  17.00 -79.41  48.74
  18.00 -56.55 -62.86
  19.00  75.22 145.49
  20.00  77.25  -1.58
  21.00 -77.02 153.29
  22.00 -150.94 156.03
  23.00 -55.09 -42.21
  24.00 -61.10 -47.93
  25.00 -92.59 124.34
  26.00 -58.22 -27.70
  27.00 -90.59 -21.48
  28.00 -150.24 -21.22
  29.00 -69.56 -39.16
  30.00  84.60 -47.58
  31.00 -63.79 163.95
  32.00 -64.95  49.81
  33.00 -63.08 139.41
  34.00 -92.16 152.97
  35.00 -75.68 127.56
  36.00  73.50   6.31
  37.00 -105.72 165.29
  38.00 -73.76  35.17
  39.00 -65.51 -16.38
  40.00 -50.20 -35.12
  41.00  74.09 -27.63
  42.00 -64.52 -160.60
  43.00 -88.37  20.27
  44.00 -66.08 146.74
  45.00 -75.40 129.53


