 residuo Phi Psi
   1.00 -114.03 134.83
   2.00 -156.41 128.38
   3.00 -76.04 153.74
   4.00 -87.56 151.37
   5.00 -159.38 -23.62
   6.00 -63.41 164.97
   7.00 -73.46 -24.65
   8.00 -50.59 -52.61
   9.00 -60.53 -46.37
  10.00 -72.77 -47.06
  11.00 -70.11 -37.91
  12.00 -60.75 -42.91
  13.00 -77.47 -31.33
  14.00 -73.87 -16.11
  15.00 -78.38 -27.61
  16.00 -84.43  -2.13
  17.00 -65.36 -10.60
  18.00 -80.01 -31.12
  19.00  78.14 -17.55
  20.00 -73.59  14.65
  21.00 -62.95 163.60
  22.00 -62.77 119.66
  23.00 -55.60 -24.36
  24.00 -68.85 -34.61
  25.00 -54.42 -53.02
  26.00 -68.06 -37.56
  27.00 -85.74 -41.48
  28.00 -64.39 -29.04
  29.00 -77.12 -43.55
  30.00  73.60 -34.92
  31.00 -63.64 130.15
  32.00 -89.86 142.23
  33.00 -88.11 137.90
  34.00 -69.31 135.70
  35.00 -78.73 167.47
  36.00  85.32 140.27
  37.00 -117.12 -165.25
  38.00 -127.26  -9.29
  39.00 -60.99 167.20
  40.00 -64.59 127.56
  41.00 -88.51 130.40
  42.00 -66.82 -29.98
  43.00 -81.35  -9.07
  44.00 -160.60 157.50
  45.00 -123.29  20.24


