 residuo Phi Psi
   1.00 -79.19 120.96
   2.00 -159.59 155.57
   3.00 -49.51 -174.85
   4.00 -57.25 140.39
   5.00 -178.31 -32.56
   6.00 -60.05 167.97
   7.00 -62.19 -36.89
   8.00 -60.85 -38.97
   9.00 -62.41 -49.70
  10.00 -78.36 -24.01
  11.00 -73.15 -41.16
  12.00 -69.00 -10.99
  13.00 -79.47 -27.90
  14.00 -60.66 -36.98
  15.00 -76.77 -30.75
  16.00 -83.29   0.65
  17.00 -57.30 -17.48
  18.00 -49.97 -39.19
  19.00  88.97 -36.83
  20.00 -71.02  -2.35
  21.00 -67.58 156.88
  22.00 -65.29 135.85
  23.00 -57.85 -21.98
  24.00 -68.91 -38.85
  25.00 -87.63 -26.48
  26.00 -71.54 -36.78
  27.00 -84.07 -27.39
  28.00 -61.50 -27.98
  29.00 -56.75 -55.12
  30.00  70.83 -62.57
  31.00 -82.26 139.65
  32.00 -139.13 169.20
  33.00 -60.41 148.70
  34.00 -72.78 129.87
  35.00 -67.40 149.87
  36.00  99.41 154.95
  37.00 -100.57 177.22
  38.00 -149.46  -2.79
  39.00 -73.29 123.86
  40.00 -73.96 139.84
  41.00 -65.19 157.49
  42.00 -75.64 -14.30
  43.00 -65.63 -40.53
  44.00 -92.59 -21.73
  45.00 -65.35 -11.63


