 residuo Phi Psi
   1.00 -123.23 135.31
   2.00 -165.44 153.92
   3.00 -67.30 150.28
   4.00 -59.30 139.51
   5.00 -158.04 -16.25
   6.00 -57.81 162.74
   7.00 -74.65 -24.33
   8.00 -64.00 -40.84
   9.00 -44.31 -52.50
  10.00 -71.73 -48.95
  11.00 -69.41 -36.74
  12.00 -60.96 -25.92
  13.00 -64.19 -42.49
  14.00 -51.17 -35.21
  15.00 -82.38 -35.19
  16.00 -90.89   5.39
  17.00 -54.23 -25.05
  18.00 -60.15 -34.68
  19.00  47.30  -4.68
  20.00 -72.47  24.15
  21.00 -70.81 151.35
  22.00 -52.25 134.11
  23.00 -65.98 -29.76
  24.00 -76.32 -21.94
  25.00 -82.03 -26.64
  26.00 -65.09 -21.60
  27.00 -80.40 -50.72
  28.00 -91.47 -14.14
  29.00 -83.94 -39.80
  30.00  78.02 -37.10
  31.00 -91.84 143.32
  32.00 -117.17 149.74
  33.00 -61.30 124.00
  34.00 -86.92 144.89
  35.00 -59.78 151.69
  36.00  74.32 166.47
  37.00 -85.14 -171.37
  38.00 -123.01 -44.72
  39.00 -54.83 144.08
  40.00 -47.51 137.83
  41.00 -54.01 159.95
  42.00 -62.25 -27.18
  43.00 -86.81 -24.27
  44.00 -70.16  -7.18
  45.00 -90.06 -18.31


