 residuo Phi Psi
   1.00 -112.03 121.24
   2.00 -164.63 149.11
   3.00 -71.71 156.30
   4.00 -64.49 104.30
   5.00 -176.04 -13.32
   6.00 -66.87 164.68
   7.00 -78.99 -23.71
   8.00 -55.77 -45.55
   9.00 -60.04 -47.28
  10.00 -67.51 -53.81
  11.00 -61.68 -35.52
  12.00 -70.96 -40.22
  13.00 -81.04 -23.68
  14.00 -74.28 -34.89
  15.00 -95.60  -5.01
  16.00 -86.50   0.09
  17.00 -51.25 -19.70
  18.00 -64.19 -26.63
  19.00  83.79 -17.47
  20.00 -64.66 -13.33
  21.00 -49.73 155.52
  22.00 -72.90 133.87
  23.00 -35.82 -35.00
  24.00 -72.30 -34.64
  25.00 -65.13 -52.23
  26.00 -63.10 -35.07
  27.00 -112.92 -26.58
  28.00 -138.73  20.73
  29.00 -58.62 -27.69
  30.00  81.17 -20.83
  31.00 -48.96  53.86
  32.00 -100.12 161.20
  33.00 -75.19 136.71
  34.00 -75.71 143.10
  35.00 -68.62 135.88
  36.00  80.77 121.13
  37.00 -66.51 160.81
  38.00 -70.89 -23.82
  39.00 -48.33 131.64
  40.00 -64.96 144.44
  41.00 -139.03 145.83
  42.00 -115.92  -7.66
  43.00 -77.78  -5.67
  44.00 -149.61 109.36
  45.00 -48.96 -15.06


