 residuo Phi Psi
   1.00 -109.56 150.90
   2.00 -153.66 142.45
   3.00 -65.24 171.22
   4.00 -70.21 113.43
   5.00 -163.82   7.13
   6.00 -55.21 142.41
   7.00 -83.80 -15.45
   8.00 -61.79 -45.47
   9.00 -60.49 -37.68
  10.00 -74.84 -42.74
  11.00 -54.39 -40.60
  12.00 -68.03 -45.27
  13.00 -65.64 -25.60
  14.00 -83.80 -37.54
  15.00 -69.90 -31.73
  16.00 -82.79  -7.67
  17.00 -57.26 -14.24
  18.00 -61.59 -49.16
  19.00  91.63 -28.48
  20.00 -70.87   3.99
  21.00 -61.60 171.57
  22.00 -61.48 120.94
  23.00 -59.53 -24.66
  24.00 -73.04 -27.54
  25.00 -70.13 -43.63
  26.00 -73.76 -36.64
  27.00 -81.33 -33.31
  28.00 -68.31 -26.92
  29.00 -56.38 -64.97
  30.00  82.03 -37.07
  31.00 -85.81 149.97
  32.00 -126.25 130.79
  33.00 -54.60 120.27
  34.00 -77.97 130.59
  35.00 -72.68 152.86
  36.00  69.55 149.92
  37.00 -112.88 -172.11
  38.00 -145.10   0.91
  39.00 -64.14 172.70
  40.00 -75.73 113.45
  41.00 -68.66 161.46
  42.00 -71.07 -51.03
  43.00 -77.12 -23.95
  44.00 -87.45  22.74
  45.00 -124.66  14.37


