 residuo Phi Psi
   1.00 -110.51 127.76
   2.00 -159.91 157.60
   3.00 -78.02 164.46
   4.00 -77.59 131.03
   5.00 -135.96 -34.58
   6.00 -63.29 157.39
   7.00 -55.03 -37.54
   8.00 -60.75 -60.60
   9.00 -60.22 -42.78
  10.00 -89.88 -22.99
  11.00 -89.14  -6.52
  12.00 -49.79 -90.88
  13.00 -67.90 -57.05
  14.00 -97.93 -15.34
  15.00 -60.80 -41.78
  16.00 -71.03 -24.97
  17.00 -46.96 -24.39
  18.00 -72.01 -39.74
  19.00 109.49  -5.09
  20.00 -66.16   6.93
  21.00 -74.44 159.96
  22.00 -73.39 149.49
  23.00 -72.91 -37.07
  24.00 -63.09 -26.60
  25.00 -65.52 -57.76
  26.00 -86.82 -28.94
  27.00 -73.94 -33.35
  28.00 -49.25 -25.74
  29.00 -100.92 -46.07
  30.00  72.85 -27.54
  31.00 -52.42  22.32
  32.00 -79.40 149.96
  33.00 -71.39 135.96
  34.00 -62.93 110.64
  35.00 -86.06 135.73
  36.00  67.30 146.76
  37.00 -155.83 -98.70
  38.00 -143.37  31.56
  39.00 -56.98 137.52
  40.00 -53.22 153.63
  41.00 -54.84 162.54
  42.00 -105.76 -48.97
  43.00 -55.37   9.65
  44.00 -152.88 147.30
  45.00 -112.74  20.02


