 residuo Phi Psi
   1.00 -125.82 134.93
   2.00 -159.75 153.93
   3.00 -78.98 176.48
   4.00 -72.37 147.08
   5.00 -158.25 -23.73
   6.00 -34.45 167.55
   7.00 -74.52 -33.03
   8.00 -62.97 -53.31
   9.00 -55.31 -30.11
  10.00 -60.72 -59.30
  11.00 -55.22 -47.08
  12.00 -62.97 -40.68
  13.00 -57.20 -37.11
  14.00 -68.48 -28.85
  15.00 -67.15 -51.38
  16.00 -80.57   3.70
  17.00 -53.76 -23.71
  18.00 -74.13 -29.00
  19.00  84.09 -23.25
  20.00 -58.81   2.91
  21.00 -44.35 141.50
  22.00 -59.73 125.78
  23.00 -62.70 -25.34
  24.00 -62.52 -41.94
  25.00 -67.37 -46.03
  26.00 -61.43 -47.66
  27.00 -74.96 -45.71
  28.00 -68.53 -31.85
  29.00 -73.66 -47.25
  30.00  79.74 -25.77
  31.00 -53.46 107.98
  32.00 -122.37 136.30
  33.00 -81.07 142.56
  34.00 -66.62 153.49
  35.00 -50.29 160.43
  36.00  88.41 157.77
  37.00 -127.93 -139.65
  38.00 -126.94 -37.43
  39.00 -58.89 161.36
  40.00 -81.61 121.64
  41.00 -61.66 145.70
  42.00 -65.29 -22.57
  43.00 -112.54 -27.29
  44.00 -72.31   1.47
  45.00 -159.40  93.27


