 residuo Phi Psi
   1.00 -136.18 137.41
   2.00 -147.85 142.40
   3.00 -65.62 -174.83
   4.00 -68.34 141.34
   5.00 -173.59  -7.72
   6.00 -58.14 155.90
   7.00 -70.36 -32.18
   8.00 -66.71 -34.49
   9.00 -60.69 -40.29
  10.00 -53.62 -48.76
  11.00 -66.49 -41.20
  12.00 -65.87 -43.11
  13.00 -51.61 -34.95
  14.00 -72.87 -33.31
  15.00 -66.47 -36.91
  16.00 -73.46 -28.66
  17.00 -62.05 -19.24
  18.00 -70.19 -46.36
  19.00  80.29  -6.65
  20.00 -62.46  22.81
  21.00 -53.25 158.45
  22.00 -56.71 109.89
  23.00 -58.61 -41.10
  24.00 -63.97 -24.92
  25.00 -70.17 -49.34
  26.00 -72.21 -36.76
  27.00 -69.71 -41.01
  28.00 -60.50 -37.22
  29.00 -87.97 -40.15
  30.00  74.09 -36.64
  31.00 -71.32 111.38
  32.00 -106.08 146.58
  33.00 -55.76 141.97
  34.00 -88.06 135.93
  35.00 -58.48 156.42
  36.00  83.29 153.95
  37.00 -75.11 155.66
  38.00 -142.39  -8.65
  39.00 -51.71 145.24
  40.00 -63.08 141.57
  41.00 -41.45 149.59
  42.00 -64.34 -31.76
  43.00 -75.61 -50.52
  44.00 -61.19 -25.78
  45.00 -141.38 -24.62


