 residuo Phi Psi
   1.00 -111.68 118.85
   2.00 -149.70 150.29
   3.00 -50.67 -174.68
   4.00 -71.55 139.08
   5.00 -171.67 -15.90
   6.00 -60.44 147.22
   7.00 -69.91 -14.45
   8.00 -53.82 -55.12
   9.00 -60.19 -45.32
  10.00 -60.52 -42.26
  11.00 -102.70 -35.27
  12.00 -65.20  23.65
  13.00 -68.99 -52.30
  14.00 -67.77 -20.28
  15.00 -57.86 -30.27
  16.00 -65.75 -21.01
  17.00 -66.23 -15.93
  18.00 -61.14 -39.85
  19.00  78.47 -14.25
  20.00 -70.91   2.71
  21.00 -62.48 163.37
  22.00 -66.93 128.00
  23.00 -73.16 -22.18
  24.00 -74.71 -19.02
  25.00 -56.41 -43.81
  26.00 -71.04 -41.96
  27.00 -73.31 -43.09
  28.00 -53.74 -38.15
  29.00 -88.29 -44.07
  30.00  54.41 -32.63
  31.00 -147.48 -159.46
  32.00 -126.32 156.83
  33.00 -65.52 142.43
  34.00 -77.15 140.71
  35.00 -61.09 155.36
  36.00  86.38 160.30
  37.00 -146.94 -167.28
  38.00 -134.06  11.93
  39.00 -57.92 145.47
  40.00 -89.89 137.45
  41.00 -59.54 165.22
  42.00 -69.52 -33.80
  43.00 -105.96 -22.03
  44.00 -61.31 -33.25
  45.00 -90.29  -8.40


