 residuo Phi Psi
   1.00 -104.52 130.07
   2.00 -161.36 163.43
   3.00 -57.73 148.87
   4.00 -96.79 140.09
   5.00 -136.25 -18.63
   6.00 -81.85 -178.52
   7.00 -70.84 -29.59
   8.00 -64.23 -50.63
   9.00 -66.80 -44.17
  10.00 -80.90 -25.30
  11.00 -70.98 -32.50
  12.00 -49.59 -98.06
  13.00 -66.39 -52.05
  14.00 -91.87 -20.02
  15.00 -52.91 -38.50
  16.00 -76.40 -35.38
  17.00 -64.37 -11.99
  18.00 -65.29 -37.15
  19.00  72.66   0.63
  20.00 -59.36  15.42
  21.00 -66.57 144.89
  22.00 -90.64 170.19
  23.00 -60.86 -47.63
  24.00 -68.04 -49.93
  25.00 -52.04 -58.19
  26.00 -72.49 -46.92
  27.00 -59.58 -45.20
  28.00 -68.90 -18.06
  29.00 -73.69 -50.45
  30.00  70.35 -38.60
  31.00 -56.01  41.15
  32.00 -60.80 162.52
  33.00 -57.11 141.82
  34.00 -75.93 120.63
  35.00 -61.30 133.42
  36.00  69.11 150.91
  37.00 -127.16 -122.21
  38.00 -148.32  26.32
  39.00 -63.66 127.92
  40.00 -56.72 151.45
  41.00 -74.51 151.25
  42.00 -120.63  -2.33
  43.00 -69.10  10.32
  44.00 -154.43 160.31
  45.00 -85.68 -13.34


