 residuo Phi Psi
   1.00 -138.52 126.26
   2.00 -153.69 151.05
   3.00 -64.25 162.49
   4.00 -82.10 127.04
   5.00 -155.60  -2.85
   6.00 -58.42 143.08
   7.00 -61.90 -32.44
   8.00 -54.46 -61.43
   9.00 -63.20 -34.92
  10.00 -60.04 -57.86
  11.00 -59.76 -33.74
  12.00 -61.58 -57.41
  13.00 -64.01 -51.05
  14.00 -78.31 -39.77
  15.00 -67.55 -32.08
  16.00 -85.71 -18.40
  17.00 -54.66  -3.83
  18.00 -65.20 -44.97
  19.00  71.58  18.39
  20.00 -83.77  35.35
  21.00 -68.81 153.50
  22.00 -62.29 114.01
  23.00 -85.42 -33.81
  24.00 -69.46 -17.13
  25.00 -62.06 -59.68
  26.00 -75.29 -31.47
  27.00 -74.70 -39.10
  28.00 -67.09 -29.60
  29.00 -77.50 -35.79
  30.00  66.77 -34.21
  31.00 -64.61  84.05
  32.00 -101.52 159.83
  33.00 -62.05 141.42
  34.00 -63.85 138.76
  35.00 -59.87 152.77
  36.00  66.25 144.25
  37.00 -90.80 -170.72
  38.00 -155.68   7.15
  39.00 -42.19 148.17
  40.00 -83.44 138.01
  41.00 -73.96 110.80
  42.00 -72.93 -25.66
  43.00 -68.97 -17.21
  44.00 -132.24 114.86
  45.00 -63.05  17.21


