 residuo Phi Psi
   1.00 -137.39 -57.08
   2.00 -81.58  49.70
   3.00 -62.54 -32.89
   4.00 -65.87 -35.95
   5.00  57.53 157.33
   6.00 -87.09 -130.26
   7.00 -61.88 109.88
   8.00  56.40 143.55
   9.00 -51.06  19.54
  10.00 -76.00 121.96
  11.00 -60.97 -28.06
  12.00 -79.80 140.93
  13.00 -73.81 -25.39
  14.00 -62.60  60.38
  15.00 -47.82 149.44
  16.00 -81.88 -25.29
  17.00 -50.75  17.69
  18.00 -60.83 -56.54
  19.00  71.73 136.77
  20.00  67.84  14.98
  21.00 -54.25 126.30
  22.00 -150.47 154.01
  23.00 -56.70 -45.65
  24.00 -107.74 -24.54
  25.00 -94.57 125.46
  26.00 -64.46 -25.70
  27.00 -72.52 -35.93
  28.00 -152.35 -31.78
  29.00 -74.20 -34.50
  30.00  72.85 -41.58
  31.00 -63.62 -145.78
  32.00 -94.67 131.60
  33.00 -147.65 142.66
  34.00 -78.80 121.27
  35.00 -72.32 129.33
  36.00  99.27 -50.34
  37.00 -125.71 170.86
  38.00 -134.69 146.27
  39.00 -58.82 -31.24
  40.00 -88.06 -41.05
  41.00  61.08  -6.37
  42.00 -76.22 -132.60
  43.00 -78.87  -1.50
  44.00 -73.79 149.55
  45.00 -70.29 148.08


