 residuo Phi Psi
   1.00 -132.21 133.98
   2.00 -165.47 140.28
   3.00 -68.59 154.58
   4.00 -82.13 161.31
   5.00 -156.18 -35.72
   6.00 -66.42 169.06
   7.00 -72.49 -19.23
   8.00 -66.42 -36.47
   9.00 -63.82 -39.94
  10.00 -67.39 -34.52
  11.00 -57.73 -58.35
  12.00 -57.23 -30.50
  13.00 -66.18 -47.22
  14.00 -61.15 -26.75
  15.00 -75.42 -36.65
  16.00 -95.39  -3.51
  17.00 -77.95  -9.12
  18.00 -62.73 -20.08
  19.00  87.36 -21.43
  20.00 -56.91 -11.83
  21.00 -60.65 150.08
  22.00 -54.43 123.15
  23.00 -50.85 -39.11
  24.00 -80.07 -24.80
  25.00 -58.24 -62.93
  26.00 -64.28 -42.11
  27.00 -77.00 -40.47
  28.00 -63.88 -43.09
  29.00 -75.41 -34.19
  30.00  62.34 -35.01
  31.00 -55.86 134.45
  32.00 -79.80 139.67
  33.00 -67.41 134.53
  34.00 -74.24 139.65
  35.00 -62.34 138.51
  36.00  82.05 146.04
  37.00 -71.44 170.89
  38.00 -144.71 -22.49
  39.00 -51.30 169.17
  40.00 -65.68 122.21
  41.00 -59.62 137.56
  42.00 -82.06 -42.68
  43.00 -83.59   5.80
  44.00 -148.46 101.63
  45.00 -140.05  18.10


