 residuo Phi Psi
   1.00 -106.18 138.05
   2.00 -149.52 143.06
   3.00 -78.66 -177.41
   4.00 -86.69 143.15
   5.00 -160.08 -12.13
   6.00 -61.48 158.61
   7.00 -73.97 -28.99
   8.00 -69.75 -44.90
   9.00 -73.04 -23.65
  10.00 -98.93 -31.90
  11.00 -71.12 -27.57
  12.00 -55.10 -28.18
  13.00 -71.36 -44.25
  14.00 -56.25 -30.95
  15.00 -58.33 -49.68
  16.00 -91.78  -7.65
  17.00 -39.39 -11.41
  18.00 -86.40 -38.84
  19.00  66.08   5.35
  20.00 -71.64  13.24
  21.00 -59.52 170.59
  22.00 -63.90 121.25
  23.00 -59.80 -47.90
  24.00 -64.54 -18.10
  25.00 -58.31 -63.75
  26.00 -55.03 -37.28
  27.00 -79.84 -46.13
  28.00 -66.77 -33.59
  29.00 -59.48 -45.35
  30.00  93.24 -50.80
  31.00 -78.49 152.53
  32.00 -138.12 151.42
  33.00 -68.65 126.35
  34.00 -71.35 141.55
  35.00 -67.15 120.92
  36.00  61.57 173.01
  37.00 -77.53 165.54
  38.00 -118.88 -24.47
  39.00 -61.17 -179.02
  40.00 -78.89 123.48
  41.00 -61.75 120.50
  42.00 -82.14 -29.01
  43.00 -94.11  -5.54
  44.00 -85.60  61.17
  45.00 -129.78 -32.29


