 residuo Phi Psi
   1.00 -127.45 150.12
   2.00 -170.86 160.13
   3.00 -51.53 164.11
   4.00 -74.11 118.36
   5.00 -166.69   5.37
   6.00 -68.40 169.83
   7.00 -63.22 -32.48
   8.00 -65.57 -47.41
   9.00 -82.00 -25.94
  10.00 -72.04 -44.22
  11.00 -57.89 -52.45
  12.00 -56.75 -33.54
  13.00 -51.12 -40.70
  14.00 -78.74 -45.89
  15.00 -68.56 -32.02
  16.00 -68.55  -7.23
  17.00 -50.51 -38.08
  18.00 -77.57 -33.87
  19.00  75.25  14.93
  20.00 -73.83  12.83
  21.00 -82.67 168.11
  22.00 -85.91 142.10
  23.00 -61.42 -24.59
  24.00 -66.47 -31.27
  25.00 -73.28 -34.29
  26.00 -67.10 -49.04
  27.00 -71.51 -29.19
  28.00 -79.30 -33.35
  29.00 -62.99 -45.21
  30.00  91.99 -61.30
  31.00 -74.11 136.93
  32.00 -126.82 146.68
  33.00 -60.82 114.35
  34.00 -76.35 136.56
  35.00 -57.66 146.07
  36.00  59.68 143.53
  37.00 -122.70 -144.97
  38.00 -133.49   7.38
  39.00 -59.61 147.24
  40.00 -66.61 121.92
  41.00 -75.12 135.64
  42.00 -110.97 -17.17
  43.00 -86.18  13.06
  44.00 -69.75  76.49
  45.00 -118.28 -25.56


