 residuo Phi Psi
   1.00 -104.00 146.05
   2.00 -159.03 154.35
   3.00 -72.63 175.94
   4.00 -71.46 143.60
   5.00 -147.95 -32.61
   6.00 -72.26 163.71
   7.00 -62.82 -24.04
   8.00 -60.24 -50.06
   9.00 -62.05 -38.30
  10.00 -77.62 -45.66
  11.00 -58.35 -36.58
  12.00 -63.14 -41.16
  13.00 -72.18 -39.16
  14.00 -52.18 -28.91
  15.00 -67.57 -43.68
  16.00 -82.58   6.11
  17.00 -53.20 -22.11
  18.00 -48.60 -44.84
  19.00  72.69 -38.73
  20.00 -88.52  26.33
  21.00 -62.28 165.81
  22.00 -57.77 116.55
  23.00 -67.30 -33.46
  24.00 -68.94 -12.04
  25.00 -50.91 -64.02
  26.00 -63.27 -43.53
  27.00 -83.95 -39.90
  28.00 -67.05 -22.51
  29.00 -83.10 -37.00
  30.00  81.88 -35.05
  31.00 -79.13 101.17
  32.00 -100.67 143.19
  33.00 -60.96 120.00
  34.00 -68.16 122.85
  35.00 -58.93 156.62
  36.00  83.68 145.50
  37.00 -89.58 -157.65
  38.00 -118.44 -51.09
  39.00 -55.15 156.27
  40.00 -67.41 116.08
  41.00 -49.72 154.63
  42.00 -74.70 -27.95
  43.00 -93.88 -11.44
  44.00 -67.06   6.61
  45.00 -87.63 -40.59


