 residuo Phi Psi
   1.00 -100.19 138.32
   2.00 -149.37 146.80
   3.00 -104.04 -174.17
   4.00 -76.71 107.02
   5.00 -152.41 -20.23
   6.00 -63.88 161.06
   7.00 -71.59 -24.83
   8.00 -61.68 -41.61
   9.00 -58.41 -40.41
  10.00 -56.19 -59.61
  11.00 -72.71 -38.96
  12.00 -80.29 -24.41
  13.00 -46.53 -54.18
  14.00 -70.21 -39.61
  15.00 -74.68 -34.64
  16.00 -74.23   1.32
  17.00 -45.44 -24.12
  18.00 -79.59 -34.49
  19.00  73.13  -0.09
  20.00 -63.38   1.08
  21.00 -67.46 169.23
  22.00 -66.76 128.74
  23.00 -64.11 -35.34
  24.00 -75.02 -22.72
  25.00 -73.98 -45.44
  26.00 -54.32 -40.55
  27.00 -126.77 -20.20
  28.00 -138.56  14.54
  29.00 -78.31 -12.48
  30.00  71.82   5.66
  31.00 -44.95  44.34
  32.00 -93.60 156.54
  33.00 -64.83 134.80
  34.00 -74.18 141.19
  35.00 -61.48 150.39
  36.00  66.45 134.46
  37.00 -149.33 -127.99
  38.00 -69.14 -27.50
  39.00 -48.44 141.31
  40.00 -70.88 117.70
  41.00 -119.14 141.15
  42.00 -88.91 -36.03
  43.00 -77.43   6.87
  44.00 -139.07 103.28
  45.00 -120.83  11.25


