 residuo Phi Psi
   1.00 -116.22 131.35
   2.00 -155.61 154.27
   3.00 -39.03 171.10
   4.00 -74.25 128.64
   5.00 -161.11  -5.74
   6.00 -57.30 139.65
   7.00 -64.93 -27.93
   8.00 -56.20 -53.22
   9.00 -77.42 -32.12
  10.00 -66.23 -46.63
  11.00 -99.56 -16.28
  12.00 -70.59 -11.64
  13.00 -72.34 -31.20
  14.00 -50.35 -25.86
  15.00 -85.69 -24.45
  16.00 -84.98   9.72
  17.00 -47.27 -28.06
  18.00 -64.16 -44.06
  19.00  81.30 -24.94
  20.00 -65.63   5.92
  21.00 -58.43 151.95
  22.00 -67.78 131.89
  23.00 -56.85 -16.57
  24.00 -52.55 -35.00
  25.00 -73.83 -47.47
  26.00 -70.67 -39.58
  27.00 -73.24 -48.20
  28.00 -79.35 -25.24
  29.00 -68.82 -52.54
  30.00  58.62 -28.81
  31.00 -142.15 -173.73
  32.00 -133.85 156.95
  33.00 -50.73 144.63
  34.00 -73.65 126.25
  35.00 -65.23 146.33
  36.00  65.15 167.82
  37.00 -126.51 -173.64
  38.00 -96.88  -8.84
  39.00 -62.70 116.97
  40.00 -62.72 134.17
  41.00 -64.26 145.04
  42.00 -73.10  -5.90
  43.00 -53.15 -41.18
  44.00 -115.50 -19.33
  45.00 -72.59  31.02


