 residuo Phi Psi
   1.00 -98.04 121.36
   2.00 -136.60 131.72
   3.00 -75.58 153.09
   4.00 -72.39 126.14
   5.00 -152.46  -7.12
   6.00 -60.03 170.15
   7.00 -56.69 -52.55
   8.00 -56.50 -47.21
   9.00 -61.85 -39.13
  10.00 -65.05 -33.13
  11.00 -62.36 -31.48
  12.00 -71.29 -37.13
  13.00 -67.34 -61.94
  14.00 -84.37 -32.88
  15.00 -64.20 -42.46
  16.00 -66.41 -23.90
  17.00 -60.68 -21.10
  18.00 -53.82 -35.06
  19.00  81.69  -9.93
  20.00 -70.76  42.03
  21.00 -54.26 146.26
  22.00 -76.04 140.91
  23.00 -66.19 -49.79
  24.00 -59.58 -34.77
  25.00 -72.48 -39.51
  26.00 -59.54 -55.03
  27.00 -65.88 -37.65
  28.00 -125.20  -8.39
  29.00 -67.52 -18.93
  30.00  68.75 -20.93
  31.00 -54.16  16.46
  32.00 -91.59 142.44
  33.00 -72.92 146.25
  34.00 -52.38 120.33
  35.00 -82.60 145.38
  36.00  69.98 141.14
  37.00 -88.56 171.55
  38.00 -73.24 -42.05
  39.00 -58.05 140.41
  40.00 -48.62 115.57
  41.00 -99.52 141.54
  42.00 -84.06 -29.83
  43.00 -76.30 -11.18
  44.00 -159.34 122.05
  45.00 -68.38  16.48


