 residuo Phi Psi
   1.00 -134.97 113.79
   2.00 -154.12 140.69
   3.00 -60.62 144.97
   4.00 -74.84 134.21
   5.00 -157.77 -15.15
   6.00 -63.43 158.28
   7.00 -68.03 -24.63
   8.00 -67.49 -42.29
   9.00 -54.30 -34.58
  10.00 -57.86 -57.25
  11.00 -80.02 -34.57
  12.00 -67.21 -24.73
  13.00 -62.26 -35.68
  14.00 -71.09 -36.14
  15.00 -70.67 -26.30
  16.00 -71.48 -21.50
  17.00 -57.18 -17.87
  18.00 -61.55 -44.22
  19.00  82.22 -20.87
  20.00 -65.36  -0.24
  21.00 -70.11 -179.95
  22.00 -50.45 117.26
  23.00 -58.11 -54.85
  24.00 -68.26 -29.50
  25.00 -58.74 -42.45
  26.00 -65.25 -46.21
  27.00 -80.55 -43.26
  28.00 -67.89 -36.15
  29.00 -82.73 -46.18
  30.00  74.99 -33.47
  31.00 -80.04 154.18
  32.00 -85.49 139.64
  33.00 -61.96 132.03
  34.00 -55.70 135.53
  35.00 -75.79 159.83
  36.00  61.85 155.28
  37.00 -128.25 -154.96
  38.00 -119.44   5.11
  39.00 -66.46 163.10
  40.00 -61.07 132.23
  41.00 -59.08  95.93
  42.00 -70.38 -24.58
  43.00 -89.46 -21.02
  44.00 -161.76 142.11
  45.00 -69.30 -30.56


