 residuo Phi Psi
   1.00 -118.48 133.69
   2.00 -139.42 131.54
   3.00 -49.15 169.67
   4.00 -69.66 149.49
   5.00 -171.22 -29.75
   6.00 -60.17 164.72
   7.00 -68.90 -34.67
   8.00 -52.94 -45.06
   9.00 -52.88 -55.28
  10.00 -68.98 -45.32
  11.00 -58.97 -41.07
  12.00 -77.61 -33.74
  13.00 -61.96 -30.47
  14.00 -56.42 -44.02
  15.00 -74.27 -39.61
  16.00 -79.91  -0.83
  17.00 -64.61 -12.64
  18.00 -69.40 -31.15
  19.00  71.97 -16.04
  20.00 -86.22  31.32
  21.00 -57.40 158.13
  22.00 -59.69 126.95
  23.00 -72.61 -20.09
  24.00 -78.28 -31.49
  25.00 -68.44 -31.39
  26.00 -69.83 -32.67
  27.00 -66.02 -51.72
  28.00 -54.55 -43.24
  29.00 -82.38 -46.35
  30.00  77.99 -53.51
  31.00 -71.49 111.41
  32.00 -107.36 139.30
  33.00 -63.46 134.92
  34.00 -75.50 129.96
  35.00 -56.79 142.73
  36.00 102.29 159.96
  37.00 -64.14 159.61
  38.00 -169.22 -24.43
  39.00 -39.07 150.82
  40.00 -75.78 110.57
  41.00 -53.82 165.27
  42.00 -61.85 -30.06
  43.00 -104.45 -20.66
  44.00 -68.01 -26.28
  45.00 -113.14 -36.77


