 residuo Phi Psi
   1.00 -102.28 125.18
   2.00 -149.52 140.56
   3.00 -74.44 165.30
   4.00 -87.54 151.03
   5.00 -143.52 -11.34
   6.00 -74.51 170.28
   7.00 -73.98 -18.17
   8.00 -69.51 -34.16
   9.00 -70.04 -32.25
  10.00 -58.27 -46.70
  11.00 -72.11 -47.72
  12.00 -61.75 -32.26
  13.00 -74.20 -33.52
  14.00 -64.41 -30.14
  15.00 -78.54 -34.84
  16.00 -83.32   8.53
  17.00 -57.36 -23.04
  18.00 -60.56 -39.68
  19.00  76.22 -19.88
  20.00 -74.89   8.94
  21.00 -70.31 164.85
  22.00 -66.78 128.31
  23.00 -53.97 -31.53
  24.00 -79.23 -26.82
  25.00 -83.87 -29.18
  26.00 -62.11 -39.90
  27.00 -81.98 -29.03
  28.00 -73.09 -30.61
  29.00 -73.74 -50.81
  30.00  81.25 -17.11
  31.00 -75.95 154.73
  32.00 -123.96 129.33
  33.00 -75.22 101.67
  34.00 -65.18 141.07
  35.00 -58.12 152.65
  36.00  82.38 160.93
  37.00 -119.51 -171.75
  38.00 -132.82 -14.34
  39.00 -82.39 138.61
  40.00 -66.10 132.33
  41.00 -64.73 161.38
  42.00 -61.71 -13.56
  43.00 -94.39 -30.55
  44.00 -86.64   0.84
  45.00 -90.12  -5.57


