 residuo Phi Psi
   1.00 -131.71 158.07
   2.00 -134.50 136.37
   3.00 -100.92 117.07
   4.00 -86.64 147.35
   5.00 -151.54 -12.50
   6.00 -60.81 155.13
   7.00 -75.30 -24.02
   8.00 -60.46 -46.25
   9.00 -57.48 -48.91
  10.00 -69.30 -37.37
  11.00 -59.43 -46.86
  12.00 -58.58 -44.23
  13.00 -61.14 -50.78
  14.00 -66.23 -30.96
  15.00 -70.68 -53.56
  16.00 -70.09 -21.54
  17.00 -57.31 -21.29
  18.00 -69.78 -54.98
  19.00 104.24  -7.76
  20.00 -57.04  15.24
  21.00 -55.43 135.24
  22.00 -51.59 135.71
  23.00 -70.59 -35.38
  24.00 -73.46 -25.67
  25.00 -62.88 -56.62
  26.00 -57.97 -30.68
  27.00 -81.60 -27.87
  28.00 -76.85 -33.84
  29.00 -79.47 -33.73
  30.00 108.56 -44.17
  31.00 -109.03   4.98
  32.00 -131.71 -166.14
  33.00 -80.25 138.15
  34.00 -122.64 136.28
  35.00 -74.81 134.71
  36.00 -84.33 -19.35
  37.00 -151.95 -156.34
  38.00 -143.22  51.34
  39.00 -62.83  84.13
  40.00 -73.85 131.45
  41.00 -65.97 164.45
  42.00 -89.03 -21.03
  43.00 -129.16 -17.78
  44.00 -136.36  87.82
  45.00 -102.03  11.39


