 residuo Phi Psi
   1.00 -123.08 134.11
   2.00 -169.88 151.10
   3.00 -67.28 163.34
   4.00 -75.45 153.32
   5.00 -161.57 -12.64
   6.00 -61.73 157.28
   7.00 -63.35 -35.50
   8.00 -54.12 -43.15
   9.00 -52.28 -55.26
  10.00 -62.83 -50.09
  11.00 -66.75 -39.33
  12.00 -78.50 -27.80
  13.00 -56.36 -30.18
  14.00 -61.25 -44.95
  15.00 -60.17 -44.67
  16.00 -75.56 -10.02
  17.00 -63.10 -21.74
  18.00 -62.02 -33.91
  19.00  86.25 -31.76
  20.00 -60.16  25.81
  21.00 -69.81 160.55
  22.00 -61.40 126.96
  23.00 -55.10 -28.89
  24.00 -74.09 -19.99
  25.00 -61.64 -64.52
  26.00 -68.97 -28.82
  27.00 -74.61 -45.96
  28.00 -77.30 -22.94
  29.00 -64.77 -55.71
  30.00  84.32 -32.79
  31.00 -60.19 111.01
  32.00 -98.33 121.19
  33.00 -60.20 138.02
  34.00 -47.78 129.26
  35.00 -69.17 152.24
  36.00  67.23 -176.16
  37.00 -88.40 161.05
  38.00 -128.05 -27.63
  39.00 -51.29 139.82
  40.00 -72.07 107.32
  41.00 -58.34 141.06
  42.00 -72.85  -7.66
  43.00 -68.36 -31.73
  44.00 -59.45  -4.42
  45.00 -110.42   0.69


