 residuo Phi Psi
   1.00 -109.11 -65.90
   2.00 -81.19  58.91
   3.00 -67.83 -39.64
   4.00 -77.01 -38.52
   5.00  65.35 165.14
   6.00 -68.73 -123.47
   7.00 -64.13 103.41
   8.00  62.93 134.05
   9.00 -48.25  20.95
  10.00 -100.12 129.45
  11.00 -53.17 -28.35
  12.00 -62.36 142.26
  13.00 -93.56 -21.97
  14.00 -137.30 151.40
  15.00 -59.87 138.04
  16.00 -72.08 -23.50
  17.00 -51.41  42.53
  18.00 -65.57 -55.97
  19.00  76.89 128.47
  20.00  61.68  19.28
  21.00 -64.85 141.03
  22.00 -140.84 168.30
  23.00 -116.04  -6.18
  24.00 -69.07 -57.21
  25.00 -73.11 110.34
  26.00 -63.75 -29.47
  27.00 -70.98 -23.27
  28.00 -161.34 -20.83
  29.00 -63.23 -52.69
  30.00  76.93 -42.02
  31.00 -65.50 -161.95
  32.00 -150.71 128.49
  33.00 -103.33 157.30
  34.00 -81.56 174.12
  35.00 -85.64 126.71
  36.00  81.43   1.94
  37.00 -70.79 148.81
  38.00 -80.95  63.70
  39.00 -72.86 -23.65
  40.00 -55.63 -32.72
  41.00  79.68 -27.24
  42.00 -59.76 -153.69
  43.00 -65.70   5.21
  44.00 -99.40 134.76
  45.00 -72.50 150.34


