 residuo Phi Psi
   1.00 -72.28  96.76
   2.00 -148.53 152.81
   3.00 -55.30 -177.37
   4.00 -72.24 132.75
   5.00 -142.77 -20.11
   6.00 -59.13 164.71
   7.00 -61.71 -40.33
   8.00 -67.79 -37.43
   9.00 -50.38 -46.79
  10.00 -69.93 -47.95
  11.00 -71.59 -35.96
  12.00 -77.02 -25.76
  13.00 -59.09 -42.32
  14.00 -60.09 -42.11
  15.00 -82.74 -33.95
  16.00 -136.88  51.41
  17.00 -44.92 -27.19
  18.00 -75.35 -41.17
  19.00  82.87 -13.92
  20.00 -84.24  39.95
  21.00 -62.22 151.13
  22.00 -66.42 118.55
  23.00 -68.89 -14.98
  24.00 -82.85  -8.88
  25.00 -50.85 -61.64
  26.00 -61.59 -50.77
  27.00 -66.18 -52.84
  28.00 -59.33 -36.75
  29.00 -55.84 -63.86
  30.00  66.40 -49.26
  31.00 -70.31 120.56
  32.00 -128.32 155.86
  33.00 -54.14 143.16
  34.00 -70.54 124.09
  35.00 -63.17 158.13
  36.00  86.13 149.38
  37.00 -117.98 -163.83
  38.00 -136.02 -11.25
  39.00 -68.25 154.48
  40.00 -68.59 127.20
  41.00 -57.12 151.19
  42.00 -54.27 -23.11
  43.00 -71.23 -50.32
  44.00 -74.80 -50.15
  45.00 -140.10 -14.69


