 residuo Phi Psi
   1.00 -128.56 157.62
   2.00 -150.33 145.01
   3.00 -69.44 -179.95
   4.00 -69.45 143.42
   5.00 -163.42 -23.12
   6.00 -57.41 154.50
   7.00 -87.56 -20.33
   8.00 -59.92 -29.43
   9.00 -79.69 -38.09
  10.00 -66.79 -23.57
  11.00 -68.02 -36.01
  12.00 -54.46 -42.19
  13.00 -58.01 -42.62
  14.00 -73.81 -34.97
  15.00 -62.06 -31.35
  16.00 -85.82  -1.70
  17.00 -61.35 -19.60
  18.00 -68.20 -37.54
  19.00  75.05 -22.69
  20.00 -71.79  39.46
  21.00 -59.57 155.71
  22.00 -61.10 127.20
  23.00 -61.13 -22.08
  24.00 -65.69 -37.18
  25.00 -61.15 -46.58
  26.00 -61.00 -56.21
  27.00 -66.12 -37.90
  28.00 -62.04 -47.21
  29.00 -59.12 -55.02
  30.00  68.20 -39.92
  31.00 -62.92 118.06
  32.00 -122.43 159.93
  33.00 -68.03 154.67
  34.00 -76.97 127.89
  35.00 -52.85 155.50
  36.00  77.82 153.89
  37.00 -78.16 138.07
  38.00 -71.11 -35.93
  39.00 -60.41 133.93
  40.00 -72.20 122.66
  41.00 -46.64 147.87
  42.00 -74.27 -46.35
  43.00 -132.05   7.30
  44.00 -116.52  13.70
  45.00 -126.24   7.17


