 residuo Phi Psi
   1.00 -83.40 164.74
   2.00 -117.94   5.24
   3.00 -63.33 144.00
   4.00 -70.33 176.00
   5.00 -147.34 131.81
   6.00  61.00 156.31
   7.00 -83.18 113.12
   8.00 -49.31  43.60
   9.00 -44.27 -26.34
  10.00 -58.71 -23.87
  11.00 -66.47 -13.76
  12.00 -61.14  75.72
  13.00 -58.24 -44.65
  14.00 -112.97   1.77
  15.00 -82.42 -79.43
  16.00 -119.83 -36.63
  17.00 -49.37 -29.88
  18.00 -71.43 -52.05
  19.00 162.55 -12.29
  20.00  58.00 153.11
  21.00 -72.23 107.97
  22.00 -33.79 152.12
  23.00 -147.73 -27.31
  24.00 -42.17  11.09
  25.00 -57.64 -61.14
  26.00 -74.42 -19.81
  27.00 -105.72  64.48
  28.00 -138.80 -10.52
  29.00 -101.94   2.03
  30.00  54.19 -31.40
  31.00 -53.52 -149.34
  32.00 -117.58 121.96
  33.00 -77.49 133.20
  34.00 -132.26 144.03
  35.00 -65.75 158.18
  36.00  79.10 149.40
  37.00 -96.93 178.17
  38.00 -90.43 -21.55
  39.00 -57.01  97.06
  40.00 -67.12 112.51
  41.00 -64.55 130.29
  42.00 -100.55 -31.89
  43.00 -142.47  29.61
  44.00 -109.60 -52.83
  45.00 -99.71 -37.58


