 residuo Phi Psi
   1.00 -126.54 126.54
   2.00 -165.83 155.79
   3.00 -89.27 175.65
   4.00 -63.73 157.93
   5.00 -174.93 -27.48
   6.00 -83.04 -178.91
   7.00 -59.24 -29.95
   8.00 -70.76 -58.63
   9.00 -63.90 -29.23
  10.00 -65.61 -36.98
  11.00 -73.30 -51.14
  12.00 -61.74 -15.89
  13.00 -68.75 -47.49
  14.00 -58.97 -31.14
  15.00 -86.95 -29.44
  16.00 -79.65   5.73
  17.00 -48.77 -27.89
  18.00 -65.71 -45.49
  19.00  72.33  -6.46
  20.00 -87.74  26.60
  21.00 -64.05 165.60
  22.00 -78.23 152.56
  23.00 -62.68 -28.74
  24.00 -82.38 -11.82
  25.00 -75.05 -47.01
  26.00 -76.09 -14.35
  27.00 -116.43  -7.48
  28.00 -58.82 -36.05
  29.00 -106.65 -41.97
  30.00  76.54 -70.71
  31.00 -90.11 161.57
  32.00 -94.14 106.39
  33.00 -61.22 136.89
  34.00 -87.76 147.67
  35.00 -56.88 150.42
  36.00  83.14 151.01
  37.00 -77.03 170.40
  38.00 -137.02 -29.89
  39.00 -57.42 138.51
  40.00 -59.22 153.71
  41.00 -58.71 159.82
  42.00 -52.92 -13.27
  43.00 -129.54  -5.14
  44.00 -78.15   0.02
  45.00 -148.56  25.70


