 residuo Phi Psi
   1.00 -87.68 115.03
   2.00 -160.43 155.40
   3.00 -56.44 178.18
   4.00 -63.55 143.63
   5.00 -156.98 -21.61
   6.00 -73.98 161.57
   7.00 -59.21 -26.31
   8.00 -66.07 -45.25
   9.00 -73.50 -34.16
  10.00 -68.84 -41.12
  11.00 -56.75 -49.60
  12.00 -53.59 -48.53
  13.00 -70.08 -39.50
  14.00 -71.75 -27.42
  15.00 -89.45 -29.64
  16.00 -77.97  -1.98
  17.00 -56.23 -21.31
  18.00 -62.92 -37.23
  19.00  71.84  -8.96
  20.00 -67.60  13.13
  21.00 -51.37 163.44
  22.00 -51.27 121.16
  23.00 -58.17 -44.85
  24.00 -54.93 -39.31
  25.00 -68.46 -57.22
  26.00 -60.64 -34.59
  27.00 -58.33 -55.60
  28.00 -45.97 -49.12
  29.00 -69.04 -59.56
  30.00  67.98 -41.77
  31.00 -146.35 -177.91
  32.00 -141.23 165.77
  33.00 -61.28 138.61
  34.00 -53.70 112.22
  35.00 -59.30 152.93
  36.00  73.02 150.72
  37.00 -63.89 159.50
  38.00 -127.29 -30.81
  39.00 -66.11 146.74
  40.00 -74.04 120.04
  41.00 -50.79 163.05
  42.00 -46.01 -31.89
  43.00 -115.95 -39.43
  44.00 -57.17 -29.88
  45.00 -152.13 -18.40


