 residuo Phi Psi
   1.00 -101.51 -55.07
   2.00 -84.15  70.53
   3.00 -67.03 -10.18
   4.00 -86.79 -47.95
   5.00  61.90 174.08
   6.00 -146.64 -51.86
   7.00 -56.53 128.29
   8.00  64.10 127.31
   9.00 -63.97  12.39
  10.00 -107.65 124.63
  11.00 -57.89   0.22
  12.00 -76.29 133.63
  13.00 -82.15 -19.06
  14.00 -41.69  40.22
  15.00 -68.20 144.03
  16.00 -79.20 -16.37
  17.00 -64.86  40.68
  18.00 -50.39 -56.75
  19.00  80.62 117.43
  20.00  61.80  11.31
  21.00 -60.52 148.49
  22.00 -150.47 147.43
  23.00 -119.36 -12.36
  24.00 -73.97 -10.23
  25.00 -73.67  82.83
  26.00 -69.88 -40.76
  27.00 -62.86  -9.47
  28.00 -160.98 -27.84
  29.00 -62.11 -47.39
  30.00  67.98 -42.68
  31.00 -72.92 174.94
  32.00 -74.24  70.38
  33.00 -67.70 143.18
  34.00 -99.72 151.16
  35.00 -74.70 119.13
  36.00  81.80 -14.76
  37.00 -84.84 178.01
  38.00 -59.56  35.24
  39.00 -70.38 -35.85
  40.00 -73.55 -50.83
  41.00  53.02 -16.92
  42.00 -84.26 -120.81
  43.00 -85.54   8.32
  44.00 -87.48 135.97
  45.00 -134.18 162.61


