 residuo Phi Psi
   1.00 -134.68 139.25
   2.00 -170.54 153.32
   3.00 -69.30 173.13
   4.00 -80.72 141.65
   5.00 -154.59  -1.48
   6.00 -49.65 157.84
   7.00 -74.56 -33.01
   8.00 -67.27 -41.39
   9.00 -73.25 -31.69
  10.00 -84.27 -32.17
  11.00 -69.65 -40.67
  12.00 -65.79 -30.87
  13.00 -77.33 -21.42
  14.00 -58.38 -41.04
  15.00 -68.97 -27.58
  16.00 -65.56 -31.88
  17.00 -58.06  -9.99
  18.00 -94.99 -38.04
  19.00  77.63   2.02
  20.00 -105.79  60.86
  21.00 -59.99 156.32
  22.00 -61.55 125.11
  23.00 -64.22 -42.22
  24.00 -51.12 -32.92
  25.00 -69.82 -47.70
  26.00 -65.88 -40.70
  27.00 -102.42 -19.22
  28.00 -59.07 -35.07
  29.00 -56.61 -38.79
  30.00  63.41 -50.70
  31.00 -98.53 153.61
  32.00 -104.70 146.16
  33.00 -65.72 136.37
  34.00 -88.37 156.46
  35.00 -48.36 136.35
  36.00  56.90 153.60
  37.00 -84.53 -175.28
  38.00 -137.69 -17.39
  39.00 -68.68 166.22
  40.00 -72.62 140.52
  41.00 -69.73 134.87
  42.00 -82.55 -24.78
  43.00 -80.02  -4.19
  44.00 -74.12  59.37
  45.00 -67.12 -43.88


