 residuo Phi Psi
   1.00 -89.69 133.61
   2.00 -145.78 140.22
   3.00 -101.37 -178.21
   4.00 -80.08 129.34
   5.00 -154.87 -10.78
   6.00 -66.15 174.01
   7.00 -74.99 -32.85
   8.00 -61.27 -45.43
   9.00 -57.63 -38.11
  10.00 -61.54 -50.90
  11.00 -53.09 -47.83
  12.00 -102.69 -19.58
  13.00 -77.43 -58.15
  14.00 -84.55 -11.23
  15.00 -57.18 -48.51
  16.00 -75.97 -21.07
  17.00 -38.95 -25.91
  18.00 -60.71 -49.96
  19.00 104.53 -18.87
  20.00 -46.34  14.16
  21.00 -61.31 147.63
  22.00 -63.61 125.29
  23.00 -74.33 -40.08
  24.00 -72.34 -32.19
  25.00 -69.04 -29.94
  26.00 -63.67 -55.37
  27.00 -71.55 -33.44
  28.00 -127.31  -9.04
  29.00 -79.76   5.51
  30.00  59.67 -31.38
  31.00 -46.81  45.33
  32.00 -81.57 130.06
  33.00 -102.06 163.57
  34.00 -58.53 106.35
  35.00 -76.98 147.66
  36.00  86.12 115.27
  37.00 -99.66 -172.59
  38.00 -90.99 -13.19
  39.00 -44.57 132.17
  40.00 -53.17 136.34
  41.00 -65.27 151.82
  42.00 -138.12 -13.45
  43.00 -73.54   4.96
  44.00 -152.44 125.70
  45.00 -64.25  -7.61


