 residuo Phi Psi
   1.00 -120.59 122.39
   2.00 -151.59 146.13
   3.00 -77.09 147.22
   4.00 -75.63 122.07
   5.00 -133.75 -36.88
   6.00 -63.53 171.38
   7.00 -58.71 -36.14
   8.00 -68.92 -41.15
   9.00 -66.93 -40.93
  10.00 -57.68 -43.22
  11.00 -70.18 -42.71
  12.00 -83.41 -30.55
  13.00 -78.73 -29.19
  14.00 -59.85 -31.03
  15.00 -76.07 -32.61
  16.00 -88.24   3.80
  17.00 -50.57 -26.83
  18.00 -58.49 -37.09
  19.00  85.51 -14.34
  20.00 -72.51   1.45
  21.00 -63.45 157.22
  22.00 -80.12 169.17
  23.00 -67.39  -9.80
  24.00 -114.04 -19.90
  25.00 -54.10 -34.40
  26.00 -65.30 -34.53
  27.00 -122.88 -14.34
  28.00 -78.66 -16.62
  29.00 -126.62  22.53
  30.00  85.68 -30.19
  31.00 -44.49  58.99
  32.00 -109.90 155.14
  33.00 -67.27 124.21
  34.00 -56.14 138.80
  35.00 -67.14 144.83
  36.00  65.86 106.45
  37.00 -72.77 -168.20
  38.00 -75.31   0.87
  39.00 -76.56 142.69
  40.00 -71.19 136.60
  41.00 -157.14 151.65
  42.00 -126.14 -29.59
  43.00 -89.81  14.70
  44.00 -146.22 144.40
  45.00 -70.52 -23.15


