 residuo Phi Psi
   1.00 -105.03 127.37
   2.00 -170.54 160.17
   3.00 -64.05 154.86
   4.00 -76.06 139.73
   5.00 -159.66 -10.60
   6.00 -58.16 165.81
   7.00 -57.37 -37.72
   8.00 -50.94 -56.62
   9.00 -61.87 -43.92
  10.00 -54.06 -46.25
  11.00 -60.64 -48.17
  12.00 -85.20 -23.05
  13.00 -68.75 -46.95
  14.00 -67.81 -17.97
  15.00 -72.90 -42.36
  16.00 -83.44 -29.82
  17.00 -56.39   0.11
  18.00 -59.48 -39.66
  19.00  66.92  -5.33
  20.00 -51.11  19.27
  21.00 -63.81 172.14
  22.00 -68.03 135.30
  23.00 -66.57 -50.36
  24.00 -81.45 -24.69
  25.00 -56.65 -47.93
  26.00 -73.85 -42.80
  27.00 -69.42 -36.67
  28.00 -65.28 -30.57
  29.00 -76.56 -51.61
  30.00  75.95 -19.54
  31.00 -31.67  45.71
  32.00 -74.36 147.37
  33.00 -73.27 126.78
  34.00 -53.88 130.55
  35.00 -68.80 146.56
  36.00  63.00 125.39
  37.00 -102.62 -167.98
  38.00 -70.27 -31.91
  39.00 -50.89 129.69
  40.00 -70.58 129.76
  41.00 -76.90 109.17
  42.00 -116.29  -3.04
  43.00 -83.82 -14.37
  44.00 -147.63 121.83
  45.00 -69.80  24.24


