 residuo Phi Psi
   1.00 -82.56 106.03
   2.00 -150.04 159.00
   3.00 -40.33 -174.79
   4.00 -47.15 127.80
   5.00 -147.34 -37.07
   6.00 -55.79 157.21
   7.00 -74.55 -38.42
   8.00 -62.92 -42.78
   9.00 -58.40 -43.98
  10.00 -62.02 -49.35
  11.00 -87.52 -25.14
  12.00 -54.42   4.35
  13.00 -79.43 -49.91
  14.00 -52.68  -4.53
  15.00 -77.00 -39.48
  16.00 -86.34   3.86
  17.00 -79.73 -21.16
  18.00 -65.14 -18.85
  19.00  72.54 -18.92
  20.00 -73.59   5.36
  21.00 -59.35 165.44
  22.00 -74.86 141.21
  23.00 -74.89 -21.61
  24.00 -57.55 -24.83
  25.00 -57.77 -68.01
  26.00 -55.43 -46.86
  27.00 -88.41 -28.39
  28.00 -66.57 -40.07
  29.00 -63.14 -51.32
  30.00  89.21 -38.87
  31.00 -158.73 -162.01
  32.00 -137.92 164.54
  33.00 -60.38 145.61
  34.00 -78.30 136.72
  35.00 -67.13 156.70
  36.00  69.48 153.85
  37.00 -122.82 -153.30
  38.00 -74.67 -68.08
  39.00 -66.89 154.81
  40.00 -67.84 130.70
  41.00 -66.81 142.40
  42.00 -66.50 -10.90
  43.00 -103.58 -18.75
  44.00 -60.56 -37.53
  45.00 -90.98 -31.71


