 residuo Phi Psi
   1.00 -100.15 135.18
   2.00 -153.97 148.82
   3.00 -68.38 170.75
   4.00 -58.63 132.77
   5.00 -139.24 -40.61
   6.00 -65.15 -173.30
   7.00 -69.70 -37.46
   8.00 -68.89 -37.17
   9.00 -54.99 -53.20
  10.00 -65.88 -44.25
  11.00 -76.09 -43.79
  12.00 -66.24 -25.01
  13.00 -67.16 -35.73
  14.00 -75.65 -23.19
  15.00 -66.03 -35.03
  16.00 -88.00  -5.25
  17.00 -66.82 -17.19
  18.00 -77.68 -26.55
  19.00  82.51 -17.83
  20.00 -82.48  23.68
  21.00 -49.71 150.67
  22.00 -69.70 123.72
  23.00 -60.78 -42.77
  24.00 -68.20 -26.76
  25.00 -58.69 -51.37
  26.00 -77.56 -37.99
  27.00 -73.24 -32.46
  28.00 -51.10 -57.30
  29.00 -70.86 -41.59
  30.00  94.67 -52.66
  31.00 -59.17 117.20
  32.00 -124.94 156.45
  33.00 -76.04 146.49
  34.00 -73.38 151.06
  35.00 -58.83 152.54
  36.00 106.17 138.04
  37.00 -117.60 -170.11
  38.00 -133.09 -20.91
  39.00 -63.60 172.50
  40.00 -74.14 104.33
  41.00 -52.67 155.24
  42.00 -43.76 -34.93
  43.00 -133.83 -23.79
  44.00 -71.46  29.65
  45.00 -108.30  16.29


