 residuo Phi Psi
   1.00 -84.17 -57.27
   2.00 -70.41  44.58
   3.00 -61.55 -27.13
   4.00 -67.40 -48.06
   5.00  55.54 168.27
   6.00 -77.35 -117.34
   7.00 -50.49  76.56
   8.00  57.16 125.05
   9.00 -55.34  37.05
  10.00 -128.57 143.60
  11.00 -57.74   1.13
  12.00 -61.51 120.33
  13.00 -87.12 -15.26
  14.00 -68.05  60.93
  15.00 -70.79 148.94
  16.00 -76.97 -24.48
  17.00 -90.03  44.78
  18.00 -74.84 -32.45
  19.00  68.79 145.99
  20.00  73.38  -4.06
  21.00 -65.64 145.46
  22.00 -141.34 151.65
  23.00 -94.67 -23.09
  24.00 -102.12  -9.25
  25.00 -81.00 110.96
  26.00 -47.92 -39.08
  27.00 -81.81 -25.29
  28.00 -154.45 -24.19
  29.00 -61.46 -41.40
  30.00  90.58 -47.66
  31.00 -81.46 173.04
  32.00 -84.22  79.55
  33.00 -103.87 166.64
  34.00 -88.79 155.18
  35.00 -61.00 114.23
  36.00  80.00 -23.53
  37.00 -62.27 163.48
  38.00 -131.97 119.35
  39.00 -61.91 -30.29
  40.00 -65.64 -31.50
  41.00  80.34 -33.32
  42.00 -74.50 -164.45
  43.00 -64.46  13.78
  44.00 -75.17 138.46
  45.00 -72.19 124.27


