 residuo Phi Psi
   1.00 -142.77 143.21
   2.00 -137.13 158.86
   3.00 -80.91 145.83
   4.00 -92.49 109.44
   5.00 -155.91  17.50
   6.00 -58.70 164.25
   7.00 -56.14 -49.01
   8.00 -60.03 -40.53
   9.00 -56.40 -55.81
  10.00 -84.49 -21.63
  11.00 -124.90   7.74
  12.00 -49.67 -80.04
  13.00 -59.46 -41.85
  14.00 -67.32 -32.64
  15.00 -65.42 -47.58
  16.00 -72.84 -29.36
  17.00 -66.20   3.07
  18.00 -83.75 -40.17
  19.00  66.05  11.07
  20.00 -63.10  28.48
  21.00 -57.99 168.86
  22.00 -88.12 151.84
  23.00 -69.51 -35.85
  24.00 -80.52 -41.21
  25.00 -48.38 -55.62
  26.00 -69.73 -37.85
  27.00 -85.26  16.50
  28.00 -67.70 -29.90
  29.00 -84.85 -40.22
  30.00  72.78 -48.28
  31.00 -55.92  52.85
  32.00 -94.18 156.69
  33.00 -90.86 152.61
  34.00 -130.34 144.17
  35.00 -76.46 148.52
  36.00 -178.23  -7.35
  37.00 -65.81 177.03
  38.00 -82.58 -26.67
  39.00 -59.17 132.16
  40.00 -55.13 154.96
  41.00 -51.77 156.54
  42.00 -131.79 -30.19
  43.00 -71.72  14.08
  44.00 -151.10 122.32
  45.00 -87.50  16.70


