 residuo Phi Psi
   1.00 -98.19 149.69
   2.00 -163.14 152.67
   3.00 -68.31 167.77
   4.00 -69.84 151.29
   5.00 -152.51 -21.46
   6.00 -59.61 170.55
   7.00 -73.90 -25.73
   8.00 -54.37 -41.66
   9.00 -55.45 -50.01
  10.00 -60.36 -46.26
  11.00 -70.60 -45.86
  12.00 -62.14 -30.38
  13.00 -56.48 -37.72
  14.00 -69.96 -40.70
  15.00 -72.00 -31.12
  16.00 -85.40   3.43
  17.00 -39.94 -29.60
  18.00 -71.27 -39.92
  19.00  91.29 -24.60
  20.00 -73.45   8.43
  21.00 -72.60 163.88
  22.00 -62.12 124.46
  23.00 -67.46 -27.38
  24.00 -79.79 -22.77
  25.00 -58.10 -40.99
  26.00 -72.40 -47.22
  27.00 -83.47 -38.53
  28.00 -69.80 -19.41
  29.00 -67.69 -49.81
  30.00  82.61 -43.17
  31.00 -85.58 141.75
  32.00 -107.31 132.45
  33.00 -71.51 139.41
  34.00 -72.29 125.72
  35.00 -64.29 160.29
  36.00  80.20 160.70
  37.00 -119.78 -160.90
  38.00 -126.10 -35.37
  39.00 -59.98 145.68
  40.00 -80.23 149.62
  41.00 -61.29 171.93
  42.00 -59.05 -14.92
  43.00 -91.24 -21.87
  44.00 -70.10  -7.91
  45.00 -126.62 122.34


