 residuo Phi Psi
   1.00 -153.64 -36.07
   2.00 -73.16  55.50
   3.00 -66.69 -15.30
   4.00 -57.81 -59.63
   5.00  44.34 168.47
   6.00 -72.29 -116.68
   7.00 -50.92  88.51
   8.00  45.41 131.11
   9.00 -34.22  19.77
  10.00 -87.56 126.47
  11.00 -64.54 -27.80
  12.00 -82.11 151.01
  13.00 -80.59 -25.56
  14.00 -61.30  69.67
  15.00 -67.90 167.76
  16.00 -80.22 -33.43
  17.00 -78.03  32.25
  18.00 -54.15 -53.18
  19.00  63.04 152.39
  20.00  55.11  16.81
  21.00 -65.64 142.41
  22.00 -149.23 147.12
  23.00 -88.04 -31.99
  24.00 -138.90  16.85
  25.00 -67.22 127.21
  26.00 -71.71 -43.46
  27.00 -78.58   0.45
  28.00 -164.00 -27.33
  29.00 -65.42 -42.86
  30.00  59.20 -28.66
  31.00 -72.06 -146.55
  32.00 -127.30 144.96
  33.00 -125.78 170.75
  34.00 -136.78 151.78
  35.00 -76.13  88.02
  36.00  79.99 -14.70
  37.00 -109.82 167.38
  38.00 -138.24 147.22
  39.00 -83.34 -27.56
  40.00 -55.96  -7.67
  41.00  87.26 -25.84
  42.00 -88.05 -128.53
  43.00 -60.49 -12.62
  44.00 -71.96 144.67
  45.00 -77.18 151.34


