 residuo Phi Psi
   1.00 -79.53  95.11
   2.00 -149.65 135.28
   3.00 -53.65 -168.72
   4.00 -75.56 139.47
   5.00 -163.91 -22.53
   6.00 -52.91 152.66
   7.00 -62.61 -42.14
   8.00 -56.89 -46.39
   9.00 -60.08 -43.00
  10.00 -73.22 -37.66
  11.00 -61.21 -35.56
  12.00 -46.87 -38.06
  13.00 -64.83 -45.15
  14.00 -66.28 -23.55
  15.00 -62.23 -42.34
  16.00 -74.67 -19.30
  17.00 -64.38 -15.07
  18.00 -58.08 -37.10
  19.00  81.10 -33.15
  20.00 -79.60  22.85
  21.00 -60.86 160.49
  22.00 -59.78 135.09
  23.00 -57.38 -21.99
  24.00 -73.79 -29.28
  25.00 -49.75 -55.56
  26.00 -67.14 -43.16
  27.00 -74.43 -43.30
  28.00 -77.80 -13.69
  29.00 -75.83 -56.64
  30.00  56.99 -47.71
  31.00 -139.99 -148.29
  32.00 -123.23 156.02
  33.00 -58.13 147.88
  34.00 -62.29 130.16
  35.00 -53.41 143.90
  36.00  88.96 161.90
  37.00 -137.46 -155.75
  38.00 -65.37 -36.16
  39.00 -79.14 135.23
  40.00 -76.96 115.78
  41.00 -66.64 153.94
  42.00 -70.39 -17.52
  43.00 -123.45   4.12
  44.00 -138.53  22.45
  45.00 -53.16   1.62


