 residuo Phi Psi
   1.00 -94.76 -49.26
   2.00 -81.84  41.27
   3.00 -80.03  -9.67
   4.00 -65.93 -44.38
   5.00  69.04 164.68
   6.00 -66.33 -148.67
   7.00 -59.54 109.04
   8.00  62.04 132.19
   9.00 -58.19  22.74
  10.00 -74.35 115.73
  11.00 -69.23 -28.47
  12.00 -64.49 150.83
  13.00 -80.72  -4.08
  14.00 -80.67  66.19
  15.00 -54.45 143.56
  16.00 -76.78 -56.83
  17.00 -89.24  67.64
  18.00 -71.05 -53.80
  19.00  72.79 155.72
  20.00  65.57  28.38
  21.00 -72.64 142.14
  22.00 -154.54 133.72
  23.00 -55.79 -45.21
  24.00 -77.58 -28.52
  25.00 -86.23 126.10
  26.00 -67.50 -39.32
  27.00 -79.95  -8.71
  28.00 -138.27 -40.36
  29.00 -94.87 -39.86
  30.00  73.56 -42.19
  31.00 -59.77 -168.97
  32.00 -145.83 122.80
  33.00 -83.93 148.30
  34.00 -72.24 164.01
  35.00 -79.51 128.29
  36.00  66.60 -15.85
  37.00 -84.41 153.55
  38.00 -139.69 136.38
  39.00 -71.50 -11.62
  40.00 -85.39 -43.15
  41.00  68.92 -17.88
  42.00 -89.23 -135.47
  43.00 -62.23  15.54
  44.00 -101.91 138.19
  45.00 -83.01 162.81


