 residuo Phi Psi
  69.00 -81.70 105.03
  70.00 -140.40 105.94
  71.00 -65.16  -6.78
  72.00 -58.60 -45.52
  73.00 -71.21 -45.44
  74.00 -64.29 -43.39
  75.00 -60.76 -41.18
  76.00 -62.50 -37.94
  77.00 -64.53 -35.68
  78.00 -74.31 -33.62
  79.00 -77.54 -24.81
  80.00 -110.28  -7.49
  81.00 -45.58 -31.87
  82.00 -64.70 -35.89
  83.00 -66.58 -33.12
  84.00 -76.36 -37.20
  85.00 -49.87 -50.91
  86.00 -68.14 -58.93
  87.00 -67.07 -19.77
  88.00 -68.51 -58.38
  89.00 -61.17 -48.09
  90.00 -65.29 -42.68
  91.00 -67.40 -52.80
  92.00 -53.32 -41.58
  93.00 -65.81 -44.37
  94.00 -73.69 -23.81
  95.00 -47.83 -50.78
  96.00 -60.65 -45.96
  97.00 -68.41 -45.74
  98.00 -65.93 -50.00
  99.00 -73.39 -22.98
 100.00 -104.02 -45.93
 101.00 -85.80 -24.13
 102.00 -61.67 116.49
 103.00 -71.43 -41.62
 104.00 -111.07   4.21
 105.00 -73.01  -6.40
 106.00 -153.08  71.53
 107.00 -68.37 135.51
 108.00 -60.26 -31.86
 109.00 -70.21 -33.95
 110.00 -66.99 -20.17
 111.00 -48.99 -51.66
 112.00 -83.57 -30.86
 113.00 -61.60 -28.81
 114.00 -57.89 -45.56
 115.00 -63.65 -38.51
 116.00 -70.76 -37.24
 117.00 -69.59 -36.87
 118.00 -64.18 -35.91
 119.00 -65.48 -43.20
 120.00 -67.19 -39.00
 121.00 -85.42 -38.49
 122.00 -44.49 -32.28
 123.00 -70.64 -41.16
 124.00 -81.23 -32.40
 125.00 -97.74 -56.14
 126.00 -112.06 -25.56
 127.00 -58.36 -67.69
 128.00 -68.35 -25.07
 129.00 -59.41 -40.76
 130.00 -60.92 -40.88
 131.00 -70.98 -45.21
 132.00 -52.83 -43.29
 133.00 -50.50 -43.82
 134.00 -53.02 -32.10
 135.00 -80.13 -41.70
 136.00 -120.16   1.35
 137.00  53.14  26.62
 138.00  56.53  51.39
 139.00 -97.56  16.56
 140.00 -62.25 153.28
 141.00 -88.32 125.40
 142.00 -102.81 -17.27
 143.00 -61.49 -174.86
 144.00 -62.05 146.06
 145.00 -72.84 -42.29
 146.00 -64.34 -20.44
 147.00 -37.46 -30.30
 148.00 -71.15 -51.20
 149.00 -66.99 -32.59
 150.00 -67.40 -38.14
 151.00 -59.27 -45.16
 152.00 -58.25 -41.05
 153.00 -64.33 -47.82
 154.00 -69.15 -42.88
 155.00 -80.78 -31.90
 156.00 -45.83 -41.07
 157.00 -71.94 -53.05
 158.00 -63.11 -39.15
 159.00 -58.89 -44.22
 160.00 -64.87 -47.82
 161.00 -73.55 -30.84
 162.00 -60.92 -54.43
 163.00 -54.84 -50.14
 164.00 -65.42 -39.32
 165.00 -63.78 -40.76
 166.00 -68.51 -33.44
 167.00 -53.12 -44.29
 168.00 -77.14 -49.81
 169.00 -62.89 -33.73
 170.00 -67.41 -40.15
 171.00 -61.40 -49.00
 172.00 -68.79 -41.43
 173.00 -68.06 -26.51
 174.00 -80.40 -33.39
 175.00 -60.69 -35.85
 176.00 -65.67 -48.82
 177.00 -76.50 -20.06
 178.00 -66.20 -21.63
 179.00 -65.04 127.27
 180.00 -112.10 -21.80
 181.00 -71.76  35.48
 182.00 -76.66 -23.20
 183.00 -63.51   4.19
 184.00 -80.06 144.31
 185.00 -62.19 -31.77
 186.00 -159.59 136.62
 187.00 -87.41 142.23
 188.00 -90.46 144.30
 189.00 -61.34 -39.77
 190.00 -64.94 -48.34
 191.00 -61.53 -47.12
 192.00 -77.12 -33.61
 193.00 -61.15 -46.91
 194.00 -68.87 -33.95
 195.00 -59.62 -34.15
 196.00 -50.80 -48.80
 197.00 -85.38 -30.24
 198.00 -74.30 -27.42
 199.00 -57.35 -34.61
 200.00 -60.72 -45.64
 201.00 -63.98 -43.12
 202.00 -64.91 -40.87
 203.00 -63.86 -46.87
 204.00 -59.15 -38.11
 205.00 -76.93 -35.27
 206.00 -70.92 -46.61
 207.00 -37.72 -20.64
 208.00 -72.15 -41.35
 209.00 -73.42 -19.30
 210.00 -59.14 -51.85
 211.00 -67.90 -28.22
 212.00 -81.72 -63.64
 213.00 -74.91 -28.08
 214.00 -93.84  -2.45
 215.00 -99.87 -13.31
 216.00 -139.02 -25.35
 217.00 -60.55 105.55
 218.00 -72.58 -16.51
 219.00 -81.21  -3.81
 220.00 -125.60 -12.34
 221.00 -106.96 -23.03
 222.00 -154.59 144.29
 223.00  41.58 114.95
 224.00  75.93  47.39
 225.00 -77.05  -8.38
 226.00 -86.76 132.21
 227.00 -149.18 115.69
 228.00 -68.79 169.43
 229.00 -77.98  79.49
 230.00 -68.13 -35.29
 231.00 -63.30 137.91
 232.00 -61.11 -26.86
 233.00 -70.92 -34.19
 234.00 -72.94 -39.30
 235.00 -85.93 -48.21
 236.00 -137.58  -8.55
 237.00 -49.84 -56.67
 238.00 -58.29 -40.15
 239.00 -70.38 -28.59
 240.00 -66.20 -46.19
 241.00 -71.86 -32.90
 242.00 -135.02 -23.94
 243.00 -79.98 -68.84
 244.00 -59.60 -30.91
 245.00 -65.31 -61.02
 246.00 -61.50 -21.15
 247.00 -56.89 -56.07
 248.00 -84.26 -27.61
 249.00 -66.49 -42.89
 250.00 -63.56 -43.39
 251.00 -68.31 -42.00
 252.00 -72.18 -34.10
 253.00 -62.59 -43.06
 254.00 -60.31 -51.44
 255.00 -69.58 -41.30
 256.00 -70.27 -27.03
 257.00 -59.54 -55.73
 258.00 -64.71 -37.60
 259.00 -74.60 -38.25
 260.00 -70.16 -23.36
 261.00 -76.91 -23.17
 262.00 -56.38 -38.72
 263.00 -64.72 -35.25
 264.00 -62.26 -51.17
 1001.00 -63.48 -42.58
 1002.00 -50.97 -28.22
 1003.00 -70.72 -38.95
 1004.00 -66.13 -37.34
 1005.00 -65.48 -42.71
 1006.00 -66.29 -33.61
 1007.00 -66.37 -46.10
 1008.00 -70.31 -32.64
 1009.00 -49.77 -47.32
 1010.00 -61.68 -61.09
 1011.00 -60.22 -42.32
 1012.00 -77.72 -38.63
 1013.00 -66.87 -32.29
 1014.00 -65.87 -28.85
 1015.00 -59.64 -45.34
 1016.00 -57.85 -42.91
 1017.00 -77.64 -39.68
 1018.00 -90.65 -27.46
 1019.00 -88.23   0.93
 1020.00 -123.29 157.22
 1021.00 -153.74   1.56
 1022.00 -65.26 141.62
 1023.00 -51.82 -35.40
 1024.00 -82.16 -43.30
 1025.00 -63.85 -31.59
 1026.00 -56.47 -35.44
 1027.00 -67.22 -39.29
 1028.00 -63.47 -50.66
 1029.00 -63.07 -39.13
 1030.00 -63.18 -40.90
 1031.00 -73.33 -34.78
 1032.00 -67.47 -33.47
 1033.00 -57.26 -40.46
 1034.00 -64.29 -41.12
 1035.00 -75.87 -36.18
 1036.00 -64.81 -33.58
 1037.00 -73.87 -37.80
 1038.00 -65.46 -47.84
 1039.00 -60.12 -36.31
 1040.00 -70.77 -40.56
 1041.00  65.22 -42.84
 1042.00 101.73  36.96
 1043.00 -79.67  21.98
 1044.00  69.10  -1.84
 1066.00 -77.90 164.63
 1067.00 -59.13 -10.69
 1068.00 -70.54 -26.07
 1069.00 -72.92 -40.63
 1070.00 -77.17 -24.55
 1071.00 -61.17 -42.02
 1072.00 -67.83 -34.19
 1073.00 -67.74 -30.14
 1074.00 -59.72 -44.76
 1075.00 -79.11 -28.67
 1076.00 -53.41 -27.74
 1077.00 -68.12 -47.89
 1078.00 -74.78 -48.93
 1079.00 -69.30 -15.22
 1080.00 -66.88 -47.05
 1081.00  77.05   0.41
 1082.00 -86.11  10.06
 1083.00 -56.29  72.25
 1084.00 -69.74 -48.08
 1085.00 -65.42 -32.99
 1086.00 -64.30 -48.73
 1087.00 -71.33 -26.93
 1088.00 -60.07 -47.59
 1089.00 -55.96 -47.42
 1090.00 -72.04 -45.57
 1091.00 -63.09 -31.24
 1092.00 -68.03 -32.42
 1093.00 -83.48  -7.67
 1094.00 -58.16   5.43
 1095.00 -88.54 -48.31
 1096.00 -67.56 -15.17
 1097.00 -53.02 -49.09
 1098.00 -52.05 -53.23
 1099.00 -76.24 -42.01
 1100.00 -75.46 -33.45
 1101.00 -77.58 -25.53
 1102.00 -52.90 -36.91
 1103.00 -71.44 -38.96
 1104.00 -69.90 -42.62
 1105.00 -53.62 -35.93
 313.00 -51.76 -48.74
 314.00 -62.10 -50.93
 315.00 -53.89 -53.42
 316.00 -74.08 -27.14
 317.00 -85.16 -34.40
 318.00 -61.38 -27.90
 319.00 -64.37 -39.86
 320.00 -55.36 -52.32
 321.00 -65.85 -38.63
 322.00 -82.59 -34.57
 323.00 -68.72 -31.08
 324.00 -69.40 -33.46
 325.00 -55.97 -34.04
 326.00 -61.04 -29.02
 327.00 -51.22 -50.41
 328.00 -61.29 -47.85
 329.00 -59.36 -59.22
 330.00 -64.49 -45.63
 331.00 -75.48 -11.48
 332.00 -64.19 -45.16
 333.00 -65.74 -53.50
 334.00 -78.95 -35.63
 335.00 -107.34 -21.39
 336.00 -50.88 -27.40
 337.00 -57.45 -38.17
 338.00 -63.43 -43.26
 339.00 -43.42 -73.98
 340.00 -67.37 -40.60
 341.00 -66.01 -48.13
 342.00 -66.90 -29.52
 343.00 -57.94 -51.94
 344.00 -54.38 -49.16
 345.00 -68.34 -33.98
 346.00 -81.95 -30.36
 347.00 -78.04 -41.55
 348.00 -76.95 -26.31
 349.00 -155.20 159.33
 350.00 -141.63 -20.71
 351.00 -68.75 -37.26
 352.00 -164.32  23.30
 353.00 -135.75 171.38
 354.00 -76.39 127.34
 355.00 -71.22 -23.43
 356.00 -69.15 -31.20
 357.00 -55.60 -51.06
 358.00 -60.53 -44.50
 359.00 -66.56 -45.30
 360.00 -70.96 -35.56
 361.00 -63.56 -49.05
 362.00 -57.49 -39.11
 363.00 -62.81 -50.86
 364.00 -72.67 -40.95
 365.00 -71.40 -38.29
 366.00 -78.35 -29.32
 367.00 -85.79  -3.37
 368.00 -65.70 -32.00
 369.00 -66.14 -44.08
 370.00 -67.41 -37.16
 371.00 -64.15 -23.71
 372.00 -69.80 -17.75
 373.00 -90.79 -14.85
 374.00 -80.52 -10.62
 375.00 -68.30 -33.60
 376.00 -50.81 -43.22
 377.00 -59.54 -48.48
 378.00 -59.15 -42.57
 379.00 -65.70 -48.61
 380.00 -65.68 -37.71
 381.00 -75.35 -43.00
 382.00 -101.72 -47.48
 383.00 -142.78  -0.51
 384.00 -50.20 111.89
 385.00 -69.36 -45.00
 386.00 -67.71 -39.73
 387.00 -46.51 -51.11
 388.00 -75.27 -45.24
 389.00 -67.57 -31.19
 390.00 -71.95 -55.56
 391.00 -75.20 -27.19
 392.00 -78.18 -19.46
 393.00 -53.45 -49.44
 394.00 -80.98 -38.03
 395.00 -94.55 -16.28
 396.00  60.29  11.87
 397.00 -93.60  27.00
 398.00 -78.04  59.78


