 residuo Phi Psi
  69.00 -68.35 131.08
  70.00 -65.73 -25.93
  71.00 -71.14 -20.66
  72.00 -65.72 -43.60
  73.00 -61.66 -41.99
  74.00 -68.05 -35.82
  75.00 -63.86 -42.08
  76.00 -60.03 -45.02
  77.00 -61.46 -34.06
  78.00 -62.31 -52.27
  79.00 -61.59 -38.22
  80.00 -64.28 -44.86
  81.00 -57.19 -42.65
  82.00 -59.28 -35.47
  83.00 -66.86 -36.51
  84.00 -58.57 -41.08
  85.00 -68.26 -53.19
  86.00 -74.68 -43.82
  87.00 -69.30 -29.41
  88.00 -63.26 -46.32
  89.00 -57.73 -62.84
  90.00 -72.85 -37.58
  91.00 -61.53 -43.80
  92.00 -59.26 -37.25
  93.00 -63.63 -36.14
  94.00 -70.16 -32.11
  95.00 -66.21 -41.32
  96.00 -63.63 -49.63
  97.00 -60.13 -43.48
  98.00 -63.52 -54.59
  99.00 -81.76 -31.94
 100.00 -138.83   2.25
 101.00 -96.12 -36.90
 102.00 -46.41 104.95
 103.00 -62.74 -38.38
 104.00 -91.98 -30.54
 105.00 -61.53 -25.66
 106.00 -149.42  84.22
 107.00 -65.03 163.36
 108.00 -71.42 -36.59
 109.00 -68.63 -33.47
 110.00 -59.89 -23.34
 111.00 -74.46 -32.72
 112.00 -58.19 -31.85
 113.00 -65.98 -43.94
 114.00 -73.54 -25.55
 115.00 -55.03 -41.68
 116.00 -85.68 -26.93
 117.00 -70.88 -29.49
 118.00 -65.44 -33.57
 119.00 -75.03 -45.31
 120.00 -52.71 -40.82
 121.00 -71.31 -67.01
 122.00 -42.17 -30.15
 123.00 -79.08 -46.29
 124.00 -92.64 -18.19
 125.00 -124.51 -18.79
 126.00 -110.93 -31.49
 127.00 -57.91 -51.32
 128.00 -58.81 -53.17
 129.00 -66.15 -26.39
 130.00 -59.55 -47.23
 131.00 -69.29 -34.20
 132.00 -74.32 -31.33
 133.00 -53.93 -41.26
 134.00 -81.64 -37.56
 135.00 -64.31 -32.86
 136.00 -77.00 -40.30
 137.00 101.47 -11.01
 138.00  60.98  40.96
 139.00 -55.70 -23.78
 140.00 -63.13 144.86
 141.00 -87.91 126.20
 142.00 -109.97 -16.11
 143.00 -50.27 167.96
 144.00 -80.29 150.51
 145.00 -61.24 -33.31
 146.00 -83.86 -12.72
 147.00 -69.83 -12.12
 148.00 -57.84 -49.89
 149.00 -72.40 -31.58
 150.00 -59.45 -38.88
 151.00 -69.65 -36.27
 152.00 -61.96 -45.12
 153.00 -67.74 -38.08
 154.00 -61.43 -43.20
 155.00 -70.90 -39.39
 156.00 -51.60 -50.19
 157.00 -61.87 -64.72
 158.00 -60.47 -38.48
 159.00 -77.11 -40.94
 160.00 -70.34 -37.69
 161.00 -45.46 -41.79
 162.00 -67.30 -58.75
 163.00 -69.29 -37.19
 164.00 -71.18 -25.29
 165.00 -64.81 -36.21
 166.00 -50.40 -39.96
 167.00 -59.21 -60.63
 168.00 -67.98 -28.76
 169.00 -79.23 -33.00
 170.00 -67.31 -35.60
 171.00 -65.30 -47.96
 172.00 -71.74 -54.60
 173.00 -73.79 -20.99
 174.00 -85.00 -22.34
 175.00 -57.45 -32.57
 176.00 -84.63 -33.21
 177.00 -77.67  -9.79
 178.00 -69.98 -25.07
 179.00 -80.75 143.62
 180.00 -125.44   5.69
 181.00 -78.33  30.24
 182.00 -87.38 -11.37
 183.00 -68.69  17.97
 184.00 -67.08 143.31
 185.00 -95.44 -10.69
 186.00 -129.66 129.31
 187.00 -75.12 141.62
 188.00 -113.18 161.05
 189.00 -60.07 -33.28
 190.00 -63.03 -39.33
 191.00 -66.61 -45.26
 192.00 -61.56 -40.76
 193.00 -63.72 -45.13
 194.00 -87.74 -16.65
 195.00 -50.60 -40.60
 196.00 -66.76 -62.25
 197.00 -69.51 -28.11
 198.00 -62.70 -45.32
 199.00 -62.34 -39.53
 200.00 -54.98 -43.98
 201.00 -60.03 -49.14
 202.00 -75.75 -38.58
 203.00 -54.33 -41.87
 204.00 -60.53 -46.26
 205.00 -84.58 -32.67
 206.00 -81.30 -32.67
 207.00 -55.05 -31.33
 208.00 -51.18 -27.45
 209.00 -57.44 -34.50
 210.00 -67.68 -54.46
 211.00 -57.26 -44.16
 212.00 -103.15 -26.37
 213.00 -77.18 -36.96
 214.00 -64.85 -34.43
 215.00 -107.94 -10.87
 216.00 -147.18 -24.51
 217.00 -53.65  95.06
 218.00 -44.35 -36.22
 219.00 -94.57 -26.12
 220.00 -131.58 -11.65
 221.00 -123.01  -3.62
 222.00 -169.67 147.58
 223.00  58.85 124.03
 224.00  69.72  22.95
 225.00 -65.77 -10.39
 226.00 -79.82 145.57
 227.00 -172.21 128.34
 228.00 -75.39 126.15
 229.00 -130.10 117.06
 230.00 -76.23 -18.87
 231.00 -53.38 119.01
 232.00 -63.09 -24.88
 233.00 -108.31 -19.78
 234.00 -67.63 -17.20
 235.00 -65.55 -66.69
 236.00 -70.75 -60.82
 237.00 -50.29 -47.33
 238.00 -68.21 -50.61
 239.00 -55.13 -23.43
 240.00 -94.25 -45.92
 241.00 -58.37 -31.60
 242.00 -163.48  -0.19
 243.00 -71.77 -57.16
 244.00 -61.19 -49.25
 245.00 -70.80 -49.10
 246.00 -65.43 -17.08
 247.00 -71.77 -41.72
 248.00 -64.85 -35.48
 249.00 -59.46 -44.43
 250.00 -63.29 -49.38
 251.00 -66.45 -47.37
 252.00 -70.47 -57.17
 253.00 -62.53 -28.23
 254.00 -57.60 -51.91
 255.00 -53.35 -47.49
 256.00 -54.48 -49.66
 257.00 -74.31 -47.74
 258.00 -58.70 -37.43
 259.00 -65.32 -39.25
 260.00 -78.69 -32.07
 261.00 -47.28 -34.97
 262.00 -65.83 -45.80
 263.00 -60.90 -45.44
 264.00 -74.24 -34.59
 1001.00 -66.89 -33.01
 1002.00 -60.78 -28.63
 1003.00 -73.94 -40.91
 1004.00 -71.79 -38.11
 1005.00 -57.75 -27.27
 1006.00 -60.31 -51.19
 1007.00 -67.56 -42.20
 1008.00 -64.28 -36.42
 1009.00 -61.16 -49.45
 1010.00 -62.89 -51.60
 1011.00 -65.47 -33.72
 1012.00 -73.30 -46.16
 1013.00 -68.01 -24.63
 1014.00 -67.47 -31.27
 1015.00 -60.37 -39.16
 1016.00 -61.11 -45.12
 1017.00 -54.19 -52.63
 1018.00 -105.08 -31.28
 1019.00 -71.09  -1.03
 1020.00 -97.14 143.36
 1021.00 -153.03 -19.04
 1022.00 -81.25 164.18
 1023.00 -67.00 -26.87
 1024.00 -86.16 -27.00
 1025.00 -59.55 -28.12
 1026.00 -63.49 -39.98
 1027.00 -68.73 -40.89
 1028.00 -53.41 -50.11
 1029.00 -60.44 -51.57
 1030.00 -73.02 -29.89
 1031.00 -62.11 -40.86
 1032.00 -79.69 -31.86
 1033.00 -59.32 -39.62
 1034.00 -60.70 -43.20
 1035.00 -52.59 -45.47
 1036.00 -71.88 -37.09
 1037.00 -81.02 -23.76
 1038.00 -66.32 -37.64
 1039.00 -63.86 -40.72
 1040.00 -100.17 -39.63
 1041.00  34.56 -12.76
 1042.00 107.91  50.68
 1043.00 -59.97  -3.39
 1044.00  66.57 -30.03
 1066.00 -57.41 155.06
 1067.00 -66.50  -6.19
 1068.00 -66.40 -38.44
 1069.00 -61.00 -43.72
 1070.00 -61.70 -31.44
 1071.00 -73.89 -36.21
 1072.00 -64.90 -37.74
 1073.00 -73.16 -35.25
 1074.00 -68.76 -33.25
 1075.00 -81.73 -26.63
 1076.00 -56.85 -38.73
 1077.00 -80.70 -21.04
 1078.00 -79.65 -29.66
 1079.00 -56.08 -36.02
 1080.00 -74.68 -54.08
 1081.00  68.98   4.52
 1082.00 -69.47   7.73
 1083.00 -52.41  58.49
 1084.00 -55.32 -42.71
 1085.00 -74.99 -42.33
 1086.00 -67.66 -36.33
 1087.00 -52.23 -45.73
 1088.00 -55.01 -49.52
 1089.00 -67.42 -49.97
 1090.00 -71.54 -37.58
 1091.00 -64.43 -43.91
 1092.00 -65.29 -30.54
 1093.00 -77.95 -34.49
 1094.00 -55.68 -15.48
 1095.00 -64.45 -52.00
 1096.00 -63.33 -40.07
 1097.00 -55.33 -48.29
 1098.00 -53.68 -51.93
 1099.00 -71.26 -33.10
 1100.00 -72.79 -36.16
 1101.00 -66.22 -24.51
 1102.00 -68.78 -32.69
 1103.00 -54.55 -45.39
 1104.00 -75.83 -45.93
 1105.00 -67.91 -37.39
 313.00 -53.49 -44.37
 314.00 -88.16 -38.25
 315.00 -59.52 -39.07
 316.00 -60.75 -35.14
 317.00 -71.94 -32.35
 318.00 -76.32 -32.85
 319.00 -47.96 -47.72
 320.00 -54.54 -60.52
 321.00 -57.81 -41.66
 322.00 -64.66 -47.49
 323.00 -68.01 -33.22
 324.00 -60.95 -42.39
 325.00 -67.68 -26.48
 326.00 -79.40 -18.52
 327.00 -71.28 -39.11
 328.00 -78.11 -18.94
 329.00 -62.01 -54.12
 330.00 -67.66 -49.56
 331.00 -57.85 -48.34
 332.00 -66.48 -47.56
 333.00 -57.69 -56.34
 334.00 -68.65 -38.12
 335.00 -92.53 -26.94
 336.00 -51.47 -13.54
 337.00 -51.57 -60.67
 338.00 -60.55 -41.93
 339.00 -72.81 -51.82
 340.00 -48.41 -37.42
 341.00 -83.88 -51.86
 342.00 -65.49 -41.15
 343.00 -67.49 -35.10
 344.00 -50.38 -52.48
 345.00 -54.89 -41.76
 346.00 -83.76 -21.79
 347.00 -84.73 -29.12
 348.00 -79.67 -42.80
 349.00 -142.00 143.06
 350.00 -148.94 -23.50
 351.00 -134.52  -1.68
 352.00 -140.07  30.69
 353.00 -145.87 -179.24
 354.00 -77.73 135.67
 355.00 -87.30 -14.99
 356.00 -65.52 -41.24
 357.00 -63.61 -36.57
 358.00 -40.60 -50.82
 359.00 -61.41 -74.67
 360.00 -65.10 -27.59
 361.00 -51.89 -54.27
 362.00 -69.84 -43.79
 363.00 -78.39 -20.45
 364.00 -70.18 -48.94
 365.00 -58.72 -37.08
 366.00 -78.41 -46.92
 367.00 -61.96 -22.16
 368.00 -71.42 -35.24
 369.00 -56.48 -58.24
 370.00 -57.63 -33.18
 371.00 -66.57 -16.63
 372.00 -55.50 -31.56
 373.00 -81.28 -21.79
 374.00 -90.69  -8.22
 375.00 -60.38 -36.18
 376.00 -60.48 -37.45
 377.00 -63.79 -37.77
 378.00 -71.44 -43.30
 379.00 -66.62 -34.72
 380.00 -63.98 -37.97
 381.00 -59.60 -47.65
 382.00 -124.06 -39.06
 383.00 -139.09  -0.32
 384.00 -66.46 114.01
 385.00 -60.57 -33.64
 386.00 -58.95 -55.58
 387.00 -55.60 -49.49
 388.00 -67.33 -49.30
 389.00 -78.07 -29.88
 390.00 -61.59 -41.33
 391.00 -64.27 -30.04
 392.00 -86.53 -25.37
 393.00 -79.14 -37.09
 394.00 -62.53 -27.04
 395.00 -79.88 -35.36
 396.00  65.61   4.74
 397.00 -91.25  32.58
 398.00 -115.54 118.30


