 residuo Phi Psi
  69.00 -106.71 147.29
  70.00 -145.77 157.79
  71.00 -61.84 -66.57
  72.00 -64.12 -25.26
  73.00 -56.63 -45.05
  74.00 -75.18 -42.05
  75.00 -82.97 -32.15
  76.00 -67.13 -31.15
  77.00 -60.77 -32.85
  78.00 -48.11 -57.61
  79.00 -81.68 -33.57
  80.00 -76.96 -24.15
  81.00 -65.61 -21.09
  82.00 -44.83 -50.50
  83.00 -64.81 -43.47
  84.00 -65.94 -46.44
  85.00 -69.40 -45.93
  86.00 -76.57 -37.32
  87.00 -70.08 -26.01
  88.00 -60.84 -37.21
  89.00 -45.23 -56.48
  90.00 -56.06 -55.32
  91.00 -77.30 -39.41
  92.00 -63.70 -31.32
  93.00 -57.63 -35.11
  94.00 -68.58 -44.58
  95.00 -58.95 -44.27
  96.00 -54.92 -38.72
  97.00 -71.09 -54.18
  98.00 -71.51 -47.67
  99.00 -66.31 -28.53
 100.00 -114.84 -43.77
 101.00 -94.22  -9.69
 102.00 -52.87 104.42
 103.00 -78.70 -51.38
 104.00 -103.64   1.71
 105.00 -81.09   6.65
 106.00 -107.75  56.02
 107.00 -53.47 151.57
 108.00 -66.10 -32.13
 109.00 -59.44 -45.86
 110.00 -57.67 -26.80
 111.00 -70.65 -38.82
 112.00 -65.33 -44.71
 113.00 -74.72 -24.04
 114.00 -76.24 -34.84
 115.00 -71.59 -14.08
 116.00 -62.54 -47.38
 117.00 -69.08 -30.22
 118.00 -69.58 -38.54
 119.00 -82.69 -36.11
 120.00 -60.40 -24.27
 121.00 -65.62 -54.63
 122.00 -62.42 -34.39
 123.00 -64.06 -44.34
 124.00 -53.65 -45.04
 125.00 -109.73 -62.99
 126.00 -125.30 -14.42
 127.00 -65.68 -42.85
 128.00 -74.73 -42.25
 129.00 -84.23 -17.41
 130.00 -60.10 -34.27
 131.00 -50.91 -46.26
 132.00 -69.47 -48.31
 133.00 -55.03 -35.02
 134.00 -61.98 -40.34
 135.00 -61.65 -42.96
 136.00 -69.60 -32.06
 137.00  69.15   9.74
 138.00  54.21  41.35
 139.00 -143.47  60.71
 140.00 -67.33 162.03
 141.00 -112.85 134.07
 142.00 -125.81  11.60
 143.00 -54.73 175.89
 144.00 -59.46 140.80
 145.00 -78.01 -37.43
 146.00 -107.99  19.07
 147.00 -67.34  -6.52
 148.00 -44.01 -57.40
 149.00 -86.77 -46.53
 150.00 -73.32 -18.46
 151.00 -68.62 -40.80
 152.00 -51.47 -28.11
 153.00 -73.96 -36.96
 154.00 -47.26 -57.72
 155.00 -67.54 -39.64
 156.00 -55.45 -53.10
 157.00 -69.02 -50.24
 158.00 -55.22 -44.46
 159.00 -67.68 -47.83
 160.00 -56.35 -34.85
 161.00 -60.35 -50.97
 162.00 -71.02 -47.96
 163.00 -61.76 -38.10
 164.00 -62.40 -30.75
 165.00 -63.48 -57.72
 166.00 -67.77 -30.45
 167.00 -58.65 -58.60
 168.00 -67.86 -40.95
 169.00 -41.91 -44.90
 170.00 -77.19 -51.79
 171.00 -69.41 -30.61
 172.00 -71.13 -21.76
 173.00 -73.51 -40.58
 174.00 -65.66 -49.62
 175.00 -59.78 -23.68
 176.00 -66.65 -63.09
 177.00 -70.50 -12.10
 178.00 -66.15 -21.30
 179.00 -62.79 125.51
 180.00 -117.75  -2.91
 181.00 -73.76  31.80
 182.00 -88.41   0.12
 183.00 -70.78 -11.11
 184.00 -70.47 121.30
 185.00 -54.55  -8.79
 186.00 -167.96 136.92
 187.00 -145.06 -172.49
 188.00 -70.02 140.27
 189.00 -70.35 -34.27
 190.00 -66.06 -34.33
 191.00 -58.87 -47.00
 192.00 -49.37 -59.36
 193.00 -60.37 -43.06
 194.00 -73.03 -35.40
 195.00 -68.81 -33.87
 196.00 -54.07 -45.61
 197.00 -56.48 -53.58
 198.00 -67.36 -32.96
 199.00 -59.85 -45.53
 200.00 -74.10 -25.41
 201.00 -44.21 -55.94
 202.00 -76.18 -51.40
 203.00 -67.04 -35.17
 204.00 -61.78 -37.81
 205.00 -66.35 -37.92
 206.00 -76.26 -42.20
 207.00 -57.35 -39.46
 208.00 -70.60 -28.14
 209.00 -48.25 -32.82
 210.00 -66.54 -53.70
 211.00 -74.08 -47.68
 212.00 -86.25 -30.44
 213.00 -75.17 -21.12
 214.00 -79.00 -31.88
 215.00 -75.39 -24.27
 216.00 -152.22 -31.40
 217.00 -39.30 106.91
 218.00 -62.71 -42.17
 219.00 -80.91 -14.33
 220.00 -117.65 -25.43
 221.00 -112.25  -7.35
 222.00 -129.46 125.86
 223.00  53.22 132.54
 224.00  85.32  25.33
 225.00 -107.36  -4.95
 226.00 -63.94 134.54
 227.00 -137.27 101.52
 228.00 -63.36 166.74
 229.00 -76.97  59.10
 230.00 -62.72 -15.07
 231.00 -66.30 134.61
 232.00 -68.28 -37.06
 233.00 -59.78 -36.07
 234.00 -81.53 -45.04
 235.00 -72.04 -43.36
 236.00 -121.62 -33.61
 237.00 -66.83 -43.33
 238.00 -60.21 -29.94
 239.00 -80.73 -16.40
 240.00 -84.27 -34.36
 241.00 -70.95 -34.70
 242.00 -142.49 -18.10
 243.00 -65.73 -70.46
 244.00 -61.83 -33.66
 245.00 -68.86 -61.17
 246.00 -59.51 -28.18
 247.00 -68.42 -44.40
 248.00 -51.65 -48.75
 249.00 -59.65 -52.65
 250.00 -73.71 -49.39
 251.00 -65.98 -30.19
 252.00 -71.92 -45.05
 253.00 -57.78 -42.30
 254.00 -64.55 -40.00
 255.00 -57.70 -47.88
 256.00 -66.16 -35.35
 257.00 -60.81 -64.62
 258.00 -77.13 -19.87
 259.00 -59.85 -42.48
 260.00 -58.65 -51.22
 261.00 -73.12 -40.93
 262.00 -80.67 -17.41
 263.00 -58.94 -39.90
 264.00 -75.03 -33.60
 1001.00 -87.43 -17.52
 1002.00 -61.61 -24.68
 1003.00 -87.49 -29.10
 1004.00 -74.36 -21.36
 1005.00 -67.79 -44.76
 1006.00 -53.21 -45.87
 1007.00 -74.35 -38.23
 1008.00 -61.59 -35.99
 1009.00 -62.41 -40.89
 1010.00 -57.40 -43.95
 1011.00 -80.32 -33.04
 1012.00 -62.81 -42.11
 1013.00 -50.64 -39.09
 1014.00 -84.67 -41.21
 1015.00 -66.39 -14.80
 1016.00 -69.94 -47.38
 1017.00 -48.71 -37.95
 1018.00 -84.48 -48.60
 1019.00 -72.74  -5.94
 1020.00 -119.69 149.13
 1021.00 -102.79 -23.10
 1022.00 -64.55 137.74
 1023.00 -52.59 -39.98
 1024.00 -70.59 -44.32
 1025.00 -64.18 -32.14
 1026.00 -61.10 -33.72
 1027.00 -62.77 -49.62
 1028.00 -88.38 -36.33
 1029.00 -75.25 -30.57
 1030.00 -75.36 -15.83
 1031.00 -57.83 -47.46
 1032.00 -64.02 -39.36
 1033.00 -65.75 -37.58
 1034.00 -51.47 -46.17
 1035.00 -65.67 -58.40
 1036.00 -72.80 -30.59
 1037.00 -68.76 -32.18
 1038.00 -70.26 -31.46
 1039.00 -55.56 -37.95
 1040.00 -52.81 -50.45
 1041.00  51.41 -47.30
 1042.00 113.67  23.93
 1043.00 -75.79  -4.34
 1044.00  62.06 -22.91
 1066.00 -68.73 163.35
 1067.00 -54.10 -12.03
 1068.00 -58.78 -38.81
 1069.00 -65.38 -47.00
 1070.00 -76.65 -31.54
 1071.00 -73.10 -29.54
 1072.00 -62.39 -41.54
 1073.00 -75.26 -34.44
 1074.00 -80.41 -20.17
 1075.00 -67.05 -37.54
 1076.00 -59.96 -33.33
 1077.00 -67.98 -43.67
 1078.00 -60.11 -38.34
 1079.00 -65.53 -40.28
 1080.00 -66.41 -37.90
 1081.00  67.99  -1.13
 1082.00 -99.13  22.79
 1083.00 -50.07  67.16
 1084.00 -82.99 -37.93
 1085.00 -68.15 -36.10
 1086.00 -63.59 -38.92
 1087.00 -59.77 -41.23
 1088.00 -73.70 -38.81
 1089.00 -59.57 -31.37
 1090.00 -55.40 -47.28
 1091.00 -56.93 -46.82
 1092.00 -69.82 -37.12
 1093.00 -68.40 -34.98
 1094.00 -58.38 -31.39
 1095.00 -76.05 -48.87
 1096.00 -74.40 -40.42
 1097.00 -57.15 -35.90
 1098.00 -60.90 -41.57
 1099.00 -75.51 -27.11
 1100.00 -89.90 -24.98
 1101.00 -52.04 -43.58
 1102.00 -67.41 -32.38
 1103.00 -54.16 -51.00
 1104.00 -60.71 -52.81
 1105.00 -76.12 -31.94
 313.00 -70.19 -43.90
 314.00 -59.03 -43.27
 315.00 -53.67 -45.64
 316.00 -74.22 -33.19
 317.00 -89.03 -28.50
 318.00 -67.06 -34.49
 319.00 -60.86 -43.71
 320.00 -50.29 -45.49
 321.00 -58.86 -48.56
 322.00 -68.57 -40.58
 323.00 -73.12 -40.16
 324.00 -55.35 -36.74
 325.00 -65.89 -43.85
 326.00 -69.05 -32.26
 327.00 -60.23 -41.72
 328.00 -53.23 -42.38
 329.00 -56.49 -62.57
 330.00 -71.13 -43.89
 331.00 -84.81 -10.69
 332.00 -67.70 -53.76
 333.00 -52.11 -42.62
 334.00 -93.98 -30.55
 335.00 -129.30 -11.56
 336.00 -57.09 -29.12
 337.00 -56.65 -41.82
 338.00 -62.89 -46.63
 339.00 -52.20 -56.07
 340.00 -58.09 -60.46
 341.00 -60.06 -38.83
 342.00 -58.02 -52.55
 343.00 -67.74 -36.46
 344.00 -55.08 -45.40
 345.00 -72.66 -37.59
 346.00 -98.28  -9.74
 347.00 -84.85 -18.14
 348.00 -78.04 -50.64
 349.00 -141.23 161.55
 350.00 -64.88 -68.60
 351.00 -94.13 -26.72
 352.00 -146.21  10.34
 353.00 -125.19 178.92
 354.00 -54.07 116.27
 355.00 -71.43 -23.73
 356.00 -57.55 -47.75
 357.00 -58.81 -38.17
 358.00 -59.01 -52.80
 359.00 -56.24 -51.27
 360.00 -65.54 -47.21
 361.00 -67.06 -38.97
 362.00 -58.89 -32.04
 363.00 -101.13 -23.39
 364.00 -58.62 -55.02
 365.00 -69.11 -28.76
 366.00 -70.67 -34.62
 367.00 -52.92 -38.69
 368.00 -48.99 -47.68
 369.00 -68.72 -46.89
 370.00 -70.37  -6.68
 371.00 -63.99 -21.44
 372.00 -70.36 -33.51
 373.00 -77.57 -35.30
 374.00 -75.27 -41.10
 375.00 -74.15 -31.22
 376.00 -49.02 -37.94
 377.00 -79.32 -29.22
 378.00 -60.62 -30.85
 379.00 -73.78 -42.38
 380.00 -63.33 -29.27
 381.00 -54.34 -50.67
 382.00 -107.37 -55.11
 383.00 -122.54 -11.29
 384.00 -57.70 108.45
 385.00 -61.27 -41.21
 386.00 -63.04 -33.77
 387.00 -50.40 -56.01
 388.00 -61.05 -38.39
 389.00 -70.91 -46.10
 390.00 -63.45 -46.42
 391.00 -73.65 -24.22
 392.00 -51.38 -50.48
 393.00 -52.37 -52.20
 394.00 -67.80 -55.83
 395.00 -91.80 -22.28
 396.00  34.87  17.88
 397.00 -78.52  37.33
 398.00 -142.07 114.91


