 residuo Phi Psi
  69.00 -67.49 124.76
  70.00 -48.18 -21.28
  71.00 -59.95 -37.78
  72.00 -69.72 -44.80
  73.00 -64.35 -38.71
  74.00 -63.58 -40.10
  75.00 -74.21 -27.01
  76.00 -64.19 -37.25
  77.00 -59.90 -29.73
  78.00 -53.51 -47.81
  79.00 -69.83 -45.92
  80.00 -97.37 -18.72
  81.00 -66.15 -19.76
  82.00 -62.89 -27.67
  83.00 -51.13 -38.87
  84.00 -64.25 -43.71
  85.00 -47.74 -53.96
  86.00 -76.23 -48.32
  87.00 -76.78 -18.30
  88.00 -75.61 -47.78
  89.00 -69.02 -66.72
  90.00 -80.82 -13.60
  91.00 -64.55 -61.38
  92.00 -58.52 -26.68
  93.00 -58.96 -34.26
  94.00 -71.12 -34.63
  95.00 -51.52 -54.20
  96.00 -64.37 -42.83
  97.00 -66.84 -40.00
  98.00 -74.03 -38.76
  99.00 -77.68 -31.54
 100.00 -123.45 -22.96
 101.00 -83.57 -38.20
 102.00 -61.67 118.21
 103.00 -102.83 -15.49
 104.00 -121.31  13.17
 105.00 -60.94 -18.07
 106.00 -131.21  58.04
 107.00 -49.44 155.56
 108.00 -53.79 -50.48
 109.00 -72.40 -51.40
 110.00 -51.82 -32.98
 111.00 -92.48 -19.95
 112.00 -61.37 -41.50
 113.00 -55.82 -31.37
 114.00 -59.43 -44.61
 115.00 -54.68 -36.86
 116.00 -56.25 -50.30
 117.00 -63.30 -55.50
 118.00 -67.17 -33.64
 119.00 -65.03 -39.90
 120.00 -59.27 -43.37
 121.00 -77.15 -34.95
 122.00 -58.40 -32.94
 123.00 -66.78 -49.96
 124.00 -101.92 -15.04
 125.00 -127.49 -32.85
 126.00 -127.70  -4.65
 127.00 -64.64 -47.79
 128.00 -60.09 -47.69
 129.00 -60.84 -39.65
 130.00 -58.68 -52.92
 131.00 -72.78 -34.46
 132.00 -60.94 -43.20
 133.00 -75.65 -36.02
 134.00 -63.66 -19.79
 135.00 -72.67 -30.32
 136.00 -130.89   8.92
 137.00  58.35  35.73
 138.00  57.42  37.63
 139.00 -77.13 -10.28
 140.00 -71.34 148.32
 141.00 -73.45 114.31
 142.00 -78.63 -29.00
 143.00 -39.93 162.10
 144.00 -68.45 145.94
 145.00 -74.61 -34.98
 146.00 -81.98   1.34
 147.00 -56.64 -35.61
 148.00 -66.99 -47.99
 149.00 -69.36 -37.28
 150.00 -110.40 -11.93
 151.00 -57.08 -39.65
 152.00 -44.47 -38.61
 153.00 -80.33 -44.47
 154.00 -45.46 -39.37
 155.00 -56.04 -64.08
 156.00 -63.76 -51.26
 157.00 -69.21 -45.64
 158.00 -63.03 -40.98
 159.00 -81.92 -31.73
 160.00 -54.14 -42.39
 161.00 -65.25 -49.25
 162.00 -76.79 -41.99
 163.00 -67.65 -38.06
 164.00 -56.04 -31.34
 165.00 -46.00 -56.37
 166.00 -64.22 -46.02
 167.00 -55.70 -53.34
 168.00 -81.44 -45.51
 169.00 -55.92 -23.45
 170.00 -61.64 -46.24
 171.00 -55.74 -53.42
 172.00 -83.37 -34.25
 173.00 -80.51 -15.77
 174.00 -89.12 -32.49
 175.00 -58.46 -20.66
 176.00 -62.24 -36.83
 177.00 -94.05   1.88
 178.00 -71.76 -28.51
 179.00 -67.84 130.81
 180.00 -127.27  -2.32
 181.00 -52.65  18.86
 182.00 -84.76 -13.58
 183.00 -59.04  -0.84
 184.00 -55.23 127.10
 185.00 -80.39 -37.76
 186.00 -140.95 129.88
 187.00 -71.99 142.08
 188.00 -61.23 136.23
 189.00 -61.58 -53.07
 190.00 -74.14 -34.88
 191.00 -68.20 -33.91
 192.00 -69.47 -48.45
 193.00 -81.25 -23.44
 194.00 -70.08 -20.12
 195.00 -49.61 -52.09
 196.00 -60.52 -50.23
 197.00 -66.88 -39.16
 198.00 -73.23 -36.72
 199.00 -63.07 -35.80
 200.00 -60.47 -43.47
 201.00 -73.63 -32.11
 202.00 -58.73 -45.47
 203.00 -55.36 -42.86
 204.00 -71.78 -44.98
 205.00 -78.41 -24.30
 206.00 -97.99 -30.08
 207.00 -52.24 -17.95
 208.00 -64.09 -38.47
 209.00 -57.56 -29.69
 210.00 -65.54 -52.55
 211.00 -88.42 -16.11
 212.00 -85.58 -58.71
 213.00 -71.95 -22.14
 214.00 -93.30 -10.61
 215.00 -89.83  -7.04
 216.00 -153.41 -13.33
 217.00 -60.51 108.49
 218.00 -73.96 -28.29
 219.00 -75.22  -7.51
 220.00 -133.59 -22.59
 221.00 -142.14  17.50
 222.00 -142.70 146.66
 223.00  49.26 119.17
 224.00  68.68  48.84
 225.00 -73.56 -13.17
 226.00 -75.53 138.39
 227.00 -163.32 111.77
 228.00 -46.51 119.41
 229.00 -139.06 121.44
 230.00 -69.42  -2.35
 231.00 -59.69 112.36
 232.00 -55.07 -27.42
 233.00 -96.32 -23.12
 234.00 -59.53 -39.99
 235.00 -107.78 -42.46
 236.00 -53.95 -65.61
 237.00 -76.15 -39.53
 238.00 -51.29 -44.04
 239.00 -64.59 -31.46
 240.00 -77.73 -50.95
 241.00 -94.76 -24.78
 242.00 -140.08 -16.84
 243.00 -85.06 -54.66
 244.00 -57.37 -34.12
 245.00 -64.33 -56.95
 246.00 -55.41 -35.80
 247.00 -58.76 -49.62
 248.00 -55.89 -47.37
 249.00 -60.48 -51.09
 250.00 -69.07 -43.89
 251.00 -56.66 -48.27
 252.00 -76.09 -42.32
 253.00 -57.67 -27.64
 254.00 -53.11 -53.42
 255.00 -66.47 -44.82
 256.00 -60.48 -39.70
 257.00 -60.06 -55.01
 258.00 -62.98 -41.08
 259.00 -76.70 -35.77
 260.00 -78.28 -29.00
 261.00 -62.17 -35.46
 262.00 -63.79 -49.11
 263.00 -59.54 -38.54
 264.00 -59.97 -42.29
 1001.00 -52.68 -48.30
 1002.00 -55.35 -26.53
 1003.00 -78.89 -37.38
 1004.00 -70.68 -26.65
 1005.00 -61.41 -43.46
 1006.00 -66.76 -38.06
 1007.00 -67.53 -43.45
 1008.00 -71.72 -31.93
 1009.00 -66.11 -32.09
 1010.00 -60.57 -52.44
 1011.00 -60.38 -41.06
 1012.00 -70.38 -49.37
 1013.00 -51.99 -36.55
 1014.00 -68.04 -41.90
 1015.00 -71.10 -24.79
 1016.00 -69.38 -44.44
 1017.00 -61.60 -36.54
 1018.00 -86.75 -25.99
 1019.00 -63.74 -20.14
 1020.00 -96.52 135.47
 1021.00 -139.83 -17.88
 1022.00 -56.26 157.49
 1023.00 -61.99 -34.87
 1024.00 -57.70 -36.89
 1025.00 -63.03 -48.14
 1026.00 -58.87 -49.20
 1027.00 -66.43 -42.80
 1028.00 -75.40 -38.59
 1029.00 -78.92 -28.44
 1030.00 -70.94 -25.37
 1031.00 -66.31 -34.47
 1032.00 -51.90 -51.82
 1033.00 -63.50 -38.66
 1034.00 -59.34 -44.37
 1035.00 -80.32 -39.60
 1036.00 -70.87 -28.06
 1037.00 -68.11 -40.92
 1038.00 -62.59 -37.36
 1039.00 -62.62 -39.91
 1040.00 -66.70 -39.38
 1041.00  34.73 -43.96
 1042.00 111.25  35.01
 1043.00 -59.33   6.29
 1044.00  72.34 -29.58
 1066.00 -71.52 150.03
 1067.00 -52.67 -12.86
 1068.00 -75.14 -40.91
 1069.00 -68.31 -32.71
 1070.00 -72.32 -27.21
 1071.00 -68.06 -34.08
 1072.00 -54.85 -44.87
 1073.00 -67.55 -37.37
 1074.00 -66.59 -35.62
 1075.00 -71.16 -42.04
 1076.00 -50.40 -29.43
 1077.00 -59.51 -55.91
 1078.00 -67.10 -37.89
 1079.00 -63.79 -41.45
 1080.00 -67.17 -45.27
 1081.00  75.43  -4.17
 1082.00 -88.06  11.01
 1083.00 -47.69  57.03
 1084.00 -67.39 -39.81
 1085.00 -78.39 -25.59
 1086.00 -62.13 -45.36
 1087.00 -67.25 -37.66
 1088.00 -58.91 -47.29
 1089.00 -60.48 -42.57
 1090.00 -66.82 -39.15
 1091.00 -71.68 -33.74
 1092.00 -76.02 -31.93
 1093.00 -56.76 -30.04
 1094.00 -64.16 -42.14
 1095.00 -57.42 -40.39
 1096.00 -74.68 -35.58
 1097.00 -54.33 -50.00
 1098.00 -62.17 -58.48
 1099.00 -69.65 -30.39
 1100.00 -94.81 -12.64
 1101.00 -60.57  -7.61
 1102.00 -60.74 -29.01
 1103.00 -79.89 -34.49
 1104.00 -70.17 -43.80
 1105.00 -49.78 -41.83
 313.00 -68.20 -41.28
 314.00 -89.18 -30.93
 315.00 -49.09 -36.80
 316.00 -54.36 -46.28
 317.00 -69.36 -39.32
 318.00 -67.00 -45.35
 319.00 -53.67 -47.12
 320.00 -68.43 -31.64
 321.00 -84.02 -32.07
 322.00 -70.17 -29.53
 323.00 -64.94 -41.91
 324.00 -56.23 -43.29
 325.00 -64.17 -25.61
 326.00 -92.97 -16.84
 327.00 -69.07 -34.50
 328.00 -62.23 -31.80
 329.00 -65.95 -53.85
 330.00 -65.08 -50.01
 331.00 -51.21 -48.54
 332.00 -77.97 -55.12
 333.00 -67.52 -39.08
 334.00 -65.94 -35.42
 335.00 -90.06 -36.63
 336.00 -52.22 -31.14
 337.00 -59.69 -43.88
 338.00 -57.43 -34.65
 339.00 -56.00 -56.83
 340.00 -81.00 -37.53
 341.00 -67.88 -30.52
 342.00 -65.66 -37.28
 343.00 -67.83 -48.61
 344.00 -59.03 -38.35
 345.00 -59.52 -46.93
 346.00 -64.77 -21.43
 347.00 -66.27 -63.81
 348.00 -80.64 -39.22
 349.00 -153.84 149.93
 350.00 -123.74 -21.82
 351.00 -66.07 -51.79
 352.00 -154.74   5.25
 353.00 -157.30 171.31
 354.00 -65.70 130.32
 355.00 -86.03 -16.17
 356.00 -89.59 -31.35
 357.00 -59.82 -36.55
 358.00 -49.15 -38.18
 359.00 -47.46 -64.06
 360.00 -67.19 -44.46
 361.00 -50.35 -50.63
 362.00 -60.92 -42.74
 363.00 -81.92 -27.44
 364.00 -71.06 -56.29
 365.00 -75.11 -36.49
 366.00 -74.91 -36.64
 367.00 -62.41 -25.98
 368.00 -58.77 -40.69
 369.00 -52.29 -52.27
 370.00 -71.98 -34.71
 371.00 -58.49 -32.17
 372.00 -77.98 -18.12
 373.00 -83.09 -19.00
 374.00 -82.16  -7.16
 375.00 -59.28 -36.38
 376.00 -53.29 -45.60
 377.00 -74.92 -27.22
 378.00 -65.37 -39.46
 379.00 -70.00 -40.34
 380.00 -70.89 -24.67
 381.00 -77.24 -39.47
 382.00 -109.87 -47.25
 383.00 -127.58  -8.41
 384.00 -82.70 126.78
 385.00 -82.19 -19.75
 386.00 -45.44 -42.89
 387.00 -61.95 -59.41
 388.00 -85.94 -31.23
 389.00 -64.45 -26.76
 390.00 -52.96 -48.51
 391.00 -60.47 -48.69
 392.00 -79.56 -29.57
 393.00 -67.46 -47.06
 394.00 -62.47 -39.42
 395.00 -109.76 -14.95
 396.00  60.25  15.88
 397.00 -102.77  35.08
 398.00 -138.93 148.57


