 residuo Phi Psi
  69.00 -63.38 138.44
  70.00 -64.64 -26.51
  71.00 -70.62 -28.66
  72.00 -69.23 -36.65
  73.00 -53.44 -43.86
  74.00 -71.19 -52.54
  75.00 -65.82 -31.48
  76.00 -57.95 -48.48
  77.00 -70.34 -35.22
  78.00 -56.41 -48.77
  79.00 -63.94 -42.14
  80.00 -73.10 -31.33
  81.00 -59.02 -36.58
  82.00 -55.48 -34.89
  83.00 -76.90 -37.33
  84.00 -65.26 -24.43
  85.00 -61.29 -47.95
  86.00 -51.58 -47.20
  87.00 -90.81 -22.88
  88.00 -65.71 -41.34
  89.00 -69.78 -48.07
  90.00 -67.83 -47.89
  91.00 -76.52 -29.86
  92.00 -61.35 -32.55
  93.00 -59.45 -37.64
  94.00 -58.92 -40.83
  95.00 -68.15 -46.30
  96.00 -66.20 -39.33
  97.00 -60.13 -48.64
  98.00 -81.83 -37.54
  99.00 -80.82 -18.48
 100.00 -140.32 -10.13
 101.00 -67.33 -46.79
 102.00 -65.08 121.98
 103.00 -77.51 -31.38
 104.00 -93.91 -16.34
 105.00 -76.75  -7.91
 106.00 -161.33  78.27
 107.00 -46.79 148.95
 108.00 -63.16 -46.07
 109.00 -73.31 -30.08
 110.00 -77.62 -16.79
 111.00 -73.53 -30.70
 112.00 -62.96 -39.65
 113.00 -67.16 -45.91
 114.00 -53.69 -43.25
 115.00 -69.85 -34.98
 116.00 -60.54 -46.71
 117.00 -75.26 -28.75
 118.00 -71.15 -16.15
 119.00 -74.62 -42.37
 120.00 -62.70 -30.95
 121.00 -80.09 -48.27
 122.00 -59.09 -23.39
 123.00 -69.55 -52.28
 124.00 -80.61 -27.61
 125.00 -145.45 -24.41
 126.00 -87.48 -20.44
 127.00 -75.13 -44.44
 128.00 -69.16 -34.10
 129.00 -70.02 -32.29
 130.00 -60.21 -39.51
 131.00 -51.38 -49.52
 132.00 -71.42 -43.47
 133.00 -62.59 -33.90
 134.00 -69.44 -49.06
 135.00 -65.87 -32.37
 136.00 -103.66 -16.14
 137.00  78.98  13.49
 138.00  61.21  51.79
 139.00 -130.91  37.17
 140.00 -74.29 146.01
 141.00 -80.19 111.60
 142.00 -78.58 -30.58
 143.00 -63.74 168.09
 144.00 -65.04 146.78
 145.00 -79.21 -22.89
 146.00 -76.68  -5.92
 147.00 -62.51 -22.33
 148.00 -55.69 -52.42
 149.00 -82.47 -40.08
 150.00 -103.89 -11.02
 151.00 -60.74 -50.61
 152.00 -44.10 -25.86
 153.00 -60.58 -53.35
 154.00 -65.34 -45.09
 155.00 -71.04 -34.47
 156.00 -66.29 -42.05
 157.00 -75.78 -36.41
 158.00 -62.41 -45.40
 159.00 -64.14 -37.12
 160.00 -59.96 -53.46
 161.00 -49.44 -43.24
 162.00 -70.14 -54.14
 163.00 -62.27 -36.95
 164.00 -64.33 -37.58
 165.00 -68.88 -36.44
 166.00 -69.75 -42.03
 167.00 -65.98 -36.91
 168.00 -64.40 -38.98
 169.00 -56.83 -47.37
 170.00 -64.34 -47.78
 171.00 -47.41 -44.30
 172.00 -69.29 -43.71
 173.00 -66.98 -39.87
 174.00 -70.20 -37.93
 175.00 -47.46 -46.47
 176.00 -65.45 -51.72
 177.00 -65.01 -21.03
 178.00 -77.84 -29.34
 179.00 -71.42 146.24
 180.00 -88.47 -36.64
 181.00 -63.30  28.79
 182.00 -79.02 -18.09
 183.00 -42.58 -16.94
 184.00 -78.92 123.42
 185.00 -75.80 -29.33
 186.00 -164.41 151.01
 187.00 -85.26 155.19
 188.00 -63.83 129.85
 189.00 -49.27 -48.99
 190.00 -57.91 -50.12
 191.00 -73.51 -28.81
 192.00 -61.31 -44.84
 193.00 -64.65 -41.58
 194.00 -54.39 -50.67
 195.00 -51.46 -52.60
 196.00 -70.59 -48.36
 197.00 -68.45 -21.04
 198.00 -73.71 -41.11
 199.00 -56.67 -46.67
 200.00 -64.22 -36.54
 201.00 -81.37 -32.44
 202.00 -68.32 -38.16
 203.00 -72.52 -40.50
 204.00 -50.98 -43.65
 205.00 -74.91 -32.57
 206.00 -97.57 -45.59
 207.00 -51.63 -22.75
 208.00 -57.20 -27.44
 209.00 -67.36 -27.72
 210.00 -65.75 -49.52
 211.00 -53.35 -52.22
 212.00 -77.18 -51.88
 213.00 -77.59 -20.83
 214.00 -87.41 -25.38
 215.00 -121.09  15.94
 216.00 -166.75 -16.88
 217.00 -50.05  96.77
 218.00 -61.66 -34.67
 219.00 -71.90 -17.72
 220.00 -118.81 -20.21
 221.00 -129.74  17.56
 222.00 -145.03 155.75
 223.00  62.62 116.78
 224.00  83.24  31.98
 225.00 -106.09  13.18
 226.00 -65.42 145.92
 227.00 -154.61 108.78
 228.00 -67.88 141.60
 229.00 -114.16 120.30
 230.00 -70.01 -21.38
 231.00 -51.50 133.83
 232.00 -56.52 -33.55
 233.00 -97.70 -35.33
 234.00 -69.14 -44.43
 235.00 -96.07 -49.61
 236.00 -81.60 -52.39
 237.00 -81.08 -39.63
 238.00 -62.28 -34.74
 239.00 -58.48 -20.34
 240.00 -74.25 -58.55
 241.00 -72.18 -40.87
 242.00 -144.07 -10.65
 243.00 -70.64 -72.82
 244.00 -68.16 -27.75
 245.00 -65.08 -65.85
 246.00 -62.28 -26.30
 247.00 -49.41 -63.94
 248.00 -54.94 -43.89
 249.00 -61.97 -45.60
 250.00 -54.67 -50.94
 251.00 -60.39 -44.25
 252.00 -54.62 -52.64
 253.00 -61.11 -48.72
 254.00 -55.84 -46.17
 255.00 -57.73 -44.45
 256.00 -72.24 -36.45
 257.00 -58.89 -43.86
 258.00 -70.23 -38.86
 259.00 -60.28 -38.01
 260.00 -88.24 -34.18
 261.00 -70.81 -19.25
 262.00 -65.49 -36.18
 263.00 -65.04 -36.22
 264.00 -65.75 -34.60
 1001.00 -77.23 -33.97
 1002.00 -82.10  -9.93
 1003.00 -59.25 -42.60
 1004.00 -63.87 -35.73
 1005.00 -57.09 -52.52
 1006.00 -60.87 -41.29
 1007.00 -71.74 -47.31
 1008.00 -78.79 -19.53
 1009.00 -59.90 -21.08
 1010.00 -61.30 -55.21
 1011.00 -46.33 -45.79
 1012.00 -79.70 -42.39
 1013.00 -65.50 -31.37
 1014.00 -60.56 -44.46
 1015.00 -68.60 -35.43
 1016.00 -66.15 -42.44
 1017.00 -72.71 -42.64
 1018.00 -73.50 -22.76
 1019.00 -78.87 -11.83
 1020.00 -87.50 120.48
 1021.00 -135.85 -12.32
 1022.00 -55.57 137.84
 1023.00 -74.96 -26.91
 1024.00 -72.12 -13.47
 1025.00 -71.13 -42.15
 1026.00 -48.96 -41.42
 1027.00 -52.29 -59.29
 1028.00 -84.72 -43.07
 1029.00 -65.63 -34.83
 1030.00 -75.89 -30.94
 1031.00 -56.61 -45.49
 1032.00 -64.46 -37.59
 1033.00 -73.11 -32.25
 1034.00 -50.38 -44.62
 1035.00 -75.28 -50.20
 1036.00 -66.01 -29.92
 1037.00 -68.17 -40.37
 1038.00 -63.81 -40.59
 1039.00 -51.61 -50.55
 1040.00 -91.43 -30.81
 1041.00  60.12  -0.85
 1042.00  53.09  44.36
 1043.00 -71.61  37.98
 1044.00  85.48 -26.81
 1066.00 -53.77 166.01
 1067.00 -48.48 -31.97
 1068.00 -70.08 -46.38
 1069.00 -73.15 -35.23
 1070.00 -60.53 -32.33
 1071.00 -65.29 -31.92
 1072.00 -52.23 -53.97
 1073.00 -72.10 -29.36
 1074.00 -65.64 -48.26
 1075.00 -73.73 -28.31
 1076.00 -71.42 -27.99
 1077.00 -63.10 -39.49
 1078.00 -48.59 -49.62
 1079.00 -74.14 -44.45
 1080.00 -79.32 -28.20
 1081.00  61.67  17.05
 1082.00 -80.92  11.70
 1083.00 -39.82  57.14
 1084.00 -76.74 -45.95
 1085.00 -65.00 -40.41
 1086.00 -60.08 -43.12
 1087.00 -59.15 -45.77
 1088.00 -55.52 -48.25
 1089.00 -68.32 -35.90
 1090.00 -78.52 -26.92
 1091.00 -68.03 -28.89
 1092.00 -68.70 -33.76
 1093.00 -69.07 -35.93
 1094.00 -58.42 -44.88
 1095.00 -71.42 -42.68
 1096.00 -100.44 -16.77
 1097.00 -47.98 -32.86
 1098.00 -57.87 -44.98
 1099.00 -67.30 -42.16
 1100.00 -68.57 -28.23
 1101.00 -51.13 -51.71
 1102.00 -66.27 -44.03
 1103.00 -65.47 -42.52
 1104.00 -71.77 -39.35
 1105.00 -66.37 -47.07
 313.00 -67.77 -36.58
 314.00 -69.30 -37.27
 315.00 -59.13 -33.05
 316.00 -69.03 -40.03
 317.00 -71.93 -29.70
 318.00 -61.60 -45.64
 319.00 -49.30 -55.16
 320.00 -62.99 -46.49
 321.00 -77.65 -39.10
 322.00 -88.93 -23.45
 323.00 -70.74 -17.74
 324.00 -57.06 -50.35
 325.00 -44.39 -26.89
 326.00 -62.85 -45.69
 327.00 -62.03 -50.64
 328.00 -66.71 -35.82
 329.00 -67.86 -39.78
 330.00 -65.38 -46.88
 331.00 -73.54 -30.40
 332.00 -58.62 -48.53
 333.00 -65.61 -49.83
 334.00 -86.51 -28.07
 335.00 -101.16 -12.33
 336.00 -73.57  -4.28
 337.00 -63.22 -48.35
 338.00 -59.83 -38.44
 339.00 -63.41 -59.51
 340.00 -71.76 -20.15
 341.00 -64.62 -57.33
 342.00 -59.20 -47.45
 343.00 -71.21 -44.95
 344.00 -59.09 -41.66
 345.00 -73.43 -18.30
 346.00 -78.20 -20.31
 347.00 -66.55 -27.09
 348.00 -79.67 -54.34
 349.00 -126.38 150.22
 350.00 -151.88 -28.61
 351.00 -71.26 -48.06
 352.00 -156.98  19.99
 353.00 -137.31 164.28
 354.00 -60.09 124.56
 355.00 -66.90 -23.93
 356.00 -66.31 -46.63
 357.00 -57.70 -50.00
 358.00 -65.40 -37.60
 359.00 -60.60 -46.11
 360.00 -71.35 -44.71
 361.00 -64.30 -41.56
 362.00 -65.14 -38.79
 363.00 -86.53  -4.90
 364.00 -62.68 -58.92
 365.00 -75.96 -35.70
 366.00 -75.40 -27.37
 367.00 -59.39 -19.43
 368.00 -55.83 -46.23
 369.00 -71.93 -40.33
 370.00 -69.49 -23.64
 371.00 -60.03 -32.34
 372.00 -68.18 -31.65
 373.00 -85.59 -24.19
 374.00 -107.14  -6.45
 375.00 -44.12 -32.35
 376.00 -71.99 -37.09
 377.00 -69.82 -18.91
 378.00 -70.93 -31.76
 379.00 -62.46 -52.89
 380.00 -48.06 -40.34
 381.00 -73.91 -52.03
 382.00 -106.61 -33.48
 383.00 -137.02  -5.47
 384.00 -66.73 117.78
 385.00 -75.15 -25.47
 386.00 -65.32 -42.38
 387.00 -62.38 -39.20
 388.00 -62.23 -43.05
 389.00 -71.01 -31.93
 390.00 -63.02 -56.50
 391.00 -78.65 -35.01
 392.00 -101.33  -5.87
 393.00 -64.24 -45.14
 394.00 -72.23 -32.22
 395.00 -115.55  -5.07
 396.00  57.20  17.68
 397.00 -71.99  21.63
 398.00 -131.35 103.17


