 residuo Phi Psi
  69.00 -73.49 118.60
  70.00 -37.93  -3.76
  71.00 -52.51 -58.81
  72.00 -59.57 -56.95
  73.00 -73.99 -24.87
  74.00 -61.35 -49.82
  75.00 -62.68 -42.71
  76.00 -55.07 -46.42
  77.00 -82.29 -37.55
  78.00 -62.12 -22.07
  79.00 -62.96 -50.70
  80.00 -60.60 -53.57
  81.00 -51.57 -40.43
  82.00 -68.02 -33.23
  83.00 -53.09 -43.59
  84.00 -63.02 -41.53
  85.00 -59.85 -56.02
  86.00 -66.14 -41.41
  87.00 -76.92 -19.33
  88.00 -66.24 -41.20
  89.00 -58.66 -60.17
  90.00 -48.05 -60.46
  91.00 -68.74 -36.89
  92.00 -62.52 -32.74
  93.00 -54.09 -43.26
  94.00 -81.44 -36.57
  95.00 -58.74 -43.33
  96.00 -61.37 -44.01
  97.00 -61.73 -53.62
  98.00 -72.01 -32.93
  99.00 -89.34 -16.67
 100.00 -90.51 -50.68
 101.00 -76.31 -41.91
 102.00 -59.70 122.35
 103.00 -76.94 -42.07
 104.00 -105.82  -2.47
 105.00 -75.10  -5.05
 106.00 -141.51  92.96
 107.00 -74.02 167.64
 108.00 -62.13 -37.25
 109.00 -69.34 -32.78
 110.00 -75.31 -29.46
 111.00 -56.82 -39.99
 112.00 -70.50 -38.76
 113.00 -65.11 -38.43
 114.00 -60.78 -30.98
 115.00 -73.53 -24.41
 116.00 -71.72 -43.30
 117.00 -65.88 -34.39
 118.00 -63.53 -38.53
 119.00 -78.84 -37.31
 120.00 -59.45 -29.58
 121.00 -50.44 -54.78
 122.00 -52.66 -40.80
 123.00 -50.30 -59.39
 124.00 -67.72 -45.38
 125.00 -101.15 -58.06
 126.00 -135.32  -8.00
 127.00 -66.78 -43.09
 128.00 -82.07 -26.42
 129.00 -65.41 -35.24
 130.00 -54.51 -42.83
 131.00 -65.87 -50.05
 132.00 -67.91 -38.41
 133.00 -50.55 -47.90
 134.00 -74.30 -34.94
 135.00 -54.68 -46.24
 136.00 -68.76 -34.86
 137.00  82.04  13.37
 138.00  48.24  34.90
 139.00 -135.45  52.23
 140.00 -74.15 161.52
 141.00 -86.11 130.18
 142.00 -113.03 -14.81
 143.00 -67.39 169.38
 144.00 -55.63 154.60
 145.00 -56.93 -54.86
 146.00 -102.39   0.10
 147.00 -74.19  -3.04
 148.00 -43.27 -57.61
 149.00 -66.54 -58.75
 150.00 -77.01 -25.92
 151.00 -63.97 -65.17
 152.00 -46.40 -14.22
 153.00 -60.62 -36.66
 154.00 -72.10 -49.09
 155.00 -86.74 -22.92
 156.00 -64.67 -35.91
 157.00 -64.21 -56.61
 158.00 -67.55 -28.75
 159.00 -50.84 -58.93
 160.00 -80.42 -48.87
 161.00 -68.25 -19.96
 162.00 -67.14 -46.58
 163.00 -77.54 -30.31
 164.00 -74.42 -25.62
 165.00 -61.13 -36.89
 166.00 -52.83 -44.20
 167.00 -70.01 -50.69
 168.00 -65.32 -40.46
 169.00 -69.49 -47.19
 170.00 -61.63 -34.77
 171.00 -88.16 -26.69
 172.00 -55.44 -42.71
 173.00 -55.05 -50.14
 174.00 -73.36 -33.03
 175.00 -54.69 -41.19
 176.00 -89.81 -39.88
 177.00 -94.33  15.24
 178.00 -122.50  15.46
 179.00 -61.33 134.68
 180.00 -124.79 -11.31
 181.00 -53.46  15.00
 182.00 -78.59 -25.13
 183.00 -55.36   7.11
 184.00 -50.95 134.10
 185.00 -79.24 -37.84
 186.00 -141.96 128.64
 187.00 -88.87 152.10
 188.00 -88.00 139.88
 189.00 -64.20 -33.51
 190.00 -58.14 -40.65
 191.00 -53.15 -55.03
 192.00 -58.01 -50.77
 193.00 -60.31 -57.71
 194.00 -61.80 -34.56
 195.00 -76.22 -36.06
 196.00 -74.85 -30.74
 197.00 -62.05 -36.85
 198.00 -77.88 -39.40
 199.00 -51.05 -34.51
 200.00 -63.30 -40.80
 201.00 -70.74 -36.63
 202.00 -61.06 -47.04
 203.00 -50.26 -43.86
 204.00 -70.54 -50.37
 205.00 -73.81 -28.21
 206.00 -83.68 -33.76
 207.00 -48.86 -16.44
 208.00 -54.35 -47.18
 209.00 -83.08  -9.16
 210.00 -79.64 -50.91
 211.00 -54.70  -9.22
 212.00 -74.73 -63.80
 213.00 -39.69 -55.90
 214.00 -97.19 -35.73
 215.00 -64.66 -24.22
 216.00 -159.16 -35.88
 217.00 -71.61 119.61
 218.00 -71.96 -19.23
 219.00 -60.45  -8.83
 220.00 -127.06 -34.47
 221.00 -129.02   6.51
 222.00 -163.42 139.59
 223.00  42.58 139.01
 224.00  80.27  44.59
 225.00 -103.06  -5.80
 226.00 -83.24 159.42
 227.00 -119.14  86.68
 228.00 -71.20 139.17
 229.00 -84.48  73.87
 230.00 -70.28  -3.87
 231.00 -59.99 131.33
 232.00 -79.74 -24.21
 233.00 -68.89 -24.26
 234.00 -69.85 -44.06
 235.00 -107.04 -37.05
 236.00 -128.96 -15.63
 237.00 -67.21 -58.56
 238.00 -66.06 -21.44
 239.00 -67.38 -24.00
 240.00 -69.02 -47.48
 241.00 -86.54 -30.16
 242.00 -153.05 -11.22
 243.00 -77.99 -55.37
 244.00 -67.75 -30.59
 245.00 -59.02 -59.60
 246.00 -65.53 -25.68
 247.00 -66.00 -47.85
 248.00 -69.44 -25.18
 249.00 -53.51 -57.35
 250.00 -79.79 -61.42
 251.00 -76.28 -15.45
 252.00 -60.76 -42.62
 253.00 -60.23 -40.99
 254.00 -55.22 -49.56
 255.00 -72.06 -41.08
 256.00 -56.78 -36.22
 257.00 -55.06 -59.53
 258.00 -57.95 -36.33
 259.00 -53.73 -51.21
 260.00 -58.44 -51.63
 261.00 -88.90 -22.99
 262.00 -53.25 -42.24
 263.00 -71.86 -40.41
 264.00 -67.78 -28.33
 1001.00 -78.92 -17.22
 1002.00 -65.01 -25.32
 1003.00 -66.06 -37.98
 1004.00 -58.06 -42.03
 1005.00 -75.62 -28.17
 1006.00 -63.91 -45.15
 1007.00 -66.36 -30.86
 1008.00 -65.53 -44.06
 1009.00 -67.65 -37.96
 1010.00 -61.46 -42.71
 1011.00 -62.07 -40.34
 1012.00 -60.69 -43.32
 1013.00 -67.65 -46.54
 1014.00 -73.47 -28.35
 1015.00 -62.88 -47.45
 1016.00 -53.60 -40.80
 1017.00 -71.40 -43.93
 1018.00 -71.94 -45.40
 1019.00 -59.59 -25.44
 1020.00 -97.88 147.57
 1021.00 -149.40 -29.06
 1022.00 -52.77 151.46
 1023.00 -51.49 -40.09
 1024.00 -70.28 -40.61
 1025.00 -59.13 -47.08
 1026.00 -69.45 -37.84
 1027.00 -74.39 -38.40
 1028.00 -55.70 -51.10
 1029.00 -71.96 -44.49
 1030.00 -58.70 -31.72
 1031.00 -62.62 -42.63
 1032.00 -63.08 -45.17
 1033.00 -60.71 -42.23
 1034.00 -67.19 -39.77
 1035.00 -52.89 -53.85
 1036.00 -83.55 -30.46
 1037.00 -71.74 -27.23
 1038.00 -68.41 -43.16
 1039.00 -55.57 -27.52
 1040.00 -85.22 -51.42
 1041.00  40.82 -23.04
 1042.00  97.04  50.17
 1043.00 -55.18   5.83
 1044.00  75.78 -27.06
 1066.00 -60.22 148.53
 1067.00 -46.30 -28.69
 1068.00 -64.27 -35.03
 1069.00 -72.99 -28.48
 1070.00 -61.52 -36.93
 1071.00 -75.92 -34.19
 1072.00 -52.70 -36.15
 1073.00 -46.13 -53.99
 1074.00 -102.92 -17.80
 1075.00 -59.03 -41.91
 1076.00 -45.53 -35.07
 1077.00 -88.65 -38.07
 1078.00 -58.58 -43.91
 1079.00 -64.51 -43.75
 1080.00 -75.50 -30.79
 1081.00 117.74 -25.83
 1082.00 -75.58 -26.08
 1083.00 -67.92  82.45
 1084.00 -67.66 -35.42
 1085.00 -64.19 -37.85
 1086.00 -66.67 -44.11
 1087.00 -54.30 -42.25
 1088.00 -78.85 -30.96
 1089.00 -56.02 -34.47
 1090.00 -48.19 -52.54
 1091.00 -70.05 -33.59
 1092.00 -83.65 -31.09
 1093.00 -73.22 -25.85
 1094.00 -46.82 -41.20
 1095.00 -64.69 -63.64
 1096.00 -72.93 -25.65
 1097.00 -63.54 -46.85
 1098.00 -65.82 -32.01
 1099.00 -62.64 -35.07
 1100.00 -76.67 -32.53
 1101.00 -67.13 -29.45
 1102.00 -74.69 -21.75
 1103.00 -69.53 -50.60
 1104.00 -68.04 -37.99
 1105.00 -55.13 -38.51
 313.00 -69.42 -38.04
 314.00 -71.77 -33.91
 315.00 -78.25 -30.18
 316.00 -77.13 -21.34
 317.00 -53.86 -37.32
 318.00 -51.93 -52.65
 319.00 -64.40 -46.00
 320.00 -63.14 -41.03
 321.00 -69.32 -35.82
 322.00 -77.85 -41.31
 323.00 -69.92 -28.68
 324.00 -62.54 -39.18
 325.00 -69.83 -29.21
 326.00 -84.40 -31.30
 327.00 -64.45 -34.32
 328.00 -72.65 -30.79
 329.00 -51.77 -46.40
 330.00 -84.02 -45.15
 331.00 -86.70  -6.00
 332.00 -61.01 -49.50
 333.00 -77.23 -39.57
 334.00 -79.88 -29.23
 335.00 -85.00 -34.00
 336.00 -64.79 -35.08
 337.00 -57.58 -31.53
 338.00 -64.60 -45.32
 339.00 -65.77 -53.31
 340.00 -55.99 -40.98
 341.00 -60.66 -51.05
 342.00 -62.70 -37.07
 343.00 -59.55 -38.01
 344.00 -56.64 -49.12
 345.00 -61.94 -39.35
 346.00 -80.98 -26.70
 347.00 -82.90 -38.01
 348.00 -66.37 -45.48
 349.00 -152.25 160.56
 350.00 -65.43 -75.49
 351.00 -91.87 -20.89
 352.00 -151.34   9.07
 353.00 -123.47 168.20
 354.00 -68.09 154.67
 355.00 -72.46 -36.75
 356.00 -78.68 -31.59
 357.00 -78.19 -37.30
 358.00 -51.35 -37.52
 359.00 -67.61 -40.09
 360.00 -68.50 -35.46
 361.00 -58.02 -52.40
 362.00 -79.28 -24.51
 363.00 -99.97 -17.62
 364.00 -60.98 -47.87
 365.00 -64.24 -28.66
 366.00 -77.53 -42.57
 367.00 -64.94 -27.99
 368.00 -62.10 -31.59
 369.00 -55.12 -42.01
 370.00 -72.32 -13.13
 371.00 -58.97 -30.98
 372.00 -84.19 -18.82
 373.00 -132.42 -10.76
 374.00 -132.04  31.56
 375.00 -59.31 -21.79
 376.00 -55.53 -35.27
 377.00 -71.83 -35.80
 378.00 -53.38 -44.84
 379.00 -64.86 -49.88
 380.00 -70.03 -30.17
 381.00 -71.92 -43.59
 382.00 -108.38 -37.93
 383.00 -118.05 -28.37
 384.00 -51.62 100.43
 385.00 -72.88 -27.33
 386.00 -69.83 -36.29
 387.00 -51.62 -45.38
 388.00 -59.16 -58.73
 389.00 -80.07 -37.69
 390.00 -58.62 -41.23
 391.00 -68.24 -38.18
 392.00 -52.84 -35.88
 393.00 -62.66 -52.84
 394.00 -68.64 -48.09
 395.00 -116.48  -3.70
 396.00  60.89   8.48
 397.00 -99.74  24.54
 398.00 -48.79  42.93


