 residuo Phi Psi
  69.00 -69.12 151.83
  70.00 -121.51 158.82
  71.00 -52.12 -20.02
  72.00 -81.45 -44.35
  73.00 -91.78  -9.90
  74.00 -45.28 -36.85
  75.00 -66.65 -41.07
  76.00 -47.47 -46.08
  77.00 -61.36 -50.10
  78.00 -36.96 -61.82
  79.00 -80.73 -39.31
  80.00 -83.31 -18.68
  81.00 -48.31 -44.64
  82.00 -48.63 -32.53
  83.00 -63.05 -52.54
  84.00 -63.30 -40.00
  85.00 -74.18 -43.13
  86.00 -53.84 -39.95
  87.00 -76.91 -37.30
  88.00 -75.17 -44.43
  89.00 -75.92 -53.65
  90.00 -65.31 -26.65
  91.00 -58.45 -54.68
  92.00 -53.42 -34.12
  93.00 -73.15 -40.32
  94.00 -67.35 -30.67
  95.00 -64.72 -40.93
  96.00 -79.39 -40.29
  97.00 -54.72 -33.55
  98.00 -53.22 -66.29
  99.00 -65.10 -27.17
 100.00 -90.75 -47.58
 101.00 -87.55 -40.80
 102.00 -56.75 115.95
 103.00 -62.42 -41.89
 104.00 -97.18 -12.14
 105.00 -66.13 -11.72
 106.00 -144.16  76.36
 107.00 -52.18 161.19
 108.00 -60.02 -41.74
 109.00 -72.27 -44.33
 110.00 -70.51 -22.48
 111.00 -65.40 -34.42
 112.00 -66.52 -46.91
 113.00 -64.29 -30.06
 114.00 -72.01 -31.33
 115.00 -60.15 -34.01
 116.00 -66.62 -41.53
 117.00 -63.51 -40.94
 118.00 -60.67 -36.07
 119.00 -48.37 -59.28
 120.00 -63.04 -46.23
 121.00 -55.35 -53.99
 122.00 -63.68 -41.34
 123.00 -67.81 -41.06
 124.00 -84.96 -36.43
 125.00 -122.47 -25.30
 126.00 -91.74 -33.86
 127.00 -61.44 -53.62
 128.00 -60.94 -46.30
 129.00 -63.98 -41.88
 130.00 -69.33 -31.30
 131.00 -74.81 -39.05
 132.00 -61.37 -38.33
 133.00 -51.30 -41.42
 134.00 -64.01 -38.64
 135.00 -65.49 -45.34
 136.00 -78.59 -42.14
 137.00  78.33  10.51
 138.00  69.74  50.31
 139.00 -131.09  39.31
 140.00 -66.93 152.76
 141.00 -71.42 110.67
 142.00 -78.60 -30.22
 143.00 -62.44 163.36
 144.00 -70.78 163.80
 145.00 -68.90 -37.87
 146.00 -80.33 -14.74
 147.00 -62.07  -8.34
 148.00 -51.80 -59.87
 149.00 -77.18 -32.01
 150.00 -104.61 -12.99
 151.00 -62.21 -34.88
 152.00 -54.57 -27.71
 153.00 -70.36 -47.16
 154.00 -50.14 -48.40
 155.00 -65.12 -48.12
 156.00 -55.63 -50.08
 157.00 -69.08 -48.07
 158.00 -68.76 -38.32
 159.00 -72.37 -35.00
 160.00 -64.74 -38.53
 161.00 -60.92 -35.93
 162.00 -53.74 -59.85
 163.00 -62.75 -47.18
 164.00 -69.29 -44.23
 165.00 -66.66 -32.28
 166.00 -82.51 -30.81
 167.00 -63.68 -38.22
 168.00 -41.51 -60.64
 169.00 -58.53 -50.10
 170.00 -69.42 -42.50
 171.00 -70.58 -36.69
 172.00 -68.85 -48.45
 173.00 -60.94 -37.80
 174.00 -72.00 -42.02
 175.00 -66.65 -25.77
 176.00 -69.49 -44.07
 177.00 -88.47 -15.49
 178.00 -70.65  -4.94
 179.00 -69.51 153.39
 180.00 -128.61 -20.86
 181.00 -74.87  23.41
 182.00 -87.70  -9.84
 183.00 -62.32   0.02
 184.00 -62.38 140.43
 185.00 -56.14 -48.47
 186.00 -164.53 149.99
 187.00 -81.87 142.15
 188.00 -64.62 130.11
 189.00 -62.50 -38.57
 190.00 -64.35 -42.50
 191.00 -69.00 -44.32
 192.00 -66.63 -39.41
 193.00 -52.92 -43.28
 194.00 -64.82 -44.51
 195.00 -50.46 -45.40
 196.00 -53.19 -53.94
 197.00 -76.91 -38.05
 198.00 -80.77 -33.87
 199.00 -63.98 -26.36
 200.00 -63.06 -48.85
 201.00 -70.39 -28.64
 202.00 -65.20 -43.90
 203.00 -68.06 -27.42
 204.00 -72.44 -40.22
 205.00 -86.88 -14.17
 206.00 -89.78 -32.75
 207.00 -54.45 -33.27
 208.00 -46.52 -35.26
 209.00 -69.71 -31.73
 210.00 -69.01 -58.17
 211.00 -74.90  -6.77
 212.00 -91.50 -53.49
 213.00 -59.00 -52.94
 214.00 -66.80 -24.39
 215.00 -83.25 -42.45
 216.00 -144.64  -7.64
 217.00 -47.74  90.80
 218.00 -64.42 -20.86
 219.00 -103.89 -11.79
 220.00 -137.19  -7.25
 221.00 -129.53  -1.60
 222.00 -129.11 145.58
 223.00  50.43 117.67
 224.00 155.51  -1.34
 225.00 -91.87 -26.74
 226.00 -54.74 133.40
 227.00 -138.83  95.66
 228.00 -49.66 139.37
 229.00 -113.40 116.02
 230.00 -84.13  -9.82
 231.00 -59.97 101.52
 232.00 -54.43 -30.62
 233.00 -75.70 -35.39
 234.00 -90.62 -17.48
 235.00 -80.94 -50.76
 236.00 -102.35 -38.63
 237.00 -66.07 -47.83
 238.00 -69.50 -15.52
 239.00 -65.36 -22.93
 240.00 -73.28 -58.12
 241.00 -63.19 -40.87
 242.00 -140.43 -28.79
 243.00 -64.56 -60.31
 244.00 -59.96 -33.44
 245.00 -64.62 -64.69
 246.00 -69.88 -19.62
 247.00 -65.83 -50.75
 248.00 -56.36 -52.92
 249.00 -68.90 -32.91
 250.00 -65.78 -55.07
 251.00 -78.53 -34.16
 252.00 -59.55 -35.49
 253.00 -64.56 -43.48
 254.00 -40.31 -51.00
 255.00 -70.54 -49.41
 256.00 -66.92 -39.10
 257.00 -61.81 -49.49
 258.00 -79.54 -32.65
 259.00 -62.24 -30.19
 260.00 -66.47 -33.00
 261.00 -65.07 -34.16
 262.00 -64.03 -44.71
 263.00 -58.50 -35.79
 264.00 -72.53 -46.23
 1001.00 -67.72 -35.26
 1002.00 -69.43 -22.48
 1003.00 -83.49 -25.10
 1004.00 -68.22 -25.78
 1005.00 -67.56 -30.11
 1006.00 -52.27 -41.40
 1007.00 -60.89 -56.48
 1008.00 -60.14 -40.04
 1009.00 -76.89 -29.90
 1010.00 -63.44 -40.03
 1011.00 -68.67 -24.32
 1012.00 -64.68 -56.36
 1013.00 -64.02 -30.42
 1014.00 -92.71 -15.72
 1015.00 -78.03 -23.63
 1016.00 -61.39 -45.00
 1017.00 -73.36 -38.44
 1018.00 -79.79 -26.99
 1019.00 -62.39 -40.56
 1020.00 -90.52 133.07
 1021.00 -144.58  10.81
 1022.00 -63.87 140.19
 1023.00 -50.80 -28.12
 1024.00 -72.32 -50.72
 1025.00 -66.87 -33.00
 1026.00 -56.94 -40.71
 1027.00 -69.06 -40.40
 1028.00 -64.07 -42.57
 1029.00 -63.35 -50.15
 1030.00 -64.28 -31.74
 1031.00 -66.23 -45.51
 1032.00 -71.00 -28.78
 1033.00 -60.53 -38.90
 1034.00 -60.24 -53.69
 1035.00 -80.91 -25.60
 1036.00 -65.30 -47.42
 1037.00 -60.21 -30.02
 1038.00 -56.81 -53.57
 1039.00 -73.09 -25.85
 1040.00 -88.78 -45.10
 1041.00  41.09  -3.39
 1042.00  96.25  35.09
 1043.00 -74.54   4.27
 1044.00  78.48 -22.15
 1066.00 -72.52 154.27
 1067.00 -56.49  -9.11
 1068.00 -53.60 -45.85
 1069.00 -69.44 -29.86
 1070.00 -73.01 -34.35
 1071.00 -62.67 -31.47
 1072.00 -55.34 -40.08
 1073.00 -59.26 -56.35
 1074.00 -61.98 -40.20
 1075.00 -75.88 -43.77
 1076.00 -59.21 -23.77
 1077.00 -63.94 -47.80
 1078.00 -66.48 -34.01
 1079.00 -76.67 -37.08
 1080.00 -71.52 -34.24
 1081.00  86.41   2.02
 1082.00 -82.78   3.89
 1083.00 -36.89  57.02
 1084.00 -72.99 -52.30
 1085.00 -72.37 -31.28
 1086.00 -81.54 -33.72
 1087.00 -69.27 -25.33
 1088.00 -72.57 -29.42
 1089.00 -60.82 -42.37
 1090.00 -66.41 -35.61
 1091.00 -69.02 -51.51
 1092.00 -71.92 -20.95
 1093.00 -68.70 -39.23
 1094.00 -45.95 -31.80
 1095.00 -81.85 -54.47
 1096.00 -65.28 -27.08
 1097.00 -54.96 -44.65
 1098.00 -56.46 -39.80
 1099.00 -63.77 -45.41
 1100.00 -72.86 -34.23
 1101.00 -52.56 -48.01
 1102.00 -75.71 -28.20
 1103.00 -54.71 -45.80
 1104.00 -70.72 -50.65
 1105.00 -63.72 -42.54
 313.00 -66.63 -32.54
 314.00 -74.56 -36.69
 315.00 -69.41 -26.64
 316.00 -69.34 -29.51
 317.00 -58.88 -34.82
 318.00 -75.70 -41.60
 319.00 -58.10 -43.31
 320.00 -61.26 -52.62
 321.00 -67.70 -25.38
 322.00 -57.28 -42.95
 323.00 -74.27 -34.58
 324.00 -69.08 -39.86
 325.00 -67.93 -22.46
 326.00 -58.69 -48.52
 327.00 -73.77 -39.31
 328.00 -74.67 -29.76
 329.00 -71.54 -33.67
 330.00 -59.28 -58.82
 331.00 -55.89 -33.56
 332.00 -65.00 -57.54
 333.00 -64.81 -47.94
 334.00 -85.63 -29.44
 335.00 -90.24 -24.14
 336.00 -65.87 -13.90
 337.00 -53.49 -50.41
 338.00 -58.60 -38.70
 339.00 -61.74 -44.71
 340.00 -47.36 -57.74
 341.00 -81.40 -43.70
 342.00 -73.94 -33.06
 343.00 -60.34 -35.83
 344.00 -65.07 -46.87
 345.00 -61.04 -31.49
 346.00 -77.11 -22.58
 347.00 -89.07 -37.51
 348.00 -67.88 -53.61
 349.00 -144.31 142.50
 350.00 -127.23 -28.86
 351.00 -74.48 -25.01
 352.00 -127.73 -24.83
 353.00 -89.16 150.86
 354.00 -48.42 101.89
 355.00 -67.64 -23.95
 356.00 -72.83 -46.50
 357.00 -54.96 -36.97
 358.00 -66.99 -47.33
 359.00 -64.49 -26.45
 360.00 -68.65 -42.97
 361.00 -56.60 -37.97
 362.00 -62.59 -45.89
 363.00 -89.91 -26.86
 364.00 -58.24 -45.47
 365.00 -71.28 -32.07
 366.00 -86.29 -41.12
 367.00 -58.19 -25.17
 368.00 -64.40 -44.50
 369.00 -55.26 -51.73
 370.00 -63.23 -32.62
 371.00 -66.99 -13.10
 372.00 -76.79 -23.85
 373.00 -84.81 -12.93
 374.00 -78.57 -11.87
 375.00 -62.70 -34.82
 376.00 -65.52 -39.74
 377.00 -77.55 -22.87
 378.00 -68.68 -32.95
 379.00 -56.15 -59.72
 380.00 -68.52 -25.59
 381.00 -85.89 -37.18
 382.00 -100.31 -42.55
 383.00 -137.58   0.33
 384.00 -49.69 105.43
 385.00 -79.89 -31.33
 386.00 -67.04 -38.31
 387.00 -60.88 -44.67
 388.00 -59.02 -32.24
 389.00 -70.26 -43.92
 390.00 -52.20 -59.68
 391.00 -76.47 -34.02
 392.00 -83.83 -12.12
 393.00 -75.73 -39.07
 394.00 -73.83 -45.28
 395.00 -89.49 -14.21
 396.00  58.63  -2.72
 397.00 -102.94  29.34
 398.00 -97.04 154.77


