 residuo Phi Psi
  69.00 -79.16 135.69
  70.00 -87.53 111.28
  71.00 -57.17  13.76
  72.00 -86.30 -29.13
  73.00 -59.87 -37.75
  74.00 -61.93 -43.91
  75.00 -59.36 -36.86
  76.00 -54.27 -56.16
  77.00 -69.84 -47.62
  78.00 -64.07 -37.64
  79.00 -48.89 -47.70
  80.00 -74.47 -36.53
  81.00 -61.19 -33.29
  82.00 -45.11 -42.52
  83.00 -75.32 -48.31
  84.00 -77.70 -22.41
  85.00 -59.02 -47.60
  86.00 -70.07 -44.89
  87.00 -64.37 -30.07
  88.00 -65.08 -51.64
  89.00 -67.42 -53.08
  90.00 -75.43 -24.29
  91.00 -66.93 -72.83
  92.00 -51.50 -24.99
  93.00 -71.99 -35.85
  94.00 -60.06 -34.63
  95.00 -64.05 -43.11
  96.00 -70.58 -50.23
  97.00 -58.05 -33.19
  98.00 -64.20 -51.70
  99.00 -81.56 -28.18
 100.00 -93.95 -42.55
 101.00 -83.14 -27.72
 102.00 -63.79 113.40
 103.00 -57.86 -30.70
 104.00 -100.17 -23.46
 105.00 -76.26   8.32
 106.00 -157.01  83.52
 107.00 -68.66 171.82
 108.00 -54.94 -35.01
 109.00 -68.02 -50.27
 110.00 -58.49 -38.52
 111.00 -74.14 -32.79
 112.00 -68.73 -39.55
 113.00 -71.02 -36.80
 114.00 -63.27 -20.97
 115.00 -75.77 -28.62
 116.00 -68.80 -42.32
 117.00 -56.88 -45.17
 118.00 -58.41 -40.95
 119.00 -73.12 -40.64
 120.00 -77.32 -27.99
 121.00 -82.42 -33.16
 122.00 -58.45 -38.27
 123.00 -73.88 -44.30
 124.00 -82.79 -14.81
 125.00 -129.92 -35.26
 126.00 -95.80 -39.23
 127.00 -59.36 -61.72
 128.00 -72.59 -34.57
 129.00 -73.10 -36.64
 130.00 -63.79 -35.04
 131.00 -54.92 -47.35
 132.00 -63.06 -47.85
 133.00 -44.49 -38.47
 134.00 -78.30 -28.80
 135.00 -68.80 -43.53
 136.00 -83.31 -25.43
 137.00  92.63   2.79
 138.00  59.96  41.12
 139.00 -142.71  56.88
 140.00 -59.54 156.20
 141.00 -91.37 121.54
 142.00 -137.84  21.19
 143.00 -63.95 179.74
 144.00 -55.55 149.91
 145.00 -66.02 -38.34
 146.00 -90.32 -17.63
 147.00 -63.65  -4.50
 148.00 -65.83 -57.31
 149.00 -64.58 -42.31
 150.00 -84.84 -25.31
 151.00 -67.66 -27.30
 152.00 -41.48 -44.31
 153.00 -71.37 -34.61
 154.00 -71.24 -40.55
 155.00 -70.88 -39.44
 156.00 -62.71 -50.67
 157.00 -62.78 -59.92
 158.00 -76.80 -29.01
 159.00 -60.54 -46.44
 160.00 -62.39 -43.65
 161.00 -53.97 -43.79
 162.00 -70.46 -47.90
 163.00 -68.04 -40.69
 164.00 -55.50 -31.48
 165.00 -53.98 -56.91
 166.00 -69.10 -42.09
 167.00 -60.33 -46.42
 168.00 -78.09 -38.30
 169.00 -65.40 -26.02
 170.00 -54.56 -48.79
 171.00 -62.20 -41.78
 172.00 -77.42 -48.21
 173.00 -91.60  -3.89
 174.00 -89.05 -31.19
 175.00 -50.69 -35.75
 176.00 -69.31 -37.12
 177.00 -72.14 -16.67
 178.00 -91.89 -23.60
 179.00 -59.07 139.41
 180.00 -135.77  -7.73
 181.00 -63.99  18.64
 182.00 -81.61 -16.57
 183.00 -79.23   8.83
 184.00 -104.31 142.96
 185.00 -66.53 -14.00
 186.00 -128.90 148.80
 187.00 -147.80 -169.17
 188.00 -81.83 154.32
 189.00 -62.42 -24.49
 190.00 -52.80 -63.72
 191.00 -73.01 -43.58
 192.00 -72.43 -29.71
 193.00 -67.98 -36.50
 194.00 -77.99 -24.74
 195.00 -46.52 -48.54
 196.00 -69.67 -48.06
 197.00 -65.06 -27.82
 198.00 -61.26 -49.26
 199.00 -67.64 -39.47
 200.00 -63.96 -36.39
 201.00 -66.17 -47.70
 202.00 -62.34 -39.92
 203.00 -56.68 -41.24
 204.00 -63.74 -44.29
 205.00 -73.86 -25.53
 206.00 -93.84 -30.07
 207.00 -39.71 -41.14
 208.00 -57.02 -46.44
 209.00 -68.92 -23.46
 210.00 -67.72 -54.50
 211.00 -81.62 -27.50
 212.00 -90.93 -46.19
 213.00 -67.70 -34.64
 214.00 -79.14 -23.07
 215.00 -66.35 -36.57
 216.00 -139.42 -32.75
 217.00 -61.12 114.95
 218.00 -76.52 -22.62
 219.00 -80.56  -6.40
 220.00 -147.07 -15.88
 221.00 -131.72   3.87
 222.00 -144.91 138.07
 223.00  52.61 120.11
 224.00  74.57  47.87
 225.00 -105.09   0.13
 226.00 -82.81 146.55
 227.00 -147.43 105.14
 228.00 -51.97 138.71
 229.00 -136.04 133.14
 230.00 -94.09 -11.37
 231.00 -66.50 139.93
 232.00 -61.37 -18.08
 233.00 -105.82 -29.71
 234.00 -71.93 -37.22
 235.00 -112.00 -42.94
 236.00 -90.82 -30.02
 237.00 -55.90 -52.67
 238.00 -65.82 -42.76
 239.00 -68.30 -24.41
 240.00 -75.16 -50.94
 241.00 -85.04 -26.95
 242.00 -135.64 -14.02
 243.00 -72.53 -57.80
 244.00 -56.11 -40.06
 245.00 -62.69 -59.02
 246.00 -43.39 -46.88
 247.00 -70.59 -52.76
 248.00 -68.10 -28.57
 249.00 -63.80 -60.44
 250.00 -69.08 -38.95
 251.00 -79.34 -33.04
 252.00 -43.50 -53.72
 253.00 -58.92 -40.92
 254.00 -62.96 -56.00
 255.00 -60.95 -44.04
 256.00 -76.31 -24.11
 257.00 -51.79 -60.42
 258.00 -59.78 -45.44
 259.00 -74.90 -38.86
 260.00 -73.71 -26.09
 261.00 -55.32 -34.91
 262.00 -60.58 -50.13
 263.00 -63.77 -30.25
 264.00 -77.04 -40.78
 1001.00 -54.69 -53.07
 1002.00 -65.76 -33.90
 1003.00 -65.23 -37.97
 1004.00 -81.08 -28.02
 1005.00 -69.91 -27.93
 1006.00 -75.05 -38.43
 1007.00 -62.84 -30.61
 1008.00 -61.73 -41.02
 1009.00 -65.02 -50.24
 1010.00 -80.27 -41.03
 1011.00 -67.11 -17.86
 1012.00 -63.95 -51.13
 1013.00 -58.35 -42.45
 1014.00 -60.65 -39.53
 1015.00 -65.12 -35.80
 1016.00 -60.37 -42.44
 1017.00 -65.52 -44.90
 1018.00 -92.47 -18.86
 1019.00 -69.81 -27.26
 1020.00 -134.16 160.10
 1021.00 -146.12   1.92
 1022.00 -58.80 138.73
 1023.00 -60.86 -28.65
 1024.00 -69.28 -54.65
 1025.00 -64.02 -35.49
 1026.00 -61.97 -34.42
 1027.00 -52.37 -58.92
 1028.00 -74.19 -34.81
 1029.00 -60.23 -37.22
 1030.00 -70.87 -30.66
 1031.00 -58.51 -47.15
 1032.00 -65.89 -43.19
 1033.00 -51.41 -42.56
 1034.00 -73.60 -37.74
 1035.00 -67.06 -45.81
 1036.00 -76.95 -33.28
 1037.00 -66.33 -26.79
 1038.00 -76.46 -33.85
 1039.00 -48.26 -42.78
 1040.00 -68.79 -43.97
 1041.00  40.81  -5.33
 1042.00  78.15  40.37
 1043.00 -52.58   2.10
 1044.00  70.45 -11.23
 1066.00 -92.47 156.17
 1067.00 -55.52  10.54
 1068.00 -63.86 -36.38
 1069.00 -65.88 -32.55
 1070.00 -91.46 -15.25
 1071.00 -64.43 -24.65
 1072.00 -76.61 -35.41
 1073.00 -52.51 -30.42
 1074.00 -68.51 -43.72
 1075.00 -71.63 -40.99
 1076.00 -64.12 -37.07
 1077.00 -66.31 -38.53
 1078.00 -56.52 -42.06
 1079.00 -68.63 -47.67
 1080.00 -77.47 -26.63
 1081.00  72.98   4.52
 1082.00 -76.22   0.86
 1083.00 -49.68  64.65
 1084.00 -66.85 -40.87
 1085.00 -57.79 -44.39
 1086.00 -69.42 -40.21
 1087.00 -78.72 -35.90
 1088.00 -73.76 -24.47
 1089.00 -40.34 -44.93
 1090.00 -71.47 -47.06
 1091.00 -67.52 -25.53
 1092.00 -73.33 -41.05
 1093.00 -64.42 -29.61
 1094.00 -52.26 -37.83
 1095.00 -63.01 -58.52
 1096.00 -64.58 -38.84
 1097.00 -52.62 -41.14
 1098.00 -69.47 -45.66
 1099.00 -71.34 -31.09
 1100.00 -76.18 -36.61
 1101.00 -53.39 -37.76
 1102.00 -67.47 -49.83
 1103.00 -75.30 -23.53
 1104.00 -73.17 -38.06
 1105.00 -72.25 -38.09
 313.00 -73.45 -30.25
 314.00 -72.72 -29.34
 315.00 -65.17 -44.11
 316.00 -63.15 -31.55
 317.00 -63.52 -43.99
 318.00 -77.12 -32.89
 319.00 -62.68 -41.32
 320.00 -56.22 -51.24
 321.00 -61.84 -39.00
 322.00 -83.03 -31.51
 323.00 -59.30 -23.50
 324.00 -56.71 -51.54
 325.00 -54.71 -35.75
 326.00 -79.57 -28.39
 327.00 -55.04 -42.19
 328.00 -60.49 -44.84
 329.00 -71.39 -53.16
 330.00 -72.01 -44.70
 331.00 -72.64 -27.83
 332.00 -64.60 -51.04
 333.00 -62.40 -39.28
 334.00 -87.34 -43.22
 335.00 -103.74  -1.36
 336.00 -57.87 -18.02
 337.00 -54.28 -49.24
 338.00 -60.77 -38.84
 339.00 -57.80 -62.80
 340.00 -51.23 -40.48
 341.00 -71.11 -52.52
 342.00 -72.68 -34.33
 343.00 -60.94 -37.23
 344.00 -55.45 -39.43
 345.00 -57.12 -38.81
 346.00 -88.34 -30.60
 347.00 -70.76 -44.99
 348.00 -84.53 -44.00
 349.00 -137.05 138.16
 350.00 -139.94 -30.86
 351.00 -96.99  -9.87
 352.00 -159.40  15.39
 353.00 -98.42 148.64
 354.00 -58.77 135.92
 355.00 -63.11 -48.65
 356.00 -81.43 -26.80
 357.00 -45.67 -41.20
 358.00 -59.43 -54.58
 359.00 -63.87 -44.88
 360.00 -74.27 -23.73
 361.00 -65.90 -43.41
 362.00 -74.71 -29.33
 363.00 -88.41 -19.55
 364.00 -50.63 -56.96
 365.00 -62.58 -35.82
 366.00 -85.08 -29.03
 367.00 -75.21 -11.30
 368.00 -57.75 -43.55
 369.00 -69.62 -58.45
 370.00 -50.82 -27.47
 371.00 -63.79 -28.18
 372.00 -67.10 -25.72
 373.00 -91.49 -12.74
 374.00 -78.17  -5.40
 375.00 -65.59 -51.18
 376.00 -53.93 -44.49
 377.00 -65.43 -26.20
 378.00 -60.17 -51.63
 379.00 -59.32 -50.71
 380.00 -66.85 -34.34
 381.00 -70.81 -43.03
 382.00 -124.13 -33.02
 383.00 -136.11  -0.15
 384.00 -75.78 111.00
 385.00 -70.11 -24.59
 386.00 -58.03 -46.22
 387.00 -55.72 -56.03
 388.00 -67.17 -33.65
 389.00 -59.54 -54.55
 390.00 -50.64 -41.64
 391.00 -67.90 -58.18
 392.00 -70.69 -19.55
 393.00 -68.10 -42.78
 394.00 -85.56 -30.83
 395.00 -80.72 -18.62
 396.00  68.73  -4.35
 397.00 -129.24  37.66
 398.00 -126.89 148.37


