 residuo Phi Psi
  69.00 -58.62 104.56
  70.00 -57.24 -28.26
  71.00 -65.90 -41.19
  72.00 -50.72 -52.04
  73.00 -92.06 -20.21
  74.00 -61.52 -35.23
  75.00 -67.00 -47.96
  76.00 -55.02 -38.19
  77.00 -66.32 -42.68
  78.00 -69.44 -27.14
  79.00 -71.63 -42.01
  80.00 -68.65 -32.90
  81.00 -65.48 -34.17
  82.00 -71.66 -18.24
  83.00 -65.13 -37.51
  84.00 -73.22 -40.20
  85.00 -61.58 -47.60
  86.00 -79.27 -36.59
  87.00 -58.32 -28.00
  88.00 -64.40 -56.70
  89.00 -69.59 -54.78
  90.00 -99.11 -22.00
  91.00 -58.25 -46.74
  92.00 -56.07 -32.71
  93.00 -68.86 -31.97
  94.00 -59.58 -41.54
  95.00 -72.38 -33.81
  96.00 -64.70 -29.31
  97.00 -63.81 -62.55
  98.00 -54.42 -36.73
  99.00 -93.37 -38.98
 100.00 -147.11  12.23
 101.00 -90.11 -35.38
 102.00 -78.32 123.19
 103.00 -79.47  -8.23
 104.00 -90.19 -35.19
 105.00 -62.31 -16.63
 106.00 -146.05  75.46
 107.00 -51.88 159.50
 108.00 -87.28 -36.08
 109.00 -72.06 -29.07
 110.00 -56.34 -24.49
 111.00 -59.92 -30.95
 112.00 -61.76 -41.14
 113.00 -67.11 -26.62
 114.00 -57.85 -36.60
 115.00 -46.06 -48.78
 116.00 -70.44 -46.06
 117.00 -61.87 -47.99
 118.00 -57.85 -37.18
 119.00 -70.59 -52.21
 120.00 -63.76 -42.81
 121.00 -66.92 -48.04
 122.00 -70.73 -30.60
 123.00 -66.40 -37.64
 124.00 -65.41 -48.62
 125.00 -91.92 -46.03
 126.00 -87.30 -54.69
 127.00 -66.81 -43.86
 128.00 -64.60 -32.81
 129.00 -90.99 -16.04
 130.00 -76.47 -32.18
 131.00 -70.07 -21.01
 132.00 -61.04 -43.03
 133.00 -49.97 -50.12
 134.00 -66.95 -50.34
 135.00 -88.23 -20.07
 136.00 -69.19 -31.88
 137.00 106.84 -20.91
 138.00  67.04  51.44
 139.00 -59.57 -44.07
 140.00 -70.31 158.49
 141.00 -81.99 117.87
 142.00 -139.90  12.02
 143.00 -57.65 171.07
 144.00 -53.85 137.52
 145.00 -77.51 -36.35
 146.00 -92.33  -9.00
 147.00 -58.93 -14.95
 148.00 -47.38 -70.22
 149.00 -71.33 -38.22
 150.00 -68.81 -39.33
 151.00 -60.16 -31.59
 152.00 -48.36 -61.04
 153.00 -56.37 -45.46
 154.00 -54.41 -49.28
 155.00 -66.69 -43.05
 156.00 -71.56 -42.05
 157.00 -59.46 -49.92
 158.00 -61.89 -46.23
 159.00 -55.99 -46.31
 160.00 -66.59 -50.52
 161.00 -74.18 -25.11
 162.00 -65.80 -46.30
 163.00 -63.08 -40.53
 164.00 -68.85 -30.15
 165.00 -71.19 -35.84
 166.00 -54.88 -39.56
 167.00 -55.60 -57.92
 168.00 -67.66 -36.25
 169.00 -60.48 -47.49
 170.00 -64.26 -40.41
 171.00 -71.33 -45.41
 172.00 -69.44 -41.52
 173.00 -81.22 -27.62
 174.00 -75.06 -31.95
 175.00 -43.46 -36.53
 176.00 -60.06 -61.44
 177.00 -65.64  -7.21
 178.00 -64.11 -41.65
 179.00 -75.76 147.75
 180.00 -143.68  -3.88
 181.00 -57.30  34.22
 182.00 -71.17 -20.26
 183.00 -54.32  -7.77
 184.00 -80.37 135.67
 185.00 -115.27  13.26
 186.00 -67.51  38.77
 187.00 -62.83 140.11
 188.00 -69.38 125.89
 189.00 -60.51 -45.99
 190.00 -48.99 -55.08
 191.00 -56.03 -43.30
 192.00 -64.75 -51.05
 193.00 -70.06 -27.14
 194.00 -70.82 -32.84
 195.00 -70.14 -31.07
 196.00 -52.88 -56.95
 197.00 -66.60 -35.62
 198.00 -51.61 -56.79
 199.00 -59.04 -50.51
 200.00 -63.49 -43.03
 201.00 -50.38 -43.25
 202.00 -54.42 -60.46
 203.00 -63.80 -43.13
 204.00 -61.40 -44.21
 205.00 -63.67 -41.82
 206.00 -108.76 -20.68
 207.00 -64.27 -21.73
 208.00 -65.74 -25.73
 209.00 -62.87 -18.21
 210.00 -59.35 -54.13
 211.00 -51.87 -45.44
 212.00 -112.14 -43.57
 213.00 -75.75 -16.37
 214.00 -71.01 -41.20
 215.00 -107.20  -5.52
 216.00 -150.20 -12.28
 217.00 -65.21  98.52
 218.00 -83.79  -2.21
 219.00 -78.70 -21.43
 220.00 -148.67 -13.82
 221.00 -112.99  -6.44
 222.00 -132.73 131.60
 223.00  48.01 124.70
 224.00  71.70  34.26
 225.00 -75.53  -3.41
 226.00 -84.06 150.74
 227.00 -176.24 127.64
 228.00 -73.76 134.35
 229.00 -151.57 145.18
 230.00 -75.38 -27.42
 231.00 -61.29 133.15
 232.00 -56.45 -29.61
 233.00 -84.33 -40.92
 234.00 -77.32 -34.78
 235.00 -98.94 -50.03
 236.00 -112.29 -21.91
 237.00 -49.12 -40.72
 238.00 -64.44 -27.96
 239.00 -57.35 -17.42
 240.00 -74.39 -67.88
 241.00 -87.65 -17.05
 242.00 -137.31 -36.66
 243.00 -69.42 -63.67
 244.00 -68.57 -34.51
 245.00 -67.35 -46.60
 246.00 -55.43 -41.74
 247.00 -70.69 -42.31
 248.00 -66.06 -29.61
 249.00 -82.33 -26.28
 250.00 -60.11 -45.23
 251.00 -77.55 -34.10
 252.00 -64.10 -48.55
 253.00 -68.93 -31.60
 254.00 -56.46 -43.05
 255.00 -60.70 -48.17
 256.00 -54.89 -44.71
 257.00 -62.46 -54.14
 258.00 -82.20 -31.87
 259.00 -61.92 -32.45
 260.00 -88.22 -31.27
 261.00 -72.98 -14.53
 262.00 -58.89 -49.62
 263.00 -61.47 -40.86
 264.00 -71.99 -40.60
 1001.00 -49.38 -37.11
 1002.00 -60.16 -46.33
 1003.00 -57.52 -35.18
 1004.00 -66.12 -49.35
 1005.00 -87.49 -24.86
 1006.00 -60.21 -24.77
 1007.00 -57.71 -45.94
 1008.00 -61.34 -38.69
 1009.00 -67.63 -48.14
 1010.00 -66.42 -42.99
 1011.00 -59.91 -42.51
 1012.00 -75.49 -38.80
 1013.00 -50.39 -41.82
 1014.00 -62.04 -42.54
 1015.00 -65.09 -39.67
 1016.00 -63.74 -39.11
 1017.00 -59.12 -42.07
 1018.00 -97.78 -35.39
 1019.00 -58.46 -17.73
 1020.00 -131.82 158.64
 1021.00 -99.65 -26.89
 1022.00 -86.13 165.73
 1023.00 -66.71 -24.83
 1024.00 -90.42 -27.83
 1025.00 -66.10 -31.14
 1026.00 -49.03 -49.56
 1027.00 -63.70 -52.68
 1028.00 -80.93 -35.04
 1029.00 -59.66 -36.62
 1030.00 -60.74 -33.16
 1031.00 -85.25 -30.14
 1032.00 -62.14 -33.26
 1033.00 -59.68 -43.97
 1034.00 -75.52 -42.27
 1035.00 -65.30 -40.88
 1036.00 -58.99 -33.92
 1037.00 -67.03 -42.02
 1038.00 -49.29 -47.34
 1039.00 -47.32 -59.41
 1040.00 -76.73 -40.44
 1041.00  39.12 -43.08
 1042.00 109.19  56.62
 1043.00 -56.55  -5.68
 1044.00  73.86 -32.57
 1066.00 -69.30 160.98
 1067.00 -67.09  -4.56
 1068.00 -68.83 -37.72
 1069.00 -76.19 -30.63
 1070.00 -79.86 -21.84
 1071.00 -65.47 -37.82
 1072.00 -58.37 -36.05
 1073.00 -64.13 -31.61
 1074.00 -60.36 -49.84
 1075.00 -74.24 -38.33
 1076.00 -62.77 -30.97
 1077.00 -68.29 -34.30
 1078.00 -74.33 -40.40
 1079.00 -59.91 -32.72
 1080.00 -74.85 -49.37
 1081.00  74.13   8.33
 1082.00 -73.34   3.89
 1083.00 -56.64  75.76
 1084.00 -63.11 -52.56
 1085.00 -64.72 -35.61
 1086.00 -63.99 -49.10
 1087.00 -68.64 -28.99
 1088.00 -59.73 -42.78
 1089.00 -57.58 -49.81
 1090.00 -53.00 -46.93
 1091.00 -61.66 -51.63
 1092.00 -82.99 -21.01
 1093.00 -59.29 -36.10
 1094.00 -58.81 -28.02
 1095.00 -61.69 -52.50
 1096.00 -55.52 -45.74
 1097.00 -69.36 -55.84
 1098.00 -74.22 -36.54
 1099.00 -83.10 -11.45
 1100.00 -60.82 -40.45
 1101.00 -62.64 -23.66
 1102.00 -65.49 -41.89
 1103.00 -58.41 -32.93
 1104.00 -68.50 -47.59
 1105.00 -64.32 -43.63
 313.00 -63.60 -29.97
 314.00 -82.62 -31.81
 315.00 -58.60 -28.84
 316.00 -71.70 -37.99
 317.00 -75.75 -29.10
 318.00 -59.84 -42.88
 319.00 -48.47 -49.41
 320.00 -66.58 -47.76
 321.00 -66.59 -28.34
 322.00 -64.08 -54.54
 323.00 -60.67 -33.66
 324.00 -71.88 -45.07
 325.00 -62.49 -27.37
 326.00 -59.16 -31.82
 327.00 -62.46 -53.12
 328.00 -63.36 -37.93
 329.00 -50.43 -57.62
 330.00 -69.65 -58.35
 331.00 -79.39 -10.02
 332.00 -54.81 -59.60
 333.00 -78.23 -47.58
 334.00 -102.81  -3.31
 335.00 -100.96 -12.00
 336.00 -54.25 -30.50
 337.00 -42.44 -45.09
 338.00 -55.87 -56.96
 339.00 -61.24 -55.42
 340.00 -65.27 -44.00
 341.00 -70.72 -39.35
 342.00 -60.11 -35.32
 343.00 -76.61 -47.11
 344.00 -57.71 -33.32
 345.00 -55.10 -38.89
 346.00 -83.35 -32.48
 347.00 -77.62 -30.46
 348.00 -73.74 -45.54
 349.00 -148.70 150.98
 350.00 -119.46 -27.46
 351.00 -93.94 -46.91
 352.00 -160.82  43.65
 353.00 -135.77 156.68
 354.00 -61.66 121.79
 355.00 -80.03 -37.82
 356.00 -82.78 -23.91
 357.00 -52.43 -44.12
 358.00 -59.05 -46.68
 359.00 -68.74 -34.05
 360.00 -70.39 -33.18
 361.00 -54.44 -47.00
 362.00 -76.97 -30.17
 363.00 -70.39 -49.23
 364.00 -71.11 -31.40
 365.00 -80.58 -27.77
 366.00 -71.78 -41.78
 367.00 -64.84 -25.21
 368.00 -66.37 -45.30
 369.00 -62.82 -43.69
 370.00 -86.01 -14.83
 371.00 -62.50 -29.05
 372.00 -83.98  -8.77
 373.00 -114.84  -4.95
 374.00 -87.48 -11.74
 375.00 -53.71 -31.45
 376.00 -61.41 -48.25
 377.00 -79.98 -27.63
 378.00 -49.70 -39.94
 379.00 -65.92 -49.17
 380.00 -54.98 -38.12
 381.00 -72.48 -47.48
 382.00 -124.23 -25.92
 383.00 -142.94  -3.46
 384.00 -69.07 121.01
 385.00 -59.96 -39.96
 386.00 -73.17 -38.40
 387.00 -51.56 -48.32
 388.00 -61.98 -49.61
 389.00 -61.78 -48.43
 390.00 -67.27 -47.35
 391.00 -47.14 -47.03
 392.00 -68.29 -42.83
 393.00 -49.19 -63.69
 394.00 -74.78 -39.27
 395.00 -86.33 -22.54
 396.00  58.66  10.93
 397.00 -86.28  16.29
 398.00 -64.67  54.05


