 residuo Phi Psi
  69.00 -64.62 157.58
  70.00 -59.47 -30.68
  71.00 -56.04 -45.63
  72.00 -72.21 -43.54
  73.00 -66.75 -34.17
  74.00 -77.65 -31.87
  75.00 -53.93 -43.90
  76.00 -59.75 -45.55
  77.00 -70.05 -43.45
  78.00 -69.81 -32.48
  79.00 -68.89 -40.99
  80.00 -66.27 -33.15
  81.00 -60.13 -35.02
  82.00 -56.90 -38.69
  83.00 -70.66 -33.09
  84.00 -68.74 -30.37
  85.00 -53.63 -50.63
  86.00 -58.40 -44.56
  87.00 -64.18 -35.47
  88.00 -68.37 -50.08
  89.00 -68.68 -53.30
  90.00 -60.61 -33.78
  91.00 -81.59 -29.91
  92.00 -55.81 -35.03
  93.00 -62.42 -31.96
  94.00 -74.74 -37.91
  95.00 -59.01 -46.87
  96.00 -76.34 -34.81
  97.00 -52.27 -47.63
  98.00 -88.78 -37.46
  99.00 -79.15 -24.84
 100.00 -98.70 -25.48
 101.00 -75.13 -63.61
 102.00 -49.08 120.39
 103.00 -54.77 -53.41
 104.00 -92.98 -25.03
 105.00 -61.60  -5.41
 106.00 -153.45  92.15
 107.00 -44.82 127.12
 108.00 -46.85 -44.11
 109.00 -66.25 -49.67
 110.00 -68.47 -24.04
 111.00 -59.52 -35.14
 112.00 -64.04 -46.86
 113.00 -62.40 -40.51
 114.00 -63.85 -42.68
 115.00 -69.77 -23.13
 116.00 -66.20 -49.63
 117.00 -66.77 -31.72
 118.00 -62.65 -37.25
 119.00 -86.52 -35.82
 120.00 -76.10 -17.95
 121.00 -59.06 -46.11
 122.00 -68.94 -24.90
 123.00 -78.61 -37.15
 124.00 -68.07 -26.71
 125.00 -116.29 -38.88
 126.00 -95.76 -36.59
 127.00 -53.41 -66.52
 128.00 -70.40 -35.72
 129.00 -67.68 -39.49
 130.00 -68.63 -30.72
 131.00 -64.22 -44.77
 132.00 -66.34 -30.55
 133.00 -54.08 -38.27
 134.00 -70.28 -44.82
 135.00 -68.55 -32.42
 136.00 -60.48 -39.28
 137.00 104.23 -16.09
 138.00  48.93  38.57
 139.00 -124.26  52.05
 140.00 -53.39 135.39
 141.00 -69.36 125.05
 142.00 -109.76 -25.12
 143.00 -63.62 176.88
 144.00 -37.71 143.80
 145.00 -59.53 -63.30
 146.00 -82.40  -8.29
 147.00 -61.38 -27.05
 148.00 -60.84 -46.50
 149.00 -82.71 -38.14
 150.00 -88.90 -11.42
 151.00 -60.02 -55.01
 152.00 -55.83 -21.36
 153.00 -73.09 -39.81
 154.00 -46.66 -44.33
 155.00 -78.99 -28.94
 156.00 -61.06 -58.52
 157.00 -64.08 -47.13
 158.00 -54.60 -43.65
 159.00 -76.67 -44.45
 160.00 -55.34 -40.78
 161.00 -68.86 -48.16
 162.00 -62.46 -55.69
 163.00 -80.53 -29.30
 164.00 -65.09 -26.83
 165.00 -71.38 -38.38
 166.00 -72.72 -33.26
 167.00 -58.85 -43.10
 168.00 -57.73 -51.57
 169.00 -58.81 -42.57
 170.00 -63.49 -51.60
 171.00 -67.18 -36.71
 172.00 -70.14 -43.39
 173.00 -86.86 -16.94
 174.00 -82.89 -39.91
 175.00 -68.30 -30.96
 176.00 -69.31 -47.10
 177.00 -84.76  -4.05
 178.00 -69.47 -16.56
 179.00 -48.97 130.41
 180.00 -114.96 -23.54
 181.00 -72.88  30.25
 182.00 -86.40 -15.04
 183.00 -67.72  16.12
 184.00 -56.14 134.62
 185.00 -46.28 -23.48
 186.00 -155.16 133.76
 187.00 -87.08 126.56
 188.00 -68.98 125.50
 189.00 -65.15 -42.44
 190.00 -68.78 -32.39
 191.00 -68.55 -37.89
 192.00 -62.17 -49.16
 193.00 -59.95 -43.36
 194.00 -109.38  -6.94
 195.00 -60.56 -28.78
 196.00 -70.97 -56.27
 197.00 -71.27 -23.96
 198.00 -59.73 -52.47
 199.00 -68.42 -39.25
 200.00 -68.82 -33.27
 201.00 -49.50 -45.72
 202.00 -75.16 -51.29
 203.00 -65.27 -26.69
 204.00 -56.72 -47.38
 205.00 -82.14 -28.26
 206.00 -73.70 -40.36
 207.00 -53.58 -18.52
 208.00 -59.35 -43.24
 209.00 -58.24 -32.01
 210.00 -62.87 -49.72
 211.00 -60.62 -43.56
 212.00 -121.58 -27.47
 213.00 -62.65 -29.39
 214.00 -76.32 -33.38
 215.00 -79.35 -28.28
 216.00 -142.98 -31.68
 217.00 -72.76 124.43
 218.00 -77.40 -25.13
 219.00 -96.27  -0.41
 220.00 -142.76 -21.28
 221.00 -147.71  24.02
 222.00 -118.60 130.13
 223.00  39.11 113.74
 224.00  69.72  56.37
 225.00 -66.68  -9.90
 226.00 -68.48 129.53
 227.00 -154.84 109.67
 228.00 -54.95 131.00
 229.00 -140.70 139.39
 230.00 -73.60 -32.90
 231.00 -54.89 132.80
 232.00 -65.41 -22.61
 233.00 -93.11 -33.54
 234.00 -96.07 -50.95
 235.00 -139.88   0.92
 236.00 -98.82 -25.34
 237.00 -78.52 -53.81
 238.00 -59.86 -19.52
 239.00 -81.11 -16.87
 240.00 -60.20 -48.98
 241.00 -77.24 -30.56
 242.00 -162.44 -13.84
 243.00 -50.14 -69.18
 244.00 -64.75 -45.67
 245.00 -63.94 -63.52
 246.00 -61.72 -25.87
 247.00 -69.02 -51.16
 248.00 -72.51 -22.54
 249.00 -71.97 -51.60
 250.00 -62.72 -41.78
 251.00 -80.11 -29.69
 252.00 -82.49 -32.82
 253.00 -62.27 -34.16
 254.00 -56.70 -47.40
 255.00 -70.47 -43.60
 256.00 -73.70 -21.99
 257.00 -52.14 -63.42
 258.00 -73.75 -34.83
 259.00 -61.76 -28.15
 260.00 -81.38 -51.25
 261.00 -67.97 -15.83
 262.00 -64.46 -47.12
 263.00 -53.51 -38.97
 264.00 -72.86 -35.30
 1001.00 -72.79 -36.34
 1002.00 -51.44 -26.01
 1003.00 -81.66 -47.99
 1004.00 -64.02 -18.17
 1005.00 -73.80 -42.02
 1006.00 -54.17 -34.31
 1007.00 -65.00 -48.53
 1008.00 -69.37 -34.05
 1009.00 -65.61 -26.38
 1010.00 -52.39 -56.10
 1011.00 -69.46 -37.72
 1012.00 -66.45 -46.73
 1013.00 -55.49 -34.10
 1014.00 -73.54 -39.34
 1015.00 -64.65 -36.69
 1016.00 -67.26 -44.75
 1017.00 -69.58 -44.40
 1018.00 -91.42 -25.33
 1019.00 -64.56   1.01
 1020.00 -78.41 139.96
 1021.00 -141.80 -37.33
 1022.00 -45.99 150.90
 1023.00 -66.73 -41.68
 1024.00 -68.08 -35.40
 1025.00 -61.75 -43.53
 1026.00 -72.41 -40.00
 1027.00 -57.78 -39.81
 1028.00 -76.14 -43.67
 1029.00 -65.71 -35.54
 1030.00 -78.80 -30.79
 1031.00 -64.25 -40.20
 1032.00 -63.97 -38.66
 1033.00 -60.14 -37.08
 1034.00 -56.65 -44.32
 1035.00 -75.14 -34.68
 1036.00 -74.07 -32.97
 1037.00 -64.89 -32.94
 1038.00 -59.83 -48.89
 1039.00 -75.31 -28.65
 1040.00 -86.37 -42.12
 1041.00  41.48 -18.80
 1042.00  86.20  61.12
 1043.00 -63.29   4.78
 1044.00  85.36 -13.28
 1066.00 -66.43 152.82
 1067.00 -51.43 -15.16
 1068.00 -68.53 -40.65
 1069.00 -83.45 -38.78
 1070.00 -69.83 -17.75
 1071.00 -80.01 -28.07
 1072.00 -50.80 -37.14
 1073.00 -58.21 -45.24
 1074.00 -65.29 -40.11
 1075.00 -69.24 -40.69
 1076.00 -68.60 -22.12
 1077.00 -77.87 -34.83
 1078.00 -56.76 -44.25
 1079.00 -78.36 -35.27
 1080.00 -68.50 -29.23
 1081.00  74.27   1.74
 1082.00 -86.24  11.81
 1083.00 -69.97  87.86
 1084.00 -68.97 -48.11
 1085.00 -65.28 -36.03
 1086.00 -68.15 -36.23
 1087.00 -84.40 -23.66
 1088.00 -55.01 -43.31
 1089.00 -41.39 -59.25
 1090.00 -55.79 -52.52
 1091.00 -69.02 -48.75
 1092.00 -75.98 -20.40
 1093.00 -52.86 -49.87
 1094.00 -62.25 -33.14
 1095.00 -69.23 -34.28
 1096.00 -61.55 -37.70
 1097.00 -55.91 -43.96
 1098.00 -69.72 -51.75
 1099.00 -59.43 -38.72
 1100.00 -54.63 -51.09
 1101.00 -48.94 -44.99
 1102.00 -67.18 -42.18
 1103.00 -62.96 -49.14
 1104.00 -62.10 -35.75
 1105.00 -59.97 -41.67
 313.00 -50.39 -35.87
 314.00 -64.25 -52.57
 315.00 -55.84 -45.13
 316.00 -53.60 -50.35
 317.00 -69.27 -42.34
 318.00 -63.62 -44.41
 319.00 -61.93 -43.73
 320.00 -52.35 -46.42
 321.00 -68.51 -35.08
 322.00 -61.89 -48.08
 323.00 -69.25 -39.63
 324.00 -67.45 -46.01
 325.00 -53.43 -28.74
 326.00 -55.38 -52.41
 327.00 -62.98 -44.16
 328.00 -60.35 -38.48
 329.00 -62.35 -50.95
 330.00 -74.06 -30.08
 331.00 -75.41 -26.29
 332.00 -64.47 -55.62
 333.00 -76.99 -33.11
 334.00 -85.52 -26.59
 335.00 -95.08 -32.74
 336.00 -54.07 -18.93
 337.00 -50.32 -57.81
 338.00 -57.65 -43.66
 339.00 -67.44 -47.63
 340.00 -63.11 -44.73
 341.00 -63.01 -40.04
 342.00 -71.57 -35.15
 343.00 -106.75  -8.34
 344.00 -65.28 -39.88
 345.00 -44.78 -40.77
 346.00 -88.08 -33.00
 347.00 -77.33 -36.21
 348.00 -70.30 -44.07
 349.00 -151.61 147.83
 350.00 -73.33 -24.30
 351.00 -141.99 -27.64
 352.00 -62.96 -21.58
 353.00 -124.00 137.23
 354.00 -72.51 136.28
 355.00 -65.05 -23.44
 356.00 -90.25 -33.66
 357.00 -66.78 -33.65
 358.00 -68.57 -42.38
 359.00 -64.65 -38.87
 360.00 -72.84 -35.87
 361.00 -51.02 -42.14
 362.00 -64.40 -39.32
 363.00 -98.32 -15.22
 364.00 -55.20 -51.51
 365.00 -62.22 -32.53
 366.00 -74.59 -44.90
 367.00 -71.47 -22.18
 368.00 -58.81 -34.78
 369.00 -67.31 -46.21
 370.00 -57.05 -17.11
 371.00 -74.91 -30.11
 372.00 -78.20  -9.97
 373.00 -137.44 -20.25
 374.00 -165.38 100.92
 375.00 -53.32 -37.65
 376.00 -62.65 -33.58
 377.00 -72.18 -27.49
 378.00 -70.98 -42.90
 379.00 -57.93 -42.95
 380.00 -77.36 -36.07
 381.00 -83.18 -25.36
 382.00 -93.47 -38.86
 383.00 -133.72 -25.21
 384.00 -58.19 109.47
 385.00 -69.14 -28.50
 386.00 -39.57 -64.72
 387.00 -45.53 -51.37
 388.00 -69.81 -55.78
 389.00 -56.95 -38.54
 390.00 -62.23 -49.14
 391.00 -79.90 -29.13
 392.00 -61.39 -43.52
 393.00 -71.06 -40.63
 394.00 -72.79 -38.80
 395.00 -90.22 -19.33
 396.00  46.12   4.89
 397.00 -108.51  52.25
 398.00 -141.65 124.89


