 residuo Phi Psi
  69.00 -71.50 111.14
  70.00 -144.54 134.11
  71.00 -49.75 -30.88
  72.00 -61.07 -53.33
  73.00 -60.63 -38.87
  74.00 -66.28 -54.96
  75.00 -74.20 -31.57
  76.00 -50.78 -40.40
  77.00 -69.04 -44.42
  78.00 -61.72 -39.78
  79.00 -61.33 -43.02
  80.00 -57.54 -45.78
  81.00 -47.54 -53.76
  82.00 -60.74 -27.50
  83.00 -54.17 -47.83
  84.00 -55.94 -45.25
  85.00 -57.98 -57.03
  86.00 -62.12 -48.85
  87.00 -65.56 -41.95
  88.00 -69.10 -41.37
  89.00 -76.22 -44.98
  90.00 -63.49 -51.36
  91.00 -70.36 -36.18
  92.00 -58.37 -36.64
  93.00 -64.33 -32.12
  94.00 -76.19 -40.13
  95.00 -61.16 -29.58
  96.00 -39.65 -62.28
  97.00 -68.45 -48.69
  98.00 -90.72 -39.50
  99.00 -66.45 -22.72
 100.00 -117.26 -19.61
 101.00 -69.97 -62.20
 102.00 -60.29 129.64
 103.00 -61.20 -36.13
 104.00 -108.41 -20.07
 105.00 -75.19  -3.30
 106.00 -129.39  61.21
 107.00 -51.92 148.12
 108.00 -68.06 -46.21
 109.00 -61.69 -43.05
 110.00 -57.23 -32.07
 111.00 -74.39 -34.13
 112.00 -69.06 -43.49
 113.00 -68.91 -28.31
 114.00 -64.78 -44.89
 115.00 -67.60 -32.17
 116.00 -79.76 -26.07
 117.00 -70.63 -32.93
 118.00 -69.54 -29.92
 119.00 -67.78 -50.76
 120.00 -52.49 -36.76
 121.00 -70.14 -56.08
 122.00 -58.50 -29.95
 123.00 -53.34 -51.90
 124.00 -78.25 -43.95
 125.00 -133.16 -16.10
 126.00 -104.09 -36.42
 127.00 -72.72 -33.26
 128.00 -56.90 -43.20
 129.00 -81.46 -36.60
 130.00 -65.62 -28.06
 131.00 -94.43 -24.52
 132.00 -66.49 -32.70
 133.00 -55.74 -35.38
 134.00 -66.00 -44.89
 135.00 -56.48 -46.37
 136.00 -85.85 -24.95
 137.00  95.81  -1.57
 138.00  50.01  49.25
 139.00 -144.58  47.72
 140.00 -60.05 167.03
 141.00 -87.78 122.06
 142.00 -119.95  -2.33
 143.00 -33.67 168.20
 144.00 -51.50 131.03
 145.00 -70.03 -39.60
 146.00 -85.88  -9.29
 147.00 -54.96 -22.72
 148.00 -75.28 -48.98
 149.00 -67.57 -26.78
 150.00 -112.30 -11.21
 151.00 -49.38 -40.83
 152.00 -55.56 -33.85
 153.00 -78.37 -39.46
 154.00 -41.17 -49.54
 155.00 -74.47 -50.73
 156.00 -51.42 -50.30
 157.00 -53.31 -62.26
 158.00 -66.11 -48.93
 159.00 -66.40 -40.72
 160.00 -56.22 -48.64
 161.00 -66.51 -33.22
 162.00 -62.93 -51.79
 163.00 -61.46 -40.00
 164.00 -70.58 -27.54
 165.00 -61.27 -44.02
 166.00 -62.52 -43.77
 167.00 -66.67 -44.26
 168.00 -67.81 -44.09
 169.00 -66.55 -27.11
 170.00 -73.89 -48.10
 171.00 -66.39 -40.12
 172.00 -68.86 -37.46
 173.00 -70.40 -32.67
 174.00 -74.04 -34.27
 175.00 -70.98 -28.68
 176.00 -65.68 -45.65
 177.00 -74.00 -16.76
 178.00 -81.32 -15.67
 179.00 -66.41 144.64
 180.00 -115.73 -16.86
 181.00 -71.86  19.74
 182.00 -82.61  -0.45
 183.00 -74.13  -1.03
 184.00 -75.10 129.00
 185.00 -58.82  -5.92
 186.00 -161.60 146.86
 187.00 -92.10 148.48
 188.00 -72.22 120.47
 189.00 -57.08 -39.60
 190.00 -72.55 -53.98
 191.00 -76.84 -25.88
 192.00 -54.03 -47.08
 193.00 -65.42 -38.21
 194.00 -73.21 -42.46
 195.00 -66.64 -22.71
 196.00 -74.99 -41.76
 197.00 -59.62 -29.42
 198.00 -60.99 -51.35
 199.00 -63.36 -48.42
 200.00 -70.02 -40.34
 201.00 -69.00 -36.63
 202.00 -62.25 -48.68
 203.00 -75.44 -28.79
 204.00 -63.45 -36.52
 205.00 -68.87 -39.06
 206.00 -78.83 -44.00
 207.00 -57.68 -27.49
 208.00 -58.80 -34.31
 209.00 -71.58 -24.90
 210.00 -77.40 -49.40
 211.00 -127.26  27.03
 212.00 -81.02 -69.56
 213.00 -108.33  -5.86
 214.00 -65.46 -24.27
 215.00 -80.88 -38.09
 216.00 -158.47  -7.65
 217.00 -47.66  92.79
 218.00 -70.84 -21.12
 219.00 -71.39 -26.37
 220.00 -145.20  -7.11
 221.00 -123.10   4.41
 222.00 -148.41 141.42
 223.00  46.11 110.12
 224.00  54.44  50.02
 225.00 -79.16   3.70
 226.00 -77.46 140.39
 227.00 -161.02 104.55
 228.00 -78.74 129.44
 229.00 -132.01 137.95
 230.00 -74.56 -32.53
 231.00 -62.26 129.85
 232.00 -58.01 -19.80
 233.00 -99.15 -29.90
 234.00 -52.79 -52.34
 235.00 -114.17 -46.31
 236.00 -103.13 -28.64
 237.00 -59.42 -44.91
 238.00 -47.81 -51.86
 239.00 -77.83 -29.07
 240.00 -76.04 -43.93
 241.00 -65.16 -35.08
 242.00 -126.44 -36.00
 243.00 -58.53 -62.43
 244.00 -67.33 -46.25
 245.00 -66.17 -53.33
 246.00 -71.38 -21.65
 247.00 -67.23 -55.15
 248.00 -48.89 -41.33
 249.00 -57.71 -66.03
 250.00 -63.39 -50.09
 251.00 -63.73 -48.67
 252.00 -70.10 -33.95
 253.00 -55.86 -39.15
 254.00 -65.48 -49.37
 255.00 -61.15 -44.19
 256.00 -64.41 -35.43
 257.00 -73.72 -46.38
 258.00 -58.89 -32.10
 259.00 -65.36 -49.33
 260.00 -65.89 -37.10
 261.00 -75.45 -30.50
 262.00 -56.69 -42.07
 263.00 -45.55 -45.00
 264.00 -85.59 -43.26
 1001.00 -69.51 -36.45
 1002.00 -52.17 -41.01
 1003.00 -80.44 -39.87
 1004.00 -81.25 -13.05
 1005.00 -63.66 -29.11
 1006.00 -72.20 -41.81
 1007.00 -55.57 -36.97
 1008.00 -58.88 -50.59
 1009.00 -67.89 -30.64
 1010.00 -53.50 -53.01
 1011.00 -59.42 -41.32
 1012.00 -70.51 -47.61
 1013.00 -66.83 -29.14
 1014.00 -56.72 -36.02
 1015.00 -57.18 -52.46
 1016.00 -68.07 -40.94
 1017.00 -55.90 -48.07
 1018.00 -66.95 -49.31
 1019.00 -70.28  -9.55
 1020.00 -143.97 158.02
 1021.00 -142.30   5.74
 1022.00 -61.84 157.59
 1023.00 -65.23 -32.36
 1024.00 -63.06 -34.32
 1025.00 -66.06 -49.79
 1026.00 -55.09 -43.11
 1027.00 -60.56 -46.95
 1028.00 -59.12 -53.57
 1029.00 -69.50 -40.99
 1030.00 -60.96 -31.58
 1031.00 -73.55 -39.87
 1032.00 -62.25 -35.89
 1033.00 -68.98 -32.25
 1034.00 -61.50 -40.99
 1035.00 -72.16 -40.66
 1036.00 -73.66 -29.74
 1037.00 -74.95 -24.41
 1038.00 -49.62 -54.95
 1039.00 -76.83 -24.60
 1040.00 -83.21 -35.55
 1041.00  50.24 -21.24
 1042.00 108.12  37.76
 1043.00 -77.72   6.97
 1044.00  84.74 -36.87
 1066.00 -77.56 142.60
 1067.00 -57.55  12.24
 1068.00 -68.70 -35.87
 1069.00 -65.61 -34.24
 1070.00 -71.03 -41.21
 1071.00 -75.58 -29.13
 1072.00 -59.01 -31.76
 1073.00 -61.50 -41.45
 1074.00 -52.46 -55.02
 1075.00 -68.29 -37.67
 1076.00 -57.23 -43.61
 1077.00 -64.16 -36.09
 1078.00 -61.13 -51.28
 1079.00 -72.56 -24.63
 1080.00 -82.20 -41.86
 1081.00  90.27  -1.57
 1082.00 -90.03  29.45
 1083.00 -51.90  74.42
 1084.00 -69.98 -40.27
 1085.00 -54.29 -54.98
 1086.00 -71.30 -41.81
 1087.00 -65.80 -41.65
 1088.00 -68.60 -30.57
 1089.00 -58.30 -36.00
 1090.00 -70.47 -42.90
 1091.00 -57.35 -37.86
 1092.00 -96.38 -29.36
 1093.00 -61.17 -30.19
 1094.00 -49.70 -40.05
 1095.00 -105.46 -44.66
 1096.00 -69.40 -11.09
 1097.00 -55.25 -39.16
 1098.00 -53.15 -40.01
 1099.00 -79.89 -30.80
 1100.00 -77.81 -28.48
 1101.00 -63.65 -41.31
 1102.00 -65.73 -32.09
 1103.00 -51.81 -52.94
 1104.00 -67.27 -46.55
 1105.00 -57.95 -36.45
 313.00 -73.21 -39.98
 314.00 -71.10 -38.17
 315.00 -59.47 -41.70
 316.00 -52.14 -45.85
 317.00 -62.79 -46.02
 318.00 -69.28 -45.01
 319.00 -66.21 -40.80
 320.00 -61.89 -50.21
 321.00 -68.75 -29.19
 322.00 -54.33 -48.58
 323.00 -75.02 -31.41
 324.00 -60.56 -39.94
 325.00 -61.79 -30.77
 326.00 -79.65 -23.78
 327.00 -53.04 -46.55
 328.00 -69.14 -36.14
 329.00 -54.74 -45.88
 330.00 -50.95 -64.02
 331.00 -86.08 -28.59
 332.00 -62.69 -48.40
 333.00 -67.24 -48.81
 334.00 -83.60 -25.68
 335.00 -86.93 -29.72
 336.00 -69.32 -30.05
 337.00 -69.98 -31.25
 338.00 -56.07 -32.64
 339.00 -63.47 -64.97
 340.00 -60.14 -33.80
 341.00 -66.79 -51.01
 342.00 -65.46 -42.63
 343.00 -86.75 -30.97
 344.00 -65.86 -45.31
 345.00 -48.06 -29.13
 346.00 -106.38 -22.41
 347.00 -69.93 -41.95
 348.00 -65.82 -38.16
 349.00 -152.80 159.62
 350.00 -78.27 -48.00
 351.00 -72.51 -37.12
 352.00 -130.63 -14.45
 353.00 -132.30 151.17
 354.00 -67.44 146.27
 355.00 -71.91 -28.48
 356.00 -66.08 -44.68
 357.00 -69.54 -38.92
 358.00 -62.37 -36.23
 359.00 -64.10 -35.83
 360.00 -67.48 -58.87
 361.00 -57.41 -37.04
 362.00 -66.89 -37.55
 363.00 -67.63 -36.60
 364.00 -74.12 -53.23
 365.00 -68.84 -31.93
 366.00 -81.88 -34.59
 367.00 -70.09 -16.99
 368.00 -71.09 -33.38
 369.00 -53.87 -50.48
 370.00 -53.53 -49.18
 371.00 -67.68 -23.95
 372.00 -72.08 -23.50
 373.00 -95.25  -3.82
 374.00 -82.46 -10.94
 375.00 -59.89 -38.64
 376.00 -62.18 -36.01
 377.00 -81.52 -29.54
 378.00 -62.38 -33.30
 379.00 -62.71 -58.27
 380.00 -63.08 -31.07
 381.00 -73.30 -40.08
 382.00 -80.87 -50.49
 383.00 -131.47 -21.42
 384.00 -71.05 115.87
 385.00 -65.76 -38.47
 386.00 -56.35 -50.09
 387.00 -61.21 -47.44
 388.00 -67.11 -43.92
 389.00 -59.97 -39.83
 390.00 -58.30 -50.12
 391.00 -73.18 -33.68
 392.00 -73.41 -30.53
 393.00 -61.41 -54.44
 394.00 -71.99 -37.14
 395.00 -89.45 -17.27
 396.00  50.39  17.39
 397.00 -124.70  40.52
 398.00 -136.73 147.41


