 residuo Phi Psi
  69.00 -52.86  82.04
  70.00 -64.74 -26.60
  71.00 -77.17 -29.47
  72.00 -69.42 -30.91
  73.00 -65.57 -27.28
  74.00 -70.09 -47.19
  75.00 -74.69 -33.10
  76.00 -57.27 -38.97
  77.00 -56.08 -42.54
  78.00 -62.91 -46.94
  79.00 -76.11 -31.59
  80.00 -58.89 -38.83
  81.00 -57.13 -44.66
  82.00 -73.68 -29.97
  83.00 -55.76 -40.29
  84.00 -54.09 -44.41
  85.00 -67.41 -54.57
  86.00 -55.81 -51.85
  87.00 -58.37 -34.41
  88.00 -57.12 -59.54
  89.00 -51.06 -75.61
  90.00 -63.69 -45.34
  91.00 -73.58 -41.53
  92.00 -51.28 -34.73
  93.00 -64.94 -39.99
  94.00 -63.32 -34.03
  95.00 -53.28 -52.28
  96.00 -66.33 -46.71
  97.00 -56.31 -46.61
  98.00 -71.86 -44.90
  99.00 -74.05 -24.65
 100.00 -95.91 -54.39
 101.00 -102.22 -10.34
 102.00 -67.32 128.74
 103.00 -52.15 -46.90
 104.00 -124.61 -16.60
 105.00 -65.35  -3.55
 106.00 -158.67  76.58
 107.00 -52.92 161.08
 108.00 -70.05 -44.54
 109.00 -64.79 -44.50
 110.00 -57.90 -30.29
 111.00 -63.58 -38.42
 112.00 -71.39 -32.15
 113.00 -56.84 -39.96
 114.00 -72.13 -44.08
 115.00 -56.60 -37.05
 116.00 -66.31 -43.50
 117.00 -79.03 -27.63
 118.00 -67.98 -21.58
 119.00 -69.17 -48.82
 120.00 -74.45 -34.73
 121.00 -75.63 -34.01
 122.00 -53.12 -32.61
 123.00 -67.09 -53.08
 124.00 -74.35 -35.35
 125.00 -105.32 -40.08
 126.00 -84.10 -47.53
 127.00 -63.68 -56.71
 128.00 -68.01 -36.15
 129.00 -60.65 -43.11
 130.00 -52.91 -51.50
 131.00 -59.63 -47.80
 132.00 -55.42 -44.52
 133.00 -71.59 -38.83
 134.00 -71.71 -37.73
 135.00 -67.78 -33.57
 136.00 -128.22   0.95
 137.00  79.14  21.14
 138.00  49.29  28.55
 139.00 -70.32  17.43
 140.00 -56.00 132.63
 141.00 -82.31 119.22
 142.00 -142.96  19.09
 143.00 -49.27 166.03
 144.00 -54.77 141.98
 145.00 -65.79 -39.42
 146.00 -75.19 -14.12
 147.00 -54.11 -17.76
 148.00 -54.50 -48.62
 149.00 -51.13 -51.11
 150.00 -66.59 -52.50
 151.00 -69.17 -32.99
 152.00 -43.04 -53.15
 153.00 -81.77 -34.71
 154.00 -65.02 -37.28
 155.00 -71.69 -39.47
 156.00 -59.64 -42.34
 157.00 -59.35 -64.16
 158.00 -64.61 -43.17
 159.00 -78.29 -31.81
 160.00 -60.26 -36.99
 161.00 -52.56 -50.06
 162.00 -69.37 -52.80
 163.00 -69.07 -40.71
 164.00 -63.14 -22.17
 165.00 -62.72 -47.25
 166.00 -82.93 -29.41
 167.00 -67.24 -37.30
 168.00 -54.61 -39.82
 169.00 -73.52 -38.81
 170.00 -45.80 -55.23
 171.00 -56.67 -54.18
 172.00 -78.43 -48.87
 173.00 -76.02 -17.17
 174.00 -85.21 -43.29
 175.00 -62.47 -28.56
 176.00 -74.34 -39.90
 177.00 -98.29   8.75
 178.00 -74.54 -27.10
 179.00 -50.99 129.70
 180.00 -107.48 -21.51
 181.00 -72.75  20.29
 182.00 -83.32  -9.72
 183.00 -54.68  -3.22
 184.00 -69.24 138.40
 185.00 -73.22  -7.43
 186.00 -145.83 110.41
 187.00 -76.69 110.91
 188.00 -61.59 123.45
 189.00 -62.24 -29.73
 190.00 -64.87 -50.44
 191.00 -59.72 -31.29
 192.00 -63.32 -58.38
 193.00 -71.52 -29.49
 194.00 -80.60 -24.26
 195.00 -65.00 -23.18
 196.00 -64.11 -57.54
 197.00 -58.43 -41.18
 198.00 -59.38 -46.82
 199.00 -62.66 -46.04
 200.00 -77.55 -25.32
 201.00 -63.66 -38.85
 202.00 -62.57 -44.75
 203.00 -62.85 -46.40
 204.00 -66.20 -36.52
 205.00 -80.07 -29.81
 206.00 -97.21 -21.40
 207.00 -50.96 -24.31
 208.00 -52.25 -40.41
 209.00 -66.82 -25.63
 210.00 -72.06 -60.82
 211.00 -62.04 -24.53
 212.00 -91.97 -52.28
 213.00 -57.72 -30.02
 214.00 -101.51 -28.79
 215.00 -99.28   5.36
 216.00 -153.46 -35.25
 217.00 -65.25 117.31
 218.00 -70.38 -18.74
 219.00 -82.81  -1.82
 220.00 -130.21 -33.53
 221.00 -127.72  -0.98
 222.00 -131.98 138.09
 223.00  47.07 140.34
 224.00  61.28  42.34
 225.00 -146.67  31.25
 226.00 -65.90 149.55
 227.00 -142.45 106.24
 228.00 -64.87 151.67
 229.00 -126.68  99.50
 230.00 -106.76   7.48
 231.00 -64.29 129.49
 232.00 -65.30 -31.76
 233.00 -89.47 -19.68
 234.00 -93.12 -21.31
 235.00 -66.51 -51.61
 236.00 -74.21 -60.24
 237.00 -67.66 -40.14
 238.00 -62.50 -30.07
 239.00 -75.37 -22.15
 240.00 -59.43 -61.75
 241.00 -86.23 -26.64
 242.00 -125.04 -43.37
 243.00 -55.05 -76.59
 244.00 -58.59 -47.24
 245.00 -60.16 -63.67
 246.00 -61.21 -27.70
 247.00 -59.84 -44.93
 248.00 -63.32 -37.99
 249.00 -58.13 -51.69
 250.00 -60.07 -48.06
 251.00 -62.80 -49.00
 252.00 -66.94 -53.37
 253.00 -57.69 -32.00
 254.00 -55.61 -53.38
 255.00 -52.20 -52.17
 256.00 -63.76 -43.13
 257.00 -75.38 -46.11
 258.00 -62.91 -32.35
 259.00 -70.05 -42.57
 260.00 -71.10 -40.15
 261.00 -64.48 -35.73
 262.00 -65.87 -39.39
 263.00 -64.71 -35.94
 264.00 -67.08 -37.36
 1001.00 -63.78 -44.39
 1002.00 -61.63 -31.84
 1003.00 -70.23 -44.24
 1004.00 -48.95 -41.90
 1005.00 -68.95 -42.89
 1006.00 -59.77 -38.93
 1007.00 -58.04 -47.33
 1008.00 -70.97 -34.03
 1009.00 -50.28 -53.51
 1010.00 -66.29 -57.90
 1011.00 -69.73 -31.80
 1012.00 -85.27 -31.37
 1013.00 -64.09 -13.79
 1014.00 -64.44 -55.70
 1015.00 -76.84 -20.62
 1016.00 -71.92 -42.96
 1017.00 -44.05 -40.60
 1018.00 -126.05 -19.90
 1019.00 -52.00   7.48
 1020.00 -98.24 128.93
 1021.00 -140.01 -21.37
 1022.00 -81.65 171.35
 1023.00 -60.61 -35.38
 1024.00 -57.52 -47.77
 1025.00 -75.68 -34.30
 1026.00 -48.63 -46.93
 1027.00 -68.42 -44.91
 1028.00 -59.90 -57.50
 1029.00 -60.81 -42.83
 1030.00 -74.99 -29.21
 1031.00 -53.35 -38.10
 1032.00 -78.51 -36.43
 1033.00 -47.58 -41.49
 1034.00 -51.99 -54.73
 1035.00 -57.11 -63.49
 1036.00 -79.87 -30.18
 1037.00 -73.70 -37.01
 1038.00 -75.00 -36.53
 1039.00 -50.21 -41.93
 1040.00 -70.26 -52.14
 1041.00  55.22  -9.72
 1042.00 118.52  28.46
 1043.00 -55.20   3.72
 1044.00  59.93 -18.60
 1066.00 -73.70 164.57
 1067.00 -44.87  -6.14
 1068.00 -75.10 -39.47
 1069.00 -74.24 -35.79
 1070.00 -80.64 -27.23
 1071.00 -63.02 -30.24
 1072.00 -65.94 -44.83
 1073.00 -61.13 -36.70
 1074.00 -79.03 -35.12
 1075.00 -72.83 -28.41
 1076.00 -53.43 -29.78
 1077.00 -69.34 -48.46
 1078.00 -67.96 -29.86
 1079.00 -64.98 -39.70
 1080.00 -78.08 -39.04
 1081.00  77.93  -6.44
 1082.00 -84.69  16.33
 1083.00 -60.84  86.58
 1084.00 -59.82 -39.07
 1085.00 -58.84 -57.90
 1086.00 -70.89 -34.00
 1087.00 -68.45 -33.99
 1088.00 -83.48 -26.39
 1089.00 -62.91 -38.85
 1090.00 -68.87 -35.20
 1091.00 -66.55 -40.67
 1092.00 -65.41 -45.04
 1093.00 -62.97 -31.84
 1094.00 -50.24 -34.70
 1095.00 -64.44 -51.62
 1096.00 -59.89 -44.24
 1097.00 -50.93 -45.45
 1098.00 -60.34 -58.46
 1099.00 -69.43 -37.39
 1100.00 -69.08 -45.37
 1101.00 -71.60 -33.65
 1102.00 -60.41 -30.83
 1103.00 -53.46 -49.23
 1104.00 -67.01 -49.35
 1105.00 -57.67 -34.80
 313.00 -71.18 -20.63
 314.00 -71.30 -34.79
 315.00 -45.11 -49.65
 316.00 -74.23 -34.74
 317.00 -58.70 -37.49
 318.00 -59.26 -49.49
 319.00 -58.53 -48.26
 320.00 -56.04 -41.40
 321.00 -53.58 -64.12
 322.00 -73.77 -29.76
 323.00 -81.45 -34.76
 324.00 -56.79 -39.63
 325.00 -76.62 -26.81
 326.00 -50.28 -39.44
 327.00 -63.50 -52.27
 328.00 -75.60 -35.84
 329.00 -49.67 -55.17
 330.00 -55.55 -60.96
 331.00 -58.30 -40.80
 332.00 -53.25 -53.99
 333.00 -64.97 -44.33
 334.00 -58.05 -47.10
 335.00 -97.27 -31.70
 336.00 -57.41 -14.09
 337.00 -61.09 -56.38
 338.00 -65.64 -23.53
 339.00 -56.18 -58.30
 340.00 -74.14 -28.32
 341.00 -74.73 -51.62
 342.00 -74.07 -31.18
 343.00 -75.87 -25.98
 344.00 -65.70 -39.77
 345.00 -60.01 -30.28
 346.00 -80.51 -27.01
 347.00 -72.30 -36.59
 348.00 -77.43 -54.26
 349.00 -144.98 144.79
 350.00 -104.12 -44.57
 351.00 -68.84 -33.73
 352.00 -101.96 -37.01
 353.00 -110.09 163.18
 354.00 -73.86 136.67
 355.00 -70.59 -29.60
 356.00 -75.12 -33.50
 357.00 -54.71 -47.52
 358.00 -58.60 -43.51
 359.00 -70.54 -41.70
 360.00 -62.58 -42.23
 361.00 -55.47 -52.35
 362.00 -72.01 -35.72
 363.00 -82.72 -29.43
 364.00 -68.85 -40.70
 365.00 -74.80 -37.74
 366.00 -66.75 -40.05
 367.00 -79.54 -16.02
 368.00 -36.03 -54.52
 369.00 -60.24 -59.88
 370.00 -61.00 -27.11
 371.00 -53.76 -29.46
 372.00 -74.51 -30.23
 373.00 -82.61 -32.35
 374.00 -75.76 -24.70
 375.00 -55.31 -42.46
 376.00 -50.31 -38.18
 377.00 -81.12 -37.98
 378.00 -68.50 -23.34
 379.00 -59.68 -42.40
 380.00 -85.13 -22.06
 381.00 -74.39 -45.19
 382.00 -115.86 -32.89
 383.00 -142.28 -12.47
 384.00 -61.68 117.60
 385.00 -71.22 -38.19
 386.00 -60.79 -47.43
 387.00 -55.76 -53.55
 388.00 -64.66 -46.76
 389.00 -89.39 -13.76
 390.00 -55.41 -48.71
 391.00 -46.65 -48.67
 392.00 -109.45  -7.26
 393.00 -73.53 -41.14
 394.00 -72.86 -25.56
 395.00 -81.96 -18.90
 396.00  58.27   4.90
 397.00 -92.26  25.81
 398.00 -102.40 102.90


