 residuo Phi Psi
  69.00 -47.97 103.77
  70.00 -64.10 -21.00
  71.00 -63.49 -33.52
  72.00 -72.03 -36.26
  73.00 -61.92 -40.16
  74.00 -70.21 -31.28
  75.00 -58.85 -33.14
  76.00 -62.02 -35.25
  77.00 -63.09 -42.52
  78.00 -57.30 -42.31
  79.00 -67.58 -45.90
  80.00 -92.25 -16.74
  81.00 -59.44 -39.13
  82.00 -44.34 -28.83
  83.00 -53.51 -44.79
  84.00 -61.05 -57.70
  85.00 -68.25 -43.38
  86.00 -64.12 -36.62
  87.00 -66.75 -29.05
  88.00 -58.30 -62.30
  89.00 -57.87 -71.11
  90.00 -81.45  -9.97
  91.00 -74.09 -53.02
  92.00 -63.19 -26.70
  93.00 -65.64 -37.19
  94.00 -62.22 -28.12
  95.00 -61.60 -53.85
  96.00 -69.39 -35.26
  97.00 -58.65 -48.86
  98.00 -56.01 -51.55
  99.00 -77.96 -36.95
 100.00 -141.59 -19.32
 101.00 -92.37 -12.53
 102.00 -58.67 111.59
 103.00 -91.75 -22.39
 104.00 -80.95 -16.12
 105.00 -56.14 -30.36
 106.00 -157.98  84.82
 107.00 -40.99 153.98
 108.00 -57.24 -45.46
 109.00 -74.30 -49.82
 110.00 -50.62 -34.68
 111.00 -75.62 -35.22
 112.00 -67.09 -36.29
 113.00 -66.73 -29.62
 114.00 -57.94 -30.13
 115.00 -73.55 -35.34
 116.00 -67.31 -34.71
 117.00 -74.39 -36.14
 118.00 -48.61 -41.42
 119.00 -64.72 -54.63
 120.00 -70.79 -42.68
 121.00 -62.72 -40.70
 122.00 -52.32 -46.78
 123.00 -54.00 -50.09
 124.00 -65.49 -39.77
 125.00 -115.80 -59.22
 126.00 -87.80 -32.67
 127.00 -50.03 -58.30
 128.00 -72.21 -44.47
 129.00 -70.51 -29.13
 130.00 -70.53 -32.33
 131.00 -79.80 -31.76
 132.00 -67.56 -32.38
 133.00 -56.67 -38.22
 134.00 -70.80 -26.63
 135.00 -71.85 -33.86
 136.00 -87.19 -28.88
 137.00  76.13  21.30
 138.00  59.97  36.48
 139.00 -135.05  45.19
 140.00 -64.83 153.82
 141.00 -86.77 126.78
 142.00 -101.23 -12.22
 143.00 -61.67 -178.76
 144.00 -62.22 144.31
 145.00 -63.34 -34.31
 146.00 -124.85   4.34
 147.00 -47.28 -36.21
 148.00 -62.99 -45.19
 149.00 -77.32 -28.00
 150.00 -85.74 -24.10
 151.00 -57.55 -38.05
 152.00 -36.36 -42.61
 153.00 -57.57 -58.24
 154.00 -63.19 -42.06
 155.00 -69.38 -48.76
 156.00 -48.39 -45.94
 157.00 -61.44 -59.64
 158.00 -60.12 -51.79
 159.00 -58.20 -44.67
 160.00 -70.45 -49.23
 161.00 -66.11 -34.95
 162.00 -68.04 -50.21
 163.00 -70.97 -31.89
 164.00 -69.55 -18.18
 165.00 -63.40 -40.31
 166.00 -61.14 -36.96
 167.00 -68.31 -57.67
 168.00 -52.24 -35.81
 169.00 -68.96 -36.16
 170.00 -64.24 -44.03
 171.00 -70.75 -42.65
 172.00 -61.31 -48.83
 173.00 -65.79 -41.63
 174.00 -92.31 -22.20
 175.00 -60.81 -27.22
 176.00 -78.35 -36.63
 177.00 -87.91   4.71
 178.00 -77.20 -20.73
 179.00 -82.85 146.94
 180.00 -113.23 -15.34
 181.00 -62.17  28.40
 182.00 -87.78 -17.20
 183.00 -68.86  13.83
 184.00 -89.49 160.62
 185.00 -137.15  14.22
 186.00 -134.50 119.26
 187.00 -81.03 144.20
 188.00 -69.31 124.25
 189.00 -47.23 -43.47
 190.00 -59.48 -50.85
 191.00 -59.61 -52.24
 192.00 -77.79 -23.73
 193.00 -61.10 -38.99
 194.00 -61.12 -43.37
 195.00 -61.47 -42.13
 196.00 -66.03 -46.07
 197.00 -60.07 -31.48
 198.00 -59.36 -45.04
 199.00 -69.75 -36.96
 200.00 -58.38 -43.31
 201.00 -65.54 -42.57
 202.00 -48.28 -53.55
 203.00 -55.99 -46.32
 204.00 -56.78 -51.39
 205.00 -78.87 -32.06
 206.00 -83.11 -39.54
 207.00 -62.78 -26.36
 208.00 -67.52 -28.87
 209.00 -63.56 -21.12
 210.00 -62.85 -54.74
 211.00 -60.61 -49.93
 212.00 -104.11 -35.68
 213.00 -63.65 -27.55
 214.00 -58.64 -42.52
 215.00 -103.24 -11.16
 216.00 -156.39 -14.77
 217.00 -70.67 114.05
 218.00 -46.70 -30.04
 219.00 -77.20 -29.97
 220.00 -140.05 -21.91
 221.00 -130.19   6.60
 222.00 -149.72 156.24
 223.00  47.94 125.48
 224.00  86.51  38.87
 225.00 -92.24  -5.63
 226.00 -77.74 144.45
 227.00 -142.57  88.07
 228.00 -56.22 110.06
 229.00 -138.78 118.13
 230.00 -54.22  -8.06
 231.00 -74.10 115.44
 232.00 -77.39  -3.78
 233.00 -68.69 -54.71
 234.00 -87.79 -21.61
 235.00 -71.32 -55.21
 236.00 -65.79 -61.39
 237.00 -50.38 -35.96
 238.00 -56.08 -65.66
 239.00 -66.74 -24.26
 240.00 -73.27 -59.01
 241.00 -71.78 -37.30
 242.00 -150.95 -13.50
 243.00 -70.30 -81.54
 244.00 -56.87 -29.59
 245.00 -58.69 -64.05
 246.00 -55.80 -32.04
 247.00 -60.52 -58.57
 248.00 -76.95 -35.39
 249.00 -58.73 -28.57
 250.00 -64.43 -55.97
 251.00 -57.07 -35.34
 252.00 -64.91 -59.18
 253.00 -44.80 -40.58
 254.00 -65.05 -60.16
 255.00 -69.03 -35.00
 256.00 -65.12 -32.53
 257.00 -70.34 -54.89
 258.00 -65.00 -31.03
 259.00 -62.56 -46.39
 260.00 -65.81 -40.45
 261.00 -62.61 -37.56
 262.00 -77.72 -30.42
 263.00 -71.55 -31.75
 264.00 -49.97 -46.48
 1001.00 -72.77 -34.95
 1002.00 -78.13 -20.45
 1003.00 -72.91 -32.81
 1004.00 -69.40 -26.55
 1005.00 -58.81 -47.33
 1006.00 -68.22 -36.74
 1007.00 -74.90 -33.40
 1008.00 -67.02 -33.78
 1009.00 -53.05 -48.34
 1010.00 -56.49 -50.48
 1011.00 -62.78 -43.17
 1012.00 -74.02 -37.81
 1013.00 -55.47 -42.72
 1014.00 -72.08 -38.45
 1015.00 -68.79 -29.07
 1016.00 -57.21 -42.10
 1017.00 -67.87 -40.78
 1018.00 -90.33 -26.48
 1019.00 -71.69 -17.26
 1020.00 -91.20 152.55
 1021.00 -132.54 -35.15
 1022.00 -56.31 158.95
 1023.00 -69.65 -27.78
 1024.00 -63.62 -40.67
 1025.00 -60.08 -40.79
 1026.00 -63.20 -49.89
 1027.00 -71.87 -36.85
 1028.00 -62.58 -39.89
 1029.00 -57.40 -46.23
 1030.00 -64.39 -32.83
 1031.00 -65.29 -43.35
 1032.00 -61.33 -36.66
 1033.00 -63.53 -45.13
 1034.00 -62.94 -36.83
 1035.00 -67.99 -50.70
 1036.00 -58.89 -31.70
 1037.00 -68.52 -44.25
 1038.00 -73.27 -36.01
 1039.00 -83.55 -17.72
 1040.00 -75.41 -52.21
 1041.00  38.10 -19.08
 1042.00 106.52  51.05
 1043.00 -59.28 -11.22
 1044.00  68.77 -28.28
 1066.00 -67.76 147.34
 1067.00 -48.40 -11.46
 1068.00 -63.62 -44.12
 1069.00 -67.99 -36.77
 1070.00 -63.38 -34.48
 1071.00 -75.19 -33.09
 1072.00 -62.80 -33.24
 1073.00 -51.88 -40.84
 1074.00 -71.43 -47.26
 1075.00 -70.59 -29.59
 1076.00 -71.66 -31.45
 1077.00 -75.45 -31.10
 1078.00 -61.86 -43.93
 1079.00 -68.71 -33.92
 1080.00 -76.33 -32.98
 1081.00  72.96  12.26
 1082.00 -78.81   2.42
 1083.00 -55.69  86.90
 1084.00 -65.19 -56.11
 1085.00 -89.92 -20.30
 1086.00 -70.22 -29.93
 1087.00 -52.77 -41.84
 1088.00 -64.99 -50.01
 1089.00 -72.39 -32.11
 1090.00 -56.98 -42.17
 1091.00 -59.83 -44.37
 1092.00 -64.58 -39.67
 1093.00 -56.67 -46.84
 1094.00 -46.57 -40.80
 1095.00 -68.96 -40.72
 1096.00 -62.75 -56.99
 1097.00 -65.92 -27.78
 1098.00 -64.95 -43.70
 1099.00 -70.58 -17.86
 1100.00 -62.85 -62.18
 1101.00 -53.58 -42.09
 1102.00 -80.31 -28.96
 1103.00 -55.71 -27.34
 1104.00 -70.13 -50.15
 1105.00 -37.77 -38.00
 313.00 -60.67 -42.73
 314.00 -79.91 -34.98
 315.00 -56.12 -36.91
 316.00 -62.45 -53.06
 317.00 -70.47 -33.01
 318.00 -47.66 -45.11
 319.00 -52.95 -63.53
 320.00 -68.75 -29.35
 321.00 -58.03 -49.78
 322.00 -72.99 -32.29
 323.00 -64.98 -38.82
 324.00 -55.24 -41.74
 325.00 -43.20 -53.01
 326.00 -79.84 -28.19
 327.00 -67.70 -44.18
 328.00 -68.19 -21.54
 329.00 -60.77 -60.13
 330.00 -69.11 -51.21
 331.00 -70.29 -38.08
 332.00 -77.87 -29.90
 333.00 -59.62 -53.78
 334.00 -81.54 -29.71
 335.00 -100.00 -16.16
 336.00 -57.21 -36.42
 337.00 -54.08 -35.47
 338.00 -48.68 -51.56
 339.00 -59.99 -54.85
 340.00 -59.89 -45.92
 341.00 -85.41 -34.21
 342.00 -78.76 -26.95
 343.00 -49.73 -35.19
 344.00 -69.22 -42.89
 345.00 -59.56 -40.85
 346.00 -70.58 -39.69
 347.00 -76.10 -36.28
 348.00 -81.64 -60.68
 349.00 -144.60 152.52
 350.00 -107.67 -53.82
 351.00 -96.52 -21.33
 352.00 -71.53 -45.26
 353.00 -98.07 151.88
 354.00 -46.21 106.36
 355.00 -59.59 -38.11
 356.00 -70.11 -41.68
 357.00 -59.96 -41.79
 358.00 -70.46 -29.67
 359.00 -52.99 -44.46
 360.00 -70.07 -47.00
 361.00 -59.47 -43.38
 362.00 -57.86 -39.28
 363.00 -72.66 -36.74
 364.00 -69.06 -59.45
 365.00 -65.05 -29.65
 366.00 -102.18 -25.31
 367.00 -76.88  -8.24
 368.00 -58.37 -40.23
 369.00 -61.48 -55.85
 370.00 -55.76 -38.28
 371.00 -73.09 -24.31
 372.00 -51.96 -35.33
 373.00 -85.00 -19.79
 374.00 -86.53  -7.04
 375.00 -70.90 -23.11
 376.00 -60.63 -42.92
 377.00 -73.86 -16.31
 378.00 -49.64 -51.93
 379.00 -52.51 -51.28
 380.00 -82.74 -35.39
 381.00 -82.20 -31.80
 382.00 -122.72 -29.74
 383.00 -145.44   0.69
 384.00 -59.74 117.96
 385.00 -52.32 -49.15
 386.00 -66.04 -48.68
 387.00 -53.01 -47.10
 388.00 -68.24 -51.15
 389.00 -72.36 -31.40
 390.00 -56.62 -49.92
 391.00 -61.22 -47.83
 392.00 -92.73 -16.98
 393.00 -76.85 -39.90
 394.00 -74.01 -24.18
 395.00 -81.30 -18.02
 396.00  61.41  -7.45
 397.00 -110.85  33.54
 398.00 -135.49 152.70


