 residuo Phi Psi
  69.00 -66.39 150.65
  70.00 -57.20 -32.60
  71.00 -74.38 -49.54
  72.00 -61.72 -31.74
  73.00 -58.87 -36.83
  74.00 -66.78 -45.63
  75.00 -66.74 -40.70
  76.00 -65.37 -38.03
  77.00 -90.83 -26.49
  78.00 -61.87 -33.66
  79.00 -71.35 -34.99
  80.00 -71.84 -40.47
  81.00 -49.82 -31.98
  82.00 -62.00 -35.39
  83.00 -70.33 -39.50
  84.00 -66.38 -43.07
  85.00 -62.10 -47.93
  86.00 -61.28 -32.70
  87.00 -71.73 -42.31
  88.00 -63.87 -40.75
  89.00 -61.42 -48.27
  90.00 -69.26 -40.70
  91.00 -73.60 -38.85
  92.00 -56.40 -34.47
  93.00 -61.61 -47.81
  94.00 -61.57 -42.16
  95.00 -64.80 -43.43
  96.00 -53.05 -55.88
  97.00 -51.14 -46.83
  98.00 -80.21 -49.72
  99.00 -73.82 -17.53
 100.00 -138.27 -11.84
 101.00 -69.56 -48.93
 102.00 -68.29 135.71
 103.00 -64.74 -49.71
 104.00 -83.49 -22.25
 105.00 -70.30  -6.52
 106.00 -152.71  67.84
 107.00 -62.92 142.14
 108.00 -58.66 -28.85
 109.00 -59.33 -44.87
 110.00 -56.81 -39.63
 111.00 -79.02 -29.96
 112.00 -63.78 -38.28
 113.00 -81.50 -26.17
 114.00 -60.17 -38.85
 115.00 -55.74 -39.77
 116.00 -70.64 -43.98
 117.00 -67.70 -37.60
 118.00 -53.38 -41.55
 119.00 -88.35 -31.64
 120.00 -68.08 -33.13
 121.00 -63.68 -49.34
 122.00 -63.11 -30.67
 123.00 -56.50 -49.37
 124.00 -93.90 -31.74
 125.00 -103.23 -40.02
 126.00 -125.23 -18.04
 127.00 -58.21 -58.02
 128.00 -63.42 -46.65
 129.00 -54.16 -41.20
 130.00 -59.70 -44.51
 131.00 -73.13 -34.52
 132.00 -66.99 -30.22
 133.00 -73.17 -38.87
 134.00 -70.03 -39.85
 135.00 -49.97 -44.03
 136.00 -88.45 -53.04
 137.00  71.40  32.66
 138.00  66.29  45.50
 139.00 -47.93 -34.32
 140.00 -59.01 142.01
 141.00 -86.42 126.10
 142.00 -153.08  15.22
 143.00 -69.71 172.08
 144.00 -58.47 147.42
 145.00 -75.83 -45.18
 146.00 -76.38  -4.19
 147.00 -57.24 -34.62
 148.00 -57.94 -52.14
 149.00 -121.52  -4.90
 150.00 -78.18 -15.97
 151.00 -64.52 -56.93
 152.00 -46.18 -30.43
 153.00 -72.23 -38.63
 154.00 -67.56 -36.76
 155.00 -67.50 -45.78
 156.00 -64.93 -41.47
 157.00 -70.64 -37.63
 158.00 -59.58 -48.52
 159.00 -60.69 -37.33
 160.00 -59.71 -52.54
 161.00 -70.78 -31.12
 162.00 -76.01 -35.97
 163.00 -68.85 -41.31
 164.00 -60.61 -39.28
 165.00 -66.65 -43.08
 166.00 -50.24 -44.96
 167.00 -64.55 -48.58
 168.00 -57.88 -37.17
 169.00 -53.19 -51.54
 170.00 -55.51 -52.41
 171.00 -63.40 -39.73
 172.00 -67.08 -38.97
 173.00 -63.69 -48.21
 174.00 -72.02 -31.77
 175.00 -68.98 -39.95
 176.00 -79.03 -28.91
 177.00 -57.36 -25.70
 178.00 -97.46 -10.21
 179.00 -72.73 151.24
 180.00 -101.07 -42.82
 181.00 -69.95  21.93
 182.00 -89.73   9.63
 183.00 -65.92   4.38
 184.00 -78.66 127.58
 185.00 -67.91 -39.53
 186.00 -144.01 145.45
 187.00 -82.83 169.33
 188.00 -59.67 123.41
 189.00 -60.65 -39.06
 190.00 -61.88 -51.66
 191.00 -65.78 -37.88
 192.00 -53.65 -45.52
 193.00 -66.40 -46.55
 194.00 -63.25 -36.92
 195.00 -76.02 -33.14
 196.00 -55.91 -48.70
 197.00 -59.29 -39.19
 198.00 -65.49 -51.90
 199.00 -67.46 -38.55
 200.00 -66.57 -39.61
 201.00 -62.90 -43.86
 202.00 -73.79 -48.55
 203.00 -62.39 -19.59
 204.00 -69.10 -49.24
 205.00 -57.24 -36.65
 206.00 -74.73 -47.08
 207.00 -63.73 -21.18
 208.00 -52.75 -36.98
 209.00 -60.45 -24.61
 210.00 -67.41 -53.97
 211.00 -56.21 -36.66
 212.00 -97.51 -54.03
 213.00 -81.56 -18.88
 214.00 -80.93 -29.62
 215.00 -90.46 -12.73
 216.00 -134.96 -30.95
 217.00 -57.59 112.50
 218.00 -55.63 -39.10
 219.00 -74.68 -16.31
 220.00 -133.33 -26.34
 221.00 -146.92  12.53
 222.00 -144.33 133.30
 223.00  48.42 138.14
 224.00  75.64  41.17
 225.00 -112.88   8.45
 226.00 -80.94 149.08
 227.00 -171.35 116.72
 228.00 -70.82 134.62
 229.00 -129.24 127.90
 230.00 -65.30 -30.89
 231.00 -55.34 131.05
 232.00 -65.50 -30.45
 233.00 -87.82 -37.15
 234.00 -66.83 -48.18
 235.00 -85.14 -60.76
 236.00 -79.57 -47.07
 237.00 -72.58 -42.43
 238.00 -65.28 -31.74
 239.00 -59.36 -13.98
 240.00 -67.23 -65.14
 241.00 -78.08 -31.69
 242.00 -156.82 -11.06
 243.00 -75.64 -60.05
 244.00 -69.31 -23.62
 245.00 -58.67 -64.48
 246.00 -44.98 -35.45
 247.00 -64.55 -65.26
 248.00 -50.57 -39.35
 249.00 -70.22 -57.44
 250.00 -57.11 -47.56
 251.00 -67.61 -42.30
 252.00 -66.20 -44.02
 253.00 -62.66 -28.98
 254.00 -61.19 -46.75
 255.00 -63.97 -43.74
 256.00 -62.19 -37.30
 257.00 -65.07 -55.43
 258.00 -68.85 -31.03
 259.00 -85.22 -37.25
 260.00 -79.67 -15.14
 261.00 -65.03 -29.92
 262.00 -74.56 -26.91
 263.00 -69.93 -31.22
 264.00 -72.29 -28.00
 1001.00 -73.16 -27.86
 1002.00 -65.87 -22.78
 1003.00 -60.41 -39.42
 1004.00 -69.82 -39.19
 1005.00 -61.37 -42.73
 1006.00 -62.69 -38.94
 1007.00 -56.26 -44.67
 1008.00 -63.15 -46.04
 1009.00 -78.67 -34.62
 1010.00 -57.56 -38.54
 1011.00 -62.87 -42.11
 1012.00 -69.74 -41.99
 1013.00 -57.53 -44.38
 1014.00 -66.08 -30.15
 1015.00 -49.95 -48.63
 1016.00 -58.42 -55.66
 1017.00 -68.77 -44.96
 1018.00 -91.98 -24.17
 1019.00 -82.23  -2.92
 1020.00 -147.38 177.84
 1021.00 -114.16  -8.63
 1022.00 -71.51 151.22
 1023.00 -57.45 -28.58
 1024.00 -69.90 -39.59
 1025.00 -71.21 -41.05
 1026.00 -53.19 -40.10
 1027.00 -59.22 -48.37
 1028.00 -66.25 -48.63
 1029.00 -59.45 -38.89
 1030.00 -66.84 -42.76
 1031.00 -70.31 -34.14
 1032.00 -55.48 -45.30
 1033.00 -55.19 -36.41
 1034.00 -67.14 -58.77
 1035.00 -60.51 -32.18
 1036.00 -73.48 -27.43
 1037.00 -67.75 -31.41
 1038.00 -79.55 -34.16
 1039.00 -57.62 -36.99
 1040.00 -99.30 -46.75
 1041.00  66.63 -17.86
 1042.00  93.88  47.89
 1043.00 -81.29  25.00
 1044.00  57.11 -25.46
 1066.00 -56.62 160.33
 1067.00 -60.86 -25.55
 1068.00 -70.23 -45.71
 1069.00 -54.63 -46.56
 1070.00 -69.59 -34.78
 1071.00 -64.85 -38.13
 1072.00 -74.33 -31.24
 1073.00 -60.71 -38.06
 1074.00 -60.27 -43.40
 1075.00 -75.83 -41.06
 1076.00 -56.86 -32.30
 1077.00 -64.28 -37.80
 1078.00 -60.60 -42.74
 1079.00 -74.93 -45.85
 1080.00 -63.61 -27.01
 1081.00  72.00  -3.87
 1082.00 -81.28   5.22
 1083.00 -76.74  69.82
 1084.00 -73.14 -26.06
 1085.00 -73.02 -35.84
 1086.00 -65.23 -36.09
 1087.00 -70.28 -39.10
 1088.00 -91.02 -20.70
 1089.00 -92.05 -17.19
 1090.00 -73.73 -21.69
 1091.00 -66.85 -35.24
 1092.00 -68.71 -26.10
 1093.00 -57.17 -49.41
 1094.00 -63.15 -37.41
 1095.00 -87.70 -26.15
 1096.00 -145.28  19.57
 1097.00 -48.23 -31.95
 1098.00 -52.07 -43.86
 1099.00 -46.89 -49.79
 1100.00 -56.89 -48.28
 1101.00 -69.76 -46.91
 1102.00 -55.40 -41.31
 1103.00 -64.79 -42.49
 1104.00 -66.57 -50.78
 1105.00 -78.02 -33.83
 313.00 -76.68 -14.65
 314.00 -57.92 -41.42
 315.00 -71.44 -40.00
 316.00 -62.78 -38.52
 317.00 -66.57 -40.11
 318.00 -66.18 -40.44
 319.00 -56.94 -45.73
 320.00 -55.75 -50.00
 321.00 -55.90 -44.40
 322.00 -67.01 -39.51
 323.00 -69.93 -24.86
 324.00 -54.03 -45.13
 325.00 -54.67 -45.22
 326.00 -68.45 -36.72
 327.00 -68.75 -32.84
 328.00 -63.59 -41.89
 329.00 -66.50 -38.44
 330.00 -55.47 -52.13
 331.00 -69.87 -22.80
 332.00 -56.26 -57.26
 333.00 -56.77 -52.14
 334.00 -104.69 -24.84
 335.00 -108.07 -12.27
 336.00 -59.76 -22.54
 337.00 -68.30 -35.87
 338.00 -68.33 -38.75
 339.00 -78.27 -42.51
 340.00 -76.39 -33.98
 341.00 -66.40 -25.75
 342.00 -62.21 -51.15
 343.00 -76.75 -35.57
 344.00 -59.26 -36.32
 345.00 -72.06 -39.57
 346.00 -72.23  -4.76
 347.00 -86.91 -38.03
 348.00 -77.72 -38.50
 349.00 -145.41 162.68
 350.00 -92.11 -62.07
 351.00 -83.90 -41.17
 352.00 -106.31 -17.13
 353.00 -90.84 124.34
 354.00 -68.49 129.39
 355.00 -59.74 -29.09
 356.00 -71.79 -39.29
 357.00 -63.67 -46.29
 358.00 -67.58 -45.79
 359.00 -66.24 -42.22
 360.00 -67.62 -33.37
 361.00 -63.61 -49.65
 362.00 -72.61 -38.06
 363.00 -79.02 -17.85
 364.00 -64.09 -52.88
 365.00 -52.52 -40.20
 366.00 -71.84 -39.30
 367.00 -58.17 -31.85
 368.00 -69.59 -43.80
 369.00 -67.33 -43.57
 370.00 -53.18 -16.92
 371.00 -60.95 -47.09
 372.00 -70.40 -23.77
 373.00 -81.39 -20.61
 374.00 -78.08 -35.97
 375.00 -52.77 -37.92
 376.00 -50.20 -43.12
 377.00 -71.06 -26.54
 378.00 -57.21 -27.49
 379.00 -58.46 -51.04
 380.00 -59.08 -44.29
 381.00 -68.45 -44.35
 382.00 -80.11 -63.31
 383.00 -106.71 -41.34
 384.00 -62.75 122.65
 385.00 -65.37 -40.37
 386.00 -64.35 -38.89
 387.00 -51.80 -55.92
 388.00 -67.91 -40.04
 389.00 -80.85 -32.45
 390.00 -49.21 -41.87
 391.00 -55.28 -53.43
 392.00 -76.16 -36.15
 393.00 -64.00 -42.48
 394.00 -72.39 -43.95
 395.00 -79.35 -34.30
 396.00  62.68  -8.35
 397.00 -71.12  34.56
 398.00 -86.80  50.86


