 residuo Phi Psi
  69.00 -55.40  90.32
  70.00 -59.25 -28.56
  71.00 -86.40 -44.13
  72.00 -62.03 -24.59
  73.00 -82.97 -29.97
  74.00 -75.88 -31.54
  75.00 -68.63 -33.19
  76.00 -62.99 -39.92
  77.00 -71.69 -29.98
  78.00 -76.64 -21.56
  79.00 -63.65 -39.26
  80.00 -86.39 -29.44
  81.00 -69.52 -32.30
  82.00 -51.82 -38.28
  83.00 -75.08 -51.53
  84.00 -54.02 -39.04
  85.00 -73.31 -51.18
  86.00 -49.58 -41.63
  87.00 -78.84 -36.75
  88.00 -70.47 -44.42
  89.00 -64.05 -58.97
  90.00 -89.97 -12.17
  91.00 -64.05 -59.49
  92.00 -41.94 -38.07
  93.00 -61.13 -46.74
  94.00 -64.32 -35.63
  95.00 -60.84 -43.29
  96.00 -55.56 -51.03
  97.00 -56.18 -42.05
  98.00 -70.34 -49.54
  99.00 -71.17 -20.41
 100.00 -146.20  -9.85
 101.00 -89.66 -40.51
 102.00 -50.93  89.54
 103.00 -70.49 -22.49
 104.00 -105.27 -19.98
 105.00 -66.05 -11.30
 106.00 -159.14  82.43
 107.00 -68.20 171.46
 108.00 -68.50 -23.44
 109.00 -71.32 -53.06
 110.00 -62.08 -28.04
 111.00 -72.29 -31.58
 112.00 -72.78 -31.66
 113.00 -67.27 -32.34
 114.00 -70.18 -43.22
 115.00 -67.95 -23.57
 116.00 -73.15 -30.02
 117.00 -65.78 -50.05
 118.00 -63.19 -23.78
 119.00 -103.99 -17.52
 120.00 -46.61 -56.24
 121.00 -81.04 -42.88
 122.00 -63.34 -26.64
 123.00 -54.13 -49.37
 124.00 -110.41 -20.58
 125.00 -109.53 -44.77
 126.00 -123.37  -8.85
 127.00 -89.44 -38.16
 128.00 -73.85 -33.41
 129.00 -57.05 -32.19
 130.00 -72.62 -39.10
 131.00 -62.86 -39.17
 132.00 -71.28 -27.82
 133.00 -75.54 -36.16
 134.00 -64.55 -32.65
 135.00 -57.03 -45.57
 136.00 -66.19 -47.16
 137.00  68.22  -7.52
 138.00  59.45  50.17
 139.00 -71.27   7.77
 140.00 -78.41 138.58
 141.00 -76.94 124.05
 142.00 -123.52  -8.60
 143.00 -57.83 168.39
 144.00 -75.59 164.28
 145.00 -60.97 -42.71
 146.00 -91.83  -3.76
 147.00 -65.86  -8.32
 148.00 -57.36 -44.64
 149.00 -66.94 -32.65
 150.00 -92.28 -29.62
 151.00 -77.06 -21.70
 152.00 -63.33 -33.17
 153.00 -65.06 -41.87
 154.00 -55.31 -47.76
 155.00 -71.61 -45.64
 156.00 -52.47 -39.05
 157.00 -68.90 -57.91
 158.00 -66.66 -38.21
 159.00 -71.47 -44.77
 160.00 -54.73 -40.20
 161.00 -60.85 -41.59
 162.00 -82.04 -45.76
 163.00 -70.39 -25.06
 164.00 -60.24 -29.92
 165.00 -79.99 -44.67
 166.00 -66.63 -27.55
 167.00 -64.78 -50.13
 168.00 -54.24 -41.40
 169.00 -66.60 -45.67
 170.00 -59.52 -48.23
 171.00 -72.12 -35.29
 172.00 -79.05 -39.04
 173.00 -56.72 -33.37
 174.00 -86.86 -32.38
 175.00 -58.20 -44.94
 176.00 -79.18 -44.98
 177.00 -117.91   3.21
 178.00 -66.21   6.70
 179.00 -80.40 141.94
 180.00 -102.25  -5.00
 181.00 -64.95  14.41
 182.00 -76.32 -25.58
 183.00 -57.79  -5.83
 184.00 -68.18 150.71
 185.00 -130.30 -10.30
 186.00 -144.84 157.46
 187.00 -51.52 148.34
 188.00 -62.08 110.21
 189.00 -52.26 -41.14
 190.00 -59.34 -56.96
 191.00 -72.59 -34.05
 192.00 -73.63 -30.53
 193.00 -61.80 -44.34
 194.00 -55.36 -44.94
 195.00 -58.10 -40.29
 196.00 -53.03 -60.23
 197.00 -70.68 -29.29
 198.00 -57.00 -48.47
 199.00 -68.53 -46.01
 200.00 -58.37 -39.31
 201.00 -54.29 -55.27
 202.00 -72.02 -45.43
 203.00 -58.88 -31.29
 204.00 -51.27 -46.68
 205.00 -72.30 -44.81
 206.00 -94.13 -41.35
 207.00 -50.58 -17.27
 208.00 -59.83 -42.23
 209.00 -64.13 -29.00
 210.00 -81.61 -44.81
 211.00 -74.84 -27.98
 212.00 -90.34 -24.84
 213.00 -53.07 -52.66
 214.00 -80.32 -38.10
 215.00 -101.13  -3.82
 216.00 -162.27   3.08
 217.00 -61.84 113.15
 218.00 -65.73 -32.05
 219.00 -89.76  -8.43
 220.00 -126.62 -19.39
 221.00 -100.77  -7.17
 222.00 -159.47 153.09
 223.00  59.57 124.90
 224.00  77.33  29.98
 225.00 -95.63 -10.73
 226.00 -63.93 146.18
 227.00 -166.81 119.33
 228.00 -66.64 137.96
 229.00 -123.99 124.47
 230.00 -80.82 -18.40
 231.00 -78.92 128.64
 232.00 -76.09  -9.61
 233.00 -79.64 -32.33
 234.00 -73.44 -15.82
 235.00 -76.00 -61.84
 236.00 -91.38 -47.07
 237.00 -76.44 -48.86
 238.00 -72.09 -11.39
 239.00 -63.30 -18.79
 240.00 -80.96 -53.25
 241.00 -86.82 -20.95
 242.00 -154.76 -16.02
 243.00 -69.37 -52.89
 244.00 -60.08 -48.48
 245.00 -60.78 -57.27
 246.00 -70.01 -38.67
 247.00 -70.85 -33.01
 248.00 -71.46 -39.73
 249.00 -64.80 -36.51
 250.00 -64.52 -48.73
 251.00 -69.57 -52.06
 252.00 -61.45 -35.31
 253.00 -65.22 -37.69
 254.00 -56.31 -45.21
 255.00 -68.61 -42.38
 256.00 -73.17 -27.56
 257.00 -72.97 -45.21
 258.00 -69.63 -26.37
 259.00 -54.61 -44.36
 260.00 -73.89 -39.55
 261.00 -68.78 -23.50
 262.00 -57.19 -49.05
 263.00 -64.18 -36.49
 264.00 -58.82 -42.19
 1001.00 -67.77 -25.36
 1002.00 -63.44 -37.62
 1003.00 -73.21 -41.92
 1004.00 -60.58 -34.71
 1005.00 -77.09 -34.81
 1006.00 -52.58 -40.32
 1007.00 -45.97 -57.63
 1008.00 -78.22 -37.98
 1009.00 -69.43 -34.39
 1010.00 -59.21 -42.60
 1011.00 -75.02 -37.48
 1012.00 -73.44 -31.40
 1013.00 -57.44 -37.93
 1014.00 -71.61 -32.88
 1015.00 -85.26 -26.34
 1016.00 -52.91 -55.36
 1017.00 -72.64 -39.40
 1018.00 -95.82 -21.46
 1019.00 -49.13  -3.02
 1020.00 -72.00 145.02
 1021.00 -141.18 -55.62
 1022.00 -58.77 161.15
 1023.00 -78.45 -29.85
 1024.00 -79.50 -21.74
 1025.00 -70.01 -32.56
 1026.00 -64.38 -36.88
 1027.00 -48.98 -46.86
 1028.00 -63.39 -58.89
 1029.00 -70.16 -36.20
 1030.00 -65.38 -35.63
 1031.00 -59.22 -45.25
 1032.00 -71.65 -36.80
 1033.00 -54.53 -42.94
 1034.00 -58.44 -48.64
 1035.00 -74.75 -39.81
 1036.00 -70.86 -32.90
 1037.00 -72.68 -21.23
 1038.00 -54.00 -52.50
 1039.00 -52.91 -44.27
 1040.00 -88.85 -40.70
 1041.00  56.64 -26.43
 1042.00 113.78  52.36
 1043.00 -63.56 -20.95
 1044.00  63.62 -30.04
 1066.00 -55.55 162.38
 1067.00 -56.63 -15.49
 1068.00 -73.29 -43.79
 1069.00 -71.13 -25.91
 1070.00 -56.64 -47.52
 1071.00 -66.51 -41.29
 1072.00 -59.29 -38.61
 1073.00 -82.69 -36.87
 1074.00 -95.22 -10.61
 1075.00 -58.98 -39.42
 1076.00 -63.51 -21.05
 1077.00 -65.46 -40.13
 1078.00 -79.67 -41.30
 1079.00 -65.42 -20.82
 1080.00 -81.25 -35.93
 1081.00  92.39 -10.36
 1082.00 -90.48   8.63
 1083.00 -64.12  79.52
 1084.00 -69.29 -42.90
 1085.00 -59.01 -40.63
 1086.00 -56.82 -51.04
 1087.00 -64.31 -34.14
 1088.00 -59.46 -38.93
 1089.00 -65.09 -43.43
 1090.00 -67.44 -42.29
 1091.00 -66.70 -36.11
 1092.00 -65.81 -45.31
 1093.00 -86.64 -11.66
 1094.00 -45.57 -23.73
 1095.00 -79.48 -60.96
 1096.00 -64.18 -22.12
 1097.00 -49.52 -50.57
 1098.00 -54.03 -58.03
 1099.00 -59.76 -40.02
 1100.00 -73.85 -41.49
 1101.00 -55.74 -38.39
 1102.00 -67.90 -27.42
 1103.00 -62.15 -46.60
 1104.00 -71.93 -47.29
 1105.00 -63.17 -35.22
 313.00 -65.20 -40.83
 314.00 -57.17 -42.14
 315.00 -64.08 -40.10
 316.00 -69.38 -38.51
 317.00 -68.99 -32.69
 318.00 -47.05 -48.70
 319.00 -63.20 -59.11
 320.00 -64.95 -36.63
 321.00 -76.17 -34.86
 322.00 -69.88 -31.12
 323.00 -59.38 -26.24
 324.00 -67.87 -52.03
 325.00 -56.74 -24.01
 326.00 -55.76 -42.42
 327.00 -62.92 -46.20
 328.00 -70.30 -45.04
 329.00 -80.46 -19.91
 330.00 -64.72 -72.04
 331.00 -46.85 -31.28
 332.00 -71.27 -50.73
 333.00 -62.29 -30.64
 334.00 -80.93 -38.18
 335.00 -93.09 -26.69
 336.00 -27.88 -30.84
 337.00 -72.19 -52.10
 338.00 -61.70 -33.20
 339.00 -70.14 -43.61
 340.00 -51.43 -46.57
 341.00 -70.74 -42.97
 342.00 -68.02 -45.16
 343.00 -69.05 -41.58
 344.00 -70.79 -18.14
 345.00 -64.64 -58.54
 346.00 -54.20 -33.37
 347.00 -86.67 -38.20
 348.00 -60.97 -54.19
 349.00 -152.62 157.69
 350.00 -103.45 -55.34
 351.00 -76.77 -29.72
 352.00 -157.30   9.23
 353.00 -116.33 158.87
 354.00 -51.97 136.09
 355.00 -82.18 -40.75
 356.00 -61.19 -35.33
 357.00 -55.57 -44.59
 358.00 -73.72 -43.63
 359.00 -64.20 -36.82
 360.00 -60.31 -44.53
 361.00 -70.83 -52.34
 362.00 -59.05 -26.79
 363.00 -59.12 -54.25
 364.00 -66.71 -50.91
 365.00 -56.17 -33.03
 366.00 -69.73 -49.93
 367.00 -76.38 -24.48
 368.00 -47.24 -43.34
 369.00 -63.00 -65.26
 370.00 -64.36 -20.74
 371.00 -56.66 -29.52
 372.00 -83.40  -8.76
 373.00 -87.69 -14.89
 374.00 -81.44 -31.32
 375.00 -60.53 -31.59
 376.00 -75.80 -35.78
 377.00 -78.32 -15.48
 378.00 -56.14 -42.32
 379.00 -57.09 -50.76
 380.00 -84.45 -29.85
 381.00 -72.88 -35.33
 382.00 -114.81 -41.83
 383.00 -130.57   0.95
 384.00 -52.47 100.07
 385.00 -60.75 -44.01
 386.00 -67.80 -40.35
 387.00 -71.28 -41.91
 388.00 -70.04 -34.81
 389.00 -70.84 -33.94
 390.00 -60.42 -45.60
 391.00 -61.67 -41.71
 392.00 -79.16 -26.80
 393.00 -73.15 -41.37
 394.00 -64.42 -41.88
 395.00 -85.64 -30.59
 396.00  42.64  -4.80
 397.00 -82.46  43.25
 398.00 -133.91 102.48


