 residuo Phi Psi
  69.00 -70.13 134.74
  70.00 -55.59 -23.78
  71.00 -77.40 -30.34
  72.00 -67.60 -37.29
  73.00 -61.30 -37.37
  74.00 -71.82 -36.25
  75.00 -70.61 -37.76
  76.00 -73.67 -43.97
  77.00 -61.60 -27.70
  78.00 -77.75 -35.77
  79.00 -82.33 -17.87
  80.00 -69.47 -32.20
  81.00 -50.44 -41.17
  82.00 -51.95 -35.64
  83.00 -56.94 -51.21
  84.00 -69.98 -38.54
  85.00 -53.23 -41.69
  86.00 -72.38 -58.68
  87.00 -74.52 -16.04
  88.00 -73.15 -47.60
  89.00 -77.62 -38.03
  90.00 -87.69 -31.45
  91.00 -77.62 -36.85
  92.00 -58.76 -27.52
  93.00 -65.04 -31.06
  94.00 -70.84 -47.46
  95.00 -55.56 -47.83
  96.00 -61.96 -40.37
  97.00 -54.76 -54.75
  98.00 -73.73 -48.19
  99.00 -66.94 -38.58
 100.00 -103.61 -35.72
 101.00 -97.95 -36.20
 102.00 -54.95 127.65
 103.00 -68.87 -36.55
 104.00 -132.66  -0.83
 105.00 -77.51  -6.42
 106.00 -149.55  56.78
 107.00 -43.19 159.52
 108.00 -71.54 -61.13
 109.00 -72.85 -24.55
 110.00 -55.76 -36.05
 111.00 -83.23 -23.48
 112.00 -54.67 -39.53
 113.00 -70.96 -32.57
 114.00 -56.47 -46.55
 115.00 -65.15 -29.76
 116.00 -70.90 -43.37
 117.00 -65.79 -33.04
 118.00 -67.08 -35.65
 119.00 -69.74 -38.91
 120.00 -68.33 -33.96
 121.00 -59.90 -52.45
 122.00 -53.84 -39.29
 123.00 -73.32 -56.29
 124.00 -97.30  -7.89
 125.00 -100.73 -48.55
 126.00 -85.09 -45.15
 127.00 -68.44 -54.23
 128.00 -63.91 -44.34
 129.00 -78.07 -24.97
 130.00 -77.95 -36.15
 131.00 -58.80 -31.13
 132.00 -68.65 -42.61
 133.00 -54.72 -33.77
 134.00 -65.27 -39.68
 135.00 -48.49 -53.20
 136.00 -78.71 -47.40
 137.00 139.46 -20.65
 138.00  67.54  21.94
 139.00 -148.13  42.39
 140.00 -63.55 155.66
 141.00 -82.26 110.10
 142.00 -137.04   9.61
 143.00 -57.96 177.84
 144.00 -54.20 148.58
 145.00 -75.79 -55.38
 146.00 -84.88   3.99
 147.00 -62.39 -23.99
 148.00 -61.12 -47.51
 149.00 -52.24 -46.34
 150.00 -71.98 -47.55
 151.00 -67.66 -30.05
 152.00 -71.33 -35.39
 153.00 -71.25 -30.49
 154.00 -37.91 -62.48
 155.00 -71.89 -45.27
 156.00 -57.52 -54.86
 157.00 -58.78 -51.40
 158.00 -59.92 -52.42
 159.00 -62.02 -41.04
 160.00 -60.90 -54.37
 161.00 -58.16 -33.59
 162.00 -69.63 -52.58
 163.00 -61.84 -37.41
 164.00 -84.75 -21.23
 165.00 -65.92 -30.50
 166.00 -50.21 -45.90
 167.00 -72.95 -50.74
 168.00 -48.60 -40.68
 169.00 -58.64 -47.90
 170.00 -72.35 -50.36
 171.00 -55.34 -57.52
 172.00 -66.07 -39.65
 173.00 -79.32 -35.64
 174.00 -76.51 -20.56
 175.00 -58.36 -40.34
 176.00 -82.15 -38.84
 177.00 -87.60   0.27
 178.00 -90.75  -0.53
 179.00 -55.68 140.35
 180.00 -112.86 -29.38
 181.00 -52.16  20.44
 182.00 -95.54   2.29
 183.00 -55.87   2.90
 184.00 -72.30 146.00
 185.00 -113.51  -9.43
 186.00 -157.87 150.08
 187.00 -64.28 149.53
 188.00 -61.55 120.42
 189.00 -76.30 -43.93
 190.00 -70.19 -29.62
 191.00 -68.76 -34.07
 192.00 -70.20 -54.85
 193.00 -60.97 -27.44
 194.00 -71.73 -41.22
 195.00 -44.78 -46.25
 196.00 -63.54 -64.12
 197.00 -59.52 -33.21
 198.00 -67.25 -49.03
 199.00 -64.05 -34.06
 200.00 -70.29 -34.20
 201.00 -59.20 -46.97
 202.00 -75.37 -31.47
 203.00 -51.31 -43.64
 204.00 -50.18 -46.47
 205.00 -70.91 -46.19
 206.00 -84.78 -42.07
 207.00 -65.29 -29.11
 208.00 -53.61 -25.87
 209.00 -58.66 -29.09
 210.00 -68.56 -56.54
 211.00 -67.87 -23.66
 212.00 -96.48 -40.21
 213.00 -67.45 -38.14
 214.00 -73.85 -32.25
 215.00 -112.46  -6.91
 216.00 -170.05   1.43
 217.00 -45.52  87.50
 218.00 -54.52 -39.11
 219.00 -78.80 -26.75
 220.00 -123.33 -21.73
 221.00 -118.16  -3.73
 222.00 -152.36 139.15
 223.00  44.10 127.29
 224.00  65.15  40.69
 225.00 -75.72  -4.95
 226.00 -73.72 147.59
 227.00 -148.48 101.10
 228.00 -35.22 108.46
 229.00 -140.26 122.22
 230.00 -108.73  21.59
 231.00 -63.28 132.46
 232.00 -52.26 -52.36
 233.00 -73.65 -43.75
 234.00 -93.82 -17.47
 235.00 -75.79 -51.09
 236.00 -81.67 -41.92
 237.00 -60.70 -34.17
 238.00 -60.97 -36.56
 239.00 -67.08 -29.26
 240.00 -70.01 -61.92
 241.00 -101.63 -24.40
 242.00 -144.42  -0.68
 243.00 -69.80 -75.05
 244.00 -69.18 -38.85
 245.00 -63.34 -49.85
 246.00 -52.67 -39.58
 247.00 -75.42 -44.20
 248.00 -65.48 -39.29
 249.00 -61.60 -37.45
 250.00 -63.34 -51.37
 251.00 -62.30 -44.22
 252.00 -59.15 -59.95
 253.00 -72.14 -30.53
 254.00 -57.46 -45.19
 255.00 -65.18 -41.14
 256.00 -82.12 -31.22
 257.00 -57.41 -55.33
 258.00 -60.94 -31.27
 259.00 -61.33 -46.45
 260.00 -76.42 -41.95
 261.00 -59.95 -28.43
 262.00 -66.42 -41.06
 263.00 -66.31 -33.75
 264.00 -73.44 -26.58
 1001.00 -64.25 -45.97
 1002.00 -59.63 -21.62
 1003.00 -77.10 -37.44
 1004.00 -77.67 -20.78
 1005.00 -67.25 -31.43
 1006.00 -64.33 -41.05
 1007.00 -58.11 -40.84
 1008.00 -78.24 -27.03
 1009.00 -63.07 -48.19
 1010.00 -59.56 -42.26
 1011.00 -68.76 -46.59
 1012.00 -51.11 -49.17
 1013.00 -61.29 -42.57
 1014.00 -79.62 -16.95
 1015.00 -73.38 -24.94
 1016.00 -57.33 -42.70
 1017.00 -74.84 -43.67
 1018.00 -96.79 -25.58
 1019.00 -69.09   2.45
 1020.00 -104.24 141.20
 1021.00 -139.74 -11.71
 1022.00 -60.64 153.70
 1023.00 -63.56 -26.09
 1024.00 -65.03 -50.34
 1025.00 -76.31 -24.65
 1026.00 -63.34 -44.48
 1027.00 -61.64 -50.05
 1028.00 -65.26 -36.32
 1029.00 -58.80 -50.66
 1030.00 -78.61 -24.47
 1031.00 -71.02 -42.06
 1032.00 -64.78 -29.52
 1033.00 -54.27 -54.67
 1034.00 -60.05 -38.10
 1035.00 -75.70 -49.44
 1036.00 -62.12 -19.71
 1037.00 -76.85 -42.51
 1038.00 -70.13 -34.82
 1039.00 -67.19 -35.05
 1040.00 -70.22 -38.38
 1041.00  50.18 -37.74
 1042.00 117.09  30.82
 1043.00 -79.05  12.76
 1044.00  65.68 -14.27
 1066.00 -50.82 149.94
 1067.00 -56.65 -18.05
 1068.00 -70.34 -35.91
 1069.00 -64.73 -31.94
 1070.00 -75.21 -42.30
 1071.00 -73.64 -32.82
 1072.00 -68.74 -31.97
 1073.00 -64.73 -30.33
 1074.00 -73.37 -38.94
 1075.00 -69.71 -36.17
 1076.00 -54.74 -39.37
 1077.00 -39.77 -53.88
 1078.00 -72.89 -45.55
 1079.00 -59.01 -35.76
 1080.00 -71.06 -44.35
 1081.00  92.66  -6.97
 1082.00 -92.45   9.60
 1083.00 -51.76  71.73
 1084.00 -75.67 -45.45
 1085.00 -59.33 -41.39
 1086.00 -76.68 -40.42
 1087.00 -56.85 -34.86
 1088.00 -58.76 -43.54
 1089.00 -62.42 -48.25
 1090.00 -63.69 -43.41
 1091.00 -67.48 -39.43
 1092.00 -71.56 -37.89
 1093.00 -64.11 -28.47
 1094.00 -49.77 -37.16
 1095.00 -59.57 -47.80
 1096.00 -62.23 -46.47
 1097.00 -55.10 -44.52
 1098.00 -83.23 -30.91
 1099.00 -62.02 -31.63
 1100.00 -62.23 -36.35
 1101.00 -58.38 -40.45
 1102.00 -52.61 -35.61
 1103.00 -64.92 -50.29
 1104.00 -72.31 -41.03
 1105.00 -57.85 -41.09
 313.00 -73.66 -33.99
 314.00 -68.12 -32.20
 315.00 -67.37 -31.86
 316.00 -61.93 -39.62
 317.00 -64.17 -45.74
 318.00 -59.17 -43.57
 319.00 -61.24 -53.79
 320.00 -61.45 -37.43
 321.00 -60.05 -48.21
 322.00 -62.33 -44.57
 323.00 -77.61 -29.00
 324.00 -62.70 -35.81
 325.00 -59.32 -29.33
 326.00 -72.40 -33.24
 327.00 -48.84 -50.76
 328.00 -63.93 -48.10
 329.00 -69.40 -51.78
 330.00 -64.09 -44.25
 331.00 -47.63 -42.33
 332.00 -61.22 -55.38
 333.00 -58.85 -46.05
 334.00 -68.38 -43.05
 335.00 -90.02 -32.33
 336.00 -60.28 -28.03
 337.00 -55.85 -40.18
 338.00 -58.85 -37.21
 339.00 -63.71 -55.29
 340.00 -54.70 -45.76
 341.00 -74.40 -41.70
 342.00 -69.91 -38.45
 343.00 -74.56 -28.95
 344.00 -61.12 -41.66
 345.00 -72.43 -42.92
 346.00 -100.06  -4.16
 347.00 -81.82 -19.61
 348.00 -75.67 -52.00
 349.00 -130.78 145.31
 350.00 -79.62 -86.02
 351.00 -102.29 -19.97
 352.00 -139.79  21.18
 353.00 -90.88 132.20
 354.00 -50.95 115.45
 355.00 -70.85 -32.15
 356.00 -90.98 -23.98
 357.00 -50.54 -32.89
 358.00 -48.36 -48.77
 359.00 -63.85 -57.59
 360.00 -76.62 -37.01
 361.00 -73.27 -32.89
 362.00 -69.27 -34.88
 363.00 -70.95 -27.11
 364.00 -64.04 -57.17
 365.00 -77.99 -31.09
 366.00 -68.00 -45.78
 367.00 -51.20 -34.30
 368.00 -65.87 -42.89
 369.00 -66.45 -40.58
 370.00 -76.69 -23.55
 371.00 -62.79 -16.14
 372.00 -68.89 -18.21
 373.00 -98.51 -13.88
 374.00 -86.54  -8.29
 375.00 -61.43 -28.51
 376.00 -65.49 -38.65
 377.00 -81.78 -19.11
 378.00 -55.23 -44.59
 379.00 -61.34 -51.38
 380.00 -80.62 -30.78
 381.00 -65.57 -47.13
 382.00 -129.89 -32.17
 383.00 -136.97  18.45
 384.00 -72.31 134.89
 385.00 -90.29 -31.27
 386.00 -69.63 -36.01
 387.00 -57.02 -44.96
 388.00 -75.00 -39.61
 389.00 -52.72 -47.02
 390.00 -65.89 -57.79
 391.00 -59.87 -31.81
 392.00 -70.70 -37.19
 393.00 -70.76 -43.66
 394.00 -75.43 -37.56
 395.00 -93.73  -5.31
 396.00  49.33  -3.72
 397.00 -83.63  27.22
 398.00 -59.96  48.31


