 residuo Phi Psi
  69.00 -147.34 159.58
  70.00 -65.05 -17.89
  71.00 -62.82 -27.41
  72.00 -68.84 -50.90
  73.00 -50.98 -40.92
  74.00 -77.09 -52.62
  75.00 -65.60 -29.91
  76.00 -61.05 -50.23
  77.00 -73.63 -28.40
  78.00 -62.19 -40.03
  79.00 -74.23 -42.83
  80.00 -81.58 -26.78
  81.00 -59.49 -18.38
  82.00 -67.45 -27.65
  83.00 -60.67 -38.75
  84.00 -70.73 -39.68
  85.00 -54.21 -40.91
  86.00 -53.90 -59.07
  87.00 -79.21 -20.89
  88.00 -69.90 -48.21
  89.00 -57.31 -50.46
  90.00 -74.54 -34.16
  91.00 -65.02 -44.77
  92.00 -52.31 -38.06
  93.00 -74.13 -37.45
  94.00 -56.24 -38.93
  95.00 -61.55 -49.64
  96.00 -48.37 -50.42
  97.00 -70.28 -47.44
  98.00 -56.53 -51.78
  99.00 -82.66 -31.14
 100.00 -111.14 -20.20
 101.00 -62.68 -52.84
 102.00 -56.03 120.18
 103.00 -69.07 -40.81
 104.00 -98.93 -11.52
 105.00 -71.78  -3.62
 106.00 -159.93  89.82
 107.00 -49.51 147.12
 108.00 -69.15 -43.86
 109.00 -70.48 -41.60
 110.00 -73.29 -17.06
 111.00 -68.42 -33.07
 112.00 -61.80 -44.54
 113.00 -58.34 -34.97
 114.00 -65.56 -46.18
 115.00 -59.30 -36.11
 116.00 -97.09 -19.24
 117.00 -67.05 -33.30
 118.00 -65.68 -30.07
 119.00 -86.10 -31.49
 120.00 -63.89 -33.27
 121.00 -78.92 -42.03
 122.00 -52.73 -28.38
 123.00 -71.68 -48.40
 124.00 -90.50 -18.04
 125.00 -117.46 -29.91
 126.00 -99.29 -31.06
 127.00 -58.76 -67.23
 128.00 -63.16 -37.15
 129.00 -68.97 -39.84
 130.00 -65.61 -37.82
 131.00 -53.68 -36.46
 132.00 -58.62 -60.99
 133.00 -45.25 -44.69
 134.00 -74.11 -44.92
 135.00 -64.11 -34.58
 136.00 -81.87 -29.21
 137.00  66.19   3.14
 138.00  61.90  60.35
 139.00 -128.90  60.18
 140.00 -67.23 130.05
 141.00 -82.93 119.90
 142.00 -145.35  15.48
 143.00 -59.77 176.97
 144.00 -73.32 148.53
 145.00 -69.41 -38.21
 146.00 -91.24  -0.23
 147.00 -69.37  -5.17
 148.00 -68.19 -54.27
 149.00 -73.70 -33.32
 150.00 -92.90 -21.05
 151.00 -71.92 -38.35
 152.00 -35.71 -18.01
 153.00 -68.91 -42.38
 154.00 -68.39 -43.95
 155.00 -78.00 -27.90
 156.00 -63.01 -49.94
 157.00 -68.23 -51.44
 158.00 -58.51 -38.72
 159.00 -64.41 -42.78
 160.00 -64.14 -47.74
 161.00 -63.56 -37.30
 162.00 -69.20 -44.38
 163.00 -71.05 -38.71
 164.00 -60.57 -30.11
 165.00 -61.65 -50.07
 166.00 -61.28 -38.37
 167.00 -72.29 -48.74
 168.00 -64.44 -25.91
 169.00 -67.29 -49.96
 170.00 -79.26 -27.27
 171.00 -67.78 -22.42
 172.00 -60.25 -48.94
 173.00 -56.72 -46.13
 174.00 -85.13 -36.17
 175.00 -67.40 -50.00
 176.00 -74.30 -12.54
 177.00 -84.37 -14.24
 178.00 -85.85  -2.00
 179.00 -77.46 151.30
 180.00 -123.50 -17.34
 181.00 -84.04  31.54
 182.00 -93.35   0.44
 183.00 -69.21  18.92
 184.00 -73.61 150.36
 185.00 -114.40 -24.73
 186.00 -140.96 141.62
 187.00 -77.52 166.90
 188.00 -74.92 133.48
 189.00 -66.45 -33.37
 190.00 -65.36 -39.10
 191.00 -48.33 -48.82
 192.00 -64.84 -50.88
 193.00 -62.45 -44.01
 194.00 -76.60 -30.22
 195.00 -55.82 -35.41
 196.00 -75.05 -41.27
 197.00 -54.22 -44.60
 198.00 -67.32 -47.72
 199.00 -65.68 -33.16
 200.00 -67.12 -39.38
 201.00 -58.88 -42.38
 202.00 -74.64 -45.90
 203.00 -65.60 -31.04
 204.00 -71.25 -42.33
 205.00 -60.57 -32.34
 206.00 -80.35 -44.09
 207.00 -53.77 -33.00
 208.00 -56.39 -26.79
 209.00 -66.29 -25.15
 210.00 -55.35 -61.07
 211.00 -57.73 -51.49
 212.00 -96.63 -40.98
 213.00 -80.54 -31.69
 214.00 -64.16  -8.33
 215.00 -79.43 -42.83
 216.00 -132.66 -34.64
 217.00 -72.98 120.17
 218.00 -62.79 -34.71
 219.00 -81.65  -5.33
 220.00 -120.01 -35.77
 221.00 -116.46   2.25
 222.00 -145.20 139.27
 223.00  43.02 123.60
 224.00  82.40  42.21
 225.00 -80.21  -6.31
 226.00 -73.16 156.30
 227.00 -162.34 104.61
 228.00 -47.85 106.08
 229.00 -128.37 135.14
 230.00 -66.67 -22.45
 231.00 -52.57 133.25
 232.00 -49.06 -44.71
 233.00 -108.56 -25.95
 234.00 -80.04 -35.28
 235.00 -111.89 -25.46
 236.00 -71.41 -67.41
 237.00 -67.58 -38.22
 238.00 -68.61 -33.22
 239.00 -65.15 -15.89
 240.00 -85.26 -46.92
 241.00 -58.87 -36.49
 242.00 -151.30 -13.04
 243.00 -70.87 -71.42
 244.00 -65.00 -37.55
 245.00 -66.77 -46.83
 246.00 -47.90 -39.03
 247.00 -64.78 -52.26
 248.00 -75.78 -27.34
 249.00 -61.20 -56.73
 250.00 -48.48 -54.79
 251.00 -81.86 -38.80
 252.00 -71.63 -42.27
 253.00 -72.00 -32.92
 254.00 -57.54 -43.11
 255.00 -62.45 -45.08
 256.00 -73.74 -21.66
 257.00 -68.15 -55.58
 258.00 -68.73 -35.17
 259.00 -73.72 -31.66
 260.00 -77.90 -31.41
 261.00 -57.30 -32.00
 262.00 -79.97 -36.77
 263.00 -65.27 -31.18
 264.00 -75.71 -33.48
 1001.00 -71.93 -54.00
 1002.00 -65.07 -20.60
 1003.00 -72.78 -33.05
 1004.00 -70.26 -27.57
 1005.00 -79.27 -32.49
 1006.00 -64.56 -43.91
 1007.00 -65.84 -31.07
 1008.00 -64.24 -46.52
 1009.00 -72.59 -25.56
 1010.00 -67.18 -48.53
 1011.00 -66.21 -25.52
 1012.00 -76.18 -42.97
 1013.00 -54.21 -29.29
 1014.00 -51.11 -55.84
 1015.00 -63.61 -44.62
 1016.00 -75.95 -41.82
 1017.00 -46.29 -40.35
 1018.00 -113.31 -21.41
 1019.00 -67.74   3.62
 1020.00 -144.88 179.58
 1021.00 -129.62 -13.39
 1022.00 -49.78 129.86
 1023.00 -55.82 -33.52
 1024.00 -72.19 -37.85
 1025.00 -85.63 -27.50
 1026.00 -54.44 -31.96
 1027.00 -64.92 -52.72
 1028.00 -66.13 -46.47
 1029.00 -87.01 -21.56
 1030.00 -69.47 -24.10
 1031.00 -65.49 -44.21
 1032.00 -59.93 -43.05
 1033.00 -63.32 -36.41
 1034.00 -62.21 -49.88
 1035.00 -58.02 -44.08
 1036.00 -65.56 -44.40
 1037.00 -67.00 -30.55
 1038.00 -50.16 -58.83
 1039.00 -76.72 -26.40
 1040.00 -71.32 -47.69
 1041.00  49.31 -23.77
 1042.00  89.56  48.84
 1043.00 -67.33  16.15
 1044.00  79.55 -34.81
 1066.00 -61.03 165.59
 1067.00 -43.57 -23.63
 1068.00 -72.37 -39.56
 1069.00 -76.79 -33.37
 1070.00 -74.85 -17.29
 1071.00 -58.54 -39.84
 1072.00 -61.01 -45.86
 1073.00 -64.28 -42.96
 1074.00 -73.69 -31.87
 1075.00 -72.57 -35.62
 1076.00 -51.40 -28.34
 1077.00 -67.42 -53.96
 1078.00 -56.74 -36.68
 1079.00 -77.82 -37.12
 1080.00 -69.39 -30.08
 1081.00  73.91  -5.54
 1082.00 -102.54  19.14
 1083.00 -69.58  67.99
 1084.00 -82.66 -25.50
 1085.00 -92.07 -27.17
 1086.00 -58.38 -31.61
 1087.00 -55.67 -40.92
 1088.00 -60.30 -40.84
 1089.00 -76.36 -33.67
 1090.00 -52.32 -44.28
 1091.00 -65.28 -41.50
 1092.00 -68.78 -31.43
 1093.00 -61.20 -35.65
 1094.00 -54.21 -27.31
 1095.00 -78.48 -53.75
 1096.00 -67.61 -38.17
 1097.00 -68.34 -41.18
 1098.00 -58.87 -34.49
 1099.00 -62.11 -51.12
 1100.00 -65.58 -43.00
 1101.00 -60.05 -40.73
 1102.00 -64.43 -30.96
 1103.00 -70.37 -33.67
 1104.00 -61.91 -48.40
 1105.00 -66.45 -44.96
 313.00 -70.38 -26.92
 314.00 -59.26 -38.79
 315.00 -64.51 -40.42
 316.00 -70.53 -38.39
 317.00 -80.04 -25.34
 318.00 -62.75 -43.00
 319.00 -76.43 -29.72
 320.00 -56.71 -39.39
 321.00 -76.53 -40.98
 322.00 -70.95 -25.23
 323.00 -50.37 -59.51
 324.00 -62.59 -38.89
 325.00 -52.81 -38.96
 326.00 -69.83 -31.19
 327.00 -58.78 -39.35
 328.00 -66.15 -48.68
 329.00 -78.51 -28.65
 330.00 -86.33 -46.53
 331.00 -97.15  15.27
 332.00 -68.94 -54.19
 333.00 -60.53 -44.88
 334.00 -108.24  -8.71
 335.00 -89.60 -37.88
 336.00 -54.90 -30.24
 337.00 -58.66 -44.13
 338.00 -50.70 -44.78
 339.00 -59.02 -60.93
 340.00 -66.57 -36.21
 341.00 -64.16 -41.97
 342.00 -89.05 -33.64
 343.00 -64.55 -37.18
 344.00 -53.11 -43.53
 345.00 -70.54 -37.85
 346.00 -72.51 -24.02
 347.00 -89.06 -49.75
 348.00 -61.13 -39.10
 349.00 -146.61 145.48
 350.00 -82.82 -53.33
 351.00 -101.77 -39.33
 352.00 -149.28  18.96
 353.00 -97.04 145.24
 354.00 -48.43 121.86
 355.00 -82.33 -39.46
 356.00 -58.24 -33.53
 357.00 -66.40 -39.10
 358.00 -47.27 -39.46
 359.00 -74.47 -50.26
 360.00 -45.52 -39.42
 361.00 -66.40 -46.11
 362.00 -67.56 -39.48
 363.00 -87.96 -20.17
 364.00 -72.76 -40.14
 365.00 -66.73 -22.10
 366.00 -57.27 -42.77
 367.00 -71.33 -30.74
 368.00 -53.67 -36.56
 369.00 -79.71 -28.18
 370.00 -73.75 -14.65
 371.00 -62.18 -31.05
 372.00 -97.30  -2.29
 373.00 -108.24 -17.00
 374.00 -99.73  -0.40
 375.00 -71.16 -34.81
 376.00 -60.42 -33.71
 377.00 -69.87 -29.39
 378.00 -60.08 -37.33
 379.00 -68.80 -46.37
 380.00 -65.55 -37.17
 381.00 -73.21 -32.27
 382.00 -124.46 -39.48
 383.00 -147.12  14.32
 384.00 -57.98 131.14
 385.00 -69.42 -42.51
 386.00 -78.13 -37.97
 387.00 -78.41 -29.91
 388.00 -85.15 -30.65
 389.00 -58.89 -40.40
 390.00 -59.95 -56.77
 391.00 -63.25 -37.63
 392.00 -59.23 -48.51
 393.00 -83.17 -26.23
 394.00 -61.80 -54.22
 395.00 -94.85 -20.00
 396.00  55.70  -7.55
 397.00 -77.46  38.37
 398.00  39.43 -37.28


