 residuo Phi Psi
  69.00 -64.59 138.01
  70.00 -66.97 -40.39
  71.00 -61.88 -29.42
  72.00 -62.93 -39.90
  73.00 -66.04 -40.08
  74.00 -58.15 -45.88
  75.00 -73.42 -36.69
  76.00 -50.05 -45.42
  77.00 -70.92 -32.89
  78.00 -56.29 -52.97
  79.00 -48.98 -54.77
  80.00 -63.46 -47.59
  81.00 -58.33 -41.40
  82.00 -55.37 -25.67
  83.00 -71.08 -47.17
  84.00 -56.37 -39.95
  85.00 -68.28 -39.72
  86.00 -70.83 -33.64
  87.00 -61.22 -37.40
  88.00 -86.76 -33.99
  89.00 -73.14 -68.95
  90.00 -71.48 -32.17
  91.00 -67.08 -26.21
  92.00 -63.94 -44.13
  93.00 -54.12 -16.71
  94.00 -65.54 -42.86
  95.00 -53.80 -49.20
  96.00 -69.95 -42.30
  97.00 -48.99 -44.37
  98.00 -68.97 -53.29
  99.00 -73.26 -25.28
 100.00 -101.37 -52.26
 101.00 -92.17 -25.47
 102.00 -49.08 108.27
 103.00 -67.65 -27.18
 104.00 -87.41 -39.77
 105.00 -82.52   8.88
 106.00 -151.95  80.33
 107.00 -48.53 153.06
 108.00 -64.60 -60.97
 109.00 -61.62 -30.39
 110.00 -63.12 -29.96
 111.00 -67.62 -36.81
 112.00 -67.69 -39.05
 113.00 -70.71 -25.47
 114.00 -61.97 -40.40
 115.00 -61.46 -27.60
 116.00 -69.47 -42.65
 117.00 -74.85 -27.71
 118.00 -67.62 -33.62
 119.00 -63.44 -45.49
 120.00 -60.28 -42.84
 121.00 -72.97 -42.96
 122.00 -60.81 -29.68
 123.00 -49.21 -43.35
 124.00 -70.38 -50.71
 125.00 -130.15 -39.13
 126.00 -93.96 -26.10
 127.00 -48.22 -68.64
 128.00 -64.89 -52.15
 129.00 -73.23 -29.09
 130.00 -52.95 -44.62
 131.00 -62.86 -45.92
 132.00 -64.81 -37.67
 133.00 -59.40 -48.58
 134.00 -66.83 -37.44
 135.00 -57.62 -42.82
 136.00 -72.01 -38.05
 137.00 104.72 -12.41
 138.00  60.37  39.77
 139.00 -142.24  45.62
 140.00 -86.97 139.04
 141.00 -66.74 116.00
 142.00 -131.29  -6.95
 143.00 -58.84 169.33
 144.00 -59.47 150.55
 145.00 -77.46 -42.02
 146.00 -85.23   5.01
 147.00 -71.42 -10.45
 148.00 -50.95 -54.23
 149.00 -74.52 -41.98
 150.00 -130.11  13.61
 151.00 -66.56 -52.26
 152.00 -41.42 -19.69
 153.00 -69.26 -45.14
 154.00 -63.73 -35.62
 155.00 -70.00 -31.03
 156.00 -58.28 -59.65
 157.00 -68.54 -43.60
 158.00 -57.56 -51.64
 159.00 -66.51 -42.80
 160.00 -62.54 -39.97
 161.00 -65.07 -33.85
 162.00 -66.12 -58.74
 163.00 -74.52 -29.21
 164.00 -75.03 -30.17
 165.00 -61.30 -37.65
 166.00 -53.40 -52.41
 167.00 -71.47 -42.48
 168.00 -75.25 -27.70
 169.00 -61.50 -38.33
 170.00 -68.45 -34.83
 171.00 -62.83 -39.91
 172.00 -73.28 -40.49
 173.00 -57.93 -38.36
 174.00 -93.11 -26.65
 175.00 -62.81 -32.50
 176.00 -61.77 -42.67
 177.00 -76.35 -13.36
 178.00 -78.30 -25.26
 179.00 -65.01 144.05
 180.00 -122.89 -15.84
 181.00 -80.75  25.27
 182.00 -67.67 -20.11
 183.00 -68.46 -22.05
 184.00 -78.93 133.44
 185.00 -66.64 -35.12
 186.00 -158.33 141.41
 187.00 -70.23 156.38
 188.00 -87.06 144.34
 189.00 -56.75 -36.64
 190.00 -64.92 -42.26
 191.00 -72.07 -39.92
 192.00 -58.71 -46.01
 193.00 -60.22 -39.54
 194.00 -85.58 -21.51
 195.00 -48.43 -42.34
 196.00 -72.71 -51.76
 197.00 -63.82 -37.58
 198.00 -65.10 -46.27
 199.00 -59.02 -39.06
 200.00 -64.12 -41.22
 201.00 -74.53 -45.01
 202.00 -72.80 -24.65
 203.00 -49.31 -42.32
 204.00 -63.31 -51.22
 205.00 -67.39 -32.64
 206.00 -93.88 -32.15
 207.00 -59.99 -30.39
 208.00 -46.22 -20.69
 209.00 -72.93 -27.93
 210.00 -49.66 -60.47
 211.00 -62.43 -35.69
 212.00 -111.10 -45.63
 213.00 -62.11 -30.22
 214.00 -78.34 -25.25
 215.00 -74.30 -21.49
 216.00 -157.94 -30.79
 217.00 -77.21 125.62
 218.00 -56.65 -22.10
 219.00 -83.82 -14.00
 220.00 -145.59  -9.59
 221.00 -126.67   7.92
 222.00 -147.13 145.19
 223.00  49.00 110.52
 224.00  81.66  50.24
 225.00 -82.50 -17.80
 226.00 -63.20 143.06
 227.00 -154.67 107.95
 228.00 -62.78 129.54
 229.00 -150.90 141.47
 230.00 -69.55  -3.12
 231.00 -57.11 137.80
 232.00 -54.45 -30.60
 233.00 -92.20 -24.58
 234.00 -61.11 -77.99
 235.00 -113.57 -15.63
 236.00 -70.55 -64.86
 237.00 -56.98 -50.84
 238.00 -69.93 -23.06
 239.00 -68.21 -26.68
 240.00 -66.15 -60.35
 241.00 -91.20 -25.58
 242.00 -144.50 -19.89
 243.00 -62.57 -59.93
 244.00 -70.48 -33.29
 245.00 -57.56 -60.86
 246.00 -73.29 -24.90
 247.00 -65.07 -42.92
 248.00 -71.78 -29.08
 249.00 -59.21 -64.30
 250.00 -64.91 -40.33
 251.00 -79.41 -43.01
 252.00 -64.23 -31.65
 253.00 -63.43 -39.34
 254.00 -58.95 -52.85
 255.00 -64.05 -37.52
 256.00 -63.66 -41.68
 257.00 -67.95 -51.03
 258.00 -67.44 -39.57
 259.00 -65.89 -31.83
 260.00 -78.92 -30.81
 261.00 -66.38 -36.78
 262.00 -47.64 -46.93
 263.00 -68.32 -40.99
 264.00 -76.54 -32.26
 1001.00 -60.65 -29.34
 1002.00 -67.09 -34.93
 1003.00 -66.60 -36.89
 1004.00 -65.25 -32.81
 1005.00 -59.56 -48.63
 1006.00 -75.28 -29.99
 1007.00 -62.85 -39.83
 1008.00 -74.64 -31.84
 1009.00 -66.41 -34.49
 1010.00 -75.05 -44.30
 1011.00 -64.00 -37.88
 1012.00 -59.77 -41.51
 1013.00 -69.88 -37.14
 1014.00 -46.84 -39.92
 1015.00 -70.29 -38.01
 1016.00 -80.54 -36.74
 1017.00 -57.73 -43.56
 1018.00 -62.33 -38.81
 1019.00 -56.31 -33.26
 1020.00 -97.27 128.42
 1021.00 -113.35 -34.35
 1022.00 -58.32 153.13
 1023.00 -59.12 -44.41
 1024.00 -51.71 -38.78
 1025.00 -75.17 -38.57
 1026.00 -62.62 -46.05
 1027.00 -68.92 -38.23
 1028.00 -70.99 -42.98
 1029.00 -65.08 -37.20
 1030.00 -61.00 -38.28
 1031.00 -65.20 -50.53
 1032.00 -64.18 -28.37
 1033.00 -53.39 -42.87
 1034.00 -55.22 -43.21
 1035.00 -66.92 -49.19
 1036.00 -74.64 -23.46
 1037.00 -75.50 -22.29
 1038.00 -70.14 -48.56
 1039.00 -79.90 -24.23
 1040.00 -76.55 -29.27
 1041.00  53.24 -24.39
 1042.00  86.84  46.19
 1043.00 -77.72  17.10
 1044.00  71.18  -6.22
 1066.00 -72.24 157.55
 1067.00 -32.56 -22.59
 1068.00 -69.00 -52.18
 1069.00 -80.68 -30.12
 1070.00 -65.64 -25.78
 1071.00 -50.22 -47.51
 1072.00 -60.10 -37.03
 1073.00 -74.84 -40.20
 1074.00 -75.16 -26.00
 1075.00 -59.29 -38.97
 1076.00 -56.80 -39.89
 1077.00 -65.63 -39.45
 1078.00 -62.77 -40.37
 1079.00 -71.97 -37.10
 1080.00 -85.69 -19.85
 1081.00  63.23   5.98
 1082.00 -74.13  19.79
 1083.00 -51.37  70.15
 1084.00 -68.83 -52.56
 1085.00 -67.62 -44.32
 1086.00 -57.48 -38.16
 1087.00 -60.41 -41.05
 1088.00 -51.97 -50.24
 1089.00 -55.09 -47.53
 1090.00 -68.34 -48.26
 1091.00 -72.81 -35.49
 1092.00 -78.45 -22.68
 1093.00 -78.35 -22.16
 1094.00 -67.35 -17.91
 1095.00 -69.91 -35.45
 1096.00 -68.48 -32.90
 1097.00 -62.94 -38.74
 1098.00 -48.22 -45.49
 1099.00 -57.71 -45.83
 1100.00 -88.82 -29.06
 1101.00 -58.26 -39.58
 1102.00 -59.09 -40.79
 1103.00 -58.27 -40.99
 1104.00 -71.08 -53.00
 1105.00 -57.39 -36.25
 313.00 -60.26 -42.12
 314.00 -82.60 -36.96
 315.00 -64.97 -30.58
 316.00 -72.98 -28.59
 317.00 -54.93 -47.55
 318.00 -74.48 -34.44
 319.00 -56.68 -38.41
 320.00 -69.33 -39.86
 321.00 -74.74 -33.91
 322.00 -69.42 -30.74
 323.00 -72.10 -34.79
 324.00 -51.30 -43.98
 325.00 -51.27 -44.38
 326.00 -73.06 -34.58
 327.00 -63.55 -39.06
 328.00 -57.22 -53.55
 329.00 -51.92 -51.12
 330.00 -58.27 -61.41
 331.00 -69.12 -21.64
 332.00 -52.69 -61.12
 333.00 -66.84 -54.71
 334.00 -73.13 -28.63
 335.00 -90.23 -30.88
 336.00 -51.71 -17.93
 337.00 -52.22 -56.10
 338.00 -74.59 -37.95
 339.00 -59.54 -51.90
 340.00 -63.50 -42.04
 341.00 -63.58 -44.32
 342.00 -57.73 -49.38
 343.00 -64.47 -37.30
 344.00 -53.44 -50.40
 345.00 -62.42 -42.87
 346.00 -85.56 -15.22
 347.00 -75.65 -41.44
 348.00 -80.71 -40.24
 349.00 -168.07 165.79
 350.00 -117.05 -28.84
 351.00 -64.45 -52.25
 352.00 -152.48  10.28
 353.00 -134.45 154.97
 354.00 -54.07 120.35
 355.00 -74.65 -22.98
 356.00 -92.36 -38.80
 357.00 -61.62 -33.00
 358.00 -71.36 -45.32
 359.00 -47.90 -37.40
 360.00 -54.84 -60.22
 361.00 -68.04 -40.06
 362.00 -73.75 -33.24
 363.00 -79.52 -22.96
 364.00 -51.53 -50.64
 365.00 -59.43 -52.61
 366.00 -81.98 -30.48
 367.00 -73.67 -19.98
 368.00 -66.13 -37.31
 369.00 -76.77 -17.69
 370.00 -52.57 -31.19
 371.00 -57.89 -25.86
 372.00 -74.86 -31.99
 373.00 -92.93  -9.55
 374.00 -98.85 -18.88
 375.00 -56.10 -26.51
 376.00 -61.69 -41.48
 377.00 -68.03 -40.41
 378.00 -80.40 -17.69
 379.00 -78.21 -35.20
 380.00 -56.84 -28.54
 381.00 -72.61 -41.36
 382.00 -111.38 -36.72
 383.00 -139.79 -13.10
 384.00 -82.43 125.74
 385.00 -68.81 -29.33
 386.00 -76.76 -30.98
 387.00 -68.47 -38.91
 388.00 -75.32 -31.70
 389.00 -81.82 -25.77
 390.00 -62.03 -38.83
 391.00 -68.97 -42.63
 392.00 -84.84 -18.83
 393.00 -79.74 -32.79
 394.00 -72.19 -33.79
 395.00 -108.27 -15.21
 396.00  69.96   2.39
 397.00 -94.99  28.86
 398.00 -61.72  54.54


