 residuo Phi Psi
  69.00 -73.45 118.42
  70.00 -50.64 -30.80
  71.00 -69.56 -56.56
  72.00 -73.01 -17.18
  73.00 -66.88 -42.90
  74.00 -68.07 -28.18
  75.00 -79.76 -23.85
  76.00 -64.19 -42.24
  77.00 -69.48 -37.45
  78.00 -57.16 -50.24
  79.00 -77.59 -43.32
  80.00 -111.00   9.35
  81.00 -61.40 -33.65
  82.00 -47.60 -26.03
  83.00 -68.31 -43.52
  84.00 -64.46 -42.56
  85.00 -52.57 -48.96
  86.00 -57.45 -58.79
  87.00 -82.68 -20.98
  88.00 -75.11 -35.37
  89.00 -48.67 -69.59
  90.00 -76.32 -38.04
  91.00 -81.61 -40.00
  92.00 -41.27 -34.20
  93.00 -71.70 -43.47
  94.00 -60.96 -39.23
  95.00 -67.03 -46.26
  96.00 -61.34 -43.05
  97.00 -70.23 -43.70
  98.00 -62.81 -44.46
  99.00 -68.88 -32.57
 100.00 -114.64 -28.78
 101.00 -87.07 -44.06
 102.00 -37.08 104.59
 103.00 -73.73 -45.61
 104.00 -86.56 -12.08
 105.00 -71.25 -34.50
 106.00 -159.50 109.63
 107.00 -62.71 162.54
 108.00 -74.47 -19.24
 109.00 -70.03 -50.67
 110.00 -62.54 -20.51
 111.00 -64.61 -44.69
 112.00 -55.26 -46.09
 113.00 -68.92 -35.97
 114.00 -63.47 -28.30
 115.00 -72.71 -42.07
 116.00 -60.18 -33.74
 117.00 -56.91 -52.73
 118.00 -66.54 -40.35
 119.00 -85.08 -28.93
 120.00 -58.43 -49.25
 121.00 -87.57 -35.99
 122.00 -62.41 -21.90
 123.00 -55.90 -52.33
 124.00 -68.75 -42.18
 125.00 -107.81 -40.52
 126.00 -83.64 -62.39
 127.00 -62.75 -49.76
 128.00 -50.59 -43.58
 129.00 -73.09 -40.56
 130.00 -79.02 -18.19
 131.00 -68.55 -39.16
 132.00 -84.11 -28.87
 133.00 -59.20 -29.05
 134.00 -59.39 -36.34
 135.00 -75.10 -18.66
 136.00 -137.00 -23.58
 137.00  70.09  56.17
 138.00  56.83  20.67
 139.00 -69.84  12.81
 140.00 -50.51 127.84
 141.00 -86.71 115.96
 142.00 -124.68   0.60
 143.00 -51.32 170.30
 144.00 -49.18 131.26
 145.00 -57.31 -46.36
 146.00 -68.63 -22.84
 147.00 -67.30 -18.60
 148.00 -55.53 -72.45
 149.00 -77.14 -19.03
 150.00 -70.59 -36.30
 151.00 -60.29 -34.65
 152.00 -77.56 -35.67
 153.00 -68.47 -41.98
 154.00 -45.38 -45.90
 155.00 -62.30 -50.24
 156.00 -66.57 -46.00
 157.00 -80.35 -45.61
 158.00 -70.33 -25.50
 159.00 -60.85 -43.29
 160.00 -60.62 -43.16
 161.00 -56.20 -48.88
 162.00 -82.05 -37.97
 163.00 -71.77 -33.06
 164.00 -55.67 -33.13
 165.00 -60.76 -41.25
 166.00 -49.33 -43.79
 167.00 -64.32 -60.50
 168.00 -70.24 -44.12
 169.00 -68.40 -33.28
 170.00 -80.45 -39.34
 171.00 -71.27 -23.58
 172.00 -54.32 -47.37
 173.00 -64.90 -44.26
 174.00 -70.36 -36.73
 175.00 -37.29 -48.76
 176.00 -82.73 -54.92
 177.00 -81.62  -2.08
 178.00 -71.06  -8.26
 179.00 -64.80 129.45
 180.00 -116.83  -6.18
 181.00 -55.93  18.77
 182.00 -96.43   1.40
 183.00 -54.69 -17.03
 184.00 -70.29 149.04
 185.00 -100.91 -20.10
 186.00 -160.88 140.19
 187.00 -83.76 160.61
 188.00 -89.37 143.82
 189.00 -71.40 -35.04
 190.00 -84.69 -23.79
 191.00 -64.76 -37.72
 192.00 -62.38 -45.16
 193.00 -50.04 -51.69
 194.00 -68.62 -41.69
 195.00 -50.47 -46.11
 196.00 -61.14 -43.51
 197.00 -68.22 -41.03
 198.00 -59.93 -50.93
 199.00 -66.14 -36.25
 200.00 -67.33 -39.35
 201.00 -59.15 -38.14
 202.00 -60.25 -50.77
 203.00 -68.51 -32.09
 204.00 -71.73 -44.24
 205.00 -63.42 -27.50
 206.00 -83.40 -47.89
 207.00 -46.73 -30.12
 208.00 -62.92 -44.51
 209.00 -70.07 -11.03
 210.00 -68.14 -60.24
 211.00 -82.47 -20.95
 212.00 -119.31 -42.70
 213.00 -52.08 -55.00
 214.00 -64.09 -31.76
 215.00 -79.30 -30.68
 216.00 -145.82   5.46
 217.00 -70.55 121.64
 218.00 -88.90 -20.10
 219.00 -76.92  -9.67
 220.00 -75.49 -50.38
 221.00 -102.23 -42.60
 222.00 -108.52 136.80
 223.00  57.14  98.43
 224.00 -97.56 -103.15
 225.00 -86.68  -5.06
 226.00 -76.04 126.63
 227.00 -169.32  99.51
 228.00 -80.79 108.28
 229.00 -85.57  89.52
 230.00 -72.48  13.39
 231.00 -62.09 133.70
 232.00 -61.68 -29.26
 233.00 -127.76 -11.49
 234.00 -66.51 -31.63
 235.00 -127.77 -31.61
 236.00 -63.90 -54.41
 237.00 -64.93 -65.51
 238.00 -78.63 -23.16
 239.00 -62.75 -21.31
 240.00 -74.36 -57.24
 241.00 -72.05 -17.74
 242.00 -150.49 -25.76
 243.00 -77.09 -49.15
 244.00 -64.78 -26.97
 245.00 -56.39 -68.50
 246.00 -57.19 -34.03
 247.00 -61.25 -57.24
 248.00 -85.51 -29.18
 249.00 -55.55 -48.22
 250.00 -75.28 -45.81
 251.00 -68.77 -37.39
 252.00 -63.42 -44.36
 253.00 -69.67 -32.52
 254.00 -74.24 -33.63
 255.00 -58.93 -33.12
 256.00 -82.37 -35.14
 257.00 -56.70 -54.08
 258.00 -70.87 -27.40
 259.00 -62.32 -41.86
 260.00 -74.89 -39.51
 261.00 -63.83 -22.02
 262.00 -73.01 -44.33
 263.00 -60.55 -27.96
 264.00 -68.97 -50.10
 1001.00 -63.25 -45.03
 1002.00 -63.07 -31.97
 1003.00 -71.69 -32.81
 1004.00 -76.45 -33.84
 1005.00 -74.14 -35.39
 1006.00 -58.59 -38.68
 1007.00 -60.76 -45.61
 1008.00 -93.51 -28.42
 1009.00 -62.60 -26.76
 1010.00 -61.10 -57.44
 1011.00 -57.89 -42.39
 1012.00 -59.94 -57.25
 1013.00 -61.84 -36.47
 1014.00 -70.13 -37.59
 1015.00 -61.84 -29.90
 1016.00 -58.73 -62.95
 1017.00 -51.25 -42.22
 1018.00 -137.10 -19.83
 1019.00 -71.08  23.03
 1020.00 -58.95 140.76
 1021.00 -142.06 -63.55
 1022.00 -52.96 151.27
 1023.00 -79.08 -31.24
 1024.00 -64.67 -28.24
 1025.00 -82.82 -26.08
 1026.00 -44.42 -55.71
 1027.00 -62.96 -49.57
 1028.00 -68.46 -39.19
 1029.00 -66.09 -45.16
 1030.00 -63.15 -32.85
 1031.00 -65.42 -44.54
 1032.00 -79.43 -25.34
 1033.00 -49.06 -39.63
 1034.00 -57.68 -49.49
 1035.00 -77.29 -34.95
 1036.00 -79.79 -22.86
 1037.00 -63.53 -31.93
 1038.00 -72.18 -50.32
 1039.00 -71.75 -34.51
 1040.00 -80.24 -25.32
 1041.00  36.02 -24.80
 1042.00 102.55  33.62
 1043.00 -82.88  31.54
 1044.00  74.72 -19.71
 1066.00 -77.24 171.60
 1067.00 -58.40  -2.17
 1068.00 -64.96 -48.52
 1069.00 -72.08 -24.10
 1070.00 -66.77 -40.08
 1071.00 -62.06 -40.36
 1072.00 -56.26 -37.33
 1073.00 -73.56 -37.77
 1074.00 -71.19 -32.57
 1075.00 -64.25 -41.59
 1076.00 -48.69 -46.50
 1077.00 -55.57 -53.92
 1078.00 -72.16 -42.97
 1079.00 -87.14 -21.37
 1080.00 -79.18 -20.20
 1081.00  77.48   0.90
 1082.00 -67.27   0.42
 1083.00 -57.79  56.56
 1084.00 -60.18 -50.23
 1085.00 -62.69 -37.32
 1086.00 -59.42 -52.88
 1087.00 -64.47 -37.32
 1088.00 -72.93 -40.74
 1089.00 -73.24 -27.14
 1090.00 -69.38 -34.91
 1091.00 -64.93 -42.18
 1092.00 -67.73 -46.52
 1093.00 -60.91 -36.85
 1094.00 -53.66 -49.34
 1095.00 -62.30 -43.50
 1096.00 -83.31 -38.97
 1097.00 -45.87 -48.06
 1098.00 -66.37 -25.18
 1099.00 -60.63 -35.06
 1100.00 -74.46 -32.02
 1101.00 -60.28 -36.54
 1102.00 -89.25 -25.29
 1103.00 -60.62 -39.48
 1104.00 -62.67 -47.02
 1105.00 -66.44 -45.52
 313.00 -57.22 -47.55
 314.00 -67.36 -37.37
 315.00 -59.99 -38.29
 316.00 -63.43 -46.44
 317.00 -74.04 -34.76
 318.00 -77.19 -21.01
 319.00 -60.12 -43.77
 320.00 -60.57 -51.78
 321.00 -74.16 -33.82
 322.00 -48.07 -50.56
 323.00 -67.61 -39.85
 324.00 -71.93 -31.57
 325.00 -47.19 -31.06
 326.00 -68.58 -40.61
 327.00 -56.66 -45.54
 328.00 -75.08 -40.87
 329.00 -77.46 -54.29
 330.00 -58.11 -36.80
 331.00 -57.50 -51.90
 332.00 -56.33 -49.25
 333.00 -69.30 -61.21
 334.00 -84.63 -19.17
 335.00 -86.01 -25.58
 336.00 -57.39 -30.37
 337.00 -57.17 -42.77
 338.00 -45.80 -53.49
 339.00 -57.95 -60.16
 340.00 -56.03 -45.89
 341.00 -82.08 -46.86
 342.00 -66.11 -31.06
 343.00 -55.29 -51.93
 344.00 -55.98 -49.28
 345.00 -55.26 -48.59
 346.00 -66.29 -26.51
 347.00 -97.63 -31.99
 348.00 -68.21 -40.34
 349.00 -145.89 139.47
 350.00 -77.48 -52.41
 351.00 -144.39  -6.79
 352.00 -69.49 -22.79
 353.00 -73.25 127.87
 354.00 -61.21 118.79
 355.00 -63.97 -33.11
 356.00 -77.57 -37.59
 357.00 -65.70 -34.53
 358.00 -44.57 -44.02
 359.00 -69.93 -48.82
 360.00 -73.96 -44.90
 361.00 -60.21 -42.64
 362.00 -65.39 -40.74
 363.00 -81.03 -19.09
 364.00 -52.02 -56.33
 365.00 -71.55 -39.82
 366.00 -81.27 -28.26
 367.00 -63.41 -13.70
 368.00 -46.32 -47.26
 369.00 -65.32 -61.83
 370.00 -45.69 -17.40
 371.00 -57.92 -49.17
 372.00 -69.68 -23.39
 373.00 -84.92 -15.24
 374.00 -87.78 -12.79
 375.00 -66.82 -31.36
 376.00 -52.14 -36.04
 377.00 -66.89 -40.38
 378.00 -73.81 -32.21
 379.00 -65.90 -49.62
 380.00 -69.07 -26.04
 381.00 -57.06 -64.35
 382.00 -100.91 -50.36
 383.00 -126.35 -10.75
 384.00 -58.25 106.10
 385.00 -79.94 -27.51
 386.00 -51.51 -50.39
 387.00 -54.60 -55.99
 388.00 -73.17 -50.19
 389.00 -73.38 -21.41
 390.00 -62.71 -44.08
 391.00 -39.70 -50.88
 392.00 -62.59 -44.49
 393.00 -49.60 -64.79
 394.00 -81.35 -37.99
 395.00 -106.28  -2.43
 396.00  61.44  -0.62
 397.00 -81.95  21.93
 398.00 -129.94 148.83


