 residuo Phi Psi
  69.00 -117.02 126.36
  70.00 -144.09 167.26
  71.00 -63.11 -41.85
  72.00 -70.43 -39.23
  73.00 -60.17 -34.71
  74.00 -64.71 -41.95
  75.00 -68.75 -36.19
  76.00 -57.80 -38.75
  77.00 -66.19 -47.92
  78.00 -59.74 -35.88
  79.00 -84.15 -36.95
  80.00 -107.64   9.98
  81.00 -51.96 -35.74
  82.00 -60.02 -39.55
  83.00 -62.87 -26.94
  84.00 -65.68 -42.43
  85.00 -70.00 -37.08
  86.00 -52.75 -53.70
  87.00 -71.13 -39.87
  88.00 -61.40 -47.51
  89.00 -77.40 -55.50
  90.00 -56.51 -35.86
  91.00 -76.73 -40.76
  92.00 -55.38 -31.58
  93.00 -62.69 -48.53
  94.00 -60.36 -39.74
  95.00 -61.69 -48.55
  96.00 -53.57 -43.67
  97.00 -53.21 -57.25
  98.00 -65.66 -57.76
  99.00 -76.56 -17.37
 100.00 -105.53 -44.61
 101.00 -80.31 -29.06
 102.00 -60.79 118.64
 103.00 -56.12 -40.53
 104.00 -100.44 -23.69
 105.00 -82.88  12.52
 106.00 -136.39  57.86
 107.00 -33.82 145.92
 108.00 -45.53 -66.12
 109.00 -75.98 -35.01
 110.00 -70.72 -20.70
 111.00 -68.02 -24.90
 112.00 -63.06 -38.08
 113.00 -61.51 -42.88
 114.00 -79.28 -23.01
 115.00 -53.26 -44.23
 116.00 -65.60 -44.34
 117.00 -110.81   0.52
 118.00 -65.95 -28.47
 119.00 -83.64 -27.15
 120.00 -78.41 -25.64
 121.00 -64.00 -47.07
 122.00 -66.65 -16.68
 123.00 -60.45 -38.24
 124.00 -89.55 -42.25
 125.00 -122.35 -32.07
 126.00 -112.65 -16.67
 127.00 -62.32 -54.78
 128.00 -55.56 -39.80
 129.00 -66.79 -41.91
 130.00 -54.49 -39.32
 131.00 -81.87 -36.47
 132.00 -70.99 -32.28
 133.00 -67.62 -39.43
 134.00 -64.54 -22.15
 135.00 -51.84 -51.80
 136.00 -76.68 -38.69
 137.00  50.02   3.51
 138.00  75.98  42.81
 139.00 -60.05   2.95
 140.00 -67.94 141.72
 141.00 -87.84 117.33
 142.00 -117.13  -4.35
 143.00 -58.64 171.61
 144.00 -58.93 145.82
 145.00 -61.11 -37.08
 146.00 -83.40 -23.98
 147.00 -69.38  -1.68
 148.00 -76.76 -41.11
 149.00 -80.14 -16.25
 150.00 -67.79 -40.12
 151.00 -58.22 -50.58
 152.00 -52.33 -36.50
 153.00 -66.37 -47.89
 154.00 -67.73 -42.50
 155.00 -75.85 -36.79
 156.00 -60.78 -42.50
 157.00 -78.13 -49.77
 158.00 -61.17 -34.25
 159.00 -67.46 -43.67
 160.00 -62.99 -42.37
 161.00 -66.38 -36.63
 162.00 -80.98 -41.38
 163.00 -68.62 -32.56
 164.00 -76.43 -22.64
 165.00 -63.86 -43.70
 166.00 -54.52 -43.89
 167.00 -52.58 -65.12
 168.00 -61.14 -53.14
 169.00 -81.87 -24.95
 170.00 -73.04 -29.72
 171.00 -70.52 -34.60
 172.00 -66.21 -41.06
 173.00 -61.90 -41.34
 174.00 -76.03 -29.51
 175.00 -73.15 -33.74
 176.00 -64.16 -42.70
 177.00 -88.50  -9.19
 178.00 -76.02 -15.75
 179.00 -54.46 132.62
 180.00 -112.37 -18.76
 181.00 -66.92  20.39
 182.00 -87.74 -14.02
 183.00 -77.43  14.56
 184.00 -83.89 147.67
 185.00 -105.69  -5.29
 186.00 -156.69 136.43
 187.00 -75.69 140.59
 188.00 -71.45 130.16
 189.00 -63.54 -35.14
 190.00 -56.07 -44.54
 191.00 -57.66 -57.12
 192.00 -69.62 -44.08
 193.00 -57.80 -20.46
 194.00 -82.47 -36.96
 195.00 -61.09 -32.02
 196.00 -59.83 -43.39
 197.00 -81.00 -39.10
 198.00 -72.31 -30.06
 199.00 -62.23 -40.10
 200.00 -60.18 -36.28
 201.00 -75.28 -54.48
 202.00 -83.67 -24.95
 203.00 -41.26 -42.02
 204.00 -77.79 -49.39
 205.00 -77.77  -9.97
 206.00 -74.94 -47.34
 207.00 -49.24 -28.80
 208.00 -42.55 -42.57
 209.00 -53.12 -42.96
 210.00 -75.74 -64.36
 211.00 -82.12   4.58
 212.00 -82.30 -72.63
 213.00 -59.92 -27.22
 214.00 -75.03 -37.12
 215.00 -117.89  -4.05
 216.00 -152.21 -15.88
 217.00 -52.41  92.52
 218.00 -75.92 -23.00
 219.00 -73.88 -11.46
 220.00 -129.03 -30.02
 221.00 -133.57  -4.54
 222.00 -131.59 130.95
 223.00  38.58 134.02
 224.00  91.83  33.70
 225.00 -93.75 -12.43
 226.00 -77.74 145.07
 227.00 -144.80  92.18
 228.00 -57.30 122.49
 229.00 -106.00 116.76
 230.00 -67.84 -21.52
 231.00 -62.69 115.22
 232.00 -57.82 -29.48
 233.00 -107.57 -11.25
 234.00 -76.67 -42.60
 235.00 -87.96 -44.68
 236.00 -88.96 -45.22
 237.00 -57.33 -59.28
 238.00 -58.05 -37.80
 239.00 -68.47 -30.20
 240.00 -67.19 -51.93
 241.00 -76.85 -29.58
 242.00 -151.25 -23.51
 243.00 -70.95 -53.30
 244.00 -59.00 -46.89
 245.00 -64.19 -54.44
 246.00 -59.96 -39.20
 247.00 -85.54 -29.41
 248.00 -58.40 -31.43
 249.00 -62.93 -55.10
 250.00 -55.22 -49.53
 251.00 -68.88 -53.95
 252.00 -66.16 -34.20
 253.00 -61.55 -39.01
 254.00 -56.76 -44.24
 255.00 -68.52 -52.67
 256.00 -69.21 -27.07
 257.00 -66.03 -53.24
 258.00 -62.96 -35.67
 259.00 -87.45 -24.90
 260.00 -67.87 -29.72
 261.00 -62.51 -35.46
 262.00 -60.44 -42.20
 263.00 -82.20 -19.90
 264.00 -72.08 -40.84
 1001.00 -59.45 -41.30
 1002.00 -60.53 -44.43
 1003.00 -57.20 -37.75
 1004.00 -67.33 -43.35
 1005.00 -66.99 -33.40
 1006.00 -64.29 -40.27
 1007.00 -63.23 -51.00
 1008.00 -65.41 -37.40
 1009.00 -60.00 -37.99
 1010.00 -91.51 -39.92
 1011.00 -66.97 -17.33
 1012.00 -65.77 -43.10
 1013.00 -62.95 -34.02
 1014.00 -73.25 -35.90
 1015.00 -66.43 -22.26
 1016.00 -62.70 -41.36
 1017.00 -81.55 -45.51
 1018.00 -84.06 -32.89
 1019.00 -73.24   8.03
 1020.00 -87.31 139.52
 1021.00 -168.89  -5.28
 1022.00 -56.94 168.19
 1023.00 -57.79 -29.01
 1024.00 -89.11 -33.75
 1025.00 -61.64 -23.58
 1026.00 -73.44 -40.10
 1027.00 -70.48 -25.86
 1028.00 -60.68 -57.83
 1029.00 -56.56 -41.91
 1030.00 -56.15 -41.49
 1031.00 -62.11 -49.84
 1032.00 -52.59 -41.11
 1033.00 -52.63 -51.80
 1034.00 -66.44 -38.55
 1035.00 -68.02 -49.00
 1036.00 -80.12 -23.68
 1037.00 -70.48 -28.84
 1038.00 -67.68 -41.39
 1039.00 -61.30 -30.00
 1040.00 -71.49 -47.57
 1041.00  49.38 -25.22
 1042.00 110.20  32.93
 1043.00 -77.05  23.29
 1044.00  85.75 -44.18
 1066.00 -74.92 157.50
 1067.00 -42.42 -10.59
 1068.00 -66.42 -40.68
 1069.00 -60.59 -35.63
 1070.00 -65.12 -33.38
 1071.00 -81.43 -25.24
 1072.00 -63.80 -38.01
 1073.00 -75.96 -30.60
 1074.00 -89.77 -12.09
 1075.00 -60.92 -35.15
 1076.00 -68.72 -33.33
 1077.00 -74.05 -35.34
 1078.00 -72.83 -34.44
 1079.00 -68.49 -29.46
 1080.00 -67.67 -43.94
 1081.00  74.01  -5.38
 1082.00 -68.94   2.08
 1083.00 -54.67  91.19
 1084.00 -81.85 -48.73
 1085.00 -65.46 -35.77
 1086.00 -81.62 -25.33
 1087.00 -64.17 -44.80
 1088.00 -70.09 -38.80
 1089.00 -54.40 -43.76
 1090.00 -47.96 -49.34
 1091.00 -62.53 -57.31
 1092.00 -67.11 -31.05
 1093.00 -71.27 -21.48
 1094.00 -64.21 -25.70
 1095.00 -68.77 -39.18
 1096.00 -76.17 -30.47
 1097.00 -57.21 -33.48
 1098.00 -67.73 -41.61
 1099.00 -54.59 -44.30
 1100.00 -66.80 -43.32
 1101.00 -54.96 -49.30
 1102.00 -65.55 -34.95
 1103.00 -66.39 -40.68
 1104.00 -48.64 -47.27
 1105.00 -59.08 -40.36
 313.00 -66.39 -32.71
 314.00 -62.52 -49.98
 315.00 -67.83 -29.95
 316.00 -47.84 -43.79
 317.00 -69.94 -46.88
 318.00 -75.48 -30.84
 319.00 -66.70 -44.29
 320.00 -76.17 -39.80
 321.00 -59.92 -30.56
 322.00 -68.88 -45.30
 323.00 -57.12 -33.62
 324.00 -56.30 -48.29
 325.00 -45.67 -42.87
 326.00 -66.98 -30.23
 327.00 -56.65 -53.14
 328.00 -67.17 -32.44
 329.00 -58.11 -63.54
 330.00 -82.46 -31.33
 331.00 -73.72 -19.56
 332.00 -73.97 -37.14
 333.00 -65.95 -43.51
 334.00 -89.38 -34.06
 335.00 -89.10 -36.10
 336.00 -49.51 -29.30
 337.00 -52.76 -45.58
 338.00 -55.32 -53.90
 339.00 -63.54 -51.78
 340.00 -65.95 -40.41
 341.00 -89.60 -27.07
 342.00 -63.56 -27.43
 343.00 -57.93 -43.71
 344.00 -64.98 -46.86
 345.00 -59.16 -43.63
 346.00 -89.89 -14.14
 347.00 -78.39 -33.34
 348.00 -79.28 -38.55
 349.00 -155.91 156.33
 350.00 -125.52 -20.49
 351.00 -67.88 -47.09
 352.00 -83.77 -40.56
 353.00 -128.80 148.85
 354.00 -50.00 138.71
 355.00 -60.55 -42.89
 356.00 -69.36 -36.63
 357.00 -61.49 -40.53
 358.00 -81.29 -38.46
 359.00 -69.28 -28.77
 360.00 -76.34 -37.92
 361.00 -66.04 -37.93
 362.00 -79.39 -28.73
 363.00 -53.53 -42.27
 364.00 -71.50 -57.52
 365.00 -58.18 -41.86
 366.00 -84.37 -37.90
 367.00 -82.78   2.17
 368.00 -58.85 -43.96
 369.00 -55.23 -61.85
 370.00 -65.91 -27.31
 371.00 -61.12 -36.84
 372.00 -74.23 -21.80
 373.00 -90.78 -14.27
 374.00 -87.96  -1.85
 375.00 -65.53 -37.28
 376.00 -39.25 -35.37
 377.00 -71.28 -40.64
 378.00 -63.29 -42.63
 379.00 -71.10 -44.62
 380.00 -70.07 -29.93
 381.00 -75.11 -47.83
 382.00 -121.24 -30.48
 383.00 -153.39  18.93
 384.00 -74.32 131.75
 385.00 -68.29 -42.28
 386.00 -58.87 -45.98
 387.00 -41.71 -54.58
 388.00 -66.89 -53.51
 389.00 -80.28 -29.30
 390.00 -56.83 -46.40
 391.00 -55.35 -40.03
 392.00 -79.94 -33.74
 393.00 -63.86 -46.16
 394.00 -72.39 -39.38
 395.00 -124.33  -5.42
 396.00  56.01  21.20
 397.00 -76.42  27.18
 398.00 -56.98  26.65


