 residuo Phi Psi
  69.00 -83.64 133.16
  70.00 -77.31  59.84
  71.00 -75.06 -39.18
  72.00 -56.72 -42.17
  73.00 -61.89 -49.69
  74.00 -69.84 -39.96
  75.00 -80.27 -29.48
  76.00 -63.47 -29.69
  77.00 -72.32 -28.61
  78.00 -65.71 -36.69
  79.00 -56.37 -45.12
  80.00 -51.45 -48.80
  81.00 -52.50 -52.07
  82.00 -76.29 -38.95
  83.00 -48.69 -42.98
  84.00 -56.92 -45.98
  85.00 -61.50 -43.83
  86.00 -70.91 -42.52
  87.00 -70.24 -33.58
  88.00 -60.36 -46.93
  89.00 -60.02 -58.15
  90.00 -60.66 -34.02
  91.00 -89.11 -39.34
  92.00 -63.78 -25.86
  93.00 -51.97 -38.87
  94.00 -68.05 -49.19
  95.00 -59.40 -36.69
  96.00 -61.40 -51.10
  97.00 -59.02 -46.29
  98.00 -68.00 -50.42
  99.00 -69.98 -30.82
 100.00 -102.62 -41.57
 101.00 -78.39 -45.77
 102.00 -48.71 118.63
 103.00 -47.04 -49.23
 104.00 -110.68 -16.44
 105.00 -83.48   0.04
 106.00 -148.61  75.94
 107.00 -40.78 160.94
 108.00 -42.43 -59.26
 109.00 -69.44 -45.60
 110.00 -79.63 -24.42
 111.00 -59.40 -23.31
 112.00 -59.41 -47.25
 113.00 -76.87 -30.35
 114.00 -75.58 -29.47
 115.00 -60.37 -36.06
 116.00 -61.98 -46.10
 117.00 -59.73 -46.71
 118.00 -65.15 -36.01
 119.00 -70.77 -38.10
 120.00 -62.43 -35.75
 121.00 -64.87 -50.75
 122.00 -50.24 -31.60
 123.00 -54.41 -46.49
 124.00 -68.82 -51.53
 125.00 -119.48 -30.51
 126.00 -86.28 -45.30
 127.00 -50.42 -63.04
 128.00 -74.49 -42.75
 129.00 -71.18 -34.25
 130.00 -63.47 -41.06
 131.00 -56.23 -40.92
 132.00 -72.80 -44.32
 133.00 -52.16 -34.68
 134.00 -64.76 -41.27
 135.00 -56.14 -56.51
 136.00 -79.40 -25.09
 137.00  90.31  12.04
 138.00  57.86  27.66
 139.00 -144.70  43.14
 140.00 -74.72 153.84
 141.00 -78.03 124.38
 142.00 -85.87 -35.90
 143.00 -56.92 174.25
 144.00 -50.40 139.04
 145.00 -68.10 -44.02
 146.00 -102.31  -4.65
 147.00 -64.43  -0.67
 148.00 -66.56 -67.33
 149.00 -65.72 -27.21
 150.00 -104.23 -17.36
 151.00 -59.38 -38.90
 152.00 -55.83 -30.68
 153.00 -70.10 -52.73
 154.00 -63.30 -29.59
 155.00 -74.62 -31.43
 156.00 -66.24 -44.66
 157.00 -57.19 -54.52
 158.00 -69.41 -37.32
 159.00 -64.26 -47.96
 160.00 -62.10 -41.33
 161.00 -71.11 -34.73
 162.00 -64.93 -61.82
 163.00 -71.81 -32.45
 164.00 -59.61 -35.01
 165.00 -68.24 -40.46
 166.00 -56.77 -43.89
 167.00 -69.33 -45.66
 168.00 -64.63 -43.67
 169.00 -48.74 -43.12
 170.00 -77.38 -47.61
 171.00 -66.26 -26.98
 172.00 -87.99 -29.69
 173.00 -84.37 -15.49
 174.00 -86.12 -30.51
 175.00 -52.52 -34.16
 176.00 -82.68 -41.14
 177.00 -82.06   0.71
 178.00 -85.63 -16.25
 179.00 -55.66 132.21
 180.00 -101.45 -36.48
 181.00 -80.55  41.95
 182.00 -75.87 -15.39
 183.00 -63.71  -8.30
 184.00 -75.80 130.56
 185.00 -74.30  -2.99
 186.00 -132.92 116.82
 187.00 -114.85 154.68
 188.00 -63.95 121.18
 189.00 -58.64 -27.95
 190.00 -64.50 -53.91
 191.00 -67.47 -23.88
 192.00 -54.34 -54.09
 193.00 -59.33 -38.59
 194.00 -72.77 -45.09
 195.00 -58.22 -40.35
 196.00 -74.65 -51.47
 197.00 -50.69 -28.29
 198.00 -73.32 -56.02
 199.00 -59.15 -37.45
 200.00 -66.65 -38.94
 201.00 -60.33 -46.46
 202.00 -72.46 -44.89
 203.00 -59.20 -32.70
 204.00 -57.55 -60.77
 205.00 -58.54 -35.10
 206.00 -84.76 -56.77
 207.00 -77.66 -24.74
 208.00 -79.49  -4.02
 209.00 -64.82 -17.04
 210.00 -57.29 -42.49
 211.00 -57.69 -48.76
 212.00 -79.63 -37.13
 213.00 -54.39 -46.28
 214.00 -85.31 -35.89
 215.00 -91.12  -2.29
 216.00 -154.98 -41.77
 217.00 -53.01 120.90
 218.00 -62.38 -24.56
 219.00 -85.80 -12.15
 220.00 -138.51 -18.55
 221.00 -116.37   0.55
 222.00 -128.06 124.94
 223.00  42.09 128.33
 224.00  70.99  47.04
 225.00 -101.59   1.58
 226.00 -72.14 137.79
 227.00 -148.10 106.15
 228.00 -55.64 154.75
 229.00 -102.60  90.13
 230.00 -88.51 -13.05
 231.00 -64.17 118.13
 232.00 -49.63 -26.77
 233.00 -67.03 -33.22
 234.00 -122.99 -23.47
 235.00 -78.38 -25.79
 236.00 -115.80 -25.59
 237.00 -63.64 -53.65
 238.00 -61.20 -24.43
 239.00 -70.43 -19.16
 240.00 -85.69 -48.64
 241.00 -79.96 -26.47
 242.00 -145.85 -10.52
 243.00 -76.22 -61.92
 244.00 -66.80 -37.32
 245.00 -48.28 -59.41
 246.00 -59.59 -43.69
 247.00 -78.06 -46.92
 248.00 -66.04 -27.75
 249.00 -63.38 -48.06
 250.00 -70.81 -42.64
 251.00 -72.54 -37.89
 252.00 -54.95 -46.77
 253.00 -70.05 -40.61
 254.00 -62.98 -37.50
 255.00 -72.87 -38.29
 256.00 -69.50 -27.73
 257.00 -66.23 -47.63
 258.00 -67.00 -28.51
 259.00 -67.96 -47.79
 260.00 -74.10 -32.29
 261.00 -74.17 -28.14
 262.00 -65.61 -38.88
 263.00 -57.53 -36.02
 264.00 -61.83 -39.38
 1001.00 -71.85 -35.86
 1002.00 -63.24 -33.59
 1003.00 -76.32 -33.02
 1004.00 -78.36 -23.74
 1005.00 -64.69 -34.79
 1006.00 -62.92 -44.11
 1007.00 -71.27 -41.96
 1008.00 -59.95 -41.97
 1009.00 -70.89 -30.59
 1010.00 -63.06 -46.10
 1011.00 -74.29 -33.23
 1012.00 -68.24 -37.68
 1013.00 -55.44 -41.69
 1014.00 -59.65 -31.37
 1015.00 -70.85 -43.74
 1016.00 -62.81 -46.66
 1017.00 -74.99 -42.78
 1018.00 -78.13 -28.26
 1019.00 -74.48 -12.42
 1020.00 -89.64 131.92
 1021.00 -117.60 -17.97
 1022.00 -54.76 124.90
 1023.00 -30.95 -46.17
 1024.00 -74.77 -49.40
 1025.00 -66.77 -32.10
 1026.00 -51.37 -40.74
 1027.00 -67.69 -54.27
 1028.00 -63.67 -40.66
 1029.00 -65.98 -44.08
 1030.00 -53.36 -35.87
 1031.00 -72.87 -43.48
 1032.00 -63.48 -30.57
 1033.00 -57.81 -39.27
 1034.00 -65.49 -43.71
 1035.00 -76.07 -36.14
 1036.00 -75.71 -33.36
 1037.00 -76.10 -27.39
 1038.00 -53.38 -38.20
 1039.00 -56.47 -51.83
 1040.00 -71.90 -44.60
 1041.00  45.06 -26.34
 1042.00 108.27  42.15
 1043.00 -84.17  12.74
 1044.00  64.04 -10.81
 1066.00 -52.49 137.26
 1067.00 -47.16 -31.18
 1068.00 -53.88 -44.67
 1069.00 -71.45 -44.67
 1070.00 -75.55 -22.59
 1071.00 -66.72 -29.72
 1072.00 -47.51 -54.39
 1073.00 -65.99 -34.53
 1074.00 -63.12 -49.59
 1075.00 -56.42 -39.71
 1076.00 -59.92 -43.48
 1077.00 -63.23 -43.02
 1078.00 -76.06 -28.01
 1079.00 -76.18 -22.77
 1080.00 -51.38 -43.17
 1081.00  95.34 -34.68
 1082.00 -77.74   6.11
 1083.00 -46.03  63.33
 1084.00 -80.92 -44.61
 1085.00 -64.15 -27.86
 1086.00 -69.80 -37.35
 1087.00 -63.70 -45.02
 1088.00 -86.80 -14.52
 1089.00 -50.27 -40.77
 1090.00 -81.85 -37.28
 1091.00 -82.49 -17.27
 1092.00 -70.78 -35.39
 1093.00 -58.78 -45.68
 1094.00 -47.40 -32.71
 1095.00 -82.99 -52.46
 1096.00 -72.03 -24.91
 1097.00 -59.07 -37.47
 1098.00 -65.09 -47.22
 1099.00 -64.32 -35.11
 1100.00 -97.97 -33.03
 1101.00 -57.99 -19.97
 1102.00 -64.51 -31.63
 1103.00 -58.37 -57.31
 1104.00 -74.93 -29.89
 1105.00 -62.38 -45.80
 313.00 -61.48 -44.86
 314.00 -66.19 -43.19
 315.00 -59.45 -42.21
 316.00 -78.14 -34.79
 317.00 -71.37 -16.75
 318.00 -55.80 -36.89
 319.00 -66.59 -52.31
 320.00 -62.70 -41.83
 321.00 -66.86 -40.77
 322.00 -66.57 -31.95
 323.00 -69.46 -37.61
 324.00 -66.13 -34.01
 325.00 -64.33 -35.42
 326.00 -49.92 -35.59
 327.00 -76.04 -46.23
 328.00 -53.08 -37.12
 329.00 -63.12 -50.93
 330.00 -93.89 -26.45
 331.00 -87.58  -1.87
 332.00 -57.43 -54.84
 333.00 -65.90 -48.24
 334.00 -83.42 -24.09
 335.00 -105.90 -34.90
 336.00 -69.43 -18.01
 337.00 -62.98 -33.63
 338.00 -63.22 -34.00
 339.00 -70.76 -50.49
 340.00 -65.37 -43.23
 341.00 -69.71 -38.08
 342.00 -83.79 -29.73
 343.00 -64.74 -27.41
 344.00 -63.12 -42.11
 345.00 -64.29 -25.60
 346.00 -87.82 -18.22
 347.00 -97.57 -36.83
 348.00 -87.57 -32.57
 349.00 -153.50 151.98
 350.00 -73.11 -67.91
 351.00 -93.42 -31.99
 352.00 -149.00   3.78
 353.00 -100.18 157.06
 354.00 -54.26 121.29
 355.00 -67.20 -44.48
 356.00 -77.62 -23.92
 357.00 -61.35 -40.86
 358.00 -57.80 -41.56
 359.00 -57.25 -51.05
 360.00 -68.29 -31.40
 361.00 -52.93 -65.06
 362.00 -71.47 -33.70
 363.00 -119.96  -1.94
 364.00 -51.57 -31.56
 365.00 -68.34 -39.15
 366.00 -80.36 -30.35
 367.00 -53.05 -42.36
 368.00 -60.29 -34.45
 369.00 -73.68 -38.62
 370.00 -72.50 -12.73
 371.00 -51.66 -25.24
 372.00 -74.09 -31.69
 373.00 -126.34 -14.48
 374.00 -75.95 -20.04
 375.00 -70.03 -30.60
 376.00 -43.81 -31.02
 377.00 -69.92 -44.07
 378.00 -52.50 -38.08
 379.00 -70.89 -51.44
 380.00 -69.96 -30.81
 381.00 -73.87 -35.12
 382.00 -113.34 -46.67
 383.00 -135.41  -5.86
 384.00 -70.48 109.41
 385.00 -65.34 -24.45
 386.00 -63.87 -52.83
 387.00 -60.15 -44.47
 388.00 -72.25 -35.20
 389.00 -67.18 -37.09
 390.00 -66.08 -37.28
 391.00 -53.78 -40.58
 392.00 -58.12 -55.77
 393.00 -63.53 -46.42
 394.00 -73.05 -42.15
 395.00 -98.49 -12.48
 396.00  67.18   0.13
 397.00 -71.73  23.41
 398.00 -67.47  46.22


