 residuo Phi Psi
  69.00 -63.68 151.76
  70.00 -65.05 -41.96
  71.00 -65.57 -25.26
  72.00 -53.78 -52.82
  73.00 -68.28 -34.85
  74.00 -70.17 -45.24
  75.00 -56.49 -29.05
  76.00 -82.02 -39.87
  77.00 -77.05 -23.40
  78.00 -45.19 -49.62
  79.00 -75.34 -35.35
  80.00 -72.58 -32.90
  81.00 -57.77 -36.72
  82.00 -59.17 -32.99
  83.00 -65.99 -41.12
  84.00 -61.97 -37.10
  85.00 -62.35 -51.52
  86.00 -49.28 -47.16
  87.00 -64.83 -44.39
  88.00 -61.89 -59.71
  89.00 -70.61 -54.51
  90.00 -69.13 -23.79
  91.00 -72.60 -42.18
  92.00 -55.46 -32.90
  93.00 -52.68 -46.78
  94.00 -62.47 -49.49
  95.00 -52.41 -46.51
  96.00 -57.34 -47.90
  97.00 -57.57 -41.64
  98.00 -55.31 -67.90
  99.00 -61.52 -33.83
 100.00 -119.06 -37.12
 101.00 -61.60 -45.21
 102.00 -41.62 105.17
 103.00 -58.57 -48.48
 104.00 -115.48  -9.73
 105.00 -79.76   8.23
 106.00 -151.41  84.28
 107.00 -51.96 154.02
 108.00 -66.02 -50.27
 109.00 -66.17 -32.76
 110.00 -61.15 -32.02
 111.00 -58.70 -33.57
 112.00 -69.50 -45.80
 113.00 -66.35 -37.12
 114.00 -61.44 -35.86
 115.00 -39.54 -57.38
 116.00 -80.74 -36.37
 117.00 -66.24 -36.97
 118.00 -58.05 -33.20
 119.00 -89.11 -35.18
 120.00 -63.49 -32.36
 121.00 -61.03 -42.74
 122.00 -51.85 -51.78
 123.00 -60.06 -47.63
 124.00 -99.92 -22.79
 125.00 -131.74 -11.22
 126.00 -107.21 -41.56
 127.00 -55.69 -48.99
 128.00 -65.05 -44.81
 129.00 -68.26 -43.21
 130.00 -69.88 -32.49
 131.00 -52.17 -47.54
 132.00 -67.94 -46.45
 133.00 -70.43 -29.69
 134.00 -79.97 -32.67
 135.00 -58.17 -40.00
 136.00 -71.73 -36.81
 137.00  63.88   6.66
 138.00  62.27  47.26
 139.00 -122.32  40.42
 140.00 -65.56 129.13
 141.00 -73.07 106.95
 142.00 -114.87 -10.03
 143.00 -53.92 168.39
 144.00 -50.65 144.18
 145.00 -75.18 -52.46
 146.00 -84.78   4.63
 147.00 -60.21 -15.27
 148.00 -69.98 -52.53
 149.00 -64.11 -39.71
 150.00 -93.93 -16.35
 151.00 -63.94 -50.23
 152.00 -31.08 -28.36
 153.00 -89.38 -46.71
 154.00 -69.52 -25.44
 155.00 -67.44 -35.94
 156.00 -61.19 -43.05
 157.00 -74.93 -49.08
 158.00 -62.18 -39.26
 159.00 -63.20 -43.09
 160.00 -60.02 -40.85
 161.00 -66.07 -44.57
 162.00 -73.26 -49.43
 163.00 -61.40 -36.95
 164.00 -54.23 -34.05
 165.00 -68.23 -52.90
 166.00 -67.42 -27.06
 167.00 -63.17 -40.36
 168.00 -62.20 -49.11
 169.00 -66.32 -44.51
 170.00 -68.19 -34.70
 171.00 -35.72 -55.99
 172.00 -64.90 -54.65
 173.00 -57.27 -57.70
 174.00 -72.46 -35.39
 175.00 -65.50 -34.51
 176.00 -75.78 -49.88
 177.00 -69.68  -3.82
 178.00 -72.53 -31.32
 179.00 -65.14 137.46
 180.00 -126.47 -12.73
 181.00 -58.30   8.14
 182.00 -105.96   1.76
 183.00 -49.58  22.27
 184.00 -78.69 148.10
 185.00 -60.08 -49.84
 186.00 -155.18 144.91
 187.00 -102.19 148.69
 188.00 -78.43 122.60
 189.00 -55.17 -28.56
 190.00 -75.27 -35.75
 191.00 -54.56 -50.94
 192.00 -56.41 -53.67
 193.00 -61.55 -41.31
 194.00 -80.73 -30.84
 195.00 -52.63 -46.63
 196.00 -69.85 -45.51
 197.00 -64.27 -34.90
 198.00 -48.36 -52.72
 199.00 -68.42 -43.75
 200.00 -55.98 -44.35
 201.00 -70.01 -37.17
 202.00 -48.13 -52.64
 203.00 -69.00 -38.24
 204.00 -69.54 -37.79
 205.00 -64.02 -36.72
 206.00 -80.06 -41.48
 207.00 -47.36 -24.36
 208.00 -55.92 -33.12
 209.00 -57.33 -44.11
 210.00 -71.44 -55.15
 211.00 -102.87   9.13
 212.00 -83.48 -57.40
 213.00 -82.68 -21.55
 214.00 -59.96 -34.14
 215.00 -71.49 -32.84
 216.00 -150.55 -37.50
 217.00 -57.74 106.15
 218.00 -63.52 -38.68
 219.00 -75.37 -13.94
 220.00 -133.20 -17.61
 221.00 -119.22   4.61
 222.00 -127.62 128.73
 223.00  42.05 127.14
 224.00  71.48  61.93
 225.00 -98.45 -23.37
 226.00 -83.81 158.27
 227.00 -156.50 108.33
 228.00 -57.69 136.82
 229.00 -127.97 134.71
 230.00 -68.32 -29.84
 231.00 -75.14 148.21
 232.00 -49.22 -35.13
 233.00 -90.39 -38.46
 234.00 -75.71 -50.22
 235.00 -112.51 -34.59
 236.00 -85.40 -36.99
 237.00 -57.19 -56.12
 238.00 -60.58 -39.59
 239.00 -63.19 -29.14
 240.00 -69.49 -54.35
 241.00 -71.07 -32.11
 242.00 -145.90 -18.04
 243.00 -63.23 -69.14
 244.00 -73.13 -28.73
 245.00 -67.54 -55.99
 246.00 -59.30 -27.45
 247.00 -71.37 -48.86
 248.00 -80.34 -13.83
 249.00 -62.05 -57.21
 250.00 -69.15 -36.91
 251.00 -81.76 -39.12
 252.00 -55.99 -39.79
 253.00 -69.79 -43.06
 254.00 -61.01 -44.31
 255.00 -84.60 -27.56
 256.00 -59.67 -39.50
 257.00 -54.34 -51.04
 258.00 -73.20 -33.91
 259.00 -61.35 -46.81
 260.00 -76.52 -25.65
 261.00 -53.23 -40.04
 262.00 -74.16 -40.66
 263.00 -67.92 -30.89
 264.00 -78.11 -35.29
 1001.00 -77.15 -36.11
 1002.00 -73.40 -20.84
 1003.00 -64.75 -41.28
 1004.00 -80.38 -36.73
 1005.00 -61.69 -36.89
 1006.00 -72.12 -30.01
 1007.00 -67.37 -49.56
 1008.00 -66.97 -29.88
 1009.00 -74.35 -23.84
 1010.00 -48.82 -47.52
 1011.00 -54.82 -45.33
 1012.00 -77.38 -41.12
 1013.00 -63.85 -28.66
 1014.00 -47.92 -45.28
 1015.00 -59.63 -47.83
 1016.00 -59.25 -50.19
 1017.00 -60.29 -33.83
 1018.00 -89.14 -45.15
 1019.00 -64.55 -14.84
 1020.00 -129.95 160.63
 1021.00 -103.10 -18.99
 1022.00 -63.83 142.13
 1023.00 -66.95 -22.21
 1024.00 -72.43 -33.50
 1025.00 -63.41 -37.91
 1026.00 -67.21 -52.15
 1027.00 -47.84 -44.47
 1028.00 -67.45 -57.94
 1029.00 -68.51 -27.56
 1030.00 -66.51 -41.62
 1031.00 -69.20 -34.15
 1032.00 -49.18 -47.26
 1033.00 -58.77 -38.72
 1034.00 -61.19 -48.04
 1035.00 -70.97 -38.08
 1036.00 -72.17 -27.46
 1037.00 -65.16 -42.60
 1038.00 -76.36 -31.85
 1039.00 -70.45 -27.06
 1040.00 -70.26 -41.83
 1041.00  45.69 -45.18
 1042.00 120.36  47.40
 1043.00 -50.93 -28.64
 1044.00  69.67 -46.81
 1066.00 -67.07 150.46
 1067.00 -54.80 -12.79
 1068.00 -67.87 -42.30
 1069.00 -69.97 -23.37
 1070.00 -81.19 -27.77
 1071.00 -72.97 -26.28
 1072.00 -55.69 -44.68
 1073.00 -64.30 -46.11
 1074.00 -67.58 -32.16
 1075.00 -75.40 -38.81
 1076.00 -53.90 -26.78
 1077.00 -74.56 -41.03
 1078.00 -74.61 -31.35
 1079.00 -72.01 -36.22
 1080.00 -99.66  -5.64
 1081.00  80.43  -4.09
 1082.00 -88.46  14.75
 1083.00 -63.81  72.61
 1084.00 -71.03 -36.73
 1085.00 -62.99 -43.12
 1086.00 -73.99 -32.92
 1087.00 -74.55 -29.57
 1088.00 -70.97 -21.78
 1089.00 -58.70 -46.34
 1090.00 -67.04 -32.34
 1091.00 -56.54 -51.36
 1092.00 -81.98 -28.34
 1093.00 -55.55 -42.01
 1094.00 -40.15 -33.75
 1095.00 -85.98 -58.95
 1096.00 -51.32 -31.03
 1097.00 -45.30 -60.27
 1098.00 -37.09 -47.25
 1099.00 -51.02 -52.34
 1100.00 -77.00 -41.12
 1101.00 -60.33 -37.15
 1102.00 -61.80 -43.78
 1103.00 -59.09 -33.92
 1104.00 -58.80 -53.47
 1105.00 -72.43 -27.37
 313.00 -75.65 -43.21
 314.00 -68.13 -38.63
 315.00 -65.41 -39.80
 316.00 -77.22 -21.51
 317.00 -67.59 -26.37
 318.00 -68.89 -45.62
 319.00 -72.23 -28.64
 320.00 -67.58 -40.58
 321.00 -75.44 -28.71
 322.00 -81.02 -17.59
 323.00 -54.85 -44.26
 324.00 -54.45 -52.95
 325.00 -66.59 -45.26
 326.00 -81.84 -21.52
 327.00 -55.44 -50.70
 328.00 -70.85 -41.31
 329.00 -56.71 -41.26
 330.00 -59.23 -57.36
 331.00 -91.65  -5.16
 332.00 -77.07 -46.71
 333.00 -49.09 -49.24
 334.00 -72.76 -30.69
 335.00 -90.79 -43.05
 336.00 -58.21 -21.08
 337.00 -59.18 -36.31
 338.00 -52.85 -44.09
 339.00 -67.16 -62.87
 340.00 -63.83 -37.55
 341.00 -64.86 -56.62
 342.00 -69.97 -25.83
 343.00 -70.23 -38.44
 344.00 -68.93 -24.63
 345.00 -57.44 -41.29
 346.00 -89.98 -31.99
 347.00 -105.50 -12.38
 348.00 -79.91 -47.23
 349.00 -137.96 149.37
 350.00 -79.92 -69.56
 351.00 -67.80 -34.18
 352.00 -146.46  -4.38
 353.00 -83.04 134.50
 354.00 -72.60 124.93
 355.00 -66.10 -21.05
 356.00 -62.68 -46.72
 357.00 -58.87 -41.83
 358.00 -65.00 -41.09
 359.00 -82.43 -23.97
 360.00 -53.61 -42.89
 361.00 -59.03 -62.01
 362.00 -70.02 -28.26
 363.00 -98.11 -17.64
 364.00 -58.82 -47.82
 365.00 -60.35 -25.42
 366.00 -78.63 -40.73
 367.00 -55.35 -32.32
 368.00 -77.20 -36.15
 369.00 -66.64 -38.51
 370.00 -58.20 -12.61
 371.00 -69.39 -25.59
 372.00 -71.04 -25.03
 373.00 -116.46  -5.06
 374.00 -77.05  -7.87
 375.00 -66.67 -38.97
 376.00 -58.27 -41.29
 377.00 -72.62 -15.56
 378.00 -62.39 -50.98
 379.00 -68.92 -42.52
 380.00 -62.60 -43.05
 381.00 -67.18 -38.75
 382.00 -114.59 -32.73
 383.00 -135.89  -5.42
 384.00 -57.02 121.10
 385.00 -63.29 -43.79
 386.00 -58.49 -39.79
 387.00 -70.88 -51.07
 388.00 -75.87 -21.56
 389.00 -57.85 -55.72
 390.00 -68.58 -45.35
 391.00 -62.60 -40.98
 392.00 -75.48 -21.75
 393.00 -51.18 -62.37
 394.00 -91.24 -40.92
 395.00 -104.94  -1.27
 396.00  69.84  19.50
 397.00 -91.44  27.64
 398.00 -77.31  71.50


