 residuo Phi Psi
  69.00 -138.23 123.29
  70.00 -136.56 162.51
  71.00 -59.16 -34.97
  72.00 -77.96 -45.77
  73.00 -56.21 -32.01
  74.00 -74.30 -38.94
  75.00 -69.08 -40.44
  76.00 -72.98 -28.44
  77.00 -61.98 -34.34
  78.00 -63.67 -44.27
  79.00 -52.08 -48.79
  80.00 -68.07 -42.55
  81.00 -41.68 -45.19
  82.00 -61.85 -40.95
  83.00 -71.30 -39.25
  84.00 -69.08 -34.41
  85.00 -59.06 -38.77
  86.00 -65.28 -48.64
  87.00 -74.72 -37.67
  88.00 -61.21 -40.65
  89.00 -70.91 -40.29
  90.00 -47.32 -44.79
  91.00 -74.27 -49.66
  92.00 -55.88 -37.64
  93.00 -48.84 -44.78
  94.00 -68.78 -38.88
  95.00 -50.20 -51.95
  96.00 -70.41 -40.96
  97.00 -61.37 -44.34
  98.00 -56.70 -57.54
  99.00 -73.46 -26.70
 100.00 -115.25 -31.79
 101.00 -64.37 -45.20
 102.00 -54.19 111.44
 103.00 -62.69 -32.70
 104.00 -94.48 -25.75
 105.00 -78.30   6.99
 106.00 -162.58  89.84
 107.00 -57.21 159.24
 108.00 -69.73 -27.00
 109.00 -63.64 -60.69
 110.00 -61.91 -23.63
 111.00 -63.59 -37.04
 112.00 -60.76 -45.14
 113.00 -70.13 -38.33
 114.00 -79.37 -21.33
 115.00 -52.40 -41.08
 116.00 -67.38 -46.42
 117.00 -64.43 -30.29
 118.00 -59.58 -41.91
 119.00 -96.64 -25.34
 120.00 -45.37 -35.14
 121.00 -54.47 -55.83
 122.00 -63.54 -44.05
 123.00 -72.49 -34.86
 124.00 -83.08 -29.01
 125.00 -118.82 -39.12
 126.00 -110.26 -28.63
 127.00 -60.42 -42.91
 128.00 -73.58 -41.57
 129.00 -71.26 -32.45
 130.00 -65.33 -34.02
 131.00 -87.54 -20.56
 132.00 -68.43 -41.49
 133.00 -49.90 -21.53
 134.00 -71.53 -25.23
 135.00 -64.12 -49.89
 136.00 -78.99 -35.83
 137.00  62.07  23.25
 138.00  63.90  31.55
 139.00 -129.47  44.68
 140.00 -71.18 170.15
 141.00 -91.95 118.40
 142.00 -133.63   4.78
 143.00 -56.03 172.25
 144.00 -48.91 131.12
 145.00 -69.67 -48.63
 146.00 -111.36  11.39
 147.00 -55.95  -5.96
 148.00 -54.48 -56.96
 149.00 -70.52 -55.75
 150.00 -95.59  -2.42
 151.00 -56.84 -42.86
 152.00 -53.87 -30.61
 153.00 -53.51 -43.11
 154.00 -52.39 -68.25
 155.00 -78.13 -39.93
 156.00 -58.74 -44.33
 157.00 -65.02 -45.91
 158.00 -50.56 -48.87
 159.00 -70.83 -42.54
 160.00 -75.15 -37.17
 161.00 -53.05 -39.90
 162.00 -68.27 -45.58
 163.00 -62.38 -54.80
 164.00 -65.44 -22.53
 165.00 -62.66 -48.43
 166.00 -54.52 -45.79
 167.00 -71.45 -46.64
 168.00 -69.66 -37.76
 169.00 -61.86 -32.51
 170.00 -53.19 -51.74
 171.00 -72.27 -36.37
 172.00 -55.98 -50.61
 173.00 -71.19 -37.87
 174.00 -85.25 -29.56
 175.00 -67.05 -32.29
 176.00 -71.81 -33.76
 177.00 -65.74 -13.67
 178.00 -71.47 -36.95
 179.00 -73.36 125.55
 180.00 -132.63   3.65
 181.00 -67.28  24.60
 182.00 -84.01 -15.67
 183.00 -61.39  34.82
 184.00 -69.02 162.07
 185.00 -141.59 -21.17
 186.00 -142.77 161.95
 187.00 -71.16 138.39
 188.00 -67.16 119.03
 189.00 -68.20 -31.33
 190.00 -69.95 -38.01
 191.00 -61.95 -31.77
 192.00 -58.46 -44.04
 193.00 -61.32 -46.16
 194.00 -64.61 -43.43
 195.00 -69.68 -29.17
 196.00 -56.52 -46.60
 197.00 -70.06 -37.52
 198.00 -65.58 -38.46
 199.00 -61.84 -44.44
 200.00 -68.04 -48.78
 201.00 -47.01 -46.50
 202.00 -80.86 -45.78
 203.00 -60.45 -33.58
 204.00 -55.11 -53.88
 205.00 -63.44 -34.79
 206.00 -100.01 -37.16
 207.00 -61.42 -21.69
 208.00 -58.17 -18.73
 209.00 -54.84 -41.91
 210.00 -58.35 -52.87
 211.00 -55.23 -44.51
 212.00 -73.26 -41.44
 213.00 -70.47 -48.63
 214.00 -67.09 -27.17
 215.00 -69.77 -35.21
 216.00 -145.24 -37.36
 217.00 -53.04 109.18
 218.00 -68.78 -35.08
 219.00 -82.31  -2.15
 220.00 -123.04 -24.41
 221.00 -106.16 -15.05
 222.00 -163.74 148.17
 223.00  47.52 138.62
 224.00  85.70  24.94
 225.00 -82.12 -14.25
 226.00 -80.03 150.83
 227.00 -143.60 116.33
 228.00 -78.29 178.26
 229.00 -86.77  69.13
 230.00 -72.12 -31.21
 231.00 -49.06 129.88
 232.00 -52.47 -43.08
 233.00 -67.64 -37.26
 234.00 -79.57 -47.21
 235.00 -85.31 -32.94
 236.00 -119.08 -37.78
 237.00 -60.19 -55.72
 238.00 -60.91 -31.77
 239.00 -64.03 -15.62
 240.00 -95.62 -39.90
 241.00 -99.15 -17.38
 242.00 -153.23  -3.51
 243.00 -67.40 -69.20
 244.00 -70.42 -33.49
 245.00 -63.21 -61.93
 246.00 -56.26 -32.32
 247.00 -68.65 -54.74
 248.00 -67.12 -32.79
 249.00 -66.57 -46.81
 250.00 -55.61 -47.57
 251.00 -83.80 -37.95
 252.00 -66.90 -33.00
 253.00 -60.16 -46.10
 254.00 -48.30 -55.16
 255.00 -67.14 -50.10
 256.00 -64.30 -30.90
 257.00 -82.64 -42.14
 258.00 -74.34 -28.17
 259.00 -73.85 -31.32
 260.00 -66.09 -36.80
 261.00 -67.07 -31.29
 262.00 -62.06 -46.58
 263.00 -69.50 -32.59
 264.00 -68.54 -37.85
 1001.00 -70.47 -36.68
 1002.00 -59.43 -27.47
 1003.00 -75.50 -45.62
 1004.00 -64.54 -29.77
 1005.00 -74.13 -42.90
 1006.00 -66.29 -28.00
 1007.00 -50.14 -50.08
 1008.00 -65.65 -46.49
 1009.00 -55.93 -44.98
 1010.00 -83.92 -38.66
 1011.00 -55.30 -30.12
 1012.00 -65.35 -38.68
 1013.00 -60.99 -47.03
 1014.00 -74.30 -24.41
 1015.00 -52.87 -52.15
 1016.00 -55.49 -50.75
 1017.00 -68.72 -32.86
 1018.00 -112.66 -22.16
 1019.00 -53.32 -32.33
 1020.00 -140.76 167.37
 1021.00 -93.18  -9.95
 1022.00 -55.37 124.70
 1023.00 -54.06 -30.38
 1024.00 -73.63 -43.22
 1025.00 -77.09 -33.39
 1026.00 -53.16 -38.98
 1027.00 -52.95 -56.16
 1028.00 -73.84 -42.63
 1029.00 -64.77 -37.88
 1030.00 -71.41 -33.03
 1031.00 -59.66 -41.39
 1032.00 -56.42 -43.36
 1033.00 -55.08 -46.47
 1034.00 -73.23 -44.20
 1035.00 -65.13 -36.96
 1036.00 -72.41 -33.06
 1037.00 -59.67 -41.47
 1038.00 -59.91 -56.56
 1039.00 -60.45 -37.71
 1040.00 -72.01 -42.77
 1041.00  62.85 -16.57
 1042.00 128.65  11.04
 1043.00 -78.26  -5.31
 1044.00  54.85 -47.25
 1066.00 -69.21 179.40
 1067.00 -57.93 -12.31
 1068.00 -63.58 -36.29
 1069.00 -62.25 -40.21
 1070.00 -68.81 -48.05
 1071.00 -67.30 -26.78
 1072.00 -65.82 -33.73
 1073.00 -70.49 -32.00
 1074.00 -57.37 -40.91
 1075.00 -55.47 -49.87
 1076.00 -64.88 -33.73
 1077.00 -53.47 -48.01
 1078.00 -69.37 -38.80
 1079.00 -60.47 -43.06
 1080.00 -78.70 -41.23
 1081.00  74.05  24.63
 1082.00 -71.17  -9.86
 1083.00 -59.91  70.07
 1084.00 -54.19 -55.81
 1085.00 -69.87 -42.15
 1086.00 -72.69 -44.88
 1087.00 -58.16 -29.50
 1088.00 -54.86 -52.52
 1089.00 -64.30 -41.50
 1090.00 -59.99 -50.49
 1091.00 -56.07 -41.44
 1092.00 -60.61 -48.86
 1093.00 -111.84   3.56
 1094.00 -58.30  -9.88
 1095.00 -68.50 -53.40
 1096.00 -66.97 -28.90
 1097.00 -63.20 -39.41
 1098.00 -69.35 -50.17
 1099.00 -73.73 -10.74
 1100.00 -58.01 -57.81
 1101.00 -59.38 -41.28
 1102.00 -84.45 -15.54
 1103.00 -48.62 -53.53
 1104.00 -58.79 -45.89
 1105.00 -62.64 -45.46
 313.00 -59.70 -37.70
 314.00 -67.36 -52.32
 315.00 -55.33 -37.19
 316.00 -57.13 -45.42
 317.00 -67.70 -38.27
 318.00 -60.91 -44.48
 319.00 -68.55 -51.26
 320.00 -73.88 -31.16
 321.00 -64.68 -36.56
 322.00 -57.12 -42.78
 323.00 -62.53 -46.12
 324.00 -62.71 -37.05
 325.00 -50.22 -39.51
 326.00 -74.84 -28.97
 327.00 -59.89 -43.70
 328.00 -44.39 -54.27
 329.00 -56.38 -51.40
 330.00 -60.04 -51.56
 331.00 -62.12 -49.80
 332.00 -61.80 -52.33
 333.00 -71.61 -43.38
 334.00 -68.60 -36.48
 335.00 -78.98 -41.62
 336.00 -61.14 -34.58
 337.00 -55.04 -52.53
 338.00 -67.91 -34.19
 339.00 -55.21 -58.37
 340.00 -56.73 -44.47
 341.00 -65.00 -48.81
 342.00 -56.78 -35.78
 343.00 -80.62 -41.17
 344.00 -63.25 -39.10
 345.00 -78.99 -23.46
 346.00 -77.72 -18.48
 347.00 -73.25 -41.10
 348.00 -108.26 -31.55
 349.00 -151.88 154.67
 350.00 -73.79 -41.32
 351.00 -91.97 -44.12
 352.00 -138.35  16.01
 353.00 -103.05 142.82
 354.00 -62.85 112.82
 355.00 -60.81 -13.50
 356.00 -69.55 -53.52
 357.00 -70.32 -45.67
 358.00 -52.21 -29.84
 359.00 -55.92 -58.15
 360.00 -54.62 -56.93
 361.00 -60.51 -52.98
 362.00 -70.05 -34.85
 363.00 -87.96 -23.87
 364.00 -51.42 -41.63
 365.00 -71.19 -40.00
 366.00 -77.36 -31.90
 367.00 -64.06 -26.38
 368.00 -49.49 -40.56
 369.00 -53.72 -55.53
 370.00 -64.83 -23.74
 371.00 -68.25 -28.74
 372.00 -71.76 -29.44
 373.00 -115.65 -14.82
 374.00 -73.24 -20.19
 375.00 -69.18 -23.81
 376.00 -51.89 -39.62
 377.00 -75.88 -36.88
 378.00 -51.76 -32.02
 379.00 -69.58 -53.24
 380.00 -82.11 -12.61
 381.00 -79.82 -44.77
 382.00 -106.06 -42.45
 383.00 -132.79  -6.10
 384.00 -64.45 106.87
 385.00 -72.29 -26.60
 386.00 -69.85 -38.41
 387.00 -59.76 -39.24
 388.00 -55.32 -49.37
 389.00 -55.27 -48.21
 390.00 -44.25 -61.94
 391.00 -59.56 -49.92
 392.00 -70.30 -32.71
 393.00 -67.96 -51.33
 394.00 -64.08 -40.80
 395.00 -80.72 -29.78
 396.00  49.40  10.07
 397.00 -85.61  25.34
 398.00 -68.44  71.56


