 residuo Phi Psi
  69.00 -78.45 133.66
  70.00 -75.77  94.55
  71.00 -68.79 -31.66
  72.00 -74.02 -33.39
  73.00 -62.77 -38.22
  74.00 -73.65 -39.15
  75.00 -61.78 -32.51
  76.00 -58.24 -44.58
  77.00 -63.53 -39.26
  78.00 -59.01 -45.27
  79.00 -77.61 -23.14
  80.00 -60.56 -45.82
  81.00 -65.29 -36.70
  82.00 -66.74 -21.52
  83.00 -76.18 -30.89
  84.00 -61.88 -37.43
  85.00 -60.80 -45.44
  86.00 -58.74 -65.27
  87.00 -59.38 -28.11
  88.00 -59.73 -71.34
  89.00 -58.01 -63.67
  90.00 -70.52 -21.93
  91.00 -58.07 -71.38
  92.00 -54.98 -34.70
  93.00 -64.48 -33.44
  94.00 -75.75 -41.47
  95.00 -56.75 -50.02
  96.00 -57.52 -49.54
  97.00 -65.16 -40.76
  98.00 -70.08 -40.60
  99.00 -97.83 -14.92
 100.00 -100.95 -34.38
 101.00 -71.40 -49.43
 102.00 -84.81 134.07
 103.00 -69.31 -26.21
 104.00 -85.10 -21.31
 105.00 -87.11   3.75
 106.00 -145.61  92.49
 107.00 -42.54 151.65
 108.00 -68.31 -41.34
 109.00 -57.69 -46.80
 110.00 -56.69 -29.09
 111.00 -75.43 -31.79
 112.00 -70.18 -39.78
 113.00 -67.86 -28.42
 114.00 -55.50 -46.06
 115.00 -56.33 -45.82
 116.00 -69.83 -40.38
 117.00 -68.59 -37.46
 118.00 -68.69 -28.09
 119.00 -69.71 -42.32
 120.00 -51.81 -54.55
 121.00 -75.72 -44.94
 122.00 -58.80 -28.01
 123.00 -65.56 -47.81
 124.00 -81.32 -27.09
 125.00 -95.42 -53.77
 126.00 -112.52 -28.51
 127.00 -69.35 -51.97
 128.00 -61.41 -34.52
 129.00 -64.85 -41.86
 130.00 -69.30 -37.53
 131.00 -77.97 -31.20
 132.00 -66.58 -42.53
 133.00 -55.53 -27.33
 134.00 -49.43 -49.65
 135.00 -57.19 -65.01
 136.00 -89.36 -27.25
 137.00  94.63  12.13
 138.00  60.39  33.56
 139.00 -125.34  40.13
 140.00 -54.05 154.17
 141.00 -87.13 112.88
 142.00 -152.10  24.78
 143.00 -76.19 169.07
 144.00 -55.75 141.76
 145.00 -58.41 -43.31
 146.00 -81.10 -19.36
 147.00 -61.19 -23.92
 148.00 -66.52 -48.88
 149.00 -62.22 -28.13
 150.00 -69.30 -44.76
 151.00 -67.86 -40.34
 152.00 -65.93 -29.48
 153.00 -85.11 -28.00
 154.00 -62.09 -40.91
 155.00 -73.05 -40.42
 156.00 -73.05 -32.93
 157.00 -68.24 -46.95
 158.00 -89.71 -30.80
 159.00 -77.10 -24.26
 160.00 -55.46 -49.66
 161.00 -55.62 -32.99
 162.00 -69.60 -65.73
 163.00 -75.70 -23.99
 164.00 -71.94 -28.97
 165.00 -57.17 -38.24
 166.00 -89.19 -32.24
 167.00 -66.93 -39.62
 168.00 -71.44 -31.26
 169.00 -67.22 -37.66
 170.00 -54.49 -45.30
 171.00 -67.54 -43.09
 172.00 -79.09 -51.71
 173.00 -69.29 -17.55
 174.00 -60.05 -47.02
 175.00 -61.81 -46.13
 176.00 -71.39 -42.13
 177.00 -67.28  -5.46
 178.00 -74.95 -26.41
 179.00 -60.55 132.91
 180.00 -113.26 -17.23
 181.00 -61.77  28.33
 182.00 -77.02  -8.78
 183.00 -44.10 -16.68
 184.00 -60.62 143.44
 185.00 -50.21 -31.07
 186.00 -143.93 103.62
 187.00 -110.51 129.08
 188.00 -64.45 118.13
 189.00 -58.36 -39.84
 190.00 -53.83 -54.26
 191.00 -66.84 -40.00
 192.00 -53.71 -56.36
 193.00 -51.21 -45.19
 194.00 -61.95 -49.44
 195.00 -60.59 -41.75
 196.00 -67.83 -58.72
 197.00 -53.60 -28.42
 198.00 -55.56 -53.62
 199.00 -80.03 -31.73
 200.00 -53.08 -42.97
 201.00 -69.28 -45.28
 202.00 -61.03 -44.75
 203.00 -46.08 -48.11
 204.00 -58.81 -47.44
 205.00 -70.73 -44.37
 206.00 -102.25 -28.87
 207.00 -52.27 -22.73
 208.00 -55.44 -19.55
 209.00 -67.40 -24.62
 210.00 -51.18 -54.40
 211.00 -77.91 -34.47
 212.00 -111.71 -62.06
 213.00 -66.97 -31.11
 214.00 -79.57 -21.42
 215.00 -80.67 -15.61
 216.00 -141.85 -31.85
 217.00 -63.61 127.59
 218.00 -66.59 -37.47
 219.00 -80.15  -4.47
 220.00 -138.80  -9.43
 221.00 -132.92   0.43
 222.00 -134.38 125.11
 223.00  50.26 110.13
 224.00  75.71  47.67
 225.00 -85.20  -7.24
 226.00 -74.46 141.38
 227.00 -141.97 102.74
 228.00 -61.87 126.17
 229.00 -81.46  94.33
 230.00 -80.65 -23.30
 231.00 -72.72 112.60
 232.00 -65.28 -11.25
 233.00 -54.42 -39.64
 234.00 -78.64 -35.73
 235.00 -100.06 -37.40
 236.00 -108.65 -33.02
 237.00 -69.00 -41.05
 238.00 -63.97 -28.50
 239.00 -64.35 -22.27
 240.00 -83.45 -42.97
 241.00 -83.10 -28.66
 242.00 -141.71 -26.18
 243.00 -68.79 -38.28
 244.00 -53.99 -50.43
 245.00 -54.92 -70.17
 246.00 -66.69 -27.51
 247.00 -77.56 -41.45
 248.00 -77.67 -30.89
 249.00 -60.87 -56.22
 250.00 -73.31 -46.12
 251.00 -71.46 -37.10
 252.00 -66.41 -37.10
 253.00 -65.15 -38.35
 254.00 -56.39 -46.65
 255.00 -52.93 -51.24
 256.00 -75.63 -33.20
 257.00 -56.90 -58.30
 258.00 -76.59 -26.81
 259.00 -67.52 -36.32
 260.00 -72.26 -36.24
 261.00 -66.73 -31.09
 262.00 -67.66 -30.95
 263.00 -53.33 -46.32
 264.00 -58.93 -47.52
 1001.00 -68.47 -30.37
 1002.00 -52.50 -40.85
 1003.00 -59.46 -53.43
 1004.00 -61.68 -40.82
 1005.00 -62.91 -40.45
 1006.00 -50.95 -43.73
 1007.00 -72.43 -48.24
 1008.00 -61.25 -39.31
 1009.00 -62.84 -37.17
 1010.00 -73.67 -50.21
 1011.00 -58.13 -33.14
 1012.00 -76.92 -37.37
 1013.00 -47.66 -39.71
 1014.00 -81.19 -39.77
 1015.00 -62.68 -21.80
 1016.00 -67.69 -50.76
 1017.00 -77.60 -17.74
 1018.00 -125.09 -17.23
 1019.00 -59.03  -5.32
 1020.00 -71.32 133.36
 1021.00 -159.59 -25.22
 1022.00 -55.32 168.90
 1023.00 -71.17 -42.85
 1024.00 -59.75 -43.16
 1025.00 -49.80 -47.94
 1026.00 -58.86 -48.65
 1027.00 -57.13 -45.79
 1028.00 -59.21 -47.07
 1029.00 -63.41 -43.18
 1030.00 -84.57 -34.34
 1031.00 -58.70 -33.98
 1032.00 -72.84 -39.52
 1033.00 -57.81 -33.88
 1034.00 -65.13 -50.55
 1035.00 -68.20 -41.15
 1036.00 -73.79 -32.92
 1037.00 -90.69  -4.35
 1038.00 -58.34 -61.07
 1039.00 -77.32 -20.64
 1040.00 -70.81 -40.31
 1041.00  44.27 -39.22
 1042.00  95.46  32.86
 1043.00 -65.21   1.54
 1044.00  62.12  -3.17
 1066.00 -60.20 148.26
 1067.00 -51.37 -12.43
 1068.00 -65.26 -49.26
 1069.00 -60.14 -45.06
 1070.00 -69.95 -36.12
 1071.00 -75.44 -27.77
 1072.00 -53.49 -34.27
 1073.00 -61.87 -41.30
 1074.00 -74.17 -36.03
 1075.00 -70.91 -41.73
 1076.00 -54.42 -22.50
 1077.00 -49.59 -62.08
 1078.00 -61.33 -46.60
 1079.00 -61.36 -45.54
 1080.00 -71.41 -37.83
 1081.00  65.01   3.29
 1082.00 -87.38  13.69
 1083.00 -54.26  75.91
 1084.00 -72.82 -56.90
 1085.00 -60.34 -25.66
 1086.00 -55.20 -49.74
 1087.00 -62.92 -41.72
 1088.00 -74.09 -32.02
 1089.00 -56.91 -47.28
 1090.00 -55.89 -42.27
 1091.00 -56.12 -43.72
 1092.00 -76.73 -49.50
 1093.00 -85.17  -7.58
 1094.00 -55.45 -20.27
 1095.00 -94.60 -41.06
 1096.00 -67.20 -20.10
 1097.00 -55.64 -45.19
 1098.00 -64.18 -60.76
 1099.00 -70.22 -30.33
 1100.00 -72.23 -46.45
 1101.00 -67.77 -27.44
 1102.00 -66.81 -38.69
 1103.00 -52.22 -41.75
 1104.00 -63.73 -48.20
 1105.00 -67.58 -46.34
 313.00 -53.04 -40.45
 314.00 -53.97 -55.03
 315.00 -70.10 -43.86
 316.00 -63.64 -39.23
 317.00 -51.42 -41.57
 318.00 -58.21 -62.80
 319.00 -66.73 -33.13
 320.00 -73.32 -37.22
 321.00 -61.09 -34.31
 322.00 -58.96 -42.67
 323.00 -63.70 -27.23
 324.00 -70.77 -38.77
 325.00 -37.57 -38.44
 326.00 -67.44 -49.36
 327.00 -65.74 -34.11
 328.00 -67.05 -43.86
 329.00 -56.82 -59.46
 330.00 -57.35 -46.95
 331.00 -60.76 -42.38
 332.00 -71.16 -45.38
 333.00 -38.81 -44.12
 334.00 -75.44 -47.70
 335.00 -95.35 -42.27
 336.00 -67.63 -24.87
 337.00 -61.72 -40.16
 338.00 -87.81 -14.87
 339.00 -59.04 -30.94
 340.00 -51.97 -57.07
 341.00 -63.08 -57.92
 342.00 -67.06 -40.01
 343.00 -79.70 -26.31
 344.00 -66.56 -43.60
 345.00 -52.35 -34.04
 346.00 -80.23 -31.33
 347.00 -73.89 -51.72
 348.00 -61.18 -41.04
 349.00 -148.56 150.71
 350.00 -54.42 -67.97
 351.00 -95.97 -44.28
 352.00 -69.75 -48.31
 353.00 -110.31 146.43
 354.00 -45.57 115.13
 355.00 -76.13 -36.09
 356.00 -69.24 -37.08
 357.00 -66.50 -43.53
 358.00 -60.14 -30.23
 359.00 -67.72 -47.22
 360.00 -59.59 -33.06
 361.00 -53.52 -49.00
 362.00 -66.92 -37.06
 363.00 -114.21  -8.26
 364.00 -65.11 -40.70
 365.00 -66.41 -31.14
 366.00 -79.60 -33.81
 367.00 -73.33 -23.15
 368.00 -75.15 -28.64
 369.00 -63.56 -54.72
 370.00 -53.37 -17.76
 371.00 -60.12 -31.49
 372.00 -71.81 -21.98
 373.00 -99.52 -22.86
 374.00 -74.03 -20.07
 375.00 -78.58 -22.55
 376.00 -45.47 -43.94
 377.00 -72.93 -33.52
 378.00 -61.33 -39.00
 379.00 -55.44 -58.51
 380.00 -59.46 -38.83
 381.00 -77.50 -53.12
 382.00 -104.77 -36.05
 383.00 -116.15 -14.15
 384.00 -63.26 116.33
 385.00 -71.80 -38.58
 386.00 -59.99 -46.22
 387.00 -55.21 -48.97
 388.00 -58.69 -52.86
 389.00 -70.39 -38.80
 390.00 -63.64 -44.60
 391.00 -77.59 -24.81
 392.00 -75.00 -15.19
 393.00 -59.04 -63.43
 394.00 -58.92 -34.31
 395.00 -85.59 -28.42
 396.00  45.85  14.36
 397.00 -76.83  25.93
 398.00 -147.45 165.41


