 residuo Phi Psi
  69.00 -65.89 110.61
  70.00 -147.49 154.20
  71.00 -63.10 -28.47
  72.00 -70.19 -46.62
  73.00 -64.25 -36.43
  74.00 -68.55 -39.51
  75.00 -73.47 -38.89
  76.00 -61.53 -31.07
  77.00 -60.89 -47.38
  78.00 -53.96 -46.32
  79.00 -52.55 -52.36
  80.00 -102.73 -16.73
  81.00 -63.85 -18.77
  82.00 -50.14 -31.90
  83.00 -67.37 -25.51
  84.00 -62.79 -49.89
  85.00 -52.07 -50.05
  86.00 -80.57 -45.80
  87.00 -51.54 -28.52
  88.00 -63.28 -52.96
  89.00 -72.23 -59.99
  90.00 -72.72 -30.61
  91.00 -75.56 -33.72
  92.00 -72.96 -20.76
  93.00 -64.14 -23.82
  94.00 -62.71 -36.48
  95.00 -61.29 -51.15
  96.00 -68.59 -46.25
  97.00 -65.41 -27.87
  98.00 -69.18 -59.76
  99.00 -56.98 -32.84
 100.00 -140.94 -19.90
 101.00 -75.69 -30.99
 102.00 -61.89 123.58
 103.00 -76.85 -36.36
 104.00 -92.93  -3.96
 105.00 -72.74   1.63
 106.00 -151.76  69.31
 107.00 -54.69 148.63
 108.00 -68.39 -47.10
 109.00 -67.81 -32.33
 110.00 -66.19 -21.77
 111.00 -61.24 -43.12
 112.00 -77.88 -34.21
 113.00 -62.55 -45.12
 114.00 -69.34 -26.38
 115.00 -53.32 -47.74
 116.00 -56.82 -34.67
 117.00 -74.05 -47.82
 118.00 -65.34 -23.66
 119.00 -73.45 -39.18
 120.00 -56.13 -38.26
 121.00 -59.11 -58.60
 122.00 -59.74 -43.16
 123.00 -59.78 -56.00
 124.00 -97.75 -21.15
 125.00 -103.93 -36.81
 126.00 -93.94 -36.92
 127.00 -64.30 -53.12
 128.00 -51.98 -39.87
 129.00 -65.07 -41.62
 130.00 -53.45 -45.10
 131.00 -62.43 -48.99
 132.00 -57.11 -45.21
 133.00 -63.39 -30.84
 134.00 -62.90 -25.09
 135.00 -73.66 -45.89
 136.00 -70.09 -36.83
 137.00  68.35  11.60
 138.00  58.51  34.70
 139.00 -68.57   0.99
 140.00 -72.82 161.30
 141.00 -77.41 127.14
 142.00 -80.39 -35.64
 143.00 -52.83 173.18
 144.00 -47.52 131.14
 145.00 -57.85 -44.76
 146.00 -83.95 -24.23
 147.00 -59.00 -12.15
 148.00 -70.65 -49.54
 149.00 -88.36 -23.79
 150.00 -64.26 -27.22
 151.00 -67.48 -38.13
 152.00 -76.64 -30.62
 153.00 -77.27 -30.24
 154.00 -58.86 -44.42
 155.00 -68.05 -36.26
 156.00 -55.77 -52.55
 157.00 -72.49 -54.38
 158.00 -69.76 -37.91
 159.00 -66.81 -32.09
 160.00 -62.13 -41.80
 161.00 -74.64 -37.54
 162.00 -67.15 -46.53
 163.00 -75.28 -34.41
 164.00 -69.45 -30.43
 165.00 -68.06 -40.24
 166.00 -53.92 -47.24
 167.00 -55.46 -51.33
 168.00 -56.22 -58.49
 169.00 -42.45 -44.28
 170.00 -71.75 -50.85
 171.00 -58.99 -43.53
 172.00 -75.46 -42.57
 173.00 -67.57 -28.07
 174.00 -73.90 -30.52
 175.00 -59.57 -37.06
 176.00 -70.54 -40.63
 177.00 -85.45 -14.75
 178.00 -76.96 -17.76
 179.00 -72.24 138.46
 180.00 -114.06 -18.24
 181.00 -70.17  22.42
 182.00 -89.86 -10.40
 183.00 -39.37  -5.54
 184.00 -62.44 143.30
 185.00 -78.19 -42.77
 186.00 -143.93 131.47
 187.00 -81.93 147.31
 188.00 -62.93 127.89
 189.00 -69.27 -38.40
 190.00 -57.14 -43.24
 191.00 -58.52 -49.78
 192.00 -57.10 -58.44
 193.00 -58.65 -52.28
 194.00 -62.21 -40.18
 195.00 -56.66 -49.78
 196.00 -58.37 -47.70
 197.00 -59.05 -49.74
 198.00 -65.52 -35.56
 199.00 -53.86 -48.17
 200.00 -59.63 -45.66
 201.00 -62.63 -34.90
 202.00 -74.92 -42.00
 203.00 -69.92 -29.29
 204.00 -61.41 -39.13
 205.00 -77.73 -38.65
 206.00 -85.71 -35.26
 207.00 -49.03 -35.29
 208.00 -64.36 -21.42
 209.00 -65.46 -29.23
 210.00 -76.51 -42.59
 211.00 -85.94 -12.21
 212.00 -53.30 -64.09
 213.00 -92.68 -33.43
 214.00 -86.45 -11.23
 215.00 -62.98 -40.25
 216.00 -103.65 -64.70
 217.00 -60.55 114.98
 218.00 -75.65 -30.55
 219.00 -92.95  -2.52
 220.00 -142.39 -17.51
 221.00 -108.17 -10.36
 222.00 -165.19 152.24
 223.00  53.91 122.61
 224.00  83.70  34.25
 225.00 -91.74  -7.41
 226.00 -87.91 139.33
 227.00 -157.77 108.30
 228.00 -61.35 136.88
 229.00 -125.94 119.25
 230.00 -67.40 -21.82
 231.00 -60.21 131.81
 232.00 -53.89 -49.67
 233.00 -70.35 -25.45
 234.00 -78.30 -49.11
 235.00 -83.21 -43.99
 236.00 -104.57 -36.46
 237.00 -75.42 -45.16
 238.00 -68.76 -24.28
 239.00 -64.47 -37.50
 240.00 -69.47 -45.71
 241.00 -77.63 -33.81
 242.00 -149.87  -6.59
 243.00 -61.11 -70.37
 244.00 -70.65 -35.02
 245.00 -62.53 -57.72
 246.00 -55.57 -35.60
 247.00 -64.97 -41.26
 248.00 -82.77 -25.77
 249.00 -50.95 -41.33
 250.00 -67.55 -64.19
 251.00 -76.92 -27.51
 252.00 -49.75 -56.85
 253.00 -62.65 -34.52
 254.00 -58.64 -50.40
 255.00 -73.97 -34.42
 256.00 -77.59 -19.26
 257.00 -61.39 -50.20
 258.00 -68.58 -39.84
 259.00 -66.82 -39.04
 260.00 -66.86 -36.00
 261.00 -72.87 -26.37
 262.00 -78.01 -21.50
 263.00 -66.57 -34.42
 264.00 -62.43 -30.26
 1001.00 -61.22 -53.94
 1002.00 -71.68 -22.32
 1003.00 -77.57 -31.34
 1004.00 -65.80 -25.36
 1005.00 -76.04 -40.34
 1006.00 -54.30 -33.01
 1007.00 -77.98 -40.16
 1008.00 -55.32 -33.87
 1009.00 -74.10 -38.27
 1010.00 -42.00 -62.59
 1011.00 -56.00 -43.16
 1012.00 -102.53 -29.17
 1013.00 -69.53 -18.83
 1014.00 -67.76 -34.76
 1015.00 -66.81 -28.70
 1016.00 -61.18 -53.47
 1017.00 -49.50 -43.41
 1018.00 -106.74 -31.73
 1019.00 -65.99 -14.99
 1020.00 -121.13 157.65
 1021.00 -157.19  12.69
 1022.00 -71.79 153.34
 1023.00 -63.97 -32.56
 1024.00 -70.87 -29.15
 1025.00 -52.59 -55.17
 1026.00 -61.46 -39.24
 1027.00 -67.56 -41.27
 1028.00 -56.99 -41.85
 1029.00 -70.79 -46.06
 1030.00 -68.93 -29.49
 1031.00 -56.53 -41.99
 1032.00 -60.11 -42.46
 1033.00 -66.87 -29.97
 1034.00 -64.15 -49.66
 1035.00 -69.28 -43.22
 1036.00 -68.86 -38.34
 1037.00 -64.48 -35.51
 1038.00 -59.76 -46.15
 1039.00 -71.56 -27.80
 1040.00 -74.64 -49.32
 1041.00  51.68 -25.92
 1042.00 109.70  42.10
 1043.00 -60.92 -11.56
 1044.00  60.85 -15.64
 1066.00 -70.86 132.91
 1067.00 -63.93   0.07
 1068.00 -69.97 -32.63
 1069.00 -63.94 -27.16
 1070.00 -75.50 -36.69
 1071.00 -63.39 -31.81
 1072.00 -57.08 -38.23
 1073.00 -68.47 -45.90
 1074.00 -60.71 -37.32
 1075.00 -74.74 -35.96
 1076.00 -68.34 -33.76
 1077.00 -76.08 -24.96
 1078.00 -66.06 -43.28
 1079.00 -51.06 -37.29
 1080.00 -85.44 -30.09
 1081.00  55.12  10.01
 1082.00 -79.06  19.57
 1083.00 -76.43  71.83
 1084.00 -72.91 -40.09
 1085.00 -49.84 -42.13
 1086.00 -60.11 -55.69
 1087.00 -76.04 -34.34
 1088.00 -72.48 -26.78
 1089.00 -66.70 -43.77
 1090.00 -51.53 -42.32
 1091.00 -58.47 -54.49
 1092.00 -63.66 -40.02
 1093.00 -87.67 -11.61
 1094.00 -66.10 -12.30
 1095.00 -60.64 -51.32
 1096.00 -63.80 -45.87
 1097.00 -54.48 -44.96
 1098.00 -54.62 -50.21
 1099.00 -64.20 -55.03
 1100.00 -68.47 -22.76
 1101.00 -57.71 -51.40
 1102.00 -55.01 -35.42
 1103.00 -52.92 -60.98
 1104.00 -75.42 -37.50
 1105.00 -46.48 -38.16
 313.00 -73.60 -40.23
 314.00 -62.10 -37.21
 315.00 -66.73 -47.69
 316.00 -72.04 -30.86
 317.00 -63.00 -40.48
 318.00 -66.84 -37.81
 319.00 -56.63 -39.86
 320.00 -52.36 -63.75
 321.00 -66.25 -34.07
 322.00 -67.28 -39.01
 323.00 -68.32 -32.88
 324.00 -68.97 -36.06
 325.00 -67.71 -26.21
 326.00 -70.43 -25.86
 327.00 -60.07 -42.09
 328.00 -60.05 -40.46
 329.00 -67.42 -51.70
 330.00 -65.52 -37.97
 331.00 -67.14 -45.16
 332.00 -81.71 -18.46
 333.00 -64.66 -65.38
 334.00 -78.43 -35.67
 335.00 -101.94 -10.15
 336.00 -46.98 -37.77
 337.00 -45.93 -43.45
 338.00 -62.87 -49.07
 339.00 -67.59 -51.77
 340.00 -50.80 -45.49
 341.00 -75.47 -48.85
 342.00 -71.48 -31.01
 343.00 -59.48 -35.48
 344.00 -47.09 -49.84
 345.00 -47.68 -52.28
 346.00 -97.32 -31.47
 347.00 -69.80 -23.89
 348.00 -69.16 -45.49
 349.00 -163.60 169.37
 350.00 -84.82 -42.41
 351.00 -116.30 -36.81
 352.00 -74.83 -20.89
 353.00 -134.83 166.90
 354.00 -68.44 132.52
 355.00 -73.67 -26.28
 356.00 -72.41 -31.24
 357.00 -57.02 -40.78
 358.00 -61.04 -49.86
 359.00 -70.39 -28.14
 360.00 -53.42 -53.33
 361.00 -63.41 -53.55
 362.00 -66.70 -26.82
 363.00 -64.47 -45.71
 364.00 -78.93 -46.36
 365.00 -68.15 -36.93
 366.00 -87.96 -27.57
 367.00 -79.46 -21.11
 368.00 -56.24 -25.01
 369.00 -64.84 -54.94
 370.00 -67.75 -35.24
 371.00 -70.98 -17.63
 372.00 -73.60 -21.28
 373.00 -126.08  10.96
 374.00 -141.46  54.52
 375.00 -74.34 -26.03
 376.00 -68.54 -20.94
 377.00 -77.24 -33.24
 378.00 -42.69 -43.47
 379.00 -58.21 -60.47
 380.00 -64.16 -36.17
 381.00 -73.47 -47.28
 382.00 -123.28 -35.22
 383.00 -130.83   3.86
 384.00 -58.27 116.65
 385.00 -72.70 -37.49
 386.00 -62.91 -40.35
 387.00 -55.27 -54.18
 388.00 -70.79 -31.90
 389.00 -50.64 -55.25
 390.00 -58.95 -50.55
 391.00 -71.39 -30.04
 392.00 -64.02 -30.36
 393.00 -64.97 -46.12
 394.00 -63.63 -50.14
 395.00 -107.11  -7.79
 396.00  71.57   3.81
 397.00 -77.08   1.28
 398.00 -57.24  51.29


