 residuo Phi Psi
  69.00 -75.72 137.83
  70.00 -54.90  39.75
  71.00 -69.95 -30.61
  72.00 -82.42 -39.35
  73.00 -62.07 -29.61
  74.00 -65.78 -34.90
  75.00 -49.44 -41.08
  76.00 -56.44 -53.48
  77.00 -68.04 -47.56
  78.00 -70.97 -33.44
  79.00 -70.83 -36.77
  80.00 -82.88 -23.36
  81.00 -50.81 -27.96
  82.00 -66.67 -46.02
  83.00 -68.51 -33.31
  84.00 -62.31 -31.86
  85.00 -50.04 -55.54
  86.00 -74.00 -48.64
  87.00 -56.39 -30.19
  88.00 -65.02 -48.67
  89.00 -63.08 -39.10
  90.00 -65.72 -41.97
  91.00 -58.71 -45.86
  92.00 -70.54 -37.97
  93.00 -61.11 -35.07
  94.00 -75.82 -33.30
  95.00 -56.46 -48.13
  96.00 -57.39 -40.38
  97.00 -62.77 -51.20
  98.00 -67.55 -56.17
  99.00 -64.69 -32.42
 100.00 -102.69 -41.64
 101.00 -79.22 -30.30
 102.00 -44.39 103.28
 103.00 -68.25 -40.20
 104.00 -104.42 -19.84
 105.00 -77.26   8.28
 106.00 -138.56  86.97
 107.00 -52.90 157.77
 108.00 -81.01 -24.53
 109.00 -67.61 -34.31
 110.00 -61.75 -34.93
 111.00 -73.18 -23.74
 112.00 -63.76 -51.06
 113.00 -57.41 -32.63
 114.00 -70.94 -36.94
 115.00 -56.31 -40.27
 116.00 -68.19 -41.08
 117.00 -63.43 -44.74
 118.00 -64.44 -38.09
 119.00 -103.95 -20.45
 120.00 -60.77 -25.20
 121.00 -65.76 -48.95
 122.00 -63.51 -34.28
 123.00 -59.33 -48.65
 124.00 -79.29 -25.64
 125.00 -123.89 -35.04
 126.00 -144.53   9.18
 127.00 -55.32 -60.67
 128.00 -65.00 -39.14
 129.00 -78.91 -40.33
 130.00 -61.75 -35.03
 131.00 -58.66 -39.18
 132.00 -68.80 -39.38
 133.00 -70.48 -29.27
 134.00 -67.80 -40.76
 135.00 -76.03 -25.45
 136.00 -62.45 -46.63
 137.00  77.39  -0.80
 138.00  66.44  53.41
 139.00 -118.04  19.98
 140.00 -61.39 139.46
 141.00 -102.18 130.68
 142.00 -86.97 -22.38
 143.00 -53.89 169.20
 144.00 -64.85 157.38
 145.00 -58.78 -59.91
 146.00 -76.79 -11.82
 147.00 -67.64 -14.15
 148.00 -43.25 -38.73
 149.00 -78.74 -47.14
 150.00 -49.64 -56.49
 151.00 -68.99 -39.94
 152.00 -66.07 -38.97
 153.00 -49.81 -44.67
 154.00 -57.87 -57.25
 155.00 -76.45 -35.50
 156.00 -55.27 -50.51
 157.00 -66.77 -52.87
 158.00 -55.92 -39.35
 159.00 -62.95 -49.40
 160.00 -61.20 -54.20
 161.00 -59.32 -35.42
 162.00 -55.61 -67.37
 163.00 -64.93 -36.75
 164.00 -64.00 -34.28
 165.00 -63.00 -38.81
 166.00 -64.65 -36.08
 167.00 -60.34 -52.44
 168.00 -70.81 -41.68
 169.00 -73.45 -23.33
 170.00 -53.07 -55.45
 171.00 -68.87 -39.24
 172.00 -65.90 -47.91
 173.00 -66.06 -37.57
 174.00 -69.62 -39.02
 175.00 -65.92 -36.34
 176.00 -72.08 -42.39
 177.00 -79.02  -5.22
 178.00 -88.78 -11.04
 179.00 -70.05 135.55
 180.00 -116.45  -2.77
 181.00 -83.91  23.60
 182.00 -114.55   8.62
 183.00 -56.20   3.24
 184.00 -70.73 162.24
 185.00 -105.43 -37.96
 186.00 -145.46 151.99
 187.00 -64.02 149.63
 188.00 -78.11 123.57
 189.00 -52.69 -40.46
 190.00 -84.40 -45.45
 191.00 -71.97 -23.68
 192.00 -63.16 -39.69
 193.00 -60.73 -37.59
 194.00 -61.69 -43.73
 195.00 -64.59 -44.89
 196.00 -55.95 -39.18
 197.00 -71.72 -42.78
 198.00 -58.08 -46.12
 199.00 -59.78 -40.52
 200.00 -56.28 -45.99
 201.00 -62.22 -49.32
 202.00 -76.26 -31.06
 203.00 -59.94 -39.31
 204.00 -63.31 -43.03
 205.00 -64.68 -41.45
 206.00 -118.36 -15.20
 207.00 -53.84 -33.93
 208.00 -82.81 -21.71
 209.00 -66.20 -16.39
 210.00 -67.10 -49.12
 211.00 -64.43 -34.25
 212.00 -70.95 -38.36
 213.00 -58.99 -40.13
 214.00 -71.70 -37.53
 215.00 -53.49 -21.55
 216.00 -164.50 -57.43
 217.00 -66.41 146.06
 218.00 -68.37 -19.42
 219.00 -83.47  -5.70
 220.00 -135.47 -25.15
 221.00 -111.43   1.92
 222.00 -158.61 145.50
 223.00  46.49 122.86
 224.00  68.06  54.65
 225.00 -92.81  -1.43
 226.00 -80.64 150.98
 227.00 -158.41 112.38
 228.00 -76.34 154.58
 229.00 -76.92  88.61
 230.00 -76.49 -40.61
 231.00 -53.47 126.33
 232.00 -64.11 -32.38
 233.00 -65.20 -24.59
 234.00 -84.55 -61.90
 235.00 -74.35 -45.80
 236.00 -119.22 -24.23
 237.00 -81.37 -47.09
 238.00 -66.10 -17.31
 239.00 -67.60 -25.59
 240.00 -69.11 -47.46
 241.00 -69.00 -36.29
 242.00 -152.93 -21.54
 243.00 -76.97 -43.86
 244.00 -65.63 -34.68
 245.00 -62.84 -51.33
 246.00 -47.54 -47.27
 247.00 -48.10 -50.33
 248.00 -79.97 -43.79
 249.00 -52.23 -45.07
 250.00 -72.96 -55.02
 251.00 -71.13 -31.70
 252.00 -61.84 -48.49
 253.00 -63.85 -34.60
 254.00 -63.48 -45.28
 255.00 -60.15 -47.58
 256.00 -72.56 -29.29
 257.00 -58.16 -63.58
 258.00 -65.39 -34.17
 259.00 -80.50 -32.00
 260.00 -85.65 -22.86
 261.00 -60.42 -31.70
 262.00 -72.52 -36.25
 263.00 -62.82 -41.07
 264.00 -77.17 -34.64
 1001.00 -59.31 -49.03
 1002.00 -56.59 -33.06
 1003.00 -81.61 -38.10
 1004.00 -70.30 -25.80
 1005.00 -65.66 -37.50
 1006.00 -69.00 -40.27
 1007.00 -62.15 -41.52
 1008.00 -49.46 -50.48
 1009.00 -71.11 -34.47
 1010.00 -51.03 -58.62
 1011.00 -52.68 -41.32
 1012.00 -72.01 -47.54
 1013.00 -56.19 -34.47
 1014.00 -72.50 -48.33
 1015.00 -61.87 -26.46
 1016.00 -54.08 -51.05
 1017.00 -69.79 -41.97
 1018.00 -120.24 -15.65
 1019.00 -71.02 -19.22
 1020.00 -157.62 165.40
 1021.00 -69.67 -31.62
 1022.00 -53.46 125.22
 1023.00 -52.78 -33.77
 1024.00 -53.40 -53.18
 1025.00 -70.98 -41.75
 1026.00 -75.05 -40.86
 1027.00 -76.55 -29.48
 1028.00 -75.09 -42.20
 1029.00 -61.88 -32.56
 1030.00 -71.16 -31.00
 1031.00 -68.28 -34.56
 1032.00 -66.60 -33.33
 1033.00 -55.58 -38.16
 1034.00 -62.95 -67.16
 1035.00 -76.30 -28.10
 1036.00 -68.41 -35.19
 1037.00 -72.68 -28.88
 1038.00 -71.56 -28.54
 1039.00 -60.17 -39.21
 1040.00 -82.07 -39.61
 1041.00  56.94 -31.79
 1042.00  75.89  57.92
 1043.00 -61.12  16.52
 1044.00  50.83 -26.41
 1066.00 -48.90 147.07
 1067.00 -62.71 -10.71
 1068.00 -64.25 -38.44
 1069.00 -57.30 -43.58
 1070.00 -77.67 -40.33
 1071.00 -80.90 -15.25
 1072.00 -45.56 -49.29
 1073.00 -62.93 -38.66
 1074.00 -67.60 -52.16
 1075.00 -71.07 -20.06
 1076.00 -56.72 -33.43
 1077.00 -60.21 -50.35
 1078.00 -62.94 -45.05
 1079.00 -59.90 -36.94
 1080.00 -86.81 -25.02
 1081.00  65.45  -3.31
 1082.00 -73.44   7.17
 1083.00 -78.52  52.40
 1084.00 -67.60 -28.96
 1085.00 -55.56 -42.07
 1086.00 -65.11 -32.11
 1087.00 -75.44 -35.38
 1088.00 -68.14 -31.54
 1089.00 -72.73 -29.58
 1090.00 -64.11 -33.56
 1091.00 -59.44 -28.02
 1092.00 -69.71 -43.12
 1093.00 -62.21 -46.24
 1094.00 -41.91 -37.99
 1095.00 -61.49 -66.02
 1096.00 -59.80 -42.15
 1097.00 -60.20 -42.22
 1098.00 -71.56 -44.67
 1099.00 -68.75 -31.37
 1100.00 -74.67 -35.58
 1101.00 -67.65 -36.86
 1102.00 -68.57 -25.77
 1103.00 -58.92 -47.68
 1104.00 -71.33 -43.19
 1105.00 -63.92 -47.12
 313.00 -64.91 -50.77
 314.00 -91.11 -21.55
 315.00 -56.78 -29.28
 316.00 -75.39 -35.77
 317.00 -55.02 -38.67
 318.00 -61.83 -40.30
 319.00 -47.35 -55.35
 320.00 -64.53 -52.11
 321.00 -79.22 -34.48
 322.00 -64.87 -35.11
 323.00 -67.21 -33.53
 324.00 -46.28 -51.59
 325.00 -72.79 -41.76
 326.00 -61.58 -36.56
 327.00 -60.25 -49.87
 328.00 -70.90 -32.58
 329.00 -67.95 -44.26
 330.00 -50.62 -51.12
 331.00 -61.30 -35.46
 332.00 -56.03 -64.36
 333.00 -74.83 -42.98
 334.00 -81.51 -29.94
 335.00 -91.76 -24.92
 336.00 -57.72 -23.56
 337.00 -65.12 -43.03
 338.00 -73.22 -29.87
 339.00 -67.46 -42.47
 340.00 -55.89 -50.08
 341.00 -77.12 -37.61
 342.00 -61.25 -34.45
 343.00 -65.81 -40.84
 344.00 -80.17 -34.79
 345.00 -63.78 -38.61
 346.00 -74.06 -28.45
 347.00 -61.29 -47.19
 348.00 -72.76 -49.47
 349.00 -149.48 158.36
 350.00 -66.03 -96.23
 351.00 -82.31 -16.64
 352.00 -125.63  -9.94
 353.00 -107.55 141.73
 354.00 -56.56 108.87
 355.00 -62.79 -29.80
 356.00 -88.35 -27.55
 357.00 -57.49 -49.38
 358.00 -70.00 -52.07
 359.00 -72.70 -32.31
 360.00 -69.28 -26.94
 361.00 -53.44 -54.37
 362.00 -69.63 -42.96
 363.00 -109.47   1.43
 364.00 -64.63 -40.09
 365.00 -78.66 -25.99
 366.00 -74.88 -35.06
 367.00 -78.92 -26.41
 368.00 -56.11 -34.47
 369.00 -52.13 -53.52
 370.00 -78.20 -19.87
 371.00 -72.21 -27.87
 372.00 -79.96 -20.43
 373.00 -98.51 -16.70
 374.00 -78.87 -14.31
 375.00 -48.73 -39.90
 376.00 -60.56 -47.76
 377.00 -66.91 -32.45
 378.00 -59.89 -46.10
 379.00 -57.87 -45.18
 380.00 -57.79 -51.72
 381.00 -93.35 -24.02
 382.00 -119.33 -23.26
 383.00 -140.93 -17.49
 384.00 -58.49 106.24
 385.00 -78.93 -26.97
 386.00 -67.14 -38.02
 387.00 -68.71 -39.31
 388.00 -67.94 -40.61
 389.00 -54.22 -39.14
 390.00 -55.48 -50.76
 391.00 -52.55 -51.30
 392.00 -57.33 -47.08
 393.00 -61.32 -54.81
 394.00 -75.14 -41.24
 395.00 -101.46 -18.10
 396.00  47.57   8.95
 397.00 -83.37  28.49
 398.00 -55.97  47.06


