 residuo Phi Psi
  69.00 -64.95 127.88
  70.00 -155.01 146.46
  71.00 -69.24 -30.17
  72.00 -61.68 -32.74
  73.00 -61.42 -54.52
  74.00 -65.01 -33.54
  75.00 -60.69 -54.39
  76.00 -62.41 -35.67
  77.00 -63.70 -40.09
  78.00 -63.41 -48.42
  79.00 -65.73 -29.53
  80.00 -69.44 -41.90
  81.00 -52.24 -33.17
  82.00 -71.07 -26.95
  83.00 -64.79 -23.48
  84.00 -75.64 -24.32
  85.00 -59.90 -45.03
  86.00 -64.29 -59.87
  87.00 -75.85 -26.69
  88.00 -62.22 -61.27
  89.00 -74.83 -54.80
  90.00 -73.51 -22.44
  91.00 -74.78 -46.37
  92.00 -54.17 -25.84
  93.00 -58.48 -44.97
  94.00 -61.28 -44.53
  95.00 -64.78 -44.41
  96.00 -51.06 -48.79
  97.00 -57.86 -53.79
  98.00 -71.48 -51.92
  99.00 -68.73 -30.44
 100.00 -106.65 -37.08
 101.00 -73.90 -35.64
 102.00 -67.63 129.77
 103.00 -55.81 -42.78
 104.00 -101.59 -13.16
 105.00 -76.50   8.55
 106.00 -136.98  61.75
 107.00 -57.66 153.92
 108.00 -59.47 -46.19
 109.00 -62.00 -36.92
 110.00 -75.52 -23.87
 111.00 -51.87 -38.10
 112.00 -62.57 -56.92
 113.00 -69.76 -36.59
 114.00 -66.12 -35.37
 115.00 -55.64 -29.88
 116.00 -66.32 -45.00
 117.00 -69.55 -35.14
 118.00 -64.65 -28.21
 119.00 -81.45 -39.07
 120.00 -56.57 -52.54
 121.00 -71.51 -41.40
 122.00 -62.49 -31.56
 123.00 -54.44 -41.44
 124.00 -88.60 -41.51
 125.00 -142.02 -14.57
 126.00 -108.02 -23.92
 127.00 -67.61 -47.18
 128.00 -72.03 -30.89
 129.00 -85.62 -29.65
 130.00 -76.82 -24.21
 131.00 -71.99 -33.01
 132.00 -70.26 -40.20
 133.00 -42.68 -34.09
 134.00 -66.75 -39.25
 135.00 -52.40 -62.09
 136.00 -73.16 -40.40
 137.00  94.04  -7.36
 138.00  49.90  54.40
 139.00 -148.25  44.23
 140.00 -67.23 163.40
 141.00 -72.99 123.78
 142.00 -106.03 -11.63
 143.00 -50.23 168.28
 144.00 -66.91 146.17
 145.00 -56.98 -32.89
 146.00 -101.91 -12.07
 147.00 -80.63   1.17
 148.00 -56.71 -60.83
 149.00 -64.67 -44.14
 150.00 -111.11  -7.78
 151.00 -61.62 -30.59
 152.00 -40.68 -37.75
 153.00 -81.32 -42.65
 154.00 -60.45 -37.81
 155.00 -70.48 -42.06
 156.00 -48.71 -54.19
 157.00 -71.05 -53.70
 158.00 -69.29 -29.62
 159.00 -65.23 -42.55
 160.00 -45.51 -49.46
 161.00 -65.70 -46.21
 162.00 -64.13 -49.94
 163.00 -54.91 -52.52
 164.00 -62.82 -28.73
 165.00 -58.26 -52.77
 166.00 -58.15 -45.95
 167.00 -62.02 -50.33
 168.00 -85.77 -31.41
 169.00 -53.90 -32.87
 170.00 -61.64 -50.48
 171.00 -66.12 -53.28
 172.00 -83.70 -20.57
 173.00 -60.54 -34.04
 174.00 -91.20 -24.82
 175.00 -63.56 -36.50
 176.00 -62.28 -33.17
 177.00 -85.71 -15.54
 178.00 -74.60  -5.93
 179.00 -49.42 136.13
 180.00 -131.40 -30.43
 181.00 -63.47  32.75
 182.00 -60.93 -17.95
 183.00 -59.70  -0.14
 184.00 -61.04 140.29
 185.00 -87.19 -28.24
 186.00 -133.52 120.61
 187.00 -95.35 155.33
 188.00 -71.75 132.33
 189.00 -44.76 -47.84
 190.00 -69.81 -50.96
 191.00 -81.73 -25.81
 192.00 -47.51 -46.79
 193.00 -62.80 -47.75
 194.00 -65.63 -47.68
 195.00 -58.00 -35.51
 196.00 -55.13 -44.40
 197.00 -69.11 -40.62
 198.00 -73.00 -37.16
 199.00 -68.20 -31.96
 200.00 -59.27 -43.31
 201.00 -53.26 -45.11
 202.00 -68.02 -52.69
 203.00 -61.75 -30.86
 204.00 -60.74 -51.19
 205.00 -60.37 -31.59
 206.00 -91.38 -47.87
 207.00 -58.92 -13.08
 208.00 -58.90 -33.34
 209.00 -58.77 -25.11
 210.00 -72.08 -62.39
 211.00 -47.02 -36.32
 212.00 -100.16 -40.77
 213.00 -60.76 -38.51
 214.00 -75.09 -33.50
 215.00 -106.27  -6.77
 216.00 -154.99  -4.90
 217.00 -66.56 107.06
 218.00 -74.75 -27.36
 219.00 -80.99  -2.98
 220.00 -143.85 -11.64
 221.00 -138.43   9.02
 222.00 -141.09 139.03
 223.00  48.12 124.58
 224.00  94.59  10.53
 225.00 -69.45   0.95
 226.00 -82.51 136.41
 227.00 -142.51 102.77
 228.00 -61.44 155.85
 229.00 -125.07 122.76
 230.00 -72.73 -29.53
 231.00 -67.85 125.52
 232.00 -53.78 -25.71
 233.00 -90.82 -33.60
 234.00 -63.94 -50.30
 235.00 -127.40 -35.61
 236.00 -96.64 -25.61
 237.00 -58.78 -55.39
 238.00 -51.56 -27.32
 239.00 -65.50 -36.34
 240.00 -79.73 -40.20
 241.00 -78.68 -20.71
 242.00 -131.99 -33.38
 243.00 -66.62 -63.01
 244.00 -60.03 -37.76
 245.00 -64.34 -54.19
 246.00 -43.21 -46.32
 247.00 -68.49 -38.05
 248.00 -61.36 -46.82
 249.00 -75.73 -40.42
 250.00 -62.11 -45.17
 251.00 -74.08 -46.58
 252.00 -68.08 -34.20
 253.00 -76.71 -27.62
 254.00 -69.68 -31.01
 255.00 -59.86 -58.43
 256.00 -54.73 -33.32
 257.00 -65.92 -67.51
 258.00 -66.85 -22.82
 259.00 -58.19 -43.26
 260.00 -68.35 -44.48
 261.00 -56.93 -41.64
 262.00 -46.18 -50.52
 263.00 -58.49 -48.63
 264.00 -75.48 -34.97
 1001.00 -57.77 -39.10
 1002.00 -44.55 -31.55
 1003.00 -78.59 -43.50
 1004.00 -79.11 -37.81
 1005.00 -68.88 -27.47
 1006.00 -59.72 -45.93
 1007.00 -68.90 -32.84
 1008.00 -60.35 -40.47
 1009.00 -68.46 -33.21
 1010.00 -67.71 -43.89
 1011.00 -62.26 -36.45
 1012.00 -88.06 -37.59
 1013.00 -74.50 -27.22
 1014.00 -66.87 -35.73
 1015.00 -76.10 -18.03
 1016.00 -55.26 -55.03
 1017.00 -59.25 -36.75
 1018.00 -108.94 -29.74
 1019.00 -59.89 -19.20
 1020.00 -143.22 165.27
 1021.00 -136.44  -2.14
 1022.00 -68.08 146.75
 1023.00 -66.82 -27.76
 1024.00 -76.03 -40.35
 1025.00 -60.42 -32.92
 1026.00 -64.85 -50.84
 1027.00 -70.93 -43.40
 1028.00 -65.56 -35.85
 1029.00 -72.29 -44.17
 1030.00 -70.70 -16.48
 1031.00 -68.30 -42.09
 1032.00 -52.25 -38.99
 1033.00 -65.04 -39.27
 1034.00 -62.49 -46.43
 1035.00 -60.70 -44.56
 1036.00 -54.36 -43.17
 1037.00 -79.37 -41.39
 1038.00 -87.29 -27.76
 1039.00 -64.44 -20.37
 1040.00 -100.79 -39.73
 1041.00  38.22 -21.17
 1042.00  93.45  38.09
 1043.00 -60.44  33.35
 1044.00  73.62 -17.94
 1066.00 -106.47 175.66
 1067.00 -64.34  12.70
 1068.00 -63.26 -37.63
 1069.00 -75.11 -36.09
 1070.00 -66.63 -28.56
 1071.00 -69.95 -49.78
 1072.00 -47.62 -36.72
 1073.00 -65.42 -33.90
 1074.00 -67.73 -42.57
 1075.00 -76.72 -29.17
 1076.00 -52.86 -43.28
 1077.00 -59.13 -43.56
 1078.00 -68.99 -41.75
 1079.00 -61.87 -34.75
 1080.00 -75.31 -33.30
 1081.00  81.23 -12.19
 1082.00 -86.04  12.29
 1083.00 -53.15  71.03
 1084.00 -69.66 -36.92
 1085.00 -72.09 -43.92
 1086.00 -65.09 -36.70
 1087.00 -60.28 -43.05
 1088.00 -62.99 -38.12
 1089.00 -65.14 -50.35
 1090.00 -61.92 -39.83
 1091.00 -63.75 -43.15
 1092.00 -58.67 -33.45
 1093.00 -98.39  -8.46
 1094.00 -64.47  -5.90
 1095.00 -68.56 -51.69
 1096.00 -63.99 -37.77
 1097.00 -53.74 -41.62
 1098.00 -73.36 -40.05
 1099.00 -65.19 -30.69
 1100.00 -51.45 -52.95
 1101.00 -67.95 -41.09
 1102.00 -75.76 -29.69
 1103.00 -63.39 -36.07
 1104.00 -83.71 -30.53
 1105.00 -50.69 -43.49
 313.00 -62.65 -41.07
 314.00 -76.22 -47.48
 315.00 -62.47 -29.00
 316.00 -75.26 -35.97
 317.00 -59.02 -36.66
 318.00 -70.66 -48.20
 319.00 -60.18 -42.39
 320.00 -50.55 -45.90
 321.00 -65.63 -44.58
 322.00 -71.25 -41.72
 323.00 -50.07 -45.05
 324.00 -61.31 -50.44
 325.00 -48.65 -37.48
 326.00 -69.12 -44.44
 327.00 -60.04 -31.30
 328.00 -77.21 -32.79
 329.00 -57.98 -44.98
 330.00 -74.78 -41.14
 331.00 -67.09 -33.05
 332.00 -60.30 -52.10
 333.00 -63.10 -50.99
 334.00 -67.64 -32.46
 335.00 -86.15 -34.59
 336.00 -64.23 -20.19
 337.00 -59.45 -37.68
 338.00 -68.27 -40.20
 339.00 -72.53 -42.15
 340.00 -73.70 -43.96
 341.00 -78.68 -25.36
 342.00 -68.89 -36.72
 343.00 -61.78 -35.41
 344.00 -74.86 -43.95
 345.00 -64.89 -24.17
 346.00 -83.64 -24.44
 347.00 -90.63 -21.81
 348.00 -85.87 -43.83
 349.00 -126.05 148.21
 350.00 -107.40 -38.49
 351.00 -65.52 -49.83
 352.00 -159.50  13.01
 353.00 -98.54 150.80
 354.00 -62.22 131.75
 355.00 -83.14 -26.50
 356.00 -75.20 -31.29
 357.00 -71.57 -45.33
 358.00 -45.41 -18.82
 359.00 -50.87 -75.25
 360.00 -61.36 -45.74
 361.00 -66.52 -46.34
 362.00 -58.56 -31.25
 363.00 -53.80 -46.69
 364.00 -69.32 -51.95
 365.00 -65.28 -35.51
 366.00 -85.05 -33.50
 367.00 -72.91 -17.14
 368.00 -55.91 -34.30
 369.00 -68.35 -51.52
 370.00 -81.99 -11.01
 371.00 -57.37 -24.29
 372.00 -59.47 -29.22
 373.00 -101.91 -25.63
 374.00 -90.24   8.06
 375.00 -60.82 -35.94
 376.00 -67.16 -35.80
 377.00 -81.16 -18.32
 378.00 -70.88 -34.41
 379.00 -57.65 -47.34
 380.00 -47.73 -44.21
 381.00 -72.34 -40.67
 382.00 -121.87 -34.75
 383.00 -151.30  -4.73
 384.00 -78.36 134.14
 385.00 -65.70 -37.86
 386.00 -59.85 -46.44
 387.00 -55.11 -59.76
 388.00 -74.57 -45.99
 389.00 -59.54 -23.13
 390.00 -66.48 -46.20
 391.00 -58.98 -41.93
 392.00 -80.04 -31.65
 393.00 -72.94 -41.75
 394.00 -77.07 -29.65
 395.00 -103.85  -9.06
 396.00  53.81  29.48
 397.00 -138.79  40.79
 398.00 -130.45 167.63


