 residuo Phi Psi
  69.00 -77.35 140.20
  70.00 -146.55 163.81
  71.00 -75.39 -19.76
  72.00 -61.07 -44.44
  73.00 -69.44 -40.19
  74.00 -66.51 -40.94
  75.00 -68.49 -36.08
  76.00 -46.48 -51.58
  77.00 -70.88 -40.71
  78.00 -71.32 -33.95
  79.00 -66.11 -34.45
  80.00 -62.65 -42.78
  81.00 -63.42 -29.27
  82.00 -74.25 -24.29
  83.00 -54.33 -30.85
  84.00 -60.83 -50.35
  85.00 -62.94 -56.13
  86.00 -66.87 -48.43
  87.00 -66.69 -26.67
  88.00 -71.14 -47.51
  89.00 -62.66 -51.83
  90.00 -68.15 -38.23
  91.00 -64.07 -44.32
  92.00 -62.25 -35.14
  93.00 -73.41 -38.26
  94.00 -58.09 -32.77
  95.00 -50.75 -52.32
  96.00 -55.39 -44.03
  97.00 -56.48 -58.85
  98.00 -73.76 -48.46
  99.00 -77.67 -12.09
 100.00 -97.72 -51.35
 101.00 -66.80 -40.18
 102.00 -57.88 121.99
 103.00 -53.72 -53.32
 104.00 -69.95 -40.29
 105.00 -73.30  -3.36
 106.00 -133.09  71.53
 107.00 -51.73 151.43
 108.00 -46.44 -50.57
 109.00 -58.16 -57.11
 110.00 -67.59 -31.47
 111.00 -74.69 -35.48
 112.00 -61.23 -37.14
 113.00 -65.67 -33.42
 114.00 -72.47 -42.16
 115.00 -69.02 -23.24
 116.00 -67.34 -34.50
 117.00 -68.73 -39.18
 118.00 -67.53 -32.72
 119.00 -63.46 -43.83
 120.00 -64.81 -34.07
 121.00 -74.83 -39.21
 122.00 -54.39 -38.99
 123.00 -65.13 -48.57
 124.00 -123.20 -11.90
 125.00 -117.46 -24.92
 126.00 -92.11 -34.03
 127.00 -75.36 -37.84
 128.00 -74.91 -39.25
 129.00 -90.56 -21.01
 130.00 -68.85 -29.71
 131.00 -69.14 -31.56
 132.00 -68.77 -41.01
 133.00 -57.00 -35.00
 134.00 -62.13 -35.20
 135.00 -68.59 -48.69
 136.00 -79.27 -27.78
 137.00 107.80  -7.50
 138.00  74.75  22.80
 139.00 -141.30  30.72
 140.00 -55.41 156.69
 141.00 -81.67 123.07
 142.00 -163.04  24.63
 143.00 -56.67 176.51
 144.00 -64.14 136.35
 145.00 -54.97 -35.26
 146.00 -90.29 -20.30
 147.00 -59.11 -21.06
 148.00 -68.41 -46.91
 149.00 -82.55 -27.18
 150.00 -113.06   3.46
 151.00 -52.71 -32.58
 152.00 -59.51 -35.27
 153.00 -75.62 -36.45
 154.00 -63.31 -39.74
 155.00 -58.20 -52.79
 156.00 -52.37 -57.85
 157.00 -50.60 -61.22
 158.00 -69.91 -42.14
 159.00 -60.51 -41.80
 160.00 -62.96 -47.89
 161.00 -76.69 -28.69
 162.00 -77.86 -36.76
 163.00 -62.51 -41.71
 164.00 -63.53 -31.01
 165.00 -54.69 -52.20
 166.00 -51.46 -49.14
 167.00 -59.55 -56.60
 168.00 -83.54 -29.12
 169.00 -67.93 -24.00
 170.00 -69.43 -43.99
 171.00 -76.14 -31.78
 172.00 -68.65 -42.68
 173.00 -78.04 -30.55
 174.00 -84.88 -30.36
 175.00 -66.56 -29.45
 176.00 -74.37 -33.02
 177.00 -84.02  -1.66
 178.00 -80.44 -13.86
 179.00 -64.59 136.17
 180.00 -108.12 -22.75
 181.00 -68.40  17.18
 182.00 -73.31 -10.72
 183.00 -67.62  -3.37
 184.00 -67.96 142.58
 185.00 -50.99 -31.56
 186.00 -164.30 135.50
 187.00 -92.84 142.42
 188.00 -58.18 118.54
 189.00 -59.11 -40.77
 190.00 -62.21 -48.94
 191.00 -72.84 -36.12
 192.00 -57.67 -42.77
 193.00 -54.11 -42.37
 194.00 -84.29 -43.94
 195.00 -59.70 -30.41
 196.00 -67.24 -47.22
 197.00 -49.27 -41.59
 198.00 -54.61 -49.58
 199.00 -59.14 -43.69
 200.00 -64.96 -45.39
 201.00 -50.47 -53.25
 202.00 -64.50 -43.17
 203.00 -67.87 -38.78
 204.00 -62.76 -30.95
 205.00 -89.62 -24.10
 206.00 -69.71 -44.67
 207.00 -53.49 -36.48
 208.00 -68.67 -26.17
 209.00 -52.81 -27.83
 210.00 -62.67 -66.97
 211.00 -79.82 -29.03
 212.00 -107.17 -43.82
 213.00 -118.01 -15.69
 214.00 -62.64 -10.89
 215.00 -101.92 -20.74
 216.00 -140.91  24.28
 217.00 -58.65 103.23
 218.00 -68.61 -29.16
 219.00 -98.16 -16.03
 220.00 -128.32 -13.85
 221.00 -130.74  -2.81
 222.00 -148.43 144.31
 223.00  53.87 117.64
 224.00  81.85  28.21
 225.00 -86.24  -1.77
 226.00 -71.50 140.98
 227.00 -150.05  97.38
 228.00 -72.50 136.08
 229.00 -103.86 101.30
 230.00 -102.15  -2.07
 231.00 -72.83 132.53
 232.00 -77.95  -8.15
 233.00 -68.60 -58.10
 234.00 -58.61 -37.40
 235.00 -91.86 -42.86
 236.00 -79.72 -51.49
 237.00 -64.07 -44.07
 238.00 -64.74 -49.60
 239.00 -58.79 -24.47
 240.00 -73.05 -58.26
 241.00 -70.25 -22.47
 242.00 -161.60 -21.36
 243.00 -57.89 -57.95
 244.00 -61.83 -42.56
 245.00 -62.77 -61.71
 246.00 -61.87 -27.93
 247.00 -63.21 -51.66
 248.00 -64.96 -41.20
 249.00 -65.70 -50.66
 250.00 -73.48 -33.31
 251.00 -68.25 -50.83
 252.00 -66.79 -32.96
 253.00 -59.41 -39.68
 254.00 -44.16 -50.50
 255.00 -73.00 -50.95
 256.00 -62.16 -24.64
 257.00 -54.27 -64.35
 258.00 -59.28 -31.72
 259.00 -66.80 -57.00
 260.00 -67.87 -29.97
 261.00 -58.16 -37.80
 262.00 -65.40 -46.39
 263.00 -74.73 -28.96
 264.00 -70.50 -32.86
 1001.00 -73.10 -47.83
 1002.00 -62.23 -24.96
 1003.00 -69.16 -33.36
 1004.00 -67.20 -35.11
 1005.00 -61.40 -40.80
 1006.00 -67.14 -38.37
 1007.00 -66.27 -24.20
 1008.00 -64.27 -42.90
 1009.00 -57.63 -39.62
 1010.00 -72.18 -46.47
 1011.00 -68.52 -40.75
 1012.00 -69.88 -37.05
 1013.00 -74.16 -31.73
 1014.00 -64.94 -34.18
 1015.00 -66.31 -41.48
 1016.00 -62.14 -37.80
 1017.00 -72.00 -42.17
 1018.00 -65.08 -26.50
 1019.00 -71.33 -38.56
 1020.00 -119.92 137.39
 1021.00 -141.41  -1.89
 1022.00 -72.11 149.21
 1023.00 -46.90 -36.08
 1024.00 -67.27 -45.77
 1025.00 -58.98 -48.93
 1026.00 -56.62 -51.52
 1027.00 -67.04 -37.34
 1028.00 -61.04 -49.39
 1029.00 -61.10 -48.07
 1030.00 -60.07 -43.64
 1031.00 -53.53 -51.46
 1032.00 -76.99 -30.29
 1033.00 -64.50 -35.74
 1034.00 -53.88 -49.60
 1035.00 -60.82 -52.21
 1036.00 -78.45 -25.88
 1037.00 -82.60 -14.95
 1038.00 -72.21 -32.50
 1039.00 -71.12 -28.66
 1040.00 -62.13 -57.51
 1041.00  39.56 -29.68
 1042.00  58.52  51.14
 1043.00 -72.32  28.84
 1044.00  79.69  -7.06
 1066.00 -59.84 139.50
 1067.00 -56.63  -2.43
 1068.00 -52.39 -54.15
 1069.00 -69.98 -47.62
 1070.00 -93.38 -10.10
 1071.00 -68.53 -28.73
 1072.00 -54.36 -41.69
 1073.00 -77.43 -35.89
 1074.00 -79.60 -28.84
 1075.00 -54.85 -36.06
 1076.00 -56.82 -44.80
 1077.00 -67.22 -47.97
 1078.00 -59.14 -34.72
 1079.00 -66.22 -39.85
 1080.00 -74.05 -25.40
 1081.00  70.99  -4.82
 1082.00 -88.64  15.51
 1083.00 -45.93  60.49
 1084.00 -66.84 -45.28
 1085.00 -93.78 -25.16
 1086.00 -69.16 -30.07
 1087.00 -56.60 -38.58
 1088.00 -66.67 -44.84
 1089.00 -78.84 -28.30
 1090.00 -49.68 -37.09
 1091.00 -60.31 -41.98
 1092.00 -55.02 -53.82
 1093.00 -44.48 -49.23
 1094.00 -49.56 -48.20
 1095.00 -75.63 -56.32
 1096.00 -71.54 -33.80
 1097.00 -58.57 -29.18
 1098.00 -48.92 -47.63
 1099.00 -59.27 -51.12
 1100.00 -57.34 -42.08
 1101.00 -64.14 -41.71
 1102.00 -69.08 -31.49
 1103.00 -64.43 -40.07
 1104.00 -78.82 -34.14
 1105.00 -54.39 -35.42
 313.00 -70.14 -23.50
 314.00 -71.61 -34.06
 315.00 -73.50 -31.92
 316.00 -74.07 -31.50
 317.00 -64.80 -22.04
 318.00 -65.48 -45.69
 319.00 -58.12 -42.26
 320.00 -62.91 -45.73
 321.00 -51.92 -41.70
 322.00 -53.15 -47.64
 323.00 -75.71 -51.84
 324.00 -63.04 -40.12
 325.00 -62.44 -32.75
 326.00 -54.00 -34.85
 327.00 -60.77 -57.40
 328.00 -63.56 -39.34
 329.00 -69.38 -52.18
 330.00 -43.29 -43.90
 331.00 -59.38 -46.52
 332.00 -59.85 -52.45
 333.00 -63.95 -56.10
 334.00 -87.20 -21.79
 335.00 -101.41 -17.03
 336.00 -45.16 -24.12
 337.00 -64.28 -45.18
 338.00 -66.86 -41.30
 339.00 -59.08 -43.71
 340.00 -46.22 -54.25
 341.00 -56.98 -54.39
 342.00 -69.67 -53.79
 343.00 -57.04 -45.43
 344.00 -80.13 -28.67
 345.00 -57.60 -49.82
 346.00 -78.73 -32.31
 347.00 -101.47 -12.59
 348.00 -72.01 -57.38
 349.00 -131.95 136.24
 350.00 -127.57 -20.53
 351.00 -83.17 -29.46
 352.00 -147.53   9.61
 353.00 -77.71 143.58
 354.00 -72.01 128.61
 355.00 -100.31 -18.10
 356.00 -66.51 -25.41
 357.00 -56.18 -51.32
 358.00 -43.36 -45.66
 359.00 -59.68 -62.29
 360.00 -55.73 -39.72
 361.00 -52.25 -55.67
 362.00 -79.25 -30.21
 363.00 -75.04 -41.16
 364.00 -72.26 -42.36
 365.00 -58.56 -38.78
 366.00 -80.79 -35.23
 367.00 -60.88 -34.72
 368.00 -58.95 -37.55
 369.00 -61.12 -55.88
 370.00 -78.23 -14.88
 371.00 -62.90 -25.84
 372.00 -74.61 -21.56
 373.00 -68.18 -38.99
 374.00 -90.64 -35.16
 375.00 -49.24 -30.04
 376.00 -52.69 -46.96
 377.00 -59.66 -41.32
 378.00 -62.34 -41.15
 379.00 -54.55 -42.52
 380.00 -62.39 -43.20
 381.00 -85.36 -50.14
 382.00 -118.06 -23.28
 383.00 -137.22   7.50
 384.00 -67.79 127.09
 385.00 -74.64 -26.17
 386.00 -73.97 -37.11
 387.00 -67.71 -40.34
 388.00 -72.33 -39.34
 389.00 -64.11 -34.23
 390.00 -55.30 -58.19
 391.00 -57.55 -47.44
 392.00 -60.81 -38.95
 393.00 -57.37 -56.78
 394.00 -64.89 -40.62
 395.00 -94.73 -26.52
 396.00  72.43  17.24
 397.00 -91.35  11.05
 398.00 -130.75 155.28


