 residuo Phi Psi
  69.00 -68.83 126.66
  70.00 -135.91 104.34
  71.00 -55.46   9.73
  72.00 -59.93 -58.97
  73.00 -65.18 -40.36
  74.00 -75.98 -45.28
  75.00 -68.41 -35.10
  76.00 -69.57 -35.75
  77.00 -60.68 -37.93
  78.00 -71.41 -44.29
  79.00 -69.67 -30.87
  80.00 -63.84 -43.80
  81.00 -56.78 -32.16
  82.00 -60.73 -33.92
  83.00 -61.39 -38.87
  84.00 -75.86 -35.49
  85.00 -58.78 -38.90
  86.00 -56.20 -68.77
  87.00 -73.16 -22.69
  88.00 -51.88 -80.20
  89.00 -46.13 -55.87
  90.00 -67.27 -57.40
  91.00 -70.48 -30.00
  92.00 -57.76 -40.73
  93.00 -60.38 -44.75
  94.00 -69.68 -39.53
  95.00 -65.41 -35.65
  96.00 -59.38 -48.05
  97.00 -58.48 -47.09
  98.00 -79.33 -44.79
  99.00 -86.28 -10.17
 100.00 -110.60 -32.07
 101.00 -81.72 -35.66
 102.00 -60.03 113.68
 103.00 -68.55 -25.47
 104.00 -98.87 -23.40
 105.00 -80.06   4.49
 106.00 -155.32  94.54
 107.00 -64.02 161.04
 108.00 -80.42 -24.45
 109.00 -69.05 -35.37
 110.00 -57.47 -35.23
 111.00 -77.73 -35.46
 112.00 -77.07 -33.08
 113.00 -58.21 -26.95
 114.00 -55.68 -46.74
 115.00 -71.69 -26.76
 116.00 -65.74 -40.32
 117.00 -72.63 -32.73
 118.00 -67.36 -28.69
 119.00 -68.61 -43.50
 120.00 -57.08 -46.09
 121.00 -68.97 -40.80
 122.00 -70.88 -35.76
 123.00 -60.03 -40.04
 124.00 -87.02 -35.21
 125.00 -114.99 -30.18
 126.00 -103.76 -28.21
 127.00 -62.41 -60.45
 128.00 -75.43 -34.78
 129.00 -62.95 -37.31
 130.00 -67.97 -37.35
 131.00 -59.82 -33.11
 132.00 -69.06 -45.66
 133.00 -61.81 -24.90
 134.00 -65.91 -31.66
 135.00 -53.89 -67.52
 136.00 -90.80 -23.90
 137.00  99.69  -0.91
 138.00  53.58  41.15
 139.00 -133.55  39.44
 140.00 -63.47 162.45
 141.00 -99.13 127.09
 142.00 -126.20  17.04
 143.00 -77.09 -177.71
 144.00 -72.03 160.59
 145.00 -61.83 -31.65
 146.00 -92.90 -15.57
 147.00 -68.87  -6.70
 148.00 -60.00 -58.09
 149.00 -66.73 -42.84
 150.00 -85.60 -13.59
 151.00 -65.82 -35.56
 152.00 -51.91 -29.09
 153.00 -65.74 -43.31
 154.00 -67.90 -47.09
 155.00 -68.32 -41.30
 156.00 -63.43 -38.64
 157.00 -53.55 -66.60
 158.00 -68.03 -48.99
 159.00 -70.02 -30.98
 160.00 -77.16 -37.09
 161.00 -66.76 -22.55
 162.00 -59.30 -58.93
 163.00 -62.78 -39.10
 164.00 -69.34 -40.03
 165.00 -52.38 -42.68
 166.00 -63.73 -41.08
 167.00 -62.96 -49.86
 168.00 -87.60 -32.93
 169.00 -53.58 -26.59
 170.00 -56.87 -58.79
 171.00 -63.85 -40.75
 172.00 -61.05 -50.89
 173.00 -63.68 -35.00
 174.00 -75.86 -39.64
 175.00 -96.25 -10.18
 176.00 -50.02 -31.89
 177.00 -65.39 -21.23
 178.00 -45.33 -57.19
 179.00 -72.84 134.42
 180.00 -104.31 -18.08
 181.00 -63.99  15.19
 182.00 -74.02 -22.29
 183.00 -54.19  -3.60
 184.00 -99.15 156.40
 185.00 -75.52 -16.40
 186.00 -157.66 141.43
 187.00 -119.70 157.34
 188.00 -83.91 132.32
 189.00 -73.62  -8.19
 190.00 -71.16 -58.31
 191.00 -68.92 -21.95
 192.00 -49.42 -50.94
 193.00 -63.51 -53.88
 194.00 -81.36 -33.14
 195.00 -50.99 -33.97
 196.00 -63.55 -47.59
 197.00 -72.20 -38.28
 198.00 -52.78 -47.69
 199.00 -62.43 -45.35
 200.00 -50.32 -44.40
 201.00 -69.03 -47.41
 202.00 -87.61 -32.98
 203.00 -54.01 -24.52
 204.00 -64.43 -40.38
 205.00 -69.62 -48.31
 206.00 -74.50 -26.06
 207.00 -51.05 -45.34
 208.00 -47.57 -37.14
 209.00 -71.05 -23.34
 210.00 -60.63 -43.94
 211.00 -75.33 -40.33
 212.00 -92.49 -38.98
 213.00 -80.67 -45.44
 214.00 -86.71 -22.49
 215.00 -71.88 -28.53
 216.00 -151.16  -7.37
 217.00 -63.54 117.24
 218.00 -79.12 -22.33
 219.00 -93.33  -6.07
 220.00 -136.33  -6.92
 221.00 -123.02   2.85
 222.00 -128.48 131.77
 223.00  58.46 115.89
 224.00  75.49  26.78
 225.00 -125.19  23.07
 226.00 -75.49 149.28
 227.00 -147.40  92.00
 228.00 -55.54 131.39
 229.00 -135.64 142.74
 230.00 -126.25  13.34
 231.00 -68.45 121.84
 232.00 -60.87  -5.84
 233.00 -85.68 -43.52
 234.00 -81.57 -27.07
 235.00 -92.77 -46.49
 236.00 -66.45 -69.52
 237.00 -68.63 -33.76
 238.00 -71.22 -42.59
 239.00 -61.75 -13.02
 240.00 -90.95 -52.99
 241.00 -64.70 -24.92
 242.00 -170.11 -16.42
 243.00 -66.97 -63.45
 244.00 -64.30 -30.48
 245.00 -67.20 -56.32
 246.00 -58.18 -29.35
 247.00 -68.83 -54.40
 248.00 -69.47 -33.59
 249.00 -71.71 -39.37
 250.00 -70.66 -32.86
 251.00 -64.97 -34.47
 252.00 -63.65 -53.89
 253.00 -59.60 -36.51
 254.00 -53.26 -58.44
 255.00 -59.31 -52.26
 256.00 -73.48 -30.87
 257.00 -72.43 -43.83
 258.00 -71.53 -24.61
 259.00 -51.97 -55.95
 260.00 -69.97 -41.04
 261.00 -85.10 -18.80
 262.00 -65.14 -35.63
 263.00 -80.10 -28.57
 264.00 -56.94 -39.83
 1001.00 -71.39 -45.48
 1002.00 -63.35 -29.37
 1003.00 -64.38 -41.00
 1004.00 -66.42 -33.90
 1005.00 -80.32 -25.88
 1006.00 -61.68 -36.29
 1007.00 -70.43 -39.81
 1008.00 -59.67 -45.92
 1009.00 -63.31 -39.47
 1010.00 -70.10 -43.89
 1011.00 -70.55 -26.80
 1012.00 -62.30 -48.96
 1013.00 -55.51 -29.93
 1014.00 -68.44 -40.78
 1015.00 -58.83 -39.45
 1016.00 -61.00 -46.41
 1017.00 -65.79 -37.47
 1018.00 -73.33 -29.86
 1019.00 -52.06 -27.56
 1020.00 -123.87 146.56
 1021.00 -149.85   8.82
 1022.00 -71.69 155.14
 1023.00 -55.74 -27.06
 1024.00 -68.29 -37.99
 1025.00 -60.89 -44.97
 1026.00 -50.31 -43.98
 1027.00 -68.73 -48.46
 1028.00 -60.30 -43.63
 1029.00 -78.69 -41.07
 1030.00 -56.16 -28.79
 1031.00 -56.08 -51.68
 1032.00 -62.12 -43.60
 1033.00 -69.34 -34.58
 1034.00 -67.02 -39.60
 1035.00 -65.66 -42.76
 1036.00 -62.56 -41.77
 1037.00 -55.91 -37.97
 1038.00 -71.28 -50.72
 1039.00 -70.47 -31.48
 1040.00 -71.06 -34.88
 1041.00  41.50 -32.48
 1042.00  68.84  45.63
 1043.00 -76.88  22.02
 1044.00  61.44   3.73
 1066.00 -93.24 147.38
 1067.00 -68.81  22.01
 1068.00 -60.34 -45.25
 1069.00 -69.14 -28.91
 1070.00 -66.98 -35.01
 1071.00 -69.89 -35.04
 1072.00 -55.53 -39.54
 1073.00 -80.23 -25.92
 1074.00 -65.26 -50.15
 1075.00 -77.93 -29.48
 1076.00 -68.05 -25.93
 1077.00 -73.54 -40.25
 1078.00 -74.63 -25.02
 1079.00 -56.38 -38.14
 1080.00 -75.33 -37.39
 1081.00  88.54 -13.01
 1082.00 -74.19  -4.00
 1083.00 -51.08  72.16
 1084.00 -69.53 -46.79
 1085.00 -61.91 -40.30
 1086.00 -59.75 -50.27
 1087.00 -64.41 -31.60
 1088.00 -72.43 -41.23
 1089.00 -65.39 -31.43
 1090.00 -73.55 -36.26
 1091.00 -64.24 -45.78
 1092.00 -82.91 -21.15
 1093.00 -71.80 -21.15
 1094.00 -65.06  -7.37
 1095.00 -66.29 -53.99
 1096.00 -55.57 -48.65
 1097.00 -52.58 -43.93
 1098.00 -53.41 -56.76
 1099.00 -62.42 -36.07
 1100.00 -76.44 -46.66
 1101.00 -71.60 -25.95
 1102.00 -76.29 -27.32
 1103.00 -59.57 -47.60
 1104.00 -82.44 -44.52
 1105.00 -57.77 -35.53
 313.00 -66.50 -24.82
 314.00 -58.35 -41.43
 315.00 -70.32 -29.16
 316.00 -58.25 -47.49
 317.00 -50.55 -40.51
 318.00 -61.53 -65.77
 319.00 -70.02 -40.74
 320.00 -59.61 -46.83
 321.00 -50.60 -41.38
 322.00 -56.21 -47.34
 323.00 -73.19 -20.77
 324.00 -57.10 -47.80
 325.00 -57.73 -38.59
 326.00 -83.08 -33.34
 327.00 -56.53 -43.08
 328.00 -61.17 -40.11
 329.00 -40.04 -64.50
 330.00 -74.75 -57.81
 331.00 -73.34 -32.93
 332.00 -53.23 -54.12
 333.00 -60.51 -53.93
 334.00 -82.44 -24.89
 335.00 -98.50 -21.41
 336.00 -60.47 -19.15
 337.00 -62.56 -42.08
 338.00 -71.62 -30.99
 339.00 -63.06 -44.57
 340.00 -65.51 -42.12
 341.00 -74.90 -41.04
 342.00 -89.73 -25.35
 343.00 -63.94 -35.27
 344.00 -73.36 -42.00
 345.00 -60.92 -25.08
 346.00 -83.95 -35.03
 347.00 -124.88   3.25
 348.00 -80.34 -57.60
 349.00 -126.04 148.09
 350.00 -132.61 -31.75
 351.00 -54.48 -44.02
 352.00 -130.74 -17.45
 353.00 -111.19 162.16
 354.00 -44.58 138.21
 355.00 -67.39 -40.21
 356.00 -71.49 -35.93
 357.00 -65.10 -36.96
 358.00 -63.48 -32.64
 359.00 -65.77 -45.84
 360.00 -76.98 -33.80
 361.00 -64.29 -38.84
 362.00 -71.46 -30.66
 363.00 -63.71 -37.74
 364.00 -66.10 -67.70
 365.00 -71.67 -26.05
 366.00 -79.71 -46.80
 367.00 -65.96 -13.27
 368.00 -56.19 -57.52
 369.00 -69.14 -32.56
 370.00 -61.00 -29.22
 371.00 -61.97 -33.11
 372.00 -65.79 -20.81
 373.00 -86.02 -22.14
 374.00 -87.08  -8.43
 375.00 -62.42 -38.86
 376.00 -58.27 -38.67
 377.00 -58.09 -35.02
 378.00 -68.05 -39.96
 379.00 -62.63 -47.28
 380.00 -74.77 -22.01
 381.00 -65.09 -40.81
 382.00 -101.91 -54.84
 383.00 -130.62  -8.37
 384.00 -59.97 111.20
 385.00 -74.38 -33.79
 386.00 -66.44 -43.29
 387.00 -65.62 -36.13
 388.00 -51.05 -46.81
 389.00 -64.37 -48.26
 390.00 -55.46 -47.08
 391.00 -81.92 -28.57
 392.00 -83.51 -15.16
 393.00 -66.25 -48.98
 394.00 -69.81 -24.10
 395.00 -98.59 -14.92
 396.00  63.96  -0.61
 397.00 -92.19  23.88
 398.00 -139.42 151.28


