 residuo Phi Psi
  69.00 -57.15 158.70
  70.00 -142.50 141.10
  71.00 -57.51 -28.94
  72.00 -66.78 -35.96
  73.00 -58.09 -51.26
  74.00 -63.04 -46.37
  75.00 -66.43 -45.26
  76.00 -59.30 -40.22
  77.00 -65.97 -33.78
  78.00 -86.56 -29.30
  79.00 -56.06 -19.47
  80.00 -67.66 -48.93
  81.00 -58.91 -33.83
  82.00 -72.51 -38.57
  83.00 -52.59 -37.56
  84.00 -42.53 -51.58
  85.00 -46.16 -69.33
  86.00 -75.73 -43.89
  87.00 -72.42 -27.06
  88.00 -60.24 -58.64
  89.00 -67.41 -63.38
  90.00 -58.08 -38.75
  91.00 -74.09 -54.78
  92.00 -59.58 -29.16
  93.00 -62.33 -37.62
  94.00 -58.51 -42.41
  95.00 -59.27 -45.03
  96.00 -70.10 -46.56
  97.00 -66.11 -30.73
  98.00 -82.70 -44.15
  99.00 -83.83  -7.91
 100.00 -125.64 -29.70
 101.00 -73.04 -19.73
 102.00 -68.75 144.83
 103.00 -73.59 -57.59
 104.00 -86.93 -22.80
 105.00 -83.43   5.95
 106.00 -140.36  74.92
 107.00 -57.33 150.39
 108.00 -69.02 -30.19
 109.00 -63.03 -35.80
 110.00 -62.58 -40.07
 111.00 -72.36 -25.72
 112.00 -64.40 -50.53
 113.00 -92.04 -16.36
 114.00 -68.27 -35.88
 115.00 -65.64 -25.73
 116.00 -53.73 -49.17
 117.00 -56.99 -48.97
 118.00 -69.28 -33.01
 119.00 -68.20 -37.00
 120.00 -64.85 -45.98
 121.00 -54.86 -41.11
 122.00 -55.77 -47.63
 123.00 -67.10 -42.61
 124.00 -84.47 -31.75
 125.00 -95.18 -56.47
 126.00 -112.99 -23.80
 127.00 -63.83 -52.42
 128.00 -68.45 -39.47
 129.00 -65.08 -31.56
 130.00 -55.28 -46.13
 131.00 -67.77 -37.54
 132.00 -69.26 -50.44
 133.00 -65.87 -19.02
 134.00 -69.55 -24.58
 135.00 -70.24 -49.58
 136.00 -67.57 -39.83
 137.00  80.11  -6.51
 138.00  64.48  53.38
 139.00 -146.22  44.56
 140.00 -76.92 158.93
 141.00 -74.71 112.33
 142.00 -100.49 -17.75
 143.00 -73.51 -175.35
 144.00 -72.14 156.32
 145.00 -66.83 -24.48
 146.00 -75.74 -23.81
 147.00 -84.24 -12.82
 148.00 -49.32 -60.86
 149.00 -82.49 -38.39
 150.00 -80.83 -21.23
 151.00 -49.79 -43.92
 152.00 -61.53 -37.18
 153.00 -75.86 -25.43
 154.00 -56.47 -40.95
 155.00 -76.21 -48.70
 156.00 -64.09 -36.47
 157.00 -61.19 -51.50
 158.00 -73.97 -47.97
 159.00 -54.15 -43.80
 160.00 -62.44 -47.66
 161.00 -35.79 -46.58
 162.00 -81.91 -53.17
 163.00 -60.11 -34.06
 164.00 -56.24 -34.50
 165.00 -74.04 -37.43
 166.00 -60.25 -37.19
 167.00 -64.98 -41.07
 168.00 -59.21 -55.41
 169.00 -57.83 -36.02
 170.00 -64.07 -55.80
 171.00 -75.46 -32.55
 172.00 -72.25 -39.80
 173.00 -63.61 -30.51
 174.00 -89.79 -38.33
 175.00 -61.73 -21.07
 176.00 -68.10 -45.54
 177.00 -68.56 -20.56
 178.00 -74.76 -17.22
 179.00 -58.70 130.44
 180.00 -109.01 -32.09
 181.00 -61.20  33.55
 182.00 -81.65 -15.37
 183.00 -62.66  -9.20
 184.00 -69.50 158.39
 185.00 -66.35 -18.24
 186.00 -160.58 132.55
 187.00 -119.85 153.85
 188.00 -66.45 137.87
 189.00 -65.18 -32.39
 190.00 -66.93 -52.29
 191.00 -61.74 -38.98
 192.00 -58.47 -47.07
 193.00 -67.04 -36.82
 194.00 -83.66 -29.93
 195.00 -62.02 -33.94
 196.00 -60.89 -43.64
 197.00 -72.39 -38.80
 198.00 -65.91 -31.57
 199.00 -59.68 -45.91
 200.00 -71.96 -35.80
 201.00 -49.92 -51.55
 202.00 -79.78 -42.10
 203.00 -60.50 -34.02
 204.00 -68.50 -39.05
 205.00 -67.21 -35.20
 206.00 -100.02 -26.65
 207.00 -50.47 -30.28
 208.00 -71.99 -34.21
 209.00 -56.82 -19.82
 210.00 -70.97 -48.33
 211.00 -58.29 -33.72
 212.00 -106.80 -27.51
 213.00 -57.35 -67.08
 214.00 -69.31 -24.45
 215.00 -89.18 -36.64
 216.00 -159.97  11.27
 217.00 -50.46  81.03
 218.00 -64.70 -27.60
 219.00 -96.02 -10.42
 220.00 -137.91 -14.33
 221.00 -124.37   6.71
 222.00 -126.03 145.68
 223.00  46.46 130.66
 224.00  89.18  30.21
 225.00 -81.46 -19.55
 226.00 -81.67 143.79
 227.00 -144.27 101.77
 228.00 -66.59 134.47
 229.00 -124.23 129.33
 230.00 -81.37 -12.18
 231.00 -50.38 130.24
 232.00 -49.91 -35.98
 233.00 -101.14 -34.52
 234.00 -84.45 -45.92
 235.00 -75.77 -56.32
 236.00 -108.17 -27.97
 237.00 -50.97 -61.81
 238.00 -55.77 -48.84
 239.00 -69.80 -23.70
 240.00 -64.61 -48.43
 241.00 -73.98 -37.82
 242.00 -122.97 -26.13
 243.00 -73.09 -60.45
 244.00 -46.76 -45.10
 245.00 -65.31 -63.46
 246.00 -67.39 -21.23
 247.00 -67.09 -43.12
 248.00 -54.10 -49.21
 249.00 -63.53 -60.99
 250.00 -76.29 -32.21
 251.00 -71.59 -40.11
 252.00 -66.45 -37.83
 253.00 -67.00 -33.24
 254.00 -53.68 -46.77
 255.00 -73.30 -40.55
 256.00 -64.80 -37.32
 257.00 -63.15 -52.96
 258.00 -60.54 -36.61
 259.00 -67.33 -38.01
 260.00 -92.06 -15.32
 261.00 -70.97 -28.07
 262.00 -66.70 -39.07
 263.00 -71.00 -42.50
 264.00 -57.17 -37.68
 1001.00 -65.48 -27.92
 1002.00 -61.13 -45.79
 1003.00 -72.45 -41.61
 1004.00 -59.78 -37.77
 1005.00 -72.50 -27.74
 1006.00 -56.20 -45.77
 1007.00 -73.33 -33.40
 1008.00 -64.76 -33.76
 1009.00 -58.10 -45.56
 1010.00 -61.72 -52.12
 1011.00 -60.22 -31.88
 1012.00 -69.72 -45.14
 1013.00 -63.42 -36.31
 1014.00 -59.68 -37.04
 1015.00 -74.00 -24.43
 1016.00 -50.49 -50.58
 1017.00 -58.46 -48.64
 1018.00 -118.42 -16.79
 1019.00 -53.88   1.88
 1020.00 -107.97 147.35
 1021.00 -151.66 -14.82
 1022.00 -56.36 149.26
 1023.00 -46.53 -44.64
 1024.00 -89.65 -24.92
 1025.00 -69.36 -27.36
 1026.00 -51.14 -45.65
 1027.00 -67.18 -47.90
 1028.00 -74.68 -34.12
 1029.00 -75.51 -36.26
 1030.00 -66.31 -26.81
 1031.00 -70.23 -36.79
 1032.00 -72.93 -31.70
 1033.00 -58.67 -32.18
 1034.00 -56.40 -55.71
 1035.00 -62.68 -42.16
 1036.00 -73.42 -50.16
 1037.00 -66.27 -24.73
 1038.00 -58.74 -43.73
 1039.00 -70.55 -41.87
 1040.00 -88.37 -35.68
 1041.00  29.59  -8.58
 1042.00  66.58  42.88
 1043.00 -74.25  22.73
 1044.00  65.53  10.55
 1066.00 -60.16 154.14
 1067.00 -76.79   0.00
 1068.00 -54.49 -49.20
 1069.00 -54.35 -46.26
 1070.00 -59.58 -50.35
 1071.00 -77.48 -33.55
 1072.00 -65.84 -30.89
 1073.00 -62.58 -32.39
 1074.00 -64.54 -50.94
 1075.00 -69.13 -40.75
 1076.00 -64.16 -28.75
 1077.00 -55.23 -44.74
 1078.00 -78.83 -39.31
 1079.00 -77.01 -33.07
 1080.00 -71.90 -25.51
 1081.00  87.81   0.37
 1082.00 -70.61  -8.73
 1083.00 -59.58  75.14
 1084.00 -74.61 -46.23
 1085.00 -77.08 -25.68
 1086.00 -96.30 -24.19
 1087.00 -64.04 -28.86
 1088.00 -69.09 -30.51
 1089.00 -53.52 -56.12
 1090.00 -60.10 -34.87
 1091.00 -69.98 -38.74
 1092.00 -72.43 -38.37
 1093.00 -63.54 -29.25
 1094.00 -44.57 -40.88
 1095.00 -63.55 -67.24
 1096.00 -79.08 -30.85
 1097.00 -62.44 -17.75
 1098.00 -63.03 -47.06
 1099.00 -66.37 -31.45
 1100.00 -82.54 -41.10
 1101.00 -69.26 -26.44
 1102.00 -66.98 -27.31
 1103.00 -52.58 -49.05
 1104.00 -67.91 -40.09
 1105.00 -83.31 -17.21
 313.00 -62.52 -29.43
 314.00 -63.89 -54.30
 315.00 -62.16 -42.04
 316.00 -73.09 -32.21
 317.00 -55.82 -34.79
 318.00 -73.74 -39.07
 319.00 -68.63 -39.14
 320.00 -59.54 -45.68
 321.00 -63.83 -38.63
 322.00 -59.45 -36.21
 323.00 -49.68 -63.14
 324.00 -64.26 -38.87
 325.00 -72.98 -38.32
 326.00 -54.81 -27.68
 327.00 -63.28 -46.34
 328.00 -66.53 -32.67
 329.00 -77.70 -36.45
 330.00 -58.18 -61.95
 331.00 -66.41 -42.12
 332.00 -82.86 -36.00
 333.00 -80.40 -38.91
 334.00 -65.56 -23.07
 335.00 -89.47 -34.70
 336.00 -72.92 -26.62
 337.00 -50.29 -34.08
 338.00 -57.07 -47.59
 339.00 -67.24 -59.56
 340.00 -67.41 -52.55
 341.00 -75.86 -29.93
 342.00 -51.45 -50.64
 343.00 -74.88 -32.13
 344.00 -41.21 -58.28
 345.00 -62.44 -39.18
 346.00 -92.87 -26.23
 347.00 -82.65 -14.94
 348.00 -71.15 -62.04
 349.00 -132.22 151.71
 350.00 -97.97 -62.19
 351.00 -86.00 -22.24
 352.00 -145.26   9.57
 353.00 -114.52 165.05
 354.00 -66.50 129.25
 355.00 -72.33 -29.17
 356.00 -79.56 -28.51
 357.00 -53.83 -52.68
 358.00 -51.51 -47.14
 359.00 -69.18 -42.14
 360.00 -65.37 -38.05
 361.00 -62.05 -51.29
 362.00 -50.71 -42.49
 363.00 -76.14 -31.67
 364.00 -58.27 -54.86
 365.00 -64.68 -34.43
 366.00 -88.99 -30.28
 367.00 -67.25 -17.70
 368.00 -48.12 -41.64
 369.00 -58.50 -69.29
 370.00 -69.35 -18.17
 371.00 -66.00 -26.45
 372.00 -83.71  -3.91
 373.00 -102.72 -11.76
 374.00 -83.59 -12.06
 375.00 -60.79 -26.88
 376.00 -67.05 -51.46
 377.00 -67.44 -33.06
 378.00 -55.91 -39.45
 379.00 -59.69 -51.11
 380.00 -67.95 -27.38
 381.00 -63.20 -51.75
 382.00 -126.34 -34.16
 383.00 -138.59   8.29
 384.00 -73.45 130.88
 385.00 -49.36 -50.62
 386.00 -59.61 -53.63
 387.00 -59.20 -42.60
 388.00 -67.51 -46.61
 389.00 -56.48 -44.32
 390.00 -57.53 -52.27
 391.00 -63.24 -43.38
 392.00 -66.91 -35.56
 393.00 -56.83 -57.35
 394.00 -73.79 -31.11
 395.00 -86.64 -26.08
 396.00  62.97  -3.17
 397.00 -99.41  44.31
 398.00 -138.60 137.88


