 residuo Phi Psi
  69.00 -73.20  85.21
  70.00 -60.12  -9.13
  71.00 -77.01 -32.80
  72.00 -78.90 -15.27
  73.00 -62.78 -37.26
  74.00 -60.48 -53.67
  75.00 -76.82 -20.82
  76.00 -64.10 -41.27
  77.00 -59.43 -39.45
  78.00 -59.53 -52.69
  79.00 -78.03 -34.22
  80.00 -99.85 -18.78
  81.00 -67.93  -9.18
  82.00 -52.46 -25.87
  83.00 -59.97 -46.49
  84.00 -65.17 -38.45
  85.00 -57.87 -47.55
  86.00 -66.72 -49.00
  87.00 -78.64 -22.99
  88.00 -80.89 -36.27
  89.00 -61.83 -61.72
  90.00 -74.81 -26.92
  91.00 -75.22 -53.72
  92.00 -56.37 -28.41
  93.00 -60.13 -29.06
  94.00 -63.53 -46.85
  95.00 -67.49 -38.34
  96.00 -66.71 -41.31
  97.00 -60.90 -40.52
  98.00 -68.39 -63.51
  99.00 -73.95 -26.98
 100.00 -112.81 -37.93
 101.00 -97.82 -15.83
 102.00 -54.81 109.03
 103.00 -60.38 -35.54
 104.00 -101.72 -29.56
 105.00 -64.20  -5.71
 106.00 -153.58  96.93
 107.00 -64.10 177.50
 108.00 -64.35 -43.74
 109.00 -70.64 -47.31
 110.00 -59.77 -33.07
 111.00 -63.12 -42.12
 112.00 -56.85 -45.05
 113.00 -73.90 -32.93
 114.00 -62.89 -37.01
 115.00 -70.08 -35.64
 116.00 -74.41 -30.87
 117.00 -65.35 -39.30
 118.00 -64.10 -36.24
 119.00 -74.48 -29.46
 120.00 -51.84 -51.35
 121.00 -74.74 -44.67
 122.00 -64.60 -38.85
 123.00 -79.22 -21.09
 124.00 -76.94 -32.32
 125.00 -88.55 -45.60
 126.00 -122.65 -33.97
 127.00 -56.97 -45.96
 128.00 -63.39 -53.15
 129.00 -67.30 -24.85
 130.00 -73.41 -25.67
 131.00 -67.68 -35.62
 132.00 -64.04 -47.66
 133.00 -63.70 -27.95
 134.00 -61.76 -54.48
 135.00 -62.62 -33.18
 136.00 -81.81 -37.64
 137.00  82.39   3.18
 138.00  67.04  33.38
 139.00 -66.09  -2.95
 140.00 -89.66 160.04
 141.00 -76.56 124.77
 142.00 -85.62 -38.52
 143.00 -53.36 167.63
 144.00 -61.81 148.44
 145.00 -74.28 -33.30
 146.00 -100.69   3.86
 147.00 -64.94  -3.70
 148.00 -61.84 -50.66
 149.00 -59.52 -39.22
 150.00 -74.42 -41.40
 151.00 -62.17 -39.47
 152.00 -69.06 -34.07
 153.00 -49.48 -50.29
 154.00 -56.92 -51.85
 155.00 -73.86 -38.71
 156.00 -57.55 -41.51
 157.00 -69.06 -51.88
 158.00 -91.37 -32.58
 159.00 -70.04 -24.92
 160.00 -55.32 -46.83
 161.00 -63.11 -35.96
 162.00 -66.23 -55.57
 163.00 -72.91 -32.79
 164.00 -65.51 -22.89
 165.00 -73.43 -35.14
 166.00 -76.42 -23.42
 167.00 -63.75 -51.93
 168.00 -71.48 -30.98
 169.00 -69.63 -41.39
 170.00 -48.99 -43.92
 171.00 -59.79 -53.71
 172.00 -65.04 -52.27
 173.00 -65.58 -31.06
 174.00 -82.65 -38.60
 175.00 -68.30 -23.23
 176.00 -76.01 -34.81
 177.00 -77.82  -6.16
 178.00 -57.19 -16.24
 179.00 -62.76 125.30
 180.00 -94.44 -32.81
 181.00 -70.95  22.10
 182.00 -75.43 -10.76
 183.00 -62.65  -6.90
 184.00 -63.95 136.81
 185.00 -71.11 -27.72
 186.00 -163.67 153.72
 187.00 -104.25 166.37
 188.00 -54.74 114.78
 189.00 -58.43 -40.33
 190.00 -73.15 -30.66
 191.00 -60.87 -42.06
 192.00 -44.68 -44.87
 193.00 -76.40 -48.40
 194.00 -56.04 -32.80
 195.00 -63.58 -52.35
 196.00 -57.14 -44.04
 197.00 -76.87 -42.05
 198.00 -72.76 -25.59
 199.00 -69.18 -30.66
 200.00 -57.88 -50.83
 201.00 -65.80 -48.40
 202.00 -66.17 -33.87
 203.00 -69.56 -31.19
 204.00 -61.76 -30.16
 205.00 -61.65 -52.13
 206.00 -83.57 -45.83
 207.00 -41.30 -18.89
 208.00 -53.79 -44.20
 209.00 -73.60 -34.61
 210.00 -66.58 -47.70
 211.00 -73.27 -23.48
 212.00 -69.01 -70.52
 213.00 -64.49 -25.51
 214.00 -99.66 -26.15
 215.00 -105.33  11.26
 216.00 -145.63 -29.22
 217.00 -71.33 117.82
 218.00 -67.65 -18.07
 219.00 -91.92  -3.37
 220.00 -116.27 -33.30
 221.00 -108.44 -19.14
 222.00 -150.16 151.15
 223.00  52.90 117.54
 224.00  95.36  19.38
 225.00 -125.96  10.94
 226.00 -76.01 142.07
 227.00 -150.36  99.99
 228.00 -83.78 130.63
 229.00 -132.46 118.31
 230.00 -81.53  -4.38
 231.00 -50.43 127.56
 232.00 -63.69 -34.22
 233.00 -89.55 -31.08
 234.00 -71.85 -38.44
 235.00 -85.27 -44.19
 236.00 -73.97 -65.00
 237.00 -77.47 -35.70
 238.00 -61.54 -21.91
 239.00 -72.47 -15.55
 240.00 -66.32 -65.75
 241.00 -69.01 -36.89
 242.00 -152.09 -25.34
 243.00 -79.58 -54.07
 244.00 -71.85 -27.33
 245.00 -67.53 -48.27
 246.00 -69.04 -29.59
 247.00 -77.26 -36.01
 248.00 -60.79 -48.11
 249.00 -60.31 -44.51
 250.00 -65.28 -35.87
 251.00 -55.05 -49.74
 252.00 -78.57 -50.83
 253.00 -52.52 -36.53
 254.00 -58.37 -60.09
 255.00 -62.87 -36.09
 256.00 -71.95 -32.24
 257.00 -60.96 -56.28
 258.00 -62.95 -39.50
 259.00 -62.01 -48.75
 260.00 -98.50 -13.56
 261.00 -81.53 -18.28
 262.00 -69.11 -28.96
 263.00 -66.15 -38.47
 264.00 -78.75 -27.66
 1001.00 -62.29 -40.13
 1002.00 -75.76 -20.19
 1003.00 -68.38 -43.57
 1004.00 -73.07 -35.91
 1005.00 -68.02 -37.14
 1006.00 -61.36 -39.67
 1007.00 -71.22 -27.17
 1008.00 -77.30 -32.94
 1009.00 -68.82 -27.85
 1010.00 -62.56 -34.33
 1011.00 -74.44 -49.17
 1012.00 -73.79 -34.39
 1013.00 -52.44 -46.52
 1014.00 -52.38 -49.52
 1015.00 -92.39 -20.94
 1016.00 -61.77 -41.50
 1017.00 -73.00 -35.51
 1018.00 -116.09  -9.60
 1019.00 -61.50   3.20
 1020.00 -113.58 142.08
 1021.00 -129.83 -28.86
 1022.00 -73.62 162.29
 1023.00 -64.91 -23.12
 1024.00 -58.94 -49.06
 1025.00 -73.83 -36.82
 1026.00 -53.00 -42.76
 1027.00 -60.47 -48.34
 1028.00 -54.57 -52.62
 1029.00 -66.91 -44.22
 1030.00 -70.85 -28.90
 1031.00 -79.11 -35.66
 1032.00 -58.42 -35.32
 1033.00 -60.10 -41.94
 1034.00 -60.35 -43.15
 1035.00 -75.33 -42.15
 1036.00 -60.03 -30.86
 1037.00 -69.04 -38.87
 1038.00 -70.93 -47.86
 1039.00 -65.55 -23.14
 1040.00 -78.29 -46.56
 1041.00  47.71 -25.18
 1042.00  75.17  52.42
 1043.00 -56.86  19.76
 1044.00  73.10 -22.24
 1066.00 -73.89 161.50
 1067.00 -51.35 -17.20
 1068.00 -61.09 -35.24
 1069.00 -69.10 -43.35
 1070.00 -71.36 -31.56
 1071.00 -75.48 -31.62
 1072.00 -59.82 -31.11
 1073.00 -61.44 -39.84
 1074.00 -69.57 -47.55
 1075.00 -54.93 -36.81
 1076.00 -70.64 -32.30
 1077.00 -45.96 -47.83
 1078.00 -66.53 -56.48
 1079.00 -77.89 -27.24
 1080.00 -62.85 -35.67
 1081.00  81.36  -4.16
 1082.00 -81.17  -0.00
 1083.00 -59.06  90.66
 1084.00 -57.08 -64.78
 1085.00 -54.52 -41.26
 1086.00 -59.00 -55.91
 1087.00 -88.69 -27.45
 1088.00 -57.74 -35.12
 1089.00 -65.61 -48.72
 1090.00 -66.10 -36.27
 1091.00 -66.67 -38.79
 1092.00 -78.13 -22.76
 1093.00 -59.41 -37.60
 1094.00 -66.39 -38.90
 1095.00 -91.76 -25.69
 1096.00 -57.77 -35.89
 1097.00 -44.45 -51.90
 1098.00 -58.93 -37.14
 1099.00 -55.01 -51.48
 1100.00 -84.03 -37.69
 1101.00 -58.32 -38.68
 1102.00 -63.99 -39.72
 1103.00 -59.44 -44.40
 1104.00 -68.90 -38.31
 1105.00 -62.27 -41.69
 313.00 -63.64 -40.27
 314.00 -74.46 -36.59
 315.00 -49.75 -42.82
 316.00 -72.79 -38.80
 317.00 -78.50 -30.09
 318.00 -80.81 -24.90
 319.00 -59.23 -37.33
 320.00 -64.99 -38.47
 321.00 -72.15 -41.82
 322.00 -63.66 -35.87
 323.00 -65.41 -47.24
 324.00 -70.54 -34.26
 325.00 -56.26 -25.50
 326.00 -87.50 -26.12
 327.00 -59.24 -35.46
 328.00 -62.68 -43.82
 329.00 -56.01 -59.50
 330.00 -70.64 -36.07
 331.00 -85.52 -30.63
 332.00 -60.86 -44.55
 333.00 -62.49 -58.37
 334.00 -84.78 -24.92
 335.00 -94.97 -36.11
 336.00 -61.77 -17.66
 337.00 -64.54 -36.22
 338.00 -61.22 -32.10
 339.00 -65.29 -55.49
 340.00 -78.18 -25.35
 341.00 -72.74 -54.90
 342.00 -63.90 -32.15
 343.00 -68.41 -46.88
 344.00 -58.87 -32.59
 345.00 -72.31 -32.00
 346.00 -90.13 -14.84
 347.00 -82.91 -24.46
 348.00 -67.28 -44.66
 349.00 -119.09 152.43
 350.00 -69.96 -112.13
 351.00 -67.29 -15.81
 352.00 -91.84 -40.28
 353.00 -146.76 172.68
 354.00 -63.96 133.60
 355.00 -74.27 -35.32
 356.00 -72.31 -37.10
 357.00 -49.07 -49.51
 358.00 -52.93 -54.54
 359.00 -59.08 -48.29
 360.00 -79.63 -24.74
 361.00 -62.36 -38.74
 362.00 -45.67 -37.04
 363.00 -90.34 -28.06
 364.00 -61.38 -55.96
 365.00 -66.40 -30.81
 366.00 -78.61 -51.56
 367.00 -65.12 -16.87
 368.00 -56.36 -44.07
 369.00 -61.94 -55.70
 370.00 -65.73 -18.37
 371.00 -75.09 -16.40
 372.00 -81.42 -23.64
 373.00 -93.94 -10.23
 374.00 -87.39 -20.41
 375.00 -65.03 -40.47
 376.00 -49.33 -33.16
 377.00 -51.24 -38.36
 378.00 -65.73 -40.81
 379.00 -60.62 -45.49
 380.00 -58.52 -48.35
 381.00 -83.74 -32.20
 382.00 -132.59 -12.66
 383.00 -123.85 -21.29
 384.00 -69.90 118.86
 385.00 -73.86 -30.14
 386.00 -69.53 -32.90
 387.00 -53.47 -45.34
 388.00 -58.24 -57.18
 389.00 -60.49 -51.75
 390.00 -61.84 -46.60
 391.00 -63.77 -27.65
 392.00 -57.40 -43.31
 393.00 -63.41 -45.21
 394.00 -85.00 -32.97
 395.00 -78.99 -27.79
 396.00  68.08  13.62
 397.00 -141.41  31.23
 398.00 -135.97 153.95


