 residuo Phi Psi
  69.00 -76.58 100.79
  70.00 -63.58  58.95
  71.00 -61.42 -31.53
  72.00 -67.54 -31.93
  73.00 -56.48 -47.20
  74.00 -65.58 -48.94
  75.00 -69.43 -34.04
  76.00 -55.12 -50.65
  77.00 -67.42 -34.89
  78.00 -68.76 -36.89
  79.00 -63.89 -41.30
  80.00 -79.32 -33.30
  81.00 -56.26 -34.13
  82.00 -68.37 -42.81
  83.00 -53.05 -33.35
  84.00 -65.51 -39.14
  85.00 -50.02 -47.81
  86.00 -68.64 -50.53
  87.00 -75.14 -34.28
  88.00 -62.43 -33.02
  89.00 -71.31 -46.80
  90.00 -53.81 -45.42
  91.00 -79.40 -32.23
  92.00 -63.10 -46.41
  93.00 -51.85 -32.77
  94.00 -72.29 -42.57
  95.00 -67.24 -27.87
  96.00 -53.24 -55.66
  97.00 -44.46 -50.61
  98.00 -71.15 -64.38
  99.00 -62.63 -29.53
 100.00 -98.58 -38.54
 101.00 -87.10 -49.79
 102.00 -55.38 130.05
 103.00 -79.68 -30.86
 104.00 -110.79  -3.39
 105.00 -81.00   1.57
 106.00 -133.07  70.75
 107.00 -57.44 160.88
 108.00 -50.38 -46.25
 109.00 -81.94 -41.21
 110.00 -55.62 -29.89
 111.00 -79.88 -32.64
 112.00 -56.12 -43.00
 113.00 -70.07 -33.45
 114.00 -64.79 -38.36
 115.00 -62.58 -35.32
 116.00 -61.38 -43.08
 117.00 -60.05 -49.39
 118.00 -67.75 -35.80
 119.00 -87.72 -28.94
 120.00 -67.56 -20.40
 121.00 -75.84 -46.10
 122.00 -55.64 -33.02
 123.00 -63.15 -48.05
 124.00 -71.45 -40.54
 125.00 -117.81 -32.09
 126.00 -96.35 -44.97
 127.00 -45.00 -62.45
 128.00 -64.73 -42.34
 129.00 -75.12 -39.28
 130.00 -67.19 -34.14
 131.00 -58.50 -55.95
 132.00 -69.49 -31.14
 133.00 -54.62 -47.41
 134.00 -73.54 -33.66
 135.00 -58.22 -42.31
 136.00 -78.69 -34.37
 137.00  67.84  10.35
 138.00  70.91  36.58
 139.00 -79.55   9.14
 140.00 -66.38 153.22
 141.00 -87.02 139.41
 142.00 -113.98 -27.09
 143.00 -48.91 175.88
 144.00 -51.08 139.16
 145.00 -78.46 -39.10
 146.00 -85.78  -4.29
 147.00 -62.21  -8.08
 148.00 -56.94 -53.58
 149.00 -74.92 -38.14
 150.00 -77.63 -27.16
 151.00 -66.96 -50.22
 152.00 -66.10 -16.61
 153.00 -44.72 -54.90
 154.00 -65.51 -47.33
 155.00 -72.09 -34.18
 156.00 -51.53 -52.72
 157.00 -72.14 -50.12
 158.00 -65.68 -39.02
 159.00 -58.39 -38.72
 160.00 -64.02 -54.70
 161.00 -55.40 -46.77
 162.00 -61.55 -60.95
 163.00 -61.17 -37.85
 164.00 -53.14 -39.85
 165.00 -52.00 -56.61
 166.00 -61.90 -41.79
 167.00 -63.78 -55.17
 168.00 -66.23 -43.89
 169.00 -84.29 -25.31
 170.00 -64.50 -38.49
 171.00 -64.81 -43.14
 172.00 -65.99 -45.88
 173.00 -81.81 -27.27
 174.00 -79.33 -14.69
 175.00 -69.97 -38.59
 176.00 -71.10 -36.96
 177.00 -86.82  -2.70
 178.00 -76.70  -8.37
 179.00 -49.85 130.48
 180.00 -114.99 -25.62
 181.00 -58.50  31.72
 182.00 -69.65 -31.42
 183.00 -80.87  27.78
 184.00 -53.26 142.61
 185.00 -134.09 -31.72
 186.00 -155.28 165.15
 187.00 -81.17 148.62
 188.00 -63.87 135.22
 189.00 -49.72 -47.93
 190.00 -69.16 -43.38
 191.00 -74.96 -31.19
 192.00 -46.04 -52.66
 193.00 -69.99 -50.51
 194.00 -77.92 -23.34
 195.00 -54.39 -46.81
 196.00 -57.32 -45.79
 197.00 -68.33 -43.44
 198.00 -65.78 -35.62
 199.00 -62.06 -49.74
 200.00 -62.03 -42.35
 201.00 -72.75 -50.85
 202.00 -70.14 -26.96
 203.00 -68.14 -27.83
 204.00 -48.85 -42.77
 205.00 -62.00 -57.51
 206.00 -80.56 -37.01
 207.00 -65.25 -38.69
 208.00 -53.14 -19.77
 209.00 -71.42 -11.42
 210.00 -76.39 -45.57
 211.00 -61.05 -32.73
 212.00 -69.97 -44.12
 213.00 -65.57 -50.92
 214.00 -68.59 -36.26
 215.00 -62.26 -27.21
 216.00 -163.84 -43.85
 217.00 -61.53 132.72
 218.00 -66.02 -33.62
 219.00 -78.55  -9.69
 220.00 -135.76 -13.53
 221.00 -134.21   8.54
 222.00 -144.97 136.90
 223.00  52.50 107.63
 224.00  68.47  47.93
 225.00 -99.49   7.55
 226.00 -78.31 137.03
 227.00 -164.33 115.90
 228.00 -70.02 144.00
 229.00 -86.39  85.16
 230.00 -81.64 -13.35
 231.00 -56.54 132.07
 232.00 -46.04 -45.19
 233.00 -66.64 -34.49
 234.00 -86.95 -46.69
 235.00 -104.21 -25.09
 236.00 -121.28 -18.16
 237.00 -66.82 -48.87
 238.00 -69.50 -28.82
 239.00 -61.59 -34.29
 240.00 -68.55 -42.85
 241.00 -73.75 -36.03
 242.00 -150.14 -16.36
 243.00 -73.39 -65.41
 244.00 -62.19 -38.86
 245.00 -66.32 -49.47
 246.00 -63.52 -35.99
 247.00 -60.75 -42.83
 248.00 -70.89 -33.72
 249.00 -73.88 -51.08
 250.00 -71.48 -33.38
 251.00 -78.20 -30.48
 252.00 -52.20 -49.91
 253.00 -58.22 -47.60
 254.00 -59.00 -52.65
 255.00 -68.72 -45.64
 256.00 -66.93 -23.94
 257.00 -65.10 -53.22
 258.00 -70.59 -33.69
 259.00 -68.00 -40.29
 260.00 -77.98 -30.69
 261.00 -68.85 -25.79
 262.00 -69.54 -39.07
 263.00 -73.27 -25.19
 264.00 -63.95 -38.32
 1001.00 -76.83 -28.46
 1002.00 -71.60 -18.35
 1003.00 -73.77 -39.60
 1004.00 -62.11 -34.13
 1005.00 -90.67 -21.32
 1006.00 -53.48 -34.10
 1007.00 -60.84 -53.68
 1008.00 -64.82 -45.05
 1009.00 -71.96 -31.59
 1010.00 -84.07 -30.41
 1011.00 -51.38 -37.08
 1012.00 -80.68 -34.00
 1013.00 -62.51 -40.68
 1014.00 -78.29 -27.27
 1015.00 -64.82 -26.75
 1016.00 -59.05 -53.63
 1017.00 -68.89 -21.93
 1018.00 -88.75 -31.77
 1019.00 -78.24  -9.84
 1020.00 -149.79 158.81
 1021.00 -79.59 -38.26
 1022.00 -61.92 125.78
 1023.00 -58.38 -35.70
 1024.00 -66.07 -36.72
 1025.00 -58.26 -43.42
 1026.00 -58.19 -44.52
 1027.00 -59.23 -53.88
 1028.00 -71.48 -51.46
 1029.00 -62.33 -30.46
 1030.00 -67.05 -29.72
 1031.00 -74.24 -47.89
 1032.00 -48.55 -31.64
 1033.00 -43.60 -48.31
 1034.00 -59.57 -66.17
 1035.00 -73.18 -42.13
 1036.00 -57.50 -32.68
 1037.00 -66.47 -48.40
 1038.00 -60.06 -48.05
 1039.00 -57.52 -51.10
 1040.00 -80.40 -29.48
 1041.00  55.18 -46.30
 1042.00 103.86  46.25
 1043.00 -55.54   4.40
 1044.00  67.18 -16.10
 1066.00 -73.41 153.73
 1067.00 -48.37 -11.44
 1068.00 -53.97 -43.28
 1069.00 -77.86 -35.40
 1070.00 -82.59 -18.01
 1071.00 -71.03 -25.14
 1072.00 -62.67 -47.31
 1073.00 -65.23 -25.43
 1074.00 -59.79 -46.67
 1075.00 -65.65 -44.64
 1076.00 -55.11 -38.34
 1077.00 -58.21 -50.17
 1078.00 -70.75 -38.63
 1079.00 -72.45 -32.09
 1080.00 -87.20 -33.24
 1081.00  62.17   7.37
 1082.00 -75.31  12.60
 1083.00 -61.67  56.09
 1084.00 -66.01 -47.23
 1085.00 -77.97 -29.93
 1086.00 -74.76 -25.79
 1087.00 -70.99 -21.45
 1088.00 -67.83 -33.36
 1089.00 -57.99 -30.76
 1090.00 -62.17 -42.79
 1091.00 -69.33 -28.83
 1092.00 -79.16 -48.44
 1093.00 -63.22 -24.65
 1094.00 -54.34 -55.52
 1095.00 -75.99 -35.65
 1096.00 -75.63 -36.36
 1097.00 -79.32 -25.38
 1098.00 -61.28 -50.94
 1099.00 -68.72 -28.79
 1100.00 -72.34 -43.87
 1101.00 -58.58 -32.95
 1102.00 -71.90 -42.87
 1103.00 -63.17 -33.88
 1104.00 -56.24 -55.86
 1105.00 -59.81 -38.66
 313.00 -82.72 -18.65
 314.00 -70.38 -41.72
 315.00 -65.95 -37.72
 316.00 -73.79 -31.64
 317.00 -62.39 -31.42
 318.00 -59.00 -48.43
 319.00 -65.14 -39.94
 320.00 -51.37 -50.93
 321.00 -76.50 -45.02
 322.00 -70.00 -19.05
 323.00 -59.99 -46.16
 324.00 -72.99 -39.45
 325.00 -70.65 -24.40
 326.00 -69.23 -37.89
 327.00 -48.14 -46.37
 328.00 -65.86 -42.23
 329.00 -50.34 -50.28
 330.00 -64.52 -56.53
 331.00 -86.13  -8.56
 332.00 -67.32 -57.78
 333.00 -68.75 -30.85
 334.00 -79.55 -37.87
 335.00 -88.47 -41.39
 336.00 -65.88 -26.62
 337.00 -49.82 -34.15
 338.00 -58.78 -41.61
 339.00 -73.12 -48.45
 340.00 -53.15 -41.68
 341.00 -70.27 -37.03
 342.00 -63.37 -47.49
 343.00 -69.09 -30.59
 344.00 -75.56 -21.43
 345.00 -51.90 -64.88
 346.00 -79.28 -35.94
 347.00 -97.32 -23.56
 348.00 -70.68 -27.08
 349.00 -156.32 160.56
 350.00 -73.93 -67.97
 351.00 -77.23 -35.74
 352.00 -162.66  11.67
 353.00 -93.53 154.88
 354.00 -46.99 106.30
 355.00 -74.45 -34.99
 356.00 -97.29 -17.18
 357.00 -64.09 -41.29
 358.00 -80.80 -37.20
 359.00 -56.91 -35.36
 360.00 -69.68 -49.01
 361.00 -58.81 -34.06
 362.00 -79.02 -35.46
 363.00 -91.46 -11.98
 364.00 -70.58 -45.88
 365.00 -76.95 -24.50
 366.00 -75.92 -32.72
 367.00 -55.85 -33.37
 368.00 -49.11 -51.83
 369.00 -64.95 -45.04
 370.00 -75.12   0.05
 371.00 -45.29 -37.63
 372.00 -61.65 -36.17
 373.00 -113.60 -27.53
 374.00 -78.18 -26.17
 375.00 -62.16 -28.11
 376.00 -54.96 -37.56
 377.00 -72.28 -33.65
 378.00 -50.61 -45.45
 379.00 -61.73 -47.34
 380.00 -71.78 -34.92
 381.00 -71.16 -40.64
 382.00 -99.34 -51.86
 383.00 -147.46   4.73
 384.00 -77.33 128.02
 385.00 -60.50 -30.93
 386.00 -68.26 -51.05
 387.00 -55.83 -43.98
 388.00 -76.85 -43.31
 389.00 -55.70 -35.75
 390.00 -56.24 -55.22
 391.00 -61.84 -37.68
 392.00 -75.02 -36.18
 393.00 -69.99 -33.39
 394.00 -86.11 -37.63
 395.00 -86.02 -17.52
 396.00  71.34  -8.87
 397.00 -114.13  14.52
 398.00 -71.12  77.62


