 residuo Phi Psi
  69.00 -74.23 147.22
  70.00 -144.21 155.05
  71.00 -65.50 -19.14
  72.00 -70.39 -39.25
  73.00 -80.84 -25.18
  74.00 -55.27 -36.91
  75.00 -57.42 -57.74
  76.00 -67.90 -35.64
  77.00 -68.87 -38.85
  78.00 -71.46 -34.66
  79.00 -56.56 -47.30
  80.00 -72.15 -39.05
  81.00 -57.30 -34.44
  82.00 -57.12 -29.04
  83.00 -55.58 -26.54
  84.00 -52.68 -45.56
  85.00 -57.08 -52.62
  86.00 -81.11 -38.35
  87.00 -63.36 -41.06
  88.00 -79.97 -39.21
  89.00 -67.22 -40.29
  90.00 -80.57 -41.96
  91.00 -83.15 -32.35
  92.00 -50.47 -30.72
  93.00 -78.22 -39.40
  94.00 -63.16 -36.86
  95.00 -67.44 -41.54
  96.00 -65.26 -38.29
  97.00 -58.85 -49.07
  98.00 -73.21 -50.21
  99.00 -79.85 -17.38
 100.00 -113.96 -23.32
 101.00 -80.27 -38.67
 102.00 -54.94 125.44
 103.00 -76.47 -34.62
 104.00 -88.31 -27.43
 105.00 -64.81  -9.26
 106.00 -148.55  81.57
 107.00 -35.48 146.63
 108.00 -59.92 -58.29
 109.00 -61.20 -32.81
 110.00 -87.86 -21.05
 111.00 -61.87 -34.73
 112.00 -56.16 -42.12
 113.00 -56.53 -55.83
 114.00 -74.90 -23.91
 115.00 -58.93 -31.03
 116.00 -71.45 -35.70
 117.00 -60.75 -39.99
 118.00 -57.69 -43.02
 119.00 -74.50 -37.90
 120.00 -45.67 -50.95
 121.00 -61.42 -55.38
 122.00 -49.85 -41.48
 123.00 -77.51 -49.84
 124.00 -71.63 -24.87
 125.00 -117.35 -36.65
 126.00 -94.46 -38.72
 127.00 -46.67 -55.65
 128.00 -74.06 -49.29
 129.00 -69.76 -31.94
 130.00 -65.69 -37.14
 131.00 -78.55 -37.17
 132.00 -59.74 -22.63
 133.00 -47.75 -34.71
 134.00 -66.69 -41.94
 135.00 -51.97 -51.36
 136.00 -62.77 -38.19
 137.00 103.48 -16.96
 138.00  62.47  29.99
 139.00 -143.02  48.03
 140.00 -61.61 159.14
 141.00 -76.47 114.81
 142.00 -126.45 -17.18
 143.00 -57.84 174.37
 144.00 -66.96 146.32
 145.00 -67.76 -38.23
 146.00 -88.66   5.52
 147.00 -84.41  -5.17
 148.00 -69.54 -50.24
 149.00 -90.86 -22.18
 150.00 -100.07  -3.57
 151.00 -49.69 -41.44
 152.00 -54.37 -39.44
 153.00 -82.20 -32.67
 154.00 -63.75 -44.48
 155.00 -58.06 -45.59
 156.00 -67.41 -49.35
 157.00 -68.99 -56.50
 158.00 -75.72 -35.20
 159.00 -71.96 -28.04
 160.00 -62.28 -38.27
 161.00 -64.03 -35.04
 162.00 -69.75 -52.90
 163.00 -70.33 -32.14
 164.00 -69.28 -23.08
 165.00 -62.84 -43.25
 166.00 -66.51 -37.98
 167.00 -52.01 -54.24
 168.00 -75.59 -46.43
 169.00 -53.38 -37.94
 170.00 -68.19 -48.05
 171.00 -52.01 -56.77
 172.00 -70.68 -38.83
 173.00 -63.99 -40.12
 174.00 -56.79 -45.51
 175.00 -64.34 -36.67
 176.00 -64.25 -58.35
 177.00 -88.15   5.00
 178.00 -76.20 -18.11
 179.00 -44.76 130.12
 180.00 -120.68 -13.12
 181.00 -63.05   9.93
 182.00 -91.97  -8.23
 183.00 -79.54  20.34
 184.00 -66.29 144.13
 185.00 -70.10 -34.95
 186.00 -160.01 151.18
 187.00 -95.09 141.93
 188.00 -84.77 138.69
 189.00 -60.13 -40.87
 190.00 -59.77 -52.07
 191.00 -70.93 -37.97
 192.00 -63.95 -41.17
 193.00 -68.20 -48.02
 194.00 -74.28 -29.41
 195.00 -44.77 -44.79
 196.00 -73.66 -47.01
 197.00 -53.04 -47.68
 198.00 -66.02 -46.19
 199.00 -69.99 -38.73
 200.00 -60.31 -32.92
 201.00 -51.69 -53.38
 202.00 -57.71 -40.92
 203.00 -48.98 -61.09
 204.00 -47.13 -48.76
 205.00 -74.67 -43.41
 206.00 -96.03 -25.41
 207.00 -53.53 -40.51
 208.00 -51.37 -24.93
 209.00 -69.86 -31.68
 210.00 -48.57 -49.71
 211.00 -63.66 -46.46
 212.00 -83.54 -46.55
 213.00 -79.55 -25.51
 214.00 -72.84 -29.79
 215.00 -99.14 -12.27
 216.00 -135.86 -34.61
 217.00 -80.42 125.91
 218.00 -67.89 -19.14
 219.00 -62.07 -34.77
 220.00 -133.80 -20.67
 221.00 -128.69  -1.01
 222.00 -117.30 142.09
 223.00  42.41 122.28
 224.00  62.05  55.19
 225.00 -69.59  -8.08
 226.00 -79.40 142.51
 227.00 -158.01 105.82
 228.00 -43.27 126.77
 229.00 -136.85 130.37
 230.00 -63.29 -22.07
 231.00 -62.51 129.39
 232.00 -58.92 -24.83
 233.00 -107.21 -21.65
 234.00 -74.12 -40.25
 235.00 -139.29 -35.79
 236.00 -124.70   9.28
 237.00 -64.04 -61.58
 238.00 -60.82 -25.67
 239.00 -51.98 -49.83
 240.00 -82.92 -35.13
 241.00 -70.02 -26.43
 242.00 -129.51 -33.06
 243.00 -68.17 -71.50
 244.00 -75.39 -36.39
 245.00 -66.61 -48.20
 246.00 -55.14 -37.25
 247.00 -71.14 -46.84
 248.00 -68.92 -30.15
 249.00 -65.56 -37.93
 250.00 -69.21 -43.03
 251.00 -60.38 -40.54
 252.00 -60.80 -57.34
 253.00 -62.84 -38.69
 254.00 -61.01 -48.40
 255.00 -57.19 -49.67
 256.00 -63.78 -32.73
 257.00 -66.47 -66.05
 258.00 -63.56 -22.81
 259.00 -64.82 -47.30
 260.00 -61.09 -43.66
 261.00 -76.16 -31.70
 262.00 -60.31 -40.68
 263.00 -64.56 -27.39
 264.00 -79.70 -34.24
 1001.00 -64.16 -41.31
 1002.00 -68.96 -21.99
 1003.00 -63.70 -40.77
 1004.00 -73.27 -32.50
 1005.00 -60.81 -49.88
 1006.00 -63.82 -31.58
 1007.00 -68.10 -35.29
 1008.00 -58.82 -35.94
 1009.00 -73.89 -35.46
 1010.00 -94.35 -32.77
 1011.00 -64.68 -23.82
 1012.00 -56.96 -45.81
 1013.00 -62.60 -31.63
 1014.00 -66.61 -40.46
 1015.00 -66.66 -33.48
 1016.00 -64.91 -47.54
 1017.00 -60.24 -37.92
 1018.00 -89.11 -28.45
 1019.00 -82.18 -20.04
 1020.00 -140.52 162.46
 1021.00 -140.27   2.33
 1022.00 -68.43 146.63
 1023.00 -70.90 -30.94
 1024.00 -75.87 -37.95
 1025.00 -69.65 -27.21
 1026.00 -60.18 -44.00
 1027.00 -58.45 -38.91
 1028.00 -62.49 -48.73
 1029.00 -54.41 -51.03
 1030.00 -65.93 -36.13
 1031.00 -66.29 -41.48
 1032.00 -59.13 -41.65
 1033.00 -46.71 -51.82
 1034.00 -64.99 -38.65
 1035.00 -85.79 -34.70
 1036.00 -58.40 -23.13
 1037.00 -68.36 -43.61
 1038.00 -65.22 -47.99
 1039.00 -76.61 -35.87
 1040.00 -68.89 -25.95
 1041.00  53.81 -35.11
 1042.00 105.42  21.66
 1043.00 -44.81   3.04
 1044.00  75.12 -31.70
 1066.00 -80.65 156.04
 1067.00 -73.05  11.07
 1068.00 -53.80 -49.31
 1069.00 -64.48 -32.94
 1070.00 -62.55 -42.85
 1071.00 -72.19 -30.61
 1072.00 -62.99 -40.40
 1073.00 -84.74 -30.24
 1074.00 -64.89 -25.73
 1075.00 -73.33 -36.88
 1076.00 -47.10 -33.04
 1077.00 -69.83 -43.54
 1078.00 -82.43 -36.64
 1079.00 -60.02 -30.37
 1080.00 -62.12 -50.92
 1081.00  93.72  -4.52
 1082.00 -101.72   7.05
 1083.00 -37.25  58.54
 1084.00 -77.64 -48.38
 1085.00 -70.25 -31.15
 1086.00 -77.48 -28.75
 1087.00 -55.57 -44.71
 1088.00 -47.59 -53.50
 1089.00 -60.83 -54.33
 1090.00 -62.29 -38.86
 1091.00 -65.79 -50.60
 1092.00 -68.28 -40.39
 1093.00 -94.00 -10.03
 1094.00 -50.74 -14.79
 1095.00 -65.37 -54.87
 1096.00 -73.88 -40.64
 1097.00 -52.44 -37.00
 1098.00 -59.73 -43.03
 1099.00 -55.10 -34.42
 1100.00 -64.10 -43.55
 1101.00 -58.84 -52.00
 1102.00 -75.45 -33.45
 1103.00 -62.62 -38.10
 1104.00 -56.60 -52.04
 1105.00 -55.23 -41.99
 313.00 -76.02 -35.82
 314.00 -53.87 -48.67
 315.00 -61.32 -48.48
 316.00 -50.25 -49.95
 317.00 -56.50 -43.92
 318.00 -75.99 -43.14
 319.00 -56.21 -44.77
 320.00 -49.08 -48.43
 321.00 -59.74 -50.91
 322.00 -55.61 -52.19
 323.00 -58.21 -43.51
 324.00 -68.62 -39.57
 325.00 -53.69 -32.46
 326.00 -78.47 -23.11
 327.00 -64.68 -36.02
 328.00 -63.25 -32.25
 329.00 -54.59 -47.56
 330.00 -85.01 -36.00
 331.00 -51.84 -45.68
 332.00 -65.47 -47.33
 333.00 -63.45 -52.37
 334.00 -77.78 -25.45
 335.00 -113.35 -13.21
 336.00 -66.10 -19.79
 337.00 -67.44 -32.10
 338.00 -62.09 -34.08
 339.00 -58.77 -59.19
 340.00 -55.92 -46.63
 341.00 -68.27 -56.74
 342.00 -68.18 -31.16
 343.00 -81.64 -36.83
 344.00 -73.06 -31.53
 345.00 -52.91 -30.53
 346.00 -77.12 -32.97
 347.00 -53.17 -45.13
 348.00 -84.11 -53.66
 349.00 -141.43 156.90
 350.00 -82.67 -54.23
 351.00 -67.54 -52.65
 352.00 -139.14 -11.23
 353.00 -131.03 157.89
 354.00 -66.65 121.28
 355.00 -72.67 -31.08
 356.00 -72.51 -27.25
 357.00 -47.86 -52.74
 358.00 -53.15 -46.09
 359.00 -56.10 -46.35
 360.00 -66.28 -47.89
 361.00 -68.87 -47.90
 362.00 -59.28 -35.79
 363.00 -67.78 -40.53
 364.00 -82.20 -48.53
 365.00 -70.43 -28.14
 366.00 -83.04 -23.73
 367.00 -69.99 -18.40
 368.00 -65.72 -39.80
 369.00 -65.36 -45.59
 370.00 -50.03 -42.55
 371.00 -57.25 -35.97
 372.00 -61.61 -24.23
 373.00 -112.38 -13.33
 374.00 -90.18  -2.20
 375.00 -58.54 -19.35
 376.00 -44.97 -54.01
 377.00 -63.79 -38.90
 378.00 -53.86 -49.60
 379.00 -50.71 -48.78
 380.00 -75.64 -44.90
 381.00 -86.01 -12.29
 382.00 -76.46 -62.21
 383.00 -123.43 -30.02
 384.00 -43.71 114.65
 385.00 -60.20 -47.53
 386.00 -56.00 -54.37
 387.00 -46.70 -53.88
 388.00 -64.04 -55.50
 389.00 -59.87 -43.81
 390.00 -66.36 -42.04
 391.00 -65.24 -42.90
 392.00 -89.26 -16.42
 393.00 -56.18 -63.20
 394.00 -66.36 -29.42
 395.00 -61.69 -35.20
 396.00  46.93  -0.07
 397.00 -127.83  45.57
 398.00 -143.58 155.60


