 residuo Phi Psi
  69.00 -84.58 139.13
  70.00 -70.21  75.49
  71.00 -60.35 -43.49
  72.00 -58.15 -37.22
  73.00 -61.97 -53.96
  74.00 -62.70 -29.04
  75.00 -77.60 -41.04
  76.00 -70.75 -38.30
  77.00 -57.14 -36.10
  78.00 -70.01 -34.43
  79.00 -69.73 -37.89
  80.00 -95.32 -12.17
  81.00 -53.62 -31.17
  82.00 -45.27 -43.11
  83.00 -61.62 -39.33
  84.00 -73.58 -50.89
  85.00 -56.86 -38.42
  86.00 -65.41 -57.74
  87.00 -66.22 -26.29
  88.00 -81.11 -46.57
  89.00 -42.06 -53.37
  90.00 -80.68 -52.54
  91.00 -63.09 -48.14
  92.00 -49.70 -26.98
  93.00 -64.79 -54.03
  94.00 -66.30 -24.46
  95.00 -65.53 -51.68
  96.00 -53.16 -44.80
  97.00 -59.53 -50.13
  98.00 -73.98 -44.31
  99.00 -61.76 -39.24
 100.00 -132.25 -13.36
 101.00 -73.97 -46.14
 102.00 -52.97 105.31
 103.00 -66.84 -35.86
 104.00 -124.44   2.51
 105.00 -85.31  -4.13
 106.00 -150.24  70.26
 107.00 -42.34 157.28
 108.00 -56.22 -50.48
 109.00 -67.17 -41.47
 110.00 -64.95 -29.36
 111.00 -72.60 -32.71
 112.00 -64.67 -33.42
 113.00 -56.72 -50.52
 114.00 -66.48 -26.01
 115.00 -54.17 -40.55
 116.00 -60.06 -46.31
 117.00 -67.22 -46.93
 118.00 -68.94 -34.35
 119.00 -85.13 -23.55
 120.00 -62.64 -47.65
 121.00 -65.88 -53.25
 122.00 -55.81 -35.45
 123.00 -75.33 -43.02
 124.00 -82.71 -17.21
 125.00 -101.84 -45.05
 126.00 -110.05 -27.28
 127.00 -68.68 -45.97
 128.00 -48.67 -47.75
 129.00 -73.41 -24.65
 130.00 -77.60 -44.76
 131.00 -67.64 -27.60
 132.00 -74.78 -38.69
 133.00 -49.37 -32.43
 134.00 -84.33 -35.87
 135.00 -71.04 -27.74
 136.00 -93.39 -17.80
 137.00  65.37  11.87
 138.00  71.55  32.91
 139.00 -69.73   4.82
 140.00 -67.22 151.75
 141.00 -71.42 109.19
 142.00 -87.32 -29.13
 143.00 -54.70 163.68
 144.00 -61.82 152.37
 145.00 -57.79 -42.77
 146.00 -87.64 -16.45
 147.00 -62.76 -11.43
 148.00 -57.53 -56.51
 149.00 -63.38 -35.66
 150.00 -84.96 -37.96
 151.00 -51.35 -39.01
 152.00 -64.60 -47.38
 153.00 -68.14 -37.00
 154.00 -68.03 -38.18
 155.00 -79.32 -28.74
 156.00 -53.41 -53.14
 157.00 -62.83 -59.26
 158.00 -65.23 -42.64
 159.00 -63.46 -44.72
 160.00 -62.81 -35.61
 161.00 -46.91 -45.96
 162.00 -64.25 -66.40
 163.00 -80.08 -25.41
 164.00 -77.90 -24.72
 165.00 -64.53 -32.22
 166.00 -54.41 -45.83
 167.00 -60.13 -51.86
 168.00 -70.59 -50.35
 169.00 -54.33 -37.43
 170.00 -62.70 -46.06
 171.00 -55.36 -50.22
 172.00 -64.86 -36.96
 173.00 -62.46 -47.40
 174.00 -82.57 -28.49
 175.00 -75.42 -42.32
 176.00 -77.30 -34.17
 177.00 -82.26 -12.41
 178.00 -72.25  -6.22
 179.00 -55.23 126.04
 180.00 -123.54  -8.09
 181.00 -59.35  27.80
 182.00 -63.41 -30.22
 183.00 -68.32 -11.57
 184.00 -69.07 127.99
 185.00 -58.14 -19.24
 186.00 -151.08 130.23
 187.00 -99.61 138.73
 188.00 -69.74 131.80
 189.00 -61.78 -39.12
 190.00 -64.78 -47.99
 191.00 -63.70 -42.19
 192.00 -63.21 -50.25
 193.00 -62.97 -48.53
 194.00 -66.77 -37.22
 195.00 -48.22 -51.36
 196.00 -54.21 -52.15
 197.00 -61.23 -46.23
 198.00 -62.13 -51.40
 199.00 -67.51 -33.62
 200.00 -72.61 -41.59
 201.00 -72.21 -25.51
 202.00 -58.50 -43.88
 203.00 -61.26 -41.56
 204.00 -61.54 -39.89
 205.00 -73.19 -36.13
 206.00 -88.70 -30.46
 207.00 -49.49 -29.97
 208.00 -80.13 -14.57
 209.00 -72.18 -14.66
 210.00 -66.72 -49.93
 211.00 -83.52 -27.96
 212.00 -102.65 -66.49
 213.00 -62.41 -34.16
 214.00 -78.85 -26.54
 215.00 -77.06  -2.96
 216.00 -142.79 -31.54
 217.00 -65.99 139.23
 218.00 -66.51 -17.82
 219.00 -59.10 -28.84
 220.00 -137.03 -38.34
 221.00 -137.53 -10.32
 222.00 -156.15 154.94
 223.00  50.17 131.61
 224.00  78.80  35.88
 225.00 -78.39  -4.77
 226.00 -84.52 130.37
 227.00 -166.95 122.34
 228.00 -69.71 128.16
 229.00 -114.77 111.58
 230.00 -67.02  -9.78
 231.00 -58.66 114.24
 232.00 -55.51 -17.88
 233.00 -62.48 -66.54
 234.00 -64.61 -42.58
 235.00 -115.25 -36.48
 236.00 -121.28 -16.27
 237.00 -62.71 -48.59
 238.00 -52.50 -34.32
 239.00 -63.14 -39.46
 240.00 -57.69 -57.21
 241.00 -63.55 -41.94
 242.00 -147.50 -33.73
 243.00 -79.41 -51.96
 244.00 -67.35 -24.49
 245.00 -57.77 -60.94
 246.00 -64.87 -23.67
 247.00 -63.28 -43.75
 248.00 -62.29 -49.28
 249.00 -56.28 -56.91
 250.00 -66.82 -49.23
 251.00 -70.76 -49.99
 252.00 -65.61 -30.47
 253.00 -67.24 -35.84
 254.00 -67.21 -45.73
 255.00 -53.60 -38.67
 256.00 -77.84 -38.72
 257.00 -75.91 -44.43
 258.00 -62.80 -21.24
 259.00 -52.88 -55.28
 260.00 -65.38 -37.77
 261.00 -81.92 -30.02
 262.00 -60.60 -33.74
 263.00 -64.87 -37.98
 264.00 -76.75 -32.72
 1001.00 -77.10 -24.16
 1002.00 -55.67 -33.53
 1003.00 -72.06 -31.17
 1004.00 -74.44 -36.33
 1005.00 -74.02 -32.71
 1006.00 -65.97 -35.14
 1007.00 -55.34 -43.96
 1008.00 -60.33 -41.50
 1009.00 -68.82 -40.92
 1010.00 -59.80 -38.04
 1011.00 -48.40 -46.48
 1012.00 -81.23 -44.80
 1013.00 -70.84 -28.54
 1014.00 -58.11 -39.32
 1015.00 -74.81 -36.51
 1016.00 -71.31 -39.32
 1017.00 -60.74 -42.27
 1018.00 -79.32 -35.60
 1019.00 -81.04   7.53
 1020.00 -102.43 144.50
 1021.00 -142.03 -26.07
 1022.00 -77.78 174.83
 1023.00 -52.99 -35.74
 1024.00 -60.86 -37.72
 1025.00 -89.91 -38.11
 1026.00 -53.47 -38.79
 1027.00 -67.31 -45.75
 1028.00 -71.02 -53.63
 1029.00 -66.78 -32.37
 1030.00 -48.66 -43.52
 1031.00 -59.23 -50.27
 1032.00 -59.36 -43.24
 1033.00 -61.80 -42.15
 1034.00 -73.16 -33.71
 1035.00 -67.74 -37.96
 1036.00 -68.73 -33.21
 1037.00 -57.97 -41.58
 1038.00 -69.15 -50.85
 1039.00 -68.01 -23.53
 1040.00 -87.41 -30.93
 1041.00  53.65 -24.49
 1042.00  91.43  32.54
 1043.00 -66.04  15.77
 1044.00  58.45 -19.08
 1066.00 -73.71 145.68
 1067.00 -58.06 -11.60
 1068.00 -65.74 -38.65
 1069.00 -64.94 -32.77
 1070.00 -79.50 -37.34
 1071.00 -89.62 -11.44
 1072.00 -40.28 -50.13
 1073.00 -55.30 -50.35
 1074.00 -64.62 -45.63
 1075.00 -63.95 -39.05
 1076.00 -51.87 -42.07
 1077.00 -83.19 -26.92
 1078.00 -58.98 -41.43
 1079.00 -63.68 -36.27
 1080.00 -91.25 -29.39
 1081.00  64.07   5.11
 1082.00 -82.24  16.47
 1083.00 -58.03  68.65
 1084.00 -64.62 -43.72
 1085.00 -70.58 -45.59
 1086.00 -58.41 -38.81
 1087.00 -81.43 -37.59
 1088.00 -50.45 -40.48
 1089.00 -77.16 -41.56
 1090.00 -64.69 -38.15
 1091.00 -76.74 -34.26
 1092.00 -71.30 -31.39
 1093.00 -58.95 -31.13
 1094.00 -49.80 -50.02
 1095.00 -71.85 -46.62
 1096.00 -65.35 -35.23
 1097.00 -52.91 -57.11
 1098.00 -75.12 -46.87
 1099.00 -68.46 -20.04
 1100.00 -77.11 -47.89
 1101.00 -72.16 -26.94
 1102.00 -70.50 -26.15
 1103.00 -64.51 -38.16
 1104.00 -79.26 -39.47
 1105.00 -49.69 -27.98
 313.00 -68.54 -31.00
 314.00 -72.40 -57.45
 315.00 -65.62 -31.73
 316.00 -71.77 -45.55
 317.00 -63.09 -32.43
 318.00 -73.80 -34.35
 319.00 -58.57 -37.76
 320.00 -59.38 -40.40
 321.00 -55.48 -44.67
 322.00 -65.60 -41.49
 323.00 -68.48 -26.38
 324.00 -59.20 -49.71
 325.00 -68.23 -20.95
 326.00 -71.54 -24.91
 327.00 -55.06 -50.95
 328.00 -74.47 -34.71
 329.00 -95.11 -60.21
 330.00 -66.55 -17.75
 331.00 -58.56 -36.37
 332.00 -54.40 -49.17
 333.00 -55.72 -50.05
 334.00 -80.78 -35.80
 335.00 -97.49 -10.67
 336.00 -57.26 -29.81
 337.00 -49.54 -49.36
 338.00 -65.43 -40.42
 339.00 -69.11 -56.77
 340.00 -72.01 -33.06
 341.00 -68.77 -35.01
 342.00 -66.03 -37.83
 343.00 -72.02 -33.15
 344.00 -60.72 -39.80
 345.00 -64.08 -36.32
 346.00 -88.26 -17.14
 347.00 -58.79 -40.93
 348.00 -62.87 -61.19
 349.00 -132.43 126.42
 350.00 -68.73 -52.88
 351.00 -167.01  -9.94
 352.00 -72.90 -14.77
 353.00 -127.34 148.51
 354.00 -45.59 123.50
 355.00 -82.28 -28.98
 356.00 -78.49 -21.48
 357.00 -62.35 -41.23
 358.00 -61.49 -36.80
 359.00 -66.19 -44.92
 360.00 -55.77 -45.97
 361.00 -68.90 -58.86
 362.00 -54.70 -22.88
 363.00 -80.43 -32.81
 364.00 -87.72 -52.58
 365.00 -65.89 -25.23
 366.00 -83.39 -34.07
 367.00 -54.26 -26.57
 368.00 -63.15 -45.35
 369.00 -73.71 -43.55
 370.00 -68.00 -20.44
 371.00 -58.96 -33.68
 372.00 -74.16 -19.34
 373.00 -96.75 -19.06
 374.00 -80.35 -21.32
 375.00 -63.95 -35.33
 376.00 -59.17 -42.23
 377.00 -78.84 -22.41
 378.00 -45.24 -50.16
 379.00 -70.41 -44.12
 380.00 -56.26 -48.93
 381.00 -76.95 -48.36
 382.00 -120.71 -31.89
 383.00 -134.93   5.20
 384.00 -70.04 113.91
 385.00 -65.00 -36.03
 386.00 -57.99 -51.17
 387.00 -70.52 -32.84
 388.00 -77.67 -40.66
 389.00 -60.59 -28.55
 390.00 -56.24 -56.07
 391.00 -62.41 -53.29
 392.00 -69.97 -28.98
 393.00 -58.29 -50.86
 394.00 -63.99 -49.20
 395.00 -89.88 -14.15
 396.00  69.07   2.85
 397.00 -106.93  24.19
 398.00 -126.74 140.95


