 residuo Phi Psi
  69.00 -65.58 126.00
  70.00 -155.09 158.92
  71.00 -60.00 -30.58
  72.00 -69.99 -39.50
  73.00 -74.78 -32.38
  74.00 -70.59 -36.38
  75.00 -55.42 -41.38
  76.00 -56.66 -47.79
  77.00 -63.43 -43.03
  78.00 -44.29 -50.69
  79.00 -62.54 -51.08
  80.00 -90.99 -22.35
  81.00 -68.15 -12.90
  82.00 -55.15 -25.46
  83.00 -61.05 -28.77
  84.00 -69.36 -43.08
  85.00 -63.99 -45.95
  86.00 -63.38 -45.21
  87.00 -63.84 -40.43
  88.00 -70.63 -46.95
  89.00 -67.47 -54.19
  90.00 -64.97 -36.21
  91.00 -72.58 -42.14
  92.00 -58.70 -33.78
  93.00 -68.29 -31.95
  94.00 -55.15 -41.16
  95.00 -58.37 -51.19
  96.00 -54.95 -52.97
  97.00 -53.43 -54.80
  98.00 -78.06 -47.03
  99.00 -83.77 -14.29
 100.00 -123.97 -14.62
 101.00 -66.04 -41.21
 102.00 -74.41 128.50
 103.00 -63.74 -40.35
 104.00 -117.94   3.92
 105.00 -73.41  -3.89
 106.00 -122.78  50.37
 107.00 -68.43 160.22
 108.00 -71.65 -29.76
 109.00 -69.20 -32.54
 110.00 -65.04 -24.49
 111.00 -54.74 -39.94
 112.00 -52.13 -56.43
 113.00 -55.64 -41.07
 114.00 -62.81 -51.34
 115.00 -63.35 -35.63
 116.00 -76.24 -31.16
 117.00 -75.26 -31.76
 118.00 -64.19 -28.97
 119.00 -96.54 -30.08
 120.00 -62.95 -34.44
 121.00 -74.80 -41.87
 122.00 -54.09 -30.35
 123.00 -74.44 -44.84
 124.00 -85.42 -20.71
 125.00 -132.14 -27.52
 126.00 -121.60 -18.94
 127.00 -57.08 -54.96
 128.00 -67.82 -36.40
 129.00 -84.08 -35.56
 130.00 -64.49 -29.30
 131.00 -83.06 -30.71
 132.00 -57.22 -41.18
 133.00 -49.35 -42.24
 134.00 -63.76 -30.86
 135.00 -73.73 -42.62
 136.00 -109.54 -13.95
 137.00  59.94  31.50
 138.00  65.36  38.29
 139.00 -74.60  -8.31
 140.00 -61.28 148.18
 141.00 -78.27 124.38
 142.00 -141.86  -1.27
 143.00 -63.13 -179.95
 144.00 -56.23 159.58
 145.00 -69.78 -45.33
 146.00 -94.52  -4.51
 147.00 -56.78 -23.16
 148.00 -78.02 -62.84
 149.00 -65.41 -10.54
 150.00 -63.10 -47.08
 151.00 -74.31 -37.35
 152.00 -58.69 -40.65
 153.00 -75.40 -33.67
 154.00 -54.69 -48.16
 155.00 -68.91 -48.12
 156.00 -56.78 -42.59
 157.00 -68.77 -57.48
 158.00 -71.66 -41.09
 159.00 -65.85 -32.11
 160.00 -58.49 -43.12
 161.00 -77.48 -29.59
 162.00 -74.59 -46.25
 163.00 -72.89 -23.32
 164.00 -68.02 -32.64
 165.00 -79.26 -30.55
 166.00 -65.74 -33.45
 167.00 -64.63 -43.64
 168.00 -76.49 -34.72
 169.00 -58.40 -35.64
 170.00 -65.88 -52.02
 171.00 -64.53 -35.81
 172.00 -66.16 -46.57
 173.00 -67.19 -35.63
 174.00 -62.54 -45.04
 175.00 -53.84 -45.33
 176.00 -68.22 -39.36
 177.00 -66.55 -13.31
 178.00 -55.20 -38.53
 179.00 -57.30 121.49
 180.00 -105.86 -21.28
 181.00 -49.31  15.15
 182.00 -115.09  18.67
 183.00 -46.73  -6.57
 184.00 -64.06 145.21
 185.00 -75.49 -26.10
 186.00 -129.17 137.00
 187.00 -119.85 164.55
 188.00 -89.49 135.74
 189.00 -44.13 -52.17
 190.00 -56.54 -58.25
 191.00 -81.99 -39.19
 192.00 -59.25 -34.74
 193.00 -68.45 -44.65
 194.00 -71.14 -22.26
 195.00 -63.48 -39.54
 196.00 -42.89 -53.40
 197.00 -59.12 -59.11
 198.00 -51.90 -42.33
 199.00 -71.18 -45.11
 200.00 -52.64 -45.82
 201.00 -61.55 -48.80
 202.00 -75.16 -45.81
 203.00 -69.57 -23.39
 204.00 -62.85 -47.59
 205.00 -76.79 -18.82
 206.00 -80.47 -40.94
 207.00 -58.27 -22.50
 208.00 -45.28 -30.14
 209.00 -74.17 -22.88
 210.00 -62.42 -67.73
 211.00 -66.63 -41.02
 212.00 -89.02 -71.09
 213.00 -60.10 -45.89
 214.00 -76.07 -37.50
 215.00 -79.75  -2.59
 216.00 -143.85 -19.70
 217.00 -66.75 129.90
 218.00 -60.69 -19.72
 219.00 -88.59 -23.63
 220.00 -139.59  -0.11
 221.00 -131.06  -1.21
 222.00 -135.41 139.79
 223.00  48.19 128.91
 224.00  71.87  45.25
 225.00 -70.53 -11.91
 226.00 -75.77 140.99
 227.00 -148.75 117.06
 228.00 -69.94 167.73
 229.00 -92.22  77.76
 230.00 -81.82 -15.23
 231.00 -58.84 118.92
 232.00 -59.35 -31.13
 233.00 -63.02 -25.33
 234.00 -108.74 -21.83
 235.00 -66.89 -44.59
 236.00 -138.20 -20.38
 237.00 -56.43 -45.95
 238.00 -58.59 -41.50
 239.00 -78.59 -16.12
 240.00 -67.57 -44.29
 241.00 -80.40 -31.45
 242.00 -154.72  -8.49
 243.00 -74.50 -69.64
 244.00 -63.27 -34.04
 245.00 -63.13 -70.55
 246.00 -61.84 -21.71
 247.00 -59.21 -55.01
 248.00 -66.79 -39.37
 249.00 -60.14 -45.17
 250.00 -59.15 -50.74
 251.00 -73.98 -56.55
 252.00 -67.52 -30.75
 253.00 -58.39 -42.90
 254.00 -70.34 -31.90
 255.00 -69.49 -43.02
 256.00 -63.66 -29.65
 257.00 -64.38 -53.04
 258.00 -69.14 -21.91
 259.00 -60.97 -46.53
 260.00 -88.12 -29.73
 261.00 -65.07 -21.40
 262.00 -67.29 -43.48
 263.00 -65.43 -36.40
 264.00 -75.95 -35.14
 1001.00 -78.54 -25.65
 1002.00 -72.36 -19.58
 1003.00 -75.40 -38.85
 1004.00 -58.82 -34.78
 1005.00 -65.15 -36.00
 1006.00 -58.60 -39.16
 1007.00 -70.09 -46.66
 1008.00 -67.31 -34.55
 1009.00 -80.08 -32.33
 1010.00 -69.00 -38.74
 1011.00 -59.77 -37.62
 1012.00 -72.35 -45.83
 1013.00 -74.63 -28.95
 1014.00 -63.41 -35.14
 1015.00 -59.44 -36.84
 1016.00 -58.58 -45.62
 1017.00 -35.94 -45.72
 1018.00 -96.61 -45.54
 1019.00 -75.46  13.33
 1020.00 -131.05 145.40
 1021.00 -146.73   8.56
 1022.00 -71.52 136.50
 1023.00 -66.98  -8.30
 1024.00 -71.67 -24.33
 1025.00 -66.56 -42.95
 1026.00 -49.35 -41.72
 1027.00 -64.93 -52.96
 1028.00 -48.18 -50.22
 1029.00 -71.63 -48.27
 1030.00 -70.16 -35.96
 1031.00 -80.76 -22.48
 1032.00 -68.21 -27.15
 1033.00 -51.83 -42.86
 1034.00 -70.26 -47.15
 1035.00 -86.80 -28.60
 1036.00 -63.34 -36.53
 1037.00 -62.15 -40.03
 1038.00 -69.70 -47.25
 1039.00 -65.88 -34.43
 1040.00 -72.32 -47.16
 1041.00  50.79 -18.67
 1042.00  71.75  47.03
 1043.00 -58.16  10.22
 1044.00  69.53 -17.21
 1066.00 -78.60 150.12
 1067.00 -45.85   2.36
 1068.00 -62.66 -41.72
 1069.00 -70.90 -37.67
 1070.00 -78.17 -35.21
 1071.00 -67.37 -23.86
 1072.00 -71.05 -39.01
 1073.00 -83.23 -20.21
 1074.00 -57.58 -37.45
 1075.00 -67.12 -49.73
 1076.00 -62.63 -27.12
 1077.00 -61.24 -53.36
 1078.00 -72.66 -29.10
 1079.00 -73.62 -41.35
 1080.00 -69.85 -25.64
 1081.00  75.07  -3.60
 1082.00 -86.45   6.40
 1083.00 -47.20  77.18
 1084.00 -61.35 -45.53
 1085.00 -91.18 -29.57
 1086.00 -54.75 -37.14
 1087.00 -58.16 -44.57
 1088.00 -65.46 -50.13
 1089.00 -67.96 -48.40
 1090.00 -77.72 -20.75
 1091.00 -67.14 -39.71
 1092.00 -50.94 -39.29
 1093.00 -87.46  -4.76
 1094.00 -55.76 -12.83
 1095.00 -70.09 -58.09
 1096.00 -69.31 -32.56
 1097.00 -60.55 -32.86
 1098.00 -56.48 -64.17
 1099.00 -55.11 -49.76
 1100.00 -81.36 -35.54
 1101.00 -69.03 -22.79
 1102.00 -65.16 -35.13
 1103.00 -66.61 -32.76
 1104.00 -57.18 -54.73
 1105.00 -68.49 -42.13
 313.00 -66.70 -33.63
 314.00 -66.48 -50.19
 315.00 -81.35 -36.39
 316.00 -59.85 -33.73
 317.00 -74.80 -32.46
 318.00 -52.21 -38.75
 319.00 -59.32 -48.89
 320.00 -70.94 -47.89
 321.00 -80.10 -20.54
 322.00 -60.57 -52.61
 323.00 -67.22 -36.87
 324.00 -79.50 -27.18
 325.00 -48.30 -37.76
 326.00 -55.96 -35.97
 327.00 -63.16 -43.09
 328.00 -71.89 -37.29
 329.00 -65.25 -39.77
 330.00 -56.50 -46.21
 331.00 -65.59 -40.21
 332.00 -67.30 -49.65
 333.00 -71.64 -36.73
 334.00 -89.57 -35.81
 335.00 -105.53 -21.73
 336.00 -60.82 -19.15
 337.00 -44.76 -48.06
 338.00 -66.36 -40.33
 339.00 -67.88 -46.84
 340.00 -67.22 -41.21
 341.00 -58.74 -46.34
 342.00 -65.31 -41.54
 343.00 -58.10 -42.81
 344.00 -59.62 -46.19
 345.00 -69.77 -45.38
 346.00 -80.27 -18.50
 347.00 -76.41 -31.22
 348.00 -75.63 -51.85
 349.00 -154.33 159.29
 350.00 -72.03 -55.13
 351.00 -92.99 -35.88
 352.00 -154.53  12.02
 353.00 -136.31 171.68
 354.00 -59.06 133.12
 355.00 -91.10 -18.56
 356.00 -58.72 -43.63
 357.00 -57.16 -43.09
 358.00 -62.32 -41.51
 359.00 -69.27 -31.53
 360.00 -41.43 -57.02
 361.00 -68.55 -55.14
 362.00 -64.67 -32.95
 363.00 -61.14 -45.61
 364.00 -70.27 -47.34
 365.00 -81.29 -39.35
 366.00 -82.71 -26.33
 367.00 -63.83 -22.42
 368.00 -77.85 -38.28
 369.00 -82.79 -27.07
 370.00 -65.18 -24.66
 371.00 -57.98 -26.49
 372.00 -49.88 -47.45
 373.00 -83.15 -27.63
 374.00 -68.26 -27.42
 375.00 -68.55 -30.10
 376.00 -47.61 -43.48
 377.00 -70.47 -39.72
 378.00 -68.52 -37.85
 379.00 -80.95 -33.20
 380.00 -76.80 -20.00
 381.00 -66.43 -34.60
 382.00 -131.31 -36.58
 383.00 -143.49  11.54
 384.00 -56.19 102.74
 385.00 -71.63 -34.50
 386.00 -54.04 -44.70
 387.00 -56.16 -52.08
 388.00 -71.92 -35.53
 389.00 -53.90 -47.00
 390.00 -63.32 -54.94
 391.00 -42.73 -46.40
 392.00 -75.23 -38.18
 393.00 -68.68 -43.85
 394.00 -69.25 -40.98
 395.00 -133.32  -0.16
 396.00  57.51  16.15
 397.00 -66.98  20.96
 398.00 -60.89  53.01


