 residuo Phi Psi
  69.00 -64.78 134.69
  70.00 -71.57 -28.06
  71.00 -46.06 -30.92
  72.00 -55.08 -46.96
  73.00 -75.06 -51.42
  74.00 -69.64 -34.62
  75.00 -70.89 -44.70
  76.00 -75.73 -26.63
  77.00 -70.15 -39.80
  78.00 -68.49 -24.82
  79.00 -70.73 -42.86
  80.00 -68.00 -38.56
  81.00 -60.80 -33.86
  82.00 -65.81 -13.47
  83.00 -75.02 -48.49
  84.00 -62.57 -26.26
  85.00 -74.80 -46.96
  86.00 -54.64 -35.06
  87.00 -43.15 -57.49
  88.00 -76.05 -46.70
  89.00 -68.53 -48.35
  90.00 -58.78 -55.09
  91.00 -74.60 -30.88
  92.00 -60.33 -36.60
  93.00 -48.56 -38.06
  94.00 -65.63 -52.31
  95.00 -61.57 -43.31
  96.00 -71.78 -36.80
  97.00 -61.07 -50.64
  98.00 -72.84 -38.67
  99.00 -78.53 -33.07
 100.00 -113.87 -21.00
 101.00 -94.26 -46.05
 102.00 -57.70 121.63
 103.00 -64.17 -38.69
 104.00 -91.34 -25.12
 105.00 -68.88  -3.55
 106.00 -140.68  84.79
 107.00 -46.98 154.10
 108.00 -61.18 -50.19
 109.00 -66.08 -38.00
 110.00 -61.83 -30.70
 111.00 -64.62 -33.70
 112.00 -67.22 -33.07
 113.00 -75.40 -33.34
 114.00 -64.11 -37.99
 115.00 -59.66 -42.08
 116.00 -79.61 -30.23
 117.00 -68.56 -41.77
 118.00 -78.37 -20.83
 119.00 -87.82 -32.32
 120.00 -61.58 -28.64
 121.00 -72.05 -40.86
 122.00 -56.90 -34.19
 123.00 -61.97 -54.25
 124.00 -78.71 -23.77
 125.00 -143.97 -40.28
 126.00 -78.95 -31.63
 127.00 -71.08 -48.77
 128.00 -65.06 -37.79
 129.00 -82.02 -29.01
 130.00 -65.71 -25.46
 131.00 -58.87 -49.90
 132.00 -79.86 -36.40
 133.00 -64.56 -26.32
 134.00 -73.11 -35.22
 135.00 -52.42 -46.02
 136.00 -74.21 -43.48
 137.00  65.94  14.15
 138.00  65.26  52.67
 139.00 -128.27  23.21
 140.00 -48.16 132.98
 141.00 -72.39 105.25
 142.00 -79.45 -23.59
 143.00 -56.79 168.96
 144.00 -55.15 151.35
 145.00 -75.74 -47.84
 146.00 -97.20   9.98
 147.00 -63.21 -18.01
 148.00 -69.40 -45.88
 149.00 -79.30 -38.90
 150.00 -67.31 -22.49
 151.00 -63.75 -62.06
 152.00 -55.88 -16.53
 153.00 -54.54 -50.41
 154.00 -48.41 -45.03
 155.00 -64.22 -64.62
 156.00 -48.62 -35.50
 157.00 -59.38 -66.77
 158.00 -60.05 -45.09
 159.00 -78.67 -36.19
 160.00 -59.05 -39.96
 161.00 -57.33 -43.76
 162.00 -56.38 -63.65
 163.00 -56.33 -47.13
 164.00 -69.37 -34.17
 165.00 -55.51 -47.38
 166.00 -54.27 -50.90
 167.00 -63.71 -46.59
 168.00 -84.80 -23.94
 169.00 -53.28 -43.76
 170.00 -54.55 -47.69
 171.00 -71.38 -36.59
 172.00 -56.02 -57.02
 173.00 -78.83 -27.35
 174.00 -78.81 -43.76
 175.00 -62.95 -28.72
 176.00 -66.89 -46.89
 177.00 -83.13  -8.11
 178.00 -66.97 -18.54
 179.00 -68.65 133.49
 180.00 -135.98  -1.66
 181.00 -57.06  21.67
 182.00 -63.04 -31.29
 183.00 -73.55 -24.03
 184.00 -71.23 125.16
 185.00 -46.81 -50.17
 186.00 -145.97 129.59
 187.00 -75.40 159.39
 188.00 -67.58 136.41
 189.00 -70.64 -35.49
 190.00 -66.30 -28.04
 191.00 -58.50 -41.07
 192.00 -48.88 -49.29
 193.00 -73.37 -45.91
 194.00 -88.48 -21.73
 195.00 -50.97 -46.30
 196.00 -67.18 -51.52
 197.00 -59.18 -36.13
 198.00 -55.39 -53.57
 199.00 -61.00 -43.11
 200.00 -75.58 -44.05
 201.00 -73.12 -35.34
 202.00 -62.99 -40.96
 203.00 -50.41 -38.34
 204.00 -50.73 -65.45
 205.00 -74.49 -24.53
 206.00 -84.52 -44.63
 207.00 -55.24 -30.58
 208.00 -60.70 -30.74
 209.00 -60.16 -24.33
 210.00 -78.40 -57.76
 211.00 -65.79 -24.42
 212.00 -103.37 -31.87
 213.00 -70.92 -28.61
 214.00 -56.74 -26.03
 215.00 -73.81 -43.26
 216.00 -132.83 -37.75
 217.00 -57.20  94.24
 218.00 -48.52 -28.01
 219.00 -92.31 -14.27
 220.00 -136.75 -25.17
 221.00 -111.14   2.56
 222.00 -141.28 146.53
 223.00  55.57 115.41
 224.00  70.16  42.42
 225.00 -81.33  -3.96
 226.00 -90.12 149.06
 227.00 -161.13 110.53
 228.00 -58.38 139.59
 229.00 -116.48 127.22
 230.00 -60.90 -41.22
 231.00 -40.88 117.98
 232.00 -49.24 -32.07
 233.00 -126.96 -25.93
 234.00 -69.87 -37.47
 235.00 -113.08 -34.08
 236.00 -52.46 -69.98
 237.00 -69.67 -43.60
 238.00 -47.39 -35.98
 239.00 -70.96 -30.56
 240.00 -72.47 -43.64
 241.00 -77.15 -29.28
 242.00 -149.37 -30.13
 243.00 -71.21 -49.48
 244.00 -67.01 -29.85
 245.00 -57.63 -62.78
 246.00 -63.84 -28.69
 247.00 -67.02 -54.10
 248.00 -84.43 -19.94
 249.00 -73.67 -55.10
 250.00 -80.76 -28.66
 251.00 -79.27 -38.93
 252.00 -57.26 -37.08
 253.00 -42.77 -51.42
 254.00 -54.40 -61.24
 255.00 -73.47 -38.19
 256.00 -54.42 -36.07
 257.00 -77.27 -41.48
 258.00 -78.85 -31.03
 259.00 -81.81 -23.61
 260.00 -68.48 -33.10
 261.00 -74.23 -24.66
 262.00 -58.62 -38.98
 263.00 -59.21 -44.77
 264.00 -67.14 -42.31
 1001.00 -57.84 -28.27
 1002.00 -72.53 -30.73
 1003.00 -61.21 -42.67
 1004.00 -59.42 -38.42
 1005.00 -85.11 -23.19
 1006.00 -63.35 -37.65
 1007.00 -56.68 -34.98
 1008.00 -71.97 -51.97
 1009.00 -70.95 -28.68
 1010.00 -64.52 -52.10
 1011.00 -62.52 -38.91
 1012.00 -64.98 -43.59
 1013.00 -56.51 -39.06
 1014.00 -59.25 -43.13
 1015.00 -49.70 -54.06
 1016.00 -57.52 -38.22
 1017.00 -71.25 -46.04
 1018.00 -79.15 -33.56
 1019.00 -85.69 -16.33
 1020.00 -131.58 165.72
 1021.00 -114.09 -15.80
 1022.00 -49.39 128.90
 1023.00 -42.30 -43.57
 1024.00 -71.29 -42.87
 1025.00 -67.72 -33.74
 1026.00 -49.52 -45.84
 1027.00 -63.96 -46.85
 1028.00 -69.73 -50.25
 1029.00 -60.97 -30.75
 1030.00 -81.74 -30.19
 1031.00 -51.12 -40.88
 1032.00 -61.28 -46.25
 1033.00 -64.04 -43.51
 1034.00 -72.11 -36.67
 1035.00 -63.79 -40.38
 1036.00 -76.09 -24.59
 1037.00 -62.01 -44.39
 1038.00 -58.11 -51.83
 1039.00 -69.60 -34.50
 1040.00 -90.87 -34.18
 1041.00  38.42   0.59
 1042.00  84.35  48.13
 1043.00 -62.95  11.54
 1044.00  57.91 -20.68
 1066.00 -75.43 158.71
 1067.00 -54.53 -13.22
 1068.00 -69.48 -35.61
 1069.00 -78.71 -38.07
 1070.00 -66.87 -17.97
 1071.00 -61.19 -45.22
 1072.00 -67.21 -42.06
 1073.00 -63.36 -29.21
 1074.00 -76.38 -35.66
 1075.00 -71.62 -21.65
 1076.00 -36.42 -44.11
 1077.00 -71.05 -50.43
 1078.00 -63.52 -42.93
 1079.00 -59.35 -40.34
 1080.00 -64.56 -51.53
 1081.00  71.98  -3.60
 1082.00 -91.99  17.46
 1083.00 -66.07  88.89
 1084.00 -79.37 -41.82
 1085.00 -68.18 -36.86
 1086.00 -80.32 -28.66
 1087.00 -51.89 -33.26
 1088.00 -64.34 -45.78
 1089.00 -67.47 -41.43
 1090.00 -69.97 -26.76
 1091.00 -55.68 -46.14
 1092.00 -57.29 -38.03
 1093.00 -65.77 -46.79
 1094.00 -54.44 -12.37
 1095.00 -75.23 -51.15
 1096.00 -78.43 -27.97
 1097.00 -55.29 -41.88
 1098.00 -64.22 -39.37
 1099.00 -61.89 -48.22
 1100.00 -63.80 -43.51
 1101.00 -51.07 -37.17
 1102.00 -61.92 -47.02
 1103.00 -54.60 -42.69
 1104.00 -69.12 -46.77
 1105.00 -57.54 -43.04
 313.00 -64.39 -35.15
 314.00 -82.89 -39.34
 315.00 -71.93 -25.65
 316.00 -69.36 -35.04
 317.00 -38.29 -47.76
 318.00 -62.14 -57.61
 319.00 -72.74 -35.17
 320.00 -57.17 -45.77
 321.00 -66.59 -45.21
 322.00 -77.42 -27.67
 323.00 -46.76 -39.83
 324.00 -59.37 -60.57
 325.00 -73.88 -29.63
 326.00 -80.40 -29.31
 327.00 -67.40 -34.75
 328.00 -67.39 -34.79
 329.00 -54.48 -51.66
 330.00 -65.21 -54.81
 331.00 -65.95 -31.40
 332.00 -67.09 -47.61
 333.00 -61.48 -44.32
 334.00 -78.29 -31.51
 335.00 -97.09 -35.30
 336.00 -54.91 -13.76
 337.00 -49.63 -44.28
 338.00 -59.70 -51.88
 339.00 -62.30 -60.97
 340.00 -62.49 -36.53
 341.00 -68.06 -39.71
 342.00 -69.03 -34.45
 343.00 -69.74 -39.61
 344.00 -65.07 -29.96
 345.00 -62.77 -38.31
 346.00 -95.82 -18.98
 347.00 -75.53 -35.23
 348.00 -124.04 -31.96
 349.00 -157.08 154.57
 350.00 -96.93 -44.84
 351.00 -85.05 -39.28
 352.00 -139.14   7.65
 353.00 -106.33 153.47
 354.00 -64.35 115.54
 355.00 -65.39 -20.93
 356.00 -76.06 -38.51
 357.00 -59.92 -41.62
 358.00 -58.85 -36.77
 359.00 -81.12 -38.22
 360.00 -76.16 -25.49
 361.00 -78.18 -31.26
 362.00 -53.97 -39.11
 363.00 -107.34 -20.40
 364.00 -71.50 -34.11
 365.00 -64.74 -28.12
 366.00 -80.99 -39.57
 367.00 -71.54 -10.64
 368.00 -54.30 -43.11
 369.00 -55.84 -49.42
 370.00 -47.03 -39.34
 371.00 -57.67 -33.37
 372.00 -63.93 -22.97
 373.00 -115.75 -16.68
 374.00 -95.78   9.48
 375.00 -71.22 -47.55
 376.00 -55.97 -36.59
 377.00 -58.67 -45.17
 378.00 -70.14 -40.10
 379.00 -54.95 -48.76
 380.00 -65.52 -28.72
 381.00 -72.72 -41.42
 382.00 -113.76 -40.40
 383.00 -115.80 -18.14
 384.00 -57.51 108.64
 385.00 -64.40 -35.87
 386.00 -64.61 -46.81
 387.00 -52.30 -49.80
 388.00 -69.70 -43.66
 389.00 -76.61 -31.57
 390.00 -59.38 -41.79
 391.00 -67.34 -45.13
 392.00 -69.83 -24.08
 393.00 -73.88 -41.40
 394.00 -68.56 -37.45
 395.00 -75.99 -33.01
 396.00  56.38  -4.57
 397.00 -111.37  54.36
 398.00 -80.38  62.55


