 residuo Phi Psi
  69.00 -135.24 134.68
  70.00 -62.26 -27.26
  71.00 -60.08 -32.70
  72.00 -72.73 -31.11
  73.00 -54.21 -52.73
  74.00 -60.61 -42.30
  75.00 -63.07 -45.97
  76.00 -74.85 -32.78
  77.00 -70.37 -28.11
  78.00 -62.27 -50.37
  79.00 -54.84 -36.51
  80.00 -59.69 -58.48
  81.00 -64.58 -31.67
  82.00 -58.78 -16.67
  83.00 -55.53 -48.13
  84.00 -53.24 -50.19
  85.00 -77.51 -56.45
  86.00 -64.25 -26.19
  87.00 -81.56 -26.88
  88.00 -66.53 -45.03
  89.00 -67.87 -63.54
  90.00 -70.12 -25.44
  91.00 -84.05 -55.36
  92.00 -63.26 -14.01
  93.00 -84.83 -25.72
  94.00 -59.42 -29.10
  95.00 -59.19 -51.88
  96.00 -70.35 -39.71
  97.00 -55.03 -57.23
  98.00 -68.20 -43.87
  99.00 -73.57 -25.99
 100.00 -118.98 -32.62
 101.00 -77.70 -47.88
 102.00 -67.73 115.92
 103.00 -66.86 -28.28
 104.00 -103.36 -22.93
 105.00 -53.96 -33.10
 106.00 -140.44  85.70
 107.00 -51.51 164.15
 108.00 -58.07 -46.54
 109.00 -75.04 -49.84
 110.00 -69.40 -19.43
 111.00 -58.43 -41.97
 112.00 -62.92 -46.79
 113.00 -60.94 -33.64
 114.00 -69.63 -38.45
 115.00 -59.49 -33.59
 116.00 -77.56 -35.46
 117.00 -74.10 -30.39
 118.00 -50.26 -40.79
 119.00 -58.63 -47.22
 120.00 -50.92 -60.84
 121.00 -78.93 -38.31
 122.00 -59.67 -35.87
 123.00 -74.03 -45.93
 124.00 -105.38  -9.95
 125.00 -128.78 -25.18
 126.00 -81.91 -33.86
 127.00 -62.38 -55.74
 128.00 -60.66 -50.58
 129.00 -85.57 -34.23
 130.00 -65.51 -29.14
 131.00 -63.89 -35.43
 132.00 -66.47 -49.83
 133.00 -58.41 -21.06
 134.00 -75.72 -47.59
 135.00 -76.76 -19.34
 136.00 -139.58   5.24
 137.00  69.23  35.50
 138.00  53.49  16.72
 139.00 -63.01  11.10
 140.00 -75.65 155.80
 141.00 -73.41 118.53
 142.00 -111.86 -11.37
 143.00 -53.72 164.75
 144.00 -55.86 138.69
 145.00 -36.52 -47.07
 146.00 -88.07 -29.53
 147.00 -69.38  -3.51
 148.00 -55.20 -58.38
 149.00 -78.19 -36.17
 150.00 -89.28 -10.92
 151.00 -55.55 -35.45
 152.00 -41.42 -47.15
 153.00 -78.58 -46.07
 154.00 -61.06 -37.62
 155.00 -75.79 -44.14
 156.00 -67.77 -36.30
 157.00 -59.22 -51.05
 158.00 -76.52 -40.93
 159.00 -61.18 -33.31
 160.00 -67.07 -42.79
 161.00 -61.77 -42.74
 162.00 -64.15 -54.17
 163.00 -72.47 -31.32
 164.00 -68.14 -27.53
 165.00 -53.63 -54.33
 166.00 -64.28 -35.52
 167.00 -55.36 -60.23
 168.00 -66.76 -36.58
 169.00 -52.58 -38.27
 170.00 -84.62 -41.90
 171.00 -58.35 -42.80
 172.00 -77.74 -40.64
 173.00 -69.11 -25.69
 174.00 -64.74 -25.62
 175.00 -66.92 -48.73
 176.00 -79.72 -42.31
 177.00 -88.57 -17.62
 178.00 -86.02   4.98
 179.00 -69.58 133.78
 180.00 -127.37  -1.12
 181.00 -82.43  32.13
 182.00 -86.82 -12.90
 183.00 -60.86   6.16
 184.00 -78.04 144.43
 185.00 -113.83   4.43
 186.00 -147.53 134.89
 187.00 -90.50 144.75
 188.00 -61.88 110.27
 189.00 -45.34 -45.46
 190.00 -81.16 -49.96
 191.00 -62.49 -33.62
 192.00 -68.94 -41.29
 193.00 -50.19 -39.40
 194.00 -69.63 -52.71
 195.00 -54.60 -43.21
 196.00 -70.53 -47.50
 197.00 -61.62 -27.07
 198.00 -56.39 -55.95
 199.00 -67.57 -39.45
 200.00 -64.62 -44.61
 201.00 -67.06 -32.59
 202.00 -63.96 -39.85
 203.00 -60.45 -40.94
 204.00 -61.78 -49.61
 205.00 -72.64 -31.34
 206.00 -78.38 -47.88
 207.00 -55.00 -29.76
 208.00 -62.54 -27.18
 209.00 -52.73 -33.51
 210.00 -68.19 -58.19
 211.00 -74.30 -28.74
 212.00 -80.26 -33.80
 213.00 -65.04 -55.13
 214.00 -64.90 -32.03
 215.00 -94.43 -23.56
 216.00 -133.34 -30.23
 217.00 -63.97 103.07
 218.00 -51.97 -24.54
 219.00 -86.07 -27.47
 220.00 -118.38 -28.88
 221.00 -125.52  -5.94
 222.00 -156.68 149.01
 223.00  53.78 130.32
 224.00  69.88  41.40
 225.00 -125.70  23.63
 226.00 -71.60 152.31
 227.00 -158.77 107.04
 228.00 -61.14 122.08
 229.00 -130.26 129.88
 230.00 -51.98 -35.65
 231.00 -53.57 127.51
 232.00 -61.77 -37.48
 233.00 -109.92 -18.61
 234.00 -54.97 -51.45
 235.00 -89.02 -53.83
 236.00 -75.15 -61.46
 237.00 -83.60 -22.15
 238.00 -60.94 -23.43
 239.00 -67.57 -28.84
 240.00 -77.28 -46.52
 241.00 -79.65 -28.59
 242.00 -147.01 -20.07
 243.00 -54.05 -80.26
 244.00 -60.73 -38.47
 245.00 -65.07 -61.48
 246.00 -53.15 -26.96
 247.00 -70.84 -49.92
 248.00 -65.05 -43.52
 249.00 -51.91 -47.57
 250.00 -73.93 -53.04
 251.00 -73.98 -30.16
 252.00 -67.64 -38.69
 253.00 -58.09 -35.97
 254.00 -73.24 -50.88
 255.00 -61.04 -23.58
 256.00 -56.70 -42.68
 257.00 -59.79 -56.43
 258.00 -58.17 -39.61
 259.00 -63.48 -44.03
 260.00 -66.49 -41.54
 261.00 -64.96 -31.96
 262.00 -83.38 -36.00
 263.00 -60.28 -29.99
 264.00 -71.36 -33.27
 1001.00 -73.74 -29.99
 1002.00 -52.81 -33.21
 1003.00 -82.29 -38.38
 1004.00 -71.61 -27.07
 1005.00 -62.05 -45.34
 1006.00 -74.44 -27.16
 1007.00 -69.91 -41.02
 1008.00 -69.50 -23.00
 1009.00 -69.19 -44.77
 1010.00 -80.97 -32.70
 1011.00 -59.34 -34.45
 1012.00 -50.78 -60.08
 1013.00 -60.39 -43.83
 1014.00 -73.90 -41.01
 1015.00 -60.00 -28.19
 1016.00 -60.71 -52.51
 1017.00 -70.39 -43.21
 1018.00 -142.02   9.01
 1019.00 -88.58  33.58
 1020.00 -79.52 123.74
 1021.00 -149.93 -13.10
 1022.00 -73.11 162.85
 1023.00 -67.62 -26.11
 1024.00 -60.09 -35.86
 1025.00 -67.78 -49.30
 1026.00 -63.00 -30.44
 1027.00 -64.68 -55.58
 1028.00 -63.47 -48.15
 1029.00 -63.84 -44.44
 1030.00 -78.49 -22.27
 1031.00 -76.38 -32.57
 1032.00 -61.66 -35.79
 1033.00 -60.90 -43.58
 1034.00 -67.34 -44.58
 1035.00 -79.10 -33.47
 1036.00 -60.83 -32.47
 1037.00 -68.52 -47.45
 1038.00 -59.62 -36.67
 1039.00 -77.83 -31.27
 1040.00 -75.97 -34.72
 1041.00  52.31 -35.82
 1042.00 111.91  24.38
 1043.00 -70.51   6.22
 1044.00  69.93 -17.32
 1066.00 -67.82 133.71
 1067.00 -60.08   6.89
 1068.00 -64.97 -46.69
 1069.00 -54.65 -27.01
 1070.00 -70.55 -50.40
 1071.00 -84.10 -21.37
 1072.00 -56.19 -37.14
 1073.00 -57.18 -43.89
 1074.00 -68.34 -40.47
 1075.00 -79.80 -33.76
 1076.00 -54.12 -20.87
 1077.00 -65.11 -53.57
 1078.00 -64.07 -35.83
 1079.00 -50.53 -51.39
 1080.00 -61.21 -42.10
 1081.00  68.88 -14.44
 1082.00 -90.69  17.93
 1083.00 -59.40  65.44
 1084.00 -66.90 -37.65
 1085.00 -64.69 -39.33
 1086.00 -71.90 -42.47
 1087.00 -63.44 -26.45
 1088.00 -59.78 -45.99
 1089.00 -68.23 -38.66
 1090.00 -75.98 -31.69
 1091.00 -55.40 -56.85
 1092.00 -88.82 -42.87
 1093.00 -76.40  -6.86
 1094.00 -57.36 -16.48
 1095.00 -82.65 -40.69
 1096.00 -63.22 -35.32
 1097.00 -62.73 -45.76
 1098.00 -66.44 -41.00
 1099.00 -56.39 -36.85
 1100.00 -78.75 -38.25
 1101.00 -48.12 -53.68
 1102.00 -60.49 -37.78
 1103.00 -55.05 -54.53
 1104.00 -71.65 -38.87
 1105.00 -58.02 -32.53
 313.00 -74.83 -31.08
 314.00 -77.89 -41.47
 315.00 -64.76 -27.26
 316.00 -58.37 -51.73
 317.00 -69.99 -31.62
 318.00 -59.38 -51.26
 319.00 -59.03 -35.68
 320.00 -59.33 -49.38
 321.00 -52.05 -47.44
 322.00 -81.80 -33.77
 323.00 -68.80 -25.48
 324.00 -57.11 -45.59
 325.00 -65.60 -34.34
 326.00 -77.32 -32.94
 327.00 -54.33 -40.68
 328.00 -79.32 -33.48
 329.00 -64.56 -54.86
 330.00 -76.46 -40.20
 331.00 -69.13 -16.83
 332.00 -60.47 -55.05
 333.00 -63.38 -52.38
 334.00 -88.68 -20.41
 335.00 -86.60 -26.06
 336.00 -44.56 -32.64
 337.00 -47.32 -48.38
 338.00 -65.58 -48.24
 339.00 -58.35 -52.17
 340.00 -71.68 -43.70
 341.00 -81.80 -43.11
 342.00 -56.34 -37.93
 343.00 -57.97 -44.78
 344.00 -54.63 -45.64
 345.00 -61.69 -49.67
 346.00 -76.08 -22.92
 347.00 -111.47 -19.09
 348.00 -53.76 -46.63
 349.00 -131.06 143.08
 350.00 -70.26 -56.63
 351.00 -98.61 -21.73
 352.00 -155.46  15.95
 353.00 -73.93 145.10
 354.00 -68.10 122.90
 355.00 -99.74 -17.27
 356.00 -64.89 -34.74
 357.00 -65.01 -41.23
 358.00 -66.82 -30.63
 359.00 -55.75 -46.50
 360.00 -69.45 -36.57
 361.00 -62.00 -50.51
 362.00 -61.13 -33.55
 363.00 -80.29 -33.04
 364.00 -67.63 -36.48
 365.00 -52.85 -45.15
 366.00 -77.89 -43.29
 367.00 -63.95 -27.95
 368.00 -63.92 -29.99
 369.00 -65.15 -50.97
 370.00 -79.54 -21.65
 371.00 -49.01 -25.73
 372.00 -58.91 -35.39
 373.00 -93.01  -6.23
 374.00 -95.77 -14.81
 375.00 -57.71 -30.57
 376.00 -50.91 -39.92
 377.00 -83.87 -28.17
 378.00 -61.93 -39.67
 379.00 -69.34 -45.98
 380.00 -69.83 -34.67
 381.00 -58.15 -44.80
 382.00 -115.66 -49.38
 383.00 -120.88  -6.99
 384.00 -54.61 108.67
 385.00 -73.17 -33.98
 386.00 -58.94 -45.15
 387.00 -48.98 -57.19
 388.00 -72.70 -40.02
 389.00 -55.40 -44.59
 390.00 -62.66 -49.84
 391.00 -58.27 -50.65
 392.00 -88.97 -14.88
 393.00 -63.22 -38.94
 394.00 -60.41 -48.58
 395.00 -112.95   0.09
 396.00  53.23   6.45
 397.00 -83.69  25.39
 398.00 -65.62  51.77


