 residuo Phi Psi
  69.00 -70.33  74.95
  70.00 -52.72 -18.63
  71.00 -83.22 -40.04
  72.00 -65.73 -23.00
  73.00 -77.86 -28.64
  74.00 -54.59 -50.11
  75.00 -74.23 -43.96
  76.00 -68.00 -35.89
  77.00 -63.80 -43.97
  78.00 -70.96 -21.79
  79.00 -64.37 -49.79
  80.00 -69.36 -22.12
  81.00 -82.90 -36.38
  82.00 -44.67 -27.27
  83.00 -55.81 -56.77
  84.00 -53.38 -47.37
  85.00 -67.55 -47.69
  86.00 -59.97 -45.52
  87.00 -76.09 -28.07
  88.00 -60.26 -67.82
  89.00 -67.87 -59.33
  90.00 -77.88 -13.72
  91.00 -67.98 -64.38
  92.00 -69.98 -13.89
  93.00 -71.45 -19.87
  94.00 -84.67 -24.75
  95.00 -57.27 -51.02
  96.00 -63.38 -45.38
  97.00 -58.26 -52.38
  98.00 -76.83 -44.25
  99.00 -69.27 -21.95
 100.00 -126.39 -52.28
 101.00 -83.52  -6.74
 102.00 -59.34 108.83
 103.00 -62.80 -37.53
 104.00 -124.64  -9.84
 105.00 -54.15 -14.24
 106.00 -157.68  96.05
 107.00 -53.94 161.16
 108.00 -67.92 -31.37
 109.00 -72.94 -49.74
 110.00 -64.19 -18.74
 111.00 -74.68 -27.47
 112.00 -65.06 -39.97
 113.00 -76.11 -28.73
 114.00 -80.58 -30.61
 115.00 -66.58 -26.95
 116.00 -60.26 -37.44
 117.00 -78.13 -39.54
 118.00 -63.43 -35.22
 119.00 -74.59 -33.07
 120.00 -59.74 -49.56
 121.00 -56.39 -45.49
 122.00 -67.23 -47.75
 123.00 -64.87 -36.70
 124.00 -83.81 -32.50
 125.00 -112.97 -35.40
 126.00 -106.20 -30.70
 127.00 -69.69 -47.93
 128.00 -58.60 -49.70
 129.00 -83.01 -25.32
 130.00 -56.94 -40.37
 131.00 -57.10 -46.31
 132.00 -58.85 -52.30
 133.00 -64.97 -37.27
 134.00 -90.04 -30.31
 135.00 -63.47 -32.92
 136.00 -68.89 -33.54
 137.00  88.06 -13.28
 138.00  50.62  47.22
 139.00 -64.74   3.94
 140.00 -72.82 143.16
 141.00 -86.85 117.49
 142.00 -125.81  10.58
 143.00 -62.03 175.72
 144.00 -59.39 164.90
 145.00 -62.03 -48.09
 146.00 -67.01 -25.30
 147.00 -62.97 -22.77
 148.00 -61.28 -49.82
 149.00 -73.75 -42.31
 150.00 -66.35 -27.80
 151.00 -67.62 -43.92
 152.00 -51.57 -44.78
 153.00 -72.50 -52.31
 154.00 -58.89 -37.82
 155.00 -63.55 -46.24
 156.00 -55.08 -48.80
 157.00 -58.42 -66.96
 158.00 -60.36 -40.08
 159.00 -77.51 -32.56
 160.00 -66.69 -42.89
 161.00 -50.57 -38.43
 162.00 -67.46 -62.29
 163.00 -65.86 -39.13
 164.00 -65.19 -30.86
 165.00 -58.83 -38.98
 166.00 -65.31 -39.08
 167.00 -68.96 -52.00
 168.00 -56.95 -32.30
 169.00 -60.33 -50.97
 170.00 -71.86 -38.50
 171.00 -81.58 -33.25
 172.00 -64.67 -38.61
 173.00 -64.50 -41.46
 174.00 -60.61 -35.06
 175.00 -62.52 -46.77
 176.00 -63.54 -40.20
 177.00 -80.59 -15.12
 178.00 -84.00 -27.12
 179.00 -62.65 124.38
 180.00 -129.91  16.35
 181.00 -57.54  -2.66
 182.00 -85.62 -13.64
 183.00 -63.61   2.65
 184.00 -65.00 136.45
 185.00 -93.57 -16.56
 186.00 -157.54 131.88
 187.00 -57.41 135.69
 188.00 -73.62 125.02
 189.00 -69.32 -40.76
 190.00 -68.73 -29.75
 191.00 -69.13 -26.24
 192.00 -50.57 -59.38
 193.00 -57.49 -47.60
 194.00 -70.85 -40.90
 195.00 -55.57 -44.87
 196.00 -76.96 -41.08
 197.00 -63.42 -24.01
 198.00 -65.83 -49.25
 199.00 -53.49 -45.47
 200.00 -63.64 -54.65
 201.00 -64.60 -27.55
 202.00 -60.87 -55.85
 203.00 -67.02 -30.79
 204.00 -61.94 -59.62
 205.00 -62.07 -31.13
 206.00 -81.92 -57.33
 207.00 -54.27 -11.58
 208.00 -71.28 -21.68
 209.00 -78.90 -13.41
 210.00 -58.99 -60.59
 211.00 -69.42 -25.03
 212.00 -79.86 -71.89
 213.00 -61.11 -17.68
 214.00 -83.07 -30.61
 215.00 -103.66  -5.60
 216.00 -136.88 -42.45
 217.00 -62.18 115.48
 218.00 -58.73 -29.06
 219.00 -84.86 -12.33
 220.00 -131.70 -30.67
 221.00 -139.13   0.02
 222.00 -158.68 151.33
 223.00  51.55 135.87
 224.00 108.40  15.39
 225.00 -107.10 -19.96
 226.00 -72.58 157.17
 227.00 -159.48 112.30
 228.00 -65.10 130.49
 229.00 -140.09 127.33
 230.00 -73.69 -17.37
 231.00 -56.50 120.17
 232.00 -66.20  -8.95
 233.00 -112.82 -32.14
 234.00 -63.49 -36.10
 235.00 -80.68 -59.28
 236.00 -62.71 -78.79
 237.00 -66.61 -51.19
 238.00 -43.24 -40.55
 239.00 -65.01 -34.39
 240.00 -73.13 -45.09
 241.00 -73.06 -37.35
 242.00 -131.80 -26.88
 243.00 -80.06 -47.39
 244.00 -85.22 -22.99
 245.00 -69.47 -48.25
 246.00 -61.84 -33.84
 247.00 -66.72 -38.99
 248.00 -72.60 -31.92
 249.00 -69.48 -29.14
 250.00 -51.75 -44.70
 251.00 -67.59 -58.90
 252.00 -69.24 -46.23
 253.00 -67.67 -34.74
 254.00 -70.26 -45.05
 255.00 -64.19 -32.92
 256.00 -51.76 -46.52
 257.00 -64.34 -61.15
 258.00 -40.82 -45.06
 259.00 -65.51 -60.66
 260.00 -66.44 -27.33
 261.00 -67.65 -37.65
 262.00 -67.91 -33.59
 263.00 -69.55 -27.50
 264.00 -63.10 -42.03
 1001.00 -73.71 -27.80
 1002.00 -59.42 -31.98
 1003.00 -54.16 -50.92
 1004.00 -76.68 -36.84
 1005.00 -73.34 -33.29
 1006.00 -63.87 -33.80
 1007.00 -68.66 -47.26
 1008.00 -89.30 -12.93
 1009.00 -53.59 -38.01
 1010.00 -70.52 -48.70
 1011.00 -66.39 -35.18
 1012.00 -73.68 -39.25
 1013.00 -76.43 -31.82
 1014.00 -54.17 -41.74
 1015.00 -79.51 -34.70
 1016.00 -57.19 -43.22
 1017.00 -64.56 -45.31
 1018.00 -111.72 -18.73
 1019.00 -60.21   0.66
 1020.00 -73.46 122.66
 1021.00 -140.75 -33.68
 1022.00 -53.31 156.96
 1023.00 -53.57 -40.32
 1024.00 -70.65 -38.24
 1025.00 -60.77 -37.42
 1026.00 -60.02 -41.80
 1027.00 -64.50 -44.66
 1028.00 -58.17 -57.00
 1029.00 -83.48 -31.33
 1030.00 -71.89 -17.26
 1031.00 -69.58 -37.58
 1032.00 -59.62 -43.04
 1033.00 -48.45 -46.90
 1034.00 -58.89 -50.49
 1035.00 -75.75 -42.53
 1036.00 -76.75 -23.94
 1037.00 -66.49 -38.19
 1038.00 -54.84 -49.24
 1039.00 -66.29 -45.28
 1040.00 -74.89 -45.24
 1041.00  44.58 -23.95
 1042.00 102.97  47.21
 1043.00 -74.61  15.38
 1044.00  56.79  -2.13
 1066.00 -84.96 173.50
 1067.00 -45.94 -14.60
 1068.00 -67.12 -40.28
 1069.00 -64.22 -40.71
 1070.00 -68.31 -33.46
 1071.00 -65.40 -35.64
 1072.00 -64.49 -47.79
 1073.00 -55.65 -38.62
 1074.00 -74.01 -33.80
 1075.00 -61.78 -38.40
 1076.00 -65.87 -35.69
 1077.00 -70.50 -36.38
 1078.00 -49.75 -47.92
 1079.00 -71.57 -36.96
 1080.00 -64.96 -43.34
 1081.00  87.52  -9.68
 1082.00 -87.43  13.98
 1083.00 -49.43  73.08
 1084.00 -67.67 -40.23
 1085.00 -82.24 -41.98
 1086.00 -71.65 -20.67
 1087.00 -56.05 -55.04
 1088.00 -77.66 -25.34
 1089.00 -63.11 -39.04
 1090.00 -51.61 -41.29
 1091.00 -64.65 -39.37
 1092.00 -62.67 -47.07
 1093.00 -94.89 -18.34
 1094.00 -54.51 -44.95
 1095.00 -77.42 -46.59
 1096.00 -67.80 -31.66
 1097.00 -61.57 -19.46
 1098.00 -61.36 -36.24
 1099.00 -61.93 -42.83
 1100.00 -58.77 -47.88
 1101.00 -61.91 -42.94
 1102.00 -62.65 -37.88
 1103.00 -69.81 -41.45
 1104.00 -62.89 -28.49
 1105.00 -54.40 -46.69
 313.00 -56.59 -40.18
 314.00 -70.35 -38.65
 315.00 -65.78 -39.04
 316.00 -62.79 -42.73
 317.00 -71.17 -35.38
 318.00 -60.21 -43.00
 319.00 -53.39 -48.36
 320.00 -57.68 -52.19
 321.00 -61.75 -42.62
 322.00 -78.42 -38.21
 323.00 -43.74 -34.60
 324.00 -53.05 -57.52
 325.00 -43.24 -43.29
 326.00 -64.81 -45.25
 327.00 -60.13 -45.93
 328.00 -65.71 -45.45
 329.00 -75.21 -25.43
 330.00 -65.35 -53.43
 331.00 -39.87 -48.70
 332.00 -57.41 -62.51
 333.00 -61.27 -55.36
 334.00 -75.61 -29.26
 335.00 -94.40 -34.04
 336.00 -49.07 -21.91
 337.00 -65.51 -33.45
 338.00 -50.56 -45.89
 339.00 -63.17 -62.75
 340.00 -70.42 -20.84
 341.00 -76.86 -45.75
 342.00 -64.67 -43.06
 343.00 -108.43 -18.70
 344.00 -53.52 -29.97
 345.00 -64.91 -40.21
 346.00 -96.92 -22.17
 347.00 -89.90 -41.73
 348.00 -69.29 -30.62
 349.00 -152.11 156.48
 350.00 -83.56 -48.45
 351.00 -94.94 -35.00
 352.00 -168.42  32.68
 353.00 -144.35 169.31
 354.00 -54.05 128.21
 355.00 -86.32 -38.94
 356.00 -91.50 -12.87
 357.00 -63.60 -28.03
 358.00 -49.67 -49.44
 359.00 -74.87 -43.28
 360.00 -75.96 -22.08
 361.00 -62.47 -40.83
 362.00 -56.33 -41.88
 363.00 -102.87 -22.43
 364.00 -65.20 -45.41
 365.00 -60.20 -39.51
 366.00 -89.14 -35.28
 367.00 -77.08  -3.09
 368.00 -56.90 -31.06
 369.00 -60.56 -57.96
 370.00 -63.41 -20.38
 371.00 -69.69 -31.02
 372.00 -88.97  -8.30
 373.00 -109.50  -5.61
 374.00 -79.67 -10.25
 375.00 -61.34 -37.80
 376.00 -58.39 -40.19
 377.00 -67.80 -40.20
 378.00 -72.11 -35.41
 379.00 -65.44 -45.70
 380.00 -78.97 -10.47
 381.00 -87.81 -34.66
 382.00 -83.11 -45.84
 383.00 -164.18   3.19
 384.00 -56.12 110.04
 385.00 -70.77 -37.38
 386.00 -49.49 -53.90
 387.00 -41.77 -59.41
 388.00 -55.76 -52.44
 389.00 -71.72 -39.38
 390.00 -55.60 -45.54
 391.00 -63.39 -41.34
 392.00 -81.61 -33.35
 393.00 -59.68 -30.73
 394.00 -75.04 -47.32
 395.00 -84.28 -18.21
 396.00  60.29  16.72
 397.00 -123.42  30.59
 398.00 -105.40 145.12


