 residuo Phi Psi
  69.00 -58.75 103.95
  70.00 -78.84 -15.07
  71.00 -71.43 -26.16
  72.00 -68.02 -20.24
  73.00 -63.50 -46.11
  74.00 -74.01 -33.41
  75.00 -62.04 -36.69
  76.00 -67.64 -32.94
  77.00 -60.96 -40.96
  78.00 -63.58 -41.44
  79.00 -65.77 -49.48
  80.00 -94.73 -10.69
  81.00 -62.71 -27.48
  82.00 -60.11 -26.72
  83.00 -68.85 -26.64
  84.00 -70.87 -40.02
  85.00 -66.46 -30.64
  86.00 -72.42 -61.67
  87.00 -64.57 -18.47
  88.00 -75.29 -49.82
  89.00 -61.72 -56.15
  90.00 -74.09 -27.39
  91.00 -55.62 -66.09
  92.00 -60.38 -30.51
  93.00 -50.44 -47.22
  94.00 -69.43 -37.45
  95.00 -53.28 -46.51
  96.00 -53.76 -51.27
  97.00 -56.75 -49.91
  98.00 -75.55 -42.79
  99.00 -64.34 -30.06
 100.00 -124.87 -15.75
 101.00 -74.55 -62.87
 102.00 -54.17 114.98
 103.00 -74.16 -35.23
 104.00 -89.09 -27.62
 105.00 -110.17  18.57
 106.00 -143.24  83.50
 107.00 -35.82 157.97
 108.00 -79.66 -38.76
 109.00 -62.64 -47.22
 110.00 -62.81 -27.93
 111.00 -68.21 -39.46
 112.00 -58.81 -42.93
 113.00 -61.77 -40.91
 114.00 -66.60 -41.21
 115.00 -61.99 -29.14
 116.00 -74.92 -34.59
 117.00 -74.62 -26.76
 118.00 -62.69 -42.87
 119.00 -87.23 -30.10
 120.00 -59.79 -41.81
 121.00 -69.54 -41.65
 122.00 -66.37 -33.79
 123.00 -79.06 -37.15
 124.00 -86.11 -21.37
 125.00 -128.66 -19.47
 126.00 -133.34 -18.29
 127.00 -55.63 -60.12
 128.00 -76.53 -34.30
 129.00 -77.85 -27.96
 130.00 -79.60 -27.25
 131.00 -66.73 -38.70
 132.00 -57.09 -49.62
 133.00 -56.10 -31.26
 134.00 -59.65 -43.54
 135.00 -65.11 -43.15
 136.00 -83.16 -27.94
 137.00  52.29  29.91
 138.00  52.45  41.45
 139.00 -127.08  48.19
 140.00 -57.15 143.82
 141.00 -86.30 123.78
 142.00 -91.91 -30.00
 143.00 -40.08 179.75
 144.00 -49.26 128.67
 145.00 -53.72 -44.62
 146.00 -80.08 -21.26
 147.00 -51.85 -29.33
 148.00 -76.96 -36.33
 149.00 -67.22 -38.77
 150.00 -66.23 -34.62
 151.00 -74.79 -39.74
 152.00 -66.26 -26.14
 153.00 -70.62 -47.02
 154.00 -60.12 -37.62
 155.00 -72.85 -45.77
 156.00 -63.25 -36.08
 157.00 -74.37 -51.02
 158.00 -52.95 -40.74
 159.00 -62.75 -42.43
 160.00 -58.28 -48.29
 161.00 -63.07 -40.00
 162.00 -78.60 -46.46
 163.00 -80.55 -31.98
 164.00 -80.78  -6.88
 165.00 -61.43 -46.54
 166.00 -62.35 -32.34
 167.00 -69.28 -43.24
 168.00 -54.27 -50.11
 169.00 -55.80 -48.39
 170.00 -64.71 -47.85
 171.00 -56.45 -40.49
 172.00 -81.94 -40.44
 173.00 -72.44 -26.22
 174.00 -116.86 -12.53
 175.00 -56.03 -17.27
 176.00 -64.57 -47.56
 177.00 -111.85  14.03
 178.00 -80.91 -15.24
 179.00 -65.65 139.33
 180.00 -85.41 -45.19
 181.00 -81.20  24.75
 182.00 -107.02  12.61
 183.00 -55.70   4.96
 184.00 -62.48 154.27
 185.00 -78.07 -31.17
 186.00 -162.40 130.34
 187.00 -77.97 154.79
 188.00 -106.25 156.09
 189.00 -48.52 -43.92
 190.00 -61.85 -54.82
 191.00 -40.95 -49.80
 192.00 -54.29 -54.12
 193.00 -78.19 -46.65
 194.00 -63.05 -22.82
 195.00 -54.37 -43.20
 196.00 -67.18 -44.99
 197.00 -61.78 -40.26
 198.00 -68.88 -44.73
 199.00 -59.24 -40.30
 200.00 -66.72 -44.77
 201.00 -76.56 -30.95
 202.00 -61.89 -41.41
 203.00 -65.29 -34.16
 204.00 -62.84 -42.03
 205.00 -73.94 -33.49
 206.00 -62.08 -52.94
 207.00 -60.12 -35.00
 208.00 -66.93 -23.71
 209.00 -56.21 -25.16
 210.00 -66.47 -50.14
 211.00 -63.97 -34.34
 212.00 -102.52 -44.13
 213.00 -75.35  -9.65
 214.00 -76.86 -40.49
 215.00 -81.64  -8.33
 216.00 -157.94 -30.73
 217.00 -56.45 113.33
 218.00 -61.57 -44.35
 219.00 -75.42  -7.16
 220.00 -125.10 -30.17
 221.00 -146.04  22.48
 222.00 -140.05 141.53
 223.00  47.37 130.18
 224.00  54.53  49.63
 225.00 -74.63   0.80
 226.00 -70.76 143.87
 227.00 -163.90 114.36
 228.00 -61.97 126.08
 229.00 -84.59  96.51
 230.00 -75.28 -22.57
 231.00 -47.57 106.44
 232.00 -57.78 -29.93
 233.00 -118.88 -22.26
 234.00 -73.93 -16.07
 235.00 -91.81 -37.55
 236.00 -53.60 -82.88
 237.00 -61.92 -37.83
 238.00 -61.93 -41.92
 239.00 -61.61 -30.07
 240.00 -83.05 -53.13
 241.00 -77.95 -21.71
 242.00 -146.32 -26.30
 243.00 -74.28 -58.49
 244.00 -69.86 -29.97
 245.00 -70.94 -52.87
 246.00 -53.84 -30.93
 247.00 -67.45 -46.62
 248.00 -62.03 -45.32
 249.00 -51.15 -41.81
 250.00 -48.95 -68.63
 251.00 -57.44 -48.13
 252.00 -66.63 -50.75
 253.00 -65.31 -31.01
 254.00 -55.24 -53.28
 255.00 -56.01 -47.14
 256.00 -81.78 -27.24
 257.00 -59.10 -53.22
 258.00 -66.96 -38.31
 259.00 -68.93 -27.43
 260.00 -73.03 -41.58
 261.00 -61.77 -20.37
 262.00 -72.28 -41.66
 263.00 -59.04 -30.18
 264.00 -72.00 -39.01
 1001.00 -69.69 -35.38
 1002.00 -68.48 -33.99
 1003.00 -65.14 -34.63
 1004.00 -59.30 -43.70
 1005.00 -67.25 -37.03
 1006.00 -70.66 -27.69
 1007.00 -72.85 -49.18
 1008.00 -71.61 -15.86
 1009.00 -60.73 -43.49
 1010.00 -66.69 -44.83
 1011.00 -56.91 -47.49
 1012.00 -68.36 -40.84
 1013.00 -55.45 -42.61
 1014.00 -78.33 -31.78
 1015.00 -61.73 -39.25
 1016.00 -58.06 -43.51
 1017.00 -70.44 -43.33
 1018.00 -53.90 -43.45
 1019.00 -61.98 -41.26
 1020.00 -74.20 122.72
 1021.00 -148.16  -6.42
 1022.00 -71.12 152.99
 1023.00 -71.09 -27.01
 1024.00 -56.86 -36.87
 1025.00 -82.68 -34.00
 1026.00 -51.66 -38.21
 1027.00 -72.65 -54.08
 1028.00 -61.66 -41.47
 1029.00 -63.62 -41.96
 1030.00 -91.25 -27.64
 1031.00 -57.45 -27.99
 1032.00 -64.60 -49.39
 1033.00 -60.63 -35.99
 1034.00 -64.19 -38.32
 1035.00 -71.21 -47.98
 1036.00 -77.79 -21.85
 1037.00 -73.12 -29.47
 1038.00 -63.98 -39.48
 1039.00 -71.51 -27.28
 1040.00 -59.24 -49.21
 1041.00  43.34 -36.49
 1042.00  92.11  43.88
 1043.00 -64.93   4.74
 1044.00  79.91 -28.76
 1066.00 -72.83 151.12
 1067.00 -50.05  -8.62
 1068.00 -71.91 -39.53
 1069.00 -55.74 -47.21
 1070.00 -67.77 -31.76
 1071.00 -57.94 -49.21
 1072.00 -55.46 -39.88
 1073.00 -66.79 -47.68
 1074.00 -67.81 -33.39
 1075.00 -76.87 -35.96
 1076.00 -35.23 -38.37
 1077.00 -79.76 -54.88
 1078.00 -70.92 -16.93
 1079.00 -82.06 -35.88
 1080.00 -65.21 -33.00
 1081.00  63.33  -4.55
 1082.00 -79.37  19.75
 1083.00 -56.95  83.50
 1084.00 -61.49 -50.85
 1085.00 -85.15 -28.15
 1086.00 -68.59 -36.59
 1087.00 -68.43 -32.62
 1088.00 -53.49 -35.52
 1089.00 -61.80 -50.27
 1090.00 -69.11 -37.97
 1091.00 -67.56 -39.50
 1092.00 -78.75 -27.04
 1093.00 -59.37 -36.93
 1094.00 -43.97 -33.10
 1095.00 -64.42 -54.82
 1096.00 -76.33 -34.03
 1097.00 -70.65 -33.92
 1098.00 -62.21 -44.99
 1099.00 -67.13 -42.53
 1100.00 -81.89 -40.69
 1101.00 -46.72 -39.04
 1102.00 -56.51 -45.94
 1103.00 -59.32 -55.55
 1104.00 -75.55 -35.80
 1105.00 -70.63 -32.10
 313.00 -69.60 -28.39
 314.00 -80.82 -35.20
 315.00 -70.68 -27.51
 316.00 -59.43 -30.69
 317.00 -66.66 -44.25
 318.00 -53.91 -45.90
 319.00 -60.62 -52.14
 320.00 -57.96 -32.94
 321.00 -66.87 -43.93
 322.00 -70.17 -33.48
 323.00 -77.55 -39.90
 324.00 -60.38 -32.06
 325.00 -60.37 -37.99
 326.00 -61.78 -36.31
 327.00 -64.60 -40.11
 328.00 -74.57 -25.68
 329.00 -59.60 -61.57
 330.00 -64.30 -54.14
 331.00 -76.76 -26.03
 332.00 -66.79 -45.86
 333.00 -60.69 -50.65
 334.00 -89.10 -23.33
 335.00 -81.40 -30.83
 336.00 -68.23 -18.40
 337.00 -48.22 -50.48
 338.00 -77.74 -32.28
 339.00 -52.79 -49.45
 340.00 -57.39 -48.74
 341.00 -70.33 -41.78
 342.00 -80.65 -42.08
 343.00 -62.37 -33.90
 344.00 -67.19 -41.12
 345.00 -59.12 -35.19
 346.00 -71.93 -34.58
 347.00 -75.28 -38.88
 348.00 -98.64 -41.17
 349.00 -143.56 168.38
 350.00 -82.05 -85.53
 351.00 -76.92 -20.15
 352.00 -136.42 -19.32
 353.00 -120.39 169.38
 354.00 -76.81 126.03
 355.00 -86.71  -7.43
 356.00 -83.08 -23.72
 357.00 -58.71 -49.26
 358.00 -66.14 -34.16
 359.00 -56.08 -45.15
 360.00 -53.02 -48.98
 361.00 -49.80 -51.86
 362.00 -59.94 -41.07
 363.00 -91.59 -32.38
 364.00 -71.26 -37.21
 365.00 -68.69 -35.06
 366.00 -73.64 -40.08
 367.00 -78.14 -25.78
 368.00 -52.03 -41.04
 369.00 -62.45 -55.71
 370.00 -59.73 -24.08
 371.00 -60.90 -25.63
 372.00 -83.84 -18.74
 373.00 -76.84 -22.68
 374.00 -78.17 -24.49
 375.00 -46.50 -35.53
 376.00 -53.54 -45.49
 377.00 -70.71 -32.73
 378.00 -52.66 -46.38
 379.00 -64.44 -45.65
 380.00 -49.47 -46.53
 381.00 -80.34 -44.37
 382.00 -125.76 -29.14
 383.00 -108.44 -24.85
 384.00 -56.98 102.68
 385.00 -66.43 -37.03
 386.00 -66.08 -52.58
 387.00 -61.01 -31.98
 388.00 -75.35 -46.62
 389.00 -84.13 -17.82
 390.00 -57.19 -27.91
 391.00 -77.92 -39.38
 392.00 -101.20   3.47
 393.00 -77.06 -56.24
 394.00 -66.31 -21.89
 395.00 -83.47 -23.54
 396.00  51.12  -5.01
 397.00 -100.85  39.32
 398.00 -135.35 139.23


