 residuo Phi Psi
  69.00 -55.74 171.75
  70.00 -145.39 122.70
  71.00 -60.71 -30.32
  72.00 -60.34 -40.96
  73.00 -58.88 -48.91
  74.00 -53.37 -59.96
  75.00 -66.01 -37.72
  76.00 -52.44 -42.56
  77.00 -62.41 -57.91
  78.00 -57.85 -35.52
  79.00 -100.56 -24.85
  80.00 -85.29 -21.00
  81.00 -49.62 -45.33
  82.00 -65.72 -44.64
  83.00 -54.14 -40.36
  84.00 -54.77 -54.10
  85.00 -53.75 -48.50
  86.00 -74.71 -44.20
  87.00 -71.14 -13.90
  88.00 -79.62 -46.00
  89.00 -63.18 -40.40
  90.00 -83.11 -45.02
  91.00 -74.08 -30.58
  92.00 -60.34 -37.03
  93.00 -58.00 -31.41
  94.00 -58.20 -50.74
  95.00 -58.59 -45.86
  96.00 -60.65 -41.48
  97.00 -54.32 -58.32
  98.00 -70.00 -43.06
  99.00 -65.31 -33.64
 100.00 -117.45 -28.63
 101.00 -65.73 -48.89
 102.00 -71.08 118.45
 103.00 -72.20 -26.89
 104.00 -83.63 -22.35
 105.00 -65.47 -11.42
 106.00 -166.99  98.97
 107.00 -54.12 144.69
 108.00 -59.30 -46.82
 109.00 -74.88 -37.33
 110.00 -73.35 -21.16
 111.00 -65.34 -37.68
 112.00 -77.10 -33.59
 113.00 -75.59 -24.09
 114.00 -53.21 -42.09
 115.00 -65.28 -46.85
 116.00 -68.37 -41.85
 117.00 -62.19 -40.68
 118.00 -71.00 -32.16
 119.00 -69.56 -29.89
 120.00 -68.66 -37.00
 121.00 -65.68 -46.70
 122.00 -57.63 -30.49
 123.00 -81.62 -39.78
 124.00 -105.13 -17.29
 125.00 -100.30 -36.59
 126.00 -110.73 -31.43
 127.00 -56.37 -65.34
 128.00 -61.03 -42.95
 129.00 -71.30 -40.25
 130.00 -58.63 -42.04
 131.00 -91.08 -25.93
 132.00 -57.75 -35.94
 133.00 -48.37 -34.51
 134.00 -58.27 -50.82
 135.00 -57.16 -60.41
 136.00 -61.45 -40.02
 137.00  93.87  -7.48
 138.00  56.71  45.85
 139.00 -130.47  28.46
 140.00 -68.04 154.62
 141.00 -93.02 116.32
 142.00 -107.71   4.24
 143.00 -59.28 171.02
 144.00 -56.75 137.16
 145.00 -60.59 -35.80
 146.00 -76.68 -18.92
 147.00 -48.59 -28.27
 148.00 -67.15 -51.89
 149.00 -80.51 -30.92
 150.00 -83.02 -15.82
 151.00 -52.10 -48.19
 152.00 -51.51 -29.13
 153.00 -69.92 -51.95
 154.00 -60.34 -45.31
 155.00 -68.08 -42.45
 156.00 -62.12 -38.94
 157.00 -66.26 -58.59
 158.00 -62.55 -43.85
 159.00 -61.49 -50.14
 160.00 -62.12 -41.18
 161.00 -68.83 -36.42
 162.00 -76.19 -34.24
 163.00 -76.41 -29.41
 164.00 -68.55 -23.72
 165.00 -62.68 -44.34
 166.00 -72.23 -42.45
 167.00 -64.56 -40.04
 168.00 -57.04 -46.84
 169.00 -74.37 -31.34
 170.00 -53.31 -41.94
 171.00 -68.81 -50.86
 172.00 -53.05 -51.26
 173.00 -83.00 -21.95
 174.00 -56.87 -36.14
 175.00 -51.40 -45.31
 176.00 -80.50 -55.26
 177.00 -80.39   8.80
 178.00 -84.26 -14.61
 179.00 -66.60 131.79
 180.00 -111.88 -15.56
 181.00 -54.17  18.13
 182.00 -75.68 -12.81
 183.00 -70.23   4.05
 184.00 -65.42 131.98
 185.00 -87.61 -28.61
 186.00 -130.76 134.61
 187.00 -77.40 150.90
 188.00 -79.60 140.08
 189.00 -56.21 -42.82
 190.00 -70.68 -48.20
 191.00 -74.92 -29.21
 192.00 -64.78 -39.20
 193.00 -63.53 -51.76
 194.00 -89.07 -22.38
 195.00 -53.11 -37.97
 196.00 -64.15 -51.98
 197.00 -70.42 -26.92
 198.00 -57.70 -40.15
 199.00 -55.15 -46.05
 200.00 -62.45 -44.74
 201.00 -72.96 -37.24
 202.00 -66.96 -42.64
 203.00 -67.60 -28.05
 204.00 -56.28 -51.74
 205.00 -70.91 -33.19
 206.00 -100.69 -28.65
 207.00 -51.33 -31.86
 208.00 -65.25 -28.30
 209.00 -87.03 -16.12
 210.00 -69.18 -42.58
 211.00 -75.18 -40.66
 212.00 -99.75 -50.48
 213.00 -65.86 -32.88
 214.00 -62.97 -36.51
 215.00 -84.20  -8.67
 216.00 -147.58 -16.13
 217.00 -62.31 124.10
 218.00 -62.33 -40.22
 219.00 -91.93  -2.04
 220.00 -122.88 -32.64
 221.00 -128.18  -1.76
 222.00 -125.74 133.74
 223.00  48.47 128.64
 224.00  95.89  23.45
 225.00 -92.46  -5.83
 226.00 -77.46 158.55
 227.00 -137.63  92.37
 228.00 -68.58 133.19
 229.00 -96.35 102.85
 230.00 -117.56   3.28
 231.00 -59.22 117.83
 232.00 -55.42 -36.15
 233.00 -75.57 -34.80
 234.00 -66.30 -34.60
 235.00 -64.85 -63.02
 236.00 -61.80 -73.15
 237.00 -61.45 -48.23
 238.00 -64.98 -41.61
 239.00 -66.95 -14.74
 240.00 -94.86 -40.93
 241.00 -66.66 -22.55
 242.00 -154.27 -26.45
 243.00 -65.51 -56.08
 244.00 -59.66 -41.91
 245.00 -69.00 -56.56
 246.00 -49.30 -33.77
 247.00 -70.66 -53.04
 248.00 -66.21 -38.69
 249.00 -70.57 -41.47
 250.00 -67.84 -40.38
 251.00 -70.18 -37.77
 252.00 -75.66 -37.89
 253.00 -50.50 -54.27
 254.00 -61.34 -42.30
 255.00 -48.07 -51.46
 256.00 -76.22 -28.90
 257.00 -68.90 -53.66
 258.00 -66.41 -32.47
 259.00 -59.63 -42.70
 260.00 -75.38 -37.58
 261.00 -72.53 -26.64
 262.00 -70.09 -35.95
 263.00 -57.88 -38.60
 264.00 -82.61 -33.90
 1001.00 -67.44 -33.74
 1002.00 -57.36 -30.48
 1003.00 -70.42 -39.71
 1004.00 -78.27 -32.31
 1005.00 -72.71 -23.64
 1006.00 -65.81 -37.89
 1007.00 -65.00 -36.53
 1008.00 -82.19 -27.56
 1009.00 -66.55 -37.45
 1010.00 -59.64 -46.29
 1011.00 -63.66 -50.85
 1012.00 -74.99 -39.41
 1013.00 -63.97 -30.84
 1014.00 -66.33 -40.74
 1015.00 -69.88 -24.94
 1016.00 -51.79 -58.00
 1017.00 -57.22 -33.27
 1018.00 -97.75 -30.97
 1019.00 -44.90 -39.47
 1020.00 -63.29  91.26
 1021.00 -156.03   7.01
 1022.00 -67.46 148.73
 1023.00 -57.30 -41.11
 1024.00 -62.73 -45.63
 1025.00 -64.49 -42.32
 1026.00 -71.71 -42.42
 1027.00 -72.00 -29.29
 1028.00 -72.34 -39.60
 1029.00 -64.24 -34.40
 1030.00 -73.41 -27.61
 1031.00 -73.02 -40.32
 1032.00 -58.79 -33.27
 1033.00 -66.34 -44.23
 1034.00 -57.23 -41.65
 1035.00 -74.58 -47.74
 1036.00 -64.51 -25.92
 1037.00 -68.22 -41.88
 1038.00 -84.84 -39.19
 1039.00 -97.19  -7.65
 1040.00 -78.02 -33.39
 1041.00  43.49 -13.54
 1042.00  77.92  32.14
 1043.00 -58.55  16.92
 1044.00  92.18 -31.14
 1066.00 -81.58 153.54
 1067.00 -52.64   1.79
 1068.00 -62.20 -44.62
 1069.00 -53.38 -45.02
 1070.00 -62.87 -45.60
 1071.00 -66.20 -43.28
 1072.00 -67.76 -37.55
 1073.00 -78.56 -25.27
 1074.00 -78.09 -25.28
 1075.00 -56.36 -45.00
 1076.00 -57.18 -30.64
 1077.00 -60.14 -58.82
 1078.00 -70.31 -38.18
 1079.00 -86.41 -34.68
 1080.00 -74.09 -25.47
 1081.00  79.42   4.75
 1082.00 -81.26   0.75
 1083.00 -64.78  67.15
 1084.00 -74.53 -36.11
 1085.00 -60.49 -34.62
 1086.00 -70.91 -38.55
 1087.00 -59.82 -46.06
 1088.00 -65.13 -38.17
 1089.00 -57.97 -56.18
 1090.00 -72.94 -30.82
 1091.00 -63.82 -36.63
 1092.00 -74.70 -30.89
 1093.00 -56.93 -36.01
 1094.00 -49.29 -44.09
 1095.00 -103.99 -27.38
 1096.00 -133.69  20.47
 1097.00 -68.43 -38.99
 1098.00 -67.07 -45.39
 1099.00 -54.73 -28.80
 1100.00 -74.84 -46.04
 1101.00 -62.99 -34.88
 1102.00 -65.66 -30.50
 1103.00 -71.26 -31.98
 1104.00 -80.49 -38.73
 1105.00 -58.15 -26.45
 313.00 -69.67 -36.18
 314.00 -71.24 -31.86
 315.00 -58.16 -49.83
 316.00 -91.51 -20.74
 317.00 -67.28 -19.56
 318.00 -61.91 -44.79
 319.00 -57.01 -44.51
 320.00 -55.17 -46.91
 321.00 -78.23 -37.02
 322.00 -73.84 -29.40
 323.00 -64.35 -35.08
 324.00 -52.81 -50.41
 325.00 -57.79 -42.98
 326.00 -66.04 -30.61
 327.00 -58.48 -40.69
 328.00 -60.73 -45.96
 329.00 -68.82 -51.53
 330.00 -61.87 -32.20
 331.00 -58.24 -46.76
 332.00 -73.20 -50.67
 333.00 -63.57 -40.17
 334.00 -99.31 -31.93
 335.00 -86.87 -33.84
 336.00 -53.16 -36.36
 337.00 -73.04 -42.51
 338.00 -59.12 -30.25
 339.00 -65.14 -45.07
 340.00 -60.87 -45.04
 341.00 -60.75 -45.15
 342.00 -50.89 -54.86
 343.00 -59.55 -46.39
 344.00 -72.39 -38.66
 345.00 -64.88 -51.77
 346.00 -78.75 -26.97
 347.00 -98.31 -17.15
 348.00 -70.46 -41.96
 349.00 -126.71 125.52
 350.00 -75.21 -58.32
 351.00 -78.89 -34.09
 352.00 -160.15  11.31
 353.00 -103.51 166.80
 354.00 -67.73 139.87
 355.00 -79.73 -27.74
 356.00 -40.87 -58.85
 357.00 -68.60 -56.43
 358.00 -56.23 -38.45
 359.00 -68.31 -54.41
 360.00 -55.01 -34.47
 361.00 -61.88 -64.07
 362.00 -67.41 -27.49
 363.00 -119.71 -20.75
 364.00 -65.80 -35.06
 365.00 -59.64 -33.52
 366.00 -74.91 -44.27
 367.00 -65.24 -28.76
 368.00 -71.79 -35.59
 369.00 -56.55 -43.28
 370.00 -56.51 -42.69
 371.00 -57.51 -31.87
 372.00 -64.95 -33.05
 373.00 -78.75 -33.25
 374.00 -74.80 -32.76
 375.00 -54.63 -35.33
 376.00 -61.82 -41.29
 377.00 -63.55 -16.50
 378.00 -61.50 -29.21
 379.00 -66.72 -47.19
 380.00 -70.58 -31.10
 381.00 -70.39 -52.74
 382.00 -125.84 -35.68
 383.00 -142.25   7.66
 384.00 -63.15 111.59
 385.00 -69.09 -29.99
 386.00 -71.12 -41.82
 387.00 -59.34 -38.32
 388.00 -65.51 -42.93
 389.00 -56.78 -44.74
 390.00 -59.68 -51.12
 391.00 -67.46 -41.19
 392.00 -67.10 -23.84
 393.00 -65.30 -55.58
 394.00 -91.30 -23.86
 395.00 -97.96   4.13
 396.00  62.58   5.25
 397.00 -138.09  44.21
 398.00 -141.03 146.24


