 residuo Phi Psi
  69.00 -92.69 127.86
  70.00 -142.46 136.70
  71.00 -77.23 -18.20
  72.00 -72.34 -33.61
  73.00 -59.96 -28.88
  74.00 -62.15 -54.35
  75.00 -56.92 -54.24
  76.00 -58.32 -36.80
  77.00 -58.80 -41.36
  78.00 -53.09 -59.19
  79.00 -81.08 -37.47
  80.00 -94.33 -11.45
  81.00 -59.14 -23.73
  82.00 -65.53 -35.96
  83.00 -65.15 -34.36
  84.00 -70.59 -39.48
  85.00 -60.89 -46.65
  86.00 -105.75 -31.04
  87.00 -65.09 -17.66
  88.00 -70.52 -35.64
  89.00 -62.48 -44.19
  90.00 -64.53 -45.25
  91.00 -86.24 -27.34
  92.00 -61.47 -29.65
  93.00 -58.84 -38.19
  94.00 -62.04 -39.41
  95.00 -56.09 -44.71
  96.00 -67.08 -53.97
  97.00 -53.53 -41.91
  98.00 -81.66 -38.92
  99.00 -94.73 -10.37
 100.00 -118.18 -29.38
 101.00 -82.28 -34.17
 102.00 -63.24 126.97
 103.00 -70.58 -44.88
 104.00 -117.49  -1.30
 105.00 -79.36  10.33
 106.00 -137.42  64.28
 107.00 -57.70 159.99
 108.00 -68.37 -34.71
 109.00 -53.79 -45.74
 110.00 -58.54 -49.40
 111.00 -59.79 -40.61
 112.00 -78.09 -47.22
 113.00 -58.88 -23.70
 114.00 -70.64 -35.81
 115.00 -59.10 -32.93
 116.00 -66.91 -31.51
 117.00 -62.58 -46.49
 118.00 -53.02 -42.33
 119.00 -67.60 -46.02
 120.00 -66.77 -36.52
 121.00 -84.48 -39.51
 122.00 -52.78 -35.39
 123.00 -66.14 -38.88
 124.00 -72.94 -35.42
 125.00 -124.25 -26.90
 126.00 -124.66 -30.03
 127.00 -49.76 -55.92
 128.00 -63.35 -38.20
 129.00 -81.48 -37.55
 130.00 -62.99 -33.76
 131.00 -71.66 -35.73
 132.00 -63.34 -43.48
 133.00 -55.43 -33.78
 134.00 -73.04 -28.66
 135.00 -53.89 -47.78
 136.00 -92.80 -38.44
 137.00  63.06  36.02
 138.00  56.86  34.49
 139.00 -86.20  11.30
 140.00 -51.40 147.98
 141.00 -78.42 106.67
 142.00 -130.37  -3.09
 143.00 -62.39 171.41
 144.00 -58.18 145.10
 145.00 -72.12 -41.28
 146.00 -81.27  -2.62
 147.00 -55.33 -31.75
 148.00 -59.19 -56.19
 149.00 -80.27 -40.85
 150.00 -79.44 -20.58
 151.00 -61.14 -44.37
 152.00 -43.34 -34.37
 153.00 -72.42 -54.07
 154.00 -71.14 -25.93
 155.00 -60.11 -52.51
 156.00 -61.00 -40.34
 157.00 -81.63 -51.66
 158.00 -61.74 -27.54
 159.00 -63.60 -45.08
 160.00 -60.31 -55.78
 161.00 -56.54 -35.82
 162.00 -69.38 -56.94
 163.00 -71.66 -33.85
 164.00 -64.96 -34.89
 165.00 -64.18 -38.58
 166.00 -69.60 -41.51
 167.00 -60.59 -46.93
 168.00 -75.73 -40.35
 169.00 -60.15 -34.14
 170.00 -66.04 -44.68
 171.00 -74.76 -39.30
 172.00 -50.48 -39.04
 173.00 -47.96 -53.96
 174.00 -81.23 -43.72
 175.00 -62.78 -32.40
 176.00 -60.91 -44.30
 177.00 -80.37  -6.01
 178.00 -80.02 -18.81
 179.00 -68.09 138.67
 180.00 -127.30 -13.43
 181.00 -59.86  15.16
 182.00 -87.00   0.06
 183.00 -67.15   0.97
 184.00 -64.53 132.30
 185.00 -57.55 -39.89
 186.00 -142.97 116.75
 187.00 -68.50 140.78
 188.00 -83.37 146.82
 189.00 -64.66 -54.12
 190.00 -61.41 -46.24
 191.00 -57.85 -43.50
 192.00 -57.98 -47.61
 193.00 -64.53 -41.03
 194.00 -48.41 -45.60
 195.00 -64.23 -46.20
 196.00 -47.60 -45.83
 197.00 -72.26 -31.03
 198.00 -57.78 -47.58
 199.00 -65.52 -40.32
 200.00 -62.80 -43.00
 201.00 -60.77 -45.41
 202.00 -72.56 -43.31
 203.00 -55.32 -35.98
 204.00 -70.88 -54.19
 205.00 -78.90 -17.05
 206.00 -93.46 -28.61
 207.00 -52.74 -28.86
 208.00 -67.01 -20.50
 209.00 -66.63 -12.09
 210.00 -65.74 -60.34
 211.00 -78.80 -30.73
 212.00 -116.48 -40.80
 213.00 -60.00 -40.39
 214.00 -74.53 -40.01
 215.00 -63.59 -23.52
 216.00 -157.62  -9.54
 217.00 -54.83 141.09
 218.00 -76.72 -42.35
 219.00 -89.35   7.26
 220.00 -130.62 -29.97
 221.00 -109.08 -13.03
 222.00 -158.43 136.18
 223.00  59.01 121.90
 224.00  70.83  33.20
 225.00 -102.23   7.34
 226.00 -91.24 146.27
 227.00 -156.27  96.56
 228.00 -66.96 150.09
 229.00 -87.02  83.95
 230.00 -85.00 -12.96
 231.00 -55.90  90.39
 232.00 -51.52 -26.71
 233.00 -71.52 -32.15
 234.00 -100.68 -21.25
 235.00 -63.51 -42.87
 236.00 -130.01 -26.89
 237.00 -59.52 -52.83
 238.00 -59.85 -34.55
 239.00 -70.11 -18.93
 240.00 -66.66 -61.01
 241.00 -73.07 -29.33
 242.00 -153.00 -12.96
 243.00 -55.13 -88.37
 244.00 -77.75 -21.02
 245.00 -54.37 -66.44
 246.00 -60.86 -29.15
 247.00 -68.73 -58.21
 248.00 -75.41 -29.00
 249.00 -58.41 -39.73
 250.00 -69.58 -48.95
 251.00 -87.12 -22.54
 252.00 -58.84 -44.58
 253.00 -58.82 -34.46
 254.00 -67.54 -55.90
 255.00 -57.49 -36.88
 256.00 -56.76 -61.08
 257.00 -56.57 -53.09
 258.00 -86.68 -22.64
 259.00 -58.76 -39.50
 260.00 -63.17 -39.72
 261.00 -61.85 -28.19
 262.00 -50.78 -47.84
 263.00 -62.36 -37.07
 264.00 -64.45 -42.38
 1001.00 -58.35 -48.03
 1002.00 -63.36 -32.57
 1003.00 -65.61 -37.78
 1004.00 -74.01 -26.34
 1005.00 -54.51 -54.60
 1006.00 -70.10 -29.02
 1007.00 -54.79 -51.97
 1008.00 -67.10 -45.90
 1009.00 -62.08 -33.21
 1010.00 -66.28 -52.28
 1011.00 -59.70 -37.22
 1012.00 -85.46 -45.76
 1013.00 -69.54 -21.53
 1014.00 -77.09 -23.96
 1015.00 -70.92 -35.50
 1016.00 -68.18 -35.39
 1017.00 -54.50 -42.04
 1018.00 -80.24 -53.95
 1019.00 -68.37  -1.90
 1020.00 -112.33 150.22
 1021.00 -118.91 -17.71
 1022.00 -54.86 139.99
 1023.00 -63.61 -44.71
 1024.00 -61.73 -27.24
 1025.00 -69.84 -42.95
 1026.00 -67.30 -40.57
 1027.00 -59.68 -41.39
 1028.00 -69.52 -44.21
 1029.00 -73.49 -32.93
 1030.00 -62.98 -25.56
 1031.00 -70.84 -54.99
 1032.00 -70.80 -25.58
 1033.00 -62.97 -37.33
 1034.00 -60.24 -46.93
 1035.00 -63.43 -42.52
 1036.00 -73.26 -34.84
 1037.00 -65.01 -42.37
 1038.00 -69.33 -49.87
 1039.00 -75.51 -11.76
 1040.00 -88.11 -43.49
 1041.00  58.01 -20.08
 1042.00 129.06  39.85
 1043.00 -77.98  -6.67
 1044.00  49.32 -24.09
 1066.00 -72.09 169.03
 1067.00 -55.02  -9.69
 1068.00 -63.57 -37.62
 1069.00 -74.86 -38.63
 1070.00 -57.80 -34.53
 1071.00 -80.30 -30.20
 1072.00 -57.47 -38.03
 1073.00 -56.41 -47.49
 1074.00 -69.12 -32.31
 1075.00 -54.23 -48.11
 1076.00 -60.47 -35.05
 1077.00 -70.14 -49.94
 1078.00 -61.58 -39.11
 1079.00 -71.79 -34.77
 1080.00 -86.39 -20.69
 1081.00  76.70  10.82
 1082.00 -92.59   7.52
 1083.00 -55.60  74.05
 1084.00 -62.59 -51.22
 1085.00 -92.88 -16.68
 1086.00 -68.61 -38.71
 1087.00 -68.08 -26.30
 1088.00 -54.34 -41.37
 1089.00 -68.73 -44.18
 1090.00 -87.66 -34.01
 1091.00 -67.51 -35.82
 1092.00 -79.16 -14.04
 1093.00 -73.70 -16.57
 1094.00 -53.75 -17.86
 1095.00 -61.20 -63.04
 1096.00 -78.64 -29.65
 1097.00 -49.22 -48.36
 1098.00 -57.14 -53.56
 1099.00 -59.06 -41.28
 1100.00 -66.69 -48.04
 1101.00 -68.34 -40.54
 1102.00 -59.17 -40.12
 1103.00 -66.53 -46.11
 1104.00 -66.69 -32.89
 1105.00 -66.26 -29.54
 313.00 -76.12 -18.99
 314.00 -75.32 -42.05
 315.00 -51.85 -31.29
 316.00 -65.85 -51.89
 317.00 -65.12 -38.34
 318.00 -60.86 -36.38
 319.00 -55.60 -58.06
 320.00 -65.26 -32.18
 321.00 -56.29 -48.59
 322.00 -61.66 -44.02
 323.00 -65.88 -44.23
 324.00 -61.23 -37.06
 325.00 -65.14 -38.18
 326.00 -68.21 -27.66
 327.00 -64.45 -42.36
 328.00 -59.33 -36.05
 329.00 -76.95 -41.08
 330.00 -49.70 -51.05
 331.00 -56.75 -37.98
 332.00 -54.42 -53.31
 333.00 -39.15 -57.51
 334.00 -83.39 -50.80
 335.00 -104.94 -24.40
 336.00 -62.30 -31.55
 337.00 -47.73 -40.53
 338.00 -76.17 -38.88
 339.00 -55.27 -64.45
 340.00 -74.58 -36.96
 341.00 -69.18 -32.05
 342.00 -55.77 -41.73
 343.00 -69.54 -47.68
 344.00 -63.23 -29.38
 345.00 -67.85 -40.79
 346.00 -87.04 -17.82
 347.00 -80.35 -40.44
 348.00 -86.74 -35.77
 349.00 -135.54 146.68
 350.00 -96.05 -49.70
 351.00 -62.67 -47.64
 352.00 -150.81   0.92
 353.00 -131.36 174.84
 354.00 -68.39 125.02
 355.00 -65.91 -24.96
 356.00 -86.04 -40.71
 357.00 -72.90 -38.22
 358.00 -64.74 -20.12
 359.00 -71.14 -47.96
 360.00 -64.00 -16.30
 361.00 -63.68 -60.72
 362.00 -63.48 -45.25
 363.00 -111.46 -11.59
 364.00 -62.59 -43.39
 365.00 -63.91 -24.05
 366.00 -73.72 -29.42
 367.00 -80.15 -23.07
 368.00 -46.58 -38.55
 369.00 -59.14 -60.88
 370.00 -67.09 -13.69
 371.00 -57.80 -32.37
 372.00 -88.70 -17.17
 373.00 -119.97  -0.37
 374.00 -74.59 -24.56
 375.00 -61.41 -30.51
 376.00 -59.69 -33.07
 377.00 -69.07 -33.20
 378.00 -59.20 -39.86
 379.00 -68.12 -41.25
 380.00 -68.72 -35.40
 381.00 -74.25 -39.36
 382.00 -112.18 -29.34
 383.00 -112.02 -28.56
 384.00 -69.14 125.59
 385.00 -63.35 -38.21
 386.00 -52.86 -54.17
 387.00 -51.43 -48.73
 388.00 -70.82 -43.59
 389.00 -63.63 -45.38
 390.00 -77.03 -32.62
 391.00 -51.62 -35.87
 392.00 -67.34 -41.50
 393.00 -63.67 -44.71
 394.00 -87.37 -31.12
 395.00 -75.67 -21.42
 396.00  56.31  14.88
 397.00 -98.29  32.87
 398.00 -150.04 117.67


