 residuo Phi Psi
  69.00 -87.73 140.92
  70.00 -119.93 122.47
  71.00 -62.26 -24.99
  72.00 -62.76 -56.15
  73.00 -74.73 -21.65
  74.00 -42.23 -57.05
  75.00 -62.18 -53.45
  76.00 -55.16 -45.92
  77.00 -70.31 -32.09
  78.00 -59.46 -49.33
  79.00 -80.56 -25.51
  80.00 -71.34 -39.25
  81.00 -65.59 -32.64
  82.00 -68.76 -28.75
  83.00 -74.12 -32.59
  84.00 -61.14 -33.95
  85.00 -57.69 -46.23
  86.00 -74.78 -42.26
  87.00 -62.40 -34.44
  88.00 -50.94 -45.54
  89.00 -61.08 -59.24
  90.00 -66.59 -37.72
  91.00 -58.51 -45.32
  92.00 -48.58 -44.61
  93.00 -64.16 -46.53
  94.00 -62.56 -36.40
  95.00 -58.73 -49.86
  96.00 -56.63 -46.94
  97.00 -53.17 -49.11
  98.00 -75.73 -53.59
  99.00 -64.91 -23.81
 100.00 -117.68 -43.53
 101.00 -82.82 -33.15
 102.00 -73.92 123.98
 103.00 -65.81 -20.42
 104.00 -116.01 -12.74
 105.00 -68.92   0.06
 106.00 -151.26  91.28
 107.00 -52.51 169.81
 108.00 -80.06 -39.21
 109.00 -58.90 -47.11
 110.00 -66.47 -30.17
 111.00 -75.46 -33.46
 112.00 -70.45 -46.12
 113.00 -85.02 -13.18
 114.00 -82.41 -31.23
 115.00 -72.55 -14.44
 116.00 -59.68 -43.14
 117.00 -66.25 -41.50
 118.00 -64.59 -34.57
 119.00 -80.09 -29.91
 120.00 -62.47 -41.57
 121.00 -74.39 -42.30
 122.00 -59.66 -36.73
 123.00 -62.20 -27.38
 124.00 -88.23 -42.17
 125.00 -100.44 -33.80
 126.00 -143.51 -19.52
 127.00 -59.74 -36.34
 128.00 -66.91 -45.18
 129.00 -81.39 -34.99
 130.00 -62.46 -25.24
 131.00 -45.24 -55.99
 132.00 -67.96 -52.65
 133.00 -49.41 -33.46
 134.00 -60.33 -46.07
 135.00 -74.46 -46.03
 136.00 -99.21  -7.64
 137.00  92.91  -1.28
 138.00  64.73  35.85
 139.00 -141.13  42.85
 140.00 -51.12 150.21
 141.00 -96.75 124.64
 142.00 -157.94  32.29
 143.00 -69.96 177.99
 144.00 -60.79 147.08
 145.00 -96.01 -31.55
 146.00 -102.92  19.33
 147.00 -74.03  -5.29
 148.00 -75.15 -42.19
 149.00 -72.67 -32.79
 150.00 -102.05  -6.16
 151.00 -52.39 -41.01
 152.00 -53.88 -41.50
 153.00 -62.95 -40.63
 154.00 -45.73 -57.00
 155.00 -59.29 -52.65
 156.00 -68.95 -40.69
 157.00 -57.58 -52.96
 158.00 -65.20 -49.16
 159.00 -54.46 -43.21
 160.00 -67.08 -46.10
 161.00 -71.68 -23.64
 162.00 -63.88 -52.55
 163.00 -75.37 -41.17
 164.00 -64.46 -30.42
 165.00 -70.38 -42.50
 166.00 -68.83 -38.89
 167.00 -74.47 -38.02
 168.00 -66.82 -45.96
 169.00 -67.39 -22.51
 170.00 -57.00 -55.30
 171.00 -63.46 -53.53
 172.00 -76.98 -25.03
 173.00 -64.65 -32.52
 174.00 -62.88 -45.59
 175.00 -65.98 -29.60
 176.00 -62.00 -49.04
 177.00 -77.25  -9.23
 178.00 -82.32 -18.45
 179.00 -62.14 135.41
 180.00 -120.27 -10.48
 181.00 -60.79  14.48
 182.00 -75.12 -15.95
 183.00 -71.68  45.63
 184.00 -65.61 167.01
 185.00 -138.93 -19.76
 186.00 -154.41 161.74
 187.00 -81.77 126.32
 188.00 -69.12 120.28
 189.00 -51.49 -29.87
 190.00 -66.74 -50.95
 191.00 -59.78 -35.06
 192.00 -47.43 -59.86
 193.00 -57.11 -43.74
 194.00 -73.86 -41.44
 195.00 -67.28 -38.49
 196.00 -50.64 -51.31
 197.00 -80.07 -32.80
 198.00 -47.41 -34.61
 199.00 -78.15 -46.38
 200.00 -66.69 -30.18
 201.00 -88.34 -29.78
 202.00 -59.78 -43.19
 203.00 -65.62 -38.41
 204.00 -68.50 -36.91
 205.00 -80.93 -28.73
 206.00 -79.69 -39.50
 207.00 -68.79 -28.49
 208.00 -71.95 -26.65
 209.00 -61.56 -26.92
 210.00 -76.24 -38.11
 211.00 -68.02 -23.31
 212.00 -66.87 -49.37
 213.00 -65.07 -39.22
 214.00 -70.79 -39.63
 215.00 -63.42 -21.59
 216.00 -164.04 -37.96
 217.00 -47.36 101.39
 218.00 -66.59 -34.09
 219.00 -78.20  -8.04
 220.00 -130.36 -24.81
 221.00 -123.44   3.44
 222.00 -142.89 135.80
 223.00  56.66 132.21
 224.00  75.27  18.46
 225.00 -84.76   9.47
 226.00 -78.06 150.25
 227.00 -150.53 119.64
 228.00 -70.40 152.82
 229.00 -58.07  63.33
 230.00 -67.72 -28.16
 231.00 -66.57 135.78
 232.00 -78.39 -31.60
 233.00 -61.61 -28.99
 234.00 -85.54 -41.40
 235.00 -83.56 -32.37
 236.00 -122.56 -42.84
 237.00 -66.83 -35.07
 238.00 -67.26 -23.96
 239.00 -66.27  -8.44
 240.00 -82.96 -48.32
 241.00 -70.11 -34.30
 242.00 -152.60 -17.59
 243.00 -68.59 -66.76
 244.00 -75.24 -33.18
 245.00 -64.18 -47.58
 246.00 -79.63 -17.67
 247.00 -66.97 -40.93
 248.00 -58.29 -48.61
 249.00 -69.30 -39.15
 250.00 -64.78 -48.78
 251.00 -74.80 -30.76
 252.00 -69.95 -41.97
 253.00 -47.17 -41.04
 254.00 -51.29 -56.19
 255.00 -55.37 -58.91
 256.00 -72.58 -30.18
 257.00 -75.83 -48.73
 258.00 -68.66 -24.91
 259.00 -70.30 -41.57
 260.00 -61.98 -45.81
 261.00 -68.56 -32.90
 262.00 -63.28 -35.26
 263.00 -52.43 -44.73
 264.00 -74.51 -36.45
 1001.00 -62.09 -42.78
 1002.00 -57.15 -36.10
 1003.00 -80.34 -32.33
 1004.00 -65.38 -39.24
 1005.00 -53.43 -34.80
 1006.00 -66.54 -46.20
 1007.00 -68.17 -38.86
 1008.00 -70.40 -31.77
 1009.00 -68.28 -35.33
 1010.00 -66.09 -48.14
 1011.00 -70.21 -35.89
 1012.00 -63.29 -43.96
 1013.00 -63.73 -37.16
 1014.00 -81.59 -28.21
 1015.00 -74.64 -26.64
 1016.00 -62.14 -47.64
 1017.00 -64.57 -40.01
 1018.00 -97.12 -15.36
 1019.00 -72.28 -26.23
 1020.00 -124.02 167.27
 1021.00 -112.46 -16.46
 1022.00 -79.71 153.37
 1023.00 -54.47 -42.00
 1024.00 -55.97 -50.36
 1025.00 -74.88 -37.54
 1026.00 -66.87 -28.85
 1027.00 -61.19 -45.83
 1028.00 -56.33 -54.44
 1029.00 -69.77 -38.50
 1030.00 -65.40 -31.70
 1031.00 -68.07 -36.26
 1032.00 -63.08 -39.84
 1033.00 -50.67 -44.61
 1034.00 -69.57 -48.89
 1035.00 -75.76 -35.99
 1036.00 -74.61 -21.44
 1037.00 -67.90 -40.81
 1038.00 -61.11 -41.09
 1039.00 -60.84 -38.32
 1040.00 -66.08 -49.17
 1041.00  54.00 -34.65
 1042.00 156.01  15.40
 1043.00 -73.01 -16.57
 1044.00  66.40 -18.09
 1066.00 -56.30 147.85
 1067.00 -45.57 -22.75
 1068.00 -69.85 -38.04
 1069.00 -70.00 -36.36
 1070.00 -73.80 -27.95
 1071.00 -71.10 -36.10
 1072.00 -58.32 -33.92
 1073.00 -77.13 -31.22
 1074.00 -75.64 -32.69
 1075.00 -61.72 -28.82
 1076.00 -59.59 -41.71
 1077.00 -62.32 -46.58
 1078.00 -64.10 -46.73
 1079.00 -64.33 -37.22
 1080.00 -70.07 -32.11
 1081.00  68.03  -1.96
 1082.00 -67.93   5.00
 1083.00 -61.74  69.03
 1084.00 -80.14 -42.11
 1085.00 -66.64 -27.23
 1086.00 -63.46 -44.37
 1087.00 -68.89 -34.34
 1088.00 -68.15 -39.48
 1089.00 -65.18 -39.01
 1090.00 -57.62 -46.83
 1091.00 -63.68 -41.39
 1092.00 -58.94 -41.15
 1093.00 -84.37 -22.79
 1094.00 -49.84 -24.71
 1095.00 -77.43 -52.41
 1096.00 -53.06 -34.03
 1097.00 -61.50 -45.48
 1098.00 -53.87 -58.97
 1099.00 -65.73 -38.03
 1100.00 -66.51 -42.19
 1101.00 -72.23 -37.32
 1102.00 -73.08 -18.14
 1103.00 -61.70 -45.45
 1104.00 -57.68 -45.39
 1105.00 -47.82 -41.62
 313.00 -67.77 -37.63
 314.00 -86.16 -41.47
 315.00 -76.25 -20.93
 316.00 -62.99 -43.18
 317.00 -62.86 -38.40
 318.00 -66.28 -42.88
 319.00 -64.26 -41.66
 320.00 -58.69 -42.14
 321.00 -64.51 -43.33
 322.00 -61.34 -36.22
 323.00 -70.90 -41.93
 324.00 -52.92 -33.06
 325.00 -51.19 -43.89
 326.00 -74.07 -35.19
 327.00 -56.78 -55.17
 328.00 -71.38 -26.13
 329.00 -56.26 -62.39
 330.00 -83.07 -37.44
 331.00 -83.16  -6.75
 332.00 -55.46 -48.28
 333.00 -75.74 -46.71
 334.00 -53.18 -41.25
 335.00 -96.33 -35.51
 336.00 -54.57 -16.80
 337.00 -50.17 -46.67
 338.00 -75.53 -44.65
 339.00 -58.50 -56.20
 340.00 -64.02 -43.47
 341.00 -65.49 -43.68
 342.00 -69.09 -33.03
 343.00 -68.17 -33.44
 344.00 -64.25 -37.25
 345.00 -57.90 -44.90
 346.00 -71.76 -32.63
 347.00 -79.93 -36.09
 348.00 -84.68 -44.86
 349.00 -148.65 154.86
 350.00 -111.60 -35.19
 351.00 -82.61 -30.05
 352.00 -151.93  20.02
 353.00 -131.68 168.46
 354.00 -59.70 114.72
 355.00 -67.81 -15.14
 356.00 -67.77 -45.47
 357.00 -73.34 -49.77
 358.00 -72.45 -25.96
 359.00 -58.19 -41.42
 360.00 -67.92 -33.58
 361.00 -66.11 -50.34
 362.00 -61.50 -31.30
 363.00 -93.10 -17.09
 364.00 -60.51 -52.15
 365.00 -59.83 -28.71
 366.00 -78.09 -35.86
 367.00 -75.85 -32.18
 368.00 -53.72 -30.95
 369.00 -61.74 -51.79
 370.00 -60.69 -23.02
 371.00 -65.21 -34.77
 372.00 -50.62 -38.23
 373.00 -102.55 -24.30
 374.00 -74.37 -20.89
 375.00 -52.72 -43.88
 376.00 -49.91 -40.77
 377.00 -78.06 -41.77
 378.00 -58.10 -34.87
 379.00 -70.81 -43.06
 380.00 -63.30 -36.28
 381.00 -69.89 -37.35
 382.00 -103.04 -52.69
 383.00 -147.26  10.40
 384.00 -70.66 123.58
 385.00 -80.29 -21.90
 386.00 -53.78 -52.78
 387.00 -50.47 -57.76
 388.00 -70.74 -41.19
 389.00 -62.57 -35.52
 390.00 -56.63 -47.42
 391.00 -44.61 -59.28
 392.00 -75.96 -37.39
 393.00 -65.21 -50.53
 394.00 -76.94 -28.55
 395.00 -105.34 -18.04
 396.00  60.29  30.13
 397.00 -67.52  12.91
 398.00 -61.57  52.33


