 residuo Phi Psi
  69.00 -138.72 161.19
  70.00 -53.67 -17.28
  71.00 -57.41 -42.62
  72.00 -65.63 -54.69
  73.00 -71.82 -31.14
  74.00 -57.95 -53.10
  75.00 -57.30 -44.35
  76.00 -72.23 -40.88
  77.00 -66.12 -32.27
  78.00 -64.77 -44.06
  79.00 -80.10 -16.45
  80.00 -60.25 -49.58
  81.00 -60.60 -26.34
  82.00 -72.04 -33.05
  83.00 -70.66 -28.95
  84.00 -65.23 -33.85
  85.00 -61.79 -33.73
  86.00 -53.76 -59.35
  87.00 -69.18 -38.87
  88.00 -76.32 -37.52
  89.00 -69.57 -39.61
  90.00 -54.12 -44.21
  91.00 -69.57 -46.57
  92.00 -57.03 -27.24
  93.00 -66.08 -44.76
  94.00 -58.90 -33.29
  95.00 -69.39 -49.77
  96.00 -56.52 -36.67
  97.00 -59.57 -55.91
  98.00 -64.29 -52.41
  99.00 -82.55 -24.90
 100.00 -124.06 -14.27
 101.00 -89.01 -33.23
 102.00 -60.95 124.07
 103.00 -80.53 -36.34
 104.00 -125.30   2.06
 105.00 -83.55  23.04
 106.00 -109.59  42.74
 107.00 -42.04 132.43
 108.00 -55.23 -44.20
 109.00 -67.96 -33.49
 110.00 -55.74 -38.59
 111.00 -78.90 -32.53
 112.00 -66.52 -32.42
 113.00 -80.02 -24.82
 114.00 -77.32 -28.83
 115.00 -53.79 -36.60
 116.00 -63.32 -44.72
 117.00 -64.70 -51.32
 118.00 -59.33 -33.02
 119.00 -84.56 -35.17
 120.00 -44.09 -44.98
 121.00 -78.23 -51.44
 122.00 -67.72 -29.82
 123.00 -78.94 -21.27
 124.00 -71.88 -41.64
 125.00 -111.13 -36.11
 126.00 -87.14 -42.40
 127.00 -58.25 -59.96
 128.00 -67.29 -33.55
 129.00 -72.06 -37.73
 130.00 -50.40 -41.85
 131.00 -53.53 -51.11
 132.00 -82.21 -34.43
 133.00 -57.22 -35.30
 134.00 -51.63 -50.67
 135.00 -62.66 -47.10
 136.00 -79.16 -41.62
 137.00  82.47   5.51
 138.00  60.10  42.38
 139.00 -118.77  47.84
 140.00 -60.10 139.39
 141.00 -84.13 124.17
 142.00 -104.17 -20.15
 143.00 -42.88 166.75
 144.00 -57.84 131.89
 145.00 -77.71 -37.01
 146.00 -89.35  -5.26
 147.00 -81.25  12.15
 148.00 -57.88 -55.99
 149.00 -74.99 -36.29
 150.00 -97.46 -21.86
 151.00 -73.03 -36.31
 152.00 -50.05 -14.93
 153.00 -84.20 -34.78
 154.00 -60.25 -31.28
 155.00 -73.07 -29.85
 156.00 -53.71 -61.93
 157.00 -66.48 -53.57
 158.00 -48.11 -46.81
 159.00 -68.15 -50.10
 160.00 -66.04 -44.63
 161.00 -72.06 -25.34
 162.00 -70.83 -55.47
 163.00 -63.11 -32.24
 164.00 -67.56 -35.43
 165.00 -51.29 -45.65
 166.00 -71.91 -36.81
 167.00 -56.45 -48.47
 168.00 -59.62 -37.55
 169.00 -52.00 -57.04
 170.00 -61.24 -54.90
 171.00 -54.55 -39.48
 172.00 -48.30 -61.73
 173.00 -57.48 -52.10
 174.00 -63.56 -41.13
 175.00 -76.12 -37.82
 176.00 -60.37 -41.23
 177.00 -75.35  -9.70
 178.00 -61.36 -38.30
 179.00 -50.39 124.46
 180.00 -130.94 -10.75
 181.00 -74.50  27.94
 182.00 -65.26 -18.41
 183.00 -66.19  -4.45
 184.00 -74.85 140.62
 185.00 -51.53 -31.76
 186.00 -135.78 129.62
 187.00 -107.30 174.12
 188.00 -62.26 103.75
 189.00 -80.46 -37.12
 190.00 -68.08 -33.57
 191.00 -55.72 -42.69
 192.00 -68.87 -54.39
 193.00 -63.75 -36.93
 194.00 -58.83 -44.47
 195.00 -67.32 -38.76
 196.00 -74.75 -45.38
 197.00 -59.69 -23.53
 198.00 -80.68 -34.82
 199.00 -60.88 -47.49
 200.00 -68.30 -33.32
 201.00 -55.59 -52.39
 202.00 -71.93 -40.16
 203.00 -65.32 -35.12
 204.00 -67.39 -46.40
 205.00 -62.20 -35.50
 206.00 -101.41 -28.66
 207.00 -42.12 -25.39
 208.00 -52.22 -37.19
 209.00 -76.49 -24.96
 210.00 -66.69 -48.55
 211.00 -77.36 -31.50
 212.00 -98.01 -46.98
 213.00 -69.39 -26.10
 214.00 -95.81 -15.31
 215.00 -89.97  -1.40
 216.00 -133.03 -51.02
 217.00 -59.99 113.05
 218.00 -61.87 -34.40
 219.00 -82.72 -16.85
 220.00 -123.49 -19.20
 221.00 -112.68 -15.65
 222.00 -158.01 141.90
 223.00  47.50 120.36
 224.00  93.24  32.25
 225.00 -93.19  -9.32
 226.00 -85.23 158.59
 227.00 -150.91 104.31
 228.00 -60.31 122.02
 229.00 -117.58 132.02
 230.00 -69.61 -23.29
 231.00 -55.22 138.95
 232.00 -60.30 -39.35
 233.00 -91.50 -17.09
 234.00 -75.17 -56.80
 235.00 -77.32 -55.80
 236.00 -81.58 -62.22
 237.00 -57.71 -40.87
 238.00 -52.76 -22.98
 239.00 -73.62 -28.34
 240.00 -79.85 -42.33
 241.00 -80.14 -26.83
 242.00 -135.03 -39.30
 243.00 -82.94 -58.72
 244.00 -70.00 -26.24
 245.00 -60.27 -59.27
 246.00 -79.29 -16.27
 247.00 -66.18 -41.71
 248.00 -67.85 -33.59
 249.00 -60.68 -48.70
 250.00 -64.76 -46.77
 251.00 -83.16 -35.73
 252.00 -59.49 -35.84
 253.00 -74.17 -37.26
 254.00 -37.35 -49.96
 255.00 -78.10 -51.98
 256.00 -56.40 -37.26
 257.00 -74.82 -44.30
 258.00 -61.79 -41.47
 259.00 -66.58 -33.23
 260.00 -79.06 -28.43
 261.00 -53.59 -41.00
 262.00 -74.39 -36.37
 263.00 -47.64 -41.70
 264.00 -85.40 -37.94
 1001.00 -82.10 -27.90
 1002.00 -72.32 -24.02
 1003.00 -63.97 -37.47
 1004.00 -85.36 -24.17
 1005.00 -63.96 -34.49
 1006.00 -49.34 -45.13
 1007.00 -61.45 -50.41
 1008.00 -65.39 -28.82
 1009.00 -59.43 -57.03
 1010.00 -56.67 -49.66
 1011.00 -68.61 -34.70
 1012.00 -75.48 -45.52
 1013.00 -64.33 -25.82
 1014.00 -51.78 -51.14
 1015.00 -55.58 -43.95
 1016.00 -78.29 -40.49
 1017.00 -72.38 -30.09
 1018.00 -105.80 -19.47
 1019.00 -78.27  13.04
 1020.00 -163.76 -178.56
 1021.00 -134.33 -14.85
 1022.00 -57.25 144.85
 1023.00 -65.67 -34.47
 1024.00 -76.45 -20.62
 1025.00 -69.90 -46.07
 1026.00 -64.89 -23.36
 1027.00 -53.86 -48.89
 1028.00 -59.71 -52.51
 1029.00 -85.33 -39.19
 1030.00 -66.81 -23.27
 1031.00 -70.36 -36.29
 1032.00 -65.29 -42.49
 1033.00 -53.71 -41.15
 1034.00 -70.49 -42.45
 1035.00 -66.37 -44.79
 1036.00 -62.91 -29.94
 1037.00 -76.96 -30.33
 1038.00 -48.00 -54.14
 1039.00 -66.29 -39.57
 1040.00 -85.89 -38.33
 1041.00  46.34 -17.50
 1042.00  93.20  37.87
 1043.00 -71.92  21.15
 1044.00  80.70 -23.25
 1066.00 -56.21 142.39
 1067.00 -51.13  -9.65
 1068.00 -75.04 -36.90
 1069.00 -95.56 -13.90
 1070.00 -66.27 -30.74
 1071.00 -76.91 -23.16
 1072.00 -59.49 -43.30
 1073.00 -64.06 -46.70
 1074.00 -66.27 -35.31
 1075.00 -61.58 -38.33
 1076.00 -71.90 -26.95
 1077.00 -82.72 -18.79
 1078.00 -49.84 -44.78
 1079.00 -57.56 -58.45
 1080.00 -94.69 -36.15
 1081.00  89.14  14.70
 1082.00 -84.31   2.20
 1083.00 -55.71  59.60
 1084.00 -58.58 -41.18
 1085.00 -81.12 -33.53
 1086.00 -50.51 -44.64
 1087.00 -75.93 -31.26
 1088.00 -60.52 -48.09
 1089.00 -71.33 -30.40
 1090.00 -62.63 -40.94
 1091.00 -69.79 -31.34
 1092.00 -79.14 -24.58
 1093.00 -71.65 -25.15
 1094.00 -40.59 -41.87
 1095.00 -80.56 -43.69
 1096.00 -57.44 -48.14
 1097.00 -67.21 -34.72
 1098.00 -72.53 -28.73
 1099.00 -66.03 -41.27
 1100.00 -63.97 -43.27
 1101.00 -59.09 -43.34
 1102.00 -72.66 -36.51
 1103.00 -63.31 -44.61
 1104.00 -69.48 -34.05
 1105.00 -64.98 -37.89
 313.00 -74.48 -28.65
 314.00 -64.89 -59.95
 315.00 -66.13 -24.00
 316.00 -71.72 -46.62
 317.00 -78.87 -20.45
 318.00 -49.37 -56.90
 319.00 -67.80 -42.97
 320.00 -52.14 -40.52
 321.00 -73.09 -42.07
 322.00 -64.55 -29.54
 323.00 -60.68 -42.17
 324.00 -54.76 -47.62
 325.00 -73.20 -37.88
 326.00 -62.22 -32.46
 327.00 -60.64 -44.09
 328.00 -68.78 -38.16
 329.00 -61.18 -42.57
 330.00 -61.62 -47.83
 331.00 -87.06 -21.36
 332.00 -56.46 -51.04
 333.00 -63.42 -47.68
 334.00 -93.71 -23.59
 335.00 -89.47 -38.56
 336.00 -54.44 -21.95
 337.00 -51.80 -46.86
 338.00 -61.35 -36.03
 339.00 -65.33 -53.48
 340.00 -62.88 -49.55
 341.00 -61.80 -37.16
 342.00 -73.92 -38.63
 343.00 -61.76 -37.17
 344.00 -65.77 -46.77
 345.00 -73.31 -33.67
 346.00 -79.54 -25.66
 347.00 -61.76 -42.00
 348.00 -62.03 -46.14
 349.00 -161.05 153.97
 350.00 -138.40 -24.84
 351.00 -78.31 -34.31
 352.00 -75.12 -40.00
 353.00 -150.01 -173.42
 354.00 -65.55 148.72
 355.00 -85.41 -32.14
 356.00 -87.11 -19.27
 357.00 -61.62 -38.40
 358.00 -48.32 -49.71
 359.00 -65.68 -45.21
 360.00 -57.89 -37.53
 361.00 -71.16 -56.07
 362.00 -64.05 -17.90
 363.00 -81.27 -38.14
 364.00 -59.61 -58.34
 365.00 -74.93 -21.14
 366.00 -70.77 -48.63
 367.00 -74.03 -21.42
 368.00 -53.48 -32.08
 369.00 -56.92 -61.47
 370.00 -71.96  -8.65
 371.00 -67.54 -40.18
 372.00 -73.62  -7.97
 373.00 -106.54 -23.00
 374.00 -81.91   0.19
 375.00 -62.09 -33.92
 376.00 -56.40 -33.74
 377.00 -60.93 -40.60
 378.00 -63.10 -50.06
 379.00 -66.23 -48.37
 380.00 -72.26 -25.65
 381.00 -56.47 -44.95
 382.00 -112.18 -49.98
 383.00 -129.39 -11.50
 384.00 -57.11  94.54
 385.00 -51.70 -35.17
 386.00 -59.38 -55.53
 387.00 -58.80 -51.07
 388.00 -66.57 -47.38
 389.00 -65.58 -39.12
 390.00 -57.70 -43.68
 391.00 -49.17 -49.18
 392.00 -63.03 -46.09
 393.00 -66.55 -40.64
 394.00 -69.17 -50.68
 395.00 -90.45 -29.14
 396.00  52.23  10.74
 397.00 -76.26  36.57
 398.00  39.74 -37.51


