 residuo Phi Psi
  69.00 -65.39 110.26
  70.00 -70.52 -19.57
  71.00 -66.78 -30.31
  72.00 -65.90 -39.61
  73.00 -59.98 -39.00
  74.00 -45.51 -50.24
  75.00 -64.21 -52.03
  76.00 -58.32 -41.98
  77.00 -70.91 -41.68
  78.00 -62.25 -43.02
  79.00 -65.73 -32.69
  80.00 -66.72 -33.74
  81.00 -57.77 -37.36
  82.00 -64.18 -38.37
  83.00 -68.46 -40.14
  84.00 -64.79 -35.99
  85.00 -69.41 -52.42
  86.00 -69.90 -30.70
  87.00 -60.39 -40.63
  88.00 -78.26 -45.85
  89.00 -59.82 -51.02
  90.00 -80.67 -35.62
  91.00 -76.28 -32.18
  92.00 -44.15 -26.96
  93.00 -65.07 -50.76
  94.00 -60.63 -39.24
  95.00 -67.26 -48.05
  96.00 -63.11 -51.11
  97.00 -60.42 -38.45
  98.00 -69.42 -46.59
  99.00 -73.65 -21.02
 100.00 -121.12 -36.88
 101.00 -70.36 -31.96
 102.00 -62.85 125.86
 103.00 -60.95 -32.64
 104.00 -127.80 -16.59
 105.00 -78.83   1.58
 106.00 -159.22  71.01
 107.00 -24.18 158.42
 108.00 -64.48 -73.77
 109.00 -60.60 -36.01
 110.00 -60.36 -37.42
 111.00 -76.52 -22.75
 112.00 -65.67 -42.99
 113.00 -66.16 -25.69
 114.00 -57.23 -43.03
 115.00 -60.94 -40.32
 116.00 -78.65 -37.49
 117.00 -68.82 -30.72
 118.00 -55.07 -44.84
 119.00 -86.43 -22.98
 120.00 -64.23 -52.44
 121.00 -78.69 -30.49
 122.00 -64.58 -25.36
 123.00 -62.81 -54.62
 124.00 -87.70 -37.15
 125.00 -100.27 -23.17
 126.00 -89.81 -56.05
 127.00 -52.23 -56.26
 128.00 -71.58 -38.94
 129.00 -63.39 -31.64
 130.00 -73.45 -30.29
 131.00 -74.17 -36.18
 132.00 -67.23 -31.96
 133.00 -58.74 -33.99
 134.00 -69.54 -48.04
 135.00 -75.01 -24.75
 136.00 -62.31 -51.58
 137.00 114.65 -26.69
 138.00  68.24  46.59
 139.00 -58.20 -31.22
 140.00 -71.38 152.46
 141.00 -56.52 113.39
 142.00 -104.19 -21.99
 143.00 -67.44 177.61
 144.00 -59.84 155.89
 145.00 -47.37 -48.23
 146.00 -91.38 -26.07
 147.00 -63.44  -4.10
 148.00 -60.15 -43.94
 149.00 -90.22 -34.78
 150.00 -69.99 -29.03
 151.00 -73.37 -35.72
 152.00 -56.83 -36.05
 153.00 -70.60 -51.06
 154.00 -58.33 -31.49
 155.00 -77.84 -44.95
 156.00 -57.78 -38.09
 157.00 -56.50 -66.85
 158.00 -63.56 -44.68
 159.00 -77.60 -36.32
 160.00 -76.46 -30.70
 161.00 -59.12 -29.36
 162.00 -68.42 -53.73
 163.00 -57.62 -46.61
 164.00 -70.84 -36.77
 165.00 -75.73 -25.76
 166.00 -69.05 -27.59
 167.00 -72.03 -46.88
 168.00 -69.11 -23.64
 169.00 -71.99 -37.09
 170.00 -56.46 -51.86
 171.00 -52.28 -47.58
 172.00 -74.58 -48.50
 173.00 -67.34 -23.41
 174.00 -79.18 -37.83
 175.00 -56.94 -44.54
 176.00 -61.41 -41.53
 177.00 -85.46 -12.71
 178.00 -67.60 -20.65
 179.00 -58.87 134.07
 180.00 -119.08 -17.78
 181.00 -63.94  29.20
 182.00 -84.14 -20.75
 183.00 -65.95   1.72
 184.00 -66.75 145.01
 185.00 -88.24 -14.55
 186.00 -131.24 124.86
 187.00 -63.31 142.20
 188.00 -103.80 149.14
 189.00 -68.24 -32.63
 190.00 -52.24 -32.84
 191.00 -64.23 -55.13
 192.00 -58.58 -47.75
 193.00 -64.65 -41.26
 194.00 -64.73 -37.76
 195.00 -51.56 -52.03
 196.00 -60.99 -43.87
 197.00 -71.53 -35.58
 198.00 -57.09 -44.42
 199.00 -57.34 -47.64
 200.00 -66.74 -40.39
 201.00 -51.31 -49.51
 202.00 -54.04 -56.73
 203.00 -59.80 -44.82
 204.00 -57.81 -45.97
 205.00 -79.43 -26.50
 206.00 -84.64 -37.38
 207.00 -70.97 -35.14
 208.00 -59.10 -18.65
 209.00 -64.04 -33.34
 210.00 -69.15 -46.01
 211.00 -54.67 -50.34
 212.00 -80.48 -34.08
 213.00 -69.77 -49.20
 214.00 -59.65 -26.24
 215.00 -111.03 -27.79
 216.00 -157.24  -1.09
 217.00 -69.71  98.19
 218.00 -77.46 -14.96
 219.00 -88.55   0.63
 220.00 -120.39 -41.05
 221.00 -120.82  -6.43
 222.00 -164.21 142.61
 223.00  48.79 119.31
 224.00  61.97  50.30
 225.00 -83.45 -15.65
 226.00 -79.21 148.16
 227.00 -160.63 107.58
 228.00 -65.70 115.88
 229.00 -140.45 129.94
 230.00 -75.25   3.76
 231.00 -54.71 119.19
 232.00 -65.25 -25.00
 233.00 -72.39 -37.14
 234.00 -50.03 -41.57
 235.00 -62.04 -70.25
 236.00 -92.73 -50.15
 237.00 -84.56 -24.45
 238.00 -66.08 -23.91
 239.00 -59.59 -21.82
 240.00 -93.37 -47.21
 241.00 -77.65 -35.10
 242.00 -147.50 -11.34
 243.00 -61.65 -64.73
 244.00 -52.66 -53.35
 245.00 -61.24 -59.67
 246.00 -58.91 -31.47
 247.00 -60.53 -42.50
 248.00 -65.17 -48.40
 249.00 -43.29 -50.68
 250.00 -70.21 -51.04
 251.00 -60.61 -41.45
 252.00 -73.84 -51.69
 253.00 -70.47 -24.36
 254.00 -57.87 -48.99
 255.00 -69.09 -46.28
 256.00 -82.11 -19.47
 257.00 -57.55 -53.97
 258.00 -59.19 -42.30
 259.00 -61.63 -44.10
 260.00 -90.41 -26.59
 261.00 -47.90 -40.20
 262.00 -76.84 -40.11
 263.00 -69.11 -34.18
 264.00 -66.11 -31.08
 1001.00 -66.57 -29.53
 1002.00 -71.42 -32.90
 1003.00 -54.27 -26.15
 1004.00 -61.36 -63.38
 1005.00 -92.73 -19.40
 1006.00 -61.22 -26.91
 1007.00 -65.16 -46.25
 1008.00 -72.90 -22.17
 1009.00 -68.53 -53.39
 1010.00 -66.86 -40.16
 1011.00 -59.42 -51.50
 1012.00 -70.43 -40.08
 1013.00 -68.76 -31.18
 1014.00 -67.88 -34.14
 1015.00 -57.69 -34.64
 1016.00 -56.16 -49.95
 1017.00 -62.20 -40.33
 1018.00 -91.06 -32.03
 1019.00 -48.63 -18.20
 1020.00 -89.89 129.64
 1021.00 -140.56 -24.07
 1022.00 -63.69 160.24
 1023.00 -56.26 -33.91
 1024.00 -67.83 -62.42
 1025.00 -75.82 -23.17
 1026.00 -54.82 -47.53
 1027.00 -66.91 -42.77
 1028.00 -66.54 -38.86
 1029.00 -55.99 -49.49
 1030.00 -62.23 -33.02
 1031.00 -76.11 -41.74
 1032.00 -66.15 -29.28
 1033.00 -61.63 -44.06
 1034.00 -72.75 -35.46
 1035.00 -68.65 -44.71
 1036.00 -58.39 -35.42
 1037.00 -73.44 -38.74
 1038.00 -65.74 -40.12
 1039.00 -55.88 -36.32
 1040.00 -77.97 -50.52
 1041.00  52.78 -25.19
 1042.00 105.30  33.98
 1043.00 -73.86  -3.75
 1044.00  83.34 -12.57
 1066.00 -53.05 143.77
 1067.00 -60.71 -11.68
 1068.00 -77.77 -37.43
 1069.00 -67.97 -38.59
 1070.00 -67.86 -32.31
 1071.00 -68.88 -34.72
 1072.00 -61.06 -41.08
 1073.00 -71.68 -37.96
 1074.00 -71.37 -36.09
 1075.00 -69.72 -28.12
 1076.00 -65.71 -37.93
 1077.00 -59.53 -35.98
 1078.00 -75.54 -37.17
 1079.00 -58.66 -33.86
 1080.00 -70.27 -36.23
 1081.00  70.51 -12.93
 1082.00 -82.65  14.59
 1083.00 -51.92  70.77
 1084.00 -66.81 -51.36
 1085.00 -84.47 -33.11
 1086.00 -72.73 -34.02
 1087.00 -59.96 -33.43
 1088.00 -52.76 -45.66
 1089.00 -93.53 -32.26
 1090.00 -51.05 -33.87
 1091.00 -90.45 -35.27
 1092.00 -109.29  12.53
 1093.00 -67.47 -25.54
 1094.00 -66.84 -20.49
 1095.00 -65.77 -37.78
 1096.00 -66.41 -42.61
 1097.00 -62.58 -43.58
 1098.00 -75.45 -52.54
 1099.00 -83.48 -11.80
 1100.00 -72.52 -44.42
 1101.00 -56.30 -28.46
 1102.00 -73.65 -31.34
 1103.00 -66.02 -32.96
 1104.00 -70.94 -41.77
 1105.00 -61.09 -36.22
 313.00 -59.76 -44.95
 314.00 -51.43 -56.43
 315.00 -69.56 -43.19
 316.00 -74.71 -22.51
 317.00 -63.70 -41.91
 318.00 -53.64 -37.67
 319.00 -57.55 -51.51
 320.00 -54.97 -58.04
 321.00 -53.57 -50.10
 322.00 -60.74 -46.06
 323.00 -67.41 -42.64
 324.00 -61.76 -43.34
 325.00 -58.86 -28.51
 326.00 -69.84 -29.13
 327.00 -44.85 -62.04
 328.00 -55.06 -50.19
 329.00 -60.09 -57.23
 330.00 -74.79 -37.37
 331.00 -63.40 -44.78
 332.00 -61.35 -45.61
 333.00 -72.02 -55.58
 334.00 -74.13 -14.84
 335.00 -90.27 -38.20
 336.00 -55.00 -19.80
 337.00 -48.56 -54.30
 338.00 -54.05 -49.48
 339.00 -64.47 -47.03
 340.00 -64.26 -39.20
 341.00 -74.78 -49.22
 342.00 -78.81 -33.21
 343.00 -70.04 -26.37
 344.00 -57.84 -45.49
 345.00 -69.67 -30.33
 346.00 -84.26 -16.33
 347.00 -62.91 -48.18
 348.00 -68.76 -54.95
 349.00 -152.90 155.16
 350.00 -77.06 -82.14
 351.00 -131.87  -6.59
 352.00 -146.40  35.36
 353.00 -145.41 162.25
 354.00 -45.57 109.72
 355.00 -70.44 -22.92
 356.00 -101.75 -26.66
 357.00 -70.75 -28.24
 358.00 -57.23 -42.91
 359.00 -64.02 -45.98
 360.00 -69.00 -37.18
 361.00 -50.87 -57.64
 362.00 -68.98 -34.19
 363.00 -86.21 -31.68
 364.00 -69.68 -41.59
 365.00 -61.77 -30.83
 366.00 -84.80 -38.17
 367.00 -73.72  -2.87
 368.00 -73.43 -37.68
 369.00 -59.09 -56.19
 370.00 -68.18 -24.20
 371.00 -55.45 -23.36
 372.00 -63.26 -25.35
 373.00 -98.98 -13.77
 374.00 -85.92   2.92
 375.00 -67.20 -30.94
 376.00 -55.27 -47.65
 377.00 -74.26 -31.24
 378.00 -53.17 -49.17
 379.00 -68.93 -45.00
 380.00 -65.02 -29.57
 381.00 -77.75 -49.58
 382.00 -122.64 -19.43
 383.00 -134.28  -6.79
 384.00 -59.25 121.21
 385.00 -60.32 -51.74
 386.00 -63.80 -48.03
 387.00 -61.80 -41.91
 388.00 -65.82 -46.80
 389.00 -59.34 -32.84
 390.00 -64.06 -54.62
 391.00 -58.81 -35.11
 392.00 -70.08 -35.12
 393.00 -78.48 -44.26
 394.00 -68.08 -33.15
 395.00 -98.49 -13.10
 396.00  75.67  -7.69
 397.00 -88.04   9.37
 398.00 -55.30  69.00


