 residuo Phi Psi
  69.00 -55.81 101.51
  70.00 -58.96 -22.82
  71.00 -82.95 -27.21
  72.00 -66.85 -34.10
  73.00 -62.86 -33.99
  74.00 -64.34 -51.64
  75.00 -60.59 -42.92
  76.00 -52.78 -35.49
  77.00 -61.33 -53.86
  78.00 -74.24 -29.89
  79.00 -54.28 -45.17
  80.00 -57.86 -38.47
  81.00 -54.80 -48.59
  82.00 -55.35 -25.34
  83.00 -67.71 -37.83
  84.00 -50.18 -60.04
  85.00 -56.75 -58.02
  86.00 -69.54 -37.98
  87.00 -76.95 -27.13
  88.00 -63.54 -50.59
  89.00 -74.64 -42.02
  90.00 -78.66 -32.22
  91.00 -71.77 -55.32
  92.00 -63.42 -22.53
  93.00 -60.00 -29.89
  94.00 -56.12 -44.43
  95.00 -58.75 -46.63
  96.00 -70.31 -44.07
  97.00 -58.29 -41.87
  98.00 -74.78 -50.97
  99.00 -63.60 -23.38
 100.00 -94.69 -54.87
 101.00 -85.97 -44.15
 102.00 -54.03 107.97
 103.00 -87.88 -18.28
 104.00 -106.58  -2.40
 105.00 -100.40  12.32
 106.00 -150.04  84.62
 107.00 -55.02 174.14
 108.00 -52.51 -56.82
 109.00 -84.75 -43.04
 110.00 -62.71 -24.73
 111.00 -61.17 -40.68
 112.00 -59.76 -55.64
 113.00 -80.84 -28.28
 114.00 -74.03 -30.87
 115.00 -59.77 -34.85
 116.00 -81.16 -41.97
 117.00 -59.70 -26.94
 118.00 -74.12 -35.08
 119.00 -69.29 -31.25
 120.00 -64.77 -49.15
 121.00 -73.66 -33.20
 122.00 -59.37 -30.30
 123.00 -64.07 -48.16
 124.00 -80.58 -35.27
 125.00 -129.31 -13.75
 126.00 -94.86 -52.46
 127.00 -55.12 -52.03
 128.00 -69.30 -37.56
 129.00 -58.85 -34.42
 130.00 -62.98 -45.25
 131.00 -65.73 -37.60
 132.00 -78.69 -30.41
 133.00 -67.30 -30.79
 134.00 -66.50 -40.02
 135.00 -70.32 -35.02
 136.00 -81.26 -29.86
 137.00  79.94  -8.26
 138.00  69.82  33.47
 139.00 -64.90   5.56
 140.00 -85.55 141.21
 141.00 -68.83 103.72
 142.00 -133.20   4.64
 143.00 -60.09 168.23
 144.00 -72.19 161.89
 145.00 -75.00 -31.78
 146.00 -106.93   3.88
 147.00 -53.60 -11.14
 148.00 -68.93 -48.53
 149.00 -78.83 -20.38
 150.00 -60.26 -45.64
 151.00 -64.05 -40.53
 152.00 -54.55 -51.01
 153.00 -61.65 -54.27
 154.00 -54.41 -38.57
 155.00 -63.91 -58.30
 156.00 -68.97 -30.86
 157.00 -65.97 -56.75
 158.00 -76.70 -36.72
 159.00 -59.64 -35.19
 160.00 -53.87 -54.18
 161.00 -61.36 -36.86
 162.00 -72.27 -50.60
 163.00 -65.38 -33.74
 164.00 -59.74 -32.60
 165.00 -72.82 -37.86
 166.00 -59.19 -35.79
 167.00 -58.98 -51.19
 168.00 -53.02 -54.12
 169.00 -58.33 -42.66
 170.00 -70.21 -46.24
 171.00 -62.62 -32.28
 172.00 -69.51 -43.01
 173.00 -70.88 -27.54
 174.00 -76.46 -43.25
 175.00 -54.72 -30.84
 176.00 -72.87 -42.33
 177.00 -104.67  10.98
 178.00 -134.46  22.25
 179.00 -70.31 134.88
 180.00 -124.79  -2.81
 181.00 -64.26  13.88
 182.00 -54.01 -30.00
 183.00 -59.23 -14.52
 184.00 -62.42 146.77
 185.00 -127.51   2.02
 186.00 -149.69 135.07
 187.00 -74.11 147.19
 188.00 -71.06 121.38
 189.00 -74.79 -33.15
 190.00 -63.90 -27.66
 191.00 -79.80 -39.27
 192.00 -63.60 -32.47
 193.00 -75.35 -45.02
 194.00 -63.40 -33.65
 195.00 -72.49 -37.27
 196.00 -52.03 -52.76
 197.00 -57.05 -40.73
 198.00 -58.76 -47.20
 199.00 -71.20 -43.36
 200.00 -71.51 -37.93
 201.00 -71.91 -32.39
 202.00 -71.28 -48.32
 203.00 -66.84 -31.20
 204.00 -51.81 -40.82
 205.00 -60.36 -48.51
 206.00 -89.12 -45.99
 207.00 -40.76 -35.06
 208.00 -64.38 -37.56
 209.00 -46.06 -37.08
 210.00 -71.28 -60.71
 211.00 -69.91 -24.75
 212.00 -98.44 -35.77
 213.00 -63.56 -36.93
 214.00 -87.27 -35.21
 215.00 -99.70   1.54
 216.00 -149.47 -18.62
 217.00 -63.90 116.78
 218.00 -71.42 -30.33
 219.00 -83.40  -3.73
 220.00 -137.28 -21.27
 221.00 -100.36  -1.59
 222.00 -152.97 152.09
 223.00  46.21 146.21
 224.00  66.29  47.92
 225.00 -128.47   8.37
 226.00 -72.51 156.29
 227.00 -173.45 124.56
 228.00 -70.81 142.01
 229.00 -107.19 102.34
 230.00 -81.78 -16.61
 231.00 -60.11 126.21
 232.00 -66.16 -28.32
 233.00 -93.79 -34.57
 234.00 -74.19 -41.56
 235.00 -79.75 -56.94
 236.00 -81.44 -57.88
 237.00 -55.38 -26.02
 238.00 -77.72 -29.58
 239.00 -60.33 -18.50
 240.00 -86.41 -48.33
 241.00 -84.72 -31.57
 242.00 -145.48 -15.79
 243.00 -68.81 -64.99
 244.00 -65.80 -36.28
 245.00 -63.37 -57.10
 246.00 -70.56 -29.96
 247.00 -72.63 -28.19
 248.00 -56.96 -47.00
 249.00 -61.34 -47.28
 250.00 -65.04 -44.22
 251.00 -66.31 -43.23
 252.00 -55.19 -61.11
 253.00 -67.58 -29.79
 254.00 -60.88 -52.85
 255.00 -61.81 -41.28
 256.00 -58.03 -40.04
 257.00 -73.95 -50.34
 258.00 -56.63 -40.55
 259.00 -65.08 -47.11
 260.00 -100.25 -16.93
 261.00 -61.49 -23.38
 262.00 -75.66 -43.21
 263.00 -65.02 -28.94
 264.00 -68.52 -40.60
 1001.00 -68.82 -36.31
 1002.00 -56.95 -23.41
 1003.00 -69.83 -41.43
 1004.00 -62.77 -33.96
 1005.00 -69.74 -46.14
 1006.00 -76.15 -33.36
 1007.00 -60.43 -42.59
 1008.00 -67.28 -28.83
 1009.00 -41.79 -49.58
 1010.00 -70.61 -50.05
 1011.00 -55.74 -38.12
 1012.00 -70.38 -41.81
 1013.00 -55.70 -41.83
 1014.00 -57.54 -48.51
 1015.00 -105.02  -7.73
 1016.00 -40.82 -53.41
 1017.00 -78.87 -48.93
 1018.00 -120.65  -5.04
 1019.00 -58.16  -0.85
 1020.00 -82.83 157.71
 1021.00 -155.43 -34.11
 1022.00 -53.54 160.13
 1023.00 -66.47 -41.34
 1024.00 -59.49 -42.25
 1025.00 -50.21 -48.54
 1026.00 -72.60 -42.72
 1027.00 -44.82 -44.00
 1028.00 -66.18 -57.10
 1029.00 -59.74 -45.48
 1030.00 -78.09 -32.27
 1031.00 -62.01 -35.85
 1032.00 -66.42 -32.37
 1033.00 -64.12 -42.80
 1034.00 -65.19 -51.44
 1035.00 -80.00 -28.84
 1036.00 -69.41 -21.86
 1037.00 -67.57 -46.33
 1038.00 -68.90 -34.44
 1039.00 -70.50 -25.54
 1040.00 -74.36 -45.94
 1041.00  46.29 -16.50
 1042.00 129.66  28.29
 1043.00 -93.95  24.69
 1044.00  62.05 -34.92
 1066.00 -71.72 159.96
 1067.00 -58.08  -9.65
 1068.00 -61.50 -34.30
 1069.00 -68.43 -41.72
 1070.00 -62.83 -32.63
 1071.00 -63.79 -38.20
 1072.00 -54.23 -43.53
 1073.00 -52.68 -44.32
 1074.00 -75.34 -44.75
 1075.00 -55.95 -39.45
 1076.00 -78.49 -30.01
 1077.00 -56.78 -39.29
 1078.00 -64.53 -41.13
 1079.00 -84.68 -28.24
 1080.00 -64.50 -37.19
 1081.00  79.50  -4.28
 1082.00 -86.72  12.04
 1083.00 -71.29  82.83
 1084.00 -76.07 -28.32
 1085.00 -71.16 -34.13
 1086.00 -61.41 -40.03
 1087.00 -76.21 -37.16
 1088.00 -66.76 -36.81
 1089.00 -69.85 -38.08
 1090.00 -63.73 -37.46
 1091.00 -65.45 -31.79
 1092.00 -87.78 -29.25
 1093.00 -54.31 -28.92
 1094.00 -50.43 -60.81
 1095.00 -76.32 -32.87
 1096.00 -72.15 -41.37
 1097.00 -54.05 -36.31
 1098.00 -58.14 -38.39
 1099.00 -76.70 -33.30
 1100.00 -77.41 -30.92
 1101.00 -54.74 -44.41
 1102.00 -70.63 -36.90
 1103.00 -55.53 -38.69
 1104.00 -65.16 -53.02
 1105.00 -64.36 -39.70
 313.00 -54.49 -46.32
 314.00 -71.37 -41.59
 315.00 -61.16 -43.62
 316.00 -61.05 -45.89
 317.00 -71.32 -30.33
 318.00 -80.15 -32.97
 319.00 -62.95 -43.97
 320.00 -72.66 -30.25
 321.00 -58.38 -43.67
 322.00 -72.70 -40.98
 323.00 -66.43 -35.49
 324.00 -64.50 -37.42
 325.00 -51.16 -46.98
 326.00 -78.75 -29.29
 327.00 -60.30 -39.39
 328.00 -71.70 -36.13
 329.00 -81.29 -29.38
 330.00 -61.11 -42.81
 331.00 -55.43 -57.32
 332.00 -78.94 -30.97
 333.00 -69.20 -51.30
 334.00 -64.07 -31.76
 335.00 -75.08 -44.15
 336.00 -63.22 -16.94
 337.00 -60.20 -38.70
 338.00 -70.40 -25.89
 339.00 -46.37 -61.18
 340.00 -74.03 -53.67
 341.00 -52.05 -46.65
 342.00 -77.39 -38.42
 343.00 -60.27 -35.63
 344.00 -58.73 -51.77
 345.00 -54.13 -38.31
 346.00 -70.97 -43.75
 347.00 -87.08 -30.17
 348.00 -110.28  -9.77
 349.00 -159.06 144.31
 350.00 -77.91 -38.12
 351.00 -156.64  -1.81
 352.00 -143.49  16.94
 353.00 -149.80 166.86
 354.00 -58.71 136.66
 355.00 -65.33 -50.90
 356.00 -72.40 -36.45
 357.00 -63.97 -38.27
 358.00 -57.68 -38.33
 359.00 -57.76 -41.57
 360.00 -85.68 -28.03
 361.00 -60.15 -34.13
 362.00 -43.92 -35.90
 363.00 -75.02 -41.32
 364.00 -71.17 -46.00
 365.00 -53.92 -39.60
 366.00 -80.57 -42.62
 367.00 -66.64 -25.83
 368.00 -62.59 -41.31
 369.00 -70.87 -35.79
 370.00 -76.53 -27.37
 371.00 -58.35 -20.81
 372.00 -74.19  -5.77
 373.00 -128.94   4.28
 374.00 -81.99  -4.26
 375.00 -59.07 -28.31
 376.00 -59.44 -47.86
 377.00 -69.99 -28.05
 378.00 -71.18 -34.59
 379.00 -67.06 -42.40
 380.00 -85.15 -15.22
 381.00 -79.14 -35.39
 382.00 -137.79 -22.58
 383.00 -151.39  28.77
 384.00 -51.36 100.71
 385.00 -76.35 -37.26
 386.00 -53.26 -47.42
 387.00 -48.11 -49.37
 388.00 -61.09 -54.67
 389.00 -59.05 -44.14
 390.00 -82.49 -35.45
 391.00 -69.89 -34.27
 392.00 -66.76 -18.84
 393.00 -62.42 -65.22
 394.00 -73.78 -33.53
 395.00 -107.24 -12.93
 396.00  46.23  18.12
 397.00 -116.19  43.96
 398.00 -127.94 130.28


