 residuo Phi Psi
  69.00 -46.49 159.64
  70.00 -64.14 -51.30
  71.00 -60.42 -33.58
  72.00 -76.04 -25.80
  73.00 -65.81 -30.46
  74.00 -51.98 -40.19
  75.00 -62.03 -41.82
  76.00 -65.87 -39.48
  77.00 -67.54 -37.75
  78.00 -70.10 -36.35
  79.00 -68.59 -44.11
  80.00 -57.74 -30.60
  81.00 -65.70 -41.93
  82.00 -65.37 -22.29
  83.00 -63.39 -44.33
  84.00 -75.87 -30.09
  85.00 -47.92 -57.28
  86.00 -77.13 -46.39
  87.00 -71.02 -29.88
  88.00 -67.65 -27.73
  89.00 -63.59 -51.64
  90.00 -56.78 -49.67
  91.00 -79.83 -40.43
  92.00 -74.53 -27.66
  93.00 -55.62 -42.25
  94.00 -60.15 -42.33
  95.00 -53.84 -54.18
  96.00 -72.90 -39.04
  97.00 -61.58 -43.76
  98.00 -77.28 -36.23
  99.00 -81.85 -18.83
 100.00 -133.48 -12.59
 101.00 -87.97 -34.48
 102.00 -53.81 118.42
 103.00 -61.89 -36.32
 104.00 -111.08 -21.60
 105.00 -77.37   8.59
 106.00 -148.34  63.72
 107.00 -51.99 134.94
 108.00 -58.15 -44.65
 109.00 -62.54 -27.04
 110.00 -78.11 -25.65
 111.00 -76.90 -20.49
 112.00 -61.72 -41.82
 113.00 -81.08 -29.40
 114.00 -70.26 -24.18
 115.00 -55.47 -37.32
 116.00 -60.68 -44.34
 117.00 -69.17 -42.33
 118.00 -48.01 -43.15
 119.00 -80.70 -41.10
 120.00 -67.00 -35.81
 121.00 -71.47 -42.10
 122.00 -54.97 -33.27
 123.00 -56.36 -47.81
 124.00 -78.01 -37.23
 125.00 -159.43 -21.67
 126.00 -91.20 -26.08
 127.00 -64.78 -40.58
 128.00 -66.16 -46.50
 129.00 -80.94 -37.54
 130.00 -59.06 -35.28
 131.00 -66.17 -39.67
 132.00 -73.65 -33.21
 133.00 -77.67 -23.86
 134.00 -66.07 -36.19
 135.00 -60.50 -38.48
 136.00 -67.19 -48.41
 137.00  75.86  -5.86
 138.00  59.70  47.39
 139.00 -129.78  54.25
 140.00 -83.40 155.40
 141.00 -87.86 122.29
 142.00 -134.09   9.54
 143.00 -61.33 178.92
 144.00 -77.06 147.92
 145.00 -102.49 -15.73
 146.00 -94.30   4.47
 147.00 -48.15 -34.88
 148.00 -63.16 -37.56
 149.00 -85.06 -42.62
 150.00 -76.41 -16.23
 151.00 -76.03 -48.77
 152.00 -47.45 -21.89
 153.00 -61.67 -48.89
 154.00 -60.38 -48.82
 155.00 -64.22 -46.93
 156.00 -62.23 -46.48
 157.00 -64.43 -52.27
 158.00 -78.20 -32.49
 159.00 -53.06 -39.15
 160.00 -60.93 -54.48
 161.00 -55.73 -46.30
 162.00 -64.45 -48.28
 163.00 -71.32 -34.91
 164.00 -61.66 -37.71
 165.00 -50.79 -50.17
 166.00 -57.12 -40.55
 167.00 -53.12 -53.20
 168.00 -68.38 -36.63
 169.00 -77.65 -36.23
 170.00 -61.03 -38.21
 171.00 -65.29 -34.92
 172.00 -59.49 -54.09
 173.00 -78.98 -24.96
 174.00 -113.04 -30.26
 175.00 -54.99 -25.81
 176.00 -61.65 -41.26
 177.00 -72.70 -11.34
 178.00 -66.46 -35.32
 179.00 -54.52 126.23
 180.00 -105.26 -29.55
 181.00 -79.94  36.95
 182.00 -79.30  -9.28
 183.00 -58.73 -19.80
 184.00 -70.93 130.55
 185.00 -58.88 -27.72
 186.00 -157.16 155.77
 187.00 -68.80 149.54
 188.00 -75.23 131.15
 189.00 -62.15 -41.03
 190.00 -63.70 -34.62
 191.00 -62.56 -37.06
 192.00 -62.77 -47.08
 193.00 -57.74 -61.56
 194.00 -62.62 -37.32
 195.00 -73.05 -45.92
 196.00 -70.90 -28.26
 197.00 -63.62 -30.72
 198.00 -63.19 -40.98
 199.00 -71.14 -40.48
 200.00 -73.64 -36.79
 201.00 -70.18 -27.46
 202.00 -60.88 -40.12
 203.00 -52.54 -45.33
 204.00 -64.48 -58.76
 205.00 -62.61 -30.21
 206.00 -73.19 -51.53
 207.00 -56.07 -30.37
 208.00 -64.35 -32.81
 209.00 -52.19 -21.69
 210.00 -57.73 -59.40
 211.00 -52.08 -46.32
 212.00 -73.89 -53.64
 213.00 -65.89 -40.07
 214.00 -76.64 -27.42
 215.00 -69.39 -38.09
 216.00 -153.35 -34.14
 217.00 -62.30 118.17
 218.00 -73.44 -28.58
 219.00 -86.56  -5.70
 220.00 -122.07 -11.11
 221.00 -127.95  -1.16
 222.00 -146.05 139.93
 223.00  53.10 129.04
 224.00  99.66  13.65
 225.00 -63.95 -21.26
 226.00 -70.00 131.40
 227.00 -154.52  91.68
 228.00 -64.37 132.84
 229.00 -127.68 127.89
 230.00 -143.92  38.57
 231.00 -56.93 122.43
 232.00 -65.33 -21.46
 233.00 -90.32 -32.22
 234.00 -70.00 -54.74
 235.00 -99.86 -31.13
 236.00 -76.26 -56.66
 237.00 -53.71 -43.95
 238.00 -56.62 -34.85
 239.00 -62.08 -26.16
 240.00 -81.66 -53.49
 241.00 -97.21 -29.37
 242.00 -152.17  -0.45
 243.00 -77.09 -65.71
 244.00 -71.47 -31.08
 245.00 -66.17 -52.69
 246.00 -66.93 -27.28
 247.00 -63.02 -47.79
 248.00 -76.27 -40.39
 249.00 -68.31 -31.00
 250.00 -69.18 -54.23
 251.00 -74.26 -44.32
 252.00 -60.38 -41.30
 253.00 -65.58 -36.06
 254.00 -61.36 -48.39
 255.00 -54.84 -44.30
 256.00 -75.00 -34.78
 257.00 -72.67 -45.57
 258.00 -69.93 -26.54
 259.00 -46.82 -56.12
 260.00 -75.78 -39.50
 261.00 -75.85 -22.09
 262.00 -58.55 -35.01
 263.00 -64.27 -44.89
 264.00 -63.05 -42.14
 1001.00 -62.28 -34.89
 1002.00 -66.24 -36.65
 1003.00 -65.53 -40.55
 1004.00 -74.70 -26.81
 1005.00 -62.18 -42.71
 1006.00 -58.03 -41.01
 1007.00 -67.66 -39.39
 1008.00 -70.88 -36.73
 1009.00 -65.80 -32.24
 1010.00 -69.10 -43.86
 1011.00 -51.71 -30.58
 1012.00 -86.99 -39.79
 1013.00 -56.68 -25.28
 1014.00 -76.34 -42.87
 1015.00 -75.49 -24.12
 1016.00 -67.88 -41.69
 1017.00 -67.32 -30.28
 1018.00 -99.42 -29.13
 1019.00 -72.14  -3.84
 1020.00 -112.26 145.83
 1021.00 -133.23 -18.78
 1022.00 -40.15 138.75
 1023.00 -58.87 -38.57
 1024.00 -64.66 -48.13
 1025.00 -53.82 -43.82
 1026.00 -70.57 -46.53
 1027.00 -40.55 -52.14
 1028.00 -64.35 -56.41
 1029.00 -65.64 -33.12
 1030.00 -68.83 -38.65
 1031.00 -62.85 -40.03
 1032.00 -62.62 -34.15
 1033.00 -64.29 -48.79
 1034.00 -48.62 -43.05
 1035.00 -79.14 -45.08
 1036.00 -58.22 -31.42
 1037.00 -71.19 -38.81
 1038.00 -70.98 -32.82
 1039.00 -70.41 -35.23
 1040.00 -77.05 -40.16
 1041.00  49.15 -24.28
 1042.00  77.33  43.51
 1043.00 -53.85  11.50
 1044.00  90.54 -27.41
 1066.00 -59.43 159.60
 1067.00 -52.71 -25.45
 1068.00 -80.72 -39.12
 1069.00 -77.34 -24.06
 1070.00 -83.80 -27.40
 1071.00 -59.07 -42.16
 1072.00 -72.01 -45.08
 1073.00 -76.58 -24.70
 1074.00 -55.27 -45.92
 1075.00 -67.17 -36.55
 1076.00 -52.30 -43.66
 1077.00 -54.84 -53.10
 1078.00 -72.90 -44.25
 1079.00 -59.39 -41.61
 1080.00 -78.29 -37.82
 1081.00  95.18  -5.35
 1082.00 -76.09  -1.34
 1083.00 -42.40  61.22
 1084.00 -72.74 -47.96
 1085.00 -73.18 -31.00
 1086.00 -79.42 -23.52
 1087.00 -62.72 -35.04
 1088.00 -68.88 -31.87
 1089.00 -70.79 -39.40
 1090.00 -63.84 -40.38
 1091.00 -66.21 -35.55
 1092.00 -70.62 -41.40
 1093.00 -67.96 -28.36
 1094.00 -51.90 -47.25
 1095.00 -62.40 -41.71
 1096.00 -121.74 -15.17
 1097.00 -58.43 -32.14
 1098.00 -49.49 -56.35
 1099.00 -73.12 -39.31
 1100.00 -60.23 -38.75
 1101.00 -61.65 -52.36
 1102.00 -69.21 -34.96
 1103.00 -77.03 -24.73
 1104.00 -64.89 -37.07
 1105.00 -62.79 -40.38
 313.00 -69.96 -31.56
 314.00 -83.76 -31.32
 315.00 -58.39 -35.98
 316.00 -66.06 -45.89
 317.00 -62.41 -37.82
 318.00 -68.03 -39.03
 319.00 -54.92 -42.66
 320.00 -57.88 -44.12
 321.00 -63.17 -45.87
 322.00 -62.88 -58.52
 323.00 -83.87 -12.80
 324.00 -56.25 -43.32
 325.00 -48.72 -26.04
 326.00 -61.95 -44.87
 327.00 -66.58 -52.38
 328.00 -64.71 -33.86
 329.00 -54.84 -54.14
 330.00 -81.37 -44.05
 331.00 -85.23  -8.33
 332.00 -45.08 -51.38
 333.00 -68.04 -59.45
 334.00 -81.10 -22.54
 335.00 -90.03 -40.43
 336.00 -62.56 -30.64
 337.00 -63.21 -40.67
 338.00 -61.08 -21.93
 339.00 -69.88 -55.26
 340.00 -56.56 -33.22
 341.00 -66.44 -45.53
 342.00 -64.86 -30.00
 343.00 -68.58 -47.66
 344.00 -54.78 -36.78
 345.00 -57.33 -62.66
 346.00 -102.95 -19.80
 347.00 -81.31 -29.46
 348.00 -67.65 -49.48
 349.00 -147.67 152.44
 350.00 -91.36 -49.48
 351.00 -57.92 -50.21
 352.00 -118.12 -31.24
 353.00 -132.09 167.30
 354.00 -62.98 136.58
 355.00 -63.93 -35.41
 356.00 -83.90 -28.64
 357.00 -68.62 -35.27
 358.00 -51.77 -51.12
 359.00 -49.73 -54.23
 360.00 -83.53 -35.68
 361.00 -60.76 -49.11
 362.00 -65.34 -45.11
 363.00 -86.78 -20.99
 364.00 -63.10 -53.73
 365.00 -64.35 -36.42
 366.00 -85.47 -34.70
 367.00 -65.04 -18.89
 368.00 -58.23 -42.18
 369.00 -58.62 -43.77
 370.00 -62.57 -16.64
 371.00 -61.46 -28.64
 372.00 -71.55 -23.28
 373.00 -137.75 -12.92
 374.00 -142.35  56.47
 375.00 -53.45 -41.05
 376.00 -59.81 -42.16
 377.00 -72.82 -30.97
 378.00 -65.64 -39.93
 379.00 -58.98 -45.40
 380.00 -60.88 -36.31
 381.00 -69.61 -50.66
 382.00 -79.71 -46.00
 383.00 -103.88 -42.09
 384.00 -59.10 110.21
 385.00 -80.93 -30.55
 386.00 -59.03 -35.59
 387.00 -50.06 -54.50
 388.00 -70.19 -50.00
 389.00 -92.09 -19.81
 390.00 -51.25 -47.45
 391.00 -62.67 -33.91
 392.00 -79.75 -31.45
 393.00 -72.16 -37.56
 394.00 -68.83 -25.96
 395.00 -101.24  -6.34
 396.00  71.56  -1.83
 397.00 -91.22  25.83
 398.00 -79.74  63.09


