 residuo Phi Psi
  69.00 -81.48 121.31
  70.00 -65.76 -14.58
  71.00 -70.09 -20.87
  72.00 -66.68 -39.08
  73.00 -67.48 -39.45
  74.00 -59.71 -44.48
  75.00 -62.56 -41.04
  76.00 -68.52 -44.99
  77.00 -64.89 -34.41
  78.00 -56.12 -38.40
  79.00 -82.74 -44.30
  80.00 -53.14 -30.57
  81.00 -53.10 -50.17
  82.00 -62.11 -22.24
  83.00 -59.27 -48.72
  84.00 -79.71 -29.67
  85.00 -64.10 -40.89
  86.00 -64.89 -48.14
  87.00 -82.86 -19.22
  88.00 -73.46 -48.20
  89.00 -64.30 -63.08
  90.00 -50.49 -45.14
  91.00 -68.39 -58.68
  92.00 -58.09 -31.57
  93.00 -68.67 -36.29
  94.00 -73.32 -27.26
  95.00 -56.05 -44.78
  96.00 -51.76 -46.82
  97.00 -63.69 -55.34
  98.00 -65.76 -43.81
  99.00 -71.09 -32.98
 100.00 -120.25 -40.48
 101.00 -94.12 -16.11
 102.00 -58.42 124.71
 103.00 -84.29 -35.30
 104.00 -113.38  -0.37
 105.00 -52.38 -16.99
 106.00 -156.56  60.76
 107.00 -60.01 168.83
 108.00 -71.11 -37.74
 109.00 -64.56 -36.54
 110.00 -45.46 -40.67
 111.00 -74.20 -41.88
 112.00 -75.29 -40.53
 113.00 -62.45 -24.70
 114.00 -56.70 -27.48
 115.00 -67.93 -39.09
 116.00 -66.34 -38.95
 117.00 -77.86 -28.81
 118.00 -61.27 -36.09
 119.00 -58.74 -45.34
 120.00 -63.79 -47.93
 121.00 -70.94 -50.91
 122.00 -68.01 -26.54
 123.00 -62.95 -50.17
 124.00 -71.52 -38.76
 125.00 -103.63 -45.75
 126.00 -102.68 -28.42
 127.00 -61.57 -56.10
 128.00 -73.19 -39.83
 129.00 -67.61 -34.86
 130.00 -61.33 -27.06
 131.00 -65.95 -51.29
 132.00 -66.14 -41.45
 133.00 -64.10 -26.92
 134.00 -59.05 -44.92
 135.00 -80.81 -26.27
 136.00 -87.60 -35.93
 137.00  71.44  32.59
 138.00  61.97  30.17
 139.00 -92.60  19.67
 140.00 -71.28 156.56
 141.00 -72.85 106.36
 142.00 -88.02 -30.13
 143.00 -50.82 172.56
 144.00 -69.86 143.57
 145.00 -73.64 -31.75
 146.00 -111.84  13.46
 147.00 -44.05 -16.85
 148.00 -66.51 -48.35
 149.00 -55.35 -38.48
 150.00 -78.51 -47.31
 151.00 -57.58 -37.67
 152.00 -63.46 -43.44
 153.00 -72.52 -41.83
 154.00 -61.61 -41.59
 155.00 -84.20 -29.05
 156.00 -50.18 -48.47
 157.00 -64.34 -71.07
 158.00 -63.29 -36.71
 159.00 -66.37 -40.09
 160.00 -58.50 -44.69
 161.00 -58.65 -40.65
 162.00 -69.27 -48.44
 163.00 -76.19 -28.75
 164.00 -77.21 -25.34
 165.00 -55.03 -47.17
 166.00 -55.23 -42.87
 167.00 -73.72 -52.53
 168.00 -53.06 -23.35
 169.00 -68.18 -50.86
 170.00 -58.82 -49.83
 171.00 -78.38 -47.59
 172.00 -72.08 -28.93
 173.00 -62.07 -35.97
 174.00 -53.75 -55.28
 175.00 -64.54 -32.04
 176.00 -68.65 -50.34
 177.00 -67.34 -10.39
 178.00 -61.90 -39.80
 179.00 -71.29 136.45
 180.00 -127.72  -3.05
 181.00 -66.75  30.66
 182.00 -75.92 -27.88
 183.00 -44.39  -9.28
 184.00 -73.44 134.91
 185.00 -82.12 -19.11
 186.00 -160.69 142.07
 187.00 -142.15 176.80
 188.00 -55.29 125.63
 189.00 -65.43 -36.42
 190.00 -71.50 -43.30
 191.00 -84.73 -18.47
 192.00 -72.07 -41.26
 193.00 -60.54 -30.71
 194.00 -65.17 -42.74
 195.00 -71.99 -36.19
 196.00 -59.99 -47.85
 197.00 -67.23 -43.07
 198.00 -56.32 -38.97
 199.00 -66.63 -45.89
 200.00 -76.28 -31.54
 201.00 -57.53 -41.49
 202.00 -67.49 -41.71
 203.00 -68.27 -32.84
 204.00 -66.25 -45.72
 205.00 -52.23 -41.02
 206.00 -79.27 -41.44
 207.00 -54.03 -21.61
 208.00 -69.13 -30.97
 209.00 -56.89 -28.52
 210.00 -67.14 -60.10
 211.00 -50.04 -38.08
 212.00 -92.54 -48.89
 213.00 -72.59 -33.31
 214.00 -76.68 -12.83
 215.00 -104.86 -19.03
 216.00 -140.13 -20.71
 217.00 -58.97 104.13
 218.00 -70.94 -24.99
 219.00 -86.61  -6.76
 220.00 -133.54  -8.87
 221.00 -111.91 -13.73
 222.00 -143.64 143.90
 223.00  71.15 121.02
 224.00  92.03  22.31
 225.00 -135.99   3.65
 226.00 -70.41 146.02
 227.00 -146.35  93.09
 228.00 -54.62 121.94
 229.00 -114.42 111.26
 230.00 -71.74 -10.87
 231.00 -69.87 140.28
 232.00 -67.83 -21.19
 233.00 -74.54 -26.12
 234.00 -91.78 -35.60
 235.00 -75.23 -50.17
 236.00 -132.92 -13.78
 237.00 -62.48 -45.90
 238.00 -49.52 -41.27
 239.00 -73.39 -39.14
 240.00 -63.65 -38.60
 241.00 -60.87 -43.13
 242.00 -159.75 -26.14
 243.00 -68.65 -60.25
 244.00 -64.48 -36.13
 245.00 -60.67 -56.12
 246.00 -67.37 -28.20
 247.00 -65.40 -47.09
 248.00 -65.04 -33.23
 249.00 -58.48 -44.85
 250.00 -54.60 -49.39
 251.00 -70.14 -55.44
 252.00 -64.22 -42.00
 253.00 -60.91 -37.35
 254.00 -53.54 -51.23
 255.00 -67.60 -48.21
 256.00 -66.82 -33.81
 257.00 -60.48 -48.28
 258.00 -62.11 -49.21
 259.00 -50.36 -52.88
 260.00 -85.47 -33.78
 261.00 -51.03 -38.39
 262.00 -66.52 -46.31
 263.00 -74.58 -29.17
 264.00 -58.72 -36.16
 1001.00 -69.31 -32.47
 1002.00 -70.70 -25.29
 1003.00 -75.66 -40.67
 1004.00 -65.84 -36.19
 1005.00 -68.41 -28.89
 1006.00 -67.63 -35.18
 1007.00 -67.89 -40.21
 1008.00 -66.41 -35.53
 1009.00 -72.06 -37.73
 1010.00 -66.61 -50.63
 1011.00 -63.51 -43.82
 1012.00 -72.57 -38.80
 1013.00 -66.12 -33.06
 1014.00 -62.78 -40.69
 1015.00 -51.40 -43.00
 1016.00 -75.71 -33.51
 1017.00 -73.13 -35.57
 1018.00 -62.61 -40.68
 1019.00 -64.18 -18.61
 1020.00 -121.81 159.23
 1021.00 -132.54 -27.16
 1022.00 -69.54 153.88
 1023.00 -71.53 -26.62
 1024.00 -57.10 -47.12
 1025.00 -79.60 -35.33
 1026.00 -75.23 -28.61
 1027.00 -61.51 -41.60
 1028.00 -68.17 -42.39
 1029.00 -64.08 -45.69
 1030.00 -65.92 -25.77
 1031.00 -64.81 -45.86
 1032.00 -65.09 -38.73
 1033.00 -58.07 -40.38
 1034.00 -60.16 -46.14
 1035.00 -79.63 -46.01
 1036.00 -59.89 -30.07
 1037.00 -74.18 -36.79
 1038.00 -56.70 -49.75
 1039.00 -63.65 -44.11
 1040.00 -95.65 -21.66
 1041.00  18.25  -6.87
 1042.00 105.85  52.35
 1043.00 -64.40  -1.15
 1044.00  85.23 -47.32
 1066.00 -66.98 157.26
 1067.00 -39.98  -8.54
 1068.00 -66.70 -52.32
 1069.00 -59.75 -34.00
 1070.00 -66.60 -34.71
 1071.00 -67.61 -39.18
 1072.00 -54.02 -45.05
 1073.00 -78.44 -41.76
 1074.00 -65.85 -27.54
 1075.00 -73.64 -41.62
 1076.00 -51.08 -30.30
 1077.00 -66.49 -41.65
 1078.00 -75.19 -37.03
 1079.00 -74.68 -30.19
 1080.00 -77.91 -25.91
 1081.00 102.47 -11.62
 1082.00 -97.23   7.30
 1083.00 -58.91  83.17
 1084.00 -67.64 -47.15
 1085.00 -76.00 -30.37
 1086.00 -69.37 -44.63
 1087.00 -65.87 -37.69
 1088.00 -66.85 -40.40
 1089.00 -65.28 -36.30
 1090.00 -54.49 -38.11
 1091.00 -84.56 -33.19
 1092.00 -68.99 -33.79
 1093.00 -74.23 -29.44
 1094.00 -33.06 -41.56
 1095.00 -71.39 -65.74
 1096.00 -65.31 -27.77
 1097.00 -58.81 -43.33
 1098.00 -63.79 -35.74
 1099.00 -70.09 -38.14
 1100.00 -81.96 -34.50
 1101.00 -68.17 -31.20
 1102.00 -70.12 -31.24
 1103.00 -57.32 -41.68
 1104.00 -67.01 -47.44
 1105.00 -62.04 -38.32
 313.00 -74.90 -35.33
 314.00 -60.83 -42.70
 315.00 -58.74 -45.77
 316.00 -59.66 -42.74
 317.00 -66.16 -24.23
 318.00 -58.88 -48.71
 319.00 -57.73 -45.53
 320.00 -58.65 -54.11
 321.00 -56.94 -41.83
 322.00 -68.53 -47.89
 323.00 -71.31 -32.89
 324.00 -65.38 -42.41
 325.00 -65.59 -21.68
 326.00 -67.52 -29.86
 327.00 -55.86 -47.40
 328.00 -75.91 -27.00
 329.00 -47.32 -58.84
 330.00 -73.25 -54.79
 331.00 -135.61  23.77
 332.00 -55.28 -59.92
 333.00 -68.93 -55.86
 334.00 -73.65 -28.51
 335.00 -90.80 -25.59
 336.00 -54.02 -16.82
 337.00 -54.56 -50.62
 338.00 -65.37 -41.94
 339.00 -52.56 -53.71
 340.00 -65.13 -49.91
 341.00 -72.69 -49.06
 342.00 -73.03 -29.49
 343.00 -76.55 -40.21
 344.00 -40.65 -41.79
 345.00 -65.08 -51.56
 346.00 -72.07 -29.72
 347.00 -87.27 -36.29
 348.00 -78.65 -34.86
 349.00 -123.57 138.11
 350.00 -109.05 -13.87
 351.00 -83.16 -90.57
 352.00 -39.01 -37.96
 353.00 -144.79 165.15
 354.00 -76.05 130.41
 355.00 -73.78 -27.71
 356.00 -72.39 -32.47
 357.00 -49.66 -49.01
 358.00 -51.25 -44.27
 359.00 -56.79 -63.86
 360.00 -77.26 -31.67
 361.00 -64.78 -52.51
 362.00 -53.81 -28.76
 363.00 -70.97 -40.80
 364.00 -72.48 -47.32
 365.00 -57.50 -29.53
 366.00 -83.26 -37.08
 367.00 -72.09 -20.76
 368.00 -75.18 -29.88
 369.00 -65.53 -44.89
 370.00 -71.78 -22.14
 371.00 -59.87 -19.09
 372.00 -75.02 -20.06
 373.00 -123.92  -3.52
 374.00 -81.33  -9.54
 375.00 -63.09 -24.53
 376.00 -64.46 -45.42
 377.00 -68.99 -25.94
 378.00 -54.64 -45.59
 379.00 -53.21 -54.64
 380.00 -62.76 -41.38
 381.00 -56.60 -50.44
 382.00 -130.50 -36.32
 383.00 -135.78   3.05
 384.00 -57.80 115.99
 385.00 -58.66 -44.98
 386.00 -54.06 -55.25
 387.00 -50.22 -56.87
 388.00 -69.33 -47.30
 389.00 -70.42 -37.57
 390.00 -64.10 -37.12
 391.00 -64.79 -46.43
 392.00 -60.69 -35.87
 393.00 -62.20 -52.04
 394.00 -69.87 -44.08
 395.00 -99.46 -13.74
 396.00  54.79   5.28
 397.00 -87.76  38.12
 398.00 -68.47  54.13


