 residuo Phi Psi
  69.00 -132.47 102.54
  70.00 -47.64 -19.92
  71.00 -71.57 -44.06
  72.00 -81.55 -17.13
  73.00 -81.26 -23.79
  74.00 -56.72 -38.40
  75.00 -69.71 -47.72
  76.00 -68.77 -31.19
  77.00 -71.28 -41.44
  78.00 -46.00 -35.87
  79.00 -58.63 -59.08
  80.00 -65.36 -43.29
  81.00 -55.38 -35.96
  82.00 -66.24 -25.30
  83.00 -62.29 -26.23
  84.00 -69.06 -35.97
  85.00 -60.38 -49.39
  86.00 -84.76 -38.89
  87.00 -70.89 -23.21
  88.00 -80.07 -37.94
  89.00 -70.09 -39.59
  90.00 -73.89 -32.78
  91.00 -68.99 -51.92
  92.00 -66.35 -28.29
  93.00 -64.15 -31.53
  94.00 -68.51 -35.41
  95.00 -60.68 -59.55
  96.00 -65.42 -38.05
  97.00 -53.04 -45.03
  98.00 -81.38 -49.66
  99.00 -59.04 -27.67
 100.00 -119.02 -26.98
 101.00 -91.97 -32.48
 102.00 -54.56 104.91
 103.00 -61.52 -31.88
 104.00 -76.35 -37.41
 105.00 -60.88 -15.48
 106.00 -169.82  95.56
 107.00 -67.00 164.43
 108.00 -75.41 -24.70
 109.00 -63.20 -52.24
 110.00 -56.70 -33.35
 111.00 -70.98 -40.92
 112.00 -66.55 -31.59
 113.00 -65.56 -25.83
 114.00 -80.98 -34.40
 115.00 -61.00 -34.63
 116.00 -72.61 -34.48
 117.00 -60.70 -38.98
 118.00 -59.24 -35.14
 119.00 -88.89 -28.44
 120.00 -60.50 -44.69
 121.00 -60.73 -51.09
 122.00 -63.34 -38.79
 123.00 -65.70 -48.60
 124.00 -110.52  -7.89
 125.00 -129.60 -16.25
 126.00 -111.40 -19.01
 127.00 -47.49 -64.30
 128.00 -62.81 -47.19
 129.00 -83.60 -35.29
 130.00 -63.67 -23.30
 131.00 -62.21 -51.69
 132.00 -60.58 -48.94
 133.00 -65.22 -25.86
 134.00 -54.90 -59.35
 135.00 -68.18 -36.77
 136.00 -86.25 -18.59
 137.00  87.44  -8.96
 138.00  60.26  59.01
 139.00 -97.60  15.14
 140.00 -63.80 139.94
 141.00 -92.00 125.95
 142.00 -75.99 -28.73
 143.00 -71.03 171.06
 144.00 -65.87 149.35
 145.00 -60.75 -21.46
 146.00 -82.94 -25.43
 147.00 -49.28 -20.06
 148.00 -66.03 -52.90
 149.00 -77.64 -24.55
 150.00 -55.71 -58.72
 151.00 -62.51 -45.01
 152.00 -68.55 -33.06
 153.00 -71.26 -35.38
 154.00 -70.28 -39.04
 155.00 -72.84 -29.23
 156.00 -50.26 -54.48
 157.00 -57.09 -66.15
 158.00 -67.96 -39.08
 159.00 -74.75 -33.02
 160.00 -57.30 -43.93
 161.00 -40.45 -49.43
 162.00 -78.23 -62.80
 163.00 -62.98 -26.13
 164.00 -65.77 -35.90
 165.00 -60.89 -41.25
 166.00 -57.29 -44.34
 167.00 -63.19 -52.52
 168.00 -75.24 -36.61
 169.00 -69.98 -23.20
 170.00 -72.15 -38.51
 171.00 -65.71 -50.06
 172.00 -73.47 -36.04
 173.00 -53.41 -40.37
 174.00 -46.17 -65.67
 175.00 -60.77 -48.86
 176.00 -69.39 -36.91
 177.00 -75.14 -15.88
 178.00 -76.61  -4.88
 179.00 -50.08 139.41
 180.00 -127.39 -24.26
 181.00 -81.00  46.59
 182.00 -66.54 -13.67
 183.00 -64.81 -10.53
 184.00 -79.40 155.07
 185.00 -79.68 -23.34
 186.00 -103.48  71.65
 187.00 -107.65 166.14
 188.00 -75.00 132.30
 189.00 -55.39 -40.08
 190.00 -69.85 -43.94
 191.00 -73.93 -29.51
 192.00 -60.92 -42.59
 193.00 -63.19 -38.64
 194.00 -71.54 -45.66
 195.00 -62.89 -31.03
 196.00 -67.55 -46.14
 197.00 -53.92 -40.96
 198.00 -61.82 -43.19
 199.00 -52.97 -50.21
 200.00 -53.61 -48.82
 201.00 -59.35 -47.68
 202.00 -37.87 -63.01
 203.00 -66.09 -45.06
 204.00 -60.43 -46.77
 205.00 -74.66 -29.66
 206.00 -71.94 -42.75
 207.00 -29.69 -38.56
 208.00 -59.15 -49.48
 209.00 -48.76 -42.96
 210.00 -86.73 -50.56
 211.00 -76.78 -20.57
 212.00 -84.29 -26.47
 213.00 -69.04 -36.48
 214.00 -83.48  -8.90
 215.00 -118.02 -11.47
 216.00 -121.34 -39.60
 217.00 -62.45 108.12
 218.00 -62.67 -18.44
 219.00 -76.20 -26.02
 220.00 -142.93 -14.05
 221.00 -124.80  -7.84
 222.00 -130.78 138.60
 223.00  49.45 128.42
 224.00  97.32  23.22
 225.00 -72.31 -21.64
 226.00 -70.13 139.42
 227.00 -157.63 112.68
 228.00 -65.65 135.34
 229.00 -124.75 117.76
 230.00 -67.84 -16.99
 231.00 -47.14 110.15
 232.00 -63.39 -30.14
 233.00 -68.08 -48.75
 234.00 -61.42 -41.43
 235.00 -84.10 -51.52
 236.00 -72.09 -63.50
 237.00 -59.78 -34.80
 238.00 -69.80 -32.66
 239.00 -69.39 -14.89
 240.00 -76.11 -60.34
 241.00 -69.17 -34.98
 242.00 -145.67 -27.07
 243.00 -62.46 -69.79
 244.00 -78.77 -28.06
 245.00 -69.32 -55.13
 246.00 -53.49 -27.13
 247.00 -73.16 -40.30
 248.00 -65.03 -43.16
 249.00 -54.89 -41.86
 250.00 -67.41 -54.98
 251.00 -63.30 -46.29
 252.00 -69.18 -43.12
 253.00 -59.80 -31.33
 254.00 -64.48 -48.63
 255.00 -56.94 -41.51
 256.00 -70.91 -32.12
 257.00 -68.80 -55.43
 258.00 -70.11 -20.65
 259.00 -69.10 -32.93
 260.00 -80.36 -30.20
 261.00 -50.54 -37.92
 262.00 -63.12 -52.71
 263.00 -59.03 -36.21
 264.00 -72.54 -35.59
 1001.00 -53.98 -40.80
 1002.00 -66.19 -35.44
 1003.00 -68.01 -33.51
 1004.00 -74.65 -25.95
 1005.00 -71.11 -32.34
 1006.00 -34.49 -59.05
 1007.00 -78.49 -49.10
 1008.00 -71.84 -17.94
 1009.00 -61.67 -41.62
 1010.00 -62.04 -46.36
 1011.00 -66.14 -38.35
 1012.00 -65.81 -44.40
 1013.00 -57.36 -40.99
 1014.00 -62.23 -34.40
 1015.00 -68.99 -36.90
 1016.00 -58.11 -54.45
 1017.00 -65.12 -36.58
 1018.00 -142.88   2.66
 1019.00 -74.89  23.19
 1020.00 -91.21 148.12
 1021.00 -144.85 -39.03
 1022.00 -64.85 157.65
 1023.00 -67.11 -33.40
 1024.00 -85.73 -20.75
 1025.00 -64.60 -40.37
 1026.00 -50.25 -46.18
 1027.00 -64.06 -56.13
 1028.00 -63.69 -45.10
 1029.00 -72.52 -35.35
 1030.00 -60.21 -42.20
 1031.00 -63.49 -38.88
 1032.00 -67.31 -44.22
 1033.00 -63.57 -35.99
 1034.00 -72.85 -41.04
 1035.00 -54.79 -41.19
 1036.00 -72.53 -48.37
 1037.00 -88.57 -10.39
 1038.00 -70.10 -38.37
 1039.00 -67.37 -34.67
 1040.00 -85.05 -23.79
 1041.00  51.91 -24.09
 1042.00  91.31  39.57
 1043.00 -77.43  25.44
 1044.00  70.86 -39.01
 1066.00 -64.70 161.54
 1067.00 -56.10  -2.61
 1068.00 -66.04 -45.34
 1069.00 -62.25 -35.54
 1070.00 -50.67 -54.54
 1071.00 -72.56 -33.38
 1072.00 -63.58 -39.30
 1073.00 -72.69 -25.90
 1074.00 -62.65 -44.27
 1075.00 -66.75 -42.59
 1076.00 -57.31 -29.04
 1077.00 -76.17 -37.28
 1078.00 -71.91 -34.03
 1079.00 -66.32 -25.92
 1080.00 -69.16 -41.89
 1081.00  50.59  -4.58
 1082.00 -73.40  29.87
 1083.00 -54.05  73.57
 1084.00 -71.06 -43.56
 1085.00 -62.66 -57.95
 1086.00 -80.10 -19.71
 1087.00 -62.82 -40.09
 1088.00 -51.33 -52.75
 1089.00 -71.41 -39.83
 1090.00 -62.94 -32.42
 1091.00 -70.18 -38.32
 1092.00 -54.07 -39.99
 1093.00 -50.92 -52.60
 1094.00 -53.44 -27.47
 1095.00 -61.97 -47.77
 1096.00 -66.75 -45.26
 1097.00 -72.03 -32.37
 1098.00 -74.95 -32.76
 1099.00 -59.70 -37.93
 1100.00 -80.65 -41.57
 1101.00 -60.13 -26.63
 1102.00 -60.59 -42.26
 1103.00 -61.91 -44.25
 1104.00 -70.51 -45.61
 1105.00 -69.53 -36.70
 313.00 -62.51 -37.32
 314.00 -69.05 -44.78
 315.00 -69.06 -29.92
 316.00 -68.68 -43.53
 317.00 -60.37 -31.52
 318.00 -82.39 -39.69
 319.00 -60.47 -41.82
 320.00 -46.80 -50.99
 321.00 -65.04 -47.27
 322.00 -82.19 -36.55
 323.00 -74.43  -8.53
 324.00 -54.39 -46.12
 325.00 -56.66 -28.85
 326.00 -64.43 -37.67
 327.00 -55.23 -42.11
 328.00 -63.13 -41.76
 329.00 -83.06 -34.65
 330.00 -62.72 -55.29
 331.00 -65.44 -33.32
 332.00 -61.81 -49.26
 333.00 -76.27 -39.12
 334.00 -82.41 -31.41
 335.00 -96.21 -22.27
 336.00 -57.16  -6.95
 337.00 -47.89 -45.12
 338.00 -71.44 -43.38
 339.00 -73.10 -43.63
 340.00 -61.62 -33.73
 341.00 -72.15 -60.17
 342.00 -56.20 -47.09
 343.00 -65.17 -40.40
 344.00 -66.48 -43.21
 345.00 -58.98 -41.28
 346.00 -104.43  -9.97
 347.00 -77.62 -25.71
 348.00 -59.51 -54.81
 349.00 -149.95 147.78
 350.00 -89.19 -62.03
 351.00 -70.64 -22.64
 352.00 -156.02   3.02
 353.00 -128.85 175.86
 354.00 -59.53 127.06
 355.00 -71.43 -26.53
 356.00 -68.79 -48.76
 357.00 -58.78 -60.00
 358.00 -77.21 -22.15
 359.00 -73.70 -30.33
 360.00 -48.68 -42.96
 361.00 -74.17 -39.55
 362.00 -51.75 -36.94
 363.00 -86.66 -27.33
 364.00 -52.54 -65.54
 365.00 -60.05 -31.94
 366.00 -94.68 -32.01
 367.00 -83.67  -0.11
 368.00 -44.14 -50.88
 369.00 -80.27 -49.77
 370.00 -66.02 -17.91
 371.00 -71.78 -27.79
 372.00 -57.58 -27.82
 373.00 -86.30 -18.89
 374.00 -106.63  -3.06
 375.00 -60.71 -29.20
 376.00 -65.80 -34.38
 377.00 -68.70 -38.64
 378.00 -68.24 -31.09
 379.00 -67.52 -42.41
 380.00 -72.31 -24.78
 381.00 -75.89 -35.38
 382.00 -122.80 -30.44
 383.00 -138.81   6.93
 384.00 -76.50 121.34
 385.00 -55.36 -45.21
 386.00 -71.76 -42.05
 387.00 -48.00 -46.27
 388.00 -64.98 -43.92
 389.00 -85.61 -27.52
 390.00 -46.93 -55.38
 391.00 -72.87 -31.88
 392.00 -69.87 -34.42
 393.00 -70.51 -38.41
 394.00 -71.66 -51.58
 395.00 -118.69   4.40
 396.00  52.21  10.53
 397.00 -73.94  27.21
 398.00 -90.58  59.85


