 residuo Phi Psi
  69.00 -70.98 130.00
  70.00 -153.80 168.54
  71.00 -72.19 -22.08
  72.00 -68.97 -20.35
  73.00 -49.26 -56.45
  74.00 -76.32 -42.92
  75.00 -46.09 -47.89
  76.00 -72.15 -42.17
  77.00 -73.62 -21.00
  78.00 -70.44 -34.84
  79.00 -72.21 -43.60
  80.00 -86.98  -8.97
  81.00 -58.56 -36.13
  82.00 -71.98 -28.03
  83.00 -66.85 -33.53
  84.00 -60.87 -38.96
  85.00 -57.66 -60.39
  86.00 -62.76 -54.62
  87.00 -62.76 -37.15
  88.00 -69.86 -45.06
  89.00 -53.18 -42.86
  90.00 -63.91 -41.84
  91.00 -69.65 -44.49
  92.00 -70.51 -29.95
  93.00 -68.23 -40.30
  94.00 -59.24 -31.06
  95.00 -52.34 -50.05
  96.00 -73.11 -35.92
  97.00 -59.94 -54.35
  98.00 -89.73 -32.95
  99.00 -78.46 -23.71
 100.00 -128.54  -1.16
 101.00 -84.58 -43.17
 102.00 -64.90 133.17
 103.00 -61.33 -48.82
 104.00 -115.12  -2.64
 105.00 -74.94   4.13
 106.00 -136.38  77.97
 107.00 -57.66 151.08
 108.00 -58.34 -26.53
 109.00 -57.99 -57.75
 110.00 -60.79 -32.77
 111.00 -67.35 -46.84
 112.00 -70.39 -39.94
 113.00 -71.78 -28.04
 114.00 -71.87 -23.05
 115.00 -57.45 -35.60
 116.00 -59.38 -49.45
 117.00 -66.92 -35.43
 118.00 -60.34 -39.63
 119.00 -67.36 -38.36
 120.00 -64.19 -38.83
 121.00 -62.65 -55.91
 122.00 -53.89 -40.88
 123.00 -58.52 -43.82
 124.00 -94.15 -30.97
 125.00 -121.28 -11.93
 126.00 -68.46 -73.35
 127.00 -46.76 -58.00
 128.00 -74.60 -53.36
 129.00 -78.19 -27.69
 130.00 -60.89 -37.25
 131.00 -74.75 -29.57
 132.00 -55.62 -43.66
 133.00 -65.39 -32.42
 134.00 -65.89 -37.24
 135.00 -55.32 -48.53
 136.00 -109.33 -18.60
 137.00  84.27  13.67
 138.00  73.63  30.08
 139.00 -74.27 -14.14
 140.00 -57.60 150.17
 141.00 -87.10 122.38
 142.00 -144.87  18.98
 143.00 -61.28 179.10
 144.00 -48.60 139.26
 145.00 -62.42 -47.55
 146.00 -128.16   5.50
 147.00 -68.60  -0.81
 148.00 -57.90 -50.89
 149.00 -63.32 -46.80
 150.00 -88.57 -22.01
 151.00 -59.82 -36.45
 152.00 -62.55 -31.02
 153.00 -77.48 -44.98
 154.00 -59.88 -34.49
 155.00 -51.44 -55.45
 156.00 -43.97 -51.91
 157.00 -75.68 -54.85
 158.00 -70.60 -32.13
 159.00 -76.11 -25.93
 160.00 -60.15 -46.94
 161.00 -62.35 -37.14
 162.00 -73.04 -44.59
 163.00 -79.62 -34.29
 164.00 -76.85 -17.70
 165.00 -52.91 -51.94
 166.00 -52.93 -52.67
 167.00 -55.69 -44.44
 168.00 -69.06 -56.47
 169.00 -67.31 -30.00
 170.00 -65.95 -45.48
 171.00 -56.31 -38.80
 172.00 -68.62 -47.26
 173.00 -66.17 -37.24
 174.00 -84.42 -27.17
 175.00 -71.66 -31.66
 176.00 -72.64 -37.91
 177.00 -79.63  -1.10
 178.00 -116.09  -4.90
 179.00 -57.14 124.37
 180.00 -109.35  -7.06
 181.00 -56.09   8.81
 182.00 -101.05  -6.10
 183.00 -60.49  33.23
 184.00 -67.68 147.09
 185.00 -125.88 -39.56
 186.00 -135.11 167.34
 187.00 -85.22 162.87
 188.00 -81.72 138.98
 189.00 -64.98 -39.00
 190.00 -63.73 -29.70
 191.00 -71.72 -49.87
 192.00 -51.08 -37.45
 193.00 -69.91 -50.00
 194.00 -74.85 -23.35
 195.00 -62.01 -35.75
 196.00 -49.54 -49.07
 197.00 -65.85 -44.46
 198.00 -51.37 -53.75
 199.00 -52.46 -53.09
 200.00 -55.40 -47.54
 201.00 -60.17 -44.86
 202.00 -52.12 -52.28
 203.00 -60.73 -41.12
 204.00 -53.36 -56.55
 205.00 -65.12 -36.14
 206.00 -69.15 -47.80
 207.00 -56.17 -22.35
 208.00 -59.12 -31.92
 209.00 -69.87 -21.72
 210.00 -67.89 -51.32
 211.00 -87.12 -27.19
 212.00 -99.95 -59.56
 213.00 -57.01 -38.61
 214.00 -52.52 -46.66
 215.00 -86.26  -9.30
 216.00 -171.95  -4.83
 217.00 -56.87 139.43
 218.00 -59.59 -40.40
 219.00 -71.26 -15.88
 220.00 -134.82 -28.86
 221.00 -106.73 -17.28
 222.00 -142.27 145.45
 223.00  47.18 123.17
 224.00  67.39  36.44
 225.00 -105.21  13.10
 226.00 -77.81 142.34
 227.00 -149.01 101.65
 228.00 -74.47 167.32
 229.00 -78.61  65.23
 230.00 -65.75 -41.76
 231.00 -51.60 116.85
 232.00 -58.75 -32.03
 233.00 -66.39 -23.86
 234.00 -76.24 -51.56
 235.00 -77.67 -37.30
 236.00 -115.40 -35.67
 237.00 -74.72 -62.05
 238.00 -57.24  -3.04
 239.00 -63.40 -39.29
 240.00 -69.34 -43.40
 241.00 -76.76 -33.91
 242.00 -133.82 -32.14
 243.00 -78.18 -62.56
 244.00 -72.09 -23.31
 245.00 -73.37 -52.46
 246.00 -70.79 -15.09
 247.00 -66.79 -45.51
 248.00 -73.96 -35.07
 249.00 -58.89 -30.82
 250.00 -68.60 -58.01
 251.00 -65.90 -33.96
 252.00 -75.57 -43.58
 253.00 -44.58 -36.79
 254.00 -63.87 -48.01
 255.00 -52.36 -54.88
 256.00 -75.75 -26.44
 257.00 -78.33 -47.18
 258.00 -65.08 -21.59
 259.00 -68.05 -44.31
 260.00 -64.37 -33.77
 261.00 -63.45 -41.67
 262.00 -74.48 -34.90
 263.00 -57.06 -39.25
 264.00 -80.75 -41.31
 1001.00 -58.23 -47.48
 1002.00 -68.56 -25.22
 1003.00 -75.89 -38.73
 1004.00 -65.33 -33.20
 1005.00 -71.05 -37.39
 1006.00 -74.77 -32.75
 1007.00 -62.89 -27.64
 1008.00 -67.65 -40.23
 1009.00 -38.98 -54.13
 1010.00 -50.19 -59.74
 1011.00 -64.56 -57.82
 1012.00 -53.37 -43.75
 1013.00 -74.99 -44.80
 1014.00 -68.38 -23.59
 1015.00 -68.26 -41.34
 1016.00 -62.89 -39.47
 1017.00 -53.78 -43.32
 1018.00 -94.00 -40.99
 1019.00 -79.40  14.20
 1020.00 -125.93 150.64
 1021.00 -126.84 -14.92
 1022.00 -68.98 160.65
 1023.00 -50.12 -45.27
 1024.00 -66.71 -36.79
 1025.00 -56.58 -53.38
 1026.00 -66.16 -33.40
 1027.00 -56.53 -53.74
 1028.00 -68.56 -44.21
 1029.00 -61.83 -42.98
 1030.00 -76.60 -28.52
 1031.00 -72.33 -24.95
 1032.00 -61.61 -43.56
 1033.00 -56.67 -42.04
 1034.00 -59.52 -43.79
 1035.00 -65.09 -45.56
 1036.00 -60.73 -37.28
 1037.00 -59.13 -49.13
 1038.00 -54.06 -48.12
 1039.00 -48.93 -51.12
 1040.00 -96.21 -40.12
 1041.00  59.36 -23.09
 1042.00 134.82  38.17
 1043.00 -75.83 -12.31
 1044.00  48.97 -26.65
 1066.00 -60.40 172.82
 1067.00 -72.21 -15.09
 1068.00 -73.39 -28.57
 1069.00 -62.63 -38.53
 1070.00 -63.32 -34.80
 1071.00 -63.74 -36.01
 1072.00 -69.46 -34.85
 1073.00 -74.91 -32.10
 1074.00 -72.01 -31.93
 1075.00 -62.70 -42.23
 1076.00 -67.78 -26.85
 1077.00 -62.99 -46.63
 1078.00 -76.41 -24.37
 1079.00 -55.34 -39.80
 1080.00 -93.51 -25.15
 1081.00  72.67   4.83
 1082.00 -91.36  17.64
 1083.00 -49.19  60.56
 1084.00 -67.72 -42.90
 1085.00 -83.60 -28.44
 1086.00 -60.47 -42.11
 1087.00 -68.64 -32.14
 1088.00 -61.57 -43.72
 1089.00 -58.08 -40.13
 1090.00 -60.59 -49.69
 1091.00 -56.10 -40.94
 1092.00 -61.64 -46.22
 1093.00 -55.07 -24.30
 1094.00 -62.59 -29.96
 1095.00 -83.78 -32.37
 1096.00 -67.54 -38.69
 1097.00 -51.59 -36.35
 1098.00 -60.81 -56.13
 1099.00 -71.39 -28.70
 1100.00 -70.98 -52.68
 1101.00 -59.31 -36.32
 1102.00 -72.48 -38.63
 1103.00 -54.71 -38.69
 1104.00 -80.12 -36.74
 1105.00 -55.26 -42.46
 313.00 -64.67 -40.19
 314.00 -58.26 -48.45
 315.00 -62.98 -32.60
 316.00 -62.86 -42.60
 317.00 -64.99 -46.47
 318.00 -68.15 -35.58
 319.00 -65.31 -47.38
 320.00 -61.55 -25.83
 321.00 -69.59 -53.37
 322.00 -83.26 -26.47
 323.00 -57.68 -38.30
 324.00 -64.84 -47.10
 325.00 -62.35 -26.19
 326.00 -66.47 -38.17
 327.00 -69.19 -35.03
 328.00 -71.46 -36.32
 329.00 -62.00 -45.82
 330.00 -70.19 -52.58
 331.00 -77.48 -21.82
 332.00 -51.63 -48.22
 333.00 -58.19 -41.63
 334.00 -91.23 -38.82
 335.00 -107.26 -26.21
 336.00 -59.23 -21.41
 337.00 -53.10 -47.99
 338.00 -68.89 -36.35
 339.00 -59.40 -57.07
 340.00 -66.82 -46.97
 341.00 -80.04 -38.57
 342.00 -50.29 -26.92
 343.00 -68.40 -46.26
 344.00 -63.09 -38.21
 345.00 -61.51 -36.62
 346.00 -98.81 -25.59
 347.00 -77.89 -28.30
 348.00 -71.34 -54.00
 349.00 -142.21 134.43
 350.00 -85.47 -32.80
 351.00 -74.56 -58.77
 352.00 -146.83   5.18
 353.00 -123.97 160.65
 354.00 -78.35 132.51
 355.00 -63.01 -21.57
 356.00 -60.91 -54.71
 357.00 -73.59 -42.63
 358.00 -86.11 -28.54
 359.00 -73.56 -27.88
 360.00 -74.74 -23.43
 361.00 -54.35 -52.33
 362.00 -59.46 -33.76
 363.00 -71.08 -45.42
 364.00 -74.27 -35.36
 365.00 -67.57 -24.84
 366.00 -75.28 -40.99
 367.00 -58.81 -29.76
 368.00 -59.14 -39.16
 369.00 -60.49 -49.68
 370.00 -57.94 -22.95
 371.00 -85.15 -18.79
 372.00 -58.35 -30.83
 373.00 -90.62 -23.61
 374.00 -70.68 -44.74
 375.00 -47.35 -35.63
 376.00 -63.90 -41.72
 377.00 -73.05 -32.80
 378.00 -63.99 -30.42
 379.00 -60.36 -52.48
 380.00 -71.96 -26.96
 381.00 -67.25 -48.74
 382.00 -130.19 -22.35
 383.00 -122.10  -6.68
 384.00 -53.41 101.47
 385.00 -62.47 -40.85
 386.00 -56.54 -51.22
 387.00 -61.18 -46.26
 388.00 -66.71 -45.84
 389.00 -67.39 -31.26
 390.00 -54.61 -58.95
 391.00 -54.60 -40.39
 392.00 -55.90 -62.50
 393.00 -73.18 -40.93
 394.00 -68.37 -39.81
 395.00 -96.18 -15.73
 396.00  59.57 -10.17
 397.00 -84.96  37.78
 398.00 -73.61  57.89


