 residuo Phi Psi
  69.00 -66.65 133.85
  70.00 -164.49 122.97
  71.00 -47.90 -44.53
  72.00 -56.46 -33.83
  73.00 -61.45 -49.71
  74.00 -62.85 -34.79
  75.00 -69.68 -52.86
  76.00 -52.13 -45.36
  77.00 -73.18 -42.71
  78.00 -66.44 -35.89
  79.00 -76.49 -31.94
  80.00 -89.37 -17.02
  81.00 -60.19 -31.82
  82.00 -63.88 -38.03
  83.00 -48.89 -41.63
  84.00 -70.96 -46.80
  85.00 -62.44 -44.31
  86.00 -74.45 -43.18
  87.00 -59.08 -33.81
  88.00 -66.00 -50.87
  89.00 -56.74 -45.96
  90.00 -87.09 -31.25
  91.00 -80.86 -32.55
  92.00 -49.38 -35.23
  93.00 -58.39 -44.43
  94.00 -59.03 -34.43
  95.00 -70.15 -46.23
  96.00 -56.29 -42.39
  97.00 -53.38 -52.80
  98.00 -74.55 -63.54
  99.00 -66.53 -15.81
 100.00 -128.21 -22.15
 101.00 -74.35 -48.10
 102.00 -50.39  98.21
 103.00 -53.02 -28.89
 104.00 -92.18 -25.30
 105.00 -64.53  -8.34
 106.00 -151.80  88.22
 107.00 -66.44 168.86
 108.00 -72.01 -35.75
 109.00 -61.97 -48.79
 110.00 -62.62 -32.47
 111.00 -81.51 -32.55
 112.00 -47.59 -43.13
 113.00 -58.08 -47.38
 114.00 -59.93 -46.91
 115.00 -58.75 -31.14
 116.00 -64.65 -47.16
 117.00 -72.22 -36.87
 118.00 -68.27 -28.76
 119.00 -74.74 -37.13
 120.00 -55.95 -27.50
 121.00 -64.53 -63.46
 122.00 -57.61 -30.30
 123.00 -63.23 -48.50
 124.00 -71.48 -42.22
 125.00 -119.99 -25.07
 126.00 -111.08 -41.25
 127.00 -47.58 -64.73
 128.00 -64.26 -41.87
 129.00 -71.46 -34.19
 130.00 -60.23 -48.07
 131.00 -71.23 -28.85
 132.00 -58.48 -57.41
 133.00 -51.46 -27.57
 134.00 -69.61 -26.35
 135.00 -61.14 -47.28
 136.00 -71.62 -46.06
 137.00  51.46  21.35
 138.00  76.74  42.17
 139.00 -90.86  -0.99
 140.00 -50.38 159.59
 141.00 -72.71 116.80
 142.00 -103.72 -29.58
 143.00 -51.64 167.28
 144.00 -61.40 149.69
 145.00 -60.59 -49.53
 146.00 -93.93  -4.28
 147.00 -53.28 -18.72
 148.00 -57.26 -62.03
 149.00 -88.01 -29.75
 150.00 -91.26 -12.67
 151.00 -53.68 -33.11
 152.00 -55.29 -34.91
 153.00 -76.68 -39.55
 154.00 -64.27 -37.11
 155.00 -70.99 -41.34
 156.00 -54.01 -41.88
 157.00 -74.10 -53.52
 158.00 -69.41 -19.22
 159.00 -77.49 -30.38
 160.00 -63.74 -55.37
 161.00 -63.70 -40.25
 162.00 -65.53 -47.64
 163.00 -55.14 -46.84
 164.00 -68.56 -38.32
 165.00 -63.28 -39.53
 166.00 -61.57 -43.64
 167.00 -64.79 -49.96
 168.00 -80.99 -43.60
 169.00 -68.94 -18.89
 170.00 -61.59 -49.77
 171.00 -68.77 -40.94
 172.00 -65.15 -26.47
 173.00 -74.88 -35.88
 174.00 -77.85 -25.34
 175.00 -60.28 -35.26
 176.00 -66.28 -52.13
 177.00 -78.05  -6.73
 178.00 -58.42 -36.00
 179.00 -55.97 123.79
 180.00 -92.16 -48.32
 181.00 -78.66  34.10
 182.00 -108.39  -1.11
 183.00 -75.66  23.38
 184.00 -65.35 153.44
 185.00 -99.96 -50.26
 186.00 -138.62 144.18
 187.00 -87.78 136.80
 188.00 -59.65 110.08
 189.00 -65.46 -36.85
 190.00 -71.46 -42.66
 191.00 -69.84 -36.22
 192.00 -73.99 -27.05
 193.00 -64.02 -44.35
 194.00 -68.98 -27.38
 195.00 -64.47 -34.35
 196.00 -80.87 -30.85
 197.00 -67.20 -27.66
 198.00 -78.17 -43.60
 199.00 -65.76 -25.57
 200.00 -71.74 -39.95
 201.00 -57.01 -26.62
 202.00 -62.16 -59.88
 203.00 -62.03 -41.34
 204.00 -58.21 -43.87
 205.00 -82.96 -23.63
 206.00 -98.07 -34.17
 207.00 -52.53 -11.38
 208.00 -59.99 -21.33
 209.00 -67.36 -32.83
 210.00 -67.60 -49.75
 211.00 -85.89 -33.20
 212.00 -142.21 -23.82
 213.00 -55.78 -44.99
 214.00 -55.70 -29.23
 215.00 -74.26 -35.94
 216.00 -145.74  -6.25
 217.00 -77.96 125.18
 218.00 -61.67 -18.79
 219.00 -76.90 -17.44
 220.00 -146.07 -10.78
 221.00 -106.27 -23.91
 222.00 -174.08 146.25
 223.00  47.75 119.80
 224.00  67.15  46.78
 225.00 -86.56 -12.97
 226.00 -101.28 149.60
 227.00 -145.36 104.51
 228.00 -68.26 170.67
 229.00 -77.43  53.18
 230.00 -67.83 -20.59
 231.00 -65.85 128.01
 232.00 -54.51 -32.05
 233.00 -78.12 -25.27
 234.00 -82.22 -37.01
 235.00 -79.80 -41.98
 236.00 -136.53 -22.60
 237.00 -65.98 -42.03
 238.00 -58.60 -30.22
 239.00 -84.79 -23.16
 240.00 -58.66 -37.00
 241.00 -73.52 -50.60
 242.00 -126.54 -42.14
 243.00 -71.60 -56.79
 244.00 -66.26 -30.96
 245.00 -53.94 -70.04
 246.00 -64.02 -30.30
 247.00 -69.62 -40.08
 248.00 -58.80 -39.84
 249.00 -61.49 -46.00
 250.00 -53.86 -52.41
 251.00 -63.41 -56.79
 252.00 -68.05 -36.21
 253.00 -62.69 -44.45
 254.00 -59.57 -48.47
 255.00 -71.23 -37.72
 256.00 -53.10 -38.76
 257.00 -68.31 -55.98
 258.00 -79.45 -19.27
 259.00 -70.56 -39.91
 260.00 -75.68 -16.54
 261.00 -64.54 -41.51
 262.00 -54.44 -41.78
 263.00 -49.60 -52.61
 264.00 -62.99 -59.33
 1001.00 -68.19 -40.19
 1002.00 -63.66 -30.19
 1003.00 -71.00 -38.21
 1004.00 -73.27 -20.96
 1005.00 -77.10 -49.13
 1006.00 -63.59 -29.33
 1007.00 -69.61 -38.19
 1008.00 -53.08 -33.84
 1009.00 -58.39 -49.67
 1010.00 -53.53 -54.77
 1011.00 -73.74 -39.56
 1012.00 -73.38 -35.92
 1013.00 -73.09 -30.15
 1014.00 -65.09 -35.59
 1015.00 -73.15 -30.56
 1016.00 -64.02 -33.27
 1017.00 -48.12 -39.36
 1018.00 -97.60 -33.12
 1019.00 -91.97  16.80
 1020.00 -115.48 148.63
 1021.00 -137.98 -22.79
 1022.00 -53.83 142.93
 1023.00 -72.56 -30.17
 1024.00 -59.67 -38.31
 1025.00 -71.63 -34.87
 1026.00 -60.67 -41.24
 1027.00 -59.47 -38.73
 1028.00 -72.13 -49.95
 1029.00 -61.90 -33.86
 1030.00 -68.14 -36.80
 1031.00 -61.11 -34.41
 1032.00 -72.60 -50.08
 1033.00 -67.62 -28.23
 1034.00 -67.19 -46.25
 1035.00 -62.71 -38.99
 1036.00 -64.45 -45.37
 1037.00 -71.44 -42.32
 1038.00 -55.16 -55.24
 1039.00 -75.86 -38.13
 1040.00 -77.59 -24.73
 1041.00  54.10 -25.42
 1042.00  99.18  38.45
 1043.00 -110.71  53.67
 1044.00  59.48 -23.65
 1066.00 -56.86 170.58
 1067.00 -59.40 -28.24
 1068.00 -78.70 -24.43
 1069.00 -59.44 -48.81
 1070.00 -67.16 -34.66
 1071.00 -72.52 -31.40
 1072.00 -54.01 -43.57
 1073.00 -76.26 -48.69
 1074.00 -74.52 -19.06
 1075.00 -62.65 -47.14
 1076.00 -67.92 -23.81
 1077.00 -80.70 -16.21
 1078.00 -64.30 -55.43
 1079.00 -69.46 -27.98
 1080.00 -110.11  -7.97
 1081.00  75.98  14.60
 1082.00 -67.84  -9.97
 1083.00 -64.47  79.36
 1084.00 -66.11 -53.31
 1085.00 -78.63 -30.29
 1086.00 -66.36 -41.05
 1087.00 -67.86 -30.53
 1088.00 -60.57 -56.11
 1089.00 -65.18 -39.31
 1090.00 -71.21 -38.76
 1091.00 -56.83 -32.57
 1092.00 -65.91 -33.70
 1093.00 -64.76 -16.90
 1094.00 -50.96 -18.59
 1095.00 -58.25 -50.40
 1096.00 -78.20 -47.17
 1097.00 -76.08 -23.69
 1098.00 -63.04 -36.94
 1099.00 -74.80 -34.34
 1100.00 -84.56 -42.63
 1101.00 -55.03 -31.22
 1102.00 -70.57 -49.29
 1103.00 -44.74 -32.48
 1104.00 -70.72 -59.99
 1105.00 -65.21 -31.14
 313.00 -61.56 -35.80
 314.00 -77.01 -35.89
 315.00 -56.42 -40.75
 316.00 -57.49 -50.38
 317.00 -58.64 -34.36
 318.00 -69.09 -47.66
 319.00 -65.44 -38.01
 320.00 -60.79 -33.17
 321.00 -68.20 -43.96
 322.00 -90.58 -36.73
 323.00 -89.28  -6.46
 324.00 -57.50 -42.32
 325.00 -54.02 -36.35
 326.00 -76.18 -19.53
 327.00 -49.23 -53.06
 328.00 -75.35 -39.88
 329.00 -51.01 -56.87
 330.00 -65.19 -46.32
 331.00 -56.23 -43.05
 332.00 -46.08 -48.13
 333.00 -73.11 -46.83
 334.00 -73.41 -44.13
 335.00 -88.17 -59.99
 336.00 -46.43 -28.98
 337.00 -62.23 -43.30
 338.00 -66.74 -33.60
 339.00 -74.47 -42.27
 340.00 -72.96 -29.44
 341.00 -60.09 -46.95
 342.00 -65.10 -34.94
 343.00 -81.25 -18.59
 344.00 -55.39 -40.60
 345.00 -60.07 -46.04
 346.00 -134.31  -1.32
 347.00 -66.89 -25.04
 348.00 -71.04 -52.31
 349.00 -138.66 147.83
 350.00 -64.92 -60.05
 351.00 -89.98 -41.72
 352.00 -153.62  19.29
 353.00 -141.64 -177.78
 354.00 -60.43 119.54
 355.00 -90.49 -23.50
 356.00 -89.47 -12.03
 357.00 -55.59 -49.96
 358.00 -65.67 -43.22
 359.00 -74.39 -29.97
 360.00 -78.13 -26.77
 361.00 -61.76 -31.94
 362.00 -63.34 -45.57
 363.00 -74.80 -18.79
 364.00 -68.28 -58.61
 365.00 -56.81 -30.77
 366.00 -73.97 -44.86
 367.00 -64.30 -29.10
 368.00 -69.41 -28.63
 369.00 -64.83 -44.06
 370.00 -61.63  -4.78
 371.00 -67.54 -32.83
 372.00 -68.01 -32.85
 373.00 -108.97  -9.35
 374.00 -97.39 -24.02
 375.00 -56.07 -29.29
 376.00 -62.33 -41.24
 377.00 -75.10 -10.67
 378.00 -65.88 -37.05
 379.00 -63.67 -56.25
 380.00 -74.53 -26.52
 381.00 -87.99 -45.23
 382.00 -96.42 -24.15
 383.00 -130.20 -18.55
 384.00 -65.93 119.30
 385.00 -68.12 -32.59
 386.00 -57.86 -46.98
 387.00 -63.78 -45.36
 388.00 -76.96 -44.34
 389.00 -84.48 -23.37
 390.00 -50.41 -54.51
 391.00 -68.42 -30.75
 392.00 -57.14 -46.33
 393.00 -63.27 -47.56
 394.00 -69.93 -46.32
 395.00 -84.35 -15.59
 396.00  58.98   3.93
 397.00 -99.98  21.27
 398.00 -61.52  45.92


