 residuo Phi Psi
  69.00 -69.40 122.98
  70.00 -50.18  71.69
  71.00 -69.73 -58.58
  72.00 -71.36 -25.53
  73.00 -51.66 -50.52
  74.00 -53.88 -47.42
  75.00 -62.24 -48.01
  76.00 -69.89 -39.22
  77.00 -82.82 -28.79
  78.00 -71.61 -21.14
  79.00 -71.72 -35.53
  80.00 -69.67 -35.20
  81.00 -48.45 -37.74
  82.00 -64.36 -20.81
  83.00 -68.66 -34.32
  84.00 -55.53 -48.73
  85.00 -78.00 -45.65
  86.00 -74.07 -37.31
  87.00 -75.00 -19.78
  88.00 -65.94 -61.46
  89.00 -62.03 -48.45
  90.00 -62.18 -45.84
  91.00 -69.96 -52.11
  92.00 -56.44 -32.66
  93.00 -61.31 -42.08
  94.00 -64.48 -46.00
  95.00 -56.48 -39.63
  96.00 -59.22 -55.26
  97.00 -62.99 -45.90
  98.00 -69.31 -45.31
  99.00 -80.57 -19.45
 100.00 -134.79  -8.54
 101.00 -70.52 -48.99
 102.00 -59.40 120.04
 103.00 -71.94 -34.82
 104.00 -97.52 -11.78
 105.00 -69.41 -14.61
 106.00 -137.61  65.82
 107.00 -52.38 163.36
 108.00 -53.68 -45.87
 109.00 -63.21 -52.12
 110.00 -68.82 -29.86
 111.00 -56.45 -41.55
 112.00 -60.80 -46.23
 113.00 -65.62 -43.31
 114.00 -66.52 -27.21
 115.00 -62.98 -42.12
 116.00 -69.84 -37.50
 117.00 -67.38 -37.73
 118.00 -66.73 -33.21
 119.00 -74.20 -36.49
 120.00 -68.63 -40.27
 121.00 -63.17 -45.40
 122.00 -67.33 -34.85
 123.00 -68.79 -35.49
 124.00 -91.61 -36.35
 125.00 -103.29 -22.99
 126.00 -102.27 -45.90
 127.00 -46.90 -48.14
 128.00 -44.47 -58.22
 129.00 -69.91 -52.43
 130.00 -58.08 -34.08
 131.00 -74.83 -37.68
 132.00 -58.81 -45.97
 133.00 -55.77 -34.93
 134.00 -83.59 -23.39
 135.00 -62.81 -38.00
 136.00 -75.41 -33.22
 137.00  67.19  -0.21
 138.00  79.43  29.36
 139.00 -80.76   2.14
 140.00 -63.66 135.47
 141.00 -74.91 118.39
 142.00 -116.58 -14.69
 143.00 -42.17 164.61
 144.00 -59.31 135.54
 145.00 -58.21 -34.54
 146.00 -102.39  -8.58
 147.00 -62.04 -12.18
 148.00 -69.54 -46.94
 149.00 -68.39 -27.69
 150.00 -45.97 -58.85
 151.00 -64.12 -49.38
 152.00 -64.88 -36.83
 153.00 -69.54 -38.56
 154.00 -59.06 -46.53
 155.00 -65.89 -44.37
 156.00 -63.65 -50.65
 157.00 -66.23 -47.59
 158.00 -64.07 -38.01
 159.00 -60.35 -42.00
 160.00 -45.43 -54.54
 161.00 -50.89 -49.10
 162.00 -60.08 -60.36
 163.00 -83.29 -35.06
 164.00 -56.58 -33.97
 165.00 -66.77 -36.05
 166.00 -55.68 -51.68
 167.00 -72.90 -36.90
 168.00 -77.44 -37.39
 169.00 -59.06 -28.33
 170.00 -66.37 -47.54
 171.00 -66.19 -37.70
 172.00 -58.45 -42.74
 173.00 -45.91 -55.21
 174.00 -93.29 -39.79
 175.00 -62.48 -28.83
 176.00 -71.06 -46.13
 177.00 -81.34  -8.72
 178.00 -101.81  -6.64
 179.00 -56.55 128.46
 180.00 -143.97  36.89
 181.00 -65.19   4.61
 182.00 -72.05 -16.15
 183.00 -84.33 -14.43
 184.00 -79.72 134.05
 185.00 -88.07  13.74
 186.00 -151.74 115.18
 187.00 -81.56 140.86
 188.00 -87.00 141.84
 189.00 -44.04 -49.15
 190.00 -49.94 -53.25
 191.00 -64.17 -53.12
 192.00 -75.72 -42.55
 193.00 -68.39 -40.33
 194.00 -71.97 -29.02
 195.00 -56.68 -44.95
 196.00 -66.79 -45.08
 197.00 -85.45 -17.26
 198.00 -64.13 -47.03
 199.00 -63.01 -34.56
 200.00 -66.21 -48.29
 201.00 -60.03 -33.01
 202.00 -69.30 -44.62
 203.00 -63.66 -32.71
 204.00 -75.69 -36.72
 205.00 -79.84 -15.83
 206.00 -106.48 -13.87
 207.00 -52.79 -24.01
 208.00 -52.48 -24.28
 209.00 -71.45 -27.58
 210.00 -79.60 -57.90
 211.00 -84.13  -7.86
 212.00 -116.43 -49.84
 213.00 -82.32 -25.82
 214.00 -67.86 -50.36
 215.00 -53.31 -12.24
 216.00 -161.78 -31.05
 217.00 -52.94 128.44
 218.00 -61.28 -28.30
 219.00 -106.69  -6.99
 220.00 -68.73 -39.55
 221.00 -119.51 -24.26
 222.00 -134.84 158.92
 223.00  54.21  96.61
 224.00  74.90  57.36
 225.00 -85.51 -12.45
 226.00 -73.43 140.61
 227.00 -161.53 101.84
 228.00 -75.69 110.37
 229.00 -86.53  74.69
 230.00 -44.04 -23.92
 231.00 -78.18 130.04
 232.00 -54.27 -16.88
 233.00 -88.78 -33.20
 234.00 -72.56 -30.96
 235.00 -97.27 -42.14
 236.00 -127.35 -21.39
 237.00 -58.36 -32.59
 238.00 -56.79 -54.26
 239.00 -76.09 -22.78
 240.00 -70.49 -48.55
 241.00 -67.63 -45.08
 242.00 -144.74 -16.48
 243.00 -81.35 -51.59
 244.00 -65.21 -25.74
 245.00 -61.05 -61.26
 246.00 -54.27 -25.81
 247.00 -65.22 -63.14
 248.00 -65.66 -38.23
 249.00 -55.41 -44.70
 250.00 -80.41 -45.01
 251.00 -70.98 -42.68
 252.00 -73.13 -30.94
 253.00 -65.05 -33.63
 254.00 -52.45 -49.07
 255.00 -64.07 -40.79
 256.00 -73.20 -35.67
 257.00 -58.50 -48.16
 258.00 -60.36 -31.50
 259.00 -58.81 -52.23
 260.00 -71.34 -36.23
 261.00 -69.79 -25.76
 262.00 -62.09 -36.55
 263.00 -57.50 -49.91
 264.00 -73.44 -39.40
 1001.00 -63.63 -47.77
 1002.00 -71.89 -29.35
 1003.00 -67.04 -29.35
 1004.00 -81.50 -30.74
 1005.00 -58.73 -36.04
 1006.00 -53.13 -45.93
 1007.00 -55.46 -54.88
 1008.00 -53.05 -50.58
 1009.00 -67.10 -36.95
 1010.00 -62.68 -47.02
 1011.00 -61.83 -36.03
 1012.00 -57.14 -52.93
 1013.00 -74.43 -35.81
 1014.00 -70.15 -26.80
 1015.00 -69.49 -31.35
 1016.00 -56.94 -43.75
 1017.00 -65.10 -45.06
 1018.00 -88.33 -31.78
 1019.00 -64.55  -6.11
 1020.00 -78.63 135.40
 1021.00 -153.10 -22.91
 1022.00 -74.98 168.28
 1023.00 -65.36 -27.90
 1024.00 -64.40 -43.15
 1025.00 -75.29 -37.41
 1026.00 -57.82 -39.54
 1027.00 -69.68 -35.76
 1028.00 -68.50 -58.28
 1029.00 -59.93 -33.81
 1030.00 -68.31 -35.60
 1031.00 -58.20 -43.79
 1032.00 -58.43 -44.77
 1033.00 -61.19 -34.65
 1034.00 -71.96 -37.49
 1035.00 -70.27 -32.44
 1036.00 -61.23 -43.57
 1037.00 -71.68 -30.48
 1038.00 -68.89 -44.37
 1039.00 -74.23 -25.65
 1040.00 -92.24  -7.34
 1041.00  55.66 -54.25
 1042.00  94.68  35.49
 1043.00 -73.84  10.80
 1044.00  73.17 -26.08
 1066.00 -76.39 143.20
 1067.00 -59.41   8.04
 1068.00 -60.96 -38.35
 1069.00 -68.90 -41.93
 1070.00 -75.91 -33.44
 1071.00 -52.16 -47.37
 1072.00 -59.20 -45.68
 1073.00 -61.77 -41.20
 1074.00 -68.03 -46.09
 1075.00 -60.71 -37.28
 1076.00 -60.05 -36.28
 1077.00 -88.56 -24.51
 1078.00 -59.69 -29.54
 1079.00 -80.23 -31.15
 1080.00 -80.37 -40.36
 1081.00  83.15  25.45
 1082.00 -72.27 -16.73
 1083.00 -49.57  67.64
 1084.00 -79.51 -44.19
 1085.00 -68.47 -33.72
 1086.00 -67.43 -35.14
 1087.00 -61.25 -40.24
 1088.00 -61.17 -45.83
 1089.00 -68.39 -38.30
 1090.00 -74.82 -32.77
 1091.00 -66.04 -28.49
 1092.00 -65.32 -51.49
 1093.00 -71.01 -26.38
 1094.00 -65.39 -33.72
 1095.00 -58.14 -48.32
 1096.00 -66.22 -40.93
 1097.00 -57.92 -43.03
 1098.00 -61.40 -51.87
 1099.00 -85.52 -17.94
 1100.00 -80.40 -48.62
 1101.00 -50.48 -39.25
 1102.00 -55.67 -34.34
 1103.00 -95.69 -32.36
 1104.00 -56.75 -33.50
 1105.00 -49.60 -41.22
 313.00 -68.25 -28.02
 314.00 -69.18 -44.97
 315.00 -57.82 -47.37
 316.00 -60.40 -41.05
 317.00 -58.07 -40.16
 318.00 -62.03 -49.97
 319.00 -79.49 -35.57
 320.00 -70.17 -28.52
 321.00 -77.26 -30.43
 322.00 -65.59 -33.24
 323.00 -63.39 -38.83
 324.00 -58.85 -48.71
 325.00 -56.29 -29.52
 326.00 -58.08 -50.17
 327.00 -58.92 -41.25
 328.00 -66.43 -45.02
 329.00 -99.47 -46.46
 330.00 -58.37 -34.27
 331.00 -51.75 -44.70
 332.00 -66.58 -50.86
 333.00 -57.26 -57.52
 334.00 -77.35 -26.17
 335.00 -84.71 -40.19
 336.00 -55.40 -25.06
 337.00 -63.96 -40.58
 338.00 -48.22 -36.73
 339.00 -66.57 -55.49
 340.00 -49.15 -51.03
 341.00 -75.16 -33.85
 342.00 -41.29 -62.22
 343.00 -71.11 -41.38
 344.00 -53.30 -32.09
 345.00 -66.65 -36.72
 346.00 -75.11 -26.07
 347.00 -100.72 -24.18
 348.00 -95.22 -32.75
 349.00 -133.32 151.42
 350.00 -73.28 -47.64
 351.00 -154.90 -38.49
 352.00 -61.60   0.40
 353.00 -139.21 159.25
 354.00 -73.58 130.48
 355.00 -86.67 -20.89
 356.00 -67.80 -39.93
 357.00 -48.28 -43.82
 358.00 -48.43 -43.20
 359.00 -58.07 -50.52
 360.00 -63.93 -49.10
 361.00 -52.00 -45.27
 362.00 -64.95 -47.12
 363.00 -81.72 -26.65
 364.00 -76.69 -41.80
 365.00 -62.62 -35.26
 366.00 -77.19 -41.14
 367.00 -64.92 -35.37
 368.00 -52.13 -35.88
 369.00 -63.79 -64.01
 370.00 -54.88 -28.60
 371.00 -65.02 -24.27
 372.00 -52.03 -41.84
 373.00 -96.97 -21.45
 374.00 -70.51 -10.24
 375.00 -73.40 -35.86
 376.00 -51.46 -45.44
 377.00 -65.21 -31.60
 378.00 -63.19 -45.83
 379.00 -66.02 -36.72
 380.00 -60.34 -51.11
 381.00 -65.87 -36.09
 382.00 -109.67 -60.47
 383.00 -106.22 -12.11
 384.00 -55.16 103.32
 385.00 -82.36 -33.02
 386.00 -53.16 -41.46
 387.00 -61.50 -57.53
 388.00 -69.41 -36.55
 389.00 -73.35 -31.79
 390.00 -47.75 -51.43
 391.00 -54.98 -50.17
 392.00 -65.23 -42.82
 393.00 -72.23 -38.79
 394.00 -75.73 -38.45
 395.00 -71.02 -29.15
 396.00  65.46  -4.28
 397.00 -127.49  40.57
 398.00 -107.60 124.84


