 residuo Phi Psi
  69.00 -57.40 134.78
  70.00 -62.93 -37.84
  71.00 -76.36 -30.05
  72.00 -78.67 -27.41
  73.00 -70.83 -32.49
  74.00 -67.82 -38.71
  75.00 -73.76 -34.62
  76.00 -53.61 -46.47
  77.00 -66.05 -37.82
  78.00 -68.60 -33.74
  79.00 -58.43 -46.33
  80.00 -67.55 -38.39
  81.00 -59.44 -36.28
  82.00 -60.41 -30.04
  83.00 -57.24 -38.84
  84.00 -63.39 -38.67
  85.00 -55.75 -50.72
  86.00 -62.88 -53.23
  87.00 -67.00 -35.80
  88.00 -53.63 -41.76
  89.00 -58.90 -52.55
  90.00 -69.61 -44.31
  91.00 -65.55 -35.61
  92.00 -64.61 -34.81
  93.00 -57.90 -35.80
  94.00 -73.89 -44.05
  95.00 -67.49 -33.99
  96.00 -53.06 -41.83
  97.00 -62.68 -51.31
  98.00 -60.59 -59.00
  99.00 -56.92 -31.27
 100.00 -137.40 -25.64
 101.00 -79.53 -31.37
 102.00 -52.16 111.73
 103.00 -71.59 -33.04
 104.00 -98.65 -26.93
 105.00 -72.28   8.06
 106.00 -150.27  76.72
 107.00 -28.26 119.32
 108.00 -49.28 -46.38
 109.00 -75.99 -44.29
 110.00 -65.76 -23.87
 111.00 -67.61 -33.14
 112.00 -68.39 -39.98
 113.00 -70.88 -34.98
 114.00 -60.37 -29.74
 115.00 -67.41 -39.04
 116.00 -70.39 -37.23
 117.00 -71.26 -36.65
 118.00 -58.65 -24.17
 119.00 -96.54 -35.69
 120.00 -77.15 -19.60
 121.00 -79.33 -40.09
 122.00 -42.31 -29.73
 123.00 -68.32 -42.81
 124.00 -85.49 -16.39
 125.00 -147.96 -20.95
 126.00 -73.87 -40.39
 127.00 -49.74 -59.65
 128.00 -73.26 -48.32
 129.00 -91.30 -20.26
 130.00 -54.08 -36.56
 131.00 -63.41 -47.23
 132.00 -65.19 -39.29
 133.00 -66.66 -40.17
 134.00 -58.86 -36.94
 135.00 -65.19 -47.69
 136.00 -86.52 -36.30
 137.00  92.63   5.19
 138.00  81.72  28.26
 139.00 -45.13 -35.91
 140.00 -66.56 145.71
 141.00 -75.33 118.34
 142.00 -130.68   5.83
 143.00 -57.67 171.69
 144.00 -56.94 148.95
 145.00 -57.72 -49.40
 146.00 -81.32 -13.02
 147.00 -53.44 -32.11
 148.00 -52.09 -52.75
 149.00 -92.91 -35.25
 150.00 -96.42  -6.17
 151.00 -67.12 -47.94
 152.00 -44.39 -15.50
 153.00 -61.51 -51.15
 154.00 -64.27 -50.68
 155.00 -56.79 -48.73
 156.00 -61.14 -44.18
 157.00 -59.72 -59.76
 158.00 -69.00 -34.29
 159.00 -46.87 -52.10
 160.00 -69.91 -46.43
 161.00 -73.68 -37.09
 162.00 -72.91 -30.90
 163.00 -54.72 -55.12
 164.00 -64.40 -34.89
 165.00 -69.62 -49.64
 166.00 -64.32 -34.76
 167.00 -53.95 -45.49
 168.00 -53.34 -52.75
 169.00 -71.31 -45.40
 170.00 -59.20 -37.33
 171.00 -54.64 -48.05
 172.00 -64.22 -50.20
 173.00 -60.41 -41.86
 174.00 -74.44 -37.99
 175.00 -49.21 -30.42
 176.00 -78.86 -45.91
 177.00 -79.05  -6.26
 178.00 -64.20 -31.36
 179.00 -71.44 140.94
 180.00 -87.10 -40.83
 181.00 -54.60  29.70
 182.00 -79.92 -26.38
 183.00 -61.65  -1.16
 184.00 -64.21 145.22
 185.00 -75.80 -17.78
 186.00 -146.11 134.76
 187.00 -71.80 127.98
 188.00 -79.08 134.40
 189.00 -56.97 -44.50
 190.00 -63.87 -40.16
 191.00 -75.98 -36.21
 192.00 -59.09 -33.76
 193.00 -82.49 -42.75
 194.00 -64.18 -29.43
 195.00 -52.94 -41.30
 196.00 -65.34 -49.94
 197.00 -61.01 -33.06
 198.00 -59.99 -48.92
 199.00 -66.96 -48.33
 200.00 -76.12 -31.92
 201.00 -60.33 -41.91
 202.00 -59.28 -47.45
 203.00 -68.93 -40.25
 204.00 -61.85 -44.45
 205.00 -75.87 -29.03
 206.00 -86.00 -35.66
 207.00 -53.76 -34.89
 208.00 -75.56 -19.79
 209.00 -71.22 -12.06
 210.00 -74.99 -48.55
 211.00 -74.51 -23.20
 212.00 -84.99 -59.13
 213.00 -58.60 -28.25
 214.00 -94.19 -15.67
 215.00 -81.18 -19.29
 216.00 -138.40 -31.29
 217.00 -69.73 125.53
 218.00 -61.05 -33.62
 219.00 -80.80 -14.46
 220.00 -131.25 -18.77
 221.00 -111.99 -10.68
 222.00 -154.46 154.60
 223.00  47.48 142.54
 224.00  51.82  35.93
 225.00 -88.43  13.15
 226.00 -78.08 146.18
 227.00 -160.69 108.71
 228.00 -63.99 135.61
 229.00 -142.38 133.31
 230.00 -123.54  14.00
 231.00 -59.54 132.65
 232.00 -51.01 -33.07
 233.00 -85.40 -42.58
 234.00 -77.25 -45.13
 235.00 -111.28 -49.01
 236.00 -82.60 -36.82
 237.00 -62.30 -55.10
 238.00 -47.49 -38.04
 239.00 -75.50 -33.43
 240.00 -74.54 -38.73
 241.00 -67.72 -45.76
 242.00 -158.53  -9.31
 243.00 -79.22 -58.04
 244.00 -70.14 -37.64
 245.00 -74.80 -47.21
 246.00 -41.66 -28.84
 247.00 -73.56 -52.39
 248.00 -59.22 -37.38
 249.00 -58.99 -51.77
 250.00 -55.36 -57.99
 251.00 -72.39 -37.41
 252.00 -77.96 -35.83
 253.00 -67.17 -30.85
 254.00 -58.48 -46.61
 255.00 -68.26 -40.09
 256.00 -77.00 -29.56
 257.00 -71.75 -38.98
 258.00 -67.38 -39.16
 259.00 -68.98 -30.56
 260.00 -88.60 -35.36
 261.00 -88.26 -10.00
 262.00 -74.41 -25.79
 263.00 -57.15 -37.06
 264.00 -67.83 -46.68
 1001.00 -69.05 -40.25
 1002.00 -55.41 -20.52
 1003.00 -67.56 -47.38
 1004.00 -60.05 -33.16
 1005.00 -60.91 -52.81
 1006.00 -59.16 -31.69
 1007.00 -76.64 -49.23
 1008.00 -75.72 -25.55
 1009.00 -66.66 -25.34
 1010.00 -60.72 -46.17
 1011.00 -54.26 -44.91
 1012.00 -74.09 -41.34
 1013.00 -58.45 -49.22
 1014.00 -67.04 -34.02
 1015.00 -79.07 -35.45
 1016.00 -54.32 -25.62
 1017.00 -73.94 -47.84
 1018.00 -64.54 -29.68
 1019.00 -65.74 -45.59
 1020.00 -148.42 165.81
 1021.00 -85.89   4.15
 1022.00 -62.10 134.47
 1023.00 -58.06 -44.56
 1024.00 -65.79 -46.17
 1025.00 -68.70 -31.31
 1026.00 -60.21 -42.00
 1027.00 -67.78 -34.85
 1028.00 -61.94 -50.30
 1029.00 -76.84 -29.68
 1030.00 -59.70 -36.07
 1031.00 -64.79 -51.28
 1032.00 -57.00 -41.51
 1033.00 -42.34 -52.88
 1034.00 -60.44 -54.84
 1035.00 -87.85 -28.83
 1036.00 -64.81 -29.33
 1037.00 -69.87 -32.27
 1038.00 -63.96 -47.00
 1039.00 -51.09 -33.45
 1040.00 -71.21 -54.56
 1041.00  61.43 -38.03
 1042.00 106.65  29.24
 1043.00 -61.05   7.58
 1044.00  67.76 -19.38
 1066.00 -51.68 153.33
 1067.00 -47.62 -31.97
 1068.00 -72.24 -37.72
 1069.00 -56.63 -47.65
 1070.00 -63.86 -38.43
 1071.00 -97.66 -17.43
 1072.00 -53.27 -40.83
 1073.00 -67.91 -39.74
 1074.00 -70.06 -22.56
 1075.00 -66.44 -36.75
 1076.00 -50.45 -35.07
 1077.00 -82.64 -41.01
 1078.00 -67.39 -39.82
 1079.00 -75.00 -29.12
 1080.00 -82.72 -22.11
 1081.00  89.08 -10.37
 1082.00 -86.89   0.19
 1083.00 -56.15  56.85
 1084.00 -72.71 -30.34
 1085.00 -58.30 -41.87
 1086.00 -78.89 -36.74
 1087.00 -63.23 -29.20
 1088.00 -65.79 -41.80
 1089.00 -64.65 -28.93
 1090.00 -54.30 -52.29
 1091.00 -65.37 -37.69
 1092.00 -80.32 -30.57
 1093.00 -60.44 -34.66
 1094.00 -48.13 -38.10
 1095.00 -88.36 -45.80
 1096.00 -75.91 -21.31
 1097.00 -64.68 -39.69
 1098.00 -68.80 -35.86
 1099.00 -76.34 -29.94
 1100.00 -47.49 -49.72
 1101.00 -64.20 -42.81
 1102.00 -67.19 -33.39
 1103.00 -56.41 -42.00
 1104.00 -53.12 -50.91
 1105.00 -66.77 -48.91
 313.00 -82.05 -32.95
 314.00 -64.73 -31.07
 315.00 -58.12 -41.82
 316.00 -63.19 -43.41
 317.00 -59.59 -41.19
 318.00 -61.80 -45.89
 319.00 -50.78 -42.84
 320.00 -61.28 -56.46
 321.00 -86.99 -18.34
 322.00 -59.34 -60.04
 323.00 -55.55 -25.12
 324.00 -64.12 -43.46
 325.00 -61.52 -27.58
 326.00 -72.89 -32.95
 327.00 -67.59 -38.98
 328.00 -47.66 -48.33
 329.00 -80.14 -36.45
 330.00 -50.03 -59.92
 331.00 -59.22 -48.56
 332.00 -64.46 -46.70
 333.00 -70.41 -41.52
 334.00 -76.64 -31.71
 335.00 -103.35 -33.59
 336.00 -62.43 -28.23
 337.00 -55.89 -44.72
 338.00 -61.81 -43.01
 339.00 -62.18 -49.80
 340.00 -50.07 -43.84
 341.00 -66.20 -48.48
 342.00 -58.57 -38.66
 343.00 -74.84 -40.77
 344.00 -62.65 -31.08
 345.00 -65.41 -39.84
 346.00 -73.84 -16.20
 347.00 -99.54 -35.23
 348.00 -74.84 -41.79
 349.00 -149.99 160.74
 350.00 -125.02 -35.97
 351.00 -107.00 -16.36
 352.00 -124.14   0.61
 353.00 -115.44 153.33
 354.00 -72.81 147.73
 355.00 -94.20 -39.98
 356.00 -69.55 -19.67
 357.00 -72.38 -41.27
 358.00 -45.48 -36.37
 359.00 -66.44 -50.78
 360.00 -60.83 -51.74
 361.00 -58.26 -49.78
 362.00 -88.77 -36.53
 363.00 -73.77 -10.97
 364.00 -65.47 -57.45
 365.00 -61.44 -36.21
 366.00 -65.67 -45.01
 367.00 -64.82 -32.93
 368.00 -64.07 -35.13
 369.00 -64.45 -41.40
 370.00 -72.65 -12.35
 371.00 -73.13 -18.67
 372.00 -73.87 -20.96
 373.00 -130.85  -5.52
 374.00 -61.07 -32.83
 375.00 -61.48 -35.17
 376.00 -54.90 -41.90
 377.00 -73.09 -29.02
 378.00 -61.96 -36.68
 379.00 -70.03 -44.92
 380.00 -51.68 -36.61
 381.00 -75.62 -49.58
 382.00 -135.22 -23.20
 383.00 -125.61  -3.98
 384.00 -62.89 122.85
 385.00 -61.90 -37.37
 386.00 -70.81 -39.20
 387.00 -68.53 -38.55
 388.00 -68.44 -39.77
 389.00 -71.34 -30.75
 390.00 -55.48 -56.72
 391.00 -56.61 -46.87
 392.00 -77.23 -28.67
 393.00 -69.98 -45.07
 394.00 -73.21 -44.79
 395.00 -99.19 -12.61
 396.00  48.48  12.07
 397.00 -73.33  22.95
 398.00 -92.53  66.76


