 residuo Phi Psi
  69.00 -94.61 152.02
  70.00 -121.18 131.08
  71.00 -62.20  -7.58
  72.00 -64.32 -47.19
  73.00 -77.11 -25.94
  74.00 -56.80 -42.60
  75.00 -56.18 -32.15
  76.00 -52.89 -57.45
  77.00 -81.34 -39.88
  78.00 -68.10 -15.05
  79.00 -71.09 -50.43
  80.00 -63.70 -47.45
  81.00 -65.77 -26.20
  82.00 -57.81 -29.66
  83.00 -59.57 -44.64
  84.00 -65.89 -42.20
  85.00 -62.72 -40.96
  86.00 -65.17 -61.83
  87.00 -66.98 -29.85
  88.00 -70.02 -55.32
  89.00 -69.52 -53.84
  90.00 -65.18 -35.26
  91.00 -85.36 -33.98
  92.00 -46.30 -27.83
  93.00 -66.16 -45.88
  94.00 -66.94 -40.95
  95.00 -60.73 -43.75
  96.00 -71.66 -40.50
  97.00 -57.61 -44.65
  98.00 -67.85 -54.43
  99.00 -79.38 -25.32
 100.00 -97.61 -31.15
 101.00 -79.00 -48.35
 102.00 -66.95 136.63
 103.00 -89.32 -29.19
 104.00 -118.32  -0.44
 105.00 -65.47  -1.27
 106.00 -145.97  60.32
 107.00 -52.23 129.41
 108.00 -56.02 -39.21
 109.00 -57.00 -52.65
 110.00 -68.32 -20.67
 111.00 -79.81 -26.11
 112.00 -75.87 -35.42
 113.00 -67.02 -32.89
 114.00 -80.34 -42.46
 115.00 -68.94 -23.21
 116.00 -61.03 -39.86
 117.00 -65.80 -36.38
 118.00 -80.34 -27.92
 119.00 -79.43 -14.94
 120.00 -60.63 -52.17
 121.00 -59.80 -48.38
 122.00 -61.78 -33.14
 123.00 -65.15 -36.62
 124.00 -87.47 -32.99
 125.00 -120.15 -23.55
 126.00 -100.80 -39.31
 127.00 -50.48 -67.90
 128.00 -63.34 -41.86
 129.00 -73.32 -30.68
 130.00 -64.21 -39.20
 131.00 -43.97 -52.31
 132.00 -80.40 -48.47
 133.00 -54.41 -17.33
 134.00 -61.69 -35.45
 135.00 -60.52 -57.22
 136.00 -70.31 -45.13
 137.00 103.51   4.64
 138.00  56.98  28.20
 139.00 -135.73  32.83
 140.00 -78.24 166.72
 141.00 -91.01 123.53
 142.00 -140.47  12.90
 143.00 -60.11 179.74
 144.00 -66.28 140.97
 145.00 -67.43 -19.50
 146.00 -120.97   1.52
 147.00 -46.34 -11.52
 148.00 -72.37 -45.56
 149.00 -70.46 -35.61
 150.00 -98.96 -16.08
 151.00 -66.90 -30.08
 152.00 -56.70 -29.41
 153.00 -78.82 -34.05
 154.00 -68.63 -37.09
 155.00 -66.88 -44.47
 156.00 -59.71 -43.01
 157.00 -70.54 -53.70
 158.00 -75.19 -38.86
 159.00 -61.61 -40.17
 160.00 -62.78 -41.71
 161.00 -53.26 -47.70
 162.00 -67.36 -53.02
 163.00 -61.45 -42.72
 164.00 -58.76 -32.60
 165.00 -71.14 -43.55
 166.00 -54.33 -42.26
 167.00 -67.48 -52.87
 168.00 -81.37 -34.76
 169.00 -49.88 -27.66
 170.00 -57.59 -60.35
 171.00 -57.25 -47.26
 172.00 -69.96 -48.50
 173.00 -67.92 -30.61
 174.00 -60.54 -40.36
 175.00 -49.72 -48.25
 176.00 -73.10 -58.05
 177.00 -86.06  -6.19
 178.00 -94.23   1.07
 179.00 -62.33 147.04
 180.00 -118.19 -27.30
 181.00 -77.19  28.27
 182.00 -69.94 -10.23
 183.00 -45.26 -14.28
 184.00 -97.92 143.00
 185.00 -60.85  -9.97
 186.00 -162.98 148.27
 187.00 -87.21 137.72
 188.00 -53.40 121.87
 189.00 -65.67 -32.59
 190.00 -64.70 -49.08
 191.00 -65.47 -33.19
 192.00 -70.50 -43.92
 193.00 -62.14 -34.31
 194.00 -71.42 -48.81
 195.00 -79.43 -16.25
 196.00 -74.34 -33.09
 197.00 -62.14 -22.98
 198.00 -72.29 -42.51
 199.00 -75.06 -31.78
 200.00 -67.48 -34.79
 201.00 -62.22 -45.71
 202.00 -72.91 -41.42
 203.00 -56.38 -34.91
 204.00 -61.58 -57.05
 205.00 -74.27 -23.56
 206.00 -69.95 -51.94
 207.00 -44.52 -37.60
 208.00 -62.41 -30.32
 209.00 -60.67 -32.72
 210.00 -73.22 -47.21
 211.00 -101.54  -5.92
 212.00 -66.28 -69.12
 213.00 -57.53 -48.80
 214.00 -71.80 -30.84
 215.00 -76.52 -16.01
 216.00 -155.20 -13.62
 217.00 -43.57 126.11
 218.00 -59.48 -41.26
 219.00 -72.01 -22.53
 220.00 -147.58 -21.18
 221.00 -128.02   3.35
 222.00 -151.02 152.42
 223.00  32.90 121.20
 224.00  95.34  45.51
 225.00 -82.18 -20.61
 226.00 -68.89 132.67
 227.00 -150.25 102.78
 228.00 -66.30 125.61
 229.00 -131.27 133.95
 230.00 -73.57 -25.91
 231.00 -60.38 123.10
 232.00 -48.25 -25.60
 233.00 -109.51 -26.76
 234.00 -64.85 -48.32
 235.00 -108.37 -42.25
 236.00 -75.32 -55.48
 237.00 -56.87 -45.23
 238.00 -54.44 -56.22
 239.00 -59.92 -35.77
 240.00 -53.11 -59.01
 241.00 -71.37 -41.33
 242.00 -102.46 -53.56
 243.00 -73.79 -59.79
 244.00 -57.81 -38.26
 245.00 -59.56 -64.78
 246.00 -70.57 -27.84
 247.00 -50.48 -49.14
 248.00 -55.52 -51.11
 249.00 -82.15 -42.83
 250.00 -80.66 -33.63
 251.00 -68.90 -27.60
 252.00 -61.68 -53.34
 253.00 -54.80 -35.27
 254.00 -65.12 -52.50
 255.00 -67.08 -39.43
 256.00 -64.13 -34.19
 257.00 -70.59 -48.59
 258.00 -66.83 -40.80
 259.00 -58.33 -36.44
 260.00 -79.07 -45.12
 261.00 -94.26  -6.09
 262.00 -61.30 -41.99
 263.00 -64.37 -29.36
 264.00 -77.99 -25.31
 1001.00 -60.87 -43.13
 1002.00 -62.24 -33.73
 1003.00 -60.47 -42.28
 1004.00 -60.49 -41.82
 1005.00 -74.74 -45.29
 1006.00 -66.42 -29.50
 1007.00 -67.21 -33.35
 1008.00 -59.99 -45.38
 1009.00 -65.02 -30.17
 1010.00 -57.36 -59.02
 1011.00 -67.18 -42.29
 1012.00 -82.85 -32.17
 1013.00 -59.45 -30.48
 1014.00 -78.79 -26.81
 1015.00 -56.43 -37.07
 1016.00 -58.42 -41.19
 1017.00 -66.85 -42.58
 1018.00 -70.94 -36.71
 1019.00 -68.93 -37.99
 1020.00 -98.34 138.97
 1021.00 -139.27  -2.44
 1022.00 -60.36 147.74
 1023.00 -58.36 -40.64
 1024.00 -77.92 -41.80
 1025.00 -55.17 -44.87
 1026.00 -66.76 -32.37
 1027.00 -68.76 -37.70
 1028.00 -64.67 -44.52
 1029.00 -75.13 -35.05
 1030.00 -50.25 -38.55
 1031.00 -73.15 -45.16
 1032.00 -75.56 -25.66
 1033.00 -70.21 -34.06
 1034.00 -65.65 -39.29
 1035.00 -61.30 -49.28
 1036.00 -75.66 -34.46
 1037.00 -64.24 -27.61
 1038.00 -64.78 -41.04
 1039.00 -70.96 -43.76
 1040.00 -67.48 -54.35
 1041.00  38.35 -14.32
 1042.00 106.86  28.73
 1043.00 -55.84  -9.80
 1044.00  92.20 -23.28
 1066.00 -93.25 146.86
 1067.00 -67.44  22.52
 1068.00 -66.93 -43.12
 1069.00 -73.95 -32.16
 1070.00 -64.96 -33.38
 1071.00 -63.43 -34.90
 1072.00 -46.74 -54.23
 1073.00 -61.45 -30.40
 1074.00 -77.73 -46.25
 1075.00 -66.15 -30.12
 1076.00 -68.65 -23.71
 1077.00 -61.21 -41.16
 1078.00 -60.07 -46.97
 1079.00 -52.84 -49.16
 1080.00 -79.61 -48.77
 1081.00  86.13  12.19
 1082.00 -93.00  10.40
 1083.00 -55.65  48.47
 1084.00 -67.57 -42.19
 1085.00 -57.65 -41.76
 1086.00 -61.24 -46.63
 1087.00 -68.08 -28.41
 1088.00 -75.49 -36.28
 1089.00 -69.13 -25.67
 1090.00 -64.78 -32.74
 1091.00 -59.59 -41.96
 1092.00 -71.61 -32.10
 1093.00 -60.95 -37.94
 1094.00 -52.92 -44.03
 1095.00 -72.54 -59.54
 1096.00 -70.80 -29.15
 1097.00 -55.08 -40.19
 1098.00 -54.40 -38.72
 1099.00 -77.04 -31.99
 1100.00 -65.15 -46.20
 1101.00 -69.45 -37.05
 1102.00 -56.73 -37.09
 1103.00 -64.71 -42.72
 1104.00 -74.98 -45.40
 1105.00 -49.03 -50.13
 313.00 -74.85 -22.51
 314.00 -71.73 -33.12
 315.00 -55.07 -33.97
 316.00 -42.97 -60.12
 317.00 -86.04 -46.04
 318.00 -63.59 -23.37
 319.00 -59.21 -58.65
 320.00 -55.54 -35.01
 321.00 -67.46 -41.49
 322.00 -73.25 -42.72
 323.00 -57.31 -45.57
 324.00 -58.04 -44.08
 325.00 -55.52 -38.46
 326.00 -65.22 -42.08
 327.00 -62.59 -40.37
 328.00 -59.49 -36.32
 329.00 -58.07 -55.71
 330.00 -76.67 -37.80
 331.00 -81.26 -19.19
 332.00 -60.45 -41.52
 333.00 -54.73 -48.19
 334.00 -83.07 -28.55
 335.00 -87.09 -21.89
 336.00 -54.44 -12.05
 337.00 -68.58 -60.00
 338.00 -59.62 -34.46
 339.00 -58.43 -52.88
 340.00 -51.16 -54.83
 341.00 -63.77 -50.55
 342.00 -73.99 -37.93
 343.00 -69.65 -33.29
 344.00 -61.08 -47.96
 345.00 -48.18 -31.05
 346.00 -94.35 -21.18
 347.00 -69.50 -32.49
 348.00 -86.59 -45.90
 349.00 -141.78 144.05
 350.00 -70.50 -68.47
 351.00 -79.07 -45.72
 352.00 -154.60   9.10
 353.00 -145.21 -173.01
 354.00 -54.38 120.11
 355.00 -77.40 -28.94
 356.00 -79.83 -22.08
 357.00 -47.78 -52.76
 358.00 -51.73 -49.44
 359.00 -83.12 -32.10
 360.00 -67.35 -35.33
 361.00 -58.53 -40.44
 362.00 -75.45 -31.99
 363.00 -73.01 -28.30
 364.00 -73.52 -48.04
 365.00 -64.69 -40.43
 366.00 -83.61 -29.29
 367.00 -72.99 -24.75
 368.00 -52.28 -43.69
 369.00 -57.54 -54.79
 370.00 -63.10 -32.97
 371.00 -67.98 -23.35
 372.00 -79.06  -7.77
 373.00 -102.46  -5.45
 374.00 -84.09  -8.57
 375.00 -66.25 -34.90
 376.00 -57.61 -30.68
 377.00 -68.17 -38.04
 378.00 -61.69 -47.72
 379.00 -70.02 -43.47
 380.00 -66.49 -33.18
 381.00 -72.50 -38.01
 382.00 -97.73 -40.35
 383.00 -141.21 -15.32
 384.00 -48.84 119.96
 385.00 -61.21 -45.54
 386.00 -68.12 -48.80
 387.00 -55.25 -35.91
 388.00 -62.04 -54.51
 389.00 -65.90 -34.82
 390.00 -49.60 -60.37
 391.00 -76.16 -36.11
 392.00 -75.20 -22.18
 393.00 -59.83 -55.26
 394.00 -70.05 -23.95
 395.00 -89.25 -16.73
 396.00  58.94  -1.01
 397.00 -120.57  33.28
 398.00 -145.69 161.65


