 residuo Phi Psi
  69.00 -46.30 115.52
  70.00 -64.62 -41.91
  71.00 -74.59 -37.26
  72.00 -63.41 -32.80
  73.00 -71.66 -40.03
  74.00 -49.22 -48.31
  75.00 -41.14 -59.65
  76.00 -56.77 -57.24
  77.00 -76.75 -34.45
  78.00 -56.23 -37.30
  79.00 -59.83 -51.79
  80.00 -66.92 -39.02
  81.00 -48.61 -38.59
  82.00 -69.45 -41.10
  83.00 -75.14 -26.38
  84.00 -74.16 -24.96
  85.00 -55.38 -43.08
  86.00 -55.76 -44.29
  87.00 -66.00 -47.77
  88.00 -64.25 -41.96
  89.00 -63.25 -47.10
  90.00 -80.99 -33.09
  91.00 -72.76 -30.07
  92.00 -64.76 -28.65
  93.00 -67.03 -30.02
  94.00 -70.80 -41.32
  95.00 -79.39 -33.36
  96.00 -50.55 -36.27
  97.00 -51.03 -71.43
  98.00 -79.04 -39.79
  99.00 -98.32 -12.93
 100.00 -124.25  -8.46
 101.00 -82.09 -46.77
 102.00 -56.72 120.86
 103.00 -67.99 -34.11
 104.00 -78.99 -36.84
 105.00 -91.78  14.16
 106.00 -74.33  22.11
 107.00 -50.90 140.24
 108.00 -62.44 -26.88
 109.00 -80.81 -29.07
 110.00 -66.85 -24.52
 111.00 -73.32 -27.20
 112.00 -54.39 -42.40
 113.00 -67.81 -42.31
 114.00 -72.38 -36.46
 115.00 -52.05 -44.22
 116.00 -69.41 -34.62
 117.00 -52.91 -50.93
 118.00 -62.54 -30.92
 119.00 -91.74 -34.79
 120.00 -93.09 -15.31
 121.00 -64.86 -37.88
 122.00 -66.97 -31.98
 123.00 -87.72 -25.64
 124.00 -101.00  -1.83
 125.00 -153.13 -10.57
 126.00 -67.60 -34.41
 127.00 -46.71 -71.01
 128.00 -66.76 -44.40
 129.00 -90.52 -37.48
 130.00 -60.25 -26.81
 131.00 -67.77 -40.99
 132.00 -67.11 -39.55
 133.00 -55.40 -43.01
 134.00 -58.15 -42.93
 135.00 -65.26 -49.46
 136.00 -83.64 -31.60
 137.00 109.37 -19.28
 138.00  59.06  52.93
 139.00 -69.83 -16.58
 140.00 -74.00 154.28
 141.00 -72.24 107.37
 142.00 -98.18 -24.02
 143.00 -63.24 -175.30
 144.00 -65.36 145.00
 145.00 -63.98 -42.27
 146.00 -94.62  -3.20
 147.00 -60.02 -19.35
 148.00 -64.29 -52.93
 149.00 -71.93 -38.53
 150.00 -71.80 -25.16
 151.00 -65.46 -52.79
 152.00 -45.55 -18.53
 153.00 -84.24 -35.48
 154.00 -55.79 -41.55
 155.00 -64.25 -50.23
 156.00 -67.76 -42.66
 157.00 -72.31 -49.67
 158.00 -54.02 -36.79
 159.00 -65.45 -50.16
 160.00 -67.14 -41.21
 161.00 -72.26 -25.97
 162.00 -63.74 -58.40
 163.00 -69.47 -35.94
 164.00 -68.34 -32.81
 165.00 -61.32 -40.83
 166.00 -56.68 -39.72
 167.00 -67.33 -50.44
 168.00 -73.18 -32.44
 169.00 -47.94 -48.45
 170.00 -73.61 -45.86
 171.00 -63.69 -35.46
 172.00 -85.38 -30.12
 173.00 -67.05 -31.30
 174.00 -75.48 -51.51
 175.00 -51.43 -24.62
 176.00 -60.26 -45.54
 177.00 -75.05 -15.21
 178.00 -55.99 -36.75
 179.00 -68.03 127.41
 180.00 -121.22 -14.66
 181.00 -68.12  26.69
 182.00 -60.41 -23.07
 183.00 -43.24 -25.77
 184.00 -64.40 140.81
 185.00 -50.83 -31.02
 186.00 -159.32 133.18
 187.00 -96.05 129.90
 188.00 -70.70 115.57
 189.00 -65.38 -33.87
 190.00 -66.25 -32.06
 191.00 -61.91 -45.61
 192.00 -32.77 -58.12
 193.00 -66.61 -53.63
 194.00 -71.69 -37.35
 195.00 -58.29 -45.22
 196.00 -78.67 -35.47
 197.00 -48.04 -48.51
 198.00 -79.60 -41.10
 199.00 -64.49 -37.20
 200.00 -54.95 -47.45
 201.00 -61.17 -44.14
 202.00 -60.99 -51.70
 203.00 -66.63 -34.32
 204.00 -56.57 -53.65
 205.00 -68.01 -37.66
 206.00 -79.76 -35.22
 207.00 -52.26 -42.54
 208.00 -54.25 -27.41
 209.00 -56.04 -37.50
 210.00 -53.88 -54.34
 211.00 -64.99 -52.87
 212.00 -98.65 -36.61
 213.00 -69.17 -17.72
 214.00 -62.42 -40.78
 215.00 -88.48 -13.91
 216.00 -151.65 -37.40
 217.00 -54.80  98.93
 218.00 -67.37 -25.21
 219.00 -91.10  -1.65
 220.00 -127.04 -25.35
 221.00 -145.08  15.17
 222.00 -137.30 133.29
 223.00  47.25 126.16
 224.00  75.66  36.24
 225.00 -94.66   8.59
 226.00 -64.14 133.58
 227.00 -168.50 108.06
 228.00 -72.88 127.05
 229.00 -124.70 140.24
 230.00 -72.02 -33.53
 231.00 -56.63 130.72
 232.00 -68.54 -24.89
 233.00 -104.31 -23.74
 234.00 -69.43 -40.73
 235.00 -115.35 -44.88
 236.00 -94.52 -30.31
 237.00 -69.06 -44.59
 238.00 -43.12 -42.94
 239.00 -72.29 -34.20
 240.00 -72.18 -51.51
 241.00 -81.84 -25.57
 242.00 -155.78 -23.44
 243.00 -69.96 -52.73
 244.00 -59.92 -43.02
 245.00 -65.20 -53.20
 246.00 -56.03 -27.18
 247.00 -60.96 -55.10
 248.00 -70.77 -42.21
 249.00 -54.90 -50.34
 250.00 -60.29 -52.52
 251.00 -54.64 -50.21
 252.00 -52.13 -48.75
 253.00 -66.82 -42.27
 254.00 -63.53 -48.14
 255.00 -56.13 -41.18
 256.00 -77.29 -32.74
 257.00 -66.38 -49.99
 258.00 -64.06 -40.29
 259.00 -66.49 -31.49
 260.00 -74.31 -34.39
 261.00 -61.40 -38.42
 262.00 -73.57 -32.09
 263.00 -69.10 -36.79
 264.00 -69.12 -38.68
 1001.00 -75.47 -38.35
 1002.00 -58.10 -24.10
 1003.00 -64.74 -42.75
 1004.00 -76.78 -31.23
 1005.00 -68.35 -31.42
 1006.00 -51.59 -43.78
 1007.00 -57.86 -55.17
 1008.00 -80.45 -28.50
 1009.00 -68.83 -35.27
 1010.00 -67.01 -38.01
 1011.00 -58.78 -38.50
 1012.00 -63.51 -61.59
 1013.00 -65.71 -21.43
 1014.00 -71.51 -42.07
 1015.00 -65.37 -31.34
 1016.00 -69.01 -33.65
 1017.00 -53.93 -62.36
 1018.00 -66.69 -38.33
 1019.00 -74.31 -21.75
 1020.00 -148.72 173.42
 1021.00 -152.63   9.43
 1022.00 -66.72 141.59
 1023.00 -60.48 -23.19
 1024.00 -75.63 -37.88
 1025.00 -67.52 -35.34
 1026.00 -54.28 -40.04
 1027.00 -68.73 -49.39
 1028.00 -62.89 -42.76
 1029.00 -64.76 -40.72
 1030.00 -62.70 -37.07
 1031.00 -55.99 -54.00
 1032.00 -70.95 -36.49
 1033.00 -60.44 -41.27
 1034.00 -64.45 -45.04
 1035.00 -66.28 -43.50
 1036.00 -61.92 -33.49
 1037.00 -73.37 -36.84
 1038.00 -66.07 -37.64
 1039.00 -76.76 -33.28
 1040.00 -67.50 -30.51
 1041.00  59.34 -32.51
 1042.00  80.24  36.52
 1043.00 -64.57  27.34
 1044.00  75.28 -27.58
 1066.00 -62.74 148.17
 1067.00 -50.31 -18.05
 1068.00 -51.46 -44.87
 1069.00 -62.02 -50.88
 1070.00 -74.49 -26.04
 1071.00 -72.72 -35.38
 1072.00 -64.81 -37.62
 1073.00 -57.19 -36.67
 1074.00 -79.40 -31.43
 1075.00 -55.96 -40.11
 1076.00 -61.44 -27.62
 1077.00 -60.13 -49.68
 1078.00 -77.40 -32.91
 1079.00 -69.31 -29.77
 1080.00 -63.42 -40.94
 1081.00  78.58  -6.99
 1082.00 -71.48  -3.60
 1083.00 -61.07  68.10
 1084.00 -73.05 -42.47
 1085.00 -57.25 -36.20
 1086.00 -66.50 -52.44
 1087.00 -65.31 -28.84
 1088.00 -68.05 -33.08
 1089.00 -68.17 -42.00
 1090.00 -80.50 -30.62
 1091.00 -62.68 -32.28
 1092.00 -60.35 -33.95
 1093.00 -55.26 -45.87
 1094.00 -55.02 -27.01
 1095.00 -66.25 -60.76
 1096.00 -70.34 -39.36
 1097.00 -53.46 -30.82
 1098.00 -63.91 -48.30
 1099.00 -54.78 -36.80
 1100.00 -81.69 -42.13
 1101.00 -62.42 -30.73
 1102.00 -71.53 -36.09
 1103.00 -70.07 -33.45
 1104.00 -85.67 -33.86
 1105.00 -59.36 -22.85
 313.00 -71.40 -36.41
 314.00 -55.21 -51.21
 315.00 -75.68 -36.10
 316.00 -70.73 -29.59
 317.00 -64.36 -41.38
 318.00 -59.42 -34.01
 319.00 -61.75 -50.52
 320.00 -71.01 -48.57
 321.00 -61.84 -27.99
 322.00 -57.49 -59.73
 323.00 -50.06 -34.19
 324.00 -67.98 -53.11
 325.00 -50.33 -33.67
 326.00 -65.08 -38.05
 327.00 -70.62 -40.54
 328.00 -53.19 -41.50
 329.00 -95.08 -23.88
 330.00 -73.77 -47.10
 331.00 -74.83 -27.12
 332.00 -78.73 -30.98
 333.00 -63.64 -39.16
 334.00 -81.11 -39.02
 335.00 -91.09 -25.72
 336.00 -63.16 -37.53
 337.00 -58.99 -39.59
 338.00 -71.81 -28.64
 339.00 -66.39 -40.46
 340.00 -59.28 -47.89
 341.00 -65.47 -51.44
 342.00 -63.11 -38.90
 343.00 -70.10 -43.81
 344.00 -70.13 -25.07
 345.00 -64.84 -40.96
 346.00 -78.81 -18.79
 347.00 -52.49 -52.11
 348.00 -76.81 -51.71
 349.00 -129.08 149.87
 350.00 -83.80 -69.29
 351.00 -94.35 -27.26
 352.00 -144.87  11.63
 353.00 -148.63 -174.97
 354.00 -72.65 148.08
 355.00 -83.67 -30.78
 356.00 -69.94 -28.46
 357.00 -71.63 -32.25
 358.00 -53.35 -51.04
 359.00 -62.05 -49.40
 360.00 -71.88 -43.44
 361.00 -62.92 -48.49
 362.00 -75.56 -24.40
 363.00 -93.29 -10.63
 364.00 -65.01 -32.40
 365.00 -54.82 -48.89
 366.00 -90.48 -30.84
 367.00 -62.81 -20.80
 368.00 -64.67 -29.90
 369.00 -68.96 -49.40
 370.00 -58.97 -17.10
 371.00 -61.60 -40.26
 372.00 -71.36 -27.35
 373.00 -117.54  -1.25
 374.00 -65.16 -17.10
 375.00 -65.73 -37.40
 376.00 -57.21 -36.97
 377.00 -70.01 -40.84
 378.00 -65.93 -47.19
 379.00 -69.48 -34.49
 380.00 -54.69 -44.77
 381.00 -77.11 -44.65
 382.00 -104.42 -37.31
 383.00 -126.06 -18.73
 384.00 -62.88 120.48
 385.00 -54.08 -46.55
 386.00 -68.05 -42.48
 387.00 -51.68 -44.14
 388.00 -49.94 -57.30
 389.00 -65.34 -43.33
 390.00 -49.94 -66.71
 391.00 -64.40 -36.26
 392.00 -91.29 -23.73
 393.00 -61.17 -32.06
 394.00 -64.33 -48.67
 395.00 -98.95 -27.60
 396.00  40.65   4.17
 397.00 -85.87  36.72
 398.00 -133.08 115.03


