 residuo Phi Psi
  69.00 -61.12 125.51
  70.00 -82.11 -17.59
  71.00 -73.85 -26.15
  72.00 -63.45 -27.71
  73.00 -62.17 -39.89
  74.00 -59.47 -37.88
  75.00 -58.91 -61.13
  76.00 -66.62 -40.02
  77.00 -64.18 -33.44
  78.00 -63.30 -42.20
  79.00 -64.61 -37.98
  80.00 -77.21 -32.01
  81.00 -56.78 -36.02
  82.00 -63.66 -22.62
  83.00 -61.27 -44.41
  84.00 -59.29 -42.43
  85.00 -59.15 -56.59
  86.00 -72.12 -44.46
  87.00 -87.93 -22.75
  88.00 -69.03 -36.15
  89.00 -66.07 -50.96
  90.00 -79.02 -24.64
  91.00 -54.00 -61.35
  92.00 -62.67 -41.45
  93.00 -80.67 -19.93
  94.00 -55.85 -39.55
  95.00 -73.08 -37.20
  96.00 -74.69 -40.28
  97.00 -71.04 -35.23
  98.00 -66.23 -41.23
  99.00 -95.32 -18.91
 100.00 -99.81 -25.22
 101.00 -102.50 -32.72
 102.00 -49.77 132.96
 103.00 -79.51 -41.29
 104.00 -118.13  -7.27
 105.00 -62.97 -20.33
 106.00 -109.22  34.32
 107.00 -49.97 146.20
 108.00 -65.65 -45.35
 109.00 -69.24 -32.37
 110.00 -66.47 -23.65
 111.00 -65.26 -21.29
 112.00 -67.78 -35.37
 113.00 -74.20 -38.04
 114.00 -56.37 -31.90
 115.00 -63.21 -44.03
 116.00 -70.35 -34.60
 117.00 -70.61 -34.11
 118.00 -58.86 -41.28
 119.00 -89.42 -32.62
 120.00 -58.61 -48.55
 121.00 -75.33 -33.90
 122.00 -69.34 -26.08
 123.00 -84.90 -37.31
 124.00 -75.53 -21.77
 125.00 -120.32 -42.52
 126.00 -112.12 -18.42
 127.00 -59.31 -51.19
 128.00 -52.03 -54.69
 129.00 -60.75 -39.51
 130.00 -69.81 -36.97
 131.00 -69.08 -30.67
 132.00 -70.13 -34.49
 133.00 -62.81 -29.04
 134.00 -75.90 -45.15
 135.00 -65.10 -29.79
 136.00 -74.60 -38.03
 137.00 118.29 -21.43
 138.00  57.61  37.57
 139.00 -158.97  50.06
 140.00 -63.99 143.07
 141.00 -73.85 118.18
 142.00 -125.82 -10.21
 143.00 -45.26 177.57
 144.00 -67.38 144.70
 145.00 -69.61 -26.09
 146.00 -90.62  -8.49
 147.00 -65.73 -20.80
 148.00 -62.74 -58.10
 149.00 -74.69 -23.51
 150.00 -60.75 -47.92
 151.00 -64.29 -31.52
 152.00 -49.15 -46.69
 153.00 -58.20 -58.47
 154.00 -54.43 -48.03
 155.00 -71.16 -44.75
 156.00 -71.07 -36.28
 157.00 -59.17 -54.96
 158.00 -60.09 -45.64
 159.00 -73.61 -38.08
 160.00 -65.16 -44.31
 161.00 -54.67 -30.24
 162.00 -73.96 -61.90
 163.00 -54.15 -35.73
 164.00 -81.12 -25.07
 165.00 -68.67 -26.69
 166.00 -55.60 -51.34
 167.00 -57.28 -38.44
 168.00 -68.64 -59.44
 169.00 -61.54 -32.04
 170.00 -69.53 -48.33
 171.00 -55.75 -45.04
 172.00 -68.91 -50.78
 173.00 -49.13 -35.95
 174.00 -70.56 -60.54
 175.00 -59.31 -37.09
 176.00 -85.37 -40.66
 177.00 -83.44   4.69
 178.00 -86.25  -6.78
 179.00 -64.02 128.60
 180.00 -122.95 -15.98
 181.00 -54.26  16.63
 182.00 -85.15 -14.27
 183.00 -53.47  12.15
 184.00 -65.33 145.78
 185.00 -99.14 -15.53
 186.00 -141.77 144.46
 187.00 -80.76 133.49
 188.00 -63.17  96.42
 189.00 -48.12 -44.51
 190.00 -57.83 -60.85
 191.00 -71.56 -24.90
 192.00 -61.09 -52.68
 193.00 -58.33 -42.45
 194.00 -62.75 -40.81
 195.00 -55.07 -51.37
 196.00 -74.58 -50.66
 197.00 -62.73 -37.70
 198.00 -75.74 -39.30
 199.00 -58.01 -29.07
 200.00 -59.49 -48.33
 201.00 -57.15 -47.71
 202.00 -82.33 -35.01
 203.00 -59.58 -22.24
 204.00 -50.40 -51.79
 205.00 -77.63 -41.83
 206.00 -86.06 -30.60
 207.00 -56.25 -37.70
 208.00 -70.07 -19.15
 209.00 -56.29 -21.41
 210.00 -77.94 -47.55
 211.00 -65.26 -23.82
 212.00 -99.70 -44.81
 213.00 -62.19 -54.17
 214.00 -76.14 -18.98
 215.00 -112.49 -12.25
 216.00 -129.28 -25.91
 217.00 -63.19  96.43
 218.00 -64.66 -26.13
 219.00 -71.40 -32.38
 220.00 -134.37 -20.34
 221.00 -132.37   5.52
 222.00 -156.84 153.33
 223.00  49.84 122.92
 224.00  64.25  40.89
 225.00 -68.57  -1.68
 226.00 -86.52 144.55
 227.00 -158.32 113.22
 228.00 -59.23 115.44
 229.00 -145.18 117.16
 230.00 -82.30  -4.68
 231.00 -63.58 140.90
 232.00 -53.31 -38.31
 233.00 -73.39 -43.92
 234.00 -74.70 -26.29
 235.00 -74.33 -64.12
 236.00 -87.41 -44.80
 237.00 -60.43 -33.79
 238.00 -56.84 -51.62
 239.00 -63.26 -30.50
 240.00 -72.36 -59.05
 241.00 -73.50 -23.51
 242.00 -130.40 -39.48
 243.00 -84.31 -49.31
 244.00 -48.10 -35.75
 245.00 -57.33 -66.13
 246.00 -67.35 -35.27
 247.00 -64.74 -31.34
 248.00 -68.26 -49.31
 249.00 -53.91 -39.16
 250.00 -56.97 -61.32
 251.00 -65.26 -44.50
 252.00 -74.19 -46.71
 253.00 -45.06 -31.87
 254.00 -64.36 -54.99
 255.00 -83.76 -30.96
 256.00 -78.31 -18.24
 257.00 -69.70 -50.56
 258.00 -56.98 -35.04
 259.00 -73.48 -32.14
 260.00 -77.38 -37.33
 261.00 -58.91 -33.62
 262.00 -60.82 -44.52
 263.00 -60.97 -43.20
 264.00 -81.55 -41.48
 1001.00 -60.82 -45.60
 1002.00 -68.19 -30.74
 1003.00 -75.12 -42.80
 1004.00 -72.57 -27.12
 1005.00 -72.28 -28.75
 1006.00 -73.65 -25.27
 1007.00 -56.65 -47.69
 1008.00 -73.19 -26.23
 1009.00 -57.70 -40.92
 1010.00 -67.77 -50.67
 1011.00 -58.95 -40.85
 1012.00 -67.27 -41.87
 1013.00 -64.21 -41.60
 1014.00 -69.69 -29.14
 1015.00 -54.73 -55.68
 1016.00 -70.28 -35.42
 1017.00 -54.33 -44.37
 1018.00 -74.43 -41.92
 1019.00 -81.72 -13.43
 1020.00 -110.74 140.15
 1021.00 -144.50   5.85
 1022.00 -60.14 147.08
 1023.00 -61.07 -39.00
 1024.00 -60.92 -42.97
 1025.00 -65.01 -50.63
 1026.00 -65.04 -39.92
 1027.00 -78.68 -28.26
 1028.00 -59.47 -48.02
 1029.00 -62.55 -41.73
 1030.00 -64.66 -36.51
 1031.00 -61.79 -45.35
 1032.00 -56.33 -49.46
 1033.00 -66.74 -36.80
 1034.00 -76.46 -27.59
 1035.00 -65.65 -49.14
 1036.00 -67.97 -33.48
 1037.00 -55.89 -42.85
 1038.00 -69.09 -42.77
 1039.00 -64.93 -33.43
 1040.00 -99.98 -26.03
 1041.00  59.72  -3.95
 1042.00  95.26  28.97
 1043.00 -51.47  13.94
 1044.00  44.83 -23.65
 1066.00 -49.74 151.24
 1067.00 -56.64 -17.97
 1068.00 -61.22 -43.07
 1069.00 -63.46 -40.58
 1070.00 -66.88 -25.22
 1071.00 -63.39 -47.86
 1072.00 -59.79 -33.97
 1073.00 -77.55 -33.29
 1074.00 -57.16 -32.98
 1075.00 -71.57 -44.92
 1076.00 -62.48 -30.32
 1077.00 -59.31 -42.44
 1078.00 -51.71 -50.25
 1079.00 -73.04 -41.75
 1080.00 -77.97 -27.60
 1081.00  90.31 -13.76
 1082.00 -77.61  13.07
 1083.00 -70.71  72.58
 1084.00 -66.92 -48.82
 1085.00 -61.25 -36.83
 1086.00 -64.21 -40.81
 1087.00 -71.12 -37.37
 1088.00 -55.01 -42.79
 1089.00 -53.81 -53.98
 1090.00 -60.36 -42.01
 1091.00 -60.98 -40.97
 1092.00 -71.45 -45.37
 1093.00 -69.86 -15.73
 1094.00 -68.87 -36.21
 1095.00 -68.15 -40.62
 1096.00 -76.15 -43.19
 1097.00 -65.00 -21.33
 1098.00 -59.10 -41.45
 1099.00 -73.56 -26.71
 1100.00 -64.35 -44.31
 1101.00 -56.85 -39.25
 1102.00 -70.00 -43.38
 1103.00 -67.64 -30.74
 1104.00 -70.37 -39.72
 1105.00 -61.20 -36.66
 313.00 -52.79 -30.98
 314.00 -65.06 -51.79
 315.00 -75.06 -33.91
 316.00 -72.33 -32.94
 317.00 -54.89 -42.67
 318.00 -64.06 -44.86
 319.00 -64.64 -45.40
 320.00 -58.92 -41.64
 321.00 -66.47 -38.30
 322.00 -65.05 -44.95
 323.00 -71.15 -34.00
 324.00 -64.62 -35.38
 325.00 -56.69 -23.47
 326.00 -55.95 -46.26
 327.00 -60.39 -51.02
 328.00 -49.58 -45.31
 329.00 -58.27 -58.80
 330.00 -67.88 -59.60
 331.00 -67.02 -28.50
 332.00 -57.42 -63.07
 333.00 -83.85 -28.94
 334.00 -74.84 -31.39
 335.00 -106.63 -24.47
 336.00 -58.70 -25.22
 337.00 -60.75 -32.02
 338.00 -44.61 -47.14
 339.00 -63.90 -60.76
 340.00 -60.88 -46.10
 341.00 -79.00 -34.98
 342.00 -81.02 -31.08
 343.00 -79.89 -22.50
 344.00 -68.90 -23.74
 345.00 -48.91 -53.86
 346.00 -74.18 -35.27
 347.00 -101.87 -20.67
 348.00 -73.32 -45.28
 349.00 -143.97 132.50
 350.00 -88.48 -38.58
 351.00 -107.16 -31.46
 352.00 -152.54  17.52
 353.00 -111.48 169.05
 354.00 -49.10 120.68
 355.00 -81.99 -23.53
 356.00 -79.16 -25.26
 357.00 -62.66 -47.52
 358.00 -50.26 -35.69
 359.00 -78.44 -43.48
 360.00 -60.47 -32.71
 361.00 -73.24 -45.20
 362.00 -51.99 -34.97
 363.00 -60.99 -53.27
 364.00 -62.00 -47.83
 365.00 -65.32 -33.83
 366.00 -80.44 -39.62
 367.00 -72.21 -13.58
 368.00 -52.52 -41.66
 369.00 -61.33 -58.74
 370.00 -56.33 -26.04
 371.00 -50.02 -42.51
 372.00 -64.23 -26.39
 373.00 -94.75 -16.48
 374.00 -83.30  -9.48
 375.00 -61.40 -26.10
 376.00 -55.12 -53.33
 377.00 -58.40 -40.01
 378.00 -59.47 -51.95
 379.00 -68.84 -45.62
 380.00 -63.17 -30.22
 381.00 -83.46 -53.71
 382.00 -139.59 -11.64
 383.00 -135.49  18.57
 384.00 -71.38 126.93
 385.00 -60.46 -47.88
 386.00 -63.49 -47.58
 387.00 -51.83 -48.30
 388.00 -80.74 -38.31
 389.00 -69.09 -26.20
 390.00 -53.48 -49.24
 391.00 -68.51 -47.41
 392.00 -79.62 -23.83
 393.00 -68.57 -38.97
 394.00 -72.04 -31.50
 395.00 -84.17 -35.95
 396.00  48.95  27.31
 397.00 -78.13  17.45
 398.00 -66.61  48.60


