 residuo Phi Psi
  69.00 -84.70 120.66
  70.00 -136.12 152.65
  71.00 -44.64 -12.51
  72.00 -65.48 -59.75
  73.00 -77.01 -21.73
  74.00 -78.73 -28.42
  75.00 -61.38 -34.31
  76.00 -53.48 -53.69
  77.00 -63.63 -44.55
  78.00 -72.35 -35.17
  79.00 -70.09 -29.57
  80.00 -75.73 -32.65
  81.00 -57.07 -29.64
  82.00 -58.92 -33.24
  83.00 -60.99 -32.03
  84.00 -69.69 -50.53
  85.00 -61.91 -44.39
  86.00 -68.63 -50.39
  87.00 -63.95 -31.70
  88.00 -61.49 -51.74
  89.00 -66.13 -62.71
  90.00 -61.78 -34.88
  91.00 -60.04 -58.41
  92.00 -66.05 -28.88
  93.00 -72.07 -33.59
  94.00 -63.41 -26.14
  95.00 -62.10 -49.23
  96.00 -60.95 -37.50
  97.00 -67.68 -49.39
  98.00 -82.48 -25.16
  99.00 -101.93  -9.99
 100.00 -87.77 -31.87
 101.00 -72.68 -57.57
 102.00 -60.84 126.85
 103.00 -58.58 -38.32
 104.00 -99.39 -26.39
 105.00 -89.31  15.43
 106.00 -135.73  66.06
 107.00 -74.42 158.88
 108.00 -56.46 -30.79
 109.00 -80.12 -45.15
 110.00 -61.60 -25.74
 111.00 -65.61 -40.99
 112.00 -74.04 -36.55
 113.00 -73.92 -22.79
 114.00 -61.76 -37.10
 115.00 -46.96 -46.49
 116.00 -64.87 -46.09
 117.00 -73.80 -34.42
 118.00 -59.65 -40.86
 119.00 -78.40 -32.16
 120.00 -52.55 -42.17
 121.00 -81.87 -46.31
 122.00 -65.99 -26.65
 123.00 -61.39 -43.31
 124.00 -90.33 -40.50
 125.00 -125.45 -14.14
 126.00 -79.37 -56.80
 127.00 -56.22 -49.51
 128.00 -59.40 -50.35
 129.00 -70.21 -32.93
 130.00 -68.41 -37.15
 131.00 -70.37 -29.87
 132.00 -63.82 -42.11
 133.00 -54.53 -31.48
 134.00 -58.53 -33.49
 135.00 -68.68 -60.10
 136.00 -64.66 -35.21
 137.00 102.36  -2.15
 138.00  59.51  37.54
 139.00 -156.92  48.95
 140.00 -68.71 161.47
 141.00 -68.78 124.38
 142.00 -128.87  -5.98
 143.00 -54.15 171.02
 144.00 -63.16 150.07
 145.00 -58.04 -37.04
 146.00 -93.05 -21.85
 147.00 -66.50  -4.91
 148.00 -71.75 -39.47
 149.00 -79.43 -34.65
 150.00 -95.69  -5.40
 151.00 -51.25 -52.39
 152.00 -53.44 -36.87
 153.00 -62.60 -45.72
 154.00 -78.92 -37.12
 155.00 -82.69 -29.31
 156.00 -58.80 -38.42
 157.00 -65.21 -59.66
 158.00 -73.83 -32.66
 159.00 -70.26 -39.22
 160.00 -71.65 -35.17
 161.00 -56.01 -31.03
 162.00 -69.97 -55.12
 163.00 -64.98 -32.63
 164.00 -63.91 -33.68
 165.00 -69.00 -40.82
 166.00 -59.36 -34.69
 167.00 -63.91 -59.36
 168.00 -82.96 -32.77
 169.00 -53.63 -32.38
 170.00 -68.14 -45.60
 171.00 -56.63 -43.20
 172.00 -66.63 -49.58
 173.00 -53.92 -44.83
 174.00 -73.74 -37.36
 175.00 -54.63 -45.43
 176.00 -77.69 -36.58
 177.00 -85.95  -2.69
 178.00 -86.11  -4.50
 179.00 -84.56 151.17
 180.00 -143.68   6.23
 181.00 -83.32  37.12
 182.00 -87.21 -13.65
 183.00 -76.25  17.86
 184.00 -98.84 128.62
 185.00 -115.01  34.40
 186.00 -155.72 163.84
 187.00 -86.43 148.96
 188.00 -88.37 132.40
 189.00 -62.82 -27.13
 190.00 -76.06 -43.53
 191.00 -73.12 -26.76
 192.00 -55.76 -44.06
 193.00 -61.10 -42.33
 194.00 -86.55 -29.91
 195.00 -52.32 -36.14
 196.00 -73.27 -47.33
 197.00 -72.93 -32.56
 198.00 -47.73 -50.33
 199.00 -66.62 -48.63
 200.00 -65.70 -43.61
 201.00 -66.49 -28.37
 202.00 -64.79 -41.40
 203.00 -56.47 -46.68
 204.00 -58.97 -39.96
 205.00 -78.58 -32.42
 206.00 -78.46 -45.05
 207.00 -54.31 -33.98
 208.00 -57.66 -26.04
 209.00 -68.29 -28.87
 210.00 -73.02 -49.85
 211.00 -84.94  -7.49
 212.00 -73.97 -77.52
 213.00 -79.67 -34.91
 214.00 -84.58  -8.23
 215.00 -54.19 -43.13
 216.00 -145.49 -34.17
 217.00 -64.57 108.88
 218.00 -66.49 -25.91
 219.00 -94.68  -5.50
 220.00 -124.22 -20.57
 221.00 -127.79   6.74
 222.00 -156.97 164.97
 223.00  60.45 112.50
 224.00  64.10  40.79
 225.00 -94.08   8.75
 226.00 -68.26 132.06
 227.00 -149.77 101.69
 228.00 -68.40 139.12
 229.00 -105.45 120.82
 230.00 -95.41  -0.43
 231.00 -61.30 124.34
 232.00 -72.29 -15.84
 233.00 -83.38 -32.34
 234.00 -92.24 -29.85
 235.00 -101.06 -31.65
 236.00 -71.37 -54.58
 237.00 -69.10 -28.59
 238.00 -64.55 -56.09
 239.00 -79.37 -19.11
 240.00 -77.88 -44.32
 241.00 -76.61 -32.87
 242.00 -139.92 -24.17
 243.00 -64.02 -57.57
 244.00 -56.31 -44.18
 245.00 -70.91 -60.26
 246.00 -64.23 -21.72
 247.00 -58.63 -44.73
 248.00 -80.54 -35.31
 249.00 -43.51 -46.66
 250.00 -65.28 -61.22
 251.00 -81.90 -27.71
 252.00 -65.63 -35.58
 253.00 -58.16 -45.93
 254.00 -53.44 -45.40
 255.00 -76.41 -47.18
 256.00 -75.06 -19.30
 257.00 -64.91 -56.18
 258.00 -64.54 -21.87
 259.00 -69.25 -50.77
 260.00 -68.02 -33.27
 261.00 -80.81 -22.74
 262.00 -64.88 -41.68
 263.00 -61.23 -40.66
 264.00 -59.38 -48.31
 1001.00 -62.41 -44.59
 1002.00 -44.35 -38.38
 1003.00 -68.76 -54.06
 1004.00 -63.08 -40.54
 1005.00 -71.66 -27.88
 1006.00 -72.97 -30.30
 1007.00 -57.56 -39.75
 1008.00 -68.47 -37.21
 1009.00 -71.20 -39.12
 1010.00 -58.30 -49.66
 1011.00 -57.61 -37.34
 1012.00 -78.36 -43.59
 1013.00 -54.65 -29.75
 1014.00 -70.77 -34.84
 1015.00 -57.67 -46.00
 1016.00 -58.78 -42.77
 1017.00 -73.37 -35.54
 1018.00 -87.70 -38.42
 1019.00 -65.85  -6.24
 1020.00 -99.80 145.82
 1021.00 -137.53  -7.28
 1022.00 -63.15 152.30
 1023.00 -78.32 -31.36
 1024.00 -84.94 -23.50
 1025.00 -68.51 -32.45
 1026.00 -50.29 -44.49
 1027.00 -77.83 -37.84
 1028.00 -50.82 -54.13
 1029.00 -54.84 -48.10
 1030.00 -70.13 -34.34
 1031.00 -67.97 -38.56
 1032.00 -59.64 -39.27
 1033.00 -60.48 -35.96
 1034.00 -83.00 -25.58
 1035.00 -65.62 -41.79
 1036.00 -67.80 -37.61
 1037.00 -67.28 -30.75
 1038.00 -63.09 -59.19
 1039.00 -64.31 -21.99
 1040.00 -106.54 -31.14
 1041.00  47.74 -22.29
 1042.00  85.09  49.60
 1043.00 -71.23   9.85
 1044.00  68.96 -29.22
 1066.00 -70.38 143.53
 1067.00 -69.39  21.73
 1068.00 -70.35 -35.79
 1069.00 -60.62 -32.38
 1070.00 -80.78 -26.32
 1071.00 -63.38 -38.69
 1072.00 -60.69 -40.57
 1073.00 -64.73 -36.07
 1074.00 -70.99 -33.95
 1075.00 -66.10 -40.51
 1076.00 -68.02 -39.43
 1077.00 -47.91 -43.24
 1078.00 -76.57 -43.64
 1079.00 -77.00 -22.16
 1080.00 -80.22 -31.83
 1081.00  93.57  -7.99
 1082.00 -87.38   2.49
 1083.00 -67.27  75.86
 1084.00 -61.13 -41.54
 1085.00 -71.43 -44.70
 1086.00 -67.21 -42.61
 1087.00 -65.23 -34.66
 1088.00 -74.02 -31.79
 1089.00 -67.73 -35.42
 1090.00 -76.47 -28.88
 1091.00 -71.19 -28.53
 1092.00 -64.37 -34.33
 1093.00 -67.63 -32.86
 1094.00 -42.41 -37.06
 1095.00 -77.11 -60.33
 1096.00 -73.64 -29.10
 1097.00 -50.73 -41.80
 1098.00 -60.47 -50.52
 1099.00 -64.01 -42.80
 1100.00 -70.65 -34.90
 1101.00 -60.35 -40.76
 1102.00 -60.55 -36.40
 1103.00 -65.22 -53.08
 1104.00 -66.95 -31.77
 1105.00 -68.16 -35.12
 313.00 -53.11 -45.00
 314.00 -58.63 -51.03
 315.00 -60.53 -35.91
 316.00 -68.39 -48.47
 317.00 -81.17 -19.61
 318.00 -65.32 -44.94
 319.00 -52.92 -39.15
 320.00 -59.96 -56.63
 321.00 -64.00 -31.03
 322.00 -69.67 -48.54
 323.00 -50.12 -49.40
 324.00 -69.44 -42.06
 325.00 -61.84 -41.28
 326.00 -52.08 -41.27
 327.00 -59.66 -53.58
 328.00 -50.45 -38.52
 329.00 -71.19 -61.20
 330.00 -52.49 -34.65
 331.00 -77.03 -36.46
 332.00 -67.75 -46.64
 333.00 -66.56 -43.33
 334.00 -80.36 -27.40
 335.00 -109.89 -11.75
 336.00 -64.79 -30.46
 337.00 -69.86 -33.60
 338.00 -58.25 -32.04
 339.00 -50.97 -63.53
 340.00 -62.62 -46.98
 341.00 -64.00 -44.04
 342.00 -58.64 -45.38
 343.00 -54.07 -45.94
 344.00 -67.26 -48.28
 345.00 -54.73 -35.61
 346.00 -88.02 -23.86
 347.00 -69.63 -32.73
 348.00 -94.90 -43.76
 349.00 -142.24 156.78
 350.00 -90.07 -50.26
 351.00 -82.22 -35.19
 352.00 -171.24  19.79
 353.00 -110.28 144.34
 354.00 -63.03 126.50
 355.00 -72.14 -27.70
 356.00 -78.85 -41.28
 357.00 -59.16 -34.98
 358.00 -60.42 -42.02
 359.00 -65.20 -40.80
 360.00 -62.26 -45.61
 361.00 -67.36 -36.94
 362.00 -74.67 -29.58
 363.00 -79.96 -20.93
 364.00 -53.34 -61.96
 365.00 -63.12 -41.63
 366.00 -76.28 -42.44
 367.00 -66.08 -20.10
 368.00 -67.55 -40.83
 369.00 -58.48 -59.25
 370.00 -46.06 -35.95
 371.00 -58.72 -47.95
 372.00 -73.29 -25.18
 373.00 -79.07 -17.18
 374.00 -75.35 -40.90
 375.00 -55.16 -36.48
 376.00 -34.67 -54.94
 377.00 -84.22 -40.74
 378.00 -45.83 -36.22
 379.00 -58.03 -49.87
 380.00 -69.21 -33.18
 381.00 -79.24 -40.49
 382.00 -104.66 -31.75
 383.00 -141.26  -4.24
 384.00 -72.57 118.71
 385.00 -84.82 -21.11
 386.00 -61.30 -39.23
 387.00 -56.14 -44.76
 388.00 -86.23 -34.34
 389.00 -75.03 -35.69
 390.00 -61.82 -47.86
 391.00 -71.16 -25.50
 392.00 -60.05 -46.81
 393.00 -63.22 -41.02
 394.00 -74.27 -37.57
 395.00 -113.71  13.80
 396.00  45.99  12.11
 397.00 -128.41  48.03
 398.00 -131.34 143.97


