 residuo Phi Psi
  69.00 -133.35  83.47
  70.00 -55.03   1.16
  71.00 -63.05 -40.71
  72.00 -65.38 -43.61
  73.00 -70.30 -27.97
  74.00 -58.57 -51.76
  75.00 -64.64 -35.32
  76.00 -52.27 -50.38
  77.00 -65.72 -38.74
  78.00 -59.59 -45.14
  79.00 -75.70 -36.30
  80.00 -66.89 -28.77
  81.00 -53.49 -43.72
  82.00 -62.39 -32.11
  83.00 -57.64 -51.06
  84.00 -64.52 -45.17
  85.00 -70.19 -40.24
  86.00 -64.26 -31.20
  87.00 -65.75 -44.22
  88.00 -69.36 -44.05
  89.00 -71.36 -62.53
  90.00 -53.91 -38.38
  91.00 -74.61 -54.03
  92.00 -57.77 -33.26
  93.00 -68.98 -38.81
  94.00 -46.92 -39.50
  95.00 -72.86 -45.04
  96.00 -77.93 -28.20
  97.00 -49.87 -48.90
  98.00 -82.98 -47.90
  99.00 -88.83  -6.91
 100.00 -83.03 -47.53
 101.00 -98.57 -33.54
 102.00 -60.67 113.40
 103.00 -57.80 -35.99
 104.00 -122.39  -7.00
 105.00 -76.79   7.00
 106.00 -149.50  98.55
 107.00 -55.62 156.87
 108.00 -55.19 -40.08
 109.00 -56.40 -60.26
 110.00 -68.17 -33.25
 111.00 -78.90 -21.22
 112.00 -70.77 -33.76
 113.00 -66.58 -36.88
 114.00 -67.59 -34.93
 115.00 -68.90 -39.72
 116.00 -68.61 -32.91
 117.00 -68.35 -39.40
 118.00 -67.96 -30.60
 119.00 -66.71 -36.20
 120.00 -45.76 -59.45
 121.00 -60.17 -46.80
 122.00 -71.50 -34.40
 123.00 -64.70 -45.25
 124.00 -82.20 -23.12
 125.00 -97.20 -57.52
 126.00 -88.09 -37.76
 127.00 -55.27 -61.32
 128.00 -69.15 -41.83
 129.00 -71.78 -34.99
 130.00 -74.41 -36.36
 131.00 -69.92 -32.23
 132.00 -80.39 -28.15
 133.00 -67.70 -24.04
 134.00 -73.84 -31.59
 135.00 -90.45 -20.66
 136.00 -78.87 -36.17
 137.00  52.69  37.71
 138.00  75.71  29.23
 139.00 -88.00  14.93
 140.00 -63.52 148.67
 141.00 -91.48 122.35
 142.00 -126.24   8.87
 143.00 -44.04 164.05
 144.00 -56.44 130.14
 145.00 -55.01 -52.31
 146.00 -77.52 -11.06
 147.00 -57.03 -16.22
 148.00 -49.33 -59.65
 149.00 -88.31 -28.42
 150.00 -66.57 -39.58
 151.00 -63.84 -40.39
 152.00 -53.40 -45.42
 153.00 -58.41 -43.29
 154.00 -55.72 -48.74
 155.00 -66.73 -39.71
 156.00 -56.08 -50.71
 157.00 -67.42 -52.78
 158.00 -79.64 -42.22
 159.00 -68.55 -39.63
 160.00 -59.21 -38.25
 161.00 -50.34 -48.01
 162.00 -76.91 -48.97
 163.00 -70.96 -33.65
 164.00 -79.04 -15.00
 165.00 -50.45 -48.69
 166.00 -69.25 -38.94
 167.00 -78.33 -48.20
 168.00 -58.32 -27.93
 169.00 -64.69 -43.45
 170.00 -70.01 -42.79
 171.00 -82.22 -21.97
 172.00 -53.79 -59.34
 173.00 -61.49 -42.73
 174.00 -73.83 -31.32
 175.00 -69.27 -31.28
 176.00 -63.13 -50.51
 177.00 -99.96  -2.79
 178.00 -62.21 -22.86
 179.00 -57.80 119.46
 180.00 -91.09 -20.66
 181.00 -56.84   0.34
 182.00 -80.28 -10.15
 183.00 -57.07  -7.22
 184.00 -75.71 139.33
 185.00 -87.79  -0.47
 186.00 -157.94 132.85
 187.00 -88.97 145.13
 188.00 -53.34 115.42
 189.00 -69.70 -39.36
 190.00 -55.97 -56.63
 191.00 -76.96 -35.53
 192.00 -66.08 -47.52
 193.00 -66.73 -34.82
 194.00 -57.53 -39.62
 195.00 -68.78 -35.20
 196.00 -47.13 -50.76
 197.00 -45.25 -47.36
 198.00 -58.45 -63.53
 199.00 -60.80 -46.70
 200.00 -69.87 -36.68
 201.00 -57.05 -41.57
 202.00 -81.32 -33.41
 203.00 -51.07 -39.11
 204.00 -57.26 -54.29
 205.00 -62.74 -45.78
 206.00 -67.88 -47.27
 207.00 -70.03 -30.00
 208.00 -61.12 -24.14
 209.00 -62.97 -22.61
 210.00 -70.63 -63.32
 211.00 -63.81 -27.35
 212.00 -97.68 -38.65
 213.00 -50.17 -36.81
 214.00 -58.38 -35.82
 215.00 -101.36 -28.21
 216.00 -156.21 -12.86
 217.00 -57.43 104.83
 218.00 -59.16 -22.70
 219.00 -66.47 -25.74
 220.00 -135.68 -23.08
 221.00 -105.33 -15.90
 222.00 -137.37 147.24
 223.00  46.00 126.68
 224.00  81.55  33.95
 225.00 -83.04  -8.09
 226.00 -76.39 150.86
 227.00 -154.43  98.73
 228.00 -65.25 133.94
 229.00 -125.23 124.40
 230.00 -76.94 -11.83
 231.00 -55.14 126.59
 232.00 -76.07 -23.53
 233.00 -109.67 -23.49
 234.00 -68.00 -38.26
 235.00 -88.16 -38.85
 236.00 -72.06 -81.07
 237.00 -60.60 -38.15
 238.00 -65.37 -36.59
 239.00 -77.05 -18.92
 240.00 -61.44 -52.06
 241.00 -70.66 -35.79
 242.00 -131.81 -33.32
 243.00 -65.68 -63.86
 244.00 -67.02 -29.94
 245.00 -68.43 -57.21
 246.00 -49.74 -36.22
 247.00 -62.32 -54.40
 248.00 -69.95 -34.85
 249.00 -51.64 -60.55
 250.00 -59.33 -54.54
 251.00 -65.35 -46.80
 252.00 -68.94 -34.68
 253.00 -72.17 -32.13
 254.00 -60.89 -49.32
 255.00 -68.70 -32.18
 256.00 -66.06 -32.37
 257.00 -77.02 -48.52
 258.00 -76.06 -16.14
 259.00 -76.08 -33.57
 260.00 -64.12 -44.81
 261.00 -63.85 -34.04
 262.00 -64.78 -37.68
 263.00 -47.35 -41.02
 264.00 -69.57 -39.27
 1001.00 -68.92 -35.69
 1002.00 -61.73 -34.60
 1003.00 -65.46 -39.97
 1004.00 -67.20 -32.04
 1005.00 -74.48 -31.59
 1006.00 -52.33 -45.88
 1007.00 -61.61 -47.84
 1008.00 -54.92 -45.66
 1009.00 -65.59 -44.74
 1010.00 -70.06 -46.21
 1011.00 -71.72 -33.78
 1012.00 -76.79 -34.41
 1013.00 -54.72 -35.17
 1014.00 -70.37 -44.03
 1015.00 -72.02 -16.69
 1016.00 -73.61 -50.46
 1017.00 -61.71 -24.46
 1018.00 -142.27 -12.09
 1019.00 -43.76  -7.16
 1020.00 -71.29 106.36
 1021.00 -151.73 -14.00
 1022.00 -63.47 159.94
 1023.00 -68.88 -33.49
 1024.00 -56.54 -38.26
 1025.00 -53.63 -53.93
 1026.00 -58.92 -54.43
 1027.00 -73.50 -39.41
 1028.00 -57.95 -42.61
 1029.00 -61.84 -44.82
 1030.00 -69.87 -34.18
 1031.00 -70.09 -34.93
 1032.00 -64.60 -41.45
 1033.00 -70.74 -33.97
 1034.00 -48.82 -56.94
 1035.00 -53.69 -44.24
 1036.00 -56.67 -59.06
 1037.00 -66.48 -38.99
 1038.00 -77.56 -42.22
 1039.00 -54.01 -30.41
 1040.00 -69.99 -49.91
 1041.00  50.24 -32.05
 1042.00 111.42  33.91
 1043.00 -68.89   4.34
 1044.00  58.38 -16.91
 1066.00 -67.06 145.30
 1067.00 -56.02 -10.79
 1068.00 -62.24 -37.75
 1069.00 -65.04 -36.88
 1070.00 -83.68 -26.51
 1071.00 -69.95 -29.17
 1072.00 -59.18 -42.70
 1073.00 -77.69 -32.63
 1074.00 -62.65 -34.84
 1075.00 -67.34 -41.76
 1076.00 -48.87 -38.03
 1077.00 -60.11 -50.64
 1078.00 -64.05 -37.50
 1079.00 -58.87 -41.71
 1080.00 -65.45 -41.93
 1081.00  78.05  -8.44
 1082.00 -68.62   6.12
 1083.00 -38.09  52.36
 1084.00 -53.43 -59.29
 1085.00 -88.28 -42.54
 1086.00 -70.00 -26.25
 1087.00 -63.83 -40.74
 1088.00 -66.22 -39.11
 1089.00 -58.87 -36.37
 1090.00 -65.92 -46.04
 1091.00 -48.18 -42.53
 1092.00 -62.25 -52.56
 1093.00 -73.49 -33.35
 1094.00 -58.06 -28.70
 1095.00 -54.79 -51.66
 1096.00 -58.04 -50.08
 1097.00 -66.89 -30.51
 1098.00 -53.44 -58.81
 1099.00 -70.29 -23.44
 1100.00 -66.72 -53.58
 1101.00 -53.90 -30.63
 1102.00 -65.34 -45.23
 1103.00 -66.29 -40.60
 1104.00 -71.64 -33.67
 1105.00 -53.98 -39.67
 313.00 -53.61 -39.03
 314.00 -78.87 -53.81
 315.00 -69.10 -23.38
 316.00 -67.34 -47.79
 317.00 -72.71 -22.80
 318.00 -66.93 -47.33
 319.00 -56.75 -49.94
 320.00 -63.09 -41.20
 321.00 -58.61 -48.43
 322.00 -83.22 -29.19
 323.00 -83.90  -3.48
 324.00 -67.62 -37.06
 325.00 -68.87 -24.47
 326.00 -68.75 -29.72
 327.00 -66.87 -44.21
 328.00 -69.13 -33.72
 329.00 -62.29 -41.12
 330.00 -66.81 -47.08
 331.00 -65.55 -47.65
 332.00 -53.71 -44.29
 333.00 -67.71 -53.63
 334.00 -72.79 -28.21
 335.00 -99.93 -30.09
 336.00 -60.85 -10.65
 337.00 -54.91 -42.54
 338.00 -63.38 -39.64
 339.00 -60.20 -65.49
 340.00 -59.14 -46.86
 341.00 -64.92 -53.60
 342.00 -72.57 -40.49
 343.00 -69.08 -34.61
 344.00 -69.46 -43.50
 345.00 -52.20 -33.31
 346.00 -97.74 -17.48
 347.00 -74.35 -35.41
 348.00 -77.46 -47.02
 349.00 -154.86 143.94
 350.00 -118.84  -8.92
 351.00 -69.60 -41.63
 352.00 -157.92   7.98
 353.00 -116.28 160.08
 354.00 -49.10 129.67
 355.00 -66.01 -41.40
 356.00 -94.66 -29.27
 357.00 -68.93 -36.01
 358.00 -61.38 -27.56
 359.00 -57.22 -37.71
 360.00 -69.31 -43.88
 361.00 -50.40 -54.04
 362.00 -61.87 -38.94
 363.00 -79.76 -28.06
 364.00 -62.96 -45.66
 365.00 -56.73 -40.15
 366.00 -91.68 -37.59
 367.00 -52.30 -31.08
 368.00 -75.34 -39.08
 369.00 -67.45 -41.23
 370.00 -52.79 -27.86
 371.00 -60.11 -32.35
 372.00 -77.14 -10.46
 373.00 -75.37 -18.96
 374.00 -90.09 -27.52
 375.00 -67.41 -39.87
 376.00 -52.70 -31.42
 377.00 -80.86 -34.45
 378.00 -65.08 -33.62
 379.00 -63.44 -40.10
 380.00 -75.73 -32.19
 381.00 -71.20 -45.12
 382.00 -103.20 -43.74
 383.00 -137.97   4.45
 384.00 -64.93 121.36
 385.00 -81.17 -29.51
 386.00 -51.73 -44.97
 387.00 -46.76 -55.94
 388.00 -67.49 -50.40
 389.00 -64.77 -31.97
 390.00 -58.42 -58.17
 391.00 -57.86 -37.66
 392.00 -108.38 -19.96
 393.00 -58.94 -21.28
 394.00 -79.48 -36.52
 395.00 -86.62 -18.84
 396.00  44.86  -3.87
 397.00 -82.78  39.19
 398.00 -111.28  94.08


