 residuo Phi Psi
  69.00 -60.97 152.23
  70.00 -68.19 -24.71
  71.00 -78.37 -36.45
  72.00 -71.02 -22.95
  73.00 -71.86 -30.09
  74.00 -69.27 -37.18
  75.00 -58.85 -41.93
  76.00 -62.67 -50.78
  77.00 -59.25 -31.26
  78.00 -56.68 -52.28
  79.00 -79.00 -25.53
  80.00 -75.20 -30.94
  81.00 -51.86 -36.08
  82.00 -71.94 -38.57
  83.00 -63.71 -32.08
  84.00 -70.99 -34.95
  85.00 -61.74 -36.68
  86.00 -51.24 -51.08
  87.00 -65.82 -39.84
  88.00 -81.15 -33.92
  89.00 -70.32 -54.80
  90.00 -63.88 -38.52
  91.00 -69.53 -45.72
  92.00 -62.20 -29.75
  93.00 -66.00 -22.98
  94.00 -59.97 -46.52
  95.00 -57.95 -44.55
  96.00 -59.85 -52.60
  97.00 -65.04 -41.87
  98.00 -70.27 -41.57
  99.00 -66.13 -35.65
 100.00 -123.12 -21.95
 101.00 -97.40 -29.09
 102.00 -78.58 138.72
 103.00 -69.71 -27.65
 104.00 -92.74 -20.77
 105.00 -79.57   0.22
 106.00 -141.07  53.86
 107.00 -47.87 141.63
 108.00 -53.03 -40.89
 109.00 -77.22 -39.97
 110.00 -61.93 -29.78
 111.00 -71.69 -36.07
 112.00 -71.16 -32.11
 113.00 -77.84 -23.45
 114.00 -72.48 -20.31
 115.00 -58.42 -32.12
 116.00 -63.98 -51.37
 117.00 -59.95 -42.75
 118.00 -58.15 -39.61
 119.00 -88.93 -30.09
 120.00 -58.30 -36.42
 121.00 -79.52 -31.57
 122.00 -62.47 -22.43
 123.00 -66.92 -52.56
 124.00 -86.97   2.66
 125.00 -159.51 -36.62
 126.00 -57.01 -29.26
 127.00 -65.66 -65.27
 128.00 -53.22 -44.28
 129.00 -72.65 -41.56
 130.00 -65.31 -33.43
 131.00 -55.04 -45.85
 132.00 -68.22 -49.17
 133.00 -55.34 -40.79
 134.00 -64.44 -46.21
 135.00 -61.80 -35.66
 136.00 -76.76 -39.42
 137.00  61.76  15.22
 138.00  72.82  38.81
 139.00 -131.23  38.87
 140.00 -68.63 140.50
 141.00 -91.48 128.86
 142.00 -151.28  20.26
 143.00 -51.89 170.58
 144.00 -79.15 146.90
 145.00 -78.10 -34.90
 146.00 -74.45  -6.06
 147.00 -57.42 -19.67
 148.00 -63.98 -44.01
 149.00 -60.04 -46.74
 150.00 -88.79 -22.43
 151.00 -54.91 -52.37
 152.00 -53.26 -31.43
 153.00 -73.47 -33.99
 154.00 -63.31 -36.18
 155.00 -69.69 -35.30
 156.00 -62.69 -46.57
 157.00 -64.99 -58.75
 158.00 -60.42 -42.63
 159.00 -49.93 -50.61
 160.00 -66.13 -51.67
 161.00 -64.08 -36.23
 162.00 -65.26 -50.89
 163.00 -67.98 -33.38
 164.00 -76.49 -29.09
 165.00 -60.62 -40.70
 166.00 -53.69 -49.12
 167.00 -57.32 -44.42
 168.00 -63.08 -44.90
 169.00 -62.40 -39.20
 170.00 -54.22 -47.21
 171.00 -67.38 -41.11
 172.00 -64.65 -42.87
 173.00 -75.86 -37.76
 174.00 -82.55 -23.58
 175.00 -46.24 -32.24
 176.00 -64.14 -51.53
 177.00 -91.92  -2.88
 178.00 -66.66 -24.10
 179.00 -62.98 119.18
 180.00 -98.64 -26.63
 181.00 -59.30  18.08
 182.00 -60.34 -25.65
 183.00 -64.66 -10.99
 184.00 -82.57 140.99
 185.00 -52.52 -34.87
 186.00 -159.37 150.16
 187.00 -82.24 155.28
 188.00 -78.68 138.12
 189.00 -57.79 -51.81
 190.00 -61.50 -37.18
 191.00 -62.15 -48.72
 192.00 -60.87 -35.29
 193.00 -65.50 -60.44
 194.00 -46.89 -39.74
 195.00 -68.01 -45.50
 196.00 -67.16 -29.35
 197.00 -59.60 -42.24
 198.00 -64.52 -42.21
 199.00 -62.34 -46.58
 200.00 -68.45 -47.24
 201.00 -66.37 -25.04
 202.00 -63.53 -48.72
 203.00 -58.26 -40.84
 204.00 -42.06 -47.41
 205.00 -58.74 -62.80
 206.00 -73.55 -41.75
 207.00 -59.88 -27.98
 208.00 -67.28 -38.28
 209.00 -58.62 -17.85
 210.00 -69.28 -62.71
 211.00 -65.90 -39.64
 212.00 -80.12 -37.13
 213.00 -67.59 -41.46
 214.00 -69.79 -18.07
 215.00 -76.24 -33.48
 216.00 -136.25 -37.96
 217.00 -61.28 112.10
 218.00 -62.30 -24.17
 219.00 -61.87 -21.31
 220.00 -136.63 -23.88
 221.00 -137.09   3.81
 222.00 -149.67 146.86
 223.00  35.68 122.49
 224.00  86.44  49.46
 225.00 -84.58 -15.00
 226.00 -70.35 146.62
 227.00 -152.16  94.14
 228.00 -70.43 127.50
 229.00 -149.33 135.05
 230.00 -80.95   8.46
 231.00 -75.68 123.46
 232.00 -54.22 -11.52
 233.00 -92.06 -37.33
 234.00 -74.31 -48.50
 235.00 -80.75 -48.04
 236.00 -61.85 -81.46
 237.00 -64.30 -42.78
 238.00 -68.98  -8.99
 239.00 -71.44 -18.80
 240.00 -84.41 -52.02
 241.00 -87.23 -11.72
 242.00 -136.60 -20.64
 243.00 -63.88 -80.68
 244.00 -66.19 -34.27
 245.00 -71.35 -52.89
 246.00 -58.04 -29.71
 247.00 -61.45 -47.26
 248.00 -58.65 -48.59
 249.00 -67.35 -46.99
 250.00 -69.82 -46.49
 251.00 -72.69 -24.15
 252.00 -70.72 -46.91
 253.00 -54.14 -41.50
 254.00 -65.62 -51.32
 255.00 -58.71 -44.14
 256.00 -61.84 -39.50
 257.00 -67.10 -49.73
 258.00 -74.66 -27.99
 259.00 -66.58 -31.03
 260.00 -75.88 -42.11
 261.00 -68.76 -23.01
 262.00 -67.66 -44.19
 263.00 -64.40 -25.64
 264.00 -62.98 -47.18
 1001.00 -63.35 -38.25
 1002.00 -65.25 -27.87
 1003.00 -62.15 -32.21
 1004.00 -66.10 -37.43
 1005.00 -78.87 -34.86
 1006.00 -65.72 -31.98
 1007.00 -72.30 -43.55
 1008.00 -60.75 -25.80
 1009.00 -60.79 -49.17
 1010.00 -49.70 -46.47
 1011.00 -59.15 -49.67
 1012.00 -74.24 -42.58
 1013.00 -53.87 -35.28
 1014.00 -58.03 -45.43
 1015.00 -59.15 -36.97
 1016.00 -67.17 -49.36
 1017.00 -48.53 -43.55
 1018.00 -76.17 -58.93
 1019.00 -58.59 -17.38
 1020.00 -120.50 154.00
 1021.00 -139.51  -5.91
 1022.00 -55.75 138.27
 1023.00 -47.22 -30.15
 1024.00 -75.43 -53.42
 1025.00 -59.73 -41.62
 1026.00 -56.48 -48.34
 1027.00 -61.55 -43.48
 1028.00 -61.19 -48.12
 1029.00 -78.88 -33.19
 1030.00 -72.30 -25.89
 1031.00 -85.34 -38.13
 1032.00 -58.25 -25.78
 1033.00 -63.42 -45.38
 1034.00 -61.15 -44.43
 1035.00 -81.21 -34.20
 1036.00 -57.16 -41.91
 1037.00 -83.04 -34.71
 1038.00 -72.29 -36.70
 1039.00 -65.46 -22.88
 1040.00 -79.66 -53.38
 1041.00  49.42 -24.99
 1042.00  65.44  48.74
 1043.00 -61.35  29.11
 1044.00  66.94 -16.49
 1066.00 -67.37 141.51
 1067.00 -59.72 -11.43
 1068.00 -75.62 -42.23
 1069.00 -48.47 -35.87
 1070.00 -61.76 -40.29
 1071.00 -77.00 -38.26
 1072.00 -55.25 -42.59
 1073.00 -69.97 -34.76
 1074.00 -86.96 -27.94
 1075.00 -64.65 -23.85
 1076.00 -52.96 -40.72
 1077.00 -54.52 -56.38
 1078.00 -82.61 -28.56
 1079.00 -66.90 -33.51
 1080.00 -68.82 -30.66
 1081.00  69.26  -0.20
 1082.00 -74.37  -1.33
 1083.00 -63.01  73.51
 1084.00 -63.73 -44.44
 1085.00 -67.03 -37.78
 1086.00 -60.47 -39.22
 1087.00 -55.72 -43.23
 1088.00 -76.22 -34.73
 1089.00 -65.52 -36.04
 1090.00 -72.81 -36.90
 1091.00 -77.09 -27.09
 1092.00 -58.20 -38.78
 1093.00 -62.52 -38.30
 1094.00 -58.65 -44.21
 1095.00 -67.53 -39.25
 1096.00 -128.62  -4.35
 1097.00 -57.34 -32.89
 1098.00 -58.49 -46.90
 1099.00 -60.23 -45.14
 1100.00 -63.58 -41.13
 1101.00 -57.86 -44.49
 1102.00 -63.43 -44.05
 1103.00 -66.07 -39.87
 1104.00 -61.88 -36.05
 1105.00 -64.50 -47.16
 313.00 -65.78 -36.55
 314.00 -79.72 -33.18
 315.00 -61.09 -28.17
 316.00 -73.57 -43.65
 317.00 -79.09 -21.56
 318.00 -65.55 -31.66
 319.00 -65.96 -40.20
 320.00 -55.35 -30.13
 321.00 -80.45 -38.76
 322.00 -78.31 -45.20
 323.00 -70.82 -21.75
 324.00 -73.21 -31.63
 325.00 -53.74 -30.76
 326.00 -61.21 -40.78
 327.00 -60.48 -50.80
 328.00 -67.54 -36.27
 329.00 -59.22 -44.43
 330.00 -77.61 -45.86
 331.00 -88.56  -2.25
 332.00 -71.61 -44.40
 333.00 -75.53 -39.92
 334.00 -92.23 -13.06
 335.00 -107.56 -18.21
 336.00 -47.94 -29.98
 337.00 -60.23 -41.32
 338.00 -69.36 -41.54
 339.00 -63.34 -54.31
 340.00 -76.27 -32.58
 341.00 -67.26 -42.12
 342.00 -61.14 -37.08
 343.00 -60.78 -49.94
 344.00 -65.28 -42.18
 345.00 -63.73 -42.51
 346.00 -85.99 -30.01
 347.00 -75.33 -26.90
 348.00 -84.41 -27.10
 349.00 -129.99 145.88
 350.00 -102.50 -48.23
 351.00 -77.78 -33.51
 352.00 -145.11  -0.31
 353.00 -115.58 147.43
 354.00 -63.20 128.73
 355.00 -81.87 -26.49
 356.00 -77.95 -26.75
 357.00 -51.58 -47.17
 358.00 -50.81 -53.89
 359.00 -55.68 -45.49
 360.00 -61.21 -44.38
 361.00 -70.31 -55.86
 362.00 -69.95 -33.45
 363.00 -78.81 -23.52
 364.00 -49.06 -66.00
 365.00 -61.77 -39.91
 366.00 -76.97 -37.66
 367.00 -78.72  -9.48
 368.00 -50.60 -45.90
 369.00 -75.33 -41.69
 370.00 -66.56  -8.72
 371.00 -60.74 -30.20
 372.00 -87.54 -13.57
 373.00 -149.45  15.60
 374.00 -74.71  -4.67
 375.00 -66.49 -28.65
 376.00 -40.05 -46.82
 377.00 -55.93 -48.91
 378.00 -69.07 -39.89
 379.00 -79.31 -38.71
 380.00 -63.67 -29.66
 381.00 -69.04 -44.31
 382.00 -91.37 -41.92
 383.00 -143.05 -10.93
 384.00 -75.22 136.89
 385.00 -74.64 -37.18
 386.00 -49.82 -54.63
 387.00 -64.47 -43.20
 388.00 -76.62 -37.34
 389.00 -57.26 -42.11
 390.00 -59.44 -47.00
 391.00 -67.35 -37.18
 392.00 -78.34 -25.39
 393.00 -66.69 -44.88
 394.00 -72.65 -25.62
 395.00 -83.54 -29.40
 396.00  55.03  12.75
 397.00 -87.57  24.77
 398.00 -98.54  87.45


