 residuo Phi Psi
  69.00 -45.43  89.08
  70.00 -75.05 -33.93
  71.00 -69.10 -28.04
  72.00 -52.62 -36.61
  73.00 -91.65 -37.26
  74.00 -71.02 -25.60
  75.00 -67.63 -39.57
  76.00 -53.27 -43.94
  77.00 -70.14 -33.31
  78.00 -70.75 -45.95
  79.00 -83.75 -12.92
  80.00 -89.52 -24.73
  81.00 -49.45 -33.59
  82.00 -73.88 -21.76
  83.00 -49.03 -35.39
  84.00 -69.76 -46.79
  85.00 -57.09 -49.60
  86.00 -53.81 -57.98
  87.00 -71.68 -27.37
  88.00 -60.82 -50.79
  89.00 -73.67 -45.70
  90.00 -86.79 -29.00
  91.00 -69.95 -38.83
  92.00 -48.31 -37.23
  93.00 -71.13 -47.16
  94.00 -51.47 -41.43
  95.00 -62.09 -50.89
  96.00 -50.53 -47.38
  97.00 -51.41 -54.87
  98.00 -68.92 -56.76
  99.00 -76.29 -23.07
 100.00 -91.89 -44.55
 101.00 -75.27 -43.41
 102.00 -67.93 131.23
 103.00 -69.42 -40.96
 104.00 -82.05 -26.33
 105.00 -76.76 -10.83
 106.00 -151.69  71.93
 107.00 -51.42 164.49
 108.00 -55.84 -46.96
 109.00 -67.70 -48.21
 110.00 -67.45 -27.76
 111.00 -57.59 -43.05
 112.00 -67.62 -53.55
 113.00 -83.05 -24.84
 114.00 -65.53 -29.28
 115.00 -58.54 -20.24
 116.00 -68.83 -55.34
 117.00 -82.57 -18.39
 118.00 -66.37 -32.19
 119.00 -65.28 -45.83
 120.00 -47.79 -47.59
 121.00 -46.98 -54.30
 122.00 -59.41 -47.01
 123.00 -64.45 -55.97
 124.00 -91.05 -18.52
 125.00 -126.28 -31.21
 126.00 -124.46 -16.46
 127.00 -54.06 -54.53
 128.00 -78.53 -48.96
 129.00 -90.11 -17.05
 130.00 -61.58 -30.58
 131.00 -68.94 -38.94
 132.00 -55.15 -43.96
 133.00 -60.34 -25.94
 134.00 -70.99 -42.97
 135.00 -85.51 -15.89
 136.00 -74.61 -36.52
 137.00  73.79  17.04
 138.00  61.64  35.62
 139.00 -129.90  47.53
 140.00 -69.31 158.44
 141.00 -77.85 115.76
 142.00 -143.54  10.60
 143.00 -60.58 175.03
 144.00 -50.36 132.58
 145.00 -64.66 -55.13
 146.00 -92.79   2.81
 147.00 -72.47 -21.19
 148.00 -58.05 -39.53
 149.00 -74.31 -42.18
 150.00 -62.04 -33.38
 151.00 -72.30 -35.26
 152.00 -70.31 -30.28
 153.00 -53.95 -43.48
 154.00 -72.26 -50.70
 155.00 -66.86 -36.94
 156.00 -61.98 -48.05
 157.00 -63.15 -50.50
 158.00 -56.96 -53.89
 159.00 -70.01 -36.43
 160.00 -57.14 -41.01
 161.00 -57.93 -50.28
 162.00 -76.76 -42.55
 163.00 -62.59 -41.03
 164.00 -66.82 -26.93
 165.00 -61.58 -39.83
 166.00 -61.56 -34.91
 167.00 -63.25 -42.95
 168.00 -63.84 -48.98
 169.00 -62.63 -24.52
 170.00 -52.45 -62.98
 171.00 -58.49 -53.27
 172.00 -73.76 -39.66
 173.00 -63.36 -37.28
 174.00 -55.97 -50.59
 175.00 -53.37 -52.54
 176.00 -62.31 -40.48
 177.00 -76.19 -27.72
 178.00 -74.78  -6.84
 179.00 -60.25 127.08
 180.00 -102.05 -16.13
 181.00 -69.31  21.80
 182.00 -75.48 -15.54
 183.00 -72.46   9.68
 184.00 -69.77 145.03
 185.00 -81.74 -16.06
 186.00 -158.61 135.81
 187.00 -70.81 136.80
 188.00 -55.17 127.38
 189.00 -62.10 -43.05
 190.00 -65.42 -46.89
 191.00 -59.75 -43.26
 192.00 -59.55 -48.58
 193.00 -71.99 -35.70
 194.00 -66.19 -34.83
 195.00 -67.32 -34.39
 196.00 -58.33 -43.00
 197.00 -48.86 -49.08
 198.00 -58.96 -50.22
 199.00 -67.75 -42.03
 200.00 -72.50 -28.52
 201.00 -66.01 -41.27
 202.00 -66.95 -47.87
 203.00 -73.58 -38.09
 204.00 -53.58 -41.86
 205.00 -61.40 -44.36
 206.00 -96.90 -44.33
 207.00 -63.84 -33.85
 208.00 -57.95 -16.02
 209.00 -78.95  -9.62
 210.00 -63.62 -52.86
 211.00 -61.57 -26.88
 212.00 -114.60 -28.47
 213.00 -72.71 -33.23
 214.00 -77.01 -15.23
 215.00 -125.48  -5.80
 216.00 -165.62   8.55
 217.00 -60.10 131.47
 218.00 -73.55 -27.53
 219.00 -93.64 -15.41
 220.00 -145.71 -13.39
 221.00 -133.92  -1.55
 222.00 -129.62 139.64
 223.00  63.73 129.28
 224.00  62.82  39.26
 225.00 -90.65  -1.46
 226.00 -76.43 138.15
 227.00 -169.45 121.85
 228.00 -52.91 121.51
 229.00 -130.88 129.72
 230.00 -91.96 -12.69
 231.00 -65.72 122.53
 232.00 -56.94 -19.32
 233.00 -131.14 -14.74
 234.00 -80.29 -27.74
 235.00 -99.71 -30.24
 236.00 -79.39 -60.30
 237.00 -80.07 -23.28
 238.00 -59.43 -36.81
 239.00 -64.00 -21.94
 240.00 -65.42 -58.25
 241.00 -84.36 -35.42
 242.00 -141.20 -15.99
 243.00 -76.81 -55.99
 244.00 -63.67 -34.32
 245.00 -66.75 -54.55
 246.00 -61.49 -39.42
 247.00 -64.12 -32.73
 248.00 -70.09 -48.56
 249.00 -54.21 -39.10
 250.00 -61.98 -45.96
 251.00 -40.25 -61.38
 252.00 -76.62 -58.65
 253.00 -48.88 -33.74
 254.00 -74.30 -50.65
 255.00 -54.69 -38.95
 256.00 -69.26 -36.87
 257.00 -71.00 -57.87
 258.00 -71.20 -22.12
 259.00 -64.50 -37.49
 260.00 -67.26 -29.78
 261.00 -65.08 -39.96
 262.00 -69.46 -32.07
 263.00 -63.87 -42.78
 264.00 -65.87 -34.24
 1001.00 -61.19 -44.86
 1002.00 -56.07 -35.23
 1003.00 -68.50 -45.25
 1004.00 -72.55 -32.13
 1005.00 -60.44 -36.55
 1006.00 -62.91 -42.93
 1007.00 -69.90 -39.12
 1008.00 -56.03 -34.74
 1009.00 -61.98 -45.38
 1010.00 -62.42 -49.08
 1011.00 -67.49 -34.15
 1012.00 -67.17 -41.11
 1013.00 -60.93 -40.73
 1014.00 -60.42 -47.08
 1015.00 -103.56 -27.04
 1016.00 -60.58 -22.58
 1017.00 -72.36 -34.47
 1018.00 -117.15 -12.45
 1019.00 -59.40  -5.34
 1020.00 -77.49 157.92
 1021.00 -141.84 -52.30
 1022.00 -68.50 174.75
 1023.00 -64.66 -36.26
 1024.00 -70.17 -30.30
 1025.00 -69.00 -42.87
 1026.00 -55.33 -48.17
 1027.00 -68.58 -44.32
 1028.00 -60.85 -42.18
 1029.00 -54.12 -50.28
 1030.00 -82.20 -28.37
 1031.00 -53.18 -45.81
 1032.00 -55.26 -45.31
 1033.00 -53.09 -47.91
 1034.00 -57.72 -48.26
 1035.00 -68.65 -43.94
 1036.00 -82.41 -31.00
 1037.00 -79.39  -7.70
 1038.00 -56.75 -58.83
 1039.00 -52.16 -37.11
 1040.00 -77.62 -54.87
 1041.00  50.52 -26.15
 1042.00 102.92  41.41
 1043.00 -70.03  17.91
 1044.00  81.79 -34.59
 1066.00 -47.16 143.19
 1067.00 -58.25 -24.87
 1068.00 -72.73 -40.58
 1069.00 -66.25 -24.13
 1070.00 -80.82 -28.85
 1071.00 -67.99 -28.03
 1072.00 -57.81 -50.13
 1073.00 -63.99 -37.83
 1074.00 -65.30 -39.35
 1075.00 -60.00 -46.15
 1076.00 -58.82 -35.24
 1077.00 -70.13 -49.09
 1078.00 -59.45 -41.35
 1079.00 -54.55 -45.22
 1080.00 -72.44 -46.66
 1081.00  76.20   2.51
 1082.00 -79.35   7.59
 1083.00 -73.81  72.42
 1084.00 -62.30 -35.87
 1085.00 -67.29 -36.23
 1086.00 -62.60 -43.36
 1087.00 -56.81 -46.21
 1088.00 -67.21 -40.86
 1089.00 -66.53 -40.23
 1090.00 -74.43 -18.61
 1091.00 -61.18 -54.36
 1092.00 -79.22 -25.90
 1093.00 -66.71 -30.21
 1094.00 -50.08 -22.93
 1095.00 -38.27 -65.53
 1096.00 -68.91 -52.31
 1097.00 -67.03 -40.70
 1098.00 -50.48 -53.56
 1099.00 -67.92 -45.34
 1100.00 -58.28 -53.55
 1101.00 -63.67 -31.95
 1102.00 -69.79 -27.93
 1103.00 -50.58 -38.18
 1104.00 -72.44 -57.50
 1105.00 -60.68 -31.90
 313.00 -60.39 -37.76
 314.00 -72.48 -47.67
 315.00 -67.90 -28.78
 316.00 -73.61 -45.28
 317.00 -69.44 -25.80
 318.00 -68.76 -40.73
 319.00 -66.57 -41.25
 320.00 -64.97 -35.56
 321.00 -71.18 -37.64
 322.00 -55.08 -51.58
 323.00 -70.85 -31.78
 324.00 -71.14 -30.41
 325.00 -48.71 -32.98
 326.00 -72.86 -40.17
 327.00 -65.04 -41.82
 328.00 -69.96 -31.25
 329.00 -56.15 -61.60
 330.00 -63.68 -52.71
 331.00 -62.23 -37.55
 332.00 -77.75 -41.94
 333.00 -54.03 -47.54
 334.00 -73.73 -38.84
 335.00 -102.22 -22.42
 336.00 -53.22 -15.70
 337.00 -65.16 -48.33
 338.00 -35.83 -48.83
 339.00 -55.09 -62.40
 340.00 -59.64 -43.56
 341.00 -83.81 -39.48
 342.00 -76.42 -36.60
 343.00 -74.81 -29.18
 344.00 -68.05 -37.92
 345.00 -73.18 -27.12
 346.00 -98.97 -10.75
 347.00 -88.23 -22.88
 348.00 -101.16 -42.07
 349.00 -133.02 136.13
 350.00 -80.25 -59.02
 351.00 -80.46 -36.82
 352.00 -163.63   6.50
 353.00 -112.62 165.69
 354.00 -64.54 111.94
 355.00 -68.08 -22.95
 356.00 -77.00 -35.28
 357.00 -74.98 -32.48
 358.00 -64.36 -34.51
 359.00 -62.90 -25.38
 360.00 -67.13 -42.13
 361.00 -60.35 -46.64
 362.00 -52.34 -47.98
 363.00 -72.18 -46.64
 364.00 -74.26 -45.03
 365.00 -69.40 -29.77
 366.00 -71.11 -34.85
 367.00 -78.90 -15.96
 368.00 -75.77 -34.46
 369.00 -70.76 -32.98
 370.00 -60.31 -27.21
 371.00 -51.66 -35.60
 372.00 -71.57 -28.91
 373.00 -82.84 -14.47
 374.00 -80.52 -20.09
 375.00 -61.69 -34.83
 376.00 -49.61 -39.20
 377.00 -72.00 -34.70
 378.00 -66.49 -31.45
 379.00 -69.48 -48.86
 380.00 -66.42 -20.82
 381.00 -64.09 -55.92
 382.00 -136.12 -31.72
 383.00 -122.50  -0.73
 384.00 -58.85 113.29
 385.00 -68.64 -37.10
 386.00 -62.00 -48.75
 387.00 -73.34 -43.88
 388.00 -70.21 -28.25
 389.00 -75.75 -29.49
 390.00 -53.13 -56.08
 391.00 -75.57 -39.40
 392.00 -78.32 -12.87
 393.00 -66.65 -46.78
 394.00 -68.68 -56.51
 395.00 -112.77  -1.86
 396.00  60.04  23.04
 397.00 -84.90  26.07
 398.00 -57.44  47.29


