 residuo Phi Psi
  69.00 -70.63 134.15
  70.00 -59.63  52.26
  71.00 -72.79 -32.72
  72.00 -67.16 -27.21
  73.00 -75.64 -35.87
  74.00 -62.96 -39.26
  75.00 -62.96 -42.33
  76.00 -78.16 -35.10
  77.00 -65.29 -41.22
  78.00 -64.31 -43.94
  79.00 -62.18 -43.91
  80.00 -55.92 -46.57
  81.00 -67.56 -32.36
  82.00 -59.75 -35.47
  83.00 -55.30 -55.80
  84.00 -71.49 -37.21
  85.00 -57.75 -42.29
  86.00 -60.67 -47.47
  87.00 -66.09 -34.51
  88.00 -71.35 -44.81
  89.00 -65.17 -47.29
  90.00 -63.87 -51.77
  91.00 -82.01 -26.69
  92.00 -64.19 -29.30
  93.00 -58.62 -30.25
  94.00 -67.40 -45.51
  95.00 -70.90 -34.68
  96.00 -59.90 -46.25
  97.00 -52.91 -58.21
  98.00 -69.73 -49.30
  99.00 -74.66 -39.42
 100.00 -115.53 -16.58
 101.00 -85.58 -38.43
 102.00 -41.91  99.09
 103.00 -58.58 -43.99
 104.00 -70.14 -42.31
 105.00 -79.02  -1.93
 106.00 -148.02  85.86
 107.00 -59.39 159.21
 108.00 -66.54 -31.87
 109.00 -70.15 -43.41
 110.00 -47.43 -38.72
 111.00 -79.69 -33.30
 112.00 -59.42 -36.01
 113.00 -68.05 -37.07
 114.00 -76.16 -25.59
 115.00 -56.15 -28.37
 116.00 -68.52 -50.92
 117.00 -58.30 -43.03
 118.00 -69.88 -42.15
 119.00 -74.58 -32.62
 120.00 -84.74 -14.79
 121.00 -54.03 -48.55
 122.00 -53.64 -39.18
 123.00 -81.11 -46.01
 124.00 -68.00 -28.33
 125.00 -94.46 -60.38
 126.00 -114.10 -30.71
 127.00 -44.71 -64.11
 128.00 -61.15 -52.33
 129.00 -67.27 -36.96
 130.00 -56.47 -40.64
 131.00 -58.60 -49.86
 132.00 -71.09 -43.69
 133.00 -70.80 -35.47
 134.00 -75.18 -32.45
 135.00 -64.79 -42.03
 136.00 -84.90 -34.50
 137.00  89.65   6.36
 138.00  68.81  22.48
 139.00 -70.20  -2.21
 140.00 -73.06 160.71
 141.00 -96.90 130.08
 142.00 -144.58  20.82
 143.00 -62.40 165.69
 144.00 -53.30 149.47
 145.00 -86.90 -45.07
 146.00 -82.84  10.65
 147.00 -69.76 -22.73
 148.00 -52.58 -50.49
 149.00 -97.20 -29.06
 150.00 -87.87 -12.64
 151.00 -65.54 -46.64
 152.00 -37.48 -33.27
 153.00 -70.14 -49.68
 154.00 -64.82 -33.66
 155.00 -74.09 -26.03
 156.00 -57.62 -59.94
 157.00 -65.24 -47.53
 158.00 -66.24 -40.36
 159.00 -54.52 -43.85
 160.00 -62.46 -45.03
 161.00 -58.12 -43.38
 162.00 -66.95 -51.54
 163.00 -68.52 -39.86
 164.00 -70.96 -26.34
 165.00 -66.34 -44.02
 166.00 -68.51 -31.33
 167.00 -80.44 -37.50
 168.00 -65.09 -28.07
 169.00 -76.61 -34.85
 170.00 -61.59 -40.33
 171.00 -69.33 -32.85
 172.00 -80.42 -33.81
 173.00 -66.38 -36.71
 174.00 -98.80 -15.02
 175.00 -61.73 -26.29
 176.00 -61.16 -53.52
 177.00 -79.74  -7.64
 178.00 -81.68 -16.88
 179.00 -50.73 134.55
 180.00 -135.51 -13.38
 181.00 -63.62  20.82
 182.00 -83.17  -5.96
 183.00 -48.57  12.45
 184.00 -64.49 134.19
 185.00 -55.92 -32.84
 186.00 -141.03 108.88
 187.00 -60.47 114.76
 188.00 -76.06 145.14
 189.00 -47.20 -50.75
 190.00 -61.44 -46.72
 191.00 -57.99 -43.99
 192.00 -62.08 -36.51
 193.00 -68.14 -41.30
 194.00 -60.63 -35.15
 195.00 -62.97 -43.15
 196.00 -50.13 -44.88
 197.00 -60.78 -48.83
 198.00 -64.18 -38.88
 199.00 -66.29 -44.65
 200.00 -65.66 -38.38
 201.00 -62.10 -40.92
 202.00 -64.81 -43.25
 203.00 -60.63 -41.75
 204.00 -64.07 -51.77
 205.00 -56.07 -36.79
 206.00 -101.07 -42.88
 207.00 -55.05 -18.40
 208.00 -65.83 -28.68
 209.00 -54.42 -21.04
 210.00 -67.26 -54.40
 211.00 -44.26 -50.09
 212.00 -84.25 -49.80
 213.00 -103.24 -12.44
 214.00 -64.24 -20.60
 215.00 -79.77 -38.72
 216.00 -144.89 -33.76
 217.00 -50.26  97.72
 218.00 -66.96 -26.66
 219.00 -78.56 -22.01
 220.00 -134.98 -14.42
 221.00 -134.07   5.65
 222.00 -147.35 148.39
 223.00  54.06 124.29
 224.00  81.81  30.48
 225.00 -95.75   2.75
 226.00 -78.34 134.15
 227.00 -158.86 124.11
 228.00 -72.40 158.46
 229.00 -66.11  62.66
 230.00 -51.86 -46.01
 231.00 -64.25 132.66
 232.00 -65.58 -26.64
 233.00 -81.92 -17.40
 234.00 -109.92 -38.81
 235.00 -93.27 -30.85
 236.00 -111.80 -29.71
 237.00 -60.52 -48.02
 238.00 -66.05 -20.03
 239.00 -69.85 -25.51
 240.00 -73.91 -46.21
 241.00 -78.80 -33.75
 242.00 -148.29 -15.92
 243.00 -74.88 -64.36
 244.00 -58.97 -35.75
 245.00 -67.58 -56.25
 246.00 -64.41 -33.98
 247.00 -64.90 -37.70
 248.00 -65.10 -41.16
 249.00 -71.32 -49.99
 250.00 -69.64 -38.03
 251.00 -66.63 -32.34
 252.00 -51.59 -51.27
 253.00 -48.44 -52.69
 254.00 -66.46 -52.79
 255.00 -71.90 -34.94
 256.00 -70.26 -25.94
 257.00 -63.15 -41.44
 258.00 -43.60 -55.52
 259.00 -60.23 -50.15
 260.00 -80.68 -37.63
 261.00 -78.43 -14.99
 262.00 -53.11 -52.04
 263.00 -73.14 -36.94
 264.00 -69.65 -34.50
 1001.00 -66.63 -29.46
 1002.00 -58.41 -31.59
 1003.00 -75.47 -34.17
 1004.00 -52.99 -46.93
 1005.00 -72.42 -31.85
 1006.00 -67.82 -47.08
 1007.00 -79.53 -20.45
 1008.00 -79.41 -34.12
 1009.00 -69.78 -30.77
 1010.00 -74.60 -39.05
 1011.00 -68.12 -28.45
 1012.00 -72.62 -28.61
 1013.00 -70.89 -41.01
 1014.00 -60.80 -27.14
 1015.00 -69.91 -33.92
 1016.00 -60.91 -48.04
 1017.00 -49.46 -40.39
 1018.00 -78.56 -51.35
 1019.00 -69.66   2.43
 1020.00 -107.47 137.99
 1021.00 -149.91  -4.10
 1022.00 -54.92 141.98
 1023.00 -49.75 -32.13
 1024.00 -77.02 -36.42
 1025.00 -68.22 -31.77
 1026.00 -53.97 -40.00
 1027.00 -58.96 -56.76
 1028.00 -58.37 -50.83
 1029.00 -64.01 -40.21
 1030.00 -56.18 -48.12
 1031.00 -67.70 -36.90
 1032.00 -57.90 -46.33
 1033.00 -72.53 -33.60
 1034.00 -60.55 -50.20
 1035.00 -68.06 -36.56
 1036.00 -63.59 -40.54
 1037.00 -65.24 -33.41
 1038.00 -69.58 -33.41
 1039.00 -64.84 -35.39
 1040.00 -84.50 -53.30
 1041.00  44.10  -3.75
 1042.00  82.37  55.18
 1043.00 -62.79  13.83
 1044.00  62.41 -31.69
 1066.00 -73.10 173.90
 1067.00 -63.11   4.48
 1068.00 -69.36 -40.45
 1069.00 -59.11 -35.63
 1070.00 -59.61 -33.26
 1071.00 -71.67 -29.13
 1072.00 -63.86 -44.03
 1073.00 -63.52 -28.62
 1074.00 -53.49 -50.12
 1075.00 -69.60 -38.71
 1076.00 -56.63 -27.29
 1077.00 -62.56 -45.85
 1078.00 -75.02 -42.35
 1079.00 -69.89 -30.81
 1080.00 -82.58 -33.23
 1081.00  93.13  -8.22
 1082.00 -94.18   3.72
 1083.00 -55.13  66.12
 1084.00 -67.30 -32.91
 1085.00 -74.42 -37.04
 1086.00 -77.86 -30.87
 1087.00 -68.68 -35.55
 1088.00 -62.47 -37.20
 1089.00 -69.50 -38.70
 1090.00 -59.06 -33.03
 1091.00 -56.97 -46.74
 1092.00 -81.54 -29.76
 1093.00 -59.63 -33.66
 1094.00 -66.44 -46.07
 1095.00 -71.81 -44.70
 1096.00 -80.71 -15.74
 1097.00 -67.35 -35.12
 1098.00 -52.97 -31.86
 1099.00 -46.15 -60.11
 1100.00 -51.41 -56.62
 1101.00 -70.12 -49.80
 1102.00 -57.42 -29.45
 1103.00 -47.97 -54.42
 1104.00 -71.28 -50.30
 1105.00 -48.30 -43.44
 313.00 -63.44 -41.55
 314.00 -51.72 -50.65
 315.00 -58.65 -53.82
 316.00 -72.76 -20.19
 317.00 -63.84 -34.94
 318.00 -65.57 -46.69
 319.00 -69.64 -30.87
 320.00 -59.97 -41.58
 321.00 -59.62 -35.96
 322.00 -56.51 -58.16
 323.00 -56.61 -42.23
 324.00 -60.07 -50.75
 325.00 -69.58 -30.02
 326.00 -74.03 -14.65
 327.00 -65.07 -50.80
 328.00 -68.52 -22.71
 329.00 -52.40 -56.20
 330.00 -69.44 -54.92
 331.00 -82.17  -5.21
 332.00 -61.03 -47.69
 333.00 -52.16 -56.09
 334.00 -68.47 -28.94
 335.00 -106.26 -36.65
 336.00 -56.29 -28.77
 337.00 -58.83 -51.63
 338.00 -61.86 -32.81
 339.00 -63.07 -55.16
 340.00 -71.23 -33.65
 341.00 -64.54 -38.88
 342.00 -48.59 -39.65
 343.00 -57.93 -59.53
 344.00 -71.00 -39.28
 345.00 -62.35 -37.16
 346.00 -74.36 -35.61
 347.00 -69.96 -41.84
 348.00 -66.55 -55.21
 349.00 -133.15 136.69
 350.00 -65.00 -68.08
 351.00 -69.01 -44.67
 352.00 -148.55  -1.91
 353.00 -149.02 -177.82
 354.00 -58.63 114.78
 355.00 -78.74 -19.85
 356.00 -69.78 -36.92
 357.00 -60.01 -45.09
 358.00 -61.34 -32.38
 359.00 -71.37 -34.83
 360.00 -70.22 -47.40
 361.00 -74.55 -31.48
 362.00 -74.72 -26.15
 363.00 -63.70 -33.03
 364.00 -46.36 -66.06
 365.00 -69.34 -39.66
 366.00 -69.81 -39.06
 367.00 -68.70 -34.22
 368.00 -52.04 -37.77
 369.00 -69.23 -45.08
 370.00 -71.01  -1.36
 371.00 -59.71 -22.98
 372.00 -107.30  -6.03
 373.00 -136.80  -6.14
 374.00 -110.90  19.77
 375.00 -60.54 -43.79
 376.00 -65.46 -48.33
 377.00 -75.09 -19.59
 378.00 -49.58 -51.48
 379.00 -66.57 -38.29
 380.00 -36.46 -54.41
 381.00 -57.66 -54.88
 382.00 -108.58 -57.35
 383.00 -138.01   1.24
 384.00 -51.24 106.27
 385.00 -61.23 -36.17
 386.00 -72.89 -53.21
 387.00 -59.75 -39.99
 388.00 -69.89 -45.83
 389.00 -64.68 -29.93
 390.00 -53.37 -64.92
 391.00 -64.63 -37.57
 392.00 -60.71 -43.33
 393.00 -62.87 -43.85
 394.00 -82.70 -53.64
 395.00 -97.18   0.89
 396.00  60.32   0.88
 397.00 -71.33  30.78
 398.00  50.33 -48.85


