 residuo Phi Psi
  69.00 -68.79 158.02
  70.00 -64.93 -38.40
  71.00 -74.14 -34.06
  72.00 -67.04 -34.33
  73.00 -62.54 -39.96
  74.00 -58.49 -49.88
  75.00 -64.72 -43.17
  76.00 -72.97 -46.50
  77.00 -84.87 -20.98
  78.00 -68.49 -27.51
  79.00 -71.94 -40.22
  80.00 -65.50 -32.86
  81.00 -55.82 -33.97
  82.00 -69.07 -39.19
  83.00 -56.90 -38.67
  84.00 -66.26 -45.70
  85.00 -76.14 -38.22
  86.00 -52.62 -35.90
  87.00 -58.92 -46.76
  88.00 -69.20 -48.06
  89.00 -65.05 -40.00
  90.00 -69.45 -30.58
  91.00 -61.07 -49.03
  92.00 -63.14 -45.14
  93.00 -73.77 -29.08
  94.00 -56.10 -37.85
  95.00 -60.04 -56.88
  96.00 -63.99 -30.27
  97.00 -67.97 -62.89
  98.00 -64.67 -35.92
  99.00 -96.01 -23.46
 100.00 -122.36  -7.39
 101.00 -74.40 -51.47
 102.00 -69.86 149.39
 103.00 -62.61 -54.76
 104.00 -75.65 -31.93
 105.00 -81.46   2.48
 106.00 -57.11  -7.09
 107.00 -58.78 119.53
 108.00 -41.53 -30.54
 109.00 -59.77 -42.00
 110.00 -60.73 -29.31
 111.00 -70.25 -27.88
 112.00 -65.46 -38.85
 113.00 -71.16 -28.71
 114.00 -57.41 -47.11
 115.00 -57.90 -45.04
 116.00 -92.99 -24.46
 117.00 -71.48 -25.12
 118.00 -60.85 -30.37
 119.00 -71.34 -54.01
 120.00 -58.45 -31.56
 121.00 -68.21 -57.54
 122.00 -62.49 -25.50
 123.00 -63.45 -44.96
 124.00 -78.79 -32.12
 125.00 -150.07 -21.57
 126.00 -99.21 -22.74
 127.00 -42.12 -61.89
 128.00 -75.08 -44.09
 129.00 -76.28 -30.37
 130.00 -70.97 -33.47
 131.00 -75.29 -29.55
 132.00 -60.23 -37.97
 133.00 -74.98 -36.49
 134.00 -70.15 -36.45
 135.00 -70.70 -30.10
 136.00 -87.02 -30.59
 137.00  91.73 -18.61
 138.00  72.35  46.85
 139.00 -54.97 -24.10
 140.00 -76.66 151.08
 141.00 -81.77 127.56
 142.00 -137.91  15.67
 143.00 -45.75 165.12
 144.00 -62.85 151.33
 145.00 -65.18 -55.08
 146.00 -88.93   9.70
 147.00 -52.32 -26.35
 148.00 -57.46 -57.22
 149.00 -69.97 -47.14
 150.00 -67.81 -33.02
 151.00 -71.76 -51.87
 152.00 -49.08 -19.52
 153.00 -75.28 -37.59
 154.00 -65.59 -43.72
 155.00 -69.30 -33.76
 156.00 -52.44 -55.10
 157.00 -70.88 -52.87
 158.00 -79.58 -25.74
 159.00 -78.27 -29.70
 160.00 -69.80 -43.21
 161.00 -61.91 -30.50
 162.00 -61.82 -54.86
 163.00 -78.93 -37.91
 164.00 -65.12 -27.77
 165.00 -64.45 -43.89
 166.00 -52.00 -46.22
 167.00 -62.26 -48.53
 168.00 -70.89 -35.94
 169.00 -55.24 -50.83
 170.00 -48.72 -46.66
 171.00 -57.49 -51.26
 172.00 -65.93 -46.92
 173.00 -67.25 -39.02
 174.00 -87.44 -36.94
 175.00 -54.84 -31.96
 176.00 -53.15 -56.55
 177.00 -66.60 -18.19
 178.00 -78.36 -17.08
 179.00 -55.07 126.51
 180.00 -125.87 -25.29
 181.00 -63.97  36.92
 182.00 -82.74 -21.25
 183.00 -56.08  -0.68
 184.00 -69.78 139.35
 185.00 -67.68 -31.86
 186.00 -151.47 147.46
 187.00 -69.24 139.98
 188.00 -70.08 119.80
 189.00 -52.18 -39.36
 190.00 -46.36 -55.42
 191.00 -67.78 -47.05
 192.00 -61.41 -57.07
 193.00 -65.21 -43.97
 194.00 -61.76 -45.66
 195.00 -63.23 -33.48
 196.00 -63.05 -51.40
 197.00 -66.95 -35.21
 198.00 -62.29 -44.91
 199.00 -60.80 -42.54
 200.00 -65.90 -33.88
 201.00 -61.74 -48.31
 202.00 -79.28 -31.48
 203.00 -68.91 -24.34
 204.00 -68.72 -45.88
 205.00 -79.22 -20.53
 206.00 -72.59 -41.48
 207.00 -52.84 -14.27
 208.00 -63.45 -36.53
 209.00 -54.41 -28.45
 210.00 -77.91 -53.09
 211.00 -57.53 -33.89
 212.00 -97.17 -50.63
 213.00 -92.04 -33.35
 214.00 -87.23  -1.99
 215.00 -69.24 -27.99
 216.00 -115.46 -56.10
 217.00 -58.60  97.56
 218.00 -64.06 -31.13
 219.00 -75.19  -8.75
 220.00 -139.49 -12.49
 221.00 -104.13 -18.28
 222.00 -138.58 146.17
 223.00  48.13 117.86
 224.00  76.92  52.41
 225.00 -97.80  -2.71
 226.00 -62.58 116.91
 227.00 -167.44 110.22
 228.00 -50.84 121.16
 229.00 -129.03 130.11
 230.00 -64.77 -40.11
 231.00 -64.99 140.61
 232.00 -68.15 -26.88
 233.00 -96.74 -26.18
 234.00 -84.91 -34.02
 235.00 -75.73 -55.86
 236.00 -68.04 -79.06
 237.00 -57.10 -32.26
 238.00 -62.48 -51.21
 239.00 -57.06 -38.21
 240.00 -73.78 -57.17
 241.00 -83.06 -24.55
 242.00 -155.89  -5.68
 243.00 -67.37 -73.22
 244.00 -73.75 -27.90
 245.00 -60.24 -64.07
 246.00 -51.03 -29.93
 247.00 -64.62 -51.63
 248.00 -53.53 -46.57
 249.00 -57.61 -48.59
 250.00 -73.05 -44.61
 251.00 -65.90 -36.17
 252.00 -68.43 -41.27
 253.00 -72.22 -40.09
 254.00 -55.52 -47.88
 255.00 -57.47 -51.25
 256.00 -83.32 -15.37
 257.00 -74.56 -43.90
 258.00 -58.00 -34.81
 259.00 -55.94 -44.99
 260.00 -71.26 -48.47
 261.00 -64.17 -31.03
 262.00 -69.13 -51.14
 263.00 -56.71 -25.41
 264.00 -81.65 -37.19
 1001.00 -72.13 -33.38
 1002.00 -54.89 -29.62
 1003.00 -74.77 -55.74
 1004.00 -63.83 -15.64
 1005.00 -58.37 -41.13
 1006.00 -61.34 -38.49
 1007.00 -45.93 -50.98
 1008.00 -54.02 -54.91
 1009.00 -63.97 -41.49
 1010.00 -62.81 -47.80
 1011.00 -65.27 -32.11
 1012.00 -73.41 -37.73
 1013.00 -66.40 -46.07
 1014.00 -59.88 -31.51
 1015.00 -52.33 -53.00
 1016.00 -72.99 -37.99
 1017.00 -82.13 -37.20
 1018.00 -71.01 -20.89
 1019.00 -73.41 -34.61
 1020.00 -133.99 160.23
 1021.00 -144.01  25.40
 1022.00 -36.61 138.63
 1023.00 -52.02 -43.87
 1024.00 -67.18 -47.10
 1025.00 -74.35 -35.13
 1026.00 -64.84 -34.12
 1027.00 -59.81 -41.02
 1028.00 -63.04 -55.60
 1029.00 -71.79 -33.89
 1030.00 -71.12 -35.46
 1031.00 -56.48 -48.67
 1032.00 -55.21 -36.49
 1033.00 -68.16 -54.18
 1034.00 -64.95 -39.18
 1035.00 -64.09 -48.66
 1036.00 -61.54 -35.66
 1037.00 -68.35 -39.55
 1038.00 -70.10 -44.00
 1039.00 -75.76 -27.27
 1040.00 -83.00 -36.12
 1041.00  50.18 -24.92
 1042.00  86.91  53.09
 1043.00 -55.67  16.95
 1044.00  79.59 -41.33
 1066.00 -52.99 137.69
 1067.00 -43.80 -21.11
 1068.00 -81.89 -42.32
 1069.00 -51.88 -27.31
 1070.00 -81.83 -29.86
 1071.00 -66.50 -31.95
 1072.00 -65.95 -35.17
 1073.00 -71.03 -36.14
 1074.00 -68.17 -27.56
 1075.00 -62.44 -42.15
 1076.00 -48.74 -48.06
 1077.00 -90.72 -28.95
 1078.00 -62.15 -38.57
 1079.00 -62.89 -45.27
 1080.00 -69.11 -44.36
 1081.00  92.41  14.05
 1082.00 -82.04 -15.16
 1083.00 -54.26  57.88
 1084.00 -67.77 -32.78
 1085.00 -85.12 -33.86
 1086.00 -60.42 -33.00
 1087.00 -55.58 -51.06
 1088.00 -63.05 -44.50
 1089.00 -64.17 -41.03
 1090.00 -66.14 -34.55
 1091.00 -75.11 -43.02
 1092.00 -84.75 -22.44
 1093.00 -65.24 -31.36
 1094.00 -46.59 -42.41
 1095.00 -73.72 -51.67
 1096.00 -55.90 -39.59
 1097.00 -55.23 -51.34
 1098.00 -71.00 -32.60
 1099.00 -83.11 -13.00
 1100.00 -65.30 -49.75
 1101.00 -69.88 -30.93
 1102.00 -68.18 -36.58
 1103.00 -59.77 -41.15
 1104.00 -57.80 -45.87
 1105.00 -61.11 -41.52
 313.00 -67.51 -39.16
 314.00 -72.37 -37.75
 315.00 -52.37 -45.47
 316.00 -64.43 -48.05
 317.00 -64.05 -33.22
 318.00 -60.15 -44.94
 319.00 -48.01 -53.32
 320.00 -58.41 -49.11
 321.00 -67.98 -40.64
 322.00 -55.37 -48.93
 323.00 -75.44 -33.46
 324.00 -57.10 -44.46
 325.00 -55.21 -34.04
 326.00 -64.68 -31.33
 327.00 -49.63 -51.38
 328.00 -64.89 -43.79
 329.00 -78.42 -32.27
 330.00 -57.89 -53.56
 331.00 -57.90 -43.56
 332.00 -70.12 -47.35
 333.00 -75.52 -40.85
 334.00 -79.57 -23.06
 335.00 -96.64 -26.92
 336.00 -46.22 -38.90
 337.00 -62.82 -51.21
 338.00 -59.11 -40.65
 339.00 -63.84 -44.97
 340.00 -72.13 -36.99
 341.00 -68.20 -32.88
 342.00 -65.60 -28.92
 343.00 -66.87 -40.45
 344.00 -59.90 -36.17
 345.00 -73.98 -31.10
 346.00 -80.42  -7.02
 347.00 -72.30 -33.31
 348.00 -122.50 -48.34
 349.00 -154.14 148.36
 350.00 -118.31 -34.83
 351.00 -89.10 -13.82
 352.00 -141.69  -4.72
 353.00 -90.38 145.69
 354.00 -58.65 112.11
 355.00 -76.93 -22.67
 356.00 -73.88 -30.01
 357.00 -55.78 -45.10
 358.00 -56.02 -45.59
 359.00 -52.26 -53.90
 360.00 -62.86 -43.83
 361.00 -58.99 -38.94
 362.00 -73.21 -41.30
 363.00 -87.94  -5.85
 364.00 -56.15 -64.98
 365.00 -72.92 -29.78
 366.00 -76.23 -37.65
 367.00 -70.12 -20.71
 368.00 -56.59 -36.18
 369.00 -82.44 -41.57
 370.00 -78.79  -6.69
 371.00 -69.23 -25.68
 372.00 -64.74 -19.71
 373.00 -95.19 -38.27
 374.00 -77.94 -12.44
 375.00 -65.09 -21.61
 376.00 -52.88 -45.26
 377.00 -74.68 -40.05
 378.00 -59.86 -40.66
 379.00 -64.86 -48.31
 380.00 -76.33 -16.62
 381.00 -93.42 -39.00
 382.00 -101.79 -49.42
 383.00 -136.41  10.75
 384.00 -71.30 116.67
 385.00 -75.43 -23.29
 386.00 -72.48 -40.68
 387.00 -55.58 -30.01
 388.00 -53.21 -48.93
 389.00 -65.86 -55.03
 390.00 -67.96 -50.36
 391.00 -59.58 -36.33
 392.00 -78.12 -25.43
 393.00 -71.41 -46.35
 394.00 -64.04 -40.53
 395.00 -85.04 -25.26
 396.00  67.30   3.88
 397.00 -85.71  12.91
 398.00 -60.90  55.86


