 residuo Phi Psi
  69.00 -93.99 128.62
  70.00 -149.92 170.40
  71.00 -60.00 -10.84
  72.00 -82.56 -34.20
  73.00 -69.25 -28.19
  74.00 -59.77 -44.73
  75.00 -66.61 -38.74
  76.00 -56.76 -50.99
  77.00 -78.62 -36.77
  78.00 -54.11 -38.77
  79.00 -83.73 -33.25
  80.00 -106.96   4.17
  81.00 -31.81 -50.09
  82.00 -42.13 -40.14
  83.00 -61.06 -45.52
  84.00 -69.11 -42.77
  85.00 -52.75 -63.80
  86.00 -71.51 -49.00
  87.00 -69.94 -18.69
  88.00 -70.06 -45.24
  89.00 -47.32 -55.83
  90.00 -56.98 -59.65
  91.00 -84.23 -49.84
  92.00 -48.55 -21.94
  93.00 -73.61 -46.52
  94.00 -66.25 -29.28
  95.00 -68.21 -42.43
  96.00 -60.67 -38.01
  97.00 -53.29 -49.96
  98.00 -80.49 -50.63
  99.00 -97.21  -5.43
 100.00 -123.00 -22.74
 101.00 -72.01 -30.73
 102.00 -55.17 119.17
 103.00 -80.02 -39.83
 104.00 -88.35 -19.85
 105.00 -76.84   4.13
 106.00 -149.65  75.18
 107.00 -72.03 161.09
 108.00 -69.82 -26.76
 109.00 -64.63 -32.65
 110.00 -70.05 -29.60
 111.00 -83.33 -25.15
 112.00 -59.63 -45.51
 113.00 -64.19 -44.67
 114.00 -79.48 -23.80
 115.00 -66.60 -27.19
 116.00 -62.64 -42.55
 117.00 -74.24 -31.14
 118.00 -68.37 -35.21
 119.00 -74.93 -34.48
 120.00 -56.98 -43.09
 121.00 -69.85 -52.99
 122.00 -62.19 -31.53
 123.00 -69.15 -43.13
 124.00 -63.33 -37.72
 125.00 -116.84 -44.89
 126.00 -111.41 -22.27
 127.00 -42.63 -60.61
 128.00 -81.36 -39.48
 129.00 -81.56 -24.41
 130.00 -69.88 -30.51
 131.00 -71.25 -28.40
 132.00 -59.86 -47.92
 133.00 -53.02 -31.64
 134.00 -79.04 -26.18
 135.00 -72.47 -37.33
 136.00 -86.26 -26.65
 137.00  68.93  18.10
 138.00  65.74  39.52
 139.00 -151.75  53.92
 140.00 -60.64 155.44
 141.00 -73.22 115.91
 142.00 -101.21 -18.51
 143.00 -39.66 168.80
 144.00 -66.34 145.64
 145.00 -58.01 -44.75
 146.00 -92.38  -5.85
 147.00 -46.42 -29.54
 148.00 -49.25 -62.47
 149.00 -79.04 -45.44
 150.00 -87.42 -18.11
 151.00 -58.26 -44.83
 152.00 -50.53 -32.89
 153.00 -67.53 -37.99
 154.00 -38.17 -56.58
 155.00 -67.89 -53.33
 156.00 -65.74 -37.22
 157.00 -59.94 -52.45
 158.00 -74.09 -45.68
 159.00 -59.64 -41.92
 160.00 -70.30 -40.93
 161.00 -37.12 -46.94
 162.00 -67.00 -65.02
 163.00 -79.21 -33.33
 164.00 -62.19 -15.40
 165.00 -52.25 -52.15
 166.00 -76.44 -35.97
 167.00 -69.88 -39.75
 168.00 -77.56 -36.65
 169.00 -63.50 -21.21
 170.00 -63.31 -51.31
 171.00 -61.35 -39.72
 172.00 -57.21 -66.03
 173.00 -70.57 -27.60
 174.00 -78.76 -41.46
 175.00 -57.48 -33.61
 176.00 -44.00 -59.01
 177.00 -94.10 -11.19
 178.00 -92.60  -2.09
 179.00 -73.20 146.91
 180.00 -127.11 -18.15
 181.00 -67.38  32.75
 182.00 -90.09 -15.32
 183.00 -49.92  -4.70
 184.00 -83.09 142.25
 185.00 -71.97 -14.93
 186.00 -164.01 144.64
 187.00 -145.35 -178.73
 188.00 -71.13 134.08
 189.00 -56.70 -31.51
 190.00 -53.69 -46.68
 191.00 -69.34 -62.73
 192.00 -67.84 -24.64
 193.00 -55.64 -40.72
 194.00 -69.18 -42.33
 195.00 -58.87 -38.36
 196.00 -76.32 -44.96
 197.00 -61.20 -22.60
 198.00 -63.82 -43.37
 199.00 -62.29 -48.41
 200.00 -75.67 -31.20
 201.00 -53.88 -53.66
 202.00 -66.28 -37.99
 203.00 -71.90 -31.85
 204.00 -55.20 -39.85
 205.00 -81.96 -33.30
 206.00 -96.11 -28.22
 207.00 -56.83 -32.23
 208.00 -54.16 -25.86
 209.00 -70.06 -30.73
 210.00 -73.65 -55.67
 211.00 -104.31  16.01
 212.00 -82.05 -66.00
 213.00 -93.27 -27.82
 214.00 -52.53 -24.82
 215.00 -72.60 -42.55
 216.00 -144.16 -25.54
 217.00 -57.17  97.56
 218.00 -53.98 -32.54
 219.00 -89.05 -13.52
 220.00 -137.31 -16.01
 221.00 -116.44   6.42
 222.00 -133.67 141.30
 223.00  65.69 107.67
 224.00  83.88  37.49
 225.00 -88.41 -18.07
 226.00 -64.83 120.19
 227.00 -164.56 114.50
 228.00 -70.28 131.98
 229.00 -112.34 123.33
 230.00 -82.60 -31.99
 231.00 -73.72 136.91
 232.00 -59.94 -14.73
 233.00 -85.92 -36.12
 234.00 -50.41 -60.02
 235.00 -127.53 -29.84
 236.00 -77.48 -48.18
 237.00 -60.29 -43.26
 238.00 -52.90 -48.09
 239.00 -68.23 -40.24
 240.00 -94.14 -34.28
 241.00 -73.16 -24.53
 242.00 -137.20 -22.52
 243.00 -75.54 -66.10
 244.00 -53.62 -38.46
 245.00 -57.89 -62.29
 246.00 -49.24 -47.60
 247.00 -67.85 -52.34
 248.00 -61.66 -35.46
 249.00 -46.90 -58.82
 250.00 -70.85 -50.26
 251.00 -73.70 -39.05
 252.00 -59.15 -36.48
 253.00 -53.80 -39.40
 254.00 -60.15 -49.41
 255.00 -59.26 -52.56
 256.00 -72.01 -24.45
 257.00 -62.56 -59.46
 258.00 -71.22 -21.83
 259.00 -61.78 -43.89
 260.00 -58.84 -46.84
 261.00 -60.11 -39.70
 262.00 -79.89 -36.68
 263.00 -54.94 -34.54
 264.00 -67.58 -47.81
 1001.00 -70.43 -33.44
 1002.00 -63.76 -29.00
 1003.00 -71.18 -44.58
 1004.00 -69.55 -20.83
 1005.00 -79.11 -42.67
 1006.00 -65.33 -21.40
 1007.00 -58.54 -43.34
 1008.00 -63.69 -36.19
 1009.00 -67.55 -45.61
 1010.00 -58.06 -43.97
 1011.00 -67.47 -41.89
 1012.00 -62.80 -48.02
 1013.00 -63.72 -40.48
 1014.00 -65.04 -31.02
 1015.00 -68.29 -30.63
 1016.00 -75.77 -29.04
 1017.00 -69.34 -37.86
 1018.00 -87.94 -40.86
 1019.00 -70.56  -3.73
 1020.00 -102.10 150.45
 1021.00 -147.65  -7.57
 1022.00 -83.98 159.82
 1023.00 -62.86 -34.39
 1024.00 -68.27 -37.69
 1025.00 -59.43 -46.98
 1026.00 -72.46 -35.40
 1027.00 -77.54 -37.28
 1028.00 -57.39 -39.57
 1029.00 -61.49 -51.77
 1030.00 -77.48 -23.36
 1031.00 -61.35 -41.59
 1032.00 -58.68 -41.48
 1033.00 -58.72 -34.83
 1034.00 -71.92 -34.64
 1035.00 -85.93 -31.47
 1036.00 -61.83 -32.08
 1037.00 -68.69 -32.87
 1038.00 -59.46 -41.90
 1039.00 -68.81 -43.97
 1040.00 -57.07 -43.61
 1041.00  48.55 -40.55
 1042.00  75.87  32.73
 1043.00 -66.24  -2.26
 1044.00  98.71  -9.98
 1066.00 -75.29 140.81
 1067.00 -59.74   3.22
 1068.00 -72.84 -31.36
 1069.00 -70.80 -22.04
 1070.00 -63.58 -46.56
 1071.00 -63.19 -32.49
 1072.00 -58.51 -43.45
 1073.00 -79.00 -23.75
 1074.00 -67.04 -43.64
 1075.00 -56.00 -36.91
 1076.00 -72.74 -34.93
 1077.00 -57.89 -40.38
 1078.00 -58.81 -49.63
 1079.00 -62.37 -33.99
 1080.00 -83.78 -48.89
 1081.00  66.55  21.12
 1082.00 -95.71  15.66
 1083.00 -56.43  47.99
 1084.00 -65.32 -33.58
 1085.00 -75.55 -34.39
 1086.00 -68.73 -42.54
 1087.00 -69.35 -33.84
 1088.00 -60.30 -37.02
 1089.00 -76.02 -38.18
 1090.00 -61.68 -33.47
 1091.00 -59.50 -39.63
 1092.00 -69.25 -39.96
 1093.00 -53.26 -43.94
 1094.00 -59.24 -38.17
 1095.00 -88.16 -45.49
 1096.00 -80.94  -7.97
 1097.00 -59.21 -46.91
 1098.00 -54.10 -47.19
 1099.00 -65.03 -44.61
 1100.00 -68.45 -40.95
 1101.00 -60.22 -37.36
 1102.00 -73.69 -35.65
 1103.00 -58.34 -30.32
 1104.00 -74.22 -46.89
 1105.00 -51.61 -32.72
 313.00 -66.52 -39.41
 314.00 -68.84 -36.25
 315.00 -70.80 -35.28
 316.00 -59.06 -36.41
 317.00 -60.54 -42.90
 318.00 -68.60 -37.00
 319.00 -56.62 -52.83
 320.00 -61.19 -43.08
 321.00 -67.15 -37.83
 322.00 -79.16 -40.97
 323.00 -60.43 -41.36
 324.00 -60.63 -42.27
 325.00 -60.04 -41.85
 326.00 -73.45 -27.62
 327.00 -46.27 -48.52
 328.00 -58.51 -35.08
 329.00 -53.77 -59.77
 330.00 -66.60 -40.35
 331.00 -89.28 -24.27
 332.00 -41.65 -50.05
 333.00 -67.77 -46.58
 334.00 -103.41  -7.16
 335.00 -115.34 -21.90
 336.00 -57.22 -22.48
 337.00 -70.43 -47.22
 338.00 -57.65 -29.03
 339.00 -62.76 -51.78
 340.00 -65.06 -42.29
 341.00 -67.91 -35.81
 342.00 -82.13 -42.15
 343.00 -70.79 -18.17
 344.00 -56.86 -53.35
 345.00 -44.16 -37.99
 346.00 -83.84 -39.06
 347.00 -76.40 -27.44
 348.00 -89.83 -44.83
 349.00 -152.55 152.13
 350.00 -84.62 -51.25
 351.00 -85.73 -30.31
 352.00 -136.89  -3.59
 353.00 -142.63 -175.07
 354.00 -63.91 124.45
 355.00 -66.11 -31.49
 356.00 -64.76 -38.28
 357.00 -50.37 -53.73
 358.00 -86.49 -32.98
 359.00 -80.35 -23.41
 360.00 -64.58 -39.87
 361.00 -52.87 -49.58
 362.00 -70.11 -38.76
 363.00 -82.87 -14.27
 364.00 -49.12 -69.20
 365.00 -72.26 -44.01
 366.00 -74.00 -33.73
 367.00 -60.57 -31.70
 368.00 -60.01 -34.69
 369.00 -64.18 -48.11
 370.00 -69.20 -21.32
 371.00 -59.63 -19.55
 372.00 -72.21 -37.11
 373.00 -99.43 -24.46
 374.00 -93.28 -32.11
 375.00 -62.73  -9.22
 376.00 -57.76 -40.88
 377.00 -74.37 -26.06
 378.00 -66.07 -31.30
 379.00 -57.36 -50.28
 380.00 -60.26 -34.03
 381.00 -70.17 -53.76
 382.00 -72.87 -55.35
 383.00 -154.09   4.30
 384.00 -56.22 101.78
 385.00 -77.88 -24.38
 386.00 -60.76 -46.07
 387.00 -71.39 -38.86
 388.00 -67.66 -34.97
 389.00 -53.20 -42.77
 390.00 -53.42 -56.08
 391.00 -60.64 -51.65
 392.00 -80.24 -23.48
 393.00 -60.00 -51.44
 394.00 -66.07 -34.75
 395.00 -81.37 -18.36
 396.00  69.30  -2.50
 397.00 -125.75  22.77
 398.00 -145.96 149.16


