 residuo Phi Psi
  69.00 -58.23 148.54
  70.00 -80.68 -31.13
  71.00 -58.98 -35.46
  72.00 -55.01 -48.41
  73.00 -59.51 -44.31
  74.00 -69.37 -41.78
  75.00 -75.63 -43.36
  76.00 -49.54 -36.38
  77.00 -73.72 -41.04
  78.00 -74.43 -32.83
  79.00 -75.48 -23.10
  80.00 -74.70 -36.21
  81.00 -64.94 -32.73
  82.00 -64.86 -30.39
  83.00 -65.93 -27.89
  84.00 -66.61 -31.58
  85.00 -76.26 -47.85
  86.00 -54.26 -49.88
  87.00 -61.10 -37.86
  88.00 -67.85 -46.07
  89.00 -47.99 -61.69
  90.00 -63.94 -49.19
  91.00 -70.11 -36.57
  92.00 -68.11 -31.82
  93.00 -63.68 -27.19
  94.00 -70.84 -31.69
  95.00 -50.70 -50.33
  96.00 -60.56 -54.63
  97.00 -44.32 -48.79
  98.00 -71.20 -57.35
  99.00 -87.52 -19.92
 100.00 -111.64 -23.25
 101.00 -89.66 -40.30
 102.00 -63.93 119.65
 103.00 -63.27 -29.90
 104.00 -95.92 -20.16
 105.00 -57.00 -11.54
 106.00 -171.86 105.04
 107.00 -55.42 137.48
 108.00 -59.43 -42.20
 109.00 -70.59 -39.57
 110.00 -55.27 -31.83
 111.00 -68.95 -35.96
 112.00 -65.24 -40.69
 113.00 -73.55 -28.36
 114.00 -75.03 -25.22
 115.00 -67.93 -26.43
 116.00 -68.68 -32.00
 117.00 -63.94 -42.44
 118.00 -58.80 -41.78
 119.00 -74.61 -40.53
 120.00 -41.23 -48.50
 121.00 -60.70 -60.78
 122.00 -62.36 -34.30
 123.00 -56.69 -39.80
 124.00 -78.48 -30.81
 125.00 -145.72 -33.27
 126.00 -76.89 -28.41
 127.00 -68.96 -57.66
 128.00 -60.58 -41.56
 129.00 -81.85 -36.81
 130.00 -54.31 -37.06
 131.00 -53.86 -49.93
 132.00 -68.92 -50.63
 133.00 -61.43 -30.17
 134.00 -65.33 -48.38
 135.00 -61.96 -37.53
 136.00 -81.88 -34.30
 137.00  64.62  23.61
 138.00  61.84  35.02
 139.00 -141.21  60.04
 140.00 -69.29 149.19
 141.00 -93.43 128.98
 142.00 -146.32  20.70
 143.00 -63.98 175.12
 144.00 -58.36 142.81
 145.00 -86.67 -39.40
 146.00 -82.24   3.95
 147.00 -60.20 -24.83
 148.00 -67.38 -39.99
 149.00 -83.92 -32.18
 150.00 -89.38 -15.21
 151.00 -74.26 -45.54
 152.00 -53.06 -21.16
 153.00 -75.89 -37.85
 154.00 -65.73 -32.30
 155.00 -62.99 -39.01
 156.00 -66.53 -50.86
 157.00 -87.42 -43.30
 158.00 -68.31 -31.44
 159.00 -75.32 -27.26
 160.00 -57.95 -57.56
 161.00 -57.14 -38.88
 162.00 -69.36 -46.76
 163.00 -71.63 -38.73
 164.00 -73.45 -19.03
 165.00 -50.64 -55.22
 166.00 -55.50 -45.41
 167.00 -55.40 -43.38
 168.00 -57.99 -50.96
 169.00 -74.95 -40.42
 170.00 -72.44 -37.85
 171.00 -62.67 -37.49
 172.00 -58.12 -47.78
 173.00 -88.61 -25.25
 174.00 -86.74 -10.13
 175.00 -56.17 -39.87
 176.00 -61.48 -45.29
 177.00 -99.23  -9.71
 178.00 -74.47 -12.91
 179.00 -78.36 123.34
 180.00 -143.56  23.89
 181.00 -60.90  16.28
 182.00 -75.11 -20.98
 183.00 -75.23 -15.83
 184.00 -67.44 122.63
 185.00 -59.96 -34.93
 186.00 -157.23 136.67
 187.00 -78.46 153.62
 188.00 -76.84 141.02
 189.00 -56.91 -40.08
 190.00 -62.22 -45.54
 191.00 -75.26 -30.76
 192.00 -51.97 -45.11
 193.00 -68.69 -44.10
 194.00 -86.86 -24.40
 195.00 -57.67 -40.91
 196.00 -64.26 -51.80
 197.00 -69.65 -32.45
 198.00 -67.22 -33.16
 199.00 -68.47 -39.57
 200.00 -70.87 -28.70
 201.00 -48.20 -50.04
 202.00 -65.59 -52.80
 203.00 -58.43 -38.11
 204.00 -75.44 -38.95
 205.00 -66.17 -34.41
 206.00 -91.38 -31.59
 207.00 -50.51 -26.91
 208.00 -59.88 -37.02
 209.00 -61.67 -33.02
 210.00 -67.65 -55.92
 211.00 -91.39 -15.83
 212.00 -84.50 -46.77
 213.00 -80.45 -24.54
 214.00 -75.10 -23.39
 215.00 -103.35  -4.02
 216.00 -145.55 -23.01
 217.00 -67.54 111.07
 218.00 -43.38 -22.37
 219.00 -76.32 -30.32
 220.00 -124.81 -31.07
 221.00 -115.35  -1.59
 222.00 -129.71 143.08
 223.00  43.26 120.47
 224.00  69.27  58.43
 225.00 -97.28  -7.57
 226.00 -65.79 137.76
 227.00 -148.84  98.20
 228.00 -56.88 135.61
 229.00 -127.35 137.63
 230.00 -77.30 -24.77
 231.00 -59.41 127.53
 232.00 -70.32 -30.28
 233.00 -99.76 -12.20
 234.00 -70.53 -64.35
 235.00 -103.64 -24.19
 236.00 -66.07 -59.60
 237.00 -78.69 -25.18
 238.00 -54.01 -38.00
 239.00 -56.96 -31.50
 240.00 -73.81 -55.16
 241.00 -82.98 -35.29
 242.00 -143.24 -23.37
 243.00 -66.28 -65.75
 244.00 -77.19 -38.83
 245.00 -53.84 -47.05
 246.00 -67.39 -32.36
 247.00 -72.22 -37.81
 248.00 -70.13 -38.64
 249.00 -53.92 -58.21
 250.00 -65.92 -62.30
 251.00 -64.68 -29.40
 252.00 -60.62 -53.67
 253.00 -55.07 -35.24
 254.00 -52.81 -55.59
 255.00 -66.90 -43.83
 256.00 -66.67 -40.20
 257.00 -57.97 -52.91
 258.00 -67.60 -35.61
 259.00 -69.16 -42.65
 260.00 -67.19 -36.11
 261.00 -63.35 -36.77
 262.00 -71.36 -33.32
 263.00 -59.69 -27.10
 264.00 -63.25 -49.66
 1001.00 -58.12 -27.73
 1002.00 -59.19 -45.25
 1003.00 -66.52 -35.90
 1004.00 -75.01 -41.90
 1005.00 -73.07 -19.14
 1006.00 -67.24 -43.02
 1007.00 -58.12 -32.50
 1008.00 -66.98 -49.27
 1009.00 -77.65 -35.61
 1010.00 -76.40 -24.11
 1011.00 -58.69 -43.91
 1012.00 -66.54 -46.84
 1013.00 -61.96 -31.73
 1014.00 -62.05 -42.83
 1015.00 -62.03 -38.55
 1016.00 -66.13 -43.12
 1017.00 -67.55 -39.11
 1018.00 -66.02 -40.53
 1019.00 -57.15 -21.79
 1020.00 -85.10 133.30
 1021.00 -129.20 -21.28
 1022.00 -54.23 131.65
 1023.00 -66.17 -21.83
 1024.00 -69.74 -30.78
 1025.00 -70.55 -37.01
 1026.00 -54.84 -45.61
 1027.00 -54.87 -55.03
 1028.00 -85.31 -36.44
 1029.00 -71.71 -29.04
 1030.00 -69.02 -32.62
 1031.00 -71.99 -40.51
 1032.00 -60.62 -33.57
 1033.00 -54.31 -41.96
 1034.00 -65.67 -53.35
 1035.00 -78.30 -36.73
 1036.00 -66.29 -23.06
 1037.00 -74.15 -41.98
 1038.00 -61.34 -42.46
 1039.00 -72.26 -21.52
 1040.00 -87.17 -35.10
 1041.00  62.48 -18.41
 1042.00  71.23  68.77
 1043.00 -61.75   1.71
 1044.00  54.41 -30.09
 1066.00 -52.47 149.60
 1067.00 -57.23 -21.13
 1068.00 -67.61 -30.59
 1069.00 -68.91 -44.25
 1070.00 -67.85 -29.39
 1071.00 -68.17 -36.57
 1072.00 -67.46 -29.56
 1073.00 -72.15 -35.37
 1074.00 -85.46 -17.45
 1075.00 -61.27 -39.89
 1076.00 -56.64 -27.07
 1077.00 -54.79 -64.55
 1078.00 -76.53 -35.67
 1079.00 -58.11 -40.05
 1080.00 -67.56 -40.86
 1081.00  83.54 -10.54
 1082.00 -83.72   7.29
 1083.00 -64.39  68.63
 1084.00 -62.70 -51.23
 1085.00 -64.03 -35.82
 1086.00 -78.74 -33.33
 1087.00 -68.26 -28.17
 1088.00 -55.09 -45.18
 1089.00 -60.23 -47.39
 1090.00 -69.95 -37.20
 1091.00 -65.47 -37.86
 1092.00 -66.47 -35.01
 1093.00 -63.35 -44.41
 1094.00 -51.71 -32.37
 1095.00 -70.17 -42.16
 1096.00 -67.02 -31.21
 1097.00 -68.46 -43.20
 1098.00 -55.01 -38.10
 1099.00 -85.46 -41.06
 1100.00 -68.09 -31.71
 1101.00 -60.06 -46.29
 1102.00 -64.16 -38.17
 1103.00 -60.29 -37.66
 1104.00 -63.05 -53.72
 1105.00 -61.80 -48.03
 313.00 -66.18 -37.95
 314.00 -81.73 -25.05
 315.00 -61.67 -30.66
 316.00 -79.31 -33.40
 317.00 -60.80 -29.06
 318.00 -68.44 -39.37
 319.00 -61.45 -40.82
 320.00 -74.46 -40.50
 321.00 -65.97 -31.67
 322.00 -56.85 -45.01
 323.00 -58.15 -45.99
 324.00 -70.18 -45.79
 325.00 -61.27 -34.03
 326.00 -82.02 -20.72
 327.00 -64.35 -27.51
 328.00 -63.18 -42.88
 329.00 -58.95 -45.47
 330.00 -69.63 -42.77
 331.00 -81.97 -19.36
 332.00 -50.81 -62.03
 333.00 -60.14 -49.99
 334.00 -100.54 -27.62
 335.00 -93.53 -22.44
 336.00 -48.11 -23.85
 337.00 -59.64 -48.49
 338.00 -60.67 -42.42
 339.00 -53.72 -60.28
 340.00 -61.62 -58.83
 341.00 -81.65 -30.14
 342.00 -59.59 -21.06
 343.00 -78.71 -38.82
 344.00 -59.32 -32.37
 345.00 -60.38 -46.75
 346.00 -65.01 -36.57
 347.00 -83.27 -44.07
 348.00 -93.03 -43.68
 349.00 -148.37 157.26
 350.00 -77.56 -68.70
 351.00 -79.66 -34.62
 352.00 -155.19   4.03
 353.00 -94.04 152.92
 354.00 -56.03 120.52
 355.00 -78.45 -29.03
 356.00 -77.97 -21.08
 357.00 -63.94 -44.69
 358.00 -70.32 -26.08
 359.00 -69.32 -47.85
 360.00 -67.18 -25.74
 361.00 -57.62 -54.78
 362.00 -67.49 -40.03
 363.00 -103.13 -13.05
 364.00 -48.30 -40.10
 365.00 -64.19 -45.64
 366.00 -67.74 -37.96
 367.00 -65.47 -18.24
 368.00 -63.47 -36.72
 369.00 -60.31 -49.73
 370.00 -58.03 -38.03
 371.00 -66.47 -30.41
 372.00 -49.67 -32.43
 373.00 -105.02 -25.13
 374.00 -80.51  10.62
 375.00 -38.66 -54.87
 376.00 -51.84 -54.55
 377.00 -67.08 -43.54
 378.00 -74.35 -19.60
 379.00 -61.77 -53.09
 380.00 -68.04 -25.53
 381.00 -71.39 -42.76
 382.00 -110.13 -33.41
 383.00 -130.06 -19.77
 384.00 -49.05 105.77
 385.00 -58.81 -44.26
 386.00 -51.90 -53.92
 387.00 -36.11 -66.49
 388.00 -70.10 -54.48
 389.00 -68.90 -38.76
 390.00 -50.33 -54.02
 391.00 -52.11 -44.31
 392.00 -74.58 -35.52
 393.00 -67.15 -42.96
 394.00 -55.94 -43.78
 395.00 -90.42 -26.02
 396.00  42.36   1.81
 397.00 -81.21  44.53
 398.00 -117.74 126.63


