 residuo Phi Psi
  69.00 -117.52  63.77
  70.00 -63.41  16.11
  71.00 -67.50 -39.10
  72.00 -68.68 -25.23
  73.00 -67.89 -41.01
  74.00 -63.97 -30.42
  75.00 -65.65 -41.41
  76.00 -55.58 -48.36
  77.00 -60.01 -44.02
  78.00 -63.89 -38.30
  79.00 -72.39 -40.65
  80.00 -57.39 -33.49
  81.00 -51.22 -58.17
  82.00 -67.79 -22.13
  83.00 -61.24 -41.09
  84.00 -74.13 -35.34
  85.00 -59.36 -52.22
  86.00 -64.77 -39.27
  87.00 -69.56 -34.87
  88.00 -57.66 -52.21
  89.00 -62.21 -61.91
  90.00 -84.42 -17.85
  91.00 -72.77 -44.52
  92.00 -66.28 -33.60
  93.00 -56.00 -39.80
  94.00 -64.00 -36.94
  95.00 -64.42 -49.90
  96.00 -60.24 -39.47
  97.00 -55.12 -47.87
  98.00 -69.93 -54.51
  99.00 -85.00 -15.71
 100.00 -111.33 -25.19
 101.00 -114.03 -23.47
 102.00 -60.10 112.17
 103.00 -56.42 -45.65
 104.00 -103.29 -21.95
 105.00 -67.90 -11.40
 106.00 -133.14  79.06
 107.00 -38.20 159.53
 108.00 -61.73 -45.66
 109.00 -67.56 -56.60
 110.00 -61.47 -23.97
 111.00 -75.53 -27.31
 112.00 -67.40 -46.20
 113.00 -65.90 -19.85
 114.00 -76.56 -45.87
 115.00 -75.28 -20.12
 116.00 -66.50 -32.44
 117.00 -74.94 -27.22
 118.00 -77.99 -30.64
 119.00 -66.10 -36.10
 120.00 -79.07 -31.02
 121.00 -75.32 -44.31
 122.00 -53.47 -27.28
 123.00 -67.27 -52.10
 124.00 -123.05  -0.50
 125.00 -90.81 -43.56
 126.00 -118.65 -18.52
 127.00 -60.07 -55.20
 128.00 -66.04 -43.17
 129.00 -53.17 -42.76
 130.00 -59.38 -52.86
 131.00 -62.70 -37.46
 132.00 -67.12 -45.95
 133.00 -55.04 -30.17
 134.00 -79.61 -32.65
 135.00 -75.30 -26.22
 136.00 -69.49 -37.85
 137.00  73.68  -4.04
 138.00  73.91  44.76
 139.00 -78.62   1.80
 140.00 -89.69 171.63
 141.00 -64.36 118.37
 142.00 -142.95  -1.61
 143.00 -66.61 176.16
 144.00 -60.06 143.04
 145.00 -55.33 -44.36
 146.00 -99.34  -8.52
 147.00 -48.79 -16.04
 148.00 -59.66 -55.74
 149.00 -68.55 -35.80
 150.00 -70.63 -37.68
 151.00 -47.82 -53.00
 152.00 -61.26 -47.13
 153.00 -59.23 -38.26
 154.00 -53.85 -46.79
 155.00 -80.20 -45.80
 156.00 -73.50 -30.92
 157.00 -67.81 -43.17
 158.00 -73.85 -42.84
 159.00 -52.16 -44.06
 160.00 -61.51 -50.49
 161.00 -59.57 -30.85
 162.00 -71.22 -53.66
 163.00 -63.18 -38.85
 164.00 -73.47 -21.57
 165.00 -59.90 -39.31
 166.00 -71.24 -44.12
 167.00 -53.52 -47.06
 168.00 -62.65 -52.28
 169.00 -61.26 -34.31
 170.00 -62.68 -47.73
 171.00 -64.98 -41.18
 172.00 -78.05 -41.57
 173.00 -79.06 -28.19
 174.00 -79.42 -35.02
 175.00 -47.47 -36.94
 176.00 -103.98 -25.33
 177.00 -59.00  -0.44
 178.00 -68.35 -28.65
 179.00 -51.01 124.47
 180.00 -113.85 -27.48
 181.00 -65.81  32.06
 182.00 -80.32  -8.81
 183.00 -57.47  -7.42
 184.00 -73.94 128.09
 185.00 -62.23 -41.30
 186.00 -160.61 142.07
 187.00 -77.75 139.54
 188.00 -92.60 147.33
 189.00 -67.07 -21.28
 190.00 -78.12 -44.96
 191.00 -62.13 -38.85
 192.00 -56.85 -47.35
 193.00 -63.17 -33.61
 194.00 -64.04 -40.83
 195.00 -70.31 -32.92
 196.00 -59.03 -50.63
 197.00 -65.60 -33.85
 198.00 -70.46 -40.77
 199.00 -62.17 -31.90
 200.00 -65.35 -41.90
 201.00 -56.21 -45.39
 202.00 -82.72 -47.61
 203.00 -76.04 -25.77
 204.00 -51.02 -43.45
 205.00 -71.27 -39.48
 206.00 -66.43 -54.55
 207.00 -63.80 -29.50
 208.00 -71.31 -19.26
 209.00 -56.75 -25.93
 210.00 -77.95 -60.79
 211.00 -109.88  24.33
 212.00 -60.94 -71.47
 213.00 -93.24 -34.57
 214.00 -90.05  -0.45
 215.00 -84.23 -27.82
 216.00 -127.17 -36.22
 217.00 -60.46  99.43
 218.00 -54.82 -25.19
 219.00 -93.30 -11.77
 220.00 -140.83 -12.44
 221.00 -99.08 -19.72
 222.00 -129.51 132.91
 223.00  56.92 127.57
 224.00 103.41  13.01
 225.00 -88.58 -11.02
 226.00 -72.58 143.13
 227.00 -153.76 101.56
 228.00 -52.71 125.68
 229.00 -121.46 122.30
 230.00 -70.22 -41.23
 231.00 -45.50 132.89
 232.00 -59.54 -35.90
 233.00 -114.04 -19.85
 234.00 -83.42 -39.47
 235.00 -95.48 -48.72
 236.00 -100.57 -34.23
 237.00 -57.55 -49.46
 238.00 -80.89 -14.11
 239.00 -53.48 -33.08
 240.00 -77.51 -51.62
 241.00 -75.03 -32.98
 242.00 -136.38 -17.37
 243.00 -68.28 -73.15
 244.00 -66.78 -27.53
 245.00 -52.12 -59.01
 246.00 -60.62 -38.77
 247.00 -51.30 -48.16
 248.00 -67.43 -54.84
 249.00 -70.33 -39.38
 250.00 -69.24 -39.44
 251.00 -48.88 -58.91
 252.00 -58.72 -44.86
 253.00 -73.08 -34.04
 254.00 -66.10 -51.17
 255.00 -78.29 -22.85
 256.00 -60.11 -34.63
 257.00 -69.98 -54.23
 258.00 -50.37 -32.84
 259.00 -77.98 -38.44
 260.00 -65.77 -44.91
 261.00 -65.32 -19.10
 262.00 -64.74 -56.61
 263.00 -49.93 -32.25
 264.00 -73.23 -41.85
 1001.00 -66.95 -35.46
 1002.00 -72.18 -22.31
 1003.00 -56.23 -49.91
 1004.00 -52.77 -44.50
 1005.00 -85.84 -34.66
 1006.00 -55.64 -36.60
 1007.00 -66.16 -46.47
 1008.00 -68.95 -28.52
 1009.00 -56.07 -44.58
 1010.00 -67.14 -46.02
 1011.00 -60.61 -33.51
 1012.00 -82.28 -37.55
 1013.00 -43.47 -46.05
 1014.00 -61.77 -44.41
 1015.00 -91.97 -27.40
 1016.00 -63.16 -32.43
 1017.00 -66.95 -36.19
 1018.00 -131.00  -9.10
 1019.00 -66.54  26.88
 1020.00 -123.21 148.21
 1021.00 -153.75  -3.74
 1022.00 -69.88 170.14
 1023.00 -45.55 -46.61
 1024.00 -48.57 -48.20
 1025.00 -79.48 -51.19
 1026.00 -51.43 -42.07
 1027.00 -72.55 -46.19
 1028.00 -66.34 -43.97
 1029.00 -55.64 -35.86
 1030.00 -56.88 -43.24
 1031.00 -56.93 -49.05
 1032.00 -55.15 -48.91
 1033.00 -60.61 -42.63
 1034.00 -72.58 -45.93
 1035.00 -72.04 -35.68
 1036.00 -78.28 -23.64
 1037.00 -66.84 -29.60
 1038.00 -69.80 -52.35
 1039.00 -66.74 -25.74
 1040.00 -70.46 -41.02
 1041.00  47.25 -44.57
 1042.00 100.04  48.17
 1043.00 -79.28   9.69
 1044.00  75.86 -17.95
 1066.00 -75.39 152.47
 1067.00 -73.08  23.24
 1068.00 -61.72 -47.20
 1069.00 -65.54 -32.13
 1070.00 -61.60 -49.33
 1071.00 -68.41 -28.33
 1072.00 -64.97 -35.31
 1073.00 -68.81 -34.38
 1074.00 -73.48 -34.81
 1075.00 -66.29 -34.98
 1076.00 -41.14 -43.80
 1077.00 -66.00 -52.07
 1078.00 -71.28 -34.49
 1079.00 -80.51 -21.05
 1080.00 -81.50 -26.67
 1081.00  92.67 -10.63
 1082.00 -69.24 -12.24
 1083.00 -60.36  90.91
 1084.00 -63.40 -61.87
 1085.00 -72.14 -28.07
 1086.00 -63.43 -41.43
 1087.00 -64.30 -39.37
 1088.00 -61.27 -45.93
 1089.00 -55.79 -44.79
 1090.00 -66.19 -36.77
 1091.00 -74.17 -36.41
 1092.00 -75.83 -26.70
 1093.00 -71.41 -30.07
 1094.00 -74.48 -17.06
 1095.00 -63.32 -42.61
 1096.00 -72.84 -41.95
 1097.00 -64.73 -31.47
 1098.00 -69.31 -33.13
 1099.00 -65.44 -32.32
 1100.00 -64.03 -52.98
 1101.00 -73.05 -41.00
 1102.00 -69.05 -22.30
 1103.00 -54.05 -46.23
 1104.00 -70.44 -49.81
 1105.00 -57.55 -40.03
 313.00 -53.95 -47.21
 314.00 -71.38 -48.30
 315.00 -59.30 -35.11
 316.00 -66.55 -43.98
 317.00 -62.06 -45.15
 318.00 -62.20 -41.41
 319.00 -69.08 -43.95
 320.00 -63.39 -35.20
 321.00 -59.37 -43.04
 322.00 -82.66 -40.48
 323.00 -70.02 -17.60
 324.00 -61.78 -36.32
 325.00 -45.79 -39.02
 326.00 -57.74 -45.42
 327.00 -65.12 -46.99
 328.00 -51.36 -51.08
 329.00 -64.03 -47.70
 330.00 -76.26 -41.85
 331.00 -62.10 -31.35
 332.00 -66.54 -54.30
 333.00 -67.29 -54.89
 334.00 -105.14  -8.53
 335.00 -89.94 -20.83
 336.00 -54.44 -37.36
 337.00 -61.26 -37.98
 338.00 -55.95 -39.97
 339.00 -63.34 -55.41
 340.00 -54.26 -48.95
 341.00 -68.69 -45.67
 342.00 -77.62 -33.58
 343.00 -62.80 -38.04
 344.00 -60.26 -39.04
 345.00 -74.97 -39.20
 346.00 -69.20 -24.90
 347.00 -87.86 -41.53
 348.00 -75.35 -32.75
 349.00 -163.66 167.02
 350.00 -106.09 -34.37
 351.00 -78.20 -62.58
 352.00 -132.53   4.70
 353.00 -96.07 137.91
 354.00 -67.11 139.06
 355.00 -78.39 -30.66
 356.00 -73.79 -27.52
 357.00 -71.34 -48.54
 358.00 -64.45 -37.40
 359.00 -57.76 -41.25
 360.00 -72.16 -37.74
 361.00 -59.44 -38.14
 362.00 -52.76 -48.25
 363.00 -73.58 -29.18
 364.00 -69.96 -56.42
 365.00 -49.38 -32.27
 366.00 -93.78 -41.00
 367.00 -77.25  -2.05
 368.00 -58.90 -44.26
 369.00 -57.75 -60.31
 370.00 -61.19 -29.07
 371.00 -75.83 -21.71
 372.00 -72.91 -10.10
 373.00 -76.12 -27.98
 374.00 -88.81 -12.91
 375.00 -60.47 -36.10
 376.00 -52.59 -37.76
 377.00 -66.18 -41.37
 378.00 -39.91 -53.46
 379.00 -54.65 -57.59
 380.00 -65.22 -37.38
 381.00 -51.39 -44.00
 382.00 -118.84 -45.99
 383.00 -110.25 -26.07
 384.00 -60.41 112.40
 385.00 -67.33 -44.67
 386.00 -61.34 -47.90
 387.00 -50.27 -44.77
 388.00 -69.29 -47.06
 389.00 -52.16 -43.42
 390.00 -59.15 -52.03
 391.00 -60.67 -44.55
 392.00 -92.77  -9.65
 393.00 -53.24 -56.15
 394.00 -82.83 -43.22
 395.00 -95.03  -9.14
 396.00  60.22   0.87
 397.00 -99.79  37.81
 398.00 -127.41 103.40


