 residuo Phi Psi
  69.00 -120.88  90.83
  70.00 -72.21  -0.85
  71.00 -68.61 -27.44
  72.00 -74.17 -40.45
  73.00 -72.97 -28.10
  74.00 -50.75 -33.10
  75.00 -66.67 -40.94
  76.00 -49.52 -52.05
  77.00 -63.84 -41.31
  78.00 -51.37 -46.97
  79.00 -73.92 -42.22
  80.00 -58.47 -43.68
  81.00 -67.48 -30.82
  82.00 -68.54 -11.03
  83.00 -68.17 -35.71
  84.00 -56.13 -46.22
  85.00 -75.68 -56.61
  86.00 -55.62 -35.76
  87.00 -71.31 -34.86
  88.00 -73.64 -53.06
  89.00 -71.15 -49.97
  90.00 -81.91 -19.43
  91.00 -69.34 -58.21
  92.00 -72.46 -29.59
  93.00 -76.50 -19.31
  94.00 -65.88 -25.76
  95.00 -59.77 -45.16
  96.00 -62.21 -46.37
  97.00 -60.21 -43.98
  98.00 -82.87 -40.67
  99.00 -59.33 -33.05
 100.00 -103.13 -43.71
 101.00 -82.24 -43.66
 102.00 -68.75 122.85
 103.00 -62.96 -35.24
 104.00 -97.84 -15.66
 105.00 -67.71 -28.62
 106.00 -147.93  92.51
 107.00 -55.61 169.88
 108.00 -75.03 -20.96
 109.00 -67.48 -54.49
 110.00 -57.09 -33.90
 111.00 -60.78 -25.96
 112.00 -66.22 -43.37
 113.00 -53.42 -43.36
 114.00 -62.86 -51.90
 115.00 -68.92 -29.08
 116.00 -66.56 -33.66
 117.00 -65.57 -33.45
 118.00 -64.04 -41.26
 119.00 -78.36 -43.58
 120.00 -54.31 -28.09
 121.00 -60.03 -61.54
 122.00 -67.01 -26.93
 123.00 -66.64 -46.98
 124.00 -101.06 -21.28
 125.00 -121.06 -28.52
 126.00 -101.10 -24.21
 127.00 -65.09 -52.29
 128.00 -52.03 -46.45
 129.00 -83.11 -40.43
 130.00 -65.19 -31.62
 131.00 -62.26 -33.00
 132.00 -48.95 -54.79
 133.00 -57.56 -32.52
 134.00 -77.63 -34.51
 135.00 -83.25 -17.52
 136.00 -74.78 -40.73
 137.00  63.07  19.12
 138.00  65.48  30.08
 139.00 -62.58  16.09
 140.00 -83.44 158.59
 141.00 -71.30 112.90
 142.00 -159.70  21.61
 143.00 -51.15 173.04
 144.00 -54.91 144.86
 145.00 -67.22 -39.00
 146.00 -99.11 -14.53
 147.00 -66.84  -5.74
 148.00 -59.27 -51.92
 149.00 -69.54 -34.15
 150.00 -86.41 -34.14
 151.00 -53.99 -34.69
 152.00 -57.56 -34.99
 153.00 -68.87 -48.98
 154.00 -52.02 -39.97
 155.00 -53.84 -55.00
 156.00 -65.85 -54.41
 157.00 -60.90 -43.15
 158.00 -55.24 -51.78
 159.00 -53.96 -45.18
 160.00 -75.46 -50.31
 161.00 -62.43 -26.84
 162.00 -65.44 -53.70
 163.00 -60.23 -42.81
 164.00 -64.34 -34.77
 165.00 -84.86 -36.75
 166.00 -61.10 -23.58
 167.00 -72.34 -36.12
 168.00 -73.71 -40.26
 169.00 -77.15 -23.17
 170.00 -45.04 -51.36
 171.00 -55.23 -54.70
 172.00 -79.05 -49.58
 173.00 -47.91 -38.63
 174.00 -70.45 -47.99
 175.00 -69.69 -30.65
 176.00 -78.45 -48.86
 177.00 -76.37 -13.24
 178.00 -71.52 -13.08
 179.00 -55.71 127.72
 180.00 -98.98 -21.08
 181.00 -67.00  17.52
 182.00 -77.42 -18.39
 183.00 -69.50   2.95
 184.00 -88.96 156.56
 185.00 -92.52  -3.25
 186.00 -144.08 135.72
 187.00 -99.26 157.64
 188.00 -68.86 126.92
 189.00 -68.04 -27.38
 190.00 -66.37 -47.94
 191.00 -55.38 -33.37
 192.00 -68.91 -37.93
 193.00 -69.45 -42.55
 194.00 -60.13 -32.82
 195.00 -67.48 -48.74
 196.00 -72.73 -34.08
 197.00 -47.23 -52.08
 198.00 -60.18 -50.57
 199.00 -61.90 -40.01
 200.00 -61.60 -40.50
 201.00 -60.12 -51.51
 202.00 -60.67 -43.32
 203.00 -49.31 -52.85
 204.00 -71.36 -38.60
 205.00 -71.67 -27.26
 206.00 -86.61 -42.74
 207.00 -59.51 -21.95
 208.00 -72.10 -36.31
 209.00 -59.23 -28.16
 210.00 -74.94 -51.11
 211.00 -60.25 -22.56
 212.00 -68.25 -54.53
 213.00 -50.35 -43.32
 214.00 -66.56 -38.86
 215.00 -79.54 -28.98
 216.00 -161.81 -27.79
 217.00 -58.11 111.84
 218.00 -60.63 -39.72
 219.00 -67.04 -14.42
 220.00 -131.79 -27.56
 221.00 -133.28   7.80
 222.00 -144.26 135.06
 223.00  52.92 129.87
 224.00  85.85  24.76
 225.00 -122.43  14.67
 226.00 -74.64 141.30
 227.00 -155.42 103.37
 228.00 -55.49 117.80
 229.00 -129.17 113.60
 230.00 -99.39  -6.59
 231.00 -61.14 131.76
 232.00 -45.89 -34.05
 233.00 -100.37 -40.24
 234.00 -67.66 -34.09
 235.00 -103.31 -45.84
 236.00 -62.03 -75.33
 237.00 -70.03 -49.50
 238.00 -61.87 -16.21
 239.00 -74.92 -23.51
 240.00 -66.21 -43.82
 241.00 -92.52 -21.41
 242.00 -131.37 -25.11
 243.00 -66.75 -66.49
 244.00 -70.74 -36.19
 245.00 -60.74 -63.30
 246.00 -64.18 -26.92
 247.00 -67.45 -55.89
 248.00 -69.14 -21.19
 249.00 -56.61 -59.70
 250.00 -68.63 -48.57
 251.00 -54.09 -43.59
 252.00 -76.57 -43.13
 253.00 -64.82 -20.69
 254.00 -59.02 -54.27
 255.00 -63.49 -49.28
 256.00 -76.75 -28.82
 257.00 -73.27 -37.61
 258.00 -58.79 -28.52
 259.00 -52.99 -56.04
 260.00 -71.48 -45.63
 261.00 -51.88 -34.01
 262.00 -70.58 -44.37
 263.00 -77.44 -25.72
 264.00 -57.50 -39.55
 1001.00 -57.84 -32.85
 1002.00 -58.57 -43.27
 1003.00 -66.02 -38.93
 1004.00 -59.44 -38.40
 1005.00 -81.05 -40.76
 1006.00 -54.56 -42.19
 1007.00 -70.36 -47.09
 1008.00 -65.42 -33.78
 1009.00 -63.26 -39.92
 1010.00 -67.67 -51.83
 1011.00 -66.54 -34.72
 1012.00 -61.23 -45.07
 1013.00 -38.48 -52.61
 1014.00 -51.21 -54.24
 1015.00 -93.86 -33.36
 1016.00 -63.02 -27.90
 1017.00 -69.08 -38.81
 1018.00 -156.14   9.01
 1019.00 -65.83  29.31
 1020.00 -80.81 140.89
 1021.00 -154.12 -28.12
 1022.00 -45.94 170.51
 1023.00 -58.79 -45.38
 1024.00 -68.40 -42.16
 1025.00 -70.31 -29.67
 1026.00 -76.66 -39.26
 1027.00 -44.68 -46.07
 1028.00 -78.13 -49.32
 1029.00 -64.42 -32.28
 1030.00 -70.47 -34.02
 1031.00 -60.88 -42.37
 1032.00 -59.17 -38.76
 1033.00 -61.57 -45.93
 1034.00 -62.63 -53.22
 1035.00 -85.03 -32.63
 1036.00 -56.34 -34.08
 1037.00 -72.25 -41.69
 1038.00 -70.92 -27.75
 1039.00 -71.87 -38.52
 1040.00 -53.50 -39.75
 1041.00  63.35 -49.95
 1042.00  90.65  30.29
 1043.00 -54.10  -3.08
 1044.00  88.76 -25.82
 1066.00 -73.49 150.08
 1067.00 -45.33  -5.04
 1068.00 -69.09 -47.51
 1069.00 -74.49 -26.73
 1070.00 -83.66 -18.80
 1071.00 -77.76 -14.88
 1072.00 -38.21 -48.81
 1073.00 -75.73 -49.94
 1074.00 -64.62 -34.33
 1075.00 -76.84 -35.25
 1076.00 -81.10 -14.12
 1077.00 -72.76 -38.41
 1078.00 -72.26 -29.80
 1079.00 -70.66 -27.71
 1080.00 -88.16 -36.47
 1081.00  83.55   3.01
 1082.00 -79.51  -2.39
 1083.00 -53.56  66.64
 1084.00 -75.05 -40.62
 1085.00 -63.54 -51.38
 1086.00 -60.06 -39.69
 1087.00 -55.49 -40.50
 1088.00 -72.54 -44.58
 1089.00 -67.31 -36.26
 1090.00 -66.86 -38.13
 1091.00 -69.09 -41.09
 1092.00 -68.92 -29.81
 1093.00 -60.42 -38.45
 1094.00 -49.48 -32.60
 1095.00 -65.87 -50.56
 1096.00 -58.57 -42.44
 1097.00 -54.77 -46.67
 1098.00 -60.37 -58.36
 1099.00 -76.12 -33.17
 1100.00 -63.84 -38.61
 1101.00 -59.47 -43.45
 1102.00 -68.07 -35.92
 1103.00 -63.58 -34.34
 1104.00 -68.78 -42.89
 1105.00 -57.63 -39.68
 313.00 -48.74 -59.27
 314.00 -71.06 -37.87
 315.00 -60.28 -36.42
 316.00 -66.91 -45.35
 317.00 -69.70 -27.31
 318.00 -70.26 -39.28
 319.00 -63.04 -46.83
 320.00 -58.03 -42.49
 321.00 -66.77 -37.74
 322.00 -57.21 -52.41
 323.00 -69.19 -36.59
 324.00 -75.43 -27.37
 325.00 -60.07 -24.69
 326.00 -73.07 -28.21
 327.00 -66.46 -40.04
 328.00 -76.55 -34.13
 329.00 -78.70 -41.69
 330.00 -56.69 -45.96
 331.00 -62.31 -36.32
 332.00 -63.96 -47.21
 333.00 -68.55 -51.60
 334.00 -65.25 -34.75
 335.00 -92.70 -25.54
 336.00 -61.28  -9.76
 337.00 -62.28 -40.71
 338.00 -52.77 -45.47
 339.00 -66.63 -55.37
 340.00 -74.86 -48.25
 341.00 -75.43 -33.14
 342.00 -64.03 -39.89
 343.00 -59.50 -38.32
 344.00 -52.56 -52.85
 345.00 -80.95 -29.06
 346.00 -77.43 -24.59
 347.00 -77.64 -30.75
 348.00 -77.18 -48.24
 349.00 -145.08 147.81
 350.00 -84.10 -61.43
 351.00 -51.14 -46.60
 352.00 -141.94 -18.46
 353.00 -98.88 148.20
 354.00 -77.11 135.33
 355.00 -77.10 -25.98
 356.00 -37.48 -45.60
 357.00 -68.24 -56.45
 358.00 -69.40 -30.60
 359.00 -67.32 -37.86
 360.00 -58.57 -53.12
 361.00 -69.65 -32.27
 362.00 -61.83 -32.90
 363.00 -65.39 -35.43
 364.00 -63.16 -62.17
 365.00 -69.46 -39.05
 366.00 -83.34 -26.80
 367.00 -85.76  -9.80
 368.00 -70.34 -35.96
 369.00 -57.60 -57.77
 370.00 -70.41 -16.03
 371.00 -51.84 -25.49
 372.00 -64.20 -23.39
 373.00 -87.94 -19.29
 374.00 -93.65  -8.21
 375.00 -63.96 -37.60
 376.00 -47.83 -44.86
 377.00 -79.64 -46.74
 378.00 -69.03 -27.29
 379.00 -60.56 -45.91
 380.00 -63.44 -28.25
 381.00 -60.92 -53.68
 382.00 -126.00 -27.11
 383.00 -130.99  -3.13
 384.00 -75.61 119.70
 385.00 -56.25 -36.05
 386.00 -58.01 -54.62
 387.00 -67.37 -48.42
 388.00 -67.67 -44.22
 389.00 -67.30 -35.40
 390.00 -65.04 -40.31
 391.00 -68.69 -38.42
 392.00 -96.34 -19.43
 393.00 -60.74 -32.26
 394.00 -71.99 -45.73
 395.00 -85.04 -14.94
 396.00  68.04  -7.83
 397.00 -91.99  31.88
 398.00 -147.09 122.73


