 residuo Phi Psi
  69.00 -125.31 157.43
  70.00 -68.01 -30.39
  71.00 -57.19 -28.09
  72.00 -78.35 -46.52
  73.00 -53.72 -41.20
  74.00 -60.55 -51.07
  75.00 -45.17 -53.89
  76.00 -65.70 -45.11
  77.00 -63.93 -31.28
  78.00 -77.29 -34.21
  79.00 -64.99 -30.43
  80.00 -70.25 -36.06
  81.00 -49.44 -38.36
  82.00 -55.22 -50.21
  83.00 -61.44 -44.83
  84.00 -54.48 -45.63
  85.00 -76.04 -38.65
  86.00 -62.02 -47.52
  87.00 -76.59 -19.38
  88.00 -60.33 -49.89
  89.00 -59.00 -45.60
  90.00 -47.87 -49.30
  91.00 -72.64 -46.12
  92.00 -76.16 -29.94
  93.00 -55.19 -28.61
  94.00 -64.22 -47.54
  95.00 -68.58 -38.06
  96.00 -68.90 -45.53
  97.00 -52.90 -37.59
  98.00 -69.48 -53.52
  99.00 -65.35 -34.15
 100.00 -94.69 -54.34
 101.00 -86.22 -31.99
 102.00 -50.95 119.75
 103.00 -71.45 -37.83
 104.00 -96.32 -20.56
 105.00 -71.27   1.48
 106.00 -155.41  89.14
 107.00 -58.74 145.76
 108.00 -69.73 -40.59
 109.00 -59.10 -45.61
 110.00 -61.96 -37.15
 111.00 -80.58 -29.91
 112.00 -75.22 -21.62
 113.00 -65.37 -32.55
 114.00 -50.14 -31.38
 115.00 -74.79 -43.87
 116.00 -54.54 -44.58
 117.00 -70.48 -42.51
 118.00 -54.99 -43.30
 119.00 -85.56 -35.18
 120.00 -55.83 -37.33
 121.00 -70.89 -37.44
 122.00 -57.99 -42.43
 123.00 -65.99 -42.11
 124.00 -71.23 -39.11
 125.00 -112.25 -45.11
 126.00 -107.73 -31.12
 127.00 -60.84 -53.44
 128.00 -76.71 -31.80
 129.00 -88.21 -28.68
 130.00 -71.25 -28.57
 131.00 -73.06 -25.98
 132.00 -67.88 -52.08
 133.00 -56.15 -20.87
 134.00 -74.25 -34.64
 135.00 -66.87 -47.84
 136.00 -61.62 -37.26
 137.00  81.37  -2.72
 138.00  64.92  44.54
 139.00 -143.75  47.44
 140.00 -59.46 153.11
 141.00 -82.67 119.55
 142.00 -132.51  13.03
 143.00 -64.58 -177.69
 144.00 -64.69 140.16
 145.00 -53.38 -38.35
 146.00 -93.89  -6.40
 147.00 -57.18 -24.84
 148.00 -51.93 -56.51
 149.00 -74.13 -52.26
 150.00 -94.12  -2.37
 151.00 -58.17 -54.71
 152.00 -49.53 -29.03
 153.00 -65.16 -39.34
 154.00 -61.09 -33.76
 155.00 -56.10 -59.71
 156.00 -66.69 -45.59
 157.00 -67.07 -52.99
 158.00 -60.97 -41.36
 159.00 -68.51 -33.15
 160.00 -75.92 -46.29
 161.00 -61.17 -28.43
 162.00 -49.60 -58.50
 163.00 -59.78 -52.80
 164.00 -57.72 -36.51
 165.00 -65.42 -49.69
 166.00 -60.62 -38.42
 167.00 -64.59 -44.92
 168.00 -46.92 -47.38
 169.00 -56.03 -57.69
 170.00 -67.18 -43.06
 171.00 -63.24 -37.85
 172.00 -55.95 -60.24
 173.00 -67.70 -31.63
 174.00 -75.37 -49.89
 175.00 -65.80 -29.22
 176.00 -75.89 -39.94
 177.00 -92.28   5.80
 178.00 -62.74 -22.87
 179.00 -67.90 139.96
 180.00 -124.92 -11.43
 181.00 -71.06  33.00
 182.00 -60.76 -32.62
 183.00 -47.59   0.82
 184.00 -63.52 130.37
 185.00 -101.79 -58.01
 186.00 -150.21 159.85
 187.00 -84.75 155.53
 188.00 -69.23 123.49
 189.00 -54.66 -46.45
 190.00 -61.07 -45.16
 191.00 -69.73 -41.15
 192.00 -54.68 -44.79
 193.00 -62.57 -46.68
 194.00 -70.88 -35.03
 195.00 -40.76 -43.32
 196.00 -74.31 -54.64
 197.00 -65.41 -26.53
 198.00 -66.58 -43.14
 199.00 -62.73 -41.58
 200.00 -57.11 -41.12
 201.00 -57.07 -55.56
 202.00 -69.19 -37.70
 203.00 -59.25 -44.17
 204.00 -62.28 -36.20
 205.00 -59.40 -41.47
 206.00 -90.33 -50.75
 207.00 -58.39  -8.91
 208.00 -61.49 -19.00
 209.00 -61.74 -34.92
 210.00 -59.83 -47.29
 211.00 -65.28 -39.92
 212.00 -84.27 -65.93
 213.00 -67.91 -36.67
 214.00 -108.51  -8.35
 215.00 -60.31 -23.36
 216.00 -151.58 -33.58
 217.00 -54.41  98.90
 218.00 -67.97 -21.33
 219.00 -90.72  -9.42
 220.00 -132.47 -21.80
 221.00 -113.98  -4.23
 222.00 -155.60 155.20
 223.00  50.73 126.40
 224.00  78.59  43.38
 225.00 -113.12  -4.07
 226.00 -83.04 154.15
 227.00 -147.56  85.47
 228.00 -61.58 137.79
 229.00 -153.16 136.97
 230.00 -147.17  38.31
 231.00 -49.47 124.78
 232.00 -73.92 -16.21
 233.00 -82.09 -44.03
 234.00 -88.27 -44.01
 235.00 -122.91 -14.17
 236.00 -66.98 -58.49
 237.00 -56.24 -41.77
 238.00 -55.23 -39.10
 239.00 -65.27 -28.59
 240.00 -79.95 -63.74
 241.00 -85.19 -20.89
 242.00 -149.85  -9.58
 243.00 -61.21 -73.12
 244.00 -72.47 -31.45
 245.00 -58.91 -62.04
 246.00 -60.16 -26.77
 247.00 -62.46 -52.45
 248.00 -66.82 -38.47
 249.00 -64.35 -44.52
 250.00 -59.75 -61.45
 251.00 -82.55 -24.62
 252.00 -60.37 -49.42
 253.00 -68.02 -31.01
 254.00 -62.10 -40.45
 255.00 -69.86 -43.88
 256.00 -68.17 -29.24
 257.00 -75.11 -46.19
 258.00 -59.00 -27.72
 259.00 -70.69 -35.27
 260.00 -77.51 -44.78
 261.00 -60.72 -31.49
 262.00 -63.52 -39.06
 263.00 -51.02 -44.61
 264.00 -77.81 -34.16
 1001.00 -51.88 -45.59
 1002.00 -61.91 -24.14
 1003.00 -83.65 -28.01
 1004.00 -79.92 -21.24
 1005.00 -73.48 -28.90
 1006.00 -71.39 -45.11
 1007.00 -46.06 -41.97
 1008.00 -61.96 -57.79
 1009.00 -57.32 -40.98
 1010.00 -72.82 -51.31
 1011.00 -58.24 -40.53
 1012.00 -66.90 -39.70
 1013.00 -54.98 -38.82
 1014.00 -80.55 -33.97
 1015.00 -54.99 -36.06
 1016.00 -59.01 -47.20
 1017.00 -48.83 -64.05
 1018.00 -88.59 -45.48
 1019.00 -72.99   3.42
 1020.00 -101.99 158.96
 1021.00 -157.67 -19.70
 1022.00 -57.57 156.93
 1023.00 -69.54 -47.04
 1024.00 -83.63 -14.17
 1025.00 -60.92 -36.36
 1026.00 -64.06 -46.95
 1027.00 -64.76 -35.32
 1028.00 -67.15 -55.33
 1029.00 -69.79 -36.33
 1030.00 -71.42 -29.40
 1031.00 -75.81 -26.92
 1032.00 -63.72 -39.34
 1033.00 -56.15 -42.80
 1034.00 -68.45 -42.42
 1035.00 -70.20 -39.40
 1036.00 -59.14 -41.89
 1037.00 -47.34 -50.73
 1038.00 -60.31 -52.61
 1039.00 -55.50 -37.63
 1040.00 -75.83 -55.53
 1041.00  64.15 -37.03
 1042.00  89.00  59.20
 1043.00 -75.29  17.25
 1044.00  53.06 -21.15
 1066.00 -69.10 149.90
 1067.00 -41.03 -22.14
 1068.00 -57.16 -48.42
 1069.00 -58.13 -38.54
 1070.00 -74.64 -40.25
 1071.00 -67.56 -37.81
 1072.00 -59.35 -32.80
 1073.00 -66.47 -48.28
 1074.00 -89.97 -20.17
 1075.00 -73.49 -23.88
 1076.00 -59.26 -31.57
 1077.00 -61.81 -47.33
 1078.00 -77.26 -29.75
 1079.00 -62.00 -36.33
 1080.00 -70.04 -31.64
 1081.00  93.03 -12.57
 1082.00 -76.94  -5.69
 1083.00 -37.89  50.88
 1084.00 -78.28 -43.66
 1085.00 -72.05 -30.05
 1086.00 -77.14 -33.95
 1087.00 -55.64 -37.66
 1088.00 -58.95 -52.09
 1089.00 -76.52 -34.32
 1090.00 -52.88 -48.60
 1091.00 -61.18 -40.04
 1092.00 -65.23 -41.57
 1093.00 -61.49 -38.44
 1094.00 -56.51 -23.91
 1095.00 -72.97 -35.51
 1096.00 -60.38 -43.63
 1097.00 -52.02 -44.98
 1098.00 -59.69 -39.96
 1099.00 -63.94 -36.21
 1100.00 -67.28 -45.29
 1101.00 -44.58 -41.31
 1102.00 -80.23 -38.73
 1103.00 -63.17 -31.47
 1104.00 -83.23 -36.41
 1105.00 -38.19 -42.94
 313.00 -61.97 -51.50
 314.00 -87.65 -31.41
 315.00 -69.41 -30.20
 316.00 -82.48 -27.27
 317.00 -75.46 -24.63
 318.00 -60.59 -44.16
 319.00 -70.60 -44.37
 320.00 -75.08 -31.28
 321.00 -53.62 -39.25
 322.00 -72.61 -47.37
 323.00 -65.46 -31.97
 324.00 -75.14 -35.00
 325.00 -48.12 -30.33
 326.00 -78.91 -34.22
 327.00 -55.22 -46.02
 328.00 -66.89 -46.89
 329.00 -77.29 -41.15
 330.00 -54.89 -48.91
 331.00 -60.12 -43.10
 332.00 -62.73 -48.92
 333.00 -50.79 -48.09
 334.00 -78.06 -43.83
 335.00 -87.28 -36.94
 336.00 -63.17 -28.57
 337.00 -42.93 -41.28
 338.00 -44.37 -56.85
 339.00 -74.72 -60.60
 340.00 -68.87 -34.79
 341.00 -80.18 -22.41
 342.00 -50.94 -41.09
 343.00 -60.51 -49.35
 344.00 -42.18 -45.88
 345.00 -67.30 -45.72
 346.00 -68.65 -23.76
 347.00 -84.84 -33.74
 348.00 -74.91 -52.71
 349.00 -150.95 156.45
 350.00 -88.33 -58.04
 351.00 -119.65 -21.03
 352.00 -77.72 -15.32
 353.00 -146.45 176.94
 354.00 -69.64 131.27
 355.00 -80.83 -16.18
 356.00 -74.47 -29.57
 357.00 -52.79 -44.63
 358.00 -46.56 -39.21
 359.00 -54.96 -63.36
 360.00 -81.57 -30.44
 361.00 -59.13 -46.19
 362.00 -54.78 -38.26
 363.00 -60.65 -52.33
 364.00 -74.80 -46.93
 365.00 -72.62 -11.71
 366.00 -72.92 -31.52
 367.00 -98.22 -15.35
 368.00 -75.16 -16.83
 369.00 -69.52 -42.38
 370.00 -64.91  -7.94
 371.00 -58.03 -42.25
 372.00 -70.37 -28.11
 373.00 -138.91  -2.84
 374.00 -89.16   4.29
 375.00 -56.17 -32.73
 376.00 -69.50 -35.28
 377.00 -70.26 -34.74
 378.00 -51.34 -50.90
 379.00 -77.38 -44.78
 380.00 -61.32 -37.10
 381.00 -73.81 -35.82
 382.00 -114.19 -40.74
 383.00 -111.74 -21.74
 384.00 -59.01 104.08
 385.00 -62.37 -40.03
 386.00 -67.27 -37.77
 387.00 -43.93 -51.44
 388.00 -75.96 -43.05
 389.00 -83.08 -27.14
 390.00 -44.91 -44.50
 391.00 -69.26 -41.75
 392.00 -69.00 -35.70
 393.00 -59.85 -45.21
 394.00 -66.54 -44.84
 395.00 -100.02 -17.61
 396.00  54.70  20.81
 397.00 -78.70  19.59
 398.00 -63.79  47.94


