 residuo Phi Psi
  69.00 -65.52  72.71
  70.00 -61.75 -11.45
  71.00 -56.28 -35.95
  72.00 -65.29 -37.69
  73.00 -70.90 -33.57
  74.00 -53.01 -47.56
  75.00 -54.40 -56.34
  76.00 -51.34 -58.78
  77.00 -73.75 -46.51
  78.00 -68.80 -26.69
  79.00 -47.79 -56.20
  80.00 -67.97 -44.88
  81.00 -64.02 -26.93
  82.00 -60.19 -32.01
  83.00 -74.76 -30.20
  84.00 -61.10 -42.65
  85.00 -75.47 -59.07
  86.00 -71.45 -29.27
  87.00 -59.05 -35.76
  88.00 -60.18 -53.93
  89.00 -68.21 -67.93
  90.00 -68.13 -24.03
  91.00 -65.92 -51.54
  92.00 -46.11 -36.08
  93.00 -78.67 -49.01
  94.00 -54.29 -29.16
  95.00 -49.15 -56.33
  96.00 -67.55 -45.73
  97.00 -53.89 -38.59
  98.00 -70.11 -50.06
  99.00 -84.41 -32.30
 100.00 -123.84 -16.16
 101.00 -103.46 -19.94
 102.00 -45.32  80.19
 103.00 -52.78 -33.65
 104.00 -101.83 -28.06
 105.00 -89.86   3.54
 106.00 -144.84 107.38
 107.00 -50.35 166.44
 108.00 -70.61 -43.50
 109.00 -65.38 -40.88
 110.00 -71.31 -26.56
 111.00 -60.32 -44.93
 112.00 -82.90 -32.50
 113.00 -79.03 -22.58
 114.00 -64.44 -37.39
 115.00 -59.12 -41.98
 116.00 -69.65 -28.40
 117.00 -66.99 -31.85
 118.00 -66.37 -40.88
 119.00 -74.28 -36.00
 120.00 -57.32 -41.07
 121.00 -79.37 -40.32
 122.00 -52.51 -41.94
 123.00 -48.65 -45.91
 124.00 -107.15 -38.97
 125.00 -109.90 -31.76
 126.00 -117.75 -11.52
 127.00 -64.12 -55.30
 128.00 -63.40 -41.45
 129.00 -70.72 -31.00
 130.00 -65.40 -35.23
 131.00 -84.33 -29.60
 132.00 -52.92 -37.76
 133.00 -50.37 -44.72
 134.00 -59.05 -49.86
 135.00 -61.81 -47.08
 136.00 -88.00 -33.93
 137.00  80.94  -2.79
 138.00  75.81  44.67
 139.00 -81.97   4.29
 140.00 -72.42 153.55
 141.00 -72.66 114.10
 142.00 -122.40  -9.20
 143.00 -49.19 165.95
 144.00 -78.11 147.94
 145.00 -64.94 -21.08
 146.00 -83.90 -19.78
 147.00 -76.65  -5.66
 148.00 -65.62 -49.85
 149.00 -61.22 -27.47
 150.00 -75.82 -40.64
 151.00 -63.10 -32.13
 152.00 -57.81 -48.34
 153.00 -65.27 -48.16
 154.00 -55.07 -35.11
 155.00 -60.95 -54.32
 156.00 -45.09 -56.19
 157.00 -61.67 -68.64
 158.00 -73.27 -29.67
 159.00 -61.32 -42.76
 160.00 -62.15 -51.47
 161.00 -52.23 -44.88
 162.00 -74.09 -49.65
 163.00 -64.28 -29.10
 164.00 -66.09 -28.36
 165.00 -59.24 -47.61
 166.00 -56.21 -49.22
 167.00 -86.07 -37.35
 168.00 -54.44 -36.46
 169.00 -67.00 -40.73
 170.00 -55.74 -49.31
 171.00 -69.02 -40.30
 172.00 -77.72 -47.32
 173.00 -73.35 -20.24
 174.00 -75.20 -34.59
 175.00 -50.00 -40.40
 176.00 -63.97 -52.86
 177.00 -89.35 -16.19
 178.00 -86.27   1.84
 179.00 -56.43 126.87
 180.00 -117.13 -13.55
 181.00 -64.47  13.17
 182.00 -94.87  -2.04
 183.00 -70.69   3.33
 184.00 -49.94 141.57
 185.00 -90.48 -22.48
 186.00 -153.01 132.72
 187.00 -64.34 138.65
 188.00 -50.63  91.47
 189.00 -76.15 -29.19
 190.00 -59.08 -43.82
 191.00 -58.53 -34.63
 192.00 -65.50 -50.04
 193.00 -69.65 -40.49
 194.00 -68.93 -20.61
 195.00 -73.26 -42.36
 196.00 -61.73 -37.25
 197.00 -70.09 -36.15
 198.00 -66.52 -46.80
 199.00 -68.04 -36.42
 200.00 -52.83 -48.26
 201.00 -63.32 -50.64
 202.00 -53.99 -44.90
 203.00 -65.72 -41.52
 204.00 -58.00 -43.95
 205.00 -66.14 -38.53
 206.00 -78.29 -40.01
 207.00 -55.21 -18.89
 208.00 -64.30 -32.52
 209.00 -67.29 -17.99
 210.00 -64.74 -60.91
 211.00 -47.11 -42.76
 212.00 -92.09 -52.00
 213.00 -87.75 -21.63
 214.00 -70.23 -36.72
 215.00 -136.50   8.81
 216.00 -127.06 -29.23
 217.00 -60.97 106.16
 218.00 -60.69 -37.56
 219.00 -109.15  -0.25
 220.00 -126.71 -14.17
 221.00 -111.78 -15.82
 222.00 -50.70  79.66
 223.00  48.10 111.33
 224.00  81.17  32.38
 225.00 -73.97 -16.66
 226.00 -81.45 156.66
 227.00 -138.81  77.85
 228.00 -60.46 143.33
 229.00 -81.33 100.50
 230.00 -77.61 -11.25
 231.00 -58.77 117.15
 232.00 -81.34 -32.78
 233.00 -56.38 -43.48
 234.00 -84.50 -17.98
 235.00 -67.16 -62.16
 236.00 -61.02 -58.29
 237.00 -58.79 -42.01
 238.00 -68.95 -52.07
 239.00 -67.70 -23.85
 240.00 -87.87 -42.60
 241.00 -87.29 -29.37
 242.00 -143.41  -8.18
 243.00 -63.35 -64.71
 244.00 -49.18 -43.62
 245.00 -66.52 -67.54
 246.00 -54.74 -40.76
 247.00 -70.39 -43.73
 248.00 -49.62 -43.63
 249.00 -74.52 -47.05
 250.00 -74.50 -30.27
 251.00 -66.10 -40.42
 252.00 -58.39 -51.20
 253.00 -60.58 -36.97
 254.00 -67.06 -49.52
 255.00 -63.76 -38.74
 256.00 -56.04 -39.39
 257.00 -58.11 -53.94
 258.00 -49.76 -47.08
 259.00 -60.45 -46.94
 260.00 -61.75 -45.62
 261.00 -72.12 -24.63
 262.00 -66.18 -36.85
 263.00 -60.71 -39.18
 264.00 -72.07 -44.43
 1001.00 -63.83 -40.86
 1002.00 -53.62 -37.49
 1003.00 -69.19 -52.47
 1004.00 -70.06 -30.33
 1005.00 -63.82 -34.24
 1006.00 -57.90 -41.92
 1007.00 -52.15 -52.25
 1008.00 -65.37 -42.00
 1009.00 -60.66 -44.69
 1010.00 -70.33 -47.80
 1011.00 -74.52 -29.81
 1012.00 -65.49 -42.43
 1013.00 -60.99 -34.32
 1014.00 -63.68 -46.46
 1015.00 -63.63 -28.20
 1016.00 -68.72 -46.77
 1017.00 -63.23 -36.88
 1018.00 -117.83 -13.08
 1019.00 -67.55   1.29
 1020.00 -119.22 135.58
 1021.00 -115.82 -28.80
 1022.00 -59.22 144.85
 1023.00 -58.10 -36.90
 1024.00 -71.81 -30.21
 1025.00 -72.51 -36.40
 1026.00 -71.17 -30.68
 1027.00 -60.53 -55.39
 1028.00 -70.38 -35.09
 1029.00 -55.82 -50.79
 1030.00 -61.58 -31.65
 1031.00 -68.15 -37.04
 1032.00 -48.89 -59.30
 1033.00 -55.87 -39.27
 1034.00 -78.33 -47.31
 1035.00 -69.67 -30.85
 1036.00 -71.37 -38.20
 1037.00 -68.75 -36.78
 1038.00 -64.92 -44.59
 1039.00 -63.82 -39.03
 1040.00 -76.80 -27.52
 1041.00  50.29 -16.53
 1042.00  92.91  36.17
 1043.00 -60.84   8.23
 1044.00  57.11 -15.03
 1066.00 -63.17 -176.81
 1067.00 -57.47 -14.73
 1068.00 -59.89 -56.90
 1069.00 -66.03 -46.30
 1070.00 -67.89 -34.65
 1071.00 -65.14 -41.80
 1072.00 -50.13 -53.33
 1073.00 -67.41 -30.96
 1074.00 -51.39 -50.40
 1075.00 -64.75 -40.41
 1076.00 -55.43 -44.58
 1077.00 -64.58 -45.61
 1078.00 -71.05 -32.07
 1079.00 -57.33 -42.87
 1080.00 -67.75 -42.41
 1081.00  97.28 -15.04
 1082.00 -80.23   2.76
 1083.00 -59.60  77.10
 1084.00 -75.79 -45.32
 1085.00 -56.55 -52.23
 1086.00 -63.79 -38.06
 1087.00 -57.57 -40.37
 1088.00 -79.61 -41.76
 1089.00 -65.96 -21.70
 1090.00 -60.56 -45.38
 1091.00 -71.17 -30.80
 1092.00 -78.28 -20.42
 1093.00 -60.39 -45.71
 1094.00 -53.40 -30.24
 1095.00 -85.55 -29.34
 1096.00 -66.74 -37.18
 1097.00 -60.87 -37.66
 1098.00 -67.18 -45.67
 1099.00 -56.01 -42.32
 1100.00 -72.50 -53.41
 1101.00 -53.95 -37.93
 1102.00 -61.08 -41.10
 1103.00 -49.48 -50.04
 1104.00 -53.40 -56.12
 1105.00 -73.66 -46.29
 313.00 -68.58 -29.16
 314.00 -67.38 -37.43
 315.00 -65.90 -30.88
 316.00 -76.72 -33.65
 317.00 -52.35 -37.56
 318.00 -59.36 -51.40
 319.00 -56.87 -47.49
 320.00 -58.40 -43.54
 321.00 -68.74 -42.51
 322.00 -56.22 -42.30
 323.00 -61.19 -58.10
 324.00 -48.23 -50.28
 325.00 -58.77 -44.30
 326.00 -55.09 -46.62
 327.00 -56.85 -51.52
 328.00 -71.80 -34.18
 329.00 -48.58 -60.15
 330.00 -56.85 -57.13
 331.00 -75.71 -31.25
 332.00 -60.29 -45.91
 333.00 -70.18 -50.05
 334.00 -89.51 -20.91
 335.00 -104.32 -23.87
 336.00 -61.51 -13.50
 337.00 -51.98 -46.84
 338.00 -60.22 -44.39
 339.00 -51.97 -51.95
 340.00 -69.51 -28.74
 341.00 -68.68 -64.84
 342.00 -61.92 -46.13
 343.00 -57.80 -50.90
 344.00 -67.59 -43.11
 345.00 -68.87 -40.84
 346.00 -104.10   3.10
 347.00 -62.24 -33.32
 348.00 -92.20 -51.52
 349.00 -137.51 124.88
 350.00 -128.72 -35.70
 351.00 -81.67 -18.14
 352.00 -132.90 -13.52
 353.00 -100.03 164.36
 354.00 -74.93 117.77
 355.00 -61.65 -31.58
 356.00 -73.01 -51.45
 357.00 -58.62 -43.40
 358.00 -54.11 -44.52
 359.00 -74.50 -42.86
 360.00 -69.00 -19.30
 361.00 -55.17 -56.21
 362.00 -70.61 -27.51
 363.00 -69.51 -44.51
 364.00 -77.14 -34.27
 365.00 -62.72 -29.24
 366.00 -74.56 -50.06
 367.00 -69.70 -30.00
 368.00 -70.41 -31.03
 369.00 -68.29 -37.01
 370.00 -77.21 -22.24
 371.00 -71.49 -17.69
 372.00 -80.61 -11.99
 373.00 -89.79 -24.54
 374.00 -77.38 -12.07
 375.00 -63.28 -37.01
 376.00 -44.62 -46.77
 377.00 -75.63 -39.06
 378.00 -60.79 -29.07
 379.00 -66.01 -55.70
 380.00 -74.36 -19.23
 381.00 -89.51 -40.50
 382.00 -96.23 -28.21
 383.00 -155.92  -8.47
 384.00 -62.95 120.25
 385.00 -68.07 -39.08
 386.00 -71.40 -40.80
 387.00 -54.25 -44.00
 388.00 -65.70 -47.06
 389.00 -58.55 -36.71
 390.00 -78.09 -38.16
 391.00 -63.44 -37.53
 392.00 -81.72 -15.79
 393.00 -60.20 -44.43
 394.00 -80.14 -39.70
 395.00 -94.81 -15.59
 396.00  54.06   5.38
 397.00 -77.99  34.93
 398.00 -66.46  61.19


