 residuo Phi Psi
  69.00 -76.24 128.43
  70.00 -57.02  -0.31
  71.00 -62.33 -24.07
  72.00 -85.99 -32.81
  73.00 -75.86 -26.03
  74.00 -66.50 -43.29
  75.00 -58.38 -31.71
  76.00 -67.04 -49.87
  77.00 -61.22 -38.69
  78.00 -52.68 -49.94
  79.00 -54.39 -42.22
  80.00 -103.70 -23.39
  81.00 -65.59 -26.59
  82.00 -65.53 -31.32
  83.00 -68.46 -16.05
  84.00 -54.51 -48.57
  85.00 -57.01 -54.62
  86.00 -74.02 -43.26
  87.00 -74.38 -31.08
  88.00 -63.80 -50.98
  89.00 -58.11 -69.59
  90.00 -51.73 -45.94
  91.00 -65.70 -56.47
  92.00 -66.77 -26.33
  93.00 -74.96 -39.23
  94.00 -58.88 -34.25
  95.00 -69.57 -44.55
  96.00 -84.23 -18.74
  97.00 -58.10 -43.80
  98.00 -82.65 -35.63
  99.00 -83.79 -18.12
 100.00 -123.07 -19.66
 101.00 -88.59 -36.24
 102.00 -65.63 108.75
 103.00 -72.36 -20.71
 104.00 -139.76   4.77
 105.00 -55.55 -18.24
 106.00 -164.87  89.46
 107.00 -54.84 164.78
 108.00 -60.81 -42.58
 109.00 -71.81 -48.78
 110.00 -58.34 -33.09
 111.00 -65.40 -32.48
 112.00 -62.00 -51.85
 113.00 -55.97 -36.96
 114.00 -68.04 -36.45
 115.00 -56.18 -37.40
 116.00 -85.11 -31.21
 117.00 -60.42 -35.15
 118.00 -70.62 -36.91
 119.00 -74.63 -26.44
 120.00 -65.02 -42.93
 121.00 -46.21 -53.18
 122.00 -66.63 -44.25
 123.00 -53.36 -44.16
 124.00 -116.51 -29.56
 125.00 -115.08 -28.52
 126.00 -83.05 -33.68
 127.00 -57.12 -67.49
 128.00 -61.26 -42.80
 129.00 -69.90 -33.38
 130.00 -74.04 -35.13
 131.00 -72.03 -29.60
 132.00 -56.65 -45.13
 133.00 -45.46 -32.97
 134.00 -60.15 -50.86
 135.00 -82.15 -41.94
 136.00 -80.01 -21.52
 137.00  66.35  26.14
 138.00  63.06  32.96
 139.00 -125.24  35.59
 140.00 -58.81 154.49
 141.00 -74.30 113.44
 142.00 -74.27 -41.04
 143.00 -55.95 171.74
 144.00 -46.48 145.84
 145.00 -63.21 -45.58
 146.00 -112.90  -5.58
 147.00 -59.82   0.74
 148.00 -59.48 -59.00
 149.00 -61.78 -37.16
 150.00 -65.69 -36.49
 151.00 -58.87 -43.64
 152.00 -54.02 -41.41
 153.00 -68.72 -49.32
 154.00 -60.17 -35.77
 155.00 -85.49 -36.83
 156.00 -75.95 -37.08
 157.00 -62.92 -52.81
 158.00 -77.85 -30.20
 159.00 -78.60 -24.12
 160.00 -70.54 -39.97
 161.00 -47.66 -39.25
 162.00 -84.80 -49.24
 163.00 -60.14 -42.17
 164.00 -61.73 -36.16
 165.00 -63.25 -40.54
 166.00 -65.71 -38.08
 167.00 -66.93 -39.88
 168.00 -54.78 -49.45
 169.00 -75.79 -35.21
 170.00 -69.10 -43.16
 171.00 -55.72 -39.17
 172.00 -69.95 -60.92
 173.00 -75.11 -22.01
 174.00 -81.36 -35.36
 175.00 -68.38 -23.06
 176.00 -72.82 -45.27
 177.00 -82.61 -12.57
 178.00 -74.69  -9.18
 179.00 -65.14 135.24
 180.00 -125.69 -14.46
 181.00 -50.06  24.45
 182.00 -77.16 -22.05
 183.00 -76.56  -2.16
 184.00 -70.34 142.10
 185.00 -62.57 -35.56
 186.00 -143.17 134.48
 187.00 -118.88 177.37
 188.00 -74.41 142.90
 189.00 -49.51 -41.70
 190.00 -61.43 -51.82
 191.00 -70.48 -51.30
 192.00 -67.35 -29.08
 193.00 -66.13 -36.16
 194.00 -71.50 -33.44
 195.00 -61.18 -35.68
 196.00 -57.75 -46.34
 197.00 -58.62 -40.22
 198.00 -63.92 -56.03
 199.00 -65.07 -36.08
 200.00 -51.55 -53.11
 201.00 -64.19 -37.85
 202.00 -50.10 -41.49
 203.00 -71.40 -43.26
 204.00 -61.19 -41.13
 205.00 -69.97 -41.75
 206.00 -85.95 -34.81
 207.00 -63.62 -10.69
 208.00 -60.57 -22.86
 209.00 -65.54 -23.80
 210.00 -70.39 -58.47
 211.00 -71.77 -27.64
 212.00 -107.64 -58.49
 213.00 -44.44 -51.06
 214.00 -76.22 -31.10
 215.00 -79.42 -18.03
 216.00 -158.29  11.14
 217.00 -60.81 130.74
 218.00 -67.82 -23.01
 219.00 -64.83 -28.56
 220.00 -85.24 -43.35
 221.00 -127.05 -32.57
 222.00 -139.25 145.27
 223.00  40.23 138.87
 224.00  74.25  31.39
 225.00 -83.24  -0.27
 226.00 -79.82 146.59
 227.00 -166.21 112.54
 228.00 -80.20 111.52
 229.00 -118.37 122.85
 230.00 -65.93  10.46
 231.00 -39.52 121.45
 232.00 -69.54 -28.43
 233.00 -100.28 -23.98
 234.00 -68.35 -48.86
 235.00 -89.96 -50.05
 236.00 -92.31 -40.25
 237.00 -57.19 -57.29
 238.00 -72.15 -25.06
 239.00 -48.76 -20.23
 240.00 -80.84 -48.47
 241.00 -91.65 -37.24
 242.00 -143.59 -12.86
 243.00 -79.54 -65.06
 244.00 -70.49 -30.33
 245.00 -64.74 -54.33
 246.00 -59.01 -27.28
 247.00 -74.09 -44.49
 248.00 -82.73 -29.54
 249.00 -48.02 -40.62
 250.00 -67.88 -53.96
 251.00 -65.00 -41.20
 252.00 -67.79 -42.06
 253.00 -38.40 -44.16
 254.00 -75.54 -57.23
 255.00 -64.88 -28.82
 256.00 -73.97 -36.64
 257.00 -67.10 -46.14
 258.00 -59.96 -36.08
 259.00 -63.24 -44.54
 260.00 -62.26 -48.86
 261.00 -64.82 -38.86
 262.00 -73.54 -33.96
 263.00 -65.05 -29.29
 264.00 -69.03 -43.14
 1001.00 -64.60 -29.32
 1002.00 -52.61 -27.74
 1003.00 -63.08 -51.26
 1004.00 -83.58 -29.71
 1005.00 -64.05 -37.30
 1006.00 -58.88 -43.48
 1007.00 -60.68 -40.30
 1008.00 -66.28 -36.77
 1009.00 -52.47 -43.62
 1010.00 -56.99 -66.42
 1011.00 -61.42 -26.71
 1012.00 -72.45 -49.47
 1013.00 -59.44 -36.00
 1014.00 -75.44 -36.85
 1015.00 -70.92 -15.57
 1016.00 -61.81 -51.86
 1017.00 -70.93 -48.87
 1018.00 -128.35  -0.49
 1019.00 -80.47  -0.61
 1020.00 -105.47 161.95
 1021.00 -139.50 -25.95
 1022.00 -58.67 156.66
 1023.00 -68.24 -42.21
 1024.00 -62.17 -36.92
 1025.00 -63.18 -46.33
 1026.00 -54.33 -49.51
 1027.00 -58.74 -40.76
 1028.00 -68.87 -47.56
 1029.00 -65.88 -39.34
 1030.00 -71.25 -26.54
 1031.00 -69.40 -48.36
 1032.00 -56.78 -38.11
 1033.00 -58.36 -40.99
 1034.00 -69.93 -42.92
 1035.00 -69.62 -38.14
 1036.00 -70.92 -27.46
 1037.00 -62.20 -39.62
 1038.00 -56.49 -55.85
 1039.00 -74.66 -37.26
 1040.00 -85.46 -31.69
 1041.00  43.70 -17.47
 1042.00  99.05  43.33
 1043.00 -76.95  26.52
 1044.00  71.88 -24.85
 1066.00 -55.99 145.71
 1067.00 -41.98 -21.71
 1068.00 -64.26 -48.40
 1069.00 -79.37 -28.94
 1070.00 -62.61 -39.00
 1071.00 -71.35 -28.07
 1072.00 -41.44 -48.86
 1073.00 -70.81 -46.32
 1074.00 -56.58 -48.40
 1075.00 -75.02 -33.26
 1076.00 -70.85 -31.76
 1077.00 -67.66 -35.27
 1078.00 -56.71 -38.94
 1079.00 -66.31 -43.60
 1080.00 -57.24 -49.72
 1081.00  87.02 -15.22
 1082.00 -76.92  14.97
 1083.00 -51.38  66.09
 1084.00 -71.78 -39.07
 1085.00 -77.96 -31.71
 1086.00 -56.39 -40.11
 1087.00 -73.04 -36.24
 1088.00 -63.58 -32.10
 1089.00 -61.09 -45.22
 1090.00 -65.88 -47.59
 1091.00 -61.89 -44.52
 1092.00 -82.63 -23.47
 1093.00 -53.03 -32.36
 1094.00 -44.60 -38.05
 1095.00 -60.45 -66.94
 1096.00 -68.37 -36.42
 1097.00 -51.16 -57.82
 1098.00 -51.14 -46.87
 1099.00 -71.46 -40.89
 1100.00 -83.15 -17.18
 1101.00 -58.17 -49.45
 1102.00 -56.96 -34.57
 1103.00 -70.53 -48.69
 1104.00 -66.67 -36.90
 1105.00 -58.36 -39.84
 313.00 -61.34 -47.94
 314.00 -64.20 -40.58
 315.00 -74.69 -27.12
 316.00 -44.82 -50.36
 317.00 -70.97 -42.27
 318.00 -63.36 -41.82
 319.00 -52.83 -46.32
 320.00 -76.34 -39.28
 321.00 -67.40 -38.21
 322.00 -74.04 -35.58
 323.00 -88.25 -27.17
 324.00 -62.40 -21.90
 325.00 -74.04 -35.72
 326.00 -73.58 -14.56
 327.00 -52.45 -44.34
 328.00 -57.76 -52.00
 329.00 -55.69 -59.38
 330.00 -70.89 -45.18
 331.00 -73.86 -27.67
 332.00 -57.29 -41.26
 333.00 -66.05 -53.99
 334.00 -84.62 -22.26
 335.00 -126.36  -7.95
 336.00 -67.88 -21.68
 337.00 -64.15 -35.94
 338.00 -59.36 -34.38
 339.00 -71.65 -54.57
 340.00 -73.66 -40.48
 341.00 -82.80 -28.79
 342.00 -69.33 -24.88
 343.00 -75.12 -32.73
 344.00 -50.95 -43.95
 345.00 -55.19 -36.26
 346.00 -62.24 -51.75
 347.00 -69.77 -48.70
 348.00 -88.98 -37.65
 349.00 -149.36 151.24
 350.00 -63.54 -45.70
 351.00 -135.70 -24.00
 352.00 -66.51 -22.63
 353.00 -92.04 141.57
 354.00 -59.69 107.26
 355.00 -74.54 -33.25
 356.00 -62.51 -35.93
 357.00 -60.67 -54.37
 358.00 -61.44 -38.06
 359.00 -66.17 -41.23
 360.00 -72.68 -33.55
 361.00 -73.29 -44.28
 362.00 -58.36 -31.64
 363.00 -80.99 -26.51
 364.00 -63.18 -50.06
 365.00 -86.05 -20.60
 366.00 -75.34 -35.49
 367.00 -60.99 -27.91
 368.00 -59.22 -39.49
 369.00 -72.08 -56.35
 370.00 -79.61 -12.54
 371.00 -67.03 -20.54
 372.00 -72.40 -12.41
 373.00 -85.91 -12.99
 374.00 -79.52 -18.92
 375.00 -58.22 -36.34
 376.00 -56.61 -42.75
 377.00 -63.62 -50.06
 378.00 -78.26 -32.35
 379.00 -76.84 -28.21
 380.00 -50.05 -37.52
 381.00 -63.96 -50.25
 382.00 -97.75 -52.55
 383.00 -115.19 -17.49
 384.00 -67.37 128.65
 385.00 -79.95 -40.47
 386.00 -52.32 -39.35
 387.00 -67.84 -48.17
 388.00 -67.87 -48.22
 389.00 -48.36 -40.43
 390.00 -62.05 -53.54
 391.00 -79.69 -35.04
 392.00 -104.77  -8.26
 393.00 -67.94 -22.84
 394.00 -74.41 -39.63
 395.00 -81.49 -20.23
 396.00  57.94   1.60
 397.00 -115.93  30.94
 398.00 -60.15  63.67


