 residuo Phi Psi
  69.00 -84.15 117.69
  70.00 -57.23  28.01
  71.00 -62.39 -37.47
  72.00 -71.21 -35.08
  73.00 -62.41 -39.95
  74.00 -70.03 -36.75
  75.00 -96.72  -6.50
  76.00 -52.87 -46.99
  77.00 -67.50 -35.01
  78.00 -75.14 -28.56
  79.00 -74.53 -29.44
  80.00 -60.64 -40.43
  81.00 -56.48 -31.30
  82.00 -57.69 -16.01
  83.00 -66.73 -41.70
  84.00 -77.27 -40.33
  85.00 -60.73 -41.29
  86.00 -60.67 -50.81
  87.00 -78.62 -24.27
  88.00 -69.44 -56.08
  89.00 -79.75 -47.81
  90.00 -91.39 -14.73
  91.00 -73.64 -47.40
  92.00 -61.23 -20.94
  93.00 -73.63 -30.38
  94.00 -65.43 -34.92
  95.00 -76.64 -40.32
  96.00 -68.05 -31.77
  97.00 -61.19 -48.01
  98.00 -66.02 -52.72
  99.00 -77.81 -20.41
 100.00 -113.02 -17.37
 101.00 -87.29 -50.50
 102.00 -65.54 123.58
 103.00 -78.01 -37.91
 104.00 -105.95   0.78
 105.00 -70.49 -17.67
 106.00 -139.65  81.04
 107.00 -54.28 165.29
 108.00 -54.65 -37.82
 109.00 -65.81 -58.08
 110.00 -67.46 -27.67
 111.00 -61.24 -43.34
 112.00 -71.96 -27.15
 113.00 -77.05 -19.80
 114.00 -70.55 -31.44
 115.00 -62.25 -31.18
 116.00 -66.52 -39.72
 117.00 -71.79 -37.73
 118.00 -60.26 -31.37
 119.00 -78.97 -32.05
 120.00 -70.70 -39.53
 121.00 -68.18 -30.20
 122.00 -59.70 -49.28
 123.00 -69.87 -47.84
 124.00 -94.68 -15.57
 125.00 -87.84 -56.57
 126.00 -103.90 -33.25
 127.00 -52.58 -60.09
 128.00 -56.15 -37.14
 129.00 -65.36 -47.87
 130.00 -72.23 -38.31
 131.00 -65.12 -37.51
 132.00 -70.01 -36.37
 133.00 -65.04 -34.02
 134.00 -73.69 -19.55
 135.00 -79.99 -29.22
 136.00 -78.06 -38.22
 137.00  75.79  33.44
 138.00  73.69   4.21
 139.00 -111.19  23.41
 140.00 -66.42 170.37
 141.00 -73.31 108.46
 142.00 -142.39   9.52
 143.00 -45.70 169.08
 144.00 -72.34 146.88
 145.00 -60.28 -42.06
 146.00 -68.08 -22.18
 147.00 -68.57 -25.28
 148.00 -58.37 -36.89
 149.00 -69.38 -53.25
 150.00 -63.17 -27.66
 151.00 -74.21 -38.69
 152.00 -48.84 -28.08
 153.00 -57.61 -51.18
 154.00 -65.16 -53.27
 155.00 -59.22 -47.44
 156.00 -70.55 -45.09
 157.00 -75.17 -39.77
 158.00 -66.43 -46.08
 159.00 -57.61 -41.23
 160.00 -56.65 -46.89
 161.00 -50.29 -43.37
 162.00 -73.05 -58.04
 163.00 -64.94 -32.20
 164.00 -64.66 -36.04
 165.00 -61.46 -36.73
 166.00 -60.36 -45.88
 167.00 -59.78 -51.04
 168.00 -62.33 -47.43
 169.00 -65.68 -36.04
 170.00 -71.11 -40.55
 171.00 -80.64 -31.65
 172.00 -70.22 -43.10
 173.00 -56.07 -35.68
 174.00 -76.02 -33.39
 175.00 -66.58 -40.91
 176.00 -83.84 -33.33
 177.00 -91.17  -9.56
 178.00 -73.45  -8.59
 179.00 -73.74 144.54
 180.00 -114.45 -22.43
 181.00 -68.37  27.60
 182.00 -79.07 -10.70
 183.00 -66.79 -10.14
 184.00 -83.80 154.10
 185.00 -80.39 -12.27
 186.00 -80.94  35.68
 187.00 -84.15 136.01
 188.00 -68.10 128.19
 189.00 -50.17 -44.10
 190.00 -60.80 -56.89
 191.00 -60.10 -38.65
 192.00 -62.28 -47.94
 193.00 -61.10 -47.68
 194.00 -72.98 -31.70
 195.00 -68.97 -30.60
 196.00 -64.88 -38.81
 197.00 -74.57 -36.25
 198.00 -75.24 -30.25
 199.00 -60.31 -36.19
 200.00 -60.78 -47.91
 201.00 -67.33 -30.30
 202.00 -61.79 -50.75
 203.00 -52.70 -39.79
 204.00 -58.93 -60.70
 205.00 -68.65 -39.89
 206.00 -93.93 -21.53
 207.00 -53.54 -31.28
 208.00 -62.45 -33.43
 209.00 -64.63 -30.33
 210.00 -59.18 -60.53
 211.00 -72.54 -27.47
 212.00 -69.64 -55.45
 213.00 -65.13 -40.71
 214.00 -81.83 -19.28
 215.00 -81.50 -34.37
 216.00 -150.10 -13.76
 217.00 -59.26 113.37
 218.00 -76.28 -30.56
 219.00 -94.32  -2.84
 220.00 -136.54 -10.24
 221.00 -147.63  12.90
 222.00 -153.32 133.67
 223.00  59.69 124.42
 224.00  97.06  15.32
 225.00 -87.33   4.22
 226.00 -73.85 133.18
 227.00 -144.42 100.28
 228.00 -65.95 132.81
 229.00 -109.35 104.13
 230.00 -66.46 -27.71
 231.00 -55.30 126.13
 232.00 -60.31 -37.74
 233.00 -108.21 -18.89
 234.00 -66.89 -47.54
 235.00 -80.25 -46.22
 236.00 -76.23 -64.91
 237.00 -66.65 -29.48
 238.00 -56.51 -25.80
 239.00 -75.88 -30.68
 240.00 -83.92 -38.32
 241.00 -64.74 -34.72
 242.00 -140.44 -31.36
 243.00 -66.07 -67.93
 244.00 -67.78 -33.09
 245.00 -55.97 -59.46
 246.00 -67.33 -23.20
 247.00 -76.54 -46.61
 248.00 -71.68 -29.61
 249.00 -61.06 -42.19
 250.00 -62.41 -61.67
 251.00 -81.35 -30.32
 252.00 -50.26 -46.64
 253.00 -67.07 -28.84
 254.00 -54.86 -59.96
 255.00 -65.53 -39.52
 256.00 -62.11 -35.77
 257.00 -68.98 -51.88
 258.00 -74.19 -29.58
 259.00 -67.43 -31.48
 260.00 -56.73 -43.79
 261.00 -90.03 -36.84
 262.00 -76.56 -15.02
 263.00 -60.73 -32.91
 264.00 -61.94 -50.90
 1001.00 -48.86 -48.88
 1002.00 -58.03 -32.81
 1003.00 -92.28 -36.75
 1004.00 -63.84 -24.73
 1005.00 -61.78 -45.81
 1006.00 -65.38 -30.34
 1007.00 -78.58 -47.03
 1008.00 -76.62 -16.03
 1009.00 -74.13 -31.47
 1010.00 -64.24 -47.56
 1011.00 -73.11 -35.30
 1012.00 -70.63 -39.30
 1013.00 -65.65 -36.23
 1014.00 -65.73 -36.24
 1015.00 -60.16 -32.82
 1016.00 -53.16 -61.81
 1017.00 -71.62 -36.61
 1018.00 -133.14 -15.38
 1019.00 -65.72   9.18
 1020.00 -89.72 137.45
 1021.00 -153.34 -25.65
 1022.00 -65.54 169.45
 1023.00 -64.87 -36.97
 1024.00 -69.31 -36.88
 1025.00 -67.84 -37.03
 1026.00 -73.44 -35.14
 1027.00 -64.48 -30.64
 1028.00 -77.96 -44.09
 1029.00 -66.93 -41.62
 1030.00 -71.58 -22.52
 1031.00 -51.04 -57.20
 1032.00 -54.86 -46.20
 1033.00 -43.48 -60.14
 1034.00 -74.64 -44.24
 1035.00 -72.98 -38.99
 1036.00 -66.73 -29.98
 1037.00 -57.19 -42.91
 1038.00 -77.64 -38.66
 1039.00 -72.41 -33.57
 1040.00 -92.00 -21.71
 1041.00  60.71 -24.02
 1042.00 111.35  37.30
 1043.00 -78.11  16.79
 1044.00  70.32 -22.45
 1066.00 -66.39 145.84
 1067.00 -44.96  -9.51
 1068.00 -76.10 -30.23
 1069.00 -53.10 -40.67
 1070.00 -70.79 -44.73
 1071.00 -64.16 -25.05
 1072.00 -67.65 -47.11
 1073.00 -50.11 -26.65
 1074.00 -62.11 -59.49
 1075.00 -60.46 -38.39
 1076.00 -56.64 -43.24
 1077.00 -68.10 -40.27
 1078.00 -75.14 -29.30
 1079.00 -81.34 -20.96
 1080.00 -72.19 -33.83
 1081.00  52.73  -0.49
 1082.00 -73.50  21.87
 1083.00 -41.57  63.89
 1084.00 -59.06 -57.48
 1085.00 -81.35 -32.98
 1086.00 -63.51 -38.38
 1087.00 -61.78 -37.55
 1088.00 -70.05 -38.09
 1089.00 -65.37 -41.99
 1090.00 -76.24 -39.61
 1091.00 -69.06 -31.69
 1092.00 -57.42 -38.18
 1093.00 -70.74 -34.33
 1094.00 -59.80 -24.50
 1095.00 -65.48 -52.87
 1096.00 -58.22 -39.91
 1097.00 -54.38 -53.17
 1098.00 -76.80 -31.36
 1099.00 -62.63 -40.79
 1100.00 -70.83 -42.40
 1101.00 -64.47 -40.59
 1102.00 -69.16 -43.82
 1103.00 -64.97 -20.17
 1104.00 -61.32 -45.17
 1105.00 -58.97 -34.53
 313.00 -63.31 -43.24
 314.00 -88.20 -23.71
 315.00 -55.58 -36.66
 316.00 -69.42 -46.58
 317.00 -59.75 -36.05
 318.00 -68.85 -35.58
 319.00 -49.80 -55.48
 320.00 -65.05 -36.88
 321.00 -59.67 -40.72
 322.00 -57.59 -43.65
 323.00 -59.36 -40.61
 324.00 -65.96 -39.71
 325.00 -71.21 -27.16
 326.00 -71.76 -18.49
 327.00 -56.49 -53.86
 328.00 -64.95 -39.97
 329.00 -60.94 -55.09
 330.00 -76.88 -36.48
 331.00 -90.35  -4.05
 332.00 -57.01 -60.46
 333.00 -71.24 -46.69
 334.00 -77.61 -31.98
 335.00 -118.78  -6.57
 336.00 -63.13 -29.20
 337.00 -69.38 -42.89
 338.00 -57.95 -30.01
 339.00 -67.29 -54.72
 340.00 -64.71 -45.72
 341.00 -69.62 -32.38
 342.00 -72.60 -34.18
 343.00 -64.52 -37.86
 344.00 -67.48 -31.44
 345.00 -54.79 -43.70
 346.00 -53.97 -43.56
 347.00 -96.37 -42.85
 348.00 -71.01 -46.65
 349.00 -125.89 136.96
 350.00 -68.52 -69.12
 351.00 -75.30 -34.60
 352.00 -110.66 -16.09
 353.00 -107.71 165.21
 354.00 -50.31  98.11
 355.00 -89.75 -24.10
 356.00 -89.13 -30.02
 357.00 -71.32 -36.57
 358.00 -60.82 -31.50
 359.00 -69.04 -33.01
 360.00 -60.41 -45.28
 361.00 -58.98 -43.59
 362.00 -61.37 -41.63
 363.00 -70.79 -33.41
 364.00 -64.86 -54.43
 365.00 -75.63 -18.73
 366.00 -85.56 -32.91
 367.00 -66.96 -24.68
 368.00 -47.76 -38.32
 369.00 -61.60 -62.79
 370.00 -58.51 -24.68
 371.00 -56.65 -27.82
 372.00 -58.66 -32.62
 373.00 -68.87 -29.43
 374.00 -93.98 -16.04
 375.00 -59.92 -34.84
 376.00 -51.74 -36.45
 377.00 -78.73 -33.84
 378.00 -63.74 -35.82
 379.00 -64.50 -43.45
 380.00 -69.90 -30.56
 381.00 -86.18 -40.92
 382.00 -122.52 -38.17
 383.00 -149.69  12.78
 384.00 -64.09 113.70
 385.00 -61.78 -44.00
 386.00 -54.85 -49.52
 387.00 -60.98 -41.28
 388.00 -75.51 -29.71
 389.00 -75.25 -25.31
 390.00 -55.49 -50.77
 391.00 -42.72 -51.90
 392.00 -119.64 -20.20
 393.00 -66.56 -16.40
 394.00 -71.92 -42.21
 395.00 -121.51   5.60
 396.00  40.69  12.82
 397.00 -90.79  41.12
 398.00 -57.62  47.96


