 residuo Phi Psi
  69.00 -62.00 124.76
  70.00 -47.64 -36.35
  71.00 -69.09 -54.30
  72.00 -58.69 -32.19
  73.00 -61.60 -44.60
  74.00 -52.83 -45.24
  75.00 -69.35 -51.04
  76.00 -56.33 -39.06
  77.00 -64.05 -39.88
  78.00 -54.54 -40.13
  79.00 -83.72 -35.94
  80.00 -54.81 -41.19
  81.00 -56.55 -46.27
  82.00 -51.15 -35.10
  83.00 -64.86 -42.51
  84.00 -78.91 -27.32
  85.00 -63.22 -40.64
  86.00 -54.58 -48.36
  87.00 -65.13 -30.69
  88.00 -64.45 -60.58
  89.00 -71.82 -52.46
  90.00 -92.87  -2.22
  91.00 -71.05 -65.75
  92.00 -52.26 -27.36
  93.00 -71.32 -41.13
  94.00 -75.98 -37.75
  95.00 -72.84 -29.47
  96.00 -73.78 -32.34
  97.00 -59.83 -35.38
  98.00 -62.97 -60.60
  99.00 -68.19 -28.62
 100.00 -125.92 -39.56
 101.00 -110.97  -3.81
 102.00 -56.47 132.19
 103.00 -92.15 -37.80
 104.00 -115.90   2.07
 105.00 -59.10 -19.45
 106.00 -157.39  62.93
 107.00 -48.38 170.63
 108.00 -74.27 -56.93
 109.00 -63.40 -34.56
 110.00 -58.83 -27.49
 111.00 -61.64 -30.83
 112.00 -89.40 -30.86
 113.00 -67.57 -19.96
 114.00 -75.04 -33.60
 115.00 -59.32 -27.70
 116.00 -76.71 -39.29
 117.00 -72.80 -39.86
 118.00 -63.42 -31.84
 119.00 -65.37 -49.37
 120.00 -60.47 -36.59
 121.00 -65.77 -46.99
 122.00 -59.89 -43.54
 123.00 -64.97 -40.48
 124.00 -89.50 -38.47
 125.00 -103.54 -30.39
 126.00 -112.69 -28.02
 127.00 -56.08 -55.54
 128.00 -62.92 -42.41
 129.00 -81.54 -29.77
 130.00 -64.72 -25.45
 131.00 -62.45 -38.22
 132.00 -62.98 -50.36
 133.00 -62.88 -25.49
 134.00 -71.69 -40.50
 135.00 -62.75 -41.75
 136.00 -81.22 -34.03
 137.00  64.41  22.33
 138.00  66.91  40.11
 139.00 -130.47  29.86
 140.00 -63.11 153.81
 141.00 -89.02 118.28
 142.00 -138.02   9.51
 143.00 -57.31 -177.55
 144.00 -65.44 141.06
 145.00 -66.62 -34.52
 146.00 -82.45 -15.43
 147.00 -56.83 -19.36
 148.00 -65.76 -49.97
 149.00 -87.87 -21.22
 150.00 -68.63 -31.62
 151.00 -79.07 -19.02
 152.00 -75.47 -22.14
 153.00 -85.86 -33.88
 154.00 -58.62 -29.71
 155.00 -72.90 -55.43
 156.00 -60.15 -43.31
 157.00 -62.92 -52.07
 158.00 -71.81 -45.55
 159.00 -49.56 -44.72
 160.00 -65.46 -52.96
 161.00 -52.58 -36.12
 162.00 -82.22 -51.82
 163.00 -50.64 -36.78
 164.00 -70.11 -26.00
 165.00 -57.55 -49.10
 166.00 -71.50 -35.70
 167.00 -66.66 -53.78
 168.00 -68.22 -28.61
 169.00 -86.70 -30.37
 170.00 -53.13 -36.34
 171.00 -55.27 -51.66
 172.00 -53.21 -63.10
 173.00 -60.46 -37.00
 174.00 -87.59 -45.14
 175.00 -67.11 -25.04
 176.00 -72.68 -46.43
 177.00 -86.38   4.95
 178.00 -53.38 -21.42
 179.00 -68.98 138.47
 180.00 -137.32  -6.48
 181.00 -64.30  20.99
 182.00 -79.85 -12.06
 183.00 -64.15  15.64
 184.00 -68.86 139.43
 185.00 -107.94   0.38
 186.00 -151.93 163.07
 187.00 -151.70 179.93
 188.00 -51.35 103.46
 189.00 -56.21 -49.30
 190.00 -93.22 -30.16
 191.00 -58.43 -53.43
 192.00 -60.56 -45.81
 193.00 -62.54 -22.21
 194.00 -68.39 -29.91
 195.00 -57.91 -39.31
 196.00 -71.57 -44.32
 197.00 -44.32 -40.05
 198.00 -55.60 -58.29
 199.00 -62.71 -46.14
 200.00 -73.22 -34.80
 201.00 -62.12 -47.08
 202.00 -80.39 -37.49
 203.00 -58.18 -29.78
 204.00 -65.18 -40.20
 205.00 -64.59 -39.39
 206.00 -87.46 -45.04
 207.00 -55.68 -48.30
 208.00 -54.29 -38.31
 209.00 -71.03 -24.87
 210.00 -45.49 -59.23
 211.00 -59.86 -54.57
 212.00 -91.59 -25.27
 213.00 -74.31 -43.84
 214.00 -70.43 -24.17
 215.00 -104.15 -17.94
 216.00 -142.97  -9.38
 217.00 -71.52 107.32
 218.00 -70.05 -28.74
 219.00 -79.00  -9.38
 220.00 -133.53 -16.64
 221.00 -133.46  -1.75
 222.00 -126.41 132.56
 223.00  45.62 127.43
 224.00  74.94  40.58
 225.00 -77.76 -12.93
 226.00 -80.69 146.63
 227.00 -163.24 113.23
 228.00 -56.19 117.44
 229.00 -137.55 121.16
 230.00 -78.34   0.08
 231.00 -58.17 116.31
 232.00 -79.94 -15.92
 233.00 -101.75 -31.86
 234.00 -71.74 -21.78
 235.00 -72.72 -50.78
 236.00 -76.76 -57.29
 237.00 -58.99 -33.16
 238.00 -63.63 -46.92
 239.00 -65.57 -31.73
 240.00 -61.14 -62.76
 241.00 -77.56 -40.32
 242.00 -142.85 -12.62
 243.00 -68.70 -58.23
 244.00 -68.76 -35.74
 245.00 -57.66 -58.78
 246.00 -75.44 -32.60
 247.00 -64.87 -43.19
 248.00 -68.24 -39.77
 249.00 -54.65 -41.72
 250.00 -83.28 -46.11
 251.00 -49.38 -34.74
 252.00 -68.14 -53.86
 253.00 -50.30 -43.27
 254.00 -53.33 -57.26
 255.00 -66.59 -44.91
 256.00 -70.67 -24.67
 257.00 -64.50 -53.57
 258.00 -71.81 -32.28
 259.00 -59.31 -42.38
 260.00 -84.66 -30.13
 261.00 -72.12 -22.67
 262.00 -58.90 -36.40
 263.00 -74.16 -25.60
 264.00 -63.95 -47.12
 1001.00 -78.08 -44.21
 1002.00 -58.41 -31.06
 1003.00 -64.69 -49.85
 1004.00 -69.50 -37.76
 1005.00 -64.45 -37.54
 1006.00 -76.18 -27.63
 1007.00 -66.71 -31.60
 1008.00 -61.60 -40.55
 1009.00 -59.90 -49.07
 1010.00 -70.33 -47.06
 1011.00 -65.30 -28.14
 1012.00 -53.13 -53.15
 1013.00 -52.04 -50.61
 1014.00 -66.92 -38.66
 1015.00 -74.97 -28.86
 1016.00 -59.11 -47.97
 1017.00 -55.74 -46.17
 1018.00 -109.17 -11.55
 1019.00 -72.06 -16.18
 1020.00 -99.95 127.22
 1021.00 -127.08  -5.78
 1022.00 -64.14 137.54
 1023.00 -57.21 -34.85
 1024.00 -51.93 -41.33
 1025.00 -80.94 -38.87
 1026.00 -66.65 -34.84
 1027.00 -75.33 -33.23
 1028.00 -69.74 -44.45
 1029.00 -53.20 -48.23
 1030.00 -59.25 -43.54
 1031.00 -67.58 -40.40
 1032.00 -59.01 -41.00
 1033.00 -66.28 -39.05
 1034.00 -63.80 -35.05
 1035.00 -68.46 -49.49
 1036.00 -66.14 -40.53
 1037.00 -70.24 -27.43
 1038.00 -50.18 -56.03
 1039.00 -65.02 -44.06
 1040.00 -65.71 -53.43
 1041.00  52.47 -10.06
 1042.00 120.35  20.91
 1043.00 -75.30  -4.15
 1044.00  65.38 -19.81
 1066.00 -61.31 141.66
 1067.00 -50.87  -8.69
 1068.00 -78.90 -30.62
 1069.00 -67.67 -41.44
 1070.00 -75.01 -19.93
 1071.00 -68.69 -32.17
 1072.00 -58.68 -40.18
 1073.00 -71.65 -39.82
 1074.00 -74.99 -32.74
 1075.00 -61.62 -36.24
 1076.00 -61.07 -31.95
 1077.00 -53.30 -43.20
 1078.00 -69.88 -39.85
 1079.00 -62.18 -46.43
 1080.00 -76.71 -33.19
 1081.00  67.92  -0.74
 1082.00 -82.34  13.25
 1083.00 -41.31  64.63
 1084.00 -82.17 -47.26
 1085.00 -79.53 -20.07
 1086.00 -62.58 -31.87
 1087.00 -61.69 -43.84
 1088.00 -76.63 -38.29
 1089.00 -59.06 -36.90
 1090.00 -77.06 -37.11
 1091.00 -80.21 -31.06
 1092.00 -61.11 -31.70
 1093.00 -63.67 -47.78
 1094.00 -48.29 -25.95
 1095.00 -67.48 -61.44
 1096.00 -60.48 -26.94
 1097.00 -65.96 -53.50
 1098.00 -69.62 -17.73
 1099.00 -67.86 -48.10
 1100.00 -73.52 -38.46
 1101.00 -67.76 -35.76
 1102.00 -69.13 -18.07
 1103.00 -56.39 -40.48
 1104.00 -66.95 -57.40
 1105.00 -45.16 -41.28
 313.00 -62.67 -40.70
 314.00 -79.46 -31.66
 315.00 -62.82 -43.40
 316.00 -71.02 -30.06
 317.00 -69.43 -30.47
 318.00 -59.74 -42.21
 319.00 -68.75 -35.08
 320.00 -64.38 -51.83
 321.00 -48.56 -33.24
 322.00 -66.08 -58.04
 323.00 -74.32 -35.59
 324.00 -63.17 -32.12
 325.00 -62.34 -40.35
 326.00 -80.17 -13.93
 327.00 -69.60 -54.78
 328.00 -63.64 -24.09
 329.00 -52.27 -60.71
 330.00 -63.71 -57.63
 331.00 -88.30 -22.85
 332.00 -55.13 -47.56
 333.00 -59.04 -55.71
 334.00 -89.56 -25.35
 335.00 -84.38 -22.04
 336.00 -60.62  -9.92
 337.00 -51.09 -48.64
 338.00 -45.09 -53.80
 339.00 -69.03 -65.58
 340.00 -82.55 -16.09
 341.00 -78.02 -51.12
 342.00 -75.96 -31.50
 343.00 -80.49 -35.15
 344.00 -57.81 -25.92
 345.00 -68.33 -51.43
 346.00 -80.69 -25.80
 347.00 -81.98 -25.83
 348.00 -92.95 -42.13
 349.00 -154.01 145.97
 350.00 -96.16 -36.52
 351.00 -113.62 -50.68
 352.00 -115.25   4.25
 353.00 -104.01 156.44
 354.00 -71.36 115.15
 355.00 -74.67 -14.09
 356.00 -84.60 -23.51
 357.00 -64.01 -55.95
 358.00 -57.03 -38.63
 359.00 -70.20 -31.62
 360.00 -86.21 -12.94
 361.00 -72.73 -34.99
 362.00 -49.59 -30.92
 363.00 -68.90 -49.78
 364.00 -61.52 -45.30
 365.00 -65.11 -33.48
 366.00 -78.44 -53.07
 367.00 -63.20 -17.72
 368.00 -60.30 -43.05
 369.00 -63.04 -51.87
 370.00 -66.81 -34.70
 371.00 -55.07 -26.00
 372.00 -69.24 -29.65
 373.00 -81.10  -7.41
 374.00 -86.67 -21.43
 375.00 -59.57 -30.86
 376.00 -60.28 -40.87
 377.00 -63.02 -38.31
 378.00 -52.85 -53.20
 379.00 -78.39 -36.68
 380.00 -57.76 -38.18
 381.00 -64.83 -44.11
 382.00 -119.29 -42.34
 383.00 -132.68  -2.83
 384.00 -62.22 118.26
 385.00 -64.11 -35.66
 386.00 -59.04 -52.20
 387.00 -53.60 -48.44
 388.00 -60.44 -50.65
 389.00 -50.42 -47.45
 390.00 -65.56 -56.50
 391.00 -67.43 -36.70
 392.00 -63.50 -41.54
 393.00 -78.88 -30.74
 394.00 -71.45 -34.75
 395.00 -76.65 -23.64
 396.00  62.06  -5.00
 397.00 -95.57  13.92
 398.00 -75.11  71.53


