 residuo Phi Psi
  69.00 -75.58 146.18
  70.00 -65.10  81.01
  71.00 -64.86 -56.25
  72.00 -63.23 -34.03
  73.00 -66.67 -43.64
  74.00 -81.43 -31.64
  75.00 -68.32 -29.14
  76.00 -50.54 -43.83
  77.00 -61.23 -52.99
  78.00 -54.05 -45.25
  79.00 -69.82 -49.42
  80.00 -65.12 -31.52
  81.00 -80.02 -30.33
  82.00 -63.30 -33.56
  83.00 -61.47 -31.07
  84.00 -62.29 -39.75
  85.00 -63.47 -45.38
  86.00 -64.68 -51.29
  87.00 -66.63 -26.05
  88.00 -73.60 -64.51
  89.00 -52.68 -57.67
  90.00 -50.98 -44.47
  91.00 -67.91 -63.04
  92.00 -53.70 -26.91
  93.00 -70.71 -24.19
  94.00 -62.68 -41.20
  95.00 -88.48 -30.52
  96.00 -67.61 -36.62
  97.00 -54.80 -46.95
  98.00 -61.32 -54.28
  99.00 -81.13 -28.76
 100.00 -114.91 -26.35
 101.00 -96.04 -20.30
 102.00 -56.45 114.51
 103.00 -53.71 -36.45
 104.00 -112.06 -26.04
 105.00 -63.66 -17.15
 106.00 -166.70  93.44
 107.00 -58.32 169.46
 108.00 -60.60 -34.75
 109.00 -76.80 -56.36
 110.00 -65.58 -17.02
 111.00 -72.18 -34.64
 112.00 -70.73 -34.76
 113.00 -81.22 -21.04
 114.00 -51.53 -31.64
 115.00 -61.04 -46.81
 116.00 -62.71 -49.74
 117.00 -75.99 -37.43
 118.00 -66.28 -27.06
 119.00 -86.87 -27.62
 120.00 -61.67 -43.29
 121.00 -57.38 -42.20
 122.00 -77.64 -31.51
 123.00 -71.28 -39.92
 124.00 -81.31 -20.97
 125.00 -93.39 -61.68
 126.00 -120.02 -16.23
 127.00 -60.28 -56.81
 128.00 -71.39 -36.01
 129.00 -74.34 -27.93
 130.00 -63.01 -37.31
 131.00 -75.03 -32.18
 132.00 -62.78 -49.31
 133.00 -70.25 -26.76
 134.00 -76.75 -25.90
 135.00 -77.14 -25.18
 136.00 -86.82 -26.44
 137.00  56.11  28.29
 138.00  68.75  31.50
 139.00 -82.81   6.18
 140.00 -69.92 156.98
 141.00 -86.07 125.50
 142.00 -91.43 -30.90
 143.00 -66.74 178.93
 144.00 -54.88 132.08
 145.00 -56.50 -32.45
 146.00 -92.97 -13.92
 147.00 -57.49 -14.19
 148.00 -68.43 -56.57
 149.00 -76.62  -9.45
 150.00 -54.25 -56.90
 151.00 -51.81 -46.25
 152.00 -68.04 -50.03
 153.00 -72.46 -40.04
 154.00 -57.35 -39.38
 155.00 -69.03 -35.30
 156.00 -54.15 -61.83
 157.00 -62.10 -46.24
 158.00 -74.26 -42.04
 159.00 -48.83 -47.01
 160.00 -64.29 -55.89
 161.00 -64.08 -37.59
 162.00 -69.38 -44.27
 163.00 -75.79 -29.37
 164.00 -68.65 -19.92
 165.00 -64.05 -41.58
 166.00 -65.03 -35.89
 167.00 -63.87 -50.28
 168.00 -54.39 -46.51
 169.00 -53.02 -42.54
 170.00 -77.24 -46.79
 171.00 -73.18 -27.81
 172.00 -70.73 -42.64
 173.00 -79.48 -24.36
 174.00 -86.84 -13.49
 175.00 -65.23 -43.37
 176.00 -49.46 -42.08
 177.00 -66.58 -19.94
 178.00 -75.82 -29.48
 179.00 -62.71 148.84
 180.00 -114.39 -11.31
 181.00 -68.46  12.67
 182.00 -87.90  -6.81
 183.00 -59.69 -11.53
 184.00 -75.84 134.29
 185.00 -70.20 -20.76
 186.00 -158.83 145.29
 187.00 -80.98 149.74
 188.00 -76.05 125.63
 189.00 -48.76 -50.74
 190.00 -59.86 -45.49
 191.00 -54.81 -49.60
 192.00 -65.22 -44.39
 193.00 -65.94 -50.93
 194.00 -57.70 -31.16
 195.00 -88.70 -32.50
 196.00 -65.67 -34.63
 197.00 -56.92 -36.08
 198.00 -64.45 -48.73
 199.00 -63.86 -43.55
 200.00 -59.51 -47.63
 201.00 -53.70 -51.50
 202.00 -78.74 -39.41
 203.00 -62.01 -26.96
 204.00 -62.12 -48.36
 205.00 -79.53 -26.71
 206.00 -101.47 -21.90
 207.00 -46.44 -20.61
 208.00 -50.20 -44.02
 209.00 -73.23 -18.64
 210.00 -55.05 -59.24
 211.00 -74.24 -38.67
 212.00 -123.76 -41.08
 213.00 -75.00 -34.21
 214.00 -48.14 -51.90
 215.00 -67.40 -36.12
 216.00 -132.34 -17.66
 217.00 -62.66 106.91
 218.00 -64.19 -25.34
 219.00 -81.78 -20.00
 220.00 -79.57 -45.26
 221.00 -132.21 -13.15
 222.00 -148.92 140.17
 223.00  37.61 130.62
 224.00  67.64  39.53
 225.00 -78.27   1.45
 226.00 -75.69 153.24
 227.00 -153.71 102.28
 228.00 -89.92 118.99
 229.00 -77.87  73.22
 230.00 -62.03 -14.17
 231.00 -67.30 150.41
 232.00 -63.43 -31.73
 233.00 -114.75 -18.62
 234.00 -86.77 -23.78
 235.00 -100.39 -43.44
 236.00 -84.90 -44.09
 237.00 -65.43 -34.51
 238.00 -71.35 -36.65
 239.00 -67.32 -26.63
 240.00 -75.99 -46.93
 241.00 -57.06 -51.08
 242.00 -137.83 -30.72
 243.00 -77.76 -57.23
 244.00 -49.04 -33.17
 245.00 -74.27 -63.85
 246.00 -59.72 -29.06
 247.00 -64.17 -48.55
 248.00 -72.22 -31.49
 249.00 -57.39 -44.83
 250.00 -58.62 -53.97
 251.00 -70.88 -41.08
 252.00 -51.89 -53.20
 253.00 -57.48 -43.50
 254.00 -59.02 -52.21
 255.00 -74.64 -37.22
 256.00 -53.32 -42.64
 257.00 -65.64 -59.97
 258.00 -64.84 -24.40
 259.00 -68.03 -43.16
 260.00 -79.36 -36.76
 261.00 -76.09 -24.36
 262.00 -60.33 -43.44
 263.00 -60.00 -31.24
 264.00 -57.07 -44.36
 1001.00 -66.45 -35.89
 1002.00 -66.58 -26.58
 1003.00 -71.95 -42.42
 1004.00 -66.78 -27.02
 1005.00 -60.76 -56.21
 1006.00 -59.25 -32.70
 1007.00 -54.82 -50.35
 1008.00 -70.08 -37.63
 1009.00 -62.71 -40.08
 1010.00 -61.55 -50.95
 1011.00 -67.14 -30.31
 1012.00 -62.75 -53.25
 1013.00 -72.81 -31.79
 1014.00 -66.90 -32.95
 1015.00 -75.20 -29.38
 1016.00 -61.83 -39.23
 1017.00 -63.26 -39.12
 1018.00 -107.96 -28.72
 1019.00 -73.73  14.38
 1020.00 -131.64 157.20
 1021.00 -161.45 -10.14
 1022.00 -68.84 170.68
 1023.00 -69.24 -34.68
 1024.00 -60.55 -35.92
 1025.00 -83.13 -35.97
 1026.00 -65.35 -33.20
 1027.00 -84.81 -35.04
 1028.00 -65.05 -34.49
 1029.00 -61.70 -47.93
 1030.00 -81.91 -31.98
 1031.00 -61.90 -24.84
 1032.00 -52.69 -50.02
 1033.00 -62.74 -37.61
 1034.00 -56.27 -42.37
 1035.00 -71.43 -42.17
 1036.00 -61.05 -45.48
 1037.00 -62.72 -31.00
 1038.00 -96.56 -35.23
 1039.00 -47.63 -30.95
 1040.00 -76.08 -45.18
 1041.00  57.82 -37.99
 1042.00  88.51  24.28
 1043.00 -67.08  18.29
 1044.00  71.96 -16.71
 1066.00 -81.48 155.85
 1067.00 -57.77   2.94
 1068.00 -60.14 -44.80
 1069.00 -67.08 -40.11
 1070.00 -75.35 -21.74
 1071.00 -75.78 -24.48
 1072.00 -71.86 -28.59
 1073.00 -73.01 -31.05
 1074.00 -76.13 -30.87
 1075.00 -78.20 -27.09
 1076.00 -60.32 -18.99
 1077.00 -51.25 -56.04
 1078.00 -76.49 -30.94
 1079.00 -96.15 -23.38
 1080.00 -87.77 -17.52
 1081.00  67.79  -1.59
 1082.00 -85.45  16.78
 1083.00 -57.33  64.89
 1084.00 -62.81 -43.51
 1085.00 -78.53 -40.24
 1086.00 -68.82 -27.95
 1087.00 -65.16 -34.63
 1088.00 -70.30 -28.17
 1089.00 -62.54 -38.14
 1090.00 -38.60 -43.95
 1091.00 -57.08 -65.90
 1092.00 -57.94 -30.08
 1093.00 -52.65 -57.98
 1094.00 -39.88 -49.73
 1095.00 -78.85 -49.85
 1096.00 -68.81 -43.78
 1097.00 -50.71 -44.61
 1098.00 -52.50 -30.28
 1099.00 -70.70 -38.23
 1100.00 -76.29 -35.82
 1101.00 -67.00 -30.14
 1102.00 -71.18 -25.04
 1103.00 -55.57 -58.38
 1104.00 -91.39 -31.45
 1105.00 -69.22 -38.20
 313.00 -69.45 -42.62
 314.00 -81.88 -28.76
 315.00 -65.34 -36.82
 316.00 -61.49 -45.62
 317.00 -76.32 -31.94
 318.00 -61.03 -36.07
 319.00 -51.15 -57.36
 320.00 -65.96 -40.41
 321.00 -70.95 -36.18
 322.00 -60.58 -45.43
 323.00 -72.06 -29.50
 324.00 -59.35 -38.87
 325.00 -50.23 -41.67
 326.00 -67.31 -28.72
 327.00 -69.98 -50.91
 328.00 -55.05 -33.01
 329.00 -106.63 -25.96
 330.00 -76.56 -37.23
 331.00 -59.90 -38.46
 332.00 -62.79 -48.26
 333.00 -61.79 -59.94
 334.00 -72.45 -26.26
 335.00 -76.91 -39.00
 336.00 -46.55 -43.08
 337.00 -70.69 -47.48
 338.00 -60.86 -29.15
 339.00 -64.06 -44.10
 340.00 -51.73 -48.43
 341.00 -68.88 -49.71
 342.00 -76.41 -20.27
 343.00 -59.91 -55.98
 344.00 -55.29 -35.15
 345.00 -59.70 -32.79
 346.00 -76.18 -39.76
 347.00 -101.28 -27.42
 348.00 -87.07 -24.82
 349.00 -146.02 141.03
 350.00 -76.46 -38.26
 351.00 -162.13 -37.91
 352.00 -66.64   8.08
 353.00 -109.48 141.55
 354.00 -50.71 129.39
 355.00 -75.47 -32.57
 356.00 -71.09 -30.34
 357.00 -59.95 -44.95
 358.00 -58.48 -38.18
 359.00 -67.48 -48.20
 360.00 -77.62 -31.32
 361.00 -66.38 -43.34
 362.00 -55.24 -41.89
 363.00 -82.61 -34.98
 364.00 -56.76 -47.22
 365.00 -70.45 -38.22
 366.00 -74.16 -33.90
 367.00 -82.09  -5.93
 368.00 -46.24 -36.49
 369.00 -77.04 -62.31
 370.00 -52.25 -20.15
 371.00 -81.97 -24.42
 372.00 -74.45  -8.37
 373.00 -105.44 -16.62
 374.00 -75.26  -5.53
 375.00 -72.06 -26.50
 376.00 -69.31 -39.09
 377.00 -72.84 -18.46
 378.00 -52.49 -54.78
 379.00 -68.50 -47.44
 380.00 -59.82 -31.12
 381.00 -85.85 -38.41
 382.00 -127.91 -31.63
 383.00 -146.18  19.86
 384.00 -66.32 126.84
 385.00 -62.77 -42.01
 386.00 -71.24 -37.10
 387.00 -55.21 -50.96
 388.00 -67.58 -31.87
 389.00 -65.35 -48.08
 390.00 -57.26 -40.53
 391.00 -60.29 -37.77
 392.00 -86.95 -28.48
 393.00 -71.55 -37.18
 394.00 -73.89 -30.46
 395.00 -128.65  12.07
 396.00  50.87  14.22
 397.00 -82.96  12.23
 398.00 -106.30 164.95


