 residuo Phi Psi
  69.00 -80.80 112.13
  70.00 -147.82 166.61
  71.00 -54.93  -7.69
  72.00 -64.51 -47.45
  73.00 -57.41 -52.13
  74.00 -57.85 -53.40
  75.00 -43.01 -52.83
  76.00 -66.13 -42.05
  77.00 -68.76 -42.76
  78.00 -61.18 -36.45
  79.00 -57.45 -39.22
  80.00 -58.37 -46.98
  81.00 -49.32 -33.36
  82.00 -62.76 -23.49
  83.00 -65.56 -23.07
  84.00 -84.31 -39.70
  85.00 -56.42 -47.28
  86.00 -68.31 -49.30
  87.00 -67.02 -30.31
  88.00 -64.78 -49.72
  89.00 -53.78 -61.09
  90.00 -74.18 -43.70
  91.00 -69.77 -44.41
  92.00 -62.32 -24.22
  93.00 -64.51 -36.24
  94.00 -71.50 -31.94
  95.00 -65.42 -48.98
  96.00 -60.59 -39.35
  97.00 -66.77 -43.27
  98.00 -71.91 -48.07
  99.00 -71.59 -19.33
 100.00 -94.54 -39.68
 101.00 -74.58 -49.09
 102.00 -57.99 116.65
 103.00 -84.04 -31.54
 104.00 -83.40 -20.88
 105.00 -79.17  -2.73
 106.00 -152.72  75.26
 107.00 -39.24 139.02
 108.00 -46.59 -44.08
 109.00 -71.78 -48.34
 110.00 -78.89 -13.25
 111.00 -66.59 -38.10
 112.00 -61.44 -42.45
 113.00 -61.02 -39.34
 114.00 -71.00 -35.79
 115.00 -67.56 -23.14
 116.00 -54.45 -48.39
 117.00 -79.73 -35.45
 118.00 -75.40 -31.94
 119.00 -53.56 -51.03
 120.00 -62.51 -44.74
 121.00 -56.12 -51.08
 122.00 -68.30 -31.88
 123.00 -78.64 -39.90
 124.00 -71.74 -21.93
 125.00 -116.07 -47.45
 126.00 -139.10   0.61
 127.00 -64.19 -49.11
 128.00 -59.14 -41.63
 129.00 -70.13 -40.51
 130.00 -68.62 -24.40
 131.00 -58.51 -48.69
 132.00 -57.60 -48.69
 133.00 -54.70 -35.34
 134.00 -60.14 -29.52
 135.00 -69.33 -50.10
 136.00 -93.65 -22.48
 137.00  54.94  14.76
 138.00  65.52  41.19
 139.00 -84.45  10.64
 140.00 -72.98 151.03
 141.00 -85.35 134.38
 142.00 -81.10 -36.82
 143.00 -62.88 -175.02
 144.00 -66.77 145.53
 145.00 -67.65 -28.66
 146.00 -79.22 -20.78
 147.00 -50.88 -17.79
 148.00 -58.51 -50.94
 149.00 -79.60 -28.75
 150.00 -67.25 -35.44
 151.00 -58.85 -47.12
 152.00 -52.29 -41.21
 153.00 -72.38 -42.08
 154.00 -80.12 -36.19
 155.00 -73.70 -37.12
 156.00 -60.04 -42.58
 157.00 -61.19 -58.10
 158.00 -81.74 -33.80
 159.00 -61.46 -26.74
 160.00 -47.94 -63.40
 161.00 -47.35 -46.64
 162.00 -70.59 -59.55
 163.00 -65.38 -36.84
 164.00 -68.20 -31.33
 165.00 -74.39 -43.32
 166.00 -63.57 -32.44
 167.00 -60.95 -51.03
 168.00 -87.40 -28.87
 169.00 -52.12 -32.68
 170.00 -60.33 -46.11
 171.00 -58.50 -56.34
 172.00 -78.06 -34.13
 173.00 -58.40 -43.40
 174.00 -65.47 -41.41
 175.00 -75.07 -41.14
 176.00 -70.21 -35.44
 177.00 -79.30 -12.13
 178.00 -85.43  -5.31
 179.00 -61.80 143.68
 180.00 -113.08 -22.88
 181.00 -80.11  34.33
 182.00 -85.28  -6.21
 183.00 -61.43   8.14
 184.00 -62.25 141.92
 185.00 -53.42 -44.16
 186.00 -155.41 161.78
 187.00 -70.15 156.17
 188.00 -95.00 136.23
 189.00 -63.43 -48.30
 190.00 -57.85 -49.06
 191.00 -74.01 -35.29
 192.00 -69.78 -33.47
 193.00 -72.53 -33.06
 194.00 -68.28 -33.05
 195.00 -73.16 -36.49
 196.00 -55.63 -38.22
 197.00 -57.32 -39.26
 198.00 -56.25 -53.95
 199.00 -65.93 -51.81
 200.00 -54.56 -35.11
 201.00 -62.89 -53.92
 202.00 -63.00 -37.01
 203.00 -53.79 -43.56
 204.00 -43.49 -56.00
 205.00 -90.13 -30.33
 206.00 -82.26 -40.19
 207.00 -55.26 -37.55
 208.00 -48.35 -30.86
 209.00 -75.31 -29.44
 210.00 -54.78 -53.08
 211.00 -54.96 -40.91
 212.00 -95.02 -32.36
 213.00 -77.08 -34.31
 214.00 -71.92 -28.32
 215.00 -108.49  -8.07
 216.00 -151.77 -14.79
 217.00 -40.68  94.61
 218.00 -85.10 -32.20
 219.00 -75.50 -12.73
 220.00 -120.70 -26.81
 221.00 -130.15  -0.94
 222.00 -137.13 143.99
 223.00  38.34 126.75
 224.00  82.38  48.12
 225.00 -68.42 -17.83
 226.00 -84.27 136.15
 227.00 -152.78 121.71
 228.00 -73.72 176.68
 229.00 -79.02  72.40
 230.00 -77.34 -18.28
 231.00 -46.99 131.23
 232.00 -68.67 -38.39
 233.00 -77.22 -28.49
 234.00 -78.77 -33.40
 235.00 -70.26 -56.37
 236.00 -129.63 -23.92
 237.00 -68.24 -45.28
 238.00 -57.22 -27.84
 239.00 -67.07 -28.39
 240.00 -70.62 -51.52
 241.00 -57.49 -33.24
 242.00 -148.09 -34.62
 243.00 -75.15 -57.82
 244.00 -54.79 -37.37
 245.00 -62.54 -65.15
 246.00 -59.21 -36.16
 247.00 -56.22 -43.46
 248.00 -60.88 -43.99
 249.00 -76.32 -47.12
 250.00 -68.06 -30.89
 251.00 -64.99 -41.40
 252.00 -79.22 -34.70
 253.00 -54.12 -34.02
 254.00 -57.23 -45.63
 255.00 -59.66 -51.99
 256.00 -60.85 -35.99
 257.00 -53.52 -68.66
 258.00 -59.85 -35.60
 259.00 -78.82 -38.28
 260.00 -67.17 -35.63
 261.00 -75.56 -19.39
 262.00 -65.97 -47.83
 263.00 -76.12 -23.93
 264.00 -70.58 -30.60
 1001.00 -56.01 -46.27
 1002.00 -62.16 -26.91
 1003.00 -61.54 -36.31
 1004.00 -65.36 -41.51
 1005.00 -64.89 -39.35
 1006.00 -68.44 -43.84
 1007.00 -67.07 -42.93
 1008.00 -73.86 -35.56
 1009.00 -63.87 -30.86
 1010.00 -73.14 -51.09
 1011.00 -58.78 -35.69
 1012.00 -66.31 -47.13
 1013.00 -67.52 -37.06
 1014.00 -59.28 -33.53
 1015.00 -74.03 -38.38
 1016.00 -62.39 -38.55
 1017.00 -54.90 -35.13
 1018.00 -109.69 -33.35
 1019.00 -60.28  -3.98
 1020.00 -127.10 160.87
 1021.00 -141.63  -7.96
 1022.00 -68.96 145.82
 1023.00 -64.15 -29.02
 1024.00 -50.03 -47.67
 1025.00 -61.80 -46.32
 1026.00 -64.41 -33.61
 1027.00 -69.50 -39.41
 1028.00 -59.39 -48.43
 1029.00 -66.72 -40.46
 1030.00 -81.39 -28.61
 1031.00 -62.25 -33.55
 1032.00 -43.52 -54.81
 1033.00 -65.45 -42.85
 1034.00 -69.03 -33.78
 1035.00 -68.73 -44.69
 1036.00 -63.83 -37.04
 1037.00 -59.57 -48.11
 1038.00 -50.28 -49.31
 1039.00 -71.13 -37.48
 1040.00 -69.77 -39.00
 1041.00  45.92 -25.49
 1042.00 107.81  49.14
 1043.00 -63.68 -20.15
 1044.00  47.83 -33.01
 1066.00 -57.14 -179.87
 1067.00 -60.86 -18.29
 1068.00 -61.56 -35.78
 1069.00 -70.10 -32.55
 1070.00 -65.08 -42.69
 1071.00 -67.24 -34.38
 1072.00 -59.68 -43.23
 1073.00 -66.89 -31.47
 1074.00 -74.36 -41.39
 1075.00 -68.86 -27.88
 1076.00 -61.85 -33.97
 1077.00 -55.23 -52.77
 1078.00 -75.35 -31.07
 1079.00 -66.27 -38.10
 1080.00 -55.63 -44.71
 1081.00  92.26 -25.77
 1082.00 -84.89  14.86
 1083.00 -65.58  84.15
 1084.00 -69.35 -38.39
 1085.00 -75.47 -41.71
 1086.00 -60.84 -43.35
 1087.00 -55.99 -35.03
 1088.00 -77.71 -51.28
 1089.00 -53.37 -35.16
 1090.00 -59.18 -53.42
 1091.00 -56.45 -47.59
 1092.00 -56.25 -34.69
 1093.00 -70.61 -17.58
 1094.00 -53.78 -19.84
 1095.00 -71.43 -56.75
 1096.00 -71.38 -28.62
 1097.00 -54.02 -33.33
 1098.00 -74.36 -53.97
 1099.00 -64.13 -23.10
 1100.00 -89.13 -38.03
 1101.00 -56.96 -37.08
 1102.00 -66.85 -41.10
 1103.00 -55.80 -36.26
 1104.00 -66.05 -44.03
 1105.00 -54.09 -41.62
 313.00 -60.73 -40.56
 314.00 -66.93 -49.12
 315.00 -59.92 -40.56
 316.00 -77.15 -34.14
 317.00 -57.62 -35.71
 318.00 -77.53 -32.89
 319.00 -61.14 -40.74
 320.00 -55.79 -52.68
 321.00 -59.43 -43.20
 322.00 -73.06 -45.14
 323.00 -54.73 -36.30
 324.00 -69.86 -39.22
 325.00 -55.04 -37.21
 326.00 -69.11 -31.08
 327.00 -45.16 -45.74
 328.00 -76.50 -29.63
 329.00 -67.82 -58.16
 330.00 -58.62 -32.37
 331.00 -49.24 -54.36
 332.00 -49.72 -56.70
 333.00 -64.86 -60.39
 334.00 -73.55 -34.31
 335.00 -96.50 -32.34
 336.00 -52.08 -39.43
 337.00 -61.71 -37.18
 338.00 -63.12 -25.85
 339.00 -69.71 -52.26
 340.00 -63.49 -38.37
 341.00 -82.51 -36.41
 342.00 -55.89 -35.58
 343.00 -76.97 -38.41
 344.00 -63.21 -29.46
 345.00 -61.04 -58.67
 346.00 -92.52 -18.71
 347.00 -73.54 -36.92
 348.00 -67.62 -49.26
 349.00 -162.22 166.69
 350.00 -72.54 -50.61
 351.00 -70.64 -68.88
 352.00 -145.47  20.57
 353.00 -114.61 159.16
 354.00 -57.06 133.71
 355.00 -85.29 -38.05
 356.00 -68.32 -18.51
 357.00 -62.96 -44.23
 358.00 -73.67 -37.43
 359.00 -68.10 -37.87
 360.00 -64.55 -31.96
 361.00 -77.50 -43.90
 362.00 -56.41 -35.18
 363.00 -70.59 -38.17
 364.00 -70.77 -50.98
 365.00 -73.12 -32.51
 366.00 -88.14 -35.55
 367.00 -76.53 -17.00
 368.00 -58.95 -41.48
 369.00 -64.22 -43.60
 370.00 -74.93 -29.44
 371.00 -67.36 -22.65
 372.00 -71.74 -14.00
 373.00 -109.55 -12.59
 374.00 -105.47  -3.03
 375.00 -66.40 -11.68
 376.00 -49.90 -36.08
 377.00 -70.52 -43.21
 378.00 -46.87 -44.28
 379.00 -61.00 -57.11
 380.00 -63.37 -36.21
 381.00 -83.65 -40.61
 382.00 -139.22 -27.38
 383.00 -143.03   2.67
 384.00 -67.09 126.71
 385.00 -66.38 -37.88
 386.00 -61.68 -50.48
 387.00 -61.48 -43.89
 388.00 -62.70 -48.32
 389.00 -55.64 -49.06
 390.00 -55.60 -48.49
 391.00 -68.07 -48.69
 392.00 -55.07 -40.92
 393.00 -72.16 -38.42
 394.00 -55.27 -52.39
 395.00 -82.89 -25.71
 396.00  70.54  -3.74
 397.00 -82.69  15.31
 398.00 -49.90  23.81


