 residuo Phi Psi
  69.00 -52.96 115.83
  70.00 -70.97 -27.22
  71.00 -81.83 -37.19
  72.00 -57.21 -31.37
  73.00 -78.81 -34.61
  74.00 -61.37 -30.41
  75.00 -62.08 -45.46
  76.00 -69.64 -37.80
  77.00 -69.95 -35.25
  78.00 -59.57 -38.37
  79.00 -62.20 -48.39
  80.00 -75.80 -26.72
  81.00 -62.00 -32.39
  82.00 -51.46 -28.00
  83.00 -58.47 -34.65
  84.00 -77.71 -52.85
  85.00 -63.37 -34.29
  86.00 -75.21 -59.29
  87.00 -74.50 -10.09
  88.00 -66.92 -69.93
  89.00 -71.16 -51.13
  90.00 -84.43 -10.89
  91.00 -75.50 -60.14
  92.00 -63.35 -13.26
  93.00 -66.23 -34.95
  94.00 -75.08 -26.65
  95.00 -59.76 -42.14
  96.00 -62.96 -52.32
  97.00 -63.61 -41.09
  98.00 -62.99 -46.03
  99.00 -60.75 -48.02
 100.00 -105.87 -29.76
 101.00 -94.16 -28.89
 102.00 -59.61 106.54
 103.00 -49.62 -41.37
 104.00 -75.79 -40.79
 105.00 -77.85 -12.99
 106.00 -145.45  90.89
 107.00 -55.71 169.44
 108.00 -86.69 -21.82
 109.00 -67.83 -55.69
 110.00 -54.87 -22.76
 111.00 -66.86 -40.60
 112.00 -76.40 -32.56
 113.00 -66.02 -31.97
 114.00 -55.32 -40.84
 115.00 -61.93 -45.01
 116.00 -66.44 -42.14
 117.00 -71.60 -39.35
 118.00 -62.21 -37.25
 119.00 -85.83 -30.51
 120.00 -68.87 -42.50
 121.00 -62.22 -33.03
 122.00 -70.84 -44.48
 123.00 -51.81 -32.61
 124.00 -125.93 -22.59
 125.00 -75.63 -48.56
 126.00 -124.27 -24.44
 127.00 -47.65 -56.24
 128.00 -77.46 -45.63
 129.00 -67.38 -39.31
 130.00 -55.33 -40.35
 131.00 -87.01 -26.44
 132.00 -57.42 -37.34
 133.00 -51.79 -37.49
 134.00 -82.06 -44.23
 135.00 -71.72 -19.81
 136.00 -72.88 -40.84
 137.00  67.92  24.33
 138.00  68.40  35.83
 139.00 -135.92  43.66
 140.00 -57.67 157.94
 141.00 -67.27 114.53
 142.00 -147.79   2.29
 143.00 -65.42 174.92
 144.00 -49.49 140.11
 145.00 -45.09 -50.34
 146.00 -82.10 -24.43
 147.00 -51.54 -31.29
 148.00 -65.23 -48.67
 149.00 -83.13 -24.75
 150.00 -75.93 -31.74
 151.00 -47.97 -42.34
 152.00 -67.10 -45.22
 153.00 -58.64 -35.69
 154.00 -67.67 -48.94
 155.00 -73.10 -37.21
 156.00 -71.57 -28.06
 157.00 -67.64 -50.89
 158.00 -72.22 -40.26
 159.00 -60.93 -35.13
 160.00 -58.84 -52.56
 161.00 -60.66 -32.64
 162.00 -62.84 -59.94
 163.00 -66.69 -36.56
 164.00 -74.36 -26.82
 165.00 -57.87 -36.37
 166.00 -63.80 -46.59
 167.00 -69.38 -48.05
 168.00 -75.68 -34.51
 169.00 -63.92 -28.31
 170.00 -67.43 -41.84
 171.00 -64.82 -50.06
 172.00 -72.66 -38.42
 173.00 -59.21 -34.95
 174.00 -75.04 -46.30
 175.00 -53.28 -32.55
 176.00 -74.86 -47.54
 177.00 -85.68  -4.71
 178.00 -83.71  -9.28
 179.00 -53.41 130.06
 180.00 -131.77  -8.73
 181.00 -66.76  24.62
 182.00 -90.04  -4.75
 183.00 -74.82  10.27
 184.00 -63.19 138.72
 185.00 -83.95 -21.51
 186.00 -160.41 143.26
 187.00 -79.90 153.16
 188.00 -79.35 137.42
 189.00 -77.06 -35.09
 190.00 -68.02 -36.01
 191.00 -72.08 -33.41
 192.00 -51.37 -41.15
 193.00 -66.62 -47.11
 194.00 -71.10 -34.63
 195.00 -69.01 -32.75
 196.00 -60.33 -46.96
 197.00 -67.97 -33.73
 198.00 -61.45 -40.08
 199.00 -66.56 -35.82
 200.00 -64.32 -44.33
 201.00 -68.51 -43.65
 202.00 -60.40 -43.49
 203.00 -60.95 -45.78
 204.00 -55.33 -44.20
 205.00 -54.08 -46.77
 206.00 -91.16 -48.97
 207.00 -42.98 -35.10
 208.00 -54.44 -32.83
 209.00 -47.61 -36.41
 210.00 -66.80 -62.78
 211.00 -49.13 -48.53
 212.00 -91.03 -29.46
 213.00 -74.34 -48.54
 214.00 -74.98 -18.83
 215.00 -60.66 -41.20
 216.00 -151.76 -28.44
 217.00 -64.20 107.36
 218.00 -63.58 -33.19
 219.00 -89.63  -5.05
 220.00 -144.18  -6.87
 221.00 -116.70  -1.93
 222.00 -141.18 149.73
 223.00  52.84 106.04
 224.00  75.56  45.05
 225.00 -73.31 -14.86
 226.00 -72.47 137.09
 227.00 -145.57  97.17
 228.00 -51.22 124.26
 229.00 -108.28 120.28
 230.00 -68.21 -33.41
 231.00 -61.97 104.45
 232.00 -65.60 -16.94
 233.00 -90.53 -18.89
 234.00 -62.59 -56.33
 235.00 -97.21 -20.06
 236.00 -91.93 -53.92
 237.00 -40.89 -50.72
 238.00 -63.04 -38.47
 239.00 -67.75 -35.05
 240.00 -94.45 -31.60
 241.00 -89.55 -22.24
 242.00 -136.52 -27.63
 243.00 -74.96 -53.80
 244.00 -58.78 -38.88
 245.00 -58.85 -52.58
 246.00 -62.72 -38.78
 247.00 -78.49 -30.02
 248.00 -71.92 -35.45
 249.00 -45.63 -41.26
 250.00 -65.21 -64.64
 251.00 -50.35 -40.52
 252.00 -70.79 -55.94
 253.00 -60.09 -25.79
 254.00 -58.33 -60.39
 255.00 -70.16 -37.91
 256.00 -64.43 -35.04
 257.00 -62.24 -59.97
 258.00 -71.98 -33.91
 259.00 -62.51 -35.79
 260.00 -70.38 -30.00
 261.00 -51.73 -41.77
 262.00 -81.78 -33.50
 263.00 -61.39 -34.89
 264.00 -69.76 -34.13
 1001.00 -63.77 -33.75
 1002.00 -66.15 -31.27
 1003.00 -68.58 -44.73
 1004.00 -59.76 -34.01
 1005.00 -54.89 -52.76
 1006.00 -49.48 -48.18
 1007.00 -80.85 -50.00
 1008.00 -72.39 -14.87
 1009.00 -64.49 -40.67
 1010.00 -55.04 -52.85
 1011.00 -68.03 -39.77
 1012.00 -77.72 -43.95
 1013.00 -51.37 -36.37
 1014.00 -62.12 -55.47
 1015.00 -57.33 -35.86
 1016.00 -58.91 -47.31
 1017.00 -61.80 -49.87
 1018.00 -121.15  -0.28
 1019.00 -55.95 -11.80
 1020.00 -74.70 136.07
 1021.00 -156.48 -25.81
 1022.00 -62.58 161.45
 1023.00 -49.92 -31.70
 1024.00 -70.09 -41.91
 1025.00 -61.73 -38.46
 1026.00 -81.37 -34.82
 1027.00 -63.07 -43.51
 1028.00 -61.95 -43.21
 1029.00 -70.38 -43.04
 1030.00 -77.39 -25.72
 1031.00 -62.14 -34.01
 1032.00 -72.11 -38.83
 1033.00 -64.66 -34.79
 1034.00 -61.81 -42.05
 1035.00 -66.34 -48.35
 1036.00 -60.93 -30.91
 1037.00 -80.50 -36.06
 1038.00 -67.08 -37.88
 1039.00 -72.25 -23.07
 1040.00 -57.20 -53.25
 1041.00  57.36 -39.03
 1042.00  85.79  35.74
 1043.00 -66.69  13.93
 1044.00  63.28 -18.45
 1066.00 -51.49 152.54
 1067.00 -46.36 -26.49
 1068.00 -73.63 -41.01
 1069.00 -59.32 -43.51
 1070.00 -80.69 -35.00
 1071.00 -62.56 -28.87
 1072.00 -54.48 -44.10
 1073.00 -74.02 -44.66
 1074.00 -68.39 -22.24
 1075.00 -77.47 -40.70
 1076.00 -61.00 -20.04
 1077.00 -71.03 -48.00
 1078.00 -70.06 -39.16
 1079.00 -69.41 -23.56
 1080.00 -70.78 -40.43
 1081.00  97.88 -18.92
 1082.00 -85.01  12.41
 1083.00 -59.42  81.97
 1084.00 -63.16 -47.75
 1085.00 -64.57 -47.91
 1086.00 -60.02 -47.67
 1087.00 -55.24 -38.41
 1088.00 -57.73 -47.26
 1089.00 -69.17 -32.68
 1090.00 -77.56 -39.73
 1091.00 -72.89 -26.95
 1092.00 -56.60 -35.36
 1093.00 -67.32 -50.67
 1094.00 -63.43 -12.24
 1095.00 -70.89 -41.38
 1096.00 -57.83 -51.86
 1097.00 -45.10 -51.92
 1098.00 -58.74 -55.01
 1099.00 -56.72 -46.28
 1100.00 -72.82 -41.16
 1101.00 -67.93 -33.16
 1102.00 -57.89 -38.83
 1103.00 -61.01 -40.77
 1104.00 -66.54 -50.69
 1105.00 -62.00 -42.52
 313.00 -62.54 -47.95
 314.00 -70.26 -46.29
 315.00 -52.43 -36.33
 316.00 -58.25 -51.24
 317.00 -73.86 -28.51
 318.00 -54.08 -42.61
 319.00 -71.78 -49.47
 320.00 -58.56 -41.46
 321.00 -65.29 -37.59
 322.00 -68.40 -40.25
 323.00 -66.11 -29.62
 324.00 -74.48 -37.72
 325.00 -59.72 -31.44
 326.00 -56.91 -35.99
 327.00 -60.96 -48.98
 328.00 -57.02 -46.46
 329.00 -69.84 -42.28
 330.00 -80.94 -40.61
 331.00 -61.58 -36.06
 332.00 -74.27 -48.12
 333.00 -55.69 -46.64
 334.00 -69.66 -34.55
 335.00 -91.84 -31.46
 336.00 -60.68 -20.16
 337.00 -52.85 -41.56
 338.00 -64.39 -44.37
 339.00 -63.69 -48.01
 340.00 -63.18 -35.93
 341.00 -65.88 -56.85
 342.00 -65.63 -36.94
 343.00 -73.02 -30.11
 344.00 -54.56 -46.05
 345.00 -48.49 -46.32
 346.00 -101.22 -29.29
 347.00 -72.17 -31.67
 348.00 -87.05 -39.07
 349.00 -146.80 155.81
 350.00 -75.94 -85.00
 351.00 -83.39 -15.81
 352.00 -150.91  -8.56
 353.00 -138.24 -171.16
 354.00 -65.01 115.76
 355.00 -77.59 -20.11
 356.00 -74.00 -31.80
 357.00 -63.11 -48.72
 358.00 -49.04 -32.44
 359.00 -71.52 -43.51
 360.00 -78.16 -17.61
 361.00 -63.33 -47.51
 362.00 -54.36 -38.32
 363.00 -95.24 -26.98
 364.00 -72.39 -48.32
 365.00 -54.50 -30.86
 366.00 -81.25 -45.42
 367.00 -68.30 -13.27
 368.00 -48.74 -42.88
 369.00 -77.71 -55.21
 370.00 -53.15 -27.05
 371.00 -57.92 -26.72
 372.00 -72.00 -31.37
 373.00 -81.82 -13.22
 374.00 -87.35 -15.97
 375.00 -58.56 -22.86
 376.00 -43.74 -55.90
 377.00 -69.92 -36.66
 378.00 -70.61 -46.29
 379.00 -59.00 -43.04
 380.00 -71.06 -31.22
 381.00 -76.68 -30.78
 382.00 -121.03 -40.25
 383.00 -146.62  19.14
 384.00 -63.07 117.28
 385.00 -74.68 -30.72
 386.00 -54.93 -45.98
 387.00 -69.72 -35.49
 388.00 -63.62 -47.70
 389.00 -69.37 -36.61
 390.00 -61.34 -52.03
 391.00 -67.83 -39.02
 392.00 -68.52 -25.09
 393.00 -73.61 -44.70
 394.00 -80.18 -46.33
 395.00 -85.26 -13.42
 396.00  66.04  -1.25
 397.00 -92.15  24.44
 398.00 -63.34  46.44


