 residuo Phi Psi
  69.00 -65.96 115.68
  70.00 -69.59 -26.53
  71.00 -68.56 -45.70
  72.00 -67.39 -27.59
  73.00 -75.31 -26.41
  74.00 -65.95 -46.37
  75.00 -75.77 -27.10
  76.00 -57.86 -40.42
  77.00 -56.74 -41.14
  78.00 -59.30 -47.97
  79.00 -63.70 -44.24
  80.00 -55.27 -46.01
  81.00 -70.02 -30.39
  82.00 -46.64 -27.15
  83.00 -65.41 -41.00
  84.00 -79.24 -41.91
  85.00 -77.77 -48.65
  86.00 -66.31 -31.79
  87.00 -68.14 -32.72
  88.00 -48.66 -64.38
  89.00 -62.10 -71.92
  90.00 -81.07 -27.03
  91.00 -68.75 -54.65
  92.00 -55.63 -19.44
  93.00 -88.06 -34.78
  94.00 -59.71 -24.59
  95.00 -67.27 -47.31
  96.00 -65.64 -37.98
  97.00 -66.14 -32.82
  98.00 -65.47 -42.01
  99.00 -79.93 -30.05
 100.00 -116.22 -27.20
 101.00 -87.04 -36.12
 102.00 -67.33 133.04
 103.00 -47.63 -44.64
 104.00 -110.56 -23.76
 105.00 -80.56  -9.40
 106.00 -155.16  75.75
 107.00 -40.48 163.80
 108.00 -77.64 -49.15
 109.00 -74.93 -35.00
 110.00 -70.11 -14.99
 111.00 -76.29 -21.53
 112.00 -73.39 -34.85
 113.00 -48.05 -40.07
 114.00 -67.40 -37.09
 115.00 -59.74 -35.28
 116.00 -86.48 -27.52
 117.00 -64.54 -36.92
 118.00 -54.59 -53.88
 119.00 -71.42 -38.10
 120.00 -63.34 -49.62
 121.00 -76.85 -32.30
 122.00 -58.53 -37.97
 123.00 -63.99 -54.45
 124.00 -107.46  -0.52
 125.00 -118.09 -28.68
 126.00 -134.41 -13.15
 127.00 -65.01 -50.93
 128.00 -54.83 -37.96
 129.00 -90.20 -30.73
 130.00 -73.65 -28.73
 131.00 -72.56 -25.66
 132.00 -53.63 -50.19
 133.00 -67.33 -21.95
 134.00 -57.67 -43.77
 135.00 -65.88 -45.31
 136.00 -81.63 -31.39
 137.00  75.81  22.07
 138.00  65.15  37.48
 139.00 -162.33  55.43
 140.00 -73.10 155.72
 141.00 -77.78 117.72
 142.00 -137.35   7.71
 143.00 -43.04 166.15
 144.00 -66.11 119.41
 145.00 -54.96 -27.80
 146.00 -82.59 -30.33
 147.00 -67.83  -9.83
 148.00 -66.55 -42.14
 149.00 -83.26 -30.54
 150.00 -83.67 -21.52
 151.00 -53.79 -41.32
 152.00 -59.40 -33.58
 153.00 -63.78 -44.17
 154.00 -54.41 -44.63
 155.00 -82.73 -44.71
 156.00 -60.06 -30.54
 157.00 -70.56 -58.80
 158.00 -62.55 -43.00
 159.00 -63.98 -34.63
 160.00 -64.09 -53.28
 161.00 -56.54 -27.05
 162.00 -53.10 -68.55
 163.00 -77.02 -32.89
 164.00 -73.72 -20.54
 165.00 -63.74 -35.14
 166.00 -79.81 -35.18
 167.00 -73.74 -37.99
 168.00 -66.65 -29.24
 169.00 -57.01 -43.77
 170.00 -66.10 -43.78
 171.00 -78.76 -25.86
 172.00 -89.38 -37.28
 173.00 -38.70 -37.17
 174.00 -87.21 -43.47
 175.00 -56.19 -31.83
 176.00 -88.85 -42.26
 177.00 -94.68   5.21
 178.00 -88.70  -3.57
 179.00 -54.87 127.37
 180.00 -123.05  -8.66
 181.00 -62.67  23.94
 182.00 -78.45 -24.02
 183.00 -68.54   5.37
 184.00 -70.81 148.47
 185.00 -92.32 -12.79
 186.00 -142.26 162.53
 187.00 -129.03 173.88
 188.00 -50.54  88.61
 189.00 -59.02 -42.37
 190.00 -50.99 -63.82
 191.00 -61.18 -45.42
 192.00 -59.15 -42.22
 193.00 -60.39 -44.02
 194.00 -60.21 -42.72
 195.00 -71.28 -43.86
 196.00 -76.31 -32.99
 197.00 -68.55 -28.33
 198.00 -69.29 -32.97
 199.00 -60.71 -39.49
 200.00 -52.20 -38.95
 201.00 -52.54 -59.52
 202.00 -71.58 -40.06
 203.00 -69.61 -28.26
 204.00 -42.28 -49.22
 205.00 -72.58 -42.34
 206.00 -103.60 -31.92
 207.00 -71.28 -27.71
 208.00 -64.35 -14.91
 209.00 -66.74 -31.49
 210.00 -61.82 -41.87
 211.00 -51.42 -52.57
 212.00 -89.54 -32.28
 213.00 -62.64 -33.78
 214.00 -70.20 -32.84
 215.00 -76.04 -25.42
 216.00 -166.47 -12.99
 217.00 -48.91  97.11
 218.00 -65.61 -22.99
 219.00 -62.41 -32.72
 220.00 -131.31 -22.62
 221.00 -130.33  11.67
 222.00 -140.04 150.73
 223.00  43.22 113.92
 224.00  82.30  45.44
 225.00 -75.14 -12.17
 226.00 -59.89 129.43
 227.00 -158.06  95.82
 228.00 -48.63 115.07
 229.00 -144.33 132.05
 230.00 -114.89  30.05
 231.00 -54.15 111.21
 232.00 -54.21 -32.90
 233.00 -90.82 -39.69
 234.00 -77.15 -13.80
 235.00 -86.02 -36.51
 236.00 -74.03 -72.25
 237.00 -52.17 -53.82
 238.00 -46.15 -50.07
 239.00 -69.32 -45.77
 240.00 -58.80 -50.37
 241.00 -66.95 -45.57
 242.00 -130.30 -33.26
 243.00 -86.74 -46.81
 244.00 -59.50 -23.91
 245.00 -71.56 -60.81
 246.00 -42.75 -35.71
 247.00 -60.78 -47.18
 248.00 -75.60 -49.11
 249.00 -60.01 -29.50
 250.00 -68.28 -56.86
 251.00 -56.35 -42.97
 252.00 -72.92 -45.07
 253.00 -61.37 -26.99
 254.00 -47.47 -53.27
 255.00 -58.13 -53.24
 256.00 -76.72 -27.76
 257.00 -65.40 -52.90
 258.00 -73.92 -31.42
 259.00 -61.38 -25.47
 260.00 -66.41 -51.58
 261.00 -72.32 -32.95
 262.00 -86.09 -16.28
 263.00 -64.10 -37.17
 264.00 -74.43 -31.58
 1001.00 -61.01 -42.68
 1002.00 -56.92 -36.10
 1003.00 -66.74 -44.61
 1004.00 -71.47 -37.16
 1005.00 -76.10 -31.57
 1006.00 -64.17 -32.85
 1007.00 -69.11 -43.47
 1008.00 -67.32 -36.74
 1009.00 -87.44 -18.66
 1010.00 -50.32 -41.64
 1011.00 -44.33 -53.12
 1012.00 -81.09 -44.53
 1013.00 -61.50 -34.44
 1014.00 -45.67 -46.80
 1015.00 -97.24 -38.95
 1016.00 -52.02 -36.51
 1017.00 -76.39 -39.22
 1018.00 -118.08   1.29
 1019.00 -66.36 -10.48
 1020.00 -106.55 131.66
 1021.00 -129.56  -3.66
 1022.00 -70.23 155.74
 1023.00 -56.29 -35.95
 1024.00 -73.94 -42.21
 1025.00 -65.09 -33.11
 1026.00 -58.39 -38.59
 1027.00 -56.61 -55.82
 1028.00 -68.90 -47.48
 1029.00 -65.75 -40.71
 1030.00 -55.20 -38.76
 1031.00 -55.12 -50.30
 1032.00 -68.82 -39.66
 1033.00 -63.58 -39.35
 1034.00 -60.94 -38.44
 1035.00 -66.01 -46.62
 1036.00 -64.11 -39.35
 1037.00 -59.52 -45.03
 1038.00 -73.89 -40.36
 1039.00 -72.10 -20.45
 1040.00 -70.19 -37.50
 1041.00  51.18 -32.17
 1042.00 114.32  31.80
 1043.00 -59.26   9.38
 1044.00  57.50 -24.50
 1066.00 -77.47 152.03
 1067.00 -60.00  -2.90
 1068.00 -72.38 -34.80
 1069.00 -51.10 -36.47
 1070.00 -67.65 -50.61
 1071.00 -77.42 -27.41
 1072.00 -66.25 -37.32
 1073.00 -73.84 -23.23
 1074.00 -61.72 -47.55
 1075.00 -72.91 -33.25
 1076.00 -65.70 -25.56
 1077.00 -55.53 -51.65
 1078.00 -71.46 -38.76
 1079.00 -64.41 -35.86
 1080.00 -65.13 -50.25
 1081.00 108.95 -33.78
 1082.00 -77.26   6.24
 1083.00 -40.12  65.79
 1084.00 -80.46 -47.13
 1085.00 -66.85 -24.72
 1086.00 -76.32 -38.01
 1087.00 -63.71 -33.02
 1088.00 -75.62 -33.46
 1089.00 -55.38 -40.40
 1090.00 -63.95 -45.84
 1091.00 -52.55 -52.42
 1092.00 -85.38 -27.79
 1093.00 -87.12  -7.36
 1094.00 -63.46 -24.87
 1095.00 -63.27 -57.99
 1096.00 -69.35 -30.66
 1097.00 -65.00 -36.52
 1098.00 -76.93 -38.98
 1099.00 -54.00 -24.92
 1100.00 -72.85 -42.42
 1101.00 -60.35 -40.79
 1102.00 -47.27 -32.50
 1103.00 -51.95 -65.46
 1104.00 -72.58 -43.11
 1105.00 -51.78 -39.50
 313.00 -63.91 -37.91
 314.00 -71.75 -46.85
 315.00 -71.68 -26.10
 316.00 -69.13 -39.53
 317.00 -62.71 -40.57
 318.00 -64.18 -40.74
 319.00 -68.28 -47.16
 320.00 -74.05 -28.38
 321.00 -80.78 -19.93
 322.00 -44.14 -49.44
 323.00 -64.34 -45.76
 324.00 -70.32 -40.19
 325.00 -62.58 -36.11
 326.00 -77.68 -26.05
 327.00 -61.21 -34.87
 328.00 -59.44 -39.72
 329.00 -65.32 -53.30
 330.00 -50.77 -53.80
 331.00 -77.56 -34.15
 332.00 -62.18 -56.66
 333.00 -66.44 -41.68
 334.00 -80.27 -23.63
 335.00 -83.20 -29.59
 336.00 -65.68 -16.13
 337.00 -56.96 -36.12
 338.00 -66.02 -32.11
 339.00 -69.40 -52.66
 340.00 -63.56 -48.09
 341.00 -77.61 -29.81
 342.00 -62.81 -46.27
 343.00 -43.61 -46.87
 344.00 -78.57 -31.54
 345.00 -57.57 -47.94
 346.00 -83.90 -30.11
 347.00 -103.69  -4.57
 348.00 -67.94 -37.66
 349.00 -151.08 150.76
 350.00 -80.29 -75.80
 351.00 -83.13 -33.88
 352.00 -100.03 -21.43
 353.00 -141.47 170.37
 354.00 -53.95 121.01
 355.00 -62.86 -34.72
 356.00 -114.58 -28.15
 357.00 -59.45 -37.61
 358.00 -57.94 -40.28
 359.00 -58.79 -43.04
 360.00 -89.28 -21.15
 361.00 -67.60 -42.70
 362.00 -62.74 -28.19
 363.00 -72.55 -34.31
 364.00 -63.74 -50.96
 365.00 -46.69 -39.91
 366.00 -75.71 -47.16
 367.00 -86.57  -8.59
 368.00 -74.78 -36.41
 369.00 -50.82 -43.77
 370.00 -71.13 -35.41
 371.00 -79.15  -8.83
 372.00 -64.43 -20.30
 373.00 -63.95 -25.31
 374.00 -76.83 -22.75
 375.00 -65.45 -31.10
 376.00 -67.68 -38.75
 377.00 -70.18 -31.08
 378.00 -58.15 -41.08
 379.00 -60.08 -53.51
 380.00 -73.86 -25.24
 381.00 -66.96 -44.58
 382.00 -109.65 -43.51
 383.00 -135.26  -7.62
 384.00 -55.50 118.13
 385.00 -72.19 -36.36
 386.00 -66.79 -39.30
 387.00 -43.24 -53.92
 388.00 -69.03 -49.21
 389.00 -69.06 -44.56
 390.00 -65.73 -40.17
 391.00 -57.43 -37.10
 392.00 -51.90 -55.00
 393.00 -51.86 -55.77
 394.00 -67.14 -58.15
 395.00 -75.67 -30.15
 396.00  55.27   5.33
 397.00 -70.99  23.85
 398.00 -79.73  47.81


