 residuo Phi Psi
  69.00 -95.70 127.05
  70.00 -66.69 131.25
  71.00 -76.72 -55.56
  72.00 -48.36 -34.22
  73.00 -85.92 -42.68
  74.00 -67.29 -25.60
  75.00 -59.56 -34.80
  76.00 -66.53 -48.91
  77.00 -55.28 -27.66
  78.00 -65.52 -40.63
  79.00 -81.21 -31.89
  80.00 -71.05 -16.77
  81.00 -66.09 -36.38
  82.00 -62.35 -20.28
  83.00 -71.30 -38.04
  84.00 -63.05 -35.53
  85.00 -57.40 -57.20
  86.00 -74.01 -52.64
  87.00 -68.47 -15.11
  88.00 -88.93 -40.98
  89.00 -56.10 -43.38
  90.00 -68.21 -50.14
  91.00 -80.45 -39.43
  92.00 -57.19 -34.38
  93.00 -73.04 -35.24
  94.00 -55.34 -30.10
  95.00 -59.13 -51.60
  96.00 -58.59 -50.86
  97.00 -61.54 -45.13
  98.00 -56.94 -56.18
  99.00 -92.51 -19.87
 100.00 -116.33  -8.31
 101.00 -83.73 -44.65
 102.00 -46.93 110.93
 103.00 -66.70 -34.83
 104.00 -101.99 -26.11
 105.00 -63.67  -4.85
 106.00 -150.68  76.27
 107.00 -45.48 158.73
 108.00 -53.10 -46.72
 109.00 -70.52 -52.73
 110.00 -62.30 -30.54
 111.00 -69.33 -26.09
 112.00 -59.48 -51.36
 113.00 -69.23 -30.99
 114.00 -67.15 -36.34
 115.00 -54.02 -35.39
 116.00 -53.76 -58.92
 117.00 -58.30 -48.39
 118.00 -55.20 -38.29
 119.00 -65.31 -57.22
 120.00 -64.64 -39.08
 121.00 -62.27 -42.80
 122.00 -58.49 -49.43
 123.00 -68.73 -38.84
 124.00 -86.70 -33.23
 125.00 -131.02 -16.82
 126.00 -108.48 -28.93
 127.00 -69.27 -50.04
 128.00 -62.59 -33.01
 129.00 -64.75 -41.84
 130.00 -63.00 -35.41
 131.00 -70.98 -40.02
 132.00 -60.10 -38.64
 133.00 -75.58 -31.88
 134.00 -61.40 -31.47
 135.00 -71.36 -45.31
 136.00 -79.74 -33.74
 137.00  66.61  21.91
 138.00  55.19  45.71
 139.00 -109.52  39.14
 140.00 -67.26 151.81
 141.00 -83.87 122.90
 142.00 -84.76 -18.27
 143.00 -61.07 170.54
 144.00 -64.52 150.87
 145.00 -54.54 -31.51
 146.00 -91.80 -18.84
 147.00 -62.26 -15.96
 148.00 -67.82 -63.27
 149.00 -68.44 -32.09
 150.00 -73.06 -34.03
 151.00 -60.81 -40.16
 152.00 -43.75 -37.16
 153.00 -63.69 -58.50
 154.00 -67.60 -32.20
 155.00 -55.31 -44.40
 156.00 -49.30 -58.53
 157.00 -66.48 -51.22
 158.00 -56.03 -54.97
 159.00 -55.38 -44.90
 160.00 -68.08 -42.15
 161.00 -50.67 -41.26
 162.00 -68.47 -55.21
 163.00 -68.20 -43.53
 164.00 -71.64 -23.37
 165.00 -61.34 -36.78
 166.00 -51.14 -49.32
 167.00 -77.05 -40.90
 168.00 -73.92 -33.09
 169.00 -64.37 -32.52
 170.00 -73.37 -41.15
 171.00 -60.90 -41.10
 172.00 -80.03 -51.60
 173.00 -74.03 -14.15
 174.00 -83.65 -40.95
 175.00 -58.42 -23.09
 176.00 -62.12 -52.64
 177.00 -64.57 -21.59
 178.00 -77.86 -15.09
 179.00 -63.88 132.38
 180.00 -116.81 -17.94
 181.00 -58.59  27.48
 182.00 -75.45 -21.04
 183.00 -55.31   8.79
 184.00 -95.62 148.85
 185.00 -70.11  -4.61
 186.00 -152.69 139.95
 187.00 -88.01 158.48
 188.00 -67.89 121.75
 189.00 -52.91 -42.07
 190.00 -66.04 -46.58
 191.00 -81.61 -32.00
 192.00 -69.81 -33.25
 193.00 -60.72 -43.52
 194.00 -70.38 -32.79
 195.00 -57.08 -45.21
 196.00 -68.95 -43.98
 197.00 -64.20 -38.23
 198.00 -69.72 -49.74
 199.00 -71.61 -36.08
 200.00 -69.80 -30.13
 201.00 -54.65 -40.63
 202.00 -65.28 -57.17
 203.00 -52.93 -32.99
 204.00 -68.90 -50.82
 205.00 -63.78 -27.18
 206.00 -83.86 -28.12
 207.00 -53.64 -28.76
 208.00 -49.07 -31.52
 209.00 -72.17 -23.91
 210.00 -54.89 -60.92
 211.00 -85.65 -30.35
 212.00 -95.68 -60.03
 213.00 -55.15 -45.19
 214.00 -64.53 -45.66
 215.00 -60.69 -14.27
 216.00 -158.79 -31.80
 217.00 -57.44 142.96
 218.00 -52.76 -36.29
 219.00 -83.56 -29.50
 220.00 -135.75 -22.74
 221.00 -132.75  14.47
 222.00 -152.58 155.23
 223.00  57.34 121.87
 224.00  82.52  45.93
 225.00 -72.01 -27.06
 226.00 -70.21 147.22
 227.00 -165.51 124.37
 228.00 -74.81 129.62
 229.00 -113.48 102.56
 230.00 -103.41  -6.34
 231.00 -63.75 134.46
 232.00 -60.11 -24.25
 233.00 -76.88 -40.64
 234.00 -76.30 -48.09
 235.00 -126.31 -21.34
 236.00 -122.94  -0.59
 237.00 -65.18 -49.13
 238.00 -60.33 -34.85
 239.00 -67.58 -28.19
 240.00 -65.40 -55.66
 241.00 -89.93 -28.90
 242.00 -127.53 -27.18
 243.00 -63.85 -78.62
 244.00 -72.74 -30.95
 245.00 -59.41 -49.84
 246.00 -59.65 -34.18
 247.00 -74.03 -43.86
 248.00 -64.09 -39.57
 249.00 -63.70 -49.70
 250.00 -48.61 -43.10
 251.00 -70.36 -66.89
 252.00 -69.43 -25.91
 253.00 -71.20 -39.14
 254.00 -53.13 -42.34
 255.00 -62.20 -57.64
 256.00 -68.55 -21.75
 257.00 -61.62 -68.82
 258.00 -67.19 -21.60
 259.00 -74.70 -40.77
 260.00 -80.28 -24.48
 261.00 -62.61 -34.25
 262.00 -57.06 -47.45
 263.00 -62.24 -38.75
 264.00 -62.20 -40.78
 1001.00 -60.44 -55.60
 1002.00 -45.87 -30.76
 1003.00 -63.46 -49.77
 1004.00 -83.06 -29.20
 1005.00 -64.41 -36.98
 1006.00 -58.90 -42.67
 1007.00 -55.28 -50.53
 1008.00 -56.01 -42.59
 1009.00 -65.11 -46.48
 1010.00 -72.51 -43.88
 1011.00 -69.92 -33.11
 1012.00 -57.48 -49.19
 1013.00 -60.86 -30.72
 1014.00 -56.31 -51.06
 1015.00 -72.16 -30.84
 1016.00 -41.71 -55.89
 1017.00 -55.79 -51.31
 1018.00 -125.26 -23.15
 1019.00 -59.40   8.70
 1020.00 -82.24 140.12
 1021.00 -165.57 -20.40
 1022.00 -64.33 165.52
 1023.00 -57.56 -43.77
 1024.00 -58.69 -40.71
 1025.00 -63.48 -53.59
 1026.00 -56.53 -32.69
 1027.00 -38.99 -65.90
 1028.00 -55.79 -59.33
 1029.00 -74.53 -43.90
 1030.00 -80.88 -20.77
 1031.00 -47.87 -50.50
 1032.00 -56.01 -44.67
 1033.00 -62.15 -48.59
 1034.00 -58.33 -54.00
 1035.00 -71.38 -43.67
 1036.00 -81.17 -24.51
 1037.00 -62.95 -25.11
 1038.00 -66.53 -46.91
 1039.00 -92.64 -22.62
 1040.00 -87.15 -18.72
 1041.00  49.94 -25.59
 1042.00  65.83  22.11
 1043.00 -76.76  42.12
 1044.00  67.20 -10.80
 1066.00 -78.60 144.83
 1067.00 -65.80  16.14
 1068.00 -35.61 -60.88
 1069.00 -52.63 -53.15
 1070.00 -82.83 -26.27
 1071.00 -89.12 -17.94
 1072.00 -74.72 -24.50
 1073.00 -75.78 -37.96
 1074.00 -64.43 -33.24
 1075.00 -73.06 -40.16
 1076.00 -59.78 -32.13
 1077.00 -70.11 -43.69
 1078.00 -58.33 -33.26
 1079.00 -49.98 -52.72
 1080.00 -56.33 -54.95
 1081.00  68.95  -3.41
 1082.00 -90.65  15.82
 1083.00 -68.63  63.69
 1084.00 -68.47 -41.04
 1085.00 -71.86 -30.73
 1086.00 -68.66 -33.15
 1087.00 -51.29 -48.97
 1088.00 -68.48 -44.74
 1089.00 -66.43 -41.45
 1090.00 -69.07 -26.56
 1091.00 -59.13 -40.78
 1092.00 -95.53 -26.42
 1093.00 -49.76 -39.04
 1094.00 -43.27 -46.35
 1095.00 -71.08 -55.57
 1096.00 -71.30 -27.80
 1097.00 -73.35 -38.33
 1098.00 -61.74 -40.69
 1099.00 -72.32 -36.93
 1100.00 -69.96 -26.59
 1101.00 -74.99 -42.54
 1102.00 -59.45 -22.39
 1103.00 -65.28 -53.45
 1104.00 -55.36 -45.82
 1105.00 -67.45 -41.45
 313.00 -64.37 -32.28
 314.00 -58.98 -43.08
 315.00 -73.01 -37.22
 316.00 -54.75 -39.86
 317.00 -58.48 -46.72
 318.00 -56.79 -56.69
 319.00 -75.03 -35.50
 320.00 -75.75 -27.22
 321.00 -49.65 -37.78
 322.00 -66.51 -46.32
 323.00 -59.90 -30.51
 324.00 -74.16 -35.29
 325.00 -54.45 -37.81
 326.00 -56.68 -40.82
 327.00 -69.40 -41.43
 328.00 -61.54 -37.40
 329.00 -63.25 -43.76
 330.00 -60.33 -56.95
 331.00 -59.26 -37.17
 332.00 -62.41 -56.25
 333.00 -78.52 -41.41
 334.00 -85.71 -20.78
 335.00 -99.72 -17.49
 336.00 -47.47 -27.62
 337.00 -63.13 -44.37
 338.00 -68.83 -26.91
 339.00 -72.16 -53.97
 340.00 -74.72 -21.01
 341.00 -78.74 -41.18
 342.00 -68.86 -35.41
 343.00 -65.35 -35.55
 344.00 -57.82 -43.41
 345.00 -59.83 -57.39
 346.00 -80.30 -35.03
 347.00 -108.56  -9.56
 348.00 -66.56 -30.13
 349.00 -137.85 160.50
 350.00 -101.30 -64.01
 351.00 -83.72 -27.38
 352.00 -131.85  -3.27
 353.00 -128.79 148.20
 354.00 -58.73 126.41
 355.00 -95.23 -20.47
 356.00 -65.37 -37.76
 357.00 -64.62 -43.43
 358.00 -56.27 -38.59
 359.00 -62.10 -58.69
 360.00 -74.56 -34.45
 361.00 -71.86 -37.77
 362.00 -67.56 -32.47
 363.00 -62.03 -34.05
 364.00 -56.13 -66.48
 365.00 -63.01 -36.29
 366.00 -84.99 -38.50
 367.00 -61.62 -21.56
 368.00 -69.02 -42.93
 369.00 -57.64 -52.07
 370.00 -70.20 -26.58
 371.00 -52.18 -24.79
 372.00 -79.03 -14.11
 373.00 -93.42 -15.48
 374.00 -84.34 -13.87
 375.00 -43.74 -57.76
 376.00 -61.62 -43.81
 377.00 -76.24 -33.26
 378.00 -64.94 -27.50
 379.00 -72.70 -41.47
 380.00 -59.92 -33.69
 381.00 -75.20 -40.13
 382.00 -119.17 -32.71
 383.00 -126.49  -1.08
 384.00 -71.27 117.13
 385.00 -69.31 -24.38
 386.00 -59.40 -36.09
 387.00 -53.03 -63.29
 388.00 -66.71 -35.12
 389.00 -60.91 -59.92
 390.00 -52.07 -38.91
 391.00 -64.51 -52.20
 392.00 -79.91 -17.42
 393.00 -57.12 -51.19
 394.00 -82.67 -31.16
 395.00 -71.37 -31.80
 396.00  70.98   6.32
 397.00 -107.20  15.01
 398.00 -122.69 144.45


