 residuo Phi Psi
  69.00 -89.24 161.05
  70.00 -136.19 165.16
  71.00 -76.80  -9.38
  72.00 -69.56 -44.41
  73.00 -56.59 -28.02
  74.00 -55.39 -58.04
  75.00 -70.10 -39.43
  76.00 -52.99 -51.83
  77.00 -65.47 -37.65
  78.00 -68.78 -42.48
  79.00 -78.18 -21.03
  80.00 -56.73 -51.82
  81.00 -50.86 -39.01
  82.00 -51.37 -39.32
  83.00 -66.42 -42.24
  84.00 -70.17 -42.78
  85.00 -63.94 -40.43
  86.00 -61.67 -55.02
  87.00 -53.34 -36.88
  88.00 -72.93 -40.79
  89.00 -58.28 -56.02
  90.00 -54.28 -42.72
  91.00 -69.55 -80.76
  92.00 -66.80 -19.70
  93.00 -78.99 -31.64
  94.00 -60.28 -27.04
  95.00 -62.46 -46.00
  96.00 -73.67 -41.48
  97.00 -67.10 -34.99
  98.00 -57.34 -49.60
  99.00 -86.74 -37.32
 100.00 -133.76   9.49
 101.00 -71.07 -54.34
 102.00 -42.04 121.90
 103.00 -82.73 -42.69
 104.00 -128.34   8.69
 105.00 -70.03  -3.49
 106.00 -164.31  86.43
 107.00 -59.72 138.15
 108.00 -39.58 -42.12
 109.00 -73.83 -44.40
 110.00 -72.11 -19.12
 111.00 -60.01 -49.24
 112.00 -62.27 -37.52
 113.00 -64.15 -43.53
 114.00 -74.43 -37.16
 115.00 -69.74 -32.67
 116.00 -71.45 -34.05
 117.00 -64.30 -30.41
 118.00 -77.70 -26.76
 119.00 -84.51 -24.23
 120.00 -71.62 -31.25
 121.00 -69.24 -43.67
 122.00 -61.37 -40.64
 123.00 -55.58 -44.82
 124.00 -105.09 -29.31
 125.00 -122.70 -22.54
 126.00 -99.50 -30.43
 127.00 -56.81 -56.54
 128.00 -57.66 -40.98
 129.00 -69.60 -50.90
 130.00 -60.95 -36.38
 131.00 -66.39 -35.83
 132.00 -70.83 -39.39
 133.00 -56.33 -27.84
 134.00 -70.12 -24.95
 135.00 -61.82 -52.05
 136.00 -75.25 -31.95
 137.00  73.95   3.57
 138.00  68.68  31.18
 139.00 -131.50  39.40
 140.00 -78.09 161.56
 141.00 -81.13 122.52
 142.00 -144.20  12.16
 143.00 -49.27 176.64
 144.00 -54.11 129.04
 145.00 -61.03 -43.95
 146.00 -80.42  -8.00
 147.00 -60.06 -26.63
 148.00 -70.13 -41.61
 149.00 -55.16 -40.55
 150.00 -98.72 -22.55
 151.00 -60.68 -33.71
 152.00 -37.53 -36.81
 153.00 -67.19 -45.64
 154.00 -46.59 -48.26
 155.00 -72.34 -58.70
 156.00 -59.76 -37.65
 157.00 -66.83 -53.29
 158.00 -69.28 -46.17
 159.00 -69.12 -28.92
 160.00 -54.60 -62.72
 161.00 -61.62 -29.29
 162.00 -64.33 -62.24
 163.00 -73.09 -26.74
 164.00 -72.41 -25.72
 165.00 -62.18 -38.25
 166.00 -57.79 -48.70
 167.00 -59.84 -52.82
 168.00 -60.42 -43.55
 169.00 -56.64 -37.12
 170.00 -77.41 -40.18
 171.00 -72.50 -41.43
 172.00 -70.08 -38.17
 173.00 -54.59 -45.25
 174.00 -86.83 -30.14
 175.00 -83.47 -13.21
 176.00 -64.28 -49.57
 177.00 -48.44 -31.52
 178.00 -82.79 -26.78
 179.00 -59.15 126.73
 180.00 -86.21 -21.85
 181.00 -71.09  15.32
 182.00 -69.86  -8.71
 183.00 -63.87  -0.85
 184.00 -81.51 164.88
 185.00 -93.52 -19.36
 186.00 -156.38 132.91
 187.00 -106.46 163.87
 188.00 -56.17 127.12
 189.00 -74.27 -33.74
 190.00 -55.17 -42.56
 191.00 -63.94 -41.85
 192.00 -71.02 -48.73
 193.00 -68.64 -27.47
 194.00 -85.00 -29.97
 195.00 -57.35 -33.90
 196.00 -61.00 -46.50
 197.00 -60.43 -36.12
 198.00 -65.63 -54.07
 199.00 -59.08 -40.75
 200.00 -68.72 -37.25
 201.00 -70.40 -41.94
 202.00 -74.23 -29.24
 203.00 -63.13 -39.63
 204.00 -37.03 -51.16
 205.00 -96.02 -25.72
 206.00 -77.79 -43.55
 207.00 -52.84 -34.25
 208.00 -59.98 -31.85
 209.00 -61.15 -29.36
 210.00 -84.31 -49.95
 211.00 -48.76 -35.55
 212.00 -95.60 -37.15
 213.00 -91.60 -55.16
 214.00 -72.82  -6.37
 215.00 -106.89 -24.59
 216.00 -138.38  11.93
 217.00 -70.55 100.17
 218.00 -65.68 -20.93
 219.00 -87.49 -10.16
 220.00 -116.38 -37.73
 221.00 -134.90   0.59
 222.00 -146.55 142.04
 223.00  56.16 127.90
 224.00  81.41  33.44
 225.00 -81.79  -8.79
 226.00 -75.19 135.26
 227.00 -129.16  86.14
 228.00 -72.32 141.88
 229.00 -89.43 109.05
 230.00 -69.58 -24.28
 231.00 -62.03 116.31
 232.00 -64.36 -16.60
 233.00 -57.67 -44.65
 234.00 -76.41 -41.04
 235.00 -126.28 -17.05
 236.00 -87.95 -50.73
 237.00 -52.71 -44.24
 238.00 -70.68 -51.92
 239.00 -65.05 -19.52
 240.00 -67.18 -54.10
 241.00 -64.62 -41.15
 242.00 -138.33 -34.26
 243.00 -71.32 -46.97
 244.00 -58.57 -40.39
 245.00 -56.54 -58.87
 246.00 -63.92 -37.93
 247.00 -54.93 -39.29
 248.00 -62.31 -56.67
 249.00 -50.50 -46.83
 250.00 -89.18 -42.78
 251.00 -52.09 -44.35
 252.00 -69.35 -41.89
 253.00 -52.03 -44.10
 254.00 -50.66 -43.58
 255.00 -72.73 -48.69
 256.00 -64.05 -24.33
 257.00 -65.06 -53.55
 258.00 -57.10 -38.65
 259.00 -67.53 -42.27
 260.00 -65.98 -45.11
 261.00 -86.63 -25.71
 262.00 -84.11 -17.57
 263.00 -57.11 -37.02
 264.00 -60.77 -35.91
 1001.00 -60.18 -45.38
 1002.00 -51.99 -34.54
 1003.00 -75.81 -48.10
 1004.00 -63.46 -27.29
 1005.00 -73.83 -37.40
 1006.00 -65.59 -29.58
 1007.00 -58.22 -42.06
 1008.00 -60.49 -45.73
 1009.00 -68.33 -33.21
 1010.00 -74.11 -42.46
 1011.00 -83.33 -17.34
 1012.00 -78.30 -41.20
 1013.00 -61.29 -32.18
 1014.00 -64.23 -41.81
 1015.00 -71.77 -34.77
 1016.00 -63.25 -31.30
 1017.00 -58.25 -52.75
 1018.00 -67.68 -30.91
 1019.00 -53.15 -35.53
 1020.00 -135.39 163.13
 1021.00 -134.19  -8.47
 1022.00 -65.94 157.06
 1023.00 -64.18 -30.84
 1024.00 -67.31 -41.51
 1025.00 -72.37 -34.34
 1026.00 -70.19 -35.15
 1027.00 -57.66 -41.85
 1028.00 -69.83 -49.04
 1029.00 -50.51 -45.19
 1030.00 -62.83 -35.22
 1031.00 -81.08 -38.08
 1032.00 -54.41 -36.68
 1033.00 -51.13 -53.67
 1034.00 -56.29 -52.39
 1035.00 -63.93 -54.84
 1036.00 -60.43 -38.06
 1037.00 -64.06 -44.03
 1038.00 -80.52 -28.28
 1039.00 -74.59 -43.43
 1040.00 -59.97 -40.63
 1041.00  44.39 -19.20
 1042.00  94.94  29.27
 1043.00 -62.33  -9.84
 1044.00  66.72 -21.43
 1066.00 -83.65 155.74
 1067.00 -63.45   4.24
 1068.00 -72.87 -34.16
 1069.00 -65.18 -36.33
 1070.00 -77.10 -26.41
 1071.00 -61.20 -43.54
 1072.00 -67.47 -35.33
 1073.00 -85.81 -23.41
 1074.00 -66.13 -30.01
 1075.00 -73.34 -41.31
 1076.00 -65.50 -26.14
 1077.00 -63.39 -37.71
 1078.00 -58.16 -45.74
 1079.00 -65.89 -39.17
 1080.00 -70.46 -37.92
 1081.00  76.06 -12.87
 1082.00 -79.35  15.74
 1083.00 -70.42  69.13
 1084.00 -63.33 -35.56
 1085.00 -94.29 -31.39
 1086.00 -64.42 -34.45
 1087.00 -55.74 -40.03
 1088.00 -74.15 -50.66
 1089.00 -73.28 -25.43
 1090.00 -62.66 -44.91
 1091.00 -65.49 -34.38
 1092.00 -66.49 -36.51
 1093.00 -70.14 -32.27
 1094.00 -61.54 -28.31
 1095.00 -74.16 -47.58
 1096.00 -56.80 -33.06
 1097.00 -51.19 -51.00
 1098.00 -66.40 -43.03
 1099.00 -78.43 -30.09
 1100.00 -102.58 -13.45
 1101.00 -67.23 -22.81
 1102.00 -62.25 -41.07
 1103.00 -61.22 -42.99
 1104.00 -58.75 -54.32
 1105.00 -68.38 -40.26
 313.00 -71.96 -35.84
 314.00 -56.46 -48.43
 315.00 -52.75 -48.81
 316.00 -86.31 -23.25
 317.00 -71.66 -32.67
 318.00 -79.11 -32.07
 319.00 -37.06 -48.94
 320.00 -67.53 -52.71
 321.00 -62.20 -38.12
 322.00 -76.30 -30.27
 323.00 -72.29 -25.51
 324.00 -63.69 -44.07
 325.00 -76.68 -28.80
 326.00 -65.92 -29.84
 327.00 -58.62 -43.59
 328.00 -61.95 -45.29
 329.00 -63.24 -45.12
 330.00 -54.36 -23.39
 331.00 -57.15 -53.07
 332.00 -66.11 -36.59
 333.00 -73.53 -49.46
 334.00 -83.00 -35.45
 335.00 -103.83 -26.43
 336.00 -56.30 -30.87
 337.00 -57.47 -47.17
 338.00 -59.12 -33.64
 339.00 -54.59 -61.63
 340.00 -50.56 -64.58
 341.00 -69.69 -32.77
 342.00 -66.26 -51.48
 343.00 -58.41 -30.98
 344.00 -56.94 -47.21
 345.00 -56.59 -40.83
 346.00 -100.27 -24.64
 347.00 -77.84 -29.44
 348.00 -84.27 -42.16
 349.00 -150.16 157.90
 350.00 -75.53 -61.57
 351.00 -49.01 -60.08
 352.00 -113.31 -36.09
 353.00 -142.16 -172.38
 354.00 -66.60 130.91
 355.00 -94.12 -22.70
 356.00 -65.51 -26.90
 357.00 -48.92 -54.08
 358.00 -56.90 -54.85
 359.00 -67.27 -41.99
 360.00 -66.74 -33.82
 361.00 -58.05 -46.00
 362.00 -61.33 -43.90
 363.00 -94.41 -20.40
 364.00 -60.02 -45.20
 365.00 -49.00 -41.31
 366.00 -83.03 -40.04
 367.00 -71.51 -32.00
 368.00 -64.47 -30.88
 369.00 -55.22 -58.88
 370.00 -66.21 -36.05
 371.00 -64.90 -18.21
 372.00 -68.93 -15.77
 373.00 -97.88 -36.01
 374.00 -74.11 -32.60
 375.00 -51.47 -26.79
 376.00 -66.77 -51.61
 377.00 -75.67 -17.26
 378.00 -60.12 -30.92
 379.00 -70.91 -38.71
 380.00 -68.42 -33.46
 381.00 -78.75 -35.65
 382.00 -90.79 -48.97
 383.00 -135.84  -6.30
 384.00 -57.37 122.75
 385.00 -64.80 -45.88
 386.00 -62.77 -44.38
 387.00 -57.73 -52.70
 388.00 -73.19 -38.72
 389.00 -76.42 -27.65
 390.00 -50.79 -52.05
 391.00 -75.70 -34.79
 392.00 -78.09 -24.86
 393.00 -75.07 -36.94
 394.00 -72.58 -35.96
 395.00 -84.92 -21.64
 396.00  64.58  10.88
 397.00 -81.58  10.78
 398.00 -121.34 169.66


