 residuo Phi Psi
  69.00 -69.34 150.52
  70.00 -68.27 -33.86
  71.00 -79.63 -16.77
  72.00 -48.98 -48.82
  73.00 -51.60 -51.87
  74.00 -72.96 -45.74
  75.00 -58.02 -43.27
  76.00 -67.31 -33.41
  77.00 -65.81 -41.19
  78.00 -66.56 -35.02
  79.00 -72.99 -35.07
  80.00 -63.78 -36.80
  81.00 -63.12 -32.98
  82.00 -55.03 -45.11
  83.00 -68.58 -33.24
  84.00 -67.29 -29.74
  85.00 -69.37 -44.59
  86.00 -62.66 -35.25
  87.00 -65.73 -43.87
  88.00 -73.49 -37.50
  89.00 -63.46 -65.19
  90.00 -63.42 -30.24
  91.00 -90.47 -30.07
  92.00 -67.91 -28.93
  93.00 -50.34 -35.84
  94.00 -70.99 -39.45
  95.00 -60.38 -47.16
  96.00 -60.04 -50.57
  97.00 -54.00 -49.59
  98.00 -50.69 -66.25
  99.00 -86.66 -31.67
 100.00 -153.27   8.52
 101.00 -78.20 -32.48
 102.00 -67.44 123.20
 103.00 -63.75 -40.87
 104.00 -75.59 -29.07
 105.00 -81.97  -9.37
 106.00 -166.17  75.27
 107.00 -43.78 140.22
 108.00 -57.98 -48.33
 109.00 -52.48 -39.74
 110.00 -64.16 -37.96
 111.00 -62.94 -37.87
 112.00 -53.60 -47.78
 113.00 -74.95 -40.48
 114.00 -76.51 -25.67
 115.00 -48.23 -41.43
 116.00 -69.91 -41.40
 117.00 -67.78 -42.31
 118.00 -58.54 -27.78
 119.00 -83.38 -39.95
 120.00 -62.22 -29.91
 121.00 -76.39 -45.19
 122.00 -62.90 -23.33
 123.00 -80.79 -30.30
 124.00 -81.18  -9.71
 125.00 -149.69 -32.81
 126.00 -67.53 -22.93
 127.00 -64.22 -50.81
 128.00 -46.06 -43.17
 129.00 -73.97 -49.66
 130.00 -66.80 -39.20
 131.00 -63.64 -40.58
 132.00 -65.45 -39.40
 133.00 -49.31 -45.89
 134.00 -66.55 -40.90
 135.00 -59.38 -53.13
 136.00 -87.44 -32.69
 137.00  71.04  21.23
 138.00  46.59  49.25
 139.00 -127.36  44.12
 140.00 -73.44 159.49
 141.00 -80.34 124.26
 142.00 -106.78 -20.22
 143.00 -41.67 -179.53
 144.00 -62.74 137.44
 145.00 -90.09 -29.35
 146.00 -120.70  22.65
 147.00 -73.43  -4.76
 148.00 -37.67 -53.99
 149.00 -65.86 -62.39
 150.00 -76.99 -22.56
 151.00 -64.95 -52.56
 152.00 -45.02 -26.33
 153.00 -60.15 -40.96
 154.00 -67.42 -44.27
 155.00 -72.99 -34.08
 156.00 -60.00 -41.30
 157.00 -65.59 -51.72
 158.00 -67.04 -48.34
 159.00 -76.33 -25.96
 160.00 -51.76 -54.05
 161.00 -64.49 -33.43
 162.00 -60.50 -58.29
 163.00 -68.09 -35.80
 164.00 -68.41 -26.38
 165.00 -75.11 -44.18
 166.00 -54.45 -37.73
 167.00 -67.06 -39.54
 168.00 -71.76 -41.21
 169.00 -70.75 -24.47
 170.00 -61.68 -49.22
 171.00 -62.89 -40.98
 172.00 -79.11 -39.55
 173.00 -92.66 -15.47
 174.00 -95.58 -24.33
 175.00 -49.57 -33.52
 176.00 -65.67 -42.99
 177.00 -82.37  -7.72
 178.00 -76.01 -19.12
 179.00 -56.02 128.55
 180.00 -132.03  -9.45
 181.00 -76.58  41.34
 182.00 -84.31 -14.01
 183.00 -64.30  -0.94
 184.00 -82.37 141.77
 185.00 -62.05  -9.49
 186.00 -142.70 122.57
 187.00 -92.77 169.30
 188.00 -63.55 119.24
 189.00 -61.24 -46.19
 190.00 -73.84 -35.02
 191.00 -61.10 -24.66
 192.00 -56.80 -60.95
 193.00 -65.04 -36.41
 194.00 -76.56 -40.09
 195.00 -54.43 -33.23
 196.00 -53.80 -56.94
 197.00 -63.15 -44.43
 198.00 -67.31 -35.17
 199.00 -58.51 -51.67
 200.00 -66.82 -34.19
 201.00 -61.52 -42.13
 202.00 -73.23 -44.15
 203.00 -66.02 -42.69
 204.00 -59.65 -44.28
 205.00 -69.71 -36.16
 206.00 -75.36 -39.98
 207.00 -52.69 -31.15
 208.00 -67.34 -23.45
 209.00 -49.24 -34.13
 210.00 -63.74 -60.77
 211.00 -59.84 -39.73
 212.00 -87.21 -55.61
 213.00 -66.55 -26.79
 214.00 -81.65 -30.68
 215.00 -98.12  -8.69
 216.00 -160.45 -22.79
 217.00 -64.23 118.94
 218.00 -76.30 -27.85
 219.00 -95.01  -3.22
 220.00 -133.29 -15.21
 221.00 -127.89   8.46
 222.00 -159.65 159.94
 223.00  51.85 109.26
 224.00  91.81  46.95
 225.00 -81.93 -25.44
 226.00 -70.77 143.01
 227.00 -126.09  80.81
 228.00 -53.58 134.13
 229.00 -130.94 126.66
 230.00 -73.50 -31.60
 231.00 -66.35 134.53
 232.00 -63.15 -17.90
 233.00 -99.05 -26.06
 234.00 -61.71 -47.19
 235.00 -112.54 -42.78
 236.00 -61.24 -46.53
 237.00 -57.14 -63.23
 238.00 -59.33 -53.16
 239.00 -71.85 -25.98
 240.00 -78.17 -35.26
 241.00 -57.70 -34.48
 242.00 -149.79 -33.42
 243.00 -69.75 -51.06
 244.00 -66.26 -42.89
 245.00 -74.24 -43.12
 246.00 -47.40 -35.59
 247.00 -62.86 -54.28
 248.00 -76.33 -28.37
 249.00 -58.90 -49.29
 250.00 -64.13 -58.48
 251.00 -62.15 -41.85
 252.00 -64.96 -37.44
 253.00 -62.65 -40.11
 254.00 -68.37 -56.98
 255.00 -69.75 -30.14
 256.00 -78.66 -23.63
 257.00 -59.13 -50.86
 258.00 -65.92 -41.47
 259.00 -59.57 -40.21
 260.00 -94.91 -24.41
 261.00 -67.88 -34.02
 262.00 -69.85 -27.02
 263.00 -56.53 -50.14
 264.00 -63.53 -32.73
 1001.00 -58.20 -39.08
 1002.00 -39.96 -29.98
 1003.00 -79.64 -54.16
 1004.00 -77.21 -14.67
 1005.00 -69.28 -27.22
 1006.00 -64.78 -35.28
 1007.00 -58.91 -44.24
 1008.00 -72.97 -41.05
 1009.00 -65.11 -36.08
 1010.00 -75.50 -34.42
 1011.00 -53.39 -38.63
 1012.00 -66.66 -53.47
 1013.00 -49.79 -45.88
 1014.00 -87.89 -26.80
 1015.00 -82.46 -10.48
 1016.00 -53.46 -52.17
 1017.00 -62.66 -39.81
 1018.00 -103.59 -20.63
 1019.00 -46.04 -14.65
 1020.00 -146.58 162.53
 1021.00 -142.14 -13.85
 1022.00 -53.28 132.17
 1023.00 -61.96 -38.51
 1024.00 -100.92 -28.35
 1025.00 -52.95 -42.80
 1026.00 -55.17 -34.12
 1027.00 -65.27 -42.25
 1028.00 -73.13 -42.86
 1029.00 -56.01 -33.43
 1030.00 -69.69 -44.10
 1031.00 -69.76 -38.27
 1032.00 -74.34 -32.24
 1033.00 -57.86 -37.42
 1034.00 -73.33 -51.51
 1035.00 -73.89 -32.02
 1036.00 -65.33 -32.60
 1037.00 -73.29 -39.63
 1038.00 -46.55 -45.12
 1039.00 -59.00 -64.04
 1040.00 -72.93 -18.56
 1041.00  45.76 -37.38
 1042.00  91.10  54.62
 1043.00 -58.14  -7.73
 1044.00  63.15 -21.06
 1066.00 -58.58 144.01
 1067.00 -60.25 -14.82
 1068.00 -68.87 -33.21
 1069.00 -67.54 -37.39
 1070.00 -60.96 -44.53
 1071.00 -75.37 -39.58
 1072.00 -62.65 -32.65
 1073.00 -75.80 -36.41
 1074.00 -80.80 -18.67
 1075.00 -61.61 -35.43
 1076.00 -58.79 -29.30
 1077.00 -79.80 -36.20
 1078.00 -66.97 -29.10
 1079.00 -77.66 -33.08
 1080.00 -56.89 -28.90
 1081.00  86.67 -24.44
 1082.00 -74.84  -5.44
 1083.00 -57.87  91.22
 1084.00 -69.68 -38.18
 1085.00 -60.60 -48.97
 1086.00 -57.27 -47.92
 1087.00 -65.64 -40.73
 1088.00 -75.84 -36.09
 1089.00 -64.67 -37.57
 1090.00 -80.78 -36.59
 1091.00 -52.00 -36.45
 1092.00 -65.78 -34.52
 1093.00 -86.85 -25.35
 1094.00 -60.03  -7.86
 1095.00 -78.34 -48.75
 1096.00 -62.49 -29.42
 1097.00 -45.04 -40.22
 1098.00 -58.87 -51.80
 1099.00 -58.98 -36.20
 1100.00 -70.56 -39.02
 1101.00 -57.65 -35.25
 1102.00 -72.79 -30.48
 1103.00 -63.14 -38.66
 1104.00 -80.73 -37.83
 1105.00 -52.80 -47.11
 313.00 -72.31 -25.35
 314.00 -82.56 -24.16
 315.00 -64.33 -37.01
 316.00 -67.01 -31.95
 317.00 -53.76 -51.35
 318.00 -68.79 -41.57
 319.00 -66.91 -33.69
 320.00 -71.22 -41.40
 321.00 -61.13 -34.31
 322.00 -59.74 -51.61
 323.00 -66.24 -38.27
 324.00 -58.43 -47.06
 325.00 -69.57 -27.74
 326.00 -66.37 -27.35
 327.00 -63.27 -43.87
 328.00 -61.02 -42.27
 329.00 -77.89 -30.79
 330.00 -62.36 -49.01
 331.00 -65.58 -30.17
 332.00 -69.46 -51.82
 333.00 -64.67 -54.09
 334.00 -74.35 -30.97
 335.00 -69.28 -59.76
 336.00 -49.81 -32.02
 337.00 -57.26 -54.30
 338.00 -56.28 -30.51
 339.00 -72.54 -52.68
 340.00 -51.51 -36.98
 341.00 -74.63 -45.01
 342.00 -70.26 -39.26
 343.00 -61.59 -33.81
 344.00 -72.13 -29.47
 345.00 -64.14 -36.77
 346.00 -88.32  -5.31
 347.00 -73.65 -46.52
 348.00 -81.36 -42.42
 349.00 -141.67 150.03
 350.00 -105.81 -56.42
 351.00 -88.32 -22.49
 352.00 -134.08  -0.67
 353.00 -84.51 147.45
 354.00 -68.19 134.11
 355.00 -66.19 -41.15
 356.00 -81.53 -19.24
 357.00 -79.72 -50.62
 358.00 -60.52 -28.57
 359.00 -71.89 -38.93
 360.00 -64.60 -38.46
 361.00 -49.52 -35.94
 362.00 -73.90 -44.96
 363.00 -73.26 -18.45
 364.00 -60.57 -58.90
 365.00 -69.20 -30.07
 366.00 -71.39 -38.21
 367.00 -73.51 -25.26
 368.00 -52.07 -36.27
 369.00 -73.02 -46.51
 370.00 -81.01   0.37
 371.00 -59.37 -22.18
 372.00 -76.48 -26.70
 373.00 -107.09 -18.96
 374.00 -81.00  -4.73
 375.00 -62.23 -33.29
 376.00 -60.22 -39.96
 377.00 -84.79 -18.32
 378.00 -61.12 -32.83
 379.00 -59.13 -43.62
 380.00 -61.74 -39.75
 381.00 -79.67 -35.41
 382.00 -106.20 -57.49
 383.00 -134.66   5.93
 384.00 -72.73 124.45
 385.00 -68.08 -37.52
 386.00 -63.97 -36.44
 387.00 -52.52 -50.61
 388.00 -67.03 -45.12
 389.00 -69.87 -39.12
 390.00 -65.84 -37.15
 391.00 -60.69 -46.53
 392.00 -80.72 -24.61
 393.00 -60.05 -58.15
 394.00 -72.40 -30.62
 395.00 -91.39 -32.37
 396.00  66.46  14.97
 397.00 -102.46  33.14
 398.00 -130.87 113.33


