 residuo Phi Psi
  69.00 -80.69 139.34
  70.00 -68.42  57.44
  71.00 -89.86  -8.38
  72.00 -50.30 -47.63
  73.00 -69.05 -43.82
  74.00 -57.41 -44.85
  75.00 -56.24 -42.60
  76.00 -59.30 -48.00
  77.00 -61.66 -40.13
  78.00 -73.12 -37.63
  79.00 -66.54 -33.27
  80.00 -69.21 -40.50
  81.00 -56.44 -34.12
  82.00 -55.23 -56.73
  83.00 -61.00 -37.65
  84.00 -57.02 -43.31
  85.00 -58.84 -51.88
  86.00 -66.80 -58.29
  87.00 -71.90 -20.57
  88.00 -56.10 -62.49
  89.00 -75.91 -64.18
  90.00 -79.08 -20.82
  91.00 -75.31 -35.12
  92.00 -51.79 -34.39
  93.00 -70.60 -41.76
  94.00 -63.76 -33.82
  95.00 -63.38 -43.96
  96.00 -68.34 -42.38
  97.00 -66.88 -43.62
  98.00 -61.03 -47.39
  99.00 -84.14 -37.55
 100.00 -136.53   9.15
 101.00 -74.64 -55.20
 102.00 -61.74 130.15
 103.00 -81.04 -43.75
 104.00 -77.58 -15.92
 105.00 -75.51  -4.06
 106.00 -157.06  71.16
 107.00 -40.70 167.67
 108.00 -73.09 -46.82
 109.00 -70.03 -36.73
 110.00 -61.12 -38.27
 111.00 -66.67 -25.55
 112.00 -62.16 -47.63
 113.00 -70.13 -24.46
 114.00 -60.14 -40.52
 115.00 -79.63 -29.89
 116.00 -59.63 -46.69
 117.00 -70.50 -28.37
 118.00 -60.37 -41.57
 119.00 -85.46 -32.05
 120.00 -55.83 -42.09
 121.00 -72.85 -41.90
 122.00 -72.09 -35.85
 123.00 -70.71 -39.65
 124.00 -94.03 -23.97
 125.00 -112.62 -32.21
 126.00 -121.45 -10.58
 127.00 -61.69 -47.09
 128.00 -75.05 -35.76
 129.00 -66.98 -33.77
 130.00 -51.43 -35.23
 131.00 -49.06 -58.84
 132.00 -64.42 -44.02
 133.00 -66.81 -41.84
 134.00 -53.90 -40.12
 135.00 -62.51 -48.29
 136.00 -92.40 -11.43
 137.00  73.75   2.01
 138.00  69.98  44.91
 139.00 -58.38 -10.67
 140.00 -67.64 144.95
 141.00 -86.65 110.10
 142.00 -95.23 -13.11
 143.00 -53.42 170.40
 144.00 -68.59 144.01
 145.00 -54.10 -25.12
 146.00 -99.81 -14.08
 147.00 -61.12 -25.00
 148.00 -62.06 -49.18
 149.00 -90.00  -5.34
 150.00 -69.53 -45.98
 151.00 -64.46 -39.90
 152.00 -63.22 -30.57
 153.00 -65.78 -43.11
 154.00 -54.14 -47.06
 155.00 -82.43 -39.63
 156.00 -77.25 -32.70
 157.00 -63.20 -49.10
 158.00 -81.56 -34.65
 159.00 -59.88 -44.63
 160.00 -64.07 -40.79
 161.00 -48.12 -47.31
 162.00 -63.62 -59.17
 163.00 -66.61 -39.24
 164.00 -79.70 -28.24
 165.00 -64.33 -33.69
 166.00 -60.37 -41.01
 167.00 -55.91 -49.48
 168.00 -75.26 -43.33
 169.00 -74.36 -22.69
 170.00 -60.62 -45.70
 171.00 -39.98 -60.10
 172.00 -42.02 -63.43
 173.00 -73.30 -50.50
 174.00 -91.46 -25.60
 175.00 -53.43 -34.79
 176.00 -69.61 -39.41
 177.00 -64.05 -16.25
 178.00 -82.14 -22.58
 179.00 -73.26 152.13
 180.00 -125.59  -8.52
 181.00 -65.85  28.61
 182.00 -71.39 -28.21
 183.00 -69.76 -12.39
 184.00 -92.10 142.66
 185.00 -58.90 -11.16
 186.00 -158.43 130.65
 187.00 -83.85 136.94
 188.00 -53.72 116.10
 189.00 -62.10 -45.68
 190.00 -54.74 -37.73
 191.00 -65.24 -48.20
 192.00 -63.29 -45.10
 193.00 -57.96 -52.44
 194.00 -60.00 -46.66
 195.00 -58.79 -51.08
 196.00 -61.58 -48.11
 197.00 -67.46 -34.43
 198.00 -70.78 -45.51
 199.00 -63.94 -29.37
 200.00 -37.74 -62.43
 201.00 -66.75 -54.01
 202.00 -66.36 -31.43
 203.00 -63.70 -31.48
 204.00 -57.79 -37.61
 205.00 -70.05 -41.95
 206.00 -96.18 -35.40
 207.00 -64.34 -28.60
 208.00 -46.56 -20.14
 209.00 -65.70 -31.24
 210.00 -53.23 -59.94
 211.00 -70.71 -32.52
 212.00 -93.16 -69.14
 213.00 -67.39 -31.50
 214.00 -81.98 -17.57
 215.00 -80.56 -10.14
 216.00 -168.57 -14.58
 217.00 -66.89 142.85
 218.00 -62.69 -35.00
 219.00 -74.70 -16.07
 220.00 -131.03 -34.77
 221.00 -127.87  -8.63
 222.00 -138.28 160.27
 223.00  36.42 116.65
 224.00  86.10  53.89
 225.00 -81.52 -14.54
 226.00 -70.89 124.10
 227.00 -162.15 115.32
 228.00 -65.53 115.27
 229.00 -136.87 119.33
 230.00 -69.14 -17.42
 231.00 -55.50 126.17
 232.00 -59.19 -31.86
 233.00 -92.24 -22.60
 234.00 -65.05 -62.44
 235.00 -86.41 -43.71
 236.00 -126.04 -21.43
 237.00 -72.10 -48.05
 238.00 -59.44 -26.18
 239.00 -74.34 -30.10
 240.00 -67.99 -32.23
 241.00 -75.69 -33.54
 242.00 -141.73 -24.90
 243.00 -66.24 -66.80
 244.00 -70.06 -35.50
 245.00 -60.80 -58.32
 246.00 -70.22 -32.39
 247.00 -65.01 -39.19
 248.00 -60.37 -42.07
 249.00 -51.48 -50.56
 250.00 -78.28 -49.00
 251.00 -54.58 -39.23
 252.00 -71.80 -51.36
 253.00 -84.57 -17.11
 254.00 -61.60 -37.60
 255.00 -62.90 -43.03
 256.00 -53.59 -42.18
 257.00 -72.89 -60.20
 258.00 -63.25 -31.15
 259.00 -73.17 -29.24
 260.00 -64.67 -40.92
 261.00 -44.57 -40.92
 262.00 -63.31 -53.98
 263.00 -64.01 -27.67
 264.00 -79.26 -33.11
 1001.00 -71.29 -35.87
 1002.00 -53.17 -34.25
 1003.00 -70.48 -48.58
 1004.00 -77.10 -28.09
 1005.00 -63.70 -33.49
 1006.00 -75.82 -30.41
 1007.00 -69.72 -35.94
 1008.00 -69.97 -31.64
 1009.00 -58.76 -37.53
 1010.00 -69.05 -47.02
 1011.00 -63.48 -39.91
 1012.00 -69.30 -43.72
 1013.00 -60.20 -30.59
 1014.00 -72.82 -38.75
 1015.00 -69.70 -18.13
 1016.00 -68.23 -53.17
 1017.00 -59.27 -33.63
 1018.00 -132.45 -16.45
 1019.00 -57.98  20.10
 1020.00 -75.75 131.50
 1021.00 -163.75 -19.67
 1022.00 -85.59 -175.85
 1023.00 -53.73 -27.18
 1024.00 -67.65 -46.41
 1025.00 -73.19 -31.82
 1026.00 -47.71 -44.30
 1027.00 -48.54 -59.75
 1028.00 -75.58 -48.74
 1029.00 -61.96 -43.41
 1030.00 -51.07 -36.76
 1031.00 -79.66 -42.46
 1032.00 -62.43 -28.05
 1033.00 -55.14 -46.97
 1034.00 -55.91 -49.76
 1035.00 -77.64 -45.83
 1036.00 -67.92 -27.82
 1037.00 -53.91 -37.09
 1038.00 -68.46 -47.95
 1039.00 -75.70 -24.68
 1040.00 -86.63 -17.43
 1041.00  44.16 -33.45
 1042.00  78.56  36.03
 1043.00 -45.12  19.60
 1044.00  66.17 -30.69
 1066.00 -61.82 138.57
 1067.00 -68.87 -12.62
 1068.00 -63.32 -28.27
 1069.00 -69.20 -38.50
 1070.00 -72.49 -34.06
 1071.00 -64.16 -30.83
 1072.00 -56.43 -42.44
 1073.00 -56.58 -49.85
 1074.00 -97.04 -17.14
 1075.00 -77.15 -35.42
 1076.00 -61.01 -25.38
 1077.00 -52.02 -44.87
 1078.00 -69.10 -37.49
 1079.00 -61.17 -35.80
 1080.00 -78.05 -38.84
 1081.00  66.71  -0.65
 1082.00 -78.79  17.18
 1083.00 -48.46  72.11
 1084.00 -61.10 -55.13
 1085.00 -80.45 -35.02
 1086.00 -60.86 -44.92
 1087.00 -70.64 -31.36
 1088.00 -76.85 -41.45
 1089.00 -59.91 -25.87
 1090.00 -49.43 -48.23
 1091.00 -71.27 -35.66
 1092.00 -68.66 -34.33
 1093.00 -73.51 -37.34
 1094.00 -38.48 -50.37
 1095.00 -77.97 -58.56
 1096.00 -73.90 -29.44
 1097.00 -72.51 -32.63
 1098.00 -56.62 -33.42
 1099.00 -75.89 -25.49
 1100.00 -59.24 -62.52
 1101.00 -63.26 -33.64
 1102.00 -75.54 -29.00
 1103.00 -64.33 -36.28
 1104.00 -71.22 -33.23
 1105.00 -64.37 -28.64
 313.00 -75.65 -19.91
 314.00 -60.99 -47.18
 315.00 -59.62 -40.72
 316.00 -69.96 -36.55
 317.00 -61.80 -46.41
 318.00 -78.10 -35.82
 319.00 -71.68 -45.18
 320.00 -88.02 -17.47
 321.00 -69.61 -22.73
 322.00 -56.82 -37.01
 323.00 -70.32 -26.07
 324.00 -69.48 -35.54
 325.00 -73.17 -45.81
 326.00 -65.72 -28.27
 327.00 -73.74 -35.23
 328.00 -60.53 -38.80
 329.00 -63.70 -49.79
 330.00 -55.12 -42.38
 331.00 -49.97 -46.90
 332.00 -70.13 -47.58
 333.00 -57.91 -46.50
 334.00 -72.48 -47.14
 335.00 -92.67 -34.88
 336.00 -64.49 -31.28
 337.00 -47.97 -43.73
 338.00 -63.27 -34.87
 339.00 -62.12 -59.82
 340.00 -80.53 -34.69
 341.00 -61.10 -38.63
 342.00 -65.26 -34.63
 343.00 -55.10 -45.61
 344.00 -63.59 -43.31
 345.00 -62.29 -40.48
 346.00 -78.46 -36.57
 347.00 -116.54 -10.21
 348.00 -102.31 -26.13
 349.00 -138.41 148.46
 350.00 -84.08 -52.22
 351.00 -111.88 -44.33
 352.00 -68.14 -23.07
 353.00 -87.16 125.32
 354.00 -53.22 124.07
 355.00 -77.19 -24.18
 356.00 -67.78 -35.78
 357.00 -67.77 -36.30
 358.00 -60.91 -41.68
 359.00 -59.04 -41.36
 360.00 -55.09 -53.71
 361.00 -57.31 -49.25
 362.00 -74.25 -25.02
 363.00 -77.08 -23.36
 364.00 -62.10 -65.93
 365.00 -77.82 -20.83
 366.00 -85.30 -38.10
 367.00 -71.66 -20.55
 368.00 -54.40 -38.05
 369.00 -57.61 -60.48
 370.00 -59.66 -28.14
 371.00 -71.40 -22.69
 372.00 -81.07 -13.44
 373.00 -89.28 -17.93
 374.00 -62.26 -20.79
 375.00 -62.44 -46.39
 376.00 -62.37 -47.23
 377.00 -62.55 -32.85
 378.00 -65.81 -38.49
 379.00 -70.01 -46.90
 380.00 -55.64 -39.34
 381.00 -72.63 -47.41
 382.00 -134.43 -28.80
 383.00 -140.66  13.94
 384.00 -68.11 115.52
 385.00 -69.79 -26.67
 386.00 -68.92 -40.04
 387.00 -63.34 -42.10
 388.00 -47.33 -49.92
 389.00 -68.55 -55.37
 390.00 -65.09 -42.83
 391.00 -59.41 -41.54
 392.00 -57.42 -36.37
 393.00 -60.29 -57.42
 394.00 -64.51 -42.59
 395.00 -92.08  -9.82
 396.00  65.12   8.12
 397.00 -112.47  21.64
 398.00 -137.74 150.13


