 residuo Phi Psi
  69.00 -62.59 124.54
  70.00 -138.37 127.11
  71.00 -61.60 -28.06
  72.00 -61.11 -59.44
  73.00 -75.22 -32.39
  74.00 -67.93 -36.24
  75.00 -69.83 -41.04
  76.00 -59.10 -38.57
  77.00 -50.43 -53.67
  78.00 -78.13 -39.90
  79.00 -64.84 -32.49
  80.00 -81.35 -29.28
  81.00 -47.90 -43.71
  82.00 -58.40 -25.54
  83.00 -58.99 -40.87
  84.00 -51.80 -52.92
  85.00 -65.97 -46.20
  86.00 -50.66 -57.67
  87.00 -71.15 -34.83
  88.00 -56.08 -48.15
  89.00 -57.04 -72.35
  90.00 -73.03 -28.07
  91.00 -64.40 -55.23
  92.00 -46.92 -34.14
  93.00 -72.23 -53.77
  94.00 -56.58 -34.66
  95.00 -70.21 -49.37
  96.00 -53.80 -32.81
  97.00 -64.67 -57.45
  98.00 -69.76 -47.82
  99.00 -88.54 -18.55
 100.00 -137.97 -18.85
 101.00 -87.18 -17.52
 102.00 -61.49 127.59
 103.00 -67.56 -39.33
 104.00 -81.48 -29.18
 105.00 -82.47   8.28
 106.00 -135.76  69.06
 107.00 -51.95 155.08
 108.00 -69.80 -39.72
 109.00 -48.10 -42.91
 110.00 -66.55 -36.44
 111.00 -68.35 -40.71
 112.00 -66.27 -34.26
 113.00 -68.07 -37.66
 114.00 -68.24 -37.22
 115.00 -59.67 -39.46
 116.00 -54.40 -46.44
 117.00 -71.90 -32.05
 118.00 -60.15 -38.30
 119.00 -61.00 -50.96
 120.00 -64.88 -39.23
 121.00 -70.08 -38.98
 122.00 -64.01 -34.52
 123.00 -90.18 -25.38
 124.00 -91.22 -10.24
 125.00 -118.56 -38.34
 126.00 -74.55 -58.77
 127.00 -76.21 -44.98
 128.00 -42.06 -43.76
 129.00 -56.74 -58.80
 130.00 -68.79 -36.61
 131.00 -75.54 -33.91
 132.00 -52.10 -42.57
 133.00 -52.75 -40.77
 134.00 -68.72 -29.53
 135.00 -69.02 -41.76
 136.00 -97.47 -18.48
 137.00  63.88  16.45
 138.00  61.00  41.56
 139.00 -163.00  78.26
 140.00 -66.85 165.17
 141.00 -86.22 126.64
 142.00 -104.96 -18.31
 143.00 -58.47 179.86
 144.00 -63.96 146.53
 145.00 -71.31 -35.97
 146.00 -75.38 -19.08
 147.00 -65.64 -13.39
 148.00 -68.80 -52.60
 149.00 -74.90 -33.10
 150.00 -80.83 -24.58
 151.00 -66.83 -31.25
 152.00 -54.17 -35.80
 153.00 -77.46 -28.93
 154.00 -59.83 -45.40
 155.00 -74.80 -30.69
 156.00 -59.32 -51.78
 157.00 -65.31 -51.40
 158.00 -80.15 -33.67
 159.00 -68.04 -34.00
 160.00 -55.73 -53.11
 161.00 -61.16 -38.18
 162.00 -71.92 -47.27
 163.00 -68.83 -33.89
 164.00 -57.58 -28.30
 165.00 -66.27 -59.86
 166.00 -84.62 -24.85
 167.00 -47.14 -50.18
 168.00 -68.28 -48.29
 169.00 -55.04 -37.23
 170.00 -64.36 -44.41
 171.00 -69.42 -44.25
 172.00 -76.09 -36.02
 173.00 -85.96 -22.86
 174.00 -80.19 -32.08
 175.00 -70.10 -25.54
 176.00 -65.08 -43.98
 177.00 -79.71  -3.15
 178.00 -91.56  -3.91
 179.00 -57.77 126.21
 180.00 -105.73 -11.25
 181.00 -67.06  12.72
 182.00 -105.25   0.46
 183.00 -47.78   9.16
 184.00 -73.65 143.63
 185.00 -113.52   1.28
 186.00 -142.11 140.21
 187.00 -115.15 156.70
 188.00 -58.04 111.86
 189.00 -60.67 -31.49
 190.00 -70.76 -51.38
 191.00 -69.42 -32.19
 192.00 -74.17 -46.13
 193.00 -75.09 -12.99
 194.00 -75.30 -43.03
 195.00 -62.86 -33.50
 196.00 -63.21 -56.52
 197.00 -76.38 -24.35
 198.00 -58.91 -43.73
 199.00 -51.79 -48.87
 200.00 -58.48 -56.03
 201.00 -59.22 -37.51
 202.00 -52.52 -54.76
 203.00 -60.23 -40.61
 204.00 -61.31 -52.82
 205.00 -67.90 -37.18
 206.00 -84.25 -38.15
 207.00 -50.95 -33.87
 208.00 -55.62 -35.37
 209.00 -64.69 -16.97
 210.00 -73.11 -54.91
 211.00 -109.98  21.04
 212.00 -79.94 -70.71
 213.00 -84.32 -27.67
 214.00 -81.98  -9.31
 215.00 -76.69 -34.69
 216.00 -146.13 -16.17
 217.00 -67.61 118.47
 218.00 -49.34 -45.08
 219.00 -76.87 -21.92
 220.00 -135.99 -21.32
 221.00 -115.85   1.20
 222.00 -137.09 130.26
 223.00  57.16 113.61
 224.00  88.50  31.40
 225.00 -88.19  -9.55
 226.00 -69.46 142.32
 227.00 -148.28  97.88
 228.00 -90.86 145.05
 229.00 -126.31 135.79
 230.00 -60.76 -37.98
 231.00 -48.06 132.96
 232.00 -52.12 -38.11
 233.00 -91.02 -39.45
 234.00 -71.54 -55.79
 235.00 -106.48 -36.14
 236.00 -77.82 -51.37
 237.00 -72.05 -50.42
 238.00 -66.98 -33.45
 239.00 -58.87 -31.54
 240.00 -80.89 -43.37
 241.00 -75.82 -38.80
 242.00 -146.09 -11.52
 243.00 -66.02 -62.56
 244.00 -59.23 -39.20
 245.00 -64.38 -55.06
 246.00 -46.08 -45.09
 247.00 -56.06 -58.13
 248.00 -60.56 -44.62
 249.00 -58.51 -61.93
 250.00 -77.48 -39.21
 251.00 -72.25 -32.20
 252.00 -57.34 -36.76
 253.00 -71.23 -42.99
 254.00 -53.95 -41.80
 255.00 -53.31 -51.61
 256.00 -72.86 -29.04
 257.00 -60.24 -57.54
 258.00 -72.55 -26.60
 259.00 -63.87 -44.23
 260.00 -66.76 -45.94
 261.00 -72.43 -21.51
 262.00 -52.89 -55.88
 263.00 -49.41 -46.85
 264.00 -75.08 -41.68
 1001.00 -75.07 -29.83
 1002.00 -54.79 -31.32
 1003.00 -72.56 -40.60
 1004.00 -68.60 -30.69
 1005.00 -68.58 -37.49
 1006.00 -62.61 -36.50
 1007.00 -73.37 -32.72
 1008.00 -65.45 -44.49
 1009.00 -70.42 -35.59
 1010.00 -52.02 -50.55
 1011.00 -68.45 -36.41
 1012.00 -75.66 -49.43
 1013.00 -66.74 -20.83
 1014.00 -67.36 -43.23
 1015.00 -83.23 -22.36
 1016.00 -70.39 -29.69
 1017.00 -74.39 -30.10
 1018.00 -67.32 -37.92
 1019.00 -56.40 -35.29
 1020.00 -89.46 129.17
 1021.00 -138.44  -5.85
 1022.00 -70.63 138.50
 1023.00 -69.88 -22.31
 1024.00 -60.63 -38.53
 1025.00 -65.59 -43.19
 1026.00 -54.84 -46.45
 1027.00 -65.28 -35.12
 1028.00 -62.99 -45.39
 1029.00 -65.00 -43.69
 1030.00 -74.49 -31.16
 1031.00 -84.56 -18.91
 1032.00 -75.55 -24.33
 1033.00 -59.10 -36.10
 1034.00 -52.43 -46.18
 1035.00 -63.06 -54.52
 1036.00 -77.24 -38.00
 1037.00 -60.89 -26.77
 1038.00 -60.38 -44.83
 1039.00 -66.84 -60.10
 1040.00 -70.75 -32.62
 1041.00  64.29 -39.00
 1042.00  95.58  28.39
 1043.00 -56.33 -16.38
 1044.00  81.48 -31.23
 1066.00 -62.01 144.29
 1067.00 -60.40  -8.60
 1068.00 -67.87 -35.83
 1069.00 -74.48 -38.39
 1070.00 -63.59 -30.28
 1071.00 -69.91 -34.00
 1072.00 -58.40 -42.32
 1073.00 -83.18 -27.12
 1074.00 -66.23 -35.02
 1075.00 -62.28 -32.32
 1076.00 -64.71 -40.39
 1077.00 -55.98 -50.98
 1078.00 -68.05 -38.82
 1079.00 -63.87 -29.52
 1080.00 -74.64 -38.89
 1081.00  62.31  12.40
 1082.00 -77.63  10.44
 1083.00 -54.61  74.55
 1084.00 -81.68 -41.06
 1085.00 -59.00 -47.38
 1086.00 -71.12 -43.65
 1087.00 -63.26 -31.81
 1088.00 -70.76 -29.79
 1089.00 -67.85 -39.26
 1090.00 -61.45 -37.29
 1091.00 -65.88 -36.42
 1092.00 -65.77 -37.59
 1093.00 -57.14 -38.14
 1094.00 -57.41 -41.29
 1095.00 -68.91 -54.95
 1096.00 -75.02 -20.39
 1097.00 -56.43 -47.20
 1098.00 -59.14 -45.81
 1099.00 -90.93 -24.87
 1100.00 -62.66 -40.60
 1101.00 -55.67 -46.85
 1102.00 -74.86 -25.98
 1103.00 -68.86 -37.23
 1104.00 -59.13 -41.51
 1105.00 -55.60 -44.09
 313.00 -61.39 -38.76
 314.00 -65.28 -44.52
 315.00 -59.70 -42.79
 316.00 -59.24 -42.67
 317.00 -72.20 -27.38
 318.00 -59.07 -41.11
 319.00 -60.98 -43.73
 320.00 -76.78 -31.54
 321.00 -63.91 -45.53
 322.00 -56.08 -44.74
 323.00 -67.44 -44.70
 324.00 -55.26 -46.97
 325.00 -55.89 -34.45
 326.00 -74.17 -34.67
 327.00 -66.63 -40.82
 328.00 -64.11 -31.04
 329.00 -62.96 -66.96
 330.00 -46.31 -29.95
 331.00 -70.61 -55.54
 332.00 -66.61 -35.68
 333.00 -68.77 -42.61
 334.00 -88.96 -23.04
 335.00 -103.97 -23.17
 336.00 -79.53 -19.71
 337.00 -55.84 -34.56
 338.00 -52.21 -38.78
 339.00 -70.15 -50.77
 340.00 -68.17 -44.56
 341.00 -62.02 -35.39
 342.00 -72.25 -43.83
 343.00 -79.41 -28.58
 344.00 -66.24 -28.19
 345.00 -48.37 -48.21
 346.00 -78.67 -42.73
 347.00 -95.62 -16.01
 348.00 -67.27 -51.57
 349.00 -143.74 139.25
 350.00 -163.05   2.75
 351.00 -68.63 -42.51
 352.00 -144.47  -1.20
 353.00 -107.29 170.87
 354.00 -72.49 134.93
 355.00 -85.84 -15.81
 356.00 -56.02 -38.41
 357.00 -59.85 -57.80
 358.00 -59.51 -47.98
 359.00 -71.69 -45.45
 360.00 -70.20 -28.52
 361.00 -60.94 -39.69
 362.00 -73.52 -35.68
 363.00 -84.87 -14.71
 364.00 -62.25 -56.27
 365.00 -61.77 -32.37
 366.00 -65.78 -43.51
 367.00 -69.02 -20.75
 368.00 -58.60 -47.74
 369.00 -62.96 -49.70
 370.00 -53.00 -38.64
 371.00 -70.16 -25.36
 372.00 -83.73  -8.28
 373.00 -68.36 -31.62
 374.00 -75.26 -39.40
 375.00 -65.71 -30.55
 376.00 -72.42 -35.43
 377.00 -67.90 -20.01
 378.00 -55.74 -44.59
 379.00 -58.35 -43.82
 380.00 -57.05 -47.28
 381.00 -74.42 -46.73
 382.00 -108.83 -46.06
 383.00 -151.90  14.57
 384.00 -65.34 132.23
 385.00 -68.25 -33.94
 386.00 -75.47 -44.79
 387.00 -64.70 -35.14
 388.00 -62.33 -44.64
 389.00 -66.03 -37.87
 390.00 -52.85 -61.14
 391.00 -66.96 -38.01
 392.00 -66.56 -33.34
 393.00 -70.12 -45.69
 394.00 -72.34 -32.25
 395.00 -112.66  -0.32
 396.00  60.48   2.20
 397.00 -120.70  47.29
 398.00 -135.30 157.99


