 residuo Phi Psi
  69.00 -82.33 133.12
  70.00 -155.87 153.81
  71.00 -74.28 -12.57
  72.00 -74.53 -36.27
  73.00 -70.53 -29.13
  74.00 -54.40 -54.93
  75.00 -66.47 -35.07
  76.00 -57.15 -51.36
  77.00 -66.06 -34.20
  78.00 -72.10 -30.41
  79.00 -79.88 -35.00
  80.00 -86.67 -12.92
  81.00 -60.33 -33.88
  82.00 -68.44 -23.75
  83.00 -63.40 -39.85
  84.00 -70.40 -33.76
  85.00 -59.99 -44.49
  86.00 -65.93 -48.13
  87.00 -59.60 -30.84
  88.00 -60.87 -47.38
  89.00 -66.24 -64.41
  90.00 -73.91 -26.21
  91.00 -74.30 -43.93
  92.00 -47.71 -31.39
  93.00 -68.51 -47.18
  94.00 -69.12 -28.16
  95.00 -73.28 -45.10
  96.00 -64.30 -34.72
  97.00 -62.42 -47.02
  98.00 -63.62 -44.08
  99.00 -87.20 -19.00
 100.00 -101.79 -37.96
 101.00 -101.39 -17.06
 102.00 -67.51 117.21
 103.00 -85.77 -18.32
 104.00 -112.65  -5.55
 105.00 -81.54   6.66
 106.00 -121.13  46.61
 107.00 -33.80 146.38
 108.00 -83.92 -41.41
 109.00 -63.71 -29.80
 110.00 -53.80 -36.91
 111.00 -64.96 -37.59
 112.00 -55.30 -50.45
 113.00 -76.70 -37.10
 114.00 -75.41 -23.84
 115.00 -47.58 -46.53
 116.00 -75.66 -37.85
 117.00 -71.26 -30.55
 118.00 -51.75 -48.19
 119.00 -70.27 -40.78
 120.00 -55.27 -51.93
 121.00 -69.13 -46.97
 122.00 -67.54 -27.20
 123.00 -69.11 -41.00
 124.00 -90.38 -18.87
 125.00 -110.81 -46.21
 126.00 -111.49 -19.62
 127.00 -47.80 -57.43
 128.00 -74.73 -44.20
 129.00 -79.03 -22.65
 130.00 -57.97 -41.88
 131.00 -77.38 -29.25
 132.00 -46.33 -52.54
 133.00 -46.70 -48.40
 134.00 -63.04 -30.85
 135.00 -76.39 -35.20
 136.00 -73.64 -39.74
 137.00  56.47  14.06
 138.00  52.55  42.60
 139.00 -68.18   7.22
 140.00 -62.10 159.08
 141.00 -71.00 114.21
 142.00 -73.55 -51.04
 143.00 -63.20 176.73
 144.00 -58.42 142.69
 145.00 -53.44 -33.40
 146.00 -93.70 -20.03
 147.00 -56.67 -23.64
 148.00 -61.93 -59.42
 149.00 -74.69 -22.38
 150.00 -67.91 -33.74
 151.00 -59.81 -40.93
 152.00 -57.66 -40.76
 153.00 -60.15 -52.45
 154.00 -49.06 -48.87
 155.00 -69.99 -59.55
 156.00 -67.15 -32.23
 157.00 -56.46 -61.12
 158.00 -68.90 -45.44
 159.00 -73.23 -25.94
 160.00 -63.25 -41.32
 161.00 -67.95 -37.17
 162.00 -71.38 -42.66
 163.00 -64.28 -39.15
 164.00 -60.09 -36.42
 165.00 -63.34 -42.20
 166.00 -69.72 -41.56
 167.00 -66.32 -48.25
 168.00 -75.67 -36.68
 169.00 -62.20 -30.41
 170.00 -57.51 -54.09
 171.00 -64.64 -41.45
 172.00 -70.57 -56.87
 173.00 -65.80 -28.26
 174.00 -75.58 -35.97
 175.00 -53.51 -32.17
 176.00 -65.21 -57.07
 177.00 -73.04 -20.69
 178.00 -84.69  -3.99
 179.00 -84.13 158.47
 180.00 -134.07   0.28
 181.00 -71.60  26.22
 182.00 -73.68 -11.49
 183.00 -62.37 -23.37
 184.00 -66.06 121.49
 185.00 -66.74 -31.50
 186.00 -152.64 143.55
 187.00 -57.08 140.79
 188.00 -75.04 131.52
 189.00 -71.06 -34.30
 190.00 -54.90 -41.56
 191.00 -74.84 -47.85
 192.00 -60.50 -35.49
 193.00 -62.55 -47.93
 194.00 -75.21 -33.49
 195.00 -68.10 -25.65
 196.00 -62.02 -51.17
 197.00 -64.43 -36.56
 198.00 -50.82 -57.77
 199.00 -60.56 -37.48
 200.00 -66.32 -51.64
 201.00 -65.12 -32.56
 202.00 -63.92 -46.42
 203.00 -53.10 -34.54
 204.00 -55.63 -57.59
 205.00 -75.23 -29.11
 206.00 -89.65 -41.16
 207.00 -44.01 -24.20
 208.00 -61.97 -28.47
 209.00 -73.53 -29.97
 210.00 -75.31 -39.86
 211.00 -64.60 -24.65
 212.00 -85.57 -67.48
 213.00 -71.67 -17.90
 214.00 -88.63 -38.35
 215.00 -72.14 -10.01
 216.00 -126.36 -57.76
 217.00 -59.91 112.73
 218.00 -72.41 -23.47
 219.00 -86.79  -8.65
 220.00 -146.86  -7.67
 221.00 -132.83  -9.88
 222.00 -145.43 135.97
 223.00  40.25 119.27
 224.00  82.33  43.80
 225.00 -88.58  -4.66
 226.00 -90.44 143.96
 227.00 -154.47 100.27
 228.00 -55.26 141.13
 229.00 -132.11 126.35
 230.00 -62.83 -39.93
 231.00 -57.14 120.70
 232.00 -66.81 -26.58
 233.00 -80.20 -29.46
 234.00 -72.47 -50.93
 235.00 -80.96 -53.34
 236.00 -101.07 -38.80
 237.00 -62.42 -53.34
 238.00 -67.69 -39.71
 239.00 -61.97 -20.09
 240.00 -72.13 -54.88
 241.00 -78.73 -16.78
 242.00 -133.89 -21.92
 243.00 -74.25 -74.98
 244.00 -65.58 -19.45
 245.00 -48.99 -75.91
 246.00 -65.21 -43.56
 247.00 -78.79 -28.29
 248.00 -56.49 -39.14
 249.00 -62.94 -44.90
 250.00 -62.06 -59.16
 251.00 -82.24 -32.59
 252.00 -71.54 -37.37
 253.00 -63.00 -30.11
 254.00 -59.10 -50.52
 255.00 -65.05 -44.29
 256.00 -70.84 -25.04
 257.00 -62.11 -61.73
 258.00 -70.52 -26.49
 259.00 -55.02 -44.65
 260.00 -80.46 -36.44
 261.00 -64.78 -26.71
 262.00 -65.87 -39.63
 263.00 -71.89 -33.66
 264.00 -60.64 -41.73
 1001.00 -64.25 -45.44
 1002.00 -69.54 -25.87
 1003.00 -62.65 -40.62
 1004.00 -61.33 -40.69
 1005.00 -81.87 -30.20
 1006.00 -58.58 -34.98
 1007.00 -60.49 -40.57
 1008.00 -72.30 -41.61
 1009.00 -63.34 -37.90
 1010.00 -75.08 -39.93
 1011.00 -61.96 -37.94
 1012.00 -86.76 -28.62
 1013.00 -60.08 -39.55
 1014.00 -83.03 -37.05
 1015.00 -62.49 -30.31
 1016.00 -60.87 -35.28
 1017.00 -64.79 -56.37
 1018.00 -74.28 -31.10
 1019.00 -65.70   3.20
 1020.00 -97.04 157.86
 1021.00 -143.22 -38.16
 1022.00 -70.73 166.89
 1023.00 -75.13 -15.07
 1024.00 -70.57 -31.14
 1025.00 -59.01 -48.69
 1026.00 -62.27 -37.46
 1027.00 -60.83 -41.17
 1028.00 -52.41 -57.04
 1029.00 -66.66 -52.42
 1030.00 -59.46 -32.61
 1031.00 -59.90 -48.72
 1032.00 -62.08 -41.52
 1033.00 -45.62 -42.40
 1034.00 -56.00 -56.80
 1035.00 -68.89 -40.69
 1036.00 -75.02 -34.53
 1037.00 -64.63 -36.49
 1038.00 -54.29 -49.99
 1039.00 -62.37 -49.53
 1040.00 -83.37 -36.88
 1041.00  42.23 -22.58
 1042.00  96.67  41.94
 1043.00 -81.00  37.29
 1044.00  60.94 -25.14
 1066.00 -64.13 147.73
 1067.00 -70.26 -15.74
 1068.00 -59.55 -22.89
 1069.00 -62.07 -41.89
 1070.00 -62.94 -36.47
 1071.00 -60.57 -48.09
 1072.00 -60.55 -43.95
 1073.00 -63.10 -37.69
 1074.00 -88.81 -26.77
 1075.00 -59.59 -36.05
 1076.00 -61.68 -34.17
 1077.00 -66.82 -41.74
 1078.00 -57.65 -40.90
 1079.00 -67.57 -45.27
 1080.00 -73.08 -30.48
 1081.00  88.85 -10.00
 1082.00 -72.20   0.95
 1083.00 -69.75  91.67
 1084.00 -75.78 -38.86
 1085.00 -62.50 -36.02
 1086.00 -61.67 -44.12
 1087.00 -70.51 -35.43
 1088.00 -83.54 -38.80
 1089.00 -64.36 -26.42
 1090.00 -44.46 -45.45
 1091.00 -79.72 -40.39
 1092.00 -64.31 -35.42
 1093.00 -87.57 -31.02
 1094.00 -58.51   0.25
 1095.00 -76.54 -31.66
 1096.00 -60.77 -42.79
 1097.00 -65.19 -40.44
 1098.00 -60.44 -50.23
 1099.00 -84.04 -24.40
 1100.00 -70.03 -38.30
 1101.00 -59.02 -41.33
 1102.00 -73.68 -27.76
 1103.00 -55.45 -45.78
 1104.00 -58.74 -50.13
 1105.00 -65.06 -35.34
 313.00 -61.66 -41.28
 314.00 -80.93 -27.10
 315.00 -60.02 -37.25
 316.00 -65.25 -50.23
 317.00 -63.19 -36.66
 318.00 -49.90 -54.10
 319.00 -76.35 -41.03
 320.00 -68.86 -41.58
 321.00 -54.01 -33.60
 322.00 -64.20 -53.93
 323.00 -63.51 -30.09
 324.00 -74.83 -38.67
 325.00 -48.05 -38.98
 326.00 -58.87 -29.64
 327.00 -55.72 -58.98
 328.00 -54.79 -41.82
 329.00 -73.23 -52.02
 330.00 -60.71 -40.50
 331.00 -55.20 -45.10
 332.00 -64.00 -45.91
 333.00 -56.68 -55.89
 334.00 -85.95 -38.25
 335.00 -105.85 -18.44
 336.00 -50.45 -22.37
 337.00 -57.86 -46.99
 338.00 -65.72 -39.25
 339.00 -71.09 -57.11
 340.00 -64.52 -26.90
 341.00 -67.78 -49.92
 342.00 -75.91 -37.28
 343.00 -67.84 -26.18
 344.00 -52.85 -45.52
 345.00 -59.80 -41.59
 346.00 -91.55 -30.77
 347.00 -94.41 -14.01
 348.00 -71.84 -42.68
 349.00 -130.26 157.55
 350.00 -136.38 -39.14
 351.00 -81.81 -38.20
 352.00 -161.74  33.19
 353.00 -134.38 156.14
 354.00 -53.79 131.74
 355.00 -67.19 -47.01
 356.00 -79.59 -26.81
 357.00 -54.40 -44.56
 358.00 -66.37 -41.99
 359.00 -66.42 -33.18
 360.00 -66.31 -41.17
 361.00 -64.82 -50.28
 362.00 -44.58 -47.87
 363.00 -73.74 -51.58
 364.00 -62.05 -42.90
 365.00 -50.20 -47.56
 366.00 -74.50 -47.53
 367.00 -92.70   1.68
 368.00 -65.21 -37.18
 369.00 -66.71 -46.31
 370.00 -70.80 -15.28
 371.00 -58.84 -34.04
 372.00 -68.63 -33.90
 373.00 -99.18 -12.94
 374.00 -72.11 -23.16
 375.00 -56.40 -42.17
 376.00 -57.92 -36.63
 377.00 -73.42 -28.56
 378.00 -52.30 -41.06
 379.00 -68.46 -48.86
 380.00 -56.03 -36.79
 381.00 -97.08 -40.54
 382.00 -124.63 -20.59
 383.00 -138.67  14.94
 384.00 -58.54 117.31
 385.00 -61.90 -39.79
 386.00 -58.07 -56.80
 387.00 -49.81 -48.03
 388.00 -74.94 -44.84
 389.00 -79.45 -31.19
 390.00 -59.88 -36.75
 391.00 -49.24 -50.35
 392.00 -64.56 -48.37
 393.00 -61.06 -50.25
 394.00 -103.99 -29.61
 395.00 -86.43  -0.42
 396.00  67.06   4.98
 397.00 -101.11  27.22
 398.00 -133.23 133.39


