 residuo Phi Psi
  69.00 -47.62 137.18
  70.00 -69.02 -41.00
  71.00 -76.88 -17.38
  72.00 -65.52 -41.92
  73.00 -65.33 -43.51
  74.00 -65.84 -31.50
  75.00 -60.95 -43.63
  76.00 -59.44 -40.23
  77.00 -70.57 -28.78
  78.00 -50.11 -53.50
  79.00 -62.86 -46.49
  80.00 -74.74 -29.53
  81.00 -57.21 -37.16
  82.00 -52.42 -31.57
  83.00 -64.46 -50.52
  84.00 -57.02 -41.01
  85.00 -73.76 -48.26
  86.00 -65.28 -38.30
  87.00 -73.73 -26.67
  88.00 -54.34 -59.13
  89.00 -56.55 -63.29
  90.00 -72.98 -40.24
  91.00 -78.96 -37.05
  92.00 -58.02 -25.81
  93.00 -68.78 -27.39
  94.00 -56.73 -49.30
  95.00 -66.82 -40.81
  96.00 -58.87 -60.26
  97.00 -61.01 -34.37
  98.00 -64.89 -60.67
  99.00 -81.07 -18.82
 100.00 -123.31 -29.49
 101.00 -66.45 -45.82
 102.00 -61.98 113.42
 103.00 -68.55 -25.17
 104.00 -104.34 -21.29
 105.00 -81.70   6.52
 106.00 -165.78  90.82
 107.00 -63.22 146.88
 108.00 -60.02 -39.26
 109.00 -61.69 -40.39
 110.00 -64.67 -25.48
 111.00 -67.51 -34.66
 112.00 -54.29 -49.47
 113.00 -67.77 -44.20
 114.00 -65.91 -36.07
 115.00 -69.74 -36.94
 116.00 -63.02 -53.71
 117.00 -69.05 -26.60
 118.00 -66.83 -36.72
 119.00 -66.37 -34.78
 120.00 -49.39 -47.01
 121.00 -56.18 -54.13
 122.00 -54.70 -47.97
 123.00 -55.56 -52.74
 124.00 -71.49 -29.62
 125.00 -104.04 -62.57
 126.00 -95.75 -35.38
 127.00 -69.09 -39.37
 128.00 -57.26 -50.06
 129.00 -67.64 -41.26
 130.00 -57.77 -49.38
 131.00 -61.17 -40.21
 132.00 -58.02 -51.21
 133.00 -69.47 -34.19
 134.00 -82.06 -27.31
 135.00 -79.28 -21.30
 136.00 -80.58 -37.04
 137.00  80.75  13.93
 138.00  57.97  47.81
 139.00 -128.47  53.16
 140.00 -64.40 122.50
 141.00 -82.95 129.64
 142.00 -105.96 -16.24
 143.00 -71.43 178.86
 144.00 -58.79 158.19
 145.00 -83.54 -42.26
 146.00 -82.61 -10.24
 147.00 -45.97 -23.99
 148.00 -50.12 -59.37
 149.00 -106.76 -32.86
 150.00 -68.09 -14.17
 151.00 -60.04 -61.47
 152.00 -46.79 -27.25
 153.00 -71.19 -46.64
 154.00 -47.54 -49.46
 155.00 -81.13 -44.14
 156.00 -76.35 -21.58
 157.00 -58.24 -48.18
 158.00 -74.48 -38.93
 159.00 -64.09 -36.15
 160.00 -50.88 -44.64
 161.00 -66.67 -45.69
 162.00 -60.55 -55.91
 163.00 -82.29 -32.43
 164.00 -70.00 -22.56
 165.00 -56.98 -44.96
 166.00 -75.71 -41.67
 167.00 -63.36 -36.19
 168.00 -59.04 -48.25
 169.00 -80.56 -37.01
 170.00 -80.31 -31.81
 171.00 -59.89 -31.43
 172.00 -50.42 -64.82
 173.00 -67.64 -44.45
 174.00 -70.66 -43.60
 175.00 -62.44 -34.93
 176.00 -53.41 -57.34
 177.00 -81.34  -4.43
 178.00 -95.93  -9.42
 179.00 -78.44 147.26
 180.00 -129.15  -5.23
 181.00 -64.88  25.42
 182.00 -78.41 -16.43
 183.00 -49.30   6.42
 184.00 -80.32 134.95
 185.00 -79.95 -21.62
 186.00 -155.67 139.20
 187.00 -76.71 148.35
 188.00 -89.59 143.29
 189.00 -61.20 -32.25
 190.00 -53.01 -41.58
 191.00 -68.89 -46.98
 192.00 -56.19 -39.71
 193.00 -75.59 -49.85
 194.00 -68.42 -28.93
 195.00 -45.64 -58.14
 196.00 -59.22 -57.60
 197.00 -50.50 -44.33
 198.00 -71.57 -48.13
 199.00 -66.11 -35.03
 200.00 -62.27 -36.41
 201.00 -64.97 -41.59
 202.00 -57.32 -50.38
 203.00 -66.36 -40.65
 204.00 -60.63 -50.39
 205.00 -52.93 -39.98
 206.00 -63.68 -55.48
 207.00 -65.24 -26.00
 208.00 -65.89 -30.90
 209.00 -69.19 -17.70
 210.00 -56.71 -58.55
 211.00 -68.75 -42.15
 212.00 -84.40 -46.75
 213.00 -78.84 -20.28
 214.00 -74.29 -30.17
 215.00 -87.79  -5.73
 216.00 -142.00 -39.07
 217.00 -68.59 124.46
 218.00 -77.31 -18.87
 219.00 -84.85  -5.71
 220.00 -144.64  -2.77
 221.00 -128.57  -3.39
 222.00 -133.03 125.34
 223.00  49.53 131.44
 224.00  81.44  38.87
 225.00 -103.35 -11.38
 226.00 -67.05 142.10
 227.00 -154.59 107.84
 228.00 -59.37 131.87
 229.00 -143.55 145.19
 230.00 -68.85 -31.03
 231.00 -50.81 140.53
 232.00 -56.78 -37.34
 233.00 -125.10 -12.22
 234.00 -84.02 -37.74
 235.00 -134.62 -14.12
 236.00 -100.43 -34.26
 237.00 -69.59 -44.94
 238.00 -69.21 -31.97
 239.00 -75.88 -17.49
 240.00 -85.73 -42.26
 241.00 -77.52 -27.24
 242.00 -142.33 -22.94
 243.00 -64.52 -73.43
 244.00 -57.68 -40.93
 245.00 -67.20 -61.67
 246.00 -56.71 -27.74
 247.00 -58.58 -58.10
 248.00 -73.84 -24.47
 249.00 -48.83 -58.77
 250.00 -80.78 -45.76
 251.00 -75.33 -27.70
 252.00 -49.57 -58.32
 253.00 -60.85 -40.49
 254.00 -60.62 -56.32
 255.00 -70.29 -30.56
 256.00 -47.55 -49.32
 257.00 -60.27 -54.44
 258.00 -66.83 -38.93
 259.00 -59.97 -41.08
 260.00 -73.39 -44.07
 261.00 -74.23 -23.38
 262.00 -58.07 -42.76
 263.00 -59.72 -29.19
 264.00 -62.52 -45.22
 1001.00 -65.54 -41.93
 1002.00 -71.01 -28.60
 1003.00 -62.35 -44.36
 1004.00 -68.22 -30.64
 1005.00 -54.48 -53.92
 1006.00 -57.43 -41.11
 1007.00 -52.18 -64.98
 1008.00 -80.89 -25.03
 1009.00 -67.78 -35.33
 1010.00 -52.01 -42.13
 1011.00 -55.60 -49.82
 1012.00 -60.63 -46.34
 1013.00 -56.61 -46.85
 1014.00 -65.53 -35.73
 1015.00 -58.69 -41.78
 1016.00 -69.26 -32.29
 1017.00 -80.42 -29.84
 1018.00 -51.25 -43.41
 1019.00 -65.80 -34.50
 1020.00 -136.50 165.01
 1021.00 -122.64  -9.40
 1022.00 -59.07 149.57
 1023.00 -55.77 -48.77
 1024.00 -65.55 -37.88
 1025.00 -71.82 -41.62
 1026.00 -75.12 -29.09
 1027.00 -59.41 -40.83
 1028.00 -65.35 -55.41
 1029.00 -66.47 -36.47
 1030.00 -70.40 -31.72
 1031.00 -66.33 -34.51
 1032.00 -66.02 -39.02
 1033.00 -52.81 -34.62
 1034.00 -50.95 -59.99
 1035.00 -54.49 -58.59
 1036.00 -57.96 -42.27
 1037.00 -61.63 -38.15
 1038.00 -65.54 -52.26
 1039.00 -81.44 -19.11
 1040.00 -69.79 -53.17
 1041.00  43.39 -21.42
 1042.00 111.12  44.21
 1043.00 -74.44   2.40
 1044.00  67.53 -14.34
 1066.00 -58.49 141.01
 1067.00 -40.66 -13.81
 1068.00 -62.04 -47.46
 1069.00 -76.94 -37.41
 1070.00 -75.16 -20.79
 1071.00 -73.45 -29.23
 1072.00 -68.67 -37.39
 1073.00 -66.56 -40.29
 1074.00 -69.08 -25.50
 1075.00 -63.23 -48.99
 1076.00 -49.19 -35.56
 1077.00 -60.12 -54.37
 1078.00 -72.92 -37.90
 1079.00 -65.09 -26.92
 1080.00 -70.98 -50.52
 1081.00  83.10  -5.33
 1082.00 -73.46   1.49
 1083.00 -55.37  55.37
 1084.00 -63.57 -45.41
 1085.00 -67.46 -42.61
 1086.00 -71.27 -30.44
 1087.00 -65.17 -36.88
 1088.00 -65.87 -35.26
 1089.00 -58.39 -39.04
 1090.00 -67.90 -41.73
 1091.00 -69.96 -34.48
 1092.00 -63.48 -27.54
 1093.00 -59.60 -38.74
 1094.00 -48.41 -37.98
 1095.00 -67.45 -68.55
 1096.00 -54.94 -36.74
 1097.00 -62.17 -52.44
 1098.00 -43.34 -44.58
 1099.00 -46.34 -58.47
 1100.00 -71.74 -44.40
 1101.00 -66.97 -28.42
 1102.00 -69.35 -34.68
 1103.00 -58.29 -38.19
 1104.00 -72.36 -46.67
 1105.00 -59.82 -37.81
 313.00 -68.19 -40.39
 314.00 -74.96 -34.10
 315.00 -63.17 -39.77
 316.00 -71.76 -41.10
 317.00 -68.25 -31.66
 318.00 -67.93 -39.01
 319.00 -49.44 -49.95
 320.00 -56.63 -51.40
 321.00 -71.60 -38.87
 322.00 -61.92 -35.57
 323.00 -61.73 -34.11
 324.00 -59.08 -45.30
 325.00 -66.57 -37.22
 326.00 -65.48 -35.74
 327.00 -63.69 -44.60
 328.00 -67.31 -40.84
 329.00 -59.11 -46.93
 330.00 -67.40 -47.88
 331.00 -85.87  -8.82
 332.00 -61.21 -50.18
 333.00 -82.79 -38.33
 334.00 -115.58   4.78
 335.00 -94.61 -31.65
 336.00 -53.47 -24.81
 337.00 -56.26 -43.00
 338.00 -58.62 -45.34
 339.00 -73.33 -46.28
 340.00 -67.21 -41.40
 341.00 -66.85 -34.08
 342.00 -58.43 -43.04
 343.00 -63.40 -49.13
 344.00 -55.48 -46.11
 345.00 -58.51 -40.38
 346.00 -95.50 -22.95
 347.00 -85.69 -26.86
 348.00 -74.18 -43.77
 349.00 -142.16 153.22
 350.00 -94.48 -56.91
 351.00 -85.37 -16.93
 352.00 -145.90  -7.18
 353.00 -140.30 172.66
 354.00 -62.33 136.55
 355.00 -64.90 -27.57
 356.00 -57.40 -52.78
 357.00 -64.63 -47.48
 358.00 -49.64 -45.75
 359.00 -90.83 -36.16
 360.00 -60.65 -33.53
 361.00 -69.01 -42.30
 362.00 -69.23 -33.37
 363.00 -78.48 -17.35
 364.00 -68.45 -55.66
 365.00 -61.80 -25.07
 366.00 -70.53 -42.03
 367.00 -63.71 -38.35
 368.00 -53.07 -44.27
 369.00 -48.92 -55.77
 370.00 -61.44 -26.74
 371.00 -78.22 -17.95
 372.00 -71.93  -6.54
 373.00 -150.26   6.66
 374.00 -68.53   8.91
 375.00 -67.13 -33.61
 376.00 -55.06 -44.46
 377.00 -85.56 -20.84
 378.00 -66.91 -39.10
 379.00 -62.10 -43.33
 380.00 -62.38 -35.95
 381.00 -68.56 -43.63
 382.00 -107.92 -47.70
 383.00 -122.47 -15.14
 384.00 -54.46  98.32
 385.00 -58.95 -24.66
 386.00 -52.77 -51.78
 387.00 -60.80 -59.00
 388.00 -63.05 -36.46
 389.00 -67.32 -44.24
 390.00 -46.39 -54.99
 391.00 -84.96 -35.10
 392.00 -80.92  -9.82
 393.00 -62.89 -41.54
 394.00 -73.02 -42.58
 395.00 -84.10 -31.12
 396.00  67.02   6.42
 397.00 -85.46   5.20
 398.00 -65.38  58.38


