 residuo Phi Psi
  69.00 -72.89 128.28
  70.00 -147.76 133.08
  71.00 -77.88  -7.24
  72.00 -75.41 -32.03
  73.00 -50.33 -40.21
  74.00 -46.47 -46.45
  75.00 -71.76 -51.02
  76.00 -61.73 -32.44
  77.00 -61.18 -53.23
  78.00 -77.07 -32.32
  79.00 -81.64 -20.97
  80.00 -103.51  -3.48
  81.00 -51.05 -36.27
  82.00 -61.04 -28.87
  83.00 -68.20 -32.12
  84.00 -71.09 -34.36
  85.00 -70.36 -38.40
  86.00 -60.87 -50.60
  87.00 -67.60 -35.11
  88.00 -54.82 -64.13
  89.00 -64.91 -57.14
  90.00 -68.34 -30.37
  91.00 -100.36 -33.02
  92.00 -52.49 -33.68
  93.00 -48.74 -41.08
  94.00 -59.42 -59.81
  95.00 -65.14 -48.79
  96.00 -56.24 -42.55
  97.00 -64.10 -48.13
  98.00 -57.26 -45.73
  99.00 -76.91 -31.36
 100.00 -139.50  -9.61
 101.00 -89.03 -27.82
 102.00 -48.13 128.67
 103.00 -66.66 -43.57
 104.00 -92.09 -28.39
 105.00 -78.20   6.31
 106.00 -142.21  56.28
 107.00 -44.16 134.80
 108.00 -47.51 -45.34
 109.00 -56.51 -51.45
 110.00 -62.64 -38.16
 111.00 -75.15 -32.73
 112.00 -53.56 -43.01
 113.00 -66.02 -42.44
 114.00 -64.45 -33.40
 115.00 -68.48 -40.66
 116.00 -62.84 -31.44
 117.00 -68.13 -48.63
 118.00 -66.30 -24.30
 119.00 -83.36 -39.82
 120.00 -69.59 -25.03
 121.00 -68.61 -52.99
 122.00 -61.67 -35.21
 123.00 -63.28 -51.76
 124.00 -81.85 -35.37
 125.00 -113.88 -29.39
 126.00 -79.39 -49.35
 127.00 -57.44 -54.05
 128.00 -70.99 -41.34
 129.00 -84.89 -16.58
 130.00 -70.37 -30.41
 131.00 -77.94 -26.46
 132.00 -60.52 -42.89
 133.00 -55.08 -30.53
 134.00 -68.06 -39.61
 135.00 -70.44 -38.65
 136.00 -70.68 -38.71
 137.00  69.54  14.09
 138.00  63.99  31.57
 139.00 -85.62  -2.72
 140.00 -61.08 150.99
 141.00 -55.49 117.46
 142.00 -126.59 -30.34
 143.00 -57.63 -174.07
 144.00 -60.42 144.18
 145.00 -59.11 -31.19
 146.00 -83.72 -12.91
 147.00 -62.65 -27.52
 148.00 -68.10 -51.82
 149.00 -84.23 -31.58
 150.00 -80.92 -14.54
 151.00 -58.98 -39.08
 152.00 -44.50 -37.70
 153.00 -69.83 -52.70
 154.00 -64.69 -36.92
 155.00 -76.92 -36.89
 156.00 -63.47 -39.32
 157.00 -61.43 -50.80
 158.00 -80.15 -42.35
 159.00 -54.70 -39.38
 160.00 -66.09 -59.32
 161.00 -58.27 -25.90
 162.00 -64.57 -61.82
 163.00 -63.27 -29.70
 164.00 -70.05 -37.96
 165.00 -61.91 -37.05
 166.00 -60.42 -47.79
 167.00 -63.70 -39.91
 168.00 -82.98 -37.26
 169.00 -50.12 -34.08
 170.00 -51.54 -62.36
 171.00 -70.03 -42.80
 172.00 -62.33 -55.57
 173.00 -75.84 -33.00
 174.00 -72.59 -23.76
 175.00 -75.50 -34.81
 176.00 -55.34 -23.37
 177.00 -80.54 -19.61
 178.00 -70.46 -19.94
 179.00 -69.39 133.91
 180.00 -115.86  -1.70
 181.00 -59.83   9.81
 182.00 -69.92 -23.13
 183.00 -45.99 -13.24
 184.00 -73.58 142.62
 185.00 -78.73 -24.21
 186.00 -137.17 128.84
 187.00 -84.18 154.25
 188.00 -73.37 111.23
 189.00 -55.82 -28.86
 190.00 -66.28 -56.32
 191.00 -62.52 -36.92
 192.00 -59.43 -46.87
 193.00 -65.85 -38.93
 194.00 -65.07 -48.68
 195.00 -57.07 -40.59
 196.00 -67.43 -60.81
 197.00 -66.48 -24.05
 198.00 -65.60 -44.85
 199.00 -68.88 -35.51
 200.00 -59.04 -41.62
 201.00 -59.26 -54.46
 202.00 -76.46 -34.54
 203.00 -50.64 -39.28
 204.00 -61.71 -53.49
 205.00 -76.07 -22.14
 206.00 -84.29 -40.75
 207.00 -53.28 -31.39
 208.00 -56.20 -27.92
 209.00 -57.74 -32.21
 210.00 -72.13 -51.54
 211.00 -65.20 -31.59
 212.00 -93.11 -55.84
 213.00 -73.24 -40.01
 214.00 -73.55 -24.60
 215.00 -88.31 -14.55
 216.00 -153.00 -18.91
 217.00 -57.23 111.33
 218.00 -79.83 -15.08
 219.00 -68.16 -15.88
 220.00 -124.71 -23.13
 221.00 -124.13  -4.61
 222.00 -129.84 144.31
 223.00  36.31 117.79
 224.00  85.04  65.86
 225.00 -117.05  -1.65
 226.00 -76.57 137.28
 227.00 -133.40  75.68
 228.00 -62.45 124.73
 229.00 -143.80 144.22
 230.00 -80.99  -6.92
 231.00 -60.69 130.61
 232.00 -72.68 -14.99
 233.00 -92.49 -30.61
 234.00 -85.68 -43.97
 235.00 -104.64 -27.00
 236.00 -103.21 -27.58
 237.00 -69.17 -58.62
 238.00 -64.95 -16.20
 239.00 -78.56 -17.76
 240.00 -57.17 -58.23
 241.00 -74.53 -26.67
 242.00 -145.40 -32.73
 243.00 -70.32 -66.19
 244.00 -69.12 -34.88
 245.00 -56.13 -59.70
 246.00 -64.01 -32.26
 247.00 -55.55 -53.81
 248.00 -72.82 -39.77
 249.00 -63.53 -43.91
 250.00 -65.81 -36.42
 251.00 -76.10 -43.65
 252.00 -66.13 -34.68
 253.00 -52.64 -48.21
 254.00 -59.50 -49.28
 255.00 -58.75 -50.21
 256.00 -59.38 -41.02
 257.00 -75.63 -56.61
 258.00 -71.21 -22.77
 259.00 -74.41 -32.99
 260.00 -80.85 -27.01
 261.00 -60.76 -33.76
 262.00 -64.55 -35.60
 263.00 -56.73 -46.39
 264.00 -80.10 -30.72
 1001.00 -48.05 -41.71
 1002.00 -63.29 -37.78
 1003.00 -60.54 -46.39
 1004.00 -74.21 -25.02
 1005.00 -71.74 -36.70
 1006.00 -59.60 -38.66
 1007.00 -63.48 -46.69
 1008.00 -56.06 -36.65
 1009.00 -66.85 -38.60
 1010.00 -85.52 -29.74
 1011.00 -69.35 -37.42
 1012.00 -67.15 -46.22
 1013.00 -64.79 -38.14
 1014.00 -70.62 -29.56
 1015.00 -66.57 -38.05
 1016.00 -54.46 -33.98
 1017.00 -59.79 -48.52
 1018.00 -85.80 -44.64
 1019.00 -65.09 -13.70
 1020.00 -123.00 135.66
 1021.00 -156.01  26.97
 1022.00 -71.08 159.97
 1023.00 -67.86 -35.92
 1024.00 -70.28 -43.00
 1025.00 -56.95 -36.86
 1026.00 -67.24 -50.41
 1027.00 -75.29 -31.64
 1028.00 -80.74 -37.68
 1029.00 -62.40 -26.82
 1030.00 -49.70 -50.56
 1031.00 -71.95 -41.67
 1032.00 -59.57 -36.15
 1033.00 -56.38 -31.79
 1034.00 -61.71 -50.95
 1035.00 -64.42 -48.91
 1036.00 -61.58 -41.42
 1037.00 -66.73 -36.73
 1038.00 -68.76 -42.46
 1039.00 -80.87 -29.01
 1040.00 -72.83 -30.66
 1041.00  50.14 -32.67
 1042.00 131.01  24.26
 1043.00 -66.99   3.41
 1044.00  57.09  -7.47
 1066.00 -78.55 150.84
 1067.00 -81.27   5.24
 1068.00 -76.73 -27.91
 1069.00 -55.82 -36.38
 1070.00 -71.10 -25.27
 1071.00 -62.73 -41.41
 1072.00 -63.43 -46.90
 1073.00 -72.32 -24.27
 1074.00 -84.84 -34.50
 1075.00 -58.96 -22.60
 1076.00 -64.49 -36.25
 1077.00 -60.46 -54.75
 1078.00 -67.78 -36.90
 1079.00 -58.04 -45.18
 1080.00 -64.24 -46.54
 1081.00  81.08  -9.44
 1082.00 -66.72   4.04
 1083.00 -50.74  42.59
 1084.00 -66.15 -35.90
 1085.00 -70.76 -41.35
 1086.00 -58.93 -45.21
 1087.00 -64.40 -42.78
 1088.00 -54.28 -44.91
 1089.00 -60.69 -58.10
 1090.00 -69.19 -34.00
 1091.00 -54.31 -44.32
 1092.00 -66.25 -29.89
 1093.00 -60.78 -27.61
 1094.00 -54.16 -19.49
 1095.00 -78.21 -41.09
 1096.00 -73.18 -37.16
 1097.00 -54.94 -22.95
 1098.00 -76.19 -51.91
 1099.00 -50.18 -40.62
 1100.00 -72.86 -39.62
 1101.00 -58.31 -44.91
 1102.00 -59.02 -47.68
 1103.00 -73.47 -35.58
 1104.00 -70.02 -37.52
 1105.00 -43.00 -38.36
 313.00 -61.10 -42.91
 314.00 -77.16 -44.06
 315.00 -72.45 -20.99
 316.00 -60.99 -41.97
 317.00 -57.76 -44.05
 318.00 -69.48 -45.22
 319.00 -59.37 -44.28
 320.00 -73.74 -37.79
 321.00 -71.71 -32.16
 322.00 -73.33 -37.16
 323.00 -74.24 -31.24
 324.00 -58.01 -32.22
 325.00 -63.87 -33.32
 326.00 -59.35 -41.55
 327.00 -70.11 -39.35
 328.00 -65.21 -40.22
 329.00 -82.45 -28.30
 330.00 -64.38 -49.85
 331.00 -68.99 -16.81
 332.00 -56.69 -67.04
 333.00 -57.60 -57.25
 334.00 -95.13 -22.85
 335.00 -115.23  -6.72
 336.00 -53.54 -23.43
 337.00 -54.84 -46.64
 338.00 -59.97 -48.43
 339.00 -66.22 -52.07
 340.00 -57.89 -47.26
 341.00 -71.52 -42.18
 342.00 -65.29 -42.56
 343.00 -59.17 -37.98
 344.00 -48.59 -46.54
 345.00 -74.07 -44.75
 346.00 -99.82  -2.28
 347.00 -70.51 -41.52
 348.00 -89.15 -42.64
 349.00 -139.53 156.05
 350.00 -70.59 -59.28
 351.00 -76.87 -36.67
 352.00 -122.34  -9.26
 353.00 -112.54 151.73
 354.00 -61.74 130.78
 355.00 -66.20 -26.22
 356.00 -94.31 -31.21
 357.00 -63.16 -50.38
 358.00 -59.78 -40.24
 359.00 -67.15 -41.37
 360.00 -61.91 -39.65
 361.00 -69.17 -40.80
 362.00 -51.08 -42.88
 363.00 -72.66 -37.26
 364.00 -72.77 -51.09
 365.00 -59.94 -32.55
 366.00 -68.60 -43.06
 367.00 -55.62 -30.36
 368.00 -58.08 -37.19
 369.00 -52.43 -66.38
 370.00 -52.73 -33.25
 371.00 -63.19 -42.83
 372.00 -62.38 -24.38
 373.00 -105.57 -15.62
 374.00 -68.40  -8.32
 375.00 -63.74 -29.30
 376.00 -49.13 -52.22
 377.00 -73.49 -23.29
 378.00 -62.16 -35.48
 379.00 -76.55 -40.42
 380.00 -72.20 -26.22
 381.00 -86.56 -30.49
 382.00 -85.85 -55.63
 383.00 -124.65 -20.72
 384.00 -66.36 114.53
 385.00 -70.20 -34.64
 386.00 -54.91 -52.11
 387.00 -48.28 -54.81
 388.00 -50.55 -57.73
 389.00 -74.14 -37.46
 390.00 -69.20 -48.47
 391.00 -50.58 -35.06
 392.00 -67.39 -41.12
 393.00 -65.33 -45.72
 394.00 -71.76 -31.26
 395.00 -105.75 -12.35
 396.00  53.94   9.14
 397.00 -81.02  33.06
 398.00 -150.88 117.94


