 residuo Phi Psi
  69.00 -53.32 100.72
  70.00 -58.48 -28.32
  71.00 -89.85 -31.71
  72.00 -57.80 -34.75
  73.00 -59.70 -38.16
  74.00 -51.08 -51.63
  75.00 -75.95 -35.94
  76.00 -62.21 -45.64
  77.00 -70.47 -27.88
  78.00 -67.82 -46.42
  79.00 -55.56 -41.85
  80.00 -70.24 -37.63
  81.00 -51.75 -34.29
  82.00 -45.49 -44.24
  83.00 -68.95 -41.54
  84.00 -53.10 -47.68
  85.00 -60.27 -58.51
  86.00 -60.63 -36.92
  87.00 -90.76 -27.67
  88.00 -77.46 -24.49
  89.00 -67.87 -53.02
  90.00 -78.80 -18.96
  91.00 -77.95 -59.23
  92.00 -46.97 -34.04
  93.00 -56.29 -47.76
  94.00 -77.87 -31.46
  95.00 -57.72 -44.24
  96.00 -52.07 -61.60
  97.00 -34.35 -58.21
  98.00 -74.52 -66.63
  99.00 -83.60 -15.16
 100.00 -137.32 -15.08
 101.00 -90.93 -21.84
 102.00 -56.32 118.77
 103.00 -69.83 -31.85
 104.00 -119.00 -14.54
 105.00 -76.94   0.24
 106.00 -154.48  69.64
 107.00 -35.49 151.50
 108.00 -65.56 -74.89
 109.00 -78.94 -20.72
 110.00 -59.65 -19.52
 111.00 -60.84 -36.55
 112.00 -76.15 -38.54
 113.00 -61.08 -40.96
 114.00 -86.96 -26.53
 115.00 -52.77 -39.23
 116.00 -58.89 -46.83
 117.00 -64.24 -35.65
 118.00 -55.37 -36.78
 119.00 -80.04 -44.97
 120.00 -55.30 -51.18
 121.00 -66.54 -46.70
 122.00 -74.24 -30.48
 123.00 -62.91 -39.60
 124.00 -97.02 -17.52
 125.00 -98.27 -47.98
 126.00 -121.45 -20.34
 127.00 -67.61 -54.22
 128.00 -71.40 -35.70
 129.00 -75.25 -30.83
 130.00 -55.82 -34.43
 131.00 -55.54 -34.63
 132.00 -60.60 -56.47
 133.00 -57.30 -26.79
 134.00 -75.15 -40.16
 135.00 -68.03 -39.05
 136.00 -85.62 -28.93
 137.00  69.86  20.48
 138.00  58.31  47.98
 139.00 -125.03  44.89
 140.00 -76.41 156.60
 141.00 -77.88 109.88
 142.00 -129.02   6.66
 143.00 -58.56 175.23
 144.00 -58.62 133.65
 145.00 -65.05 -35.25
 146.00 -77.25 -15.64
 147.00 -72.21 -20.98
 148.00 -55.93 -49.54
 149.00 -69.71 -32.87
 150.00 -64.57 -52.76
 151.00 -68.40 -24.91
 152.00 -47.96 -59.14
 153.00 -70.65 -35.27
 154.00 -56.13 -44.57
 155.00 -69.85 -38.17
 156.00 -48.46 -50.84
 157.00 -53.67 -62.96
 158.00 -80.13 -47.47
 159.00 -70.36 -34.21
 160.00 -58.41 -45.41
 161.00 -62.49 -35.48
 162.00 -53.21 -56.16
 163.00 -72.09 -42.32
 164.00 -63.12 -21.87
 165.00 -70.22 -40.64
 166.00 -65.94 -30.40
 167.00 -74.25 -49.75
 168.00 -69.02 -14.22
 169.00 -75.02 -39.25
 170.00 -70.70 -37.27
 171.00 -57.14 -39.76
 172.00 -69.54 -60.02
 173.00 -69.43 -28.56
 174.00 -82.32 -38.23
 175.00 -67.15 -25.27
 176.00 -71.45 -47.63
 177.00 -68.75  -8.43
 178.00 -67.67 -33.56
 179.00 -69.72 140.91
 180.00 -123.36 -16.68
 181.00 -53.05  25.11
 182.00 -61.80 -32.50
 183.00 -73.93  -7.35
 184.00 -69.71 142.93
 185.00 -78.60 -26.16
 186.00 -116.48 113.33
 187.00 -65.39 153.21
 188.00 -63.54 115.20
 189.00 -61.66 -43.96
 190.00 -77.61 -40.88
 191.00 -59.51 -40.78
 192.00 -77.51 -44.60
 193.00 -66.17 -15.81
 194.00 -61.27 -54.35
 195.00 -60.40 -43.43
 196.00 -68.43 -53.67
 197.00 -60.80 -33.91
 198.00 -59.91 -44.28
 199.00 -67.85 -43.74
 200.00 -74.56 -25.77
 201.00 -64.05 -50.49
 202.00 -64.88 -37.12
 203.00 -61.79 -36.29
 204.00 -79.34 -44.49
 205.00 -66.30 -36.74
 206.00 -76.87 -26.67
 207.00 -49.66 -21.85
 208.00 -63.21 -52.60
 209.00 -57.68 -14.41
 210.00 -72.35 -58.56
 211.00 -68.40 -22.40
 212.00 -66.19 -49.98
 213.00 -74.01 -48.23
 214.00 -79.36 -31.11
 215.00 -78.22 -17.10
 216.00 -148.89 -21.18
 217.00 -44.01  85.81
 218.00 -59.21 -28.65
 219.00 -81.98 -24.58
 220.00 -120.24 -22.07
 221.00 -121.67  -2.32
 222.00 -124.94 142.56
 223.00  56.47 118.23
 224.00  69.61  37.97
 225.00 -72.34  -8.02
 226.00 -72.63 133.63
 227.00 -153.12 109.09
 228.00 -73.11 124.39
 229.00 -86.32  83.12
 230.00 -58.96 -26.28
 231.00 -34.94 114.33
 232.00 -58.92 -38.54
 233.00 -86.70 -31.29
 234.00 -63.43 -29.69
 235.00 -88.75 -51.36
 236.00 -65.96 -64.78
 237.00 -65.35 -40.41
 238.00 -63.27 -40.87
 239.00 -71.49 -19.61
 240.00 -81.09 -48.23
 241.00 -85.59 -33.54
 242.00 -131.08 -15.48
 243.00 -64.22 -72.16
 244.00 -77.38 -22.72
 245.00 -68.72 -46.27
 246.00 -59.31 -34.06
 247.00 -61.02 -40.79
 248.00 -61.50 -47.61
 249.00 -63.15 -45.28
 250.00 -55.66 -41.89
 251.00 -73.75 -49.66
 252.00 -69.06 -36.20
 253.00 -58.54 -41.25
 254.00 -54.96 -47.50
 255.00 -63.59 -47.87
 256.00 -67.39 -35.25
 257.00 -58.78 -53.59
 258.00 -81.12 -28.88
 259.00 -63.22 -33.98
 260.00 -74.56 -36.75
 261.00 -57.83 -32.11
 262.00 -61.23 -53.35
 263.00 -76.97 -24.98
 264.00 -59.27 -44.66
 1001.00 -57.89 -54.28
 1002.00 -66.14 -31.47
 1003.00 -76.65 -41.47
 1004.00 -81.54 -12.59
 1005.00 -67.16 -34.04
 1006.00 -63.50 -34.68
 1007.00 -61.68 -40.59
 1008.00 -80.67 -31.17
 1009.00 -66.56 -36.37
 1010.00 -73.63 -37.63
 1011.00 -52.74 -41.81
 1012.00 -63.95 -57.67
 1013.00 -54.85 -50.45
 1014.00 -66.08 -35.82
 1015.00 -56.66 -34.70
 1016.00 -54.34 -53.60
 1017.00 -45.69 -50.17
 1018.00 -102.30 -27.33
 1019.00 -55.12 -32.07
 1020.00 -120.04 140.41
 1021.00 -137.51   7.06
 1022.00 -71.23 160.70
 1023.00 -53.61 -50.82
 1024.00 -47.87 -46.15
 1025.00 -83.85 -39.89
 1026.00 -41.07 -46.08
 1027.00 -76.88 -55.23
 1028.00 -68.46 -33.53
 1029.00 -61.68 -40.17
 1030.00 -74.47 -38.43
 1031.00 -68.53 -27.57
 1032.00 -54.40 -42.72
 1033.00 -46.86 -48.25
 1034.00 -65.04 -56.05
 1035.00 -66.93 -44.89
 1036.00 -64.63 -35.91
 1037.00 -58.51 -48.47
 1038.00 -69.99 -36.46
 1039.00 -70.38 -24.91
 1040.00 -106.23 -33.61
 1041.00  35.17 -14.62
 1042.00 109.15  54.99
 1043.00 -49.27  -9.17
 1044.00  54.18 -21.33
 1066.00 -66.90 155.05
 1067.00 -55.90  -4.81
 1068.00 -83.10 -39.55
 1069.00 -62.56 -36.64
 1070.00 -81.62 -34.90
 1071.00 -64.00 -27.16
 1072.00 -61.22 -46.91
 1073.00 -66.80 -32.11
 1074.00 -71.65 -39.40
 1075.00 -74.91 -31.41
 1076.00 -63.72 -26.77
 1077.00 -51.44 -48.12
 1078.00 -60.43 -47.34
 1079.00 -64.80 -52.65
 1080.00 -79.40 -11.00
 1081.00  74.36  -5.65
 1082.00 -84.26   0.46
 1083.00 -50.57  53.46
 1084.00 -65.45 -47.85
 1085.00 -65.30 -33.16
 1086.00 -53.59 -43.99
 1087.00 -65.69 -49.95
 1088.00 -71.72 -37.12
 1089.00 -61.18 -35.03
 1090.00 -70.17 -37.12
 1091.00 -62.55 -41.28
 1092.00 -88.88 -28.03
 1093.00 -69.29 -36.23
 1094.00 -42.60 -22.48
 1095.00 -91.51 -46.73
 1096.00 -72.77 -18.70
 1097.00 -65.16 -37.27
 1098.00 -63.32 -34.48
 1099.00 -66.87 -50.65
 1100.00 -60.53 -39.49
 1101.00 -55.03 -44.32
 1102.00 -45.73 -56.10
 1103.00 -54.63 -46.98
 1104.00 -69.88 -44.19
 1105.00 -66.15 -32.50
 313.00 -56.07 -49.27
 314.00 -88.80 -31.43
 315.00 -54.05 -26.99
 316.00 -64.06 -55.25
 317.00 -71.21 -30.02
 318.00 -77.06 -32.38
 319.00 -51.98 -42.00
 320.00 -70.81 -54.72
 321.00 -56.39 -34.77
 322.00 -72.93 -45.41
 323.00 -54.76 -37.89
 324.00 -74.06 -40.50
 325.00 -58.77 -31.66
 326.00 -59.47 -28.84
 327.00 -55.18 -49.41
 328.00 -68.82 -39.11
 329.00 -65.68 -37.04
 330.00 -61.89 -52.26
 331.00 -53.36 -48.85
 332.00 -61.60 -57.80
 333.00 -71.63 -45.39
 334.00 -83.00 -20.80
 335.00 -111.90 -14.79
 336.00 -52.00 -17.72
 337.00 -58.72 -46.43
 338.00 -64.57 -41.71
 339.00 -63.67 -53.22
 340.00 -47.61 -56.14
 341.00 -85.18 -37.89
 342.00 -68.28 -35.37
 343.00 -82.41 -32.79
 344.00 -70.57 -33.33
 345.00 -60.71 -40.95
 346.00 -87.89 -29.65
 347.00 -83.06 -17.07
 348.00 -79.55 -40.51
 349.00 -117.47 137.71
 350.00 -92.74 -64.72
 351.00 -102.30 -15.64
 352.00 -162.57  34.40
 353.00 -114.52 163.77
 354.00 -55.72 107.73
 355.00 -70.47 -24.14
 356.00 -69.00 -42.44
 357.00 -54.95 -43.36
 358.00 -80.74 -35.23
 359.00 -66.15 -31.92
 360.00 -71.95 -43.13
 361.00 -66.08 -40.53
 362.00 -83.72 -15.14
 363.00 -70.97 -48.50
 364.00 -88.34 -36.25
 365.00 -81.31  -7.10
 366.00 -77.23 -37.66
 367.00 -79.62 -11.56
 368.00 -58.25 -47.17
 369.00 -69.83 -41.65
 370.00 -69.20 -27.91
 371.00 -72.68 -15.66
 372.00 -74.25  -6.02
 373.00 -127.44  -2.48
 374.00 -140.08  48.15
 375.00 -63.18 -29.07
 376.00 -65.87 -43.97
 377.00 -69.54 -25.51
 378.00 -65.28 -48.94
 379.00 -68.88 -31.02
 380.00 -56.22 -50.35
 381.00 -59.70 -42.47
 382.00 -114.74 -56.50
 383.00 -140.78  15.10
 384.00 -58.10 113.47
 385.00 -71.67 -47.99
 386.00 -69.78 -38.99
 387.00 -54.67 -44.19
 388.00 -67.03 -35.43
 389.00 -70.80 -34.29
 390.00 -58.15 -63.90
 391.00 -70.33 -37.85
 392.00 -49.82 -35.95
 393.00 -61.25 -59.43
 394.00 -67.59 -35.35
 395.00 -71.89 -36.82
 396.00  56.47   4.12
 397.00 -83.73  24.75
 398.00 -76.39  65.54


