 residuo Phi Psi
  69.00 -62.92  69.11
  70.00 -60.45 -23.69
  71.00 -55.82 -67.89
  72.00 -66.88 -25.08
  73.00 -50.96 -53.31
  74.00 -64.14 -40.69
  75.00 -73.41 -44.85
  76.00 -59.17 -37.03
  77.00 -73.13 -46.42
  78.00 -66.97 -27.37
  79.00 -72.07 -36.99
  80.00 -86.61 -23.83
  81.00 -64.15 -31.25
  82.00 -57.12 -29.67
  83.00 -43.98 -53.49
  84.00 -61.42 -55.15
  85.00 -57.12 -55.80
  86.00 -79.74 -44.45
  87.00 -64.19 -22.73
  88.00 -68.92 -59.11
  89.00 -60.33 -56.78
  90.00 -86.83 -21.20
  91.00 -75.03 -48.76
  92.00 -63.81 -34.49
  93.00 -71.13 -21.83
  94.00 -79.10 -18.14
  95.00 -55.31 -46.00
  96.00 -67.12 -45.35
  97.00 -53.64 -53.18
  98.00 -52.37 -55.47
  99.00 -84.18 -30.44
 100.00 -96.36 -43.00
 101.00 -92.52 -28.12
 102.00 -71.60 118.67
 103.00 -59.85 -17.24
 104.00 -78.14 -45.96
 105.00 -79.21   0.40
 106.00 -142.80  69.77
 107.00 -47.22 162.95
 108.00 -49.48 -58.11
 109.00 -74.30 -49.73
 110.00 -63.71 -19.80
 111.00 -61.29 -40.00
 112.00 -71.04 -37.81
 113.00 -56.10 -26.94
 114.00 -105.43 -41.50
 115.00 -46.20 -16.91
 116.00 -61.78 -45.01
 117.00 -63.12 -46.77
 118.00 -71.19 -21.65
 119.00 -76.96 -31.18
 120.00 -54.36 -51.68
 121.00 -73.64 -47.87
 122.00 -51.02 -38.70
 123.00 -78.66 -32.05
 124.00 -124.83  -9.21
 125.00 -101.88 -29.69
 126.00 -130.98 -10.98
 127.00 -67.25 -63.82
 128.00 -52.59 -43.19
 129.00 -61.02 -36.85
 130.00 -56.30 -47.87
 131.00 -53.06 -39.99
 132.00 -68.90 -42.25
 133.00 -86.56 -18.47
 134.00 -65.50 -36.82
 135.00 -66.54 -36.14
 136.00 -70.36 -46.33
 137.00  66.01  10.23
 138.00  62.63  42.02
 139.00 -83.52  10.88
 140.00 -61.49 127.26
 141.00 -76.10 128.91
 142.00 -89.59 -41.11
 143.00 -61.51 -177.92
 144.00 -50.68 154.13
 145.00 -69.28 -51.20
 146.00 -79.43  -7.98
 147.00 -69.50 -20.30
 148.00 -75.29 -37.76
 149.00 -70.56 -25.91
 150.00 -80.45 -35.44
 151.00 -62.87 -38.91
 152.00 -75.98 -26.15
 153.00 -58.78 -50.53
 154.00 -53.86 -35.78
 155.00 -53.19 -64.18
 156.00 -63.46 -51.55
 157.00 -77.72 -45.31
 158.00 -67.24 -34.75
 159.00 -73.86 -29.83
 160.00 -62.89 -46.83
 161.00 -53.60 -38.12
 162.00 -65.05 -62.89
 163.00 -61.17 -35.51
 164.00 -60.20 -37.44
 165.00 -63.63 -48.88
 166.00 -66.75 -32.57
 167.00 -64.57 -48.01
 168.00 -66.22 -44.98
 169.00 -59.49 -35.98
 170.00 -60.07 -49.88
 171.00 -71.82 -39.48
 172.00 -65.54 -47.76
 173.00 -47.65 -46.83
 174.00 -89.45 -38.82
 175.00 -65.73 -37.26
 176.00 -75.79 -37.15
 177.00 -80.60  -1.23
 178.00 -86.07  -8.04
 179.00 -53.48 131.61
 180.00 -117.76 -14.97
 181.00 -73.21  27.92
 182.00 -75.35 -17.06
 183.00 -76.57   7.63
 184.00 -68.03 154.06
 185.00 -103.65 -23.19
 186.00 -139.56 121.97
 187.00 -79.47 161.49
 188.00 -96.28 149.33
 189.00 -49.40 -54.29
 190.00 -65.25 -41.14
 191.00 -69.26 -37.27
 192.00 -60.83 -48.85
 193.00 -72.54 -34.58
 194.00 -60.44 -36.42
 195.00 -49.14 -45.27
 196.00 -54.13 -65.07
 197.00 -50.43 -44.49
 198.00 -53.24 -47.71
 199.00 -61.45 -44.56
 200.00 -79.28 -32.23
 201.00 -56.67 -48.99
 202.00 -69.96 -42.15
 203.00 -64.70 -31.85
 204.00 -63.96 -43.82
 205.00 -66.75 -36.54
 206.00 -87.40 -43.68
 207.00 -46.65 -14.58
 208.00 -62.02 -48.44
 209.00 -53.29 -25.40
 210.00 -70.31 -65.02
 211.00 -58.20 -22.87
 212.00 -86.16 -45.06
 213.00 -50.89 -51.39
 214.00 -66.81 -56.57
 215.00 -133.31  17.67
 216.00 -138.55 -33.54
 217.00 -70.72  98.40
 218.00 -54.24 -14.37
 219.00 -94.74 -19.77
 220.00 -124.55 -20.54
 221.00 -131.93   5.05
 222.00 -159.25 130.84
 223.00  59.39 131.39
 224.00  72.37  22.84
 225.00 -63.32 -26.09
 226.00 -78.23 153.55
 227.00 -153.91 110.62
 228.00 -68.07 141.70
 229.00 -104.28 108.65
 230.00 -83.17  -5.76
 231.00 -44.55 111.55
 232.00 -75.17 -23.59
 233.00 -66.13 -44.00
 234.00 -60.62 -33.77
 235.00 -74.95 -66.27
 236.00 -129.53 -29.06
 237.00 -65.77 -39.23
 238.00 -44.64 -37.89
 239.00 -47.89 -41.85
 240.00 -73.11 -64.77
 241.00 -80.38 -25.08
 242.00 -156.02 -13.70
 243.00 -60.36 -74.50
 244.00 -71.06 -30.38
 245.00 -68.73 -64.91
 246.00 -71.22 -33.52
 247.00 -61.30 -37.39
 248.00 -57.36 -42.98
 249.00 -61.68 -46.80
 250.00 -67.49 -49.13
 251.00 -61.49 -48.19
 252.00 -61.49 -43.17
 253.00 -71.36 -29.25
 254.00 -58.28 -40.51
 255.00 -77.45 -36.09
 256.00 -72.14 -29.61
 257.00 -58.74 -54.06
 258.00 -62.48 -38.63
 259.00 -69.62 -33.09
 260.00 -77.11 -33.45
 261.00 -54.93 -33.95
 262.00 -65.08 -54.13
 263.00 -83.00 -21.27
 264.00 -64.33 -39.59
 1001.00 -77.30 -28.78
 1002.00 -78.51 -19.75
 1003.00 -83.35 -32.53
 1004.00 -82.15 -15.89
 1005.00 -62.19 -42.59
 1006.00 -42.15 -33.77
 1007.00 -78.24 -45.12
 1008.00 -73.94 -21.51
 1009.00 -62.87 -35.28
 1010.00 -70.11 -43.26
 1011.00 -68.86 -29.98
 1012.00 -66.08 -38.46
 1013.00 -56.83 -34.49
 1014.00 -75.20 -44.24
 1015.00 -85.25 -10.45
 1016.00 -72.37 -38.24
 1017.00 -71.07 -35.33
 1018.00 -144.39  -1.63
 1019.00 -76.19  10.42
 1020.00 -60.40 143.96
 1021.00 -161.33 -33.92
 1022.00 -48.87 172.70
 1023.00 -55.73 -56.17
 1024.00 -73.55 -33.78
 1025.00 -75.90 -32.53
 1026.00 -58.09 -36.65
 1027.00 -57.83 -52.43
 1028.00 -56.86 -43.60
 1029.00 -58.70 -60.67
 1030.00 -73.56 -26.39
 1031.00 -57.80 -42.33
 1032.00 -65.21 -35.93
 1033.00 -64.13 -41.79
 1034.00 -78.64 -29.62
 1035.00 -69.30 -42.08
 1036.00 -80.61 -19.97
 1037.00 -73.17 -26.87
 1038.00 -64.72 -33.03
 1039.00 -91.84 -22.38
 1040.00 -93.32 -39.24
 1041.00  45.77 -21.31
 1042.00 108.28  50.87
 1043.00 -68.68   8.90
 1044.00  68.67 -35.37
 1066.00 -63.45 160.93
 1067.00 -73.40   1.38
 1068.00 -73.68 -43.67
 1069.00 -72.46 -29.44
 1070.00 -49.33 -45.55
 1071.00 -72.62 -41.32
 1072.00 -47.31 -43.41
 1073.00 -77.56 -41.55
 1074.00 -72.20 -20.33
 1075.00 -62.11 -44.65
 1076.00 -55.82 -38.21
 1077.00 -65.41 -41.41
 1078.00 -68.27 -37.37
 1079.00 -59.72 -43.50
 1080.00 -104.83 -17.05
 1081.00  89.97   3.97
 1082.00 -73.53 -14.18
 1083.00 -71.79  73.48
 1084.00 -62.74 -46.72
 1085.00 -66.53 -40.85
 1086.00 -56.87 -37.14
 1087.00 -63.02 -45.41
 1088.00 -67.64 -43.85
 1089.00 -70.01 -30.54
 1090.00 -65.90 -37.24
 1091.00 -57.97 -40.04
 1092.00 -64.42 -50.97
 1093.00 -63.88 -21.94
 1094.00 -59.30 -36.14
 1095.00 -61.02 -48.14
 1096.00 -52.79 -51.79
 1097.00 -57.68 -36.98
 1098.00 -72.63 -48.79
 1099.00 -58.87 -33.70
 1100.00 -84.21 -31.44
 1101.00 -63.20 -28.38
 1102.00 -66.96 -32.41
 1103.00 -74.40 -44.45
 1104.00 -58.69 -39.79
 1105.00 -52.28 -52.22
 313.00 -64.83 -33.64
 314.00 -68.82 -39.59
 315.00 -54.99 -38.30
 316.00 -71.54 -40.29
 317.00 -78.14 -24.94
 318.00 -59.01 -41.13
 319.00 -56.15 -52.25
 320.00 -56.83 -46.36
 321.00 -69.41 -26.60
 322.00 -55.61 -49.07
 323.00 -66.13 -34.23
 324.00 -61.30 -41.77
 325.00 -71.82 -30.54
 326.00 -84.91 -27.19
 327.00 -61.54 -33.26
 328.00 -58.39 -44.04
 329.00 -65.07 -55.34
 330.00 -62.80 -43.67
 331.00 -57.18 -41.18
 332.00 -47.03 -58.54
 333.00 -76.92 -48.27
 334.00 -65.54 -42.97
 335.00 -96.50 -19.02
 336.00 -57.04 -30.29
 337.00 -66.12 -45.11
 338.00 -59.30 -33.22
 339.00 -65.59 -40.44
 340.00 -57.99 -46.80
 341.00 -66.47 -47.08
 342.00 -77.45 -32.67
 343.00 -74.63 -29.06
 344.00 -59.81 -42.73
 345.00 -64.48 -37.12
 346.00 -105.94 -10.65
 347.00 -78.11 -19.99
 348.00 -152.47 -13.13
 349.00 -151.07 147.91
 350.00 -115.50 -19.69
 351.00 -78.62 -28.79
 352.00 -143.68   0.25
 353.00 -102.37 163.57
 354.00 -86.85 137.87
 355.00 -77.53 -21.40
 356.00 -89.11 -13.25
 357.00 -63.58 -39.22
 358.00 -56.40 -44.07
 359.00 -57.36 -47.47
 360.00 -90.17 -24.33
 361.00 -70.87 -28.15
 362.00 -61.49 -35.57
 363.00 -65.58 -57.69
 364.00 -56.87 -55.30
 365.00 -64.59 -30.40
 366.00 -64.13 -50.28
 367.00 -79.39 -24.57
 368.00 -64.49 -31.90
 369.00 -77.68 -45.83
 370.00 -54.24 -29.34
 371.00 -64.01 -16.81
 372.00 -72.09 -19.55
 373.00 -84.93 -22.96
 374.00 -94.78 -11.40
 375.00 -63.63 -27.52
 376.00 -46.97 -37.41
 377.00 -68.74 -46.27
 378.00 -63.85 -42.65
 379.00 -68.54 -37.05
 380.00 -63.18 -41.57
 381.00 -81.68 -30.06
 382.00 -129.90 -30.19
 383.00 -127.81  -3.07
 384.00 -63.01 120.97
 385.00 -72.41 -34.86
 386.00 -61.63 -40.63
 387.00 -55.58 -49.31
 388.00 -56.29 -52.09
 389.00 -61.77 -51.90
 390.00 -54.19 -42.17
 391.00 -62.23 -45.81
 392.00 -78.64 -33.37
 393.00 -65.47 -37.20
 394.00 -75.47 -46.98
 395.00 -123.84  19.63
 396.00  57.95  13.86
 397.00 -92.30  20.32
 398.00 -70.64  73.79


