 residuo Phi Psi
  69.00 -141.75 143.98
  70.00 -66.55 -16.67
  71.00 -61.59 -35.52
  72.00 -73.01 -40.73
  73.00 -58.70 -48.95
  74.00 -79.55 -27.28
  75.00 -62.25 -41.99
  76.00 -43.92 -47.31
  77.00 -53.84 -58.81
  78.00 -65.23 -40.30
  79.00 -61.63 -49.30
  80.00 -71.90 -37.18
  81.00 -59.74 -33.66
  82.00 -55.82 -31.34
  83.00 -61.38 -48.32
  84.00 -70.11 -37.71
  85.00 -61.51 -42.35
  86.00 -70.61 -47.35
  87.00 -79.86 -17.17
  88.00 -70.04 -46.76
  89.00 -59.61 -57.45
  90.00 -63.45 -33.06
  91.00 -62.36 -60.25
  92.00 -46.53 -44.58
  93.00 -67.31 -49.87
  94.00 -48.50 -40.27
  95.00 -64.07 -51.62
  96.00 -58.93 -46.78
  97.00 -50.30 -41.54
  98.00 -61.53 -60.98
  99.00 -92.59 -34.36
 100.00 -131.41  10.05
 101.00 -75.89 -47.42
 102.00 -52.23 121.41
 103.00 -68.06 -30.70
 104.00 -96.43 -30.98
 105.00 -68.33   1.14
 106.00 -145.27  88.21
 107.00 -46.65 143.65
 108.00 -66.64 -50.71
 109.00 -57.54 -34.61
 110.00 -54.74 -37.81
 111.00 -64.48 -50.18
 112.00 -71.44 -35.66
 113.00 -61.76 -24.92
 114.00 -62.32 -34.42
 115.00 -57.74 -41.75
 116.00 -71.11 -32.57
 117.00 -57.58 -49.55
 118.00 -65.95 -38.91
 119.00 -82.64 -32.60
 120.00 -67.96 -37.64
 121.00 -66.63 -39.07
 122.00 -69.09 -24.19
 123.00 -44.00 -55.67
 124.00 -86.11 -38.39
 125.00 -92.53 -49.43
 126.00 -105.33 -36.08
 127.00 -57.01 -60.84
 128.00 -71.33 -39.38
 129.00 -82.20 -30.23
 130.00 -59.92 -31.47
 131.00 -77.19 -35.08
 132.00 -76.74 -28.56
 133.00 -59.03 -33.94
 134.00 -70.28 -36.43
 135.00 -77.38 -32.87
 136.00 -68.90 -34.74
 137.00  63.01  19.75
 138.00  51.58  51.84
 139.00 -136.08  50.17
 140.00 -51.64 144.92
 141.00 -66.34 114.24
 142.00 -116.96 -22.87
 143.00 -64.54 -172.68
 144.00 -54.21 149.42
 145.00 -74.77 -47.14
 146.00 -90.31  -5.89
 147.00 -66.16  -7.76
 148.00 -65.05 -40.03
 149.00 -76.72 -42.72
 150.00 -85.32 -17.76
 151.00 -57.49 -57.08
 152.00 -56.83 -18.73
 153.00 -79.73 -35.45
 154.00 -62.36 -22.43
 155.00 -65.88 -49.13
 156.00 -62.12 -49.89
 157.00 -76.33 -47.52
 158.00 -53.82 -34.79
 159.00 -68.75 -45.70
 160.00 -72.21 -41.36
 161.00 -57.41 -40.30
 162.00 -60.75 -50.71
 163.00 -73.06 -40.17
 164.00 -77.08 -19.21
 165.00 -54.42 -46.52
 166.00 -67.33 -38.96
 167.00 -68.50 -43.35
 168.00 -65.35 -28.65
 169.00 -59.48 -49.71
 170.00 -62.28 -48.86
 171.00 -66.93 -41.22
 172.00 -69.67 -34.07
 173.00 -77.39 -36.26
 174.00 -66.92 -27.16
 175.00 -60.86 -42.27
 176.00 -88.10 -33.75
 177.00 -93.86   6.18
 178.00 -72.67 -15.35
 179.00 -65.47 133.13
 180.00 -132.22  -3.24
 181.00 -90.72  33.28
 182.00 -100.01  -2.36
 183.00 -65.52   4.16
 184.00 -89.23 162.52
 185.00 -66.47 -14.01
 186.00 -162.31 141.36
 187.00 -114.62 171.17
 188.00 -82.29 132.96
 189.00 -68.24 -38.46
 190.00 -63.39 -36.06
 191.00 -58.57 -36.65
 192.00 -49.90 -57.57
 193.00 -56.73 -53.44
 194.00 -65.84 -47.46
 195.00 -64.89 -38.02
 196.00 -75.43 -40.86
 197.00 -68.00 -30.07
 198.00 -63.31 -40.54
 199.00 -52.46 -51.42
 200.00 -60.98 -49.75
 201.00 -68.09 -42.24
 202.00 -67.39 -36.47
 203.00 -55.17 -29.77
 204.00 -55.55 -57.84
 205.00 -75.00 -31.06
 206.00 -89.24 -34.58
 207.00 -51.30 -30.55
 208.00 -62.33 -32.82
 209.00 -59.04 -29.41
 210.00 -67.04 -51.50
 211.00 -59.48 -44.42
 212.00 -92.70 -39.90
 213.00 -81.59 -26.80
 214.00 -77.79 -17.50
 215.00 -114.22   4.63
 216.00 -165.29 -24.90
 217.00 -67.43 117.05
 218.00 -80.27 -16.65
 219.00 -67.97  -7.76
 220.00 -122.75 -24.30
 221.00 -111.43 -13.98
 222.00 -144.89 143.92
 223.00  46.28 129.95
 224.00  64.06  45.98
 225.00 -117.52  15.67
 226.00 -69.56 148.86
 227.00 -158.08  98.72
 228.00 -43.83 130.22
 229.00 -129.89 131.55
 230.00 -67.24 -19.07
 231.00 -49.72 135.10
 232.00 -60.26 -39.61
 233.00 -74.45 -41.94
 234.00 -78.51 -59.23
 235.00 -118.69 -22.72
 236.00 -75.33 -57.21
 237.00 -73.56 -22.03
 238.00 -59.02 -41.41
 239.00 -40.65 -27.27
 240.00 -72.73 -81.03
 241.00 -92.40 -24.38
 242.00 -154.08  -0.15
 243.00 -65.89 -72.80
 244.00 -63.48 -31.68
 245.00 -53.38 -63.75
 246.00 -62.12 -31.89
 247.00 -67.70 -46.70
 248.00 -64.26 -35.74
 249.00 -67.79 -50.89
 250.00 -64.49 -40.32
 251.00 -80.04 -38.03
 252.00 -62.04 -32.34
 253.00 -69.99 -43.05
 254.00 -56.12 -39.70
 255.00 -66.90 -51.45
 256.00 -74.31 -16.32
 257.00 -59.95 -57.95
 258.00 -52.62 -44.31
 259.00 -53.54 -51.08
 260.00 -78.48 -39.58
 261.00 -77.13 -26.95
 262.00 -67.27 -33.45
 263.00 -59.58 -39.51
 264.00 -78.66 -39.48
 1001.00 -62.26 -22.45
 1002.00 -73.32 -25.02
 1003.00 -58.42 -39.75
 1004.00 -69.07 -35.64
 1005.00 -59.58 -37.88
 1006.00 -56.10 -47.64
 1007.00 -57.68 -48.86
 1008.00 -57.83 -47.14
 1009.00 -74.85 -32.66
 1010.00 -72.94 -42.25
 1011.00 -63.59 -36.66
 1012.00 -79.11 -32.33
 1013.00 -50.65 -49.23
 1014.00 -58.97 -45.10
 1015.00 -72.73 -43.89
 1016.00 -53.94 -44.59
 1017.00 -54.96 -48.58
 1018.00 -108.70 -30.58
 1019.00 -68.77  11.73
 1020.00 -87.80 139.44
 1021.00 -123.49 -40.37
 1022.00 -68.91 151.54
 1023.00 -59.55 -30.88
 1024.00 -75.69 -25.48
 1025.00 -73.83 -37.20
 1026.00 -52.10 -41.23
 1027.00 -68.22 -42.80
 1028.00 -72.49 -47.64
 1029.00 -66.41 -33.19
 1030.00 -75.33 -30.10
 1031.00 -63.06 -39.91
 1032.00 -67.04 -44.38
 1033.00 -55.65 -33.44
 1034.00 -57.85 -51.10
 1035.00 -81.30 -39.77
 1036.00 -66.51 -23.48
 1037.00 -79.29 -33.32
 1038.00 -60.41 -34.00
 1039.00 -65.40 -40.40
 1040.00 -87.75 -32.36
 1041.00  56.08 -36.84
 1042.00  82.88  47.88
 1043.00 -48.01  12.18
 1044.00  80.63 -30.91
 1066.00 -62.11 151.21
 1067.00 -62.17 -11.57
 1068.00 -73.67 -29.23
 1069.00 -77.09 -38.46
 1070.00 -76.62 -24.18
 1071.00 -64.34 -36.84
 1072.00 -68.18 -31.05
 1073.00 -73.74 -37.44
 1074.00 -64.66 -28.86
 1075.00 -65.56 -36.31
 1076.00 -70.02 -20.89
 1077.00 -58.07 -45.59
 1078.00 -62.84 -36.90
 1079.00 -69.60 -39.92
 1080.00 -87.37 -28.48
 1081.00  79.80  14.83
 1082.00 -98.46   7.12
 1083.00 -39.60  68.61
 1084.00 -81.02 -49.42
 1085.00 -73.17 -26.09
 1086.00 -73.33 -38.39
 1087.00 -63.36 -34.61
 1088.00 -57.04 -41.75
 1089.00 -55.59 -46.31
 1090.00 -71.98 -44.47
 1091.00 -63.61 -39.38
 1092.00 -87.41 -25.79
 1093.00 -91.69 -15.92
 1094.00 -41.25 -25.54
 1095.00 -66.65 -46.97
 1096.00 -76.88 -38.36
 1097.00 -60.74 -30.53
 1098.00 -70.01 -43.16
 1099.00 -78.05 -22.74
 1100.00 -56.42 -48.72
 1101.00 -48.96 -54.40
 1102.00 -71.92 -40.05
 1103.00 -50.05 -43.09
 1104.00 -72.96 -48.77
 1105.00 -60.01 -33.11
 313.00 -63.15 -37.61
 314.00 -89.72 -24.24
 315.00 -64.08 -32.34
 316.00 -78.47 -28.06
 317.00 -54.44 -42.68
 318.00 -55.14 -52.07
 319.00 -69.60 -36.20
 320.00 -54.75 -45.72
 321.00 -71.98 -31.79
 322.00 -45.08 -56.71
 323.00 -74.65 -39.75
 324.00 -66.64 -44.27
 325.00 -51.97 -36.24
 326.00 -64.85 -46.95
 327.00 -53.83 -36.65
 328.00 -74.06 -45.69
 329.00 -57.97 -45.53
 330.00 -67.05 -46.56
 331.00 -63.49 -34.11
 332.00 -81.67 -38.10
 333.00 -61.57 -48.58
 334.00 -95.55 -17.65
 335.00 -105.33 -20.33
 336.00 -56.25 -26.24
 337.00 -57.74 -42.15
 338.00 -38.92 -49.51
 339.00 -86.80 -44.73
 340.00 -56.04 -47.59
 341.00 -66.90 -42.12
 342.00 -64.11 -38.14
 343.00 -71.37 -30.60
 344.00 -43.19 -51.70
 345.00 -76.65 -42.01
 346.00 -75.16 -18.50
 347.00 -77.25 -47.45
 348.00 -82.90 -51.59
 349.00 -153.24 148.77
 350.00 -128.71 -40.74
 351.00 -87.87 -20.06
 352.00 -146.54   9.61
 353.00 -148.96 -177.60
 354.00 -68.42 127.45
 355.00 -70.62 -16.51
 356.00 -73.11 -44.42
 357.00 -62.32 -50.84
 358.00 -64.43 -31.35
 359.00 -68.85 -47.27
 360.00 -70.59 -16.45
 361.00 -67.94 -58.51
 362.00 -63.79 -29.25
 363.00 -102.08 -31.35
 364.00 -58.04 -35.19
 365.00 -62.96 -28.79
 366.00 -78.09 -31.13
 367.00 -77.50 -20.60
 368.00 -58.58 -30.81
 369.00 -70.57 -51.07
 370.00 -79.38  -3.01
 371.00 -63.94 -26.28
 372.00 -69.09 -25.47
 373.00 -131.40 -15.32
 374.00 -83.63   1.52
 375.00 -56.34 -31.45
 376.00 -64.75 -39.61
 377.00 -67.20 -26.94
 378.00 -67.82 -39.51
 379.00 -54.39 -52.97
 380.00 -56.37 -44.29
 381.00 -73.83 -39.06
 382.00 -77.33 -60.67
 383.00 -125.71 -26.99
 384.00 -73.44 137.03
 385.00 -64.26 -35.05
 386.00 -67.24 -42.61
 387.00 -36.74 -59.43
 388.00 -61.25 -64.75
 389.00 -59.46 -43.54
 390.00 -59.01 -46.06
 391.00 -69.45 -44.87
 392.00 -62.99 -31.16
 393.00 -68.54 -47.61
 394.00 -68.09 -44.58
 395.00 -71.78 -38.65
 396.00  62.61  -0.66
 397.00 -75.73  25.48
 398.00  37.17 -28.07


