 residuo Phi Psi
  69.00 -129.86 130.70
  70.00 -63.44  13.09
  71.00 -71.31 -50.86
  72.00 -84.74  -9.60
  73.00 -61.23 -57.03
  74.00 -54.58 -32.36
  75.00 -68.09 -57.28
  76.00 -67.06 -26.02
  77.00 -76.03 -39.16
  78.00 -53.57 -31.22
  79.00 -56.96 -56.72
  80.00 -66.32 -35.10
  81.00 -60.18 -46.78
  82.00 -49.97 -19.91
  83.00 -62.63 -49.57
  84.00 -73.47 -36.79
  85.00 -66.82 -44.05
  86.00 -61.09 -40.12
  87.00 -61.88 -30.74
  88.00 -69.89 -58.83
  89.00 -60.89 -68.59
  90.00 -77.84 -10.31
  91.00 -85.43 -58.12
  92.00 -49.63 -32.29
  93.00 -58.98 -41.60
  94.00 -60.33 -39.88
  95.00 -58.26 -55.28
  96.00 -61.22 -49.63
  97.00 -58.10 -43.31
  98.00 -69.31 -53.54
  99.00 -70.90 -14.64
 100.00 -111.45 -33.52
 101.00 -71.65 -53.88
 102.00 -60.74 105.86
 103.00 -55.53 -25.80
 104.00 -100.47 -28.65
 105.00 -77.27  -9.29
 106.00 -157.67  92.31
 107.00 -63.47 161.63
 108.00 -66.91 -20.42
 109.00 -73.72 -57.36
 110.00 -72.85 -10.97
 111.00 -63.48 -38.98
 112.00 -75.00 -33.34
 113.00 -74.48 -16.41
 114.00 -73.26 -47.97
 115.00 -59.78 -30.82
 116.00 -63.03 -51.38
 117.00 -71.35 -27.65
 118.00 -87.72 -13.74
 119.00 -67.90 -29.10
 120.00 -58.53 -52.98
 121.00 -63.74 -48.28
 122.00 -67.81 -33.62
 123.00 -75.76 -37.67
 124.00 -129.87  10.94
 125.00 -96.09 -46.72
 126.00 -129.98  -5.65
 127.00 -72.93 -59.17
 128.00 -54.40 -31.02
 129.00 -84.59 -29.59
 130.00 -59.55 -28.81
 131.00 -61.47 -45.30
 132.00 -65.94 -47.68
 133.00 -71.38 -29.78
 134.00 -83.03 -23.77
 135.00 -70.74 -22.89
 136.00 -76.34 -34.43
 137.00  72.38   4.11
 138.00  58.73  42.27
 139.00 -60.56  -4.81
 140.00 -66.00 136.79
 141.00 -70.16 109.38
 142.00 -112.50  -8.29
 143.00 -51.58 173.00
 144.00 -60.99 143.38
 145.00 -67.60 -27.73
 146.00 -94.86 -12.68
 147.00 -59.20  -5.97
 148.00 -58.84 -58.58
 149.00 -70.14 -27.80
 150.00 -72.04 -44.76
 151.00 -70.89 -37.28
 152.00 -62.52 -37.36
 153.00 -81.45 -36.42
 154.00 -57.95 -35.41
 155.00 -74.41 -38.66
 156.00 -58.60 -50.14
 157.00 -68.71 -50.85
 158.00 -71.21 -31.37
 159.00 -60.82 -42.38
 160.00 -67.51 -34.56
 161.00 -59.59 -45.60
 162.00 -64.82 -45.53
 163.00 -65.54 -41.49
 164.00 -59.63 -38.33
 165.00 -63.33 -46.64
 166.00 -74.45 -27.31
 167.00 -76.30 -41.45
 168.00 -68.52 -36.41
 169.00 -56.30 -37.72
 170.00 -53.72 -57.78
 171.00 -64.57 -54.00
 172.00 -57.60 -52.94
 173.00 -88.02 -17.32
 174.00 -68.29 -31.70
 175.00 -66.66 -31.58
 176.00 -84.05 -46.03
 177.00 -85.58  -1.32
 178.00 -68.11 -17.80
 179.00 -50.06 135.77
 180.00 -123.63 -24.14
 181.00 -57.92  12.81
 182.00 -77.99 -11.54
 183.00 -75.92 -10.80
 184.00 -72.15 137.32
 185.00 -93.49  -5.67
 186.00 -151.47 138.22
 187.00 -76.40 148.05
 188.00 -55.49 113.70
 189.00 -49.53 -44.20
 190.00 -78.08 -42.41
 191.00 -50.32 -46.20
 192.00 -56.11 -46.98
 193.00 -61.33 -46.21
 194.00 -69.40 -40.62
 195.00 -77.35 -19.73
 196.00 -68.03 -42.64
 197.00 -55.42 -36.59
 198.00 -69.39 -42.43
 199.00 -60.00 -41.72
 200.00 -54.19 -46.52
 201.00 -69.65 -43.57
 202.00 -58.91 -41.91
 203.00 -60.14 -53.56
 204.00 -60.16 -38.45
 205.00 -88.74 -23.91
 206.00 -93.15 -36.64
 207.00 -69.89 -29.06
 208.00 -65.09 -24.23
 209.00 -56.67 -16.03
 210.00 -67.29 -61.32
 211.00 -24.54 -56.40
 212.00 -105.83 -52.94
 213.00 -91.94 -16.29
 214.00 -72.52 -18.02
 215.00 -83.97 -25.01
 216.00 -132.12 -37.37
 217.00 -46.16  88.41
 218.00 -70.34 -31.72
 219.00 -80.72  -3.78
 220.00 -159.05  -2.01
 221.00 -114.03 -12.65
 222.00 -153.94 143.11
 223.00  51.00 131.07
 224.00  63.85  35.20
 225.00 -78.46 -17.28
 226.00 -72.76 152.62
 227.00 -168.64 134.64
 228.00 -57.44 125.25
 229.00 -129.07 119.00
 230.00 -65.60 -16.75
 231.00 -54.50 118.64
 232.00 -55.66 -28.20
 233.00 -95.92 -30.60
 234.00 -66.13 -36.88
 235.00 -91.10 -61.68
 236.00 -60.93 -62.28
 237.00 -57.23 -28.29
 238.00 -80.69 -25.14
 239.00 -64.65 -21.04
 240.00 -74.71 -55.48
 241.00 -81.59 -30.03
 242.00 -151.44 -15.76
 243.00 -61.75 -67.09
 244.00 -67.47 -39.99
 245.00 -70.46 -52.62
 246.00 -54.41 -23.62
 247.00 -66.37 -45.73
 248.00 -77.03 -42.97
 249.00 -59.48 -31.27
 250.00 -75.48 -51.09
 251.00 -54.15 -57.31
 252.00 -91.97 -19.87
 253.00 -50.91 -36.07
 254.00 -74.44 -42.77
 255.00 -52.05 -38.64
 256.00 -74.19 -45.25
 257.00 -79.38 -39.45
 258.00 -50.79 -29.60
 259.00 -56.96 -50.55
 260.00 -69.73 -51.80
 261.00 -62.79 -28.77
 262.00 -63.42 -50.88
 263.00 -66.14 -26.12
 264.00 -70.42 -34.96
 1001.00 -59.18 -44.53
 1002.00 -60.15 -36.47
 1003.00 -67.03 -45.42
 1004.00 -78.16 -27.09
 1005.00 -72.58 -46.20
 1006.00 -55.47 -20.93
 1007.00 -64.85 -53.40
 1008.00 -68.91 -31.12
 1009.00 -61.83 -36.70
 1010.00 -70.50 -50.17
 1011.00 -54.26 -37.05
 1012.00 -80.89 -38.69
 1013.00 -59.40 -29.06
 1014.00 -79.52 -30.46
 1015.00 -87.57 -23.15
 1016.00 -73.92 -42.43
 1017.00 -57.23 -32.73
 1018.00 -123.66 -21.35
 1019.00 -70.10  11.88
 1020.00 -89.95 138.72
 1021.00 -149.36  -9.83
 1022.00 -52.46 152.42
 1023.00 -84.58 -31.78
 1024.00 -66.13 -24.86
 1025.00 -70.70 -34.95
 1026.00 -43.25 -50.66
 1027.00 -64.74 -46.80
 1028.00 -70.51 -41.02
 1029.00 -63.65 -32.46
 1030.00 -66.77 -39.94
 1031.00 -59.25 -44.88
 1032.00 -63.42 -47.84
 1033.00 -47.51 -42.87
 1034.00 -62.71 -59.31
 1035.00 -56.33 -43.19
 1036.00 -52.01 -43.90
 1037.00 -60.13 -44.44
 1038.00 -69.83 -42.80
 1039.00 -65.37 -33.33
 1040.00 -111.62 -15.61
 1041.00  42.64 -22.30
 1042.00  96.70  58.88
 1043.00 -63.87   2.39
 1044.00  68.41 -29.21
 1066.00 -63.72 160.59
 1067.00 -56.38  -5.87
 1068.00 -57.34 -44.88
 1069.00 -70.54 -34.44
 1070.00 -70.75 -36.02
 1071.00 -77.91 -23.22
 1072.00 -57.93 -46.68
 1073.00 -67.20 -32.25
 1074.00 -61.14 -45.64
 1075.00 -66.46 -38.29
 1076.00 -62.82 -35.37
 1077.00 -56.48 -48.08
 1078.00 -81.12 -36.48
 1079.00 -60.30 -36.91
 1080.00 -73.03 -35.07
 1081.00  67.71   3.70
 1082.00 -93.65  10.78
 1083.00 -52.91  76.40
 1084.00 -40.47 -53.08
 1085.00 -64.80 -51.93
 1086.00 -58.37 -47.72
 1087.00 -73.20 -33.56
 1088.00 -62.26 -37.34
 1089.00 -60.00 -51.12
 1090.00 -71.47 -32.62
 1091.00 -58.71 -42.83
 1092.00 -72.22 -32.39
 1093.00 -66.39 -40.01
 1094.00 -60.54 -27.81
 1095.00 -69.18 -39.96
 1096.00 -65.06 -38.06
 1097.00 -56.09 -46.85
 1098.00 -76.14 -51.68
 1099.00 -68.50 -16.22
 1100.00 -56.39 -52.30
 1101.00 -65.98 -42.03
 1102.00 -68.76 -28.16
 1103.00 -65.93 -38.46
 1104.00 -70.42 -33.11
 1105.00 -43.32 -45.53
 313.00 -62.20 -46.73
 314.00 -56.57 -50.38
 315.00 -53.33 -48.70
 316.00 -64.70 -44.12
 317.00 -70.67 -28.87
 318.00 -68.54 -44.67
 319.00 -55.66 -47.49
 320.00 -67.83 -42.21
 321.00 -80.40 -22.69
 322.00 -65.34 -46.07
 323.00 -76.40 -21.13
 324.00 -92.68 -16.45
 325.00 -54.40 -30.02
 326.00 -54.01 -35.04
 327.00 -61.93 -44.95
 328.00 -70.66 -41.77
 329.00 -82.56 -20.87
 330.00 -58.60 -50.95
 331.00 -57.80 -52.44
 332.00 -63.01 -49.05
 333.00 -72.41 -39.82
 334.00 -82.63 -27.68
 335.00 -85.54 -36.86
 336.00 -61.95 -29.44
 337.00 -48.20 -41.33
 338.00 -55.46 -48.20
 339.00 -59.68 -51.29
 340.00 -58.97 -49.06
 341.00 -87.98 -45.52
 342.00 -71.34 -22.47
 343.00 -65.39 -34.99
 344.00 -62.08 -35.76
 345.00 -67.42 -41.44
 346.00 -76.00 -31.30
 347.00 -76.37 -36.61
 348.00 -84.26 -43.20
 349.00 -155.22 164.86
 350.00 -85.24 -35.60
 351.00 -66.40 -46.92
 352.00 -151.93  -0.51
 353.00 -143.92 171.61
 354.00 -62.75 131.41
 355.00 -74.36 -26.99
 356.00 -70.26 -45.64
 357.00 -70.54 -50.05
 358.00 -65.32 -34.98
 359.00 -48.25 -53.52
 360.00 -60.82 -45.61
 361.00 -55.82 -49.72
 362.00 -71.08 -31.64
 363.00 -78.53 -24.01
 364.00 -70.47 -57.25
 365.00 -51.63 -30.45
 366.00 -73.92 -53.71
 367.00 -73.48 -24.18
 368.00 -64.66 -29.39
 369.00 -60.67 -53.07
 370.00 -76.83 -20.03
 371.00 -58.83 -19.00
 372.00 -72.31 -18.88
 373.00 -73.09 -15.58
 374.00 -74.06 -27.53
 375.00 -49.50 -58.37
 376.00 -46.43 -41.04
 377.00 -63.30 -42.54
 378.00 -62.44 -45.61
 379.00 -49.50 -49.38
 380.00 -58.78 -51.09
 381.00 -86.70 -50.55
 382.00 -122.83 -13.33
 383.00 -132.98 -15.37
 384.00 -70.84 119.05
 385.00 -84.22 -19.62
 386.00 -62.85 -48.20
 387.00 -67.05 -46.32
 388.00 -72.64 -28.08
 389.00 -69.13 -36.16
 390.00 -45.38 -59.93
 391.00 -58.51 -48.66
 392.00 -74.14 -32.53
 393.00 -77.72 -40.33
 394.00 -71.99 -26.00
 395.00 -134.09   7.64
 396.00  48.24  14.66
 397.00 -81.68  38.75
 398.00 -66.21  45.32


