 residuo Phi Psi
  69.00 -121.22 157.14
  70.00 -70.94   8.45
  71.00 -63.87 -26.72
  72.00 -42.06 -50.26
  73.00 -75.32 -32.70
  74.00 -71.18 -29.01
  75.00 -59.32 -39.81
  76.00 -54.51 -48.54
  77.00 -70.74 -35.86
  78.00 -65.36 -39.34
  79.00 -81.21 -23.73
  80.00 -92.59 -30.28
  81.00 -45.28 -23.83
  82.00 -56.46 -33.94
  83.00 -73.06 -32.22
  84.00 -71.07 -33.44
  85.00 -64.48 -42.75
  86.00 -65.49 -47.79
  87.00 -76.45 -25.67
  88.00 -81.15 -47.43
  89.00 -51.78 -50.14
  90.00 -76.84 -47.58
  91.00 -65.84 -40.21
  92.00 -48.46 -43.31
  93.00 -71.62 -40.84
  94.00 -65.87 -36.00
  95.00 -44.84 -44.15
  96.00 -52.82 -58.36
  97.00 -85.62 -32.27
  98.00 -83.17 -25.55
  99.00 -79.71 -25.48
 100.00 -145.07  -8.99
 101.00 -92.65 -23.05
 102.00 -61.36 108.35
 103.00 -60.83 -32.37
 104.00 -83.95 -38.13
 105.00 -72.41 -20.11
 106.00 -166.52 107.77
 107.00 -41.57 154.08
 108.00 -64.81 -41.18
 109.00 -66.40 -54.59
 110.00 -53.09 -33.52
 111.00 -62.09 -55.20
 112.00 -69.26 -27.35
 113.00 -63.20 -39.97
 114.00 -70.42 -22.24
 115.00 -63.86 -30.95
 116.00 -63.07 -44.36
 117.00 -88.20 -32.98
 118.00 -72.41 -21.83
 119.00 -71.63 -40.53
 120.00 -76.11 -36.63
 121.00 -74.31 -31.31
 122.00 -47.84 -41.41
 123.00 -67.69 -43.02
 124.00 -130.73  -2.04
 125.00 -77.31 -44.07
 126.00 -120.77 -26.25
 127.00 -60.08 -58.31
 128.00 -54.66 -56.66
 129.00 -59.03 -37.24
 130.00 -66.17 -35.93
 131.00 -62.79 -43.44
 132.00 -63.33 -37.76
 133.00 -71.30 -25.22
 134.00 -53.29 -46.57
 135.00 -61.10 -36.87
 136.00 -81.41 -44.31
 137.00  70.15  18.25
 138.00  64.13  44.47
 139.00 -86.82  -0.40
 140.00 -67.55 152.77
 141.00 -88.99 127.16
 142.00 -125.75  -2.12
 143.00 -54.14 176.24
 144.00 -61.24 136.93
 145.00 -48.97 -46.35
 146.00 -88.68 -13.32
 147.00 -63.16  -9.82
 148.00 -56.83 -55.26
 149.00 -69.20 -43.59
 150.00 -65.89 -39.75
 151.00 -58.01 -43.20
 152.00 -68.58 -33.24
 153.00 -62.11 -44.84
 154.00 -60.97 -44.73
 155.00 -72.26 -32.59
 156.00 -69.46 -46.13
 157.00 -66.58 -50.34
 158.00 -60.03 -38.40
 159.00 -64.46 -47.62
 160.00 -59.53 -43.08
 161.00 -51.09 -49.46
 162.00 -80.24 -45.98
 163.00 -74.69 -35.75
 164.00 -68.93 -15.70
 165.00 -63.81 -51.03
 166.00 -57.43 -27.66
 167.00 -71.86 -58.24
 168.00 -58.24 -45.54
 169.00 -68.18 -40.89
 170.00 -52.74 -49.43
 171.00 -43.13 -63.71
 172.00 -67.93 -45.73
 173.00 -84.00 -34.96
 174.00 -76.78 -32.38
 175.00 -71.81 -24.35
 176.00 -62.41 -33.91
 177.00 -62.18 -23.34
 178.00 -81.78 -21.05
 179.00 -63.15 130.37
 180.00 -124.97 -15.31
 181.00 -58.71  24.70
 182.00 -72.60 -18.86
 183.00 -69.31   5.14
 184.00 -76.47 134.26
 185.00 -82.31 -22.74
 186.00 -136.96 112.69
 187.00 -98.21 146.85
 188.00 -70.41 123.47
 189.00 -57.45 -36.57
 190.00 -58.72 -37.65
 191.00 -82.21 -38.30
 192.00 -59.36 -31.29
 193.00 -55.32 -37.32
 194.00 -73.19 -50.54
 195.00 -60.18 -38.34
 196.00 -64.68 -41.27
 197.00 -59.70 -28.08
 198.00 -65.36 -51.75
 199.00 -67.00 -33.58
 200.00 -72.53 -39.82
 201.00 -69.63 -31.83
 202.00 -67.97 -36.28
 203.00 -68.93 -38.79
 204.00 -71.23 -33.32
 205.00 -63.29 -40.07
 206.00 -80.45 -29.98
 207.00 -59.59  -4.44
 208.00 -57.05 -46.30
 209.00 -66.36 -12.77
 210.00 -68.24 -63.89
 211.00 -80.24 -18.87
 212.00 -120.99 -49.73
 213.00 -69.95 -32.52
 214.00 -59.23 -33.09
 215.00 -72.99 -22.93
 216.00 -138.45 -28.12
 217.00 -50.34 129.79
 218.00 -80.64 -23.98
 219.00 -90.52  -7.40
 220.00 -63.89 -55.98
 221.00 -131.96 -28.63
 222.00 -144.83 141.52
 223.00  47.67 128.23
 224.00  72.04  32.14
 225.00 -75.02  -0.83
 226.00 -68.02 139.89
 227.00 -163.05 103.01
 228.00 -98.01 115.43
 229.00 -85.88  73.79
 230.00 -72.08  20.70
 231.00 -49.57 131.32
 232.00 -68.78 -35.34
 233.00 -101.55 -19.22
 234.00 -72.27 -37.73
 235.00 -98.21 -36.88
 236.00 -91.91 -43.40
 237.00 -49.11 -57.83
 238.00 -75.99 -24.01
 239.00 -55.24 -36.26
 240.00 -70.94 -54.41
 241.00 -90.14 -26.65
 242.00 -132.76 -22.99
 243.00 -65.10 -72.18
 244.00 -66.85 -29.44
 245.00 -61.02 -59.00
 246.00 -55.81 -40.47
 247.00 -49.60 -52.53
 248.00 -78.11 -37.69
 249.00 -45.93 -53.30
 250.00 -62.99 -73.77
 251.00 -69.38 -37.99
 252.00 -67.86 -41.11
 253.00 -67.31 -25.95
 254.00 -78.78 -32.57
 255.00 -54.19 -38.69
 256.00 -64.70 -43.20
 257.00 -65.17 -57.04
 258.00 -58.64 -29.64
 259.00 -67.78 -51.86
 260.00 -54.21 -32.60
 261.00 -63.31 -44.77
 262.00 -59.47 -32.11
 263.00 -62.07 -61.03
 264.00 -55.14 -30.68
 1001.00 -66.07 -32.89
 1002.00 -73.15 -12.10
 1003.00 -67.91 -49.18
 1004.00 -69.66 -25.38
 1005.00 -66.45 -40.63
 1006.00 -61.38 -28.27
 1007.00 -48.65 -46.35
 1008.00 -77.51 -45.78
 1009.00 -70.62 -35.83
 1010.00 -69.35 -41.90
 1011.00 -53.02 -42.10
 1012.00 -71.27 -46.69
 1013.00 -73.52 -25.91
 1014.00 -75.41 -32.86
 1015.00 -79.12 -18.60
 1016.00 -71.09 -45.00
 1017.00 -83.02 -39.44
 1018.00 -124.46   3.25
 1019.00 -67.51   2.54
 1020.00 -81.84 137.93
 1021.00 -159.51 -16.48
 1022.00 -55.57 164.09
 1023.00 -69.15 -41.86
 1024.00 -64.49 -42.83
 1025.00 -66.47 -38.55
 1026.00 -69.97 -38.14
 1027.00 -65.19 -34.97
 1028.00 -66.01 -42.42
 1029.00 -77.64 -40.86
 1030.00 -73.58 -25.89
 1031.00 -85.06 -25.02
 1032.00 -65.84 -26.44
 1033.00 -51.14 -39.74
 1034.00 -58.98 -56.06
 1035.00 -60.80 -38.82
 1036.00 -70.51 -39.68
 1037.00 -58.77 -38.28
 1038.00 -63.93 -56.44
 1039.00 -59.82 -32.45
 1040.00 -87.36 -44.94
 1041.00  51.33 -32.66
 1042.00 109.38  42.62
 1043.00 -59.69   5.69
 1044.00  66.11 -18.54
 1066.00 -57.69 145.88
 1067.00 -51.44 -16.18
 1068.00 -84.13 -35.36
 1069.00 -60.85 -23.63
 1070.00 -57.82 -46.45
 1071.00 -73.37 -39.94
 1072.00 -61.87 -32.44
 1073.00 -66.13 -36.16
 1074.00 -75.50 -28.73
 1075.00 -58.44 -43.56
 1076.00 -54.31 -43.05
 1077.00 -67.81 -39.36
 1078.00 -63.05 -40.55
 1079.00 -58.41 -41.84
 1080.00 -86.12 -42.49
 1081.00  80.69   8.16
 1082.00 -93.75  14.16
 1083.00 -70.14  86.04
 1084.00 -61.73 -41.90
 1085.00 -70.24 -37.94
 1086.00 -71.50 -45.03
 1087.00 -64.27 -25.47
 1088.00 -57.43 -51.13
 1089.00 -62.18 -31.30
 1090.00 -65.09 -48.52
 1091.00 -76.83 -31.94
 1092.00 -77.25 -29.14
 1093.00 -58.39 -39.95
 1094.00 -46.07 -29.85
 1095.00 -84.52 -58.02
 1096.00 -53.90 -40.06
 1097.00 -63.89 -34.97
 1098.00 -48.73 -58.32
 1099.00 -80.48 -31.37
 1100.00 -61.42 -35.21
 1101.00 -58.82 -44.72
 1102.00 -73.41 -37.25
 1103.00 -62.25 -37.94
 1104.00 -75.51 -42.96
 1105.00 -61.42 -32.04
 313.00 -56.33 -47.74
 314.00 -70.90 -43.27
 315.00 -57.42 -35.15
 316.00 -68.91 -36.69
 317.00 -47.89 -40.78
 318.00 -65.29 -50.45
 319.00 -50.56 -60.62
 320.00 -60.23 -51.61
 321.00 -69.04 -30.86
 322.00 -62.88 -48.85
 323.00 -68.77 -25.47
 324.00 -59.32 -38.03
 325.00 -51.59 -25.96
 326.00 -77.82 -35.25
 327.00 -57.34 -34.51
 328.00 -70.16 -46.08
 329.00 -74.44 -26.50
 330.00 -69.45 -51.40
 331.00 -51.83 -46.70
 332.00 -69.34 -47.34
 333.00 -63.78 -44.07
 334.00 -63.38 -35.49
 335.00 -97.07 -36.22
 336.00 -48.23 -31.71
 337.00 -61.70 -47.47
 338.00 -48.03 -40.65
 339.00 -55.90 -65.86
 340.00 -55.84 -59.10
 341.00 -68.86 -41.45
 342.00 -69.18 -31.00
 343.00 -72.79 -41.37
 344.00 -48.76 -38.54
 345.00 -53.67 -48.78
 346.00 -78.35 -29.22
 347.00 -88.30 -39.08
 348.00 -71.54 -43.08
 349.00 -159.71 147.06
 350.00 -64.60 -36.97
 351.00 -161.10 -16.45
 352.00 -67.19  -9.21
 353.00 -93.95 139.88
 354.00 -64.17 102.04
 355.00 -70.57 -30.18
 356.00 -76.82 -31.23
 357.00 -59.46 -39.88
 358.00 -66.64 -34.86
 359.00 -63.44 -44.90
 360.00 -49.83 -42.44
 361.00 -72.76 -59.10
 362.00 -55.44 -31.03
 363.00 -64.00 -34.07
 364.00 -68.56 -43.80
 365.00 -63.12 -35.03
 366.00 -69.59 -39.53
 367.00 -60.66 -37.31
 368.00 -68.55 -39.14
 369.00 -73.01 -36.09
 370.00 -57.08 -38.01
 371.00 -65.24 -22.02
 372.00 -69.86 -14.19
 373.00 -80.52 -20.96
 374.00 -75.61 -23.18
 375.00 -53.28 -26.52
 376.00 -48.88 -58.22
 377.00 -76.49 -34.47
 378.00 -57.72 -41.02
 379.00 -72.93 -36.95
 380.00 -57.74 -37.09
 381.00 -91.06 -36.25
 382.00 -137.90 -24.28
 383.00 -118.13  -1.22
 384.00 -78.94 133.70
 385.00 -60.92 -55.36
 386.00 -57.62 -47.44
 387.00 -63.89 -52.43
 388.00 -79.83 -30.50
 389.00 -70.22 -25.51
 390.00 -55.30 -53.14
 391.00 -59.70 -47.91
 392.00 -109.53 -20.38
 393.00 -54.13 -20.14
 394.00 -66.42 -50.89
 395.00 -126.66   1.51
 396.00  66.94   3.26
 397.00 -98.72  19.66
 398.00 -65.43  52.72


