 residuo Phi Psi
  69.00 -76.10 113.62
  70.00 -174.82 146.98
  71.00 -48.22 -19.80
  72.00 -75.21 -62.00
  73.00 -55.19 -24.67
  74.00 -53.13 -58.58
  75.00 -52.60 -45.99
  76.00 -59.48 -52.13
  77.00 -73.17 -41.91
  78.00 -76.75 -16.75
  79.00 -59.28 -42.27
  80.00 -73.63 -28.54
  81.00 -45.34 -37.75
  82.00 -61.13 -38.42
  83.00 -75.27 -36.80
  84.00 -72.95 -24.98
  85.00 -61.07 -55.32
  86.00 -73.53 -43.78
  87.00 -75.61 -13.14
  88.00 -66.03 -59.67
  89.00 -63.71 -57.57
  90.00 -74.03 -24.58
  91.00 -67.34 -52.01
  92.00 -55.98 -36.60
  93.00 -62.18 -31.96
  94.00 -64.66 -48.13
  95.00 -61.95 -39.67
  96.00 -74.53 -41.84
  97.00 -55.53 -44.62
  98.00 -71.94 -46.62
  99.00 -69.32 -23.63
 100.00 -117.38 -20.57
 101.00 -77.73 -52.22
 102.00 -66.20 112.79
 103.00 -89.45 -20.37
 104.00 -89.27  -0.45
 105.00 -79.61 -10.02
 106.00 -169.15  93.79
 107.00 -60.32 155.86
 108.00 -63.03 -28.80
 109.00 -73.00 -44.02
 110.00 -62.56 -30.40
 111.00 -57.97 -39.46
 112.00 -71.85 -56.82
 113.00 -61.66 -26.86
 114.00 -78.29 -36.29
 115.00 -68.06 -15.17
 116.00 -56.84 -49.47
 117.00 -69.65 -44.62
 118.00 -86.76 -10.20
 119.00 -54.65 -41.08
 120.00 -38.83 -53.84
 121.00 -71.78 -57.70
 122.00 -52.07 -32.56
 123.00 -68.86 -38.79
 124.00 -94.16 -25.98
 125.00 -114.27 -26.65
 126.00 -108.18 -28.47
 127.00 -64.80 -52.23
 128.00 -67.46 -38.89
 129.00 -65.42 -34.78
 130.00 -76.04 -34.87
 131.00 -63.90 -22.55
 132.00 -45.83 -52.75
 133.00 -67.29 -37.20
 134.00 -60.27 -30.62
 135.00 -47.59 -52.09
 136.00 -88.88 -33.14
 137.00  81.87   3.98
 138.00  60.05  38.61
 139.00 -143.73  43.63
 140.00 -58.66 146.01
 141.00 -95.47 130.60
 142.00 -99.92 -10.11
 143.00 -54.02 171.50
 144.00 -32.58 140.61
 145.00 -66.97 -46.04
 146.00 -95.34  -4.44
 147.00 -57.89 -13.46
 148.00 -66.50 -59.72
 149.00 -57.69 -44.20
 150.00 -85.23 -25.71
 151.00 -59.22 -44.52
 152.00 -59.30 -35.05
 153.00 -75.19 -36.57
 154.00 -63.51 -37.53
 155.00 -59.43 -45.01
 156.00 -60.99 -49.59
 157.00 -67.12 -53.02
 158.00 -77.67 -27.82
 159.00 -54.54 -41.86
 160.00 -70.48 -46.24
 161.00 -53.20 -39.02
 162.00 -70.30 -61.32
 163.00 -72.36 -29.13
 164.00 -68.14 -24.21
 165.00 -66.97 -37.33
 166.00 -60.46 -46.28
 167.00 -65.47 -48.03
 168.00 -69.13 -40.03
 169.00 -70.73 -27.11
 170.00 -59.07 -48.41
 171.00 -54.45 -45.31
 172.00 -76.57 -42.68
 173.00 -70.52 -24.40
 174.00 -72.36 -37.09
 175.00 -72.58 -34.92
 176.00 -75.48 -34.79
 177.00 -80.78  -6.55
 178.00 -87.15 -10.55
 179.00 -71.78 130.75
 180.00 -138.38  -1.06
 181.00 -68.06  30.40
 182.00 -62.67 -26.06
 183.00 -54.25   3.89
 184.00 -73.60 144.34
 185.00 -104.92 -22.43
 186.00 -147.89 159.66
 187.00 -122.15 162.52
 188.00 -63.46 125.22
 189.00 -57.37 -45.12
 190.00 -77.42 -36.30
 191.00 -67.40 -33.51
 192.00 -81.80 -26.21
 193.00 -59.32 -30.23
 194.00 -79.50 -41.23
 195.00 -66.66 -37.47
 196.00 -57.23 -48.49
 197.00 -64.83 -42.67
 198.00 -63.90 -36.78
 199.00 -62.99 -46.39
 200.00 -69.23 -31.04
 201.00 -61.99 -41.92
 202.00 -65.47 -46.90
 203.00 -72.01 -37.13
 204.00 -61.98 -42.17
 205.00 -74.45 -23.51
 206.00 -76.77 -43.31
 207.00 -38.06 -27.80
 208.00 -59.98 -40.56
 209.00 -62.37 -22.20
 210.00 -71.86 -59.22
 211.00 -64.15 -29.03
 212.00 -105.75 -59.34
 213.00 -68.33 -32.48
 214.00 -59.28 -37.16
 215.00 -53.79 -25.01
 216.00 -149.60 -40.51
 217.00 -65.04 137.24
 218.00 -59.44 -24.92
 219.00 -73.54 -28.29
 220.00 -135.48 -23.00
 221.00 -107.96 -17.56
 222.00 -124.96 107.93
 223.00  48.85 128.00
 224.00  72.84  45.20
 225.00 -99.29  -3.66
 226.00 -69.29 134.21
 227.00 -156.12 124.13
 228.00 -70.84 166.14
 229.00 -83.03  63.05
 230.00 -75.03 -28.19
 231.00 -59.70 120.84
 232.00 -79.64 -21.04
 233.00 -71.86  -9.17
 234.00 -65.75 -65.34
 235.00 -83.44 -36.94
 236.00 -101.52 -44.63
 237.00 -84.99 -41.97
 238.00 -67.74  -8.93
 239.00 -63.97 -32.99
 240.00 -80.59 -49.79
 241.00 -68.73 -27.08
 242.00 -146.77 -17.87
 243.00 -60.02 -71.63
 244.00 -70.17 -44.00
 245.00 -70.64 -56.34
 246.00 -54.87 -28.86
 247.00 -63.78 -48.93
 248.00 -68.84 -39.86
 249.00 -55.85 -38.45
 250.00 -62.67 -64.55
 251.00 -72.84 -31.84
 252.00 -63.64 -53.44
 253.00 -55.55 -36.84
 254.00 -67.41 -44.85
 255.00 -57.09 -41.67
 256.00 -68.53 -38.13
 257.00 -67.50 -54.59
 258.00 -60.38 -33.34
 259.00 -68.01 -47.61
 260.00 -76.04 -26.38
 261.00 -83.58 -15.12
 262.00 -58.49 -36.81
 263.00 -51.72 -47.16
 264.00 -63.70 -45.87
 1001.00 -84.74 -22.92
 1002.00 -52.76 -34.52
 1003.00 -73.43 -41.71
 1004.00 -54.72 -36.66
 1005.00 -74.11 -44.37
 1006.00 -64.21 -29.46
 1007.00 -61.42 -42.67
 1008.00 -64.56 -47.02
 1009.00 -48.75 -43.44
 1010.00 -71.88 -49.66
 1011.00 -61.11 -45.98
 1012.00 -74.35 -36.17
 1013.00 -54.21 -45.15
 1014.00 -65.52 -35.37
 1015.00 -75.30 -35.67
 1016.00 -53.74 -32.07
 1017.00 -65.11 -42.44
 1018.00 -99.84 -35.86
 1019.00 -73.39  12.23
 1020.00 -143.81 164.71
 1021.00 -151.53   0.08
 1022.00 -67.34 145.75
 1023.00 -65.13 -28.61
 1024.00 -62.73 -42.91
 1025.00 -63.31 -40.90
 1026.00 -61.38 -42.52
 1027.00 -79.60 -33.53
 1028.00 -72.18 -39.76
 1029.00 -65.13 -34.63
 1030.00 -77.51 -34.62
 1031.00 -59.87 -32.10
 1032.00 -71.16 -42.95
 1033.00 -69.39 -26.34
 1034.00 -64.19 -49.55
 1035.00 -58.46 -44.92
 1036.00 -58.04 -46.73
 1037.00 -56.84 -45.07
 1038.00 -73.23 -50.07
 1039.00 -64.29 -28.11
 1040.00 -58.60 -48.45
 1041.00  52.04 -39.43
 1042.00 140.86  15.36
 1043.00 -68.25  -8.67
 1044.00  70.52 -32.48
 1066.00 -62.07 139.78
 1067.00 -51.18 -15.42
 1068.00 -69.02 -45.98
 1069.00 -48.89 -41.95
 1070.00 -62.49 -40.71
 1071.00 -68.47 -35.06
 1072.00 -64.67 -39.15
 1073.00 -62.47 -31.60
 1074.00 -63.79 -43.32
 1075.00 -70.88 -32.21
 1076.00 -51.15 -36.78
 1077.00 -47.03 -57.64
 1078.00 -71.27 -40.90
 1079.00 -67.81 -40.16
 1080.00 -63.18 -34.27
 1081.00  82.72 -12.19
 1082.00 -87.89   8.93
 1083.00 -56.76  68.44
 1084.00 -77.67 -34.13
 1085.00 -60.37 -37.71
 1086.00 -69.26 -47.94
 1087.00 -79.13 -27.29
 1088.00 -68.99 -41.13
 1089.00 -80.59 -25.73
 1090.00 -60.02 -35.64
 1091.00 -58.29 -42.59
 1092.00 -69.15 -33.70
 1093.00 -88.00  -9.26
 1094.00 -74.47   6.57
 1095.00 -77.87 -38.00
 1096.00 -57.22 -38.22
 1097.00 -60.59 -57.35
 1098.00 -59.55 -42.07
 1099.00 -67.40 -43.19
 1100.00 -82.29 -31.82
 1101.00 -61.18 -33.22
 1102.00 -68.49 -36.57
 1103.00 -63.89 -40.91
 1104.00 -61.84 -38.82
 1105.00 -53.47 -47.02
 313.00 -71.07 -31.20
 314.00 -71.34 -40.18
 315.00 -64.95 -31.28
 316.00 -61.81 -39.37
 317.00 -63.90 -40.51
 318.00 -56.21 -45.99
 319.00 -67.21 -51.02
 320.00 -62.65 -34.54
 321.00 -63.36 -39.49
 322.00 -62.82 -46.50
 323.00 -64.86 -35.67
 324.00 -57.79 -47.09
 325.00 -62.43 -33.91
 326.00 -63.84 -34.38
 327.00 -59.35 -50.84
 328.00 -65.94 -39.86
 329.00 -63.77 -39.67
 330.00 -57.78 -49.31
 331.00 -67.28 -30.11
 332.00 -57.87 -46.30
 333.00 -63.19 -46.35
 334.00 -102.82 -33.62
 335.00 -114.32 -18.77
 336.00 -57.64 -14.95
 337.00 -58.92 -45.17
 338.00 -64.69 -41.90
 339.00 -65.07 -52.65
 340.00 -76.99 -34.23
 341.00 -77.97 -33.11
 342.00 -73.52 -17.34
 343.00 -67.15 -46.27
 344.00 -63.53 -35.78
 345.00 -67.47 -41.91
 346.00 -98.03 -20.09
 347.00 -76.95 -29.73
 348.00 -73.53 -54.91
 349.00 -142.11 146.33
 350.00 -65.30 -64.50
 351.00 -78.21 -48.82
 352.00 -157.23   8.83
 353.00 -95.04 137.44
 354.00 -72.38 118.31
 355.00 -70.13  -3.66
 356.00 -66.97 -53.36
 357.00 -57.56 -50.21
 358.00 -53.73 -37.71
 359.00 -64.96 -55.18
 360.00 -72.27 -26.60
 361.00 -63.64 -46.75
 362.00 -48.09 -40.49
 363.00 -105.07 -33.18
 364.00 -59.06 -40.09
 365.00 -70.69 -28.14
 366.00 -76.36 -35.30
 367.00 -75.29 -19.76
 368.00 -61.15 -39.06
 369.00 -50.14 -61.46
 370.00 -63.60 -44.82
 371.00 -54.69 -26.88
 372.00 -71.02 -31.34
 373.00 -78.75 -24.69
 374.00 -77.63 -29.19
 375.00 -56.67 -40.90
 376.00 -59.59 -33.99
 377.00 -69.07 -36.69
 378.00 -65.08 -31.49
 379.00 -73.83 -41.38
 380.00 -66.73 -27.36
 381.00 -70.55 -39.53
 382.00 -92.85 -56.74
 383.00 -140.05  -6.14
 384.00 -51.64 117.31
 385.00 -56.40 -40.07
 386.00 -69.24 -54.83
 387.00 -62.70 -36.00
 388.00 -62.40 -47.09
 389.00 -78.28 -31.69
 390.00 -62.38 -43.42
 391.00 -49.27 -43.22
 392.00 -85.82 -24.17
 393.00 -72.69 -34.44
 394.00 -64.54 -51.94
 395.00 -86.33 -24.69
 396.00  57.66   2.94
 397.00 -86.69  25.34
 398.00 -84.10  64.62


