 residuo Phi Psi
  69.00 -84.33 125.63
  70.00 -150.79 159.23
  71.00 -74.56 -24.81
  72.00 -77.42 -37.52
  73.00 -66.48 -29.47
  74.00 -62.52 -44.02
  75.00 -58.90 -43.79
  76.00 -69.10 -38.44
  77.00 -79.20 -30.80
  78.00 -58.34 -39.25
  79.00 -65.73 -45.90
  80.00 -82.43 -21.90
  81.00 -52.10 -36.69
  82.00 -60.41 -30.13
  83.00 -70.71 -33.28
  84.00 -65.43 -45.34
  85.00 -51.39 -42.59
  86.00 -71.17 -63.88
  87.00 -59.22 -24.72
  88.00 -74.06 -44.86
  89.00 -72.26 -57.96
  90.00 -75.06 -26.58
  91.00 -75.50 -40.28
  92.00 -53.71 -33.25
  93.00 -69.58 -37.59
  94.00 -65.13 -33.62
  95.00 -50.94 -52.75
  96.00 -61.24 -49.96
  97.00 -61.93 -41.70
  98.00 -60.33 -53.64
  99.00 -72.47 -33.49
 100.00 -90.12 -41.36
 101.00 -64.89 -54.60
 102.00 -60.03 107.93
 103.00 -61.10 -32.36
 104.00 -104.24 -26.95
 105.00 -67.83  14.74
 106.00 -152.31  84.98
 107.00 -57.45 147.68
 108.00 -62.71 -34.54
 109.00 -72.34 -46.28
 110.00 -60.92 -33.49
 111.00 -73.79 -31.64
 112.00 -63.15 -39.58
 113.00 -73.50 -24.19
 114.00 -73.58 -29.58
 115.00 -66.51 -38.95
 116.00 -65.00 -32.96
 117.00 -71.91 -42.79
 118.00 -84.45 -21.95
 119.00 -79.43 -29.47
 120.00 -58.48 -39.65
 121.00 -73.27 -40.18
 122.00 -62.75 -28.49
 123.00 -66.47 -47.12
 124.00 -94.73 -23.27
 125.00 -105.24 -37.00
 126.00 -110.67 -28.33
 127.00 -73.77 -48.50
 128.00 -70.76 -25.49
 129.00 -68.33 -44.78
 130.00 -65.58 -26.88
 131.00 -77.13 -37.79
 132.00 -64.13 -43.22
 133.00 -60.69 -24.79
 134.00 -70.86 -39.26
 135.00 -74.14 -34.52
 136.00 -93.81 -15.09
 137.00  68.40  18.01
 138.00  62.69  49.50
 139.00 -161.48  43.69
 140.00 -70.25 161.27
 141.00 -75.31 121.71
 142.00 -143.09   9.22
 143.00 -49.21 172.60
 144.00 -66.69 133.32
 145.00 -57.02 -38.58
 146.00 -94.53 -11.18
 147.00 -75.93  -3.15
 148.00 -53.70 -56.60
 149.00 -74.34 -47.02
 150.00 -127.46  12.64
 151.00 -59.47 -28.08
 152.00 -46.53 -35.13
 153.00 -83.14 -40.14
 154.00 -45.97 -46.79
 155.00 -73.08 -48.84
 156.00 -54.01 -42.50
 157.00 -61.98 -59.95
 158.00 -66.82 -46.87
 159.00 -62.77 -38.66
 160.00 -52.72 -48.28
 161.00 -54.34 -42.22
 162.00 -71.14 -57.55
 163.00 -68.41 -39.68
 164.00 -76.84 -20.98
 165.00 -64.42 -33.16
 166.00 -52.23 -55.74
 167.00 -71.36 -39.82
 168.00 -73.52 -38.64
 169.00 -58.69 -32.03
 170.00 -60.52 -51.97
 171.00 -63.39 -41.45
 172.00 -73.76 -39.61
 173.00 -52.63 -45.69
 174.00 -73.71 -45.44
 175.00 -62.32 -38.27
 176.00 -69.93 -47.45
 177.00 -78.40 -16.34
 178.00 -76.03  -9.36
 179.00 -64.69 144.36
 180.00 -126.33 -15.86
 181.00 -67.69  30.34
 182.00 -66.54 -22.60
 183.00 -72.97 -13.68
 184.00 -85.30 120.57
 185.00 -57.67 -12.62
 186.00 -156.00 131.94
 187.00 -78.95 130.51
 188.00 -82.91 137.58
 189.00 -79.86 -24.06
 190.00 -55.18 -44.90
 191.00 -75.40 -38.77
 192.00 -53.59 -38.86
 193.00 -50.38 -53.77
 194.00 -77.95 -39.04
 195.00 -57.77 -38.16
 196.00 -59.10 -55.42
 197.00 -65.69 -35.15
 198.00 -60.93 -48.69
 199.00 -69.83 -36.33
 200.00 -56.12 -43.48
 201.00 -68.44 -37.10
 202.00 -65.41 -48.40
 203.00 -67.40 -25.34
 204.00 -52.28 -58.47
 205.00 -62.27 -33.94
 206.00 -75.52 -47.68
 207.00 -52.09 -31.50
 208.00 -67.67 -27.33
 209.00 -65.68 -23.66
 210.00 -67.21 -51.86
 211.00 -98.87  -4.33
 212.00 -71.06 -84.94
 213.00 -78.84 -22.38
 214.00 -76.62 -22.61
 215.00 -76.59 -20.07
 216.00 -155.63 -24.97
 217.00 -51.38  93.23
 218.00 -63.24 -29.57
 219.00 -77.11 -20.41
 220.00 -126.61 -24.00
 221.00 -135.06   6.14
 222.00 -158.82 154.87
 223.00  42.11 111.57
 224.00  59.43  63.96
 225.00 -114.14   9.26
 226.00 -73.03 140.92
 227.00 -152.12 102.41
 228.00 -65.05 133.52
 229.00 -126.25 119.91
 230.00 -71.76 -13.54
 231.00 -73.50 128.42
 232.00 -72.42 -20.87
 233.00 -58.59 -43.93
 234.00 -66.23 -44.56
 235.00 -72.01 -59.40
 236.00 -73.75 -42.56
 237.00 -69.39 -37.49
 238.00 -63.95 -47.42
 239.00 -67.98 -18.34
 240.00 -97.90 -48.17
 241.00 -81.66 -15.49
 242.00 -151.52  -1.78
 243.00 -66.31 -68.91
 244.00 -60.78 -42.16
 245.00 -63.85 -50.02
 246.00 -64.53 -37.48
 247.00 -75.42 -28.67
 248.00 -77.27 -34.52
 249.00 -63.00 -51.96
 250.00 -64.78 -32.05
 251.00 -75.77 -48.29
 252.00 -55.67 -36.84
 253.00 -55.64 -61.16
 254.00 -74.66 -32.27
 255.00 -84.57 -29.61
 256.00 -65.62 -26.41
 257.00 -60.04 -59.90
 258.00 -65.95 -27.81
 259.00 -76.91 -37.45
 260.00 -63.04 -38.14
 261.00 -77.73 -24.58
 262.00 -62.12 -39.71
 263.00 -56.37 -37.84
 264.00 -64.16 -49.82
 1001.00 -59.57 -59.41
 1002.00 -50.14 -16.22
 1003.00 -69.39 -51.08
 1004.00 -88.73 -14.36
 1005.00 -67.24 -32.93
 1006.00 -63.83 -37.29
 1007.00 -61.60 -39.58
 1008.00 -72.98 -36.85
 1009.00 -64.26 -37.03
 1010.00 -59.80 -45.96
 1011.00 -68.06 -45.56
 1012.00 -66.94 -43.10
 1013.00 -61.70 -28.72
 1014.00 -49.14 -54.49
 1015.00 -61.30 -45.81
 1016.00 -74.66 -38.04
 1017.00 -61.86 -42.37
 1018.00 -87.46 -23.44
 1019.00 -73.17 -29.06
 1020.00 -139.54 165.18
 1021.00 -141.56   9.50
 1022.00 -66.82 152.79
 1023.00 -69.73 -32.63
 1024.00 -70.99 -42.23
 1025.00 -72.55 -31.17
 1026.00 -49.70 -45.36
 1027.00 -70.89 -45.38
 1028.00 -75.49 -42.26
 1029.00 -60.62 -37.23
 1030.00 -56.26 -35.52
 1031.00 -69.84 -38.83
 1032.00 -56.77 -38.42
 1033.00 -71.46 -45.12
 1034.00 -55.08 -42.47
 1035.00 -69.48 -39.30
 1036.00 -76.93 -28.34
 1037.00 -61.88 -46.85
 1038.00 -71.88 -30.28
 1039.00 -52.77 -65.69
 1040.00 -70.46 -38.83
 1041.00  43.40 -36.50
 1042.00  96.30  37.64
 1043.00 -70.17  11.08
 1044.00  96.39 -28.32
 1066.00 -63.15 157.20
 1067.00 -48.03 -18.26
 1068.00 -60.51 -54.27
 1069.00 -75.20 -40.82
 1070.00 -73.41 -20.73
 1071.00 -83.18 -35.76
 1072.00 -55.02 -27.61
 1073.00 -85.51 -32.29
 1074.00 -66.60 -32.65
 1075.00 -76.88 -26.02
 1076.00 -73.82 -25.01
 1077.00 -55.17 -49.86
 1078.00 -61.49 -45.03
 1079.00 -64.22 -37.05
 1080.00 -63.70 -37.72
 1081.00  69.89 -12.82
 1082.00 -78.58  25.83
 1083.00 -65.22  61.92
 1084.00 -65.97 -47.74
 1085.00 -71.52 -33.29
 1086.00 -64.43 -45.32
 1087.00 -57.39 -28.77
 1088.00 -61.32 -55.91
 1089.00 -63.94 -32.18
 1090.00 -55.73 -43.82
 1091.00 -71.67 -41.91
 1092.00 -75.88 -27.08
 1093.00 -74.83 -34.61
 1094.00 -44.94 -34.92
 1095.00 -71.86 -63.93
 1096.00 -69.05 -17.72
 1097.00 -52.38 -48.63
 1098.00 -63.19 -52.26
 1099.00 -79.20 -17.18
 1100.00 -58.81 -55.52
 1101.00 -54.65 -35.57
 1102.00 -76.02 -30.40
 1103.00 -47.54 -48.77
 1104.00 -80.13 -45.44
 1105.00 -61.30 -38.34
 313.00 -62.09 -41.75
 314.00 -62.89 -46.79
 315.00 -60.27 -43.61
 316.00 -75.86 -32.14
 317.00 -80.97  -9.15
 318.00 -69.17 -31.55
 319.00 -71.79 -41.03
 320.00 -51.68 -45.20
 321.00 -70.32 -41.11
 322.00 -67.64 -34.22
 323.00 -58.43 -42.03
 324.00 -72.70 -43.70
 325.00 -58.43 -24.99
 326.00 -77.05 -28.83
 327.00 -75.50 -33.19
 328.00 -65.13 -35.49
 329.00 -50.78 -44.95
 330.00 -64.93 -53.50
 331.00 -82.08 -27.53
 332.00 -71.86 -32.52
 333.00 -59.60 -52.52
 334.00 -72.46 -45.38
 335.00 -85.65 -30.91
 336.00 -47.10 -33.00
 337.00 -61.20 -50.90
 338.00 -50.75 -43.52
 339.00 -56.51 -52.66
 340.00 -66.32 -46.44
 341.00 -56.49 -46.65
 342.00 -93.89 -30.89
 343.00 -70.70 -29.33
 344.00 -56.44 -38.07
 345.00 -60.49 -59.78
 346.00 -88.10 -18.37
 347.00 -107.91 -11.89
 348.00 -76.09 -44.42
 349.00 -142.77 132.22
 350.00 -97.33 -44.92
 351.00 -80.63 -29.26
 352.00 -156.84   2.54
 353.00 -80.61 152.45
 354.00 -67.75 129.65
 355.00 -86.91 -31.02
 356.00 -67.07 -38.32
 357.00 -50.62 -40.29
 358.00 -55.98 -43.55
 359.00 -57.88 -50.84
 360.00 -85.03 -27.20
 361.00 -70.53 -37.08
 362.00 -59.69 -37.26
 363.00 -97.19 -25.35
 364.00 -77.70 -43.51
 365.00 -62.01 -17.93
 366.00 -65.69 -47.88
 367.00 -69.58 -26.26
 368.00 -54.48 -43.76
 369.00 -77.16 -42.97
 370.00 -69.53 -11.13
 371.00 -52.81 -35.15
 372.00 -76.86 -30.82
 373.00 -84.46 -24.48
 374.00 -77.23 -42.07
 375.00 -64.31 -23.94
 376.00 -54.35 -38.69
 377.00 -82.24 -18.35
 378.00 -70.79 -16.80
 379.00 -57.07 -44.31
 380.00 -55.76 -44.78
 381.00 -68.70 -49.36
 382.00 -116.52 -43.86
 383.00 -129.63   0.88
 384.00 -64.71 115.51
 385.00 -74.05 -31.13
 386.00 -64.35 -44.68
 387.00 -66.04 -37.73
 388.00 -67.60 -55.25
 389.00 -62.91 -35.34
 390.00 -58.66 -49.74
 391.00 -62.67 -44.73
 392.00 -77.76 -19.51
 393.00 -62.82 -59.27
 394.00 -76.96 -39.29
 395.00 -79.36 -23.47
 396.00  63.46   1.76
 397.00 -111.05  23.61
 398.00 -138.91 154.73


