 residuo Phi Psi
  69.00 -72.17 129.66
  70.00 -72.36  83.93
  71.00 -73.20 -35.98
  72.00 -68.35 -30.96
  73.00 -76.47 -36.40
  74.00 -76.54 -23.21
  75.00 -59.16 -53.69
  76.00 -62.05 -36.16
  77.00 -51.86 -42.63
  78.00 -61.18 -51.26
  79.00 -59.88 -46.04
  80.00 -92.44 -10.27
  81.00 -60.17 -42.34
  82.00 -52.58 -35.05
  83.00 -71.36 -48.61
  84.00 -69.02 -27.36
  85.00 -53.37 -51.46
  86.00 -73.78 -40.73
  87.00 -54.65 -44.44
  88.00 -51.81 -56.81
  89.00 -62.39 -54.54
  90.00 -64.82 -39.62
  91.00 -83.76 -35.26
  92.00 -54.71 -33.25
  93.00 -64.43 -27.72
  94.00 -77.62 -31.83
  95.00 -57.26 -48.87
  96.00 -64.45 -42.92
  97.00 -64.73 -42.51
  98.00 -62.62 -57.66
  99.00 -68.20 -28.94
 100.00 -116.71 -31.74
 101.00 -78.27 -44.63
 102.00 -74.91 125.00
 103.00 -62.20 -28.36
 104.00 -106.47 -18.39
 105.00 -71.85   2.16
 106.00 -151.31  77.91
 107.00 -44.36 153.03
 108.00 -80.01 -44.02
 109.00 -68.69 -22.03
 110.00 -63.81 -28.48
 111.00 -73.64 -32.19
 112.00 -64.37 -33.69
 113.00 -63.79 -44.24
 114.00 -82.71 -25.76
 115.00 -74.24 -20.86
 116.00 -63.90 -49.44
 117.00 -59.49 -39.33
 118.00 -56.54 -56.24
 119.00 -67.98 -36.31
 120.00 -64.61 -33.24
 121.00 -68.23 -53.15
 122.00 -57.68 -28.45
 123.00 -70.74 -42.50
 124.00 -80.71 -28.21
 125.00 -101.33 -53.89
 126.00 -128.04  -9.72
 127.00 -55.73 -63.63
 128.00 -58.17 -37.04
 129.00 -75.92 -34.63
 130.00 -54.86 -49.47
 131.00 -54.94 -48.92
 132.00 -82.66 -40.51
 133.00 -81.75 -26.07
 134.00 -52.94 -34.78
 135.00 -67.80 -48.20
 136.00 -80.16 -28.92
 137.00  82.51   8.93
 138.00  71.25  30.40
 139.00 -152.65  47.38
 140.00 -77.63 159.89
 141.00 -101.70 140.40
 142.00 -149.79   8.38
 143.00 -54.60 169.45
 144.00 -68.67 147.26
 145.00 -66.11 -30.68
 146.00 -102.21  -4.50
 147.00 -46.55 -26.27
 148.00 -67.95 -52.13
 149.00 -81.10 -33.65
 150.00 -90.08 -16.19
 151.00 -69.92 -47.61
 152.00 -54.48 -20.15
 153.00 -63.26 -43.26
 154.00 -65.97 -38.96
 155.00 -63.52 -46.46
 156.00 -60.48 -45.08
 157.00 -75.55 -50.93
 158.00 -56.57 -35.85
 159.00 -70.21 -48.14
 160.00 -44.79 -50.34
 161.00 -53.24 -57.01
 162.00 -71.23 -43.82
 163.00 -55.40 -53.75
 164.00 -80.60 -20.32
 165.00 -56.49 -38.39
 166.00 -48.04 -48.36
 167.00 -61.87 -59.68
 168.00 -94.41 -29.23
 169.00 -54.14 -20.33
 170.00 -69.80 -52.93
 171.00 -71.94 -36.49
 172.00 -77.85 -34.09
 173.00 -59.81 -33.03
 174.00 -61.43 -39.84
 175.00 -72.54 -29.44
 176.00 -59.60 -48.56
 177.00 -77.81  -2.08
 178.00 -67.99 -23.58
 179.00 -49.34 126.73
 180.00 -131.52 -22.60
 181.00 -60.87  33.43
 182.00 -97.72 -11.79
 183.00 -45.18   1.66
 184.00 -83.83 144.42
 185.00 -52.36 -27.47
 186.00 -162.30 153.23
 187.00 -121.60 171.65
 188.00 -80.94 147.59
 189.00 -61.12 -43.90
 190.00 -67.48 -53.69
 191.00 -65.02 -25.25
 192.00 -49.70 -64.26
 193.00 -63.98 -42.99
 194.00 -59.81 -41.48
 195.00 -58.61 -35.13
 196.00 -57.71 -53.94
 197.00 -57.13 -45.82
 198.00 -60.09 -48.92
 199.00 -69.32 -46.88
 200.00 -78.26 -19.70
 201.00 -43.69 -50.11
 202.00 -75.89 -47.72
 203.00 -70.58 -25.01
 204.00 -52.37 -47.38
 205.00 -71.01 -40.59
 206.00 -84.67 -31.18
 207.00 -58.16 -33.39
 208.00 -71.45 -17.11
 209.00 -68.63 -30.59
 210.00 -60.66 -46.12
 211.00 -61.88 -38.95
 212.00 -91.24 -45.93
 213.00 -52.28 -40.19
 214.00 -83.92 -50.24
 215.00 -110.28  13.63
 216.00 -150.75 -50.47
 217.00 -52.48 126.73
 218.00 -60.61 -27.54
 219.00 -81.26 -24.22
 220.00 -145.80  -7.50
 221.00 -141.22  13.69
 222.00 -159.08 151.11
 223.00  58.96 120.55
 224.00  97.35  33.69
 225.00 -135.57  11.57
 226.00 -70.91 137.82
 227.00 -155.63 123.37
 228.00 -71.41 151.72
 229.00 -99.84  84.22
 230.00 -67.84 -18.93
 231.00 -44.21 119.93
 232.00 -56.26 -41.53
 233.00 -78.35 -21.14
 234.00 -124.68 -34.47
 235.00 -73.12 -25.21
 236.00 -122.04 -29.27
 237.00 -52.32 -67.34
 238.00 -63.51 -17.20
 239.00 -73.76 -26.61
 240.00 -52.34 -49.13
 241.00 -76.40 -39.23
 242.00 -160.09 -21.69
 243.00 -54.23 -69.54
 244.00 -58.12 -46.56
 245.00 -66.05 -61.41
 246.00 -58.78 -28.39
 247.00 -66.53 -50.20
 248.00 -50.39 -41.50
 249.00 -66.16 -54.07
 250.00 -81.16 -37.85
 251.00 -70.94 -26.46
 252.00 -70.39 -41.08
 253.00 -62.10 -33.09
 254.00 -49.75 -54.83
 255.00 -63.79 -45.63
 256.00 -75.19 -30.03
 257.00 -64.27 -49.90
 258.00 -67.13 -40.02
 259.00 -55.24 -53.55
 260.00 -73.30 -40.42
 261.00 -71.86 -23.20
 262.00 -60.34 -42.90
 263.00 -64.81 -44.65
 264.00 -63.04 -32.18
 1001.00 -64.25 -36.37
 1002.00 -71.89 -16.08
 1003.00 -69.34 -51.26
 1004.00 -70.49 -19.69
 1005.00 -58.66 -49.19
 1006.00 -63.28 -39.58
 1007.00 -58.94 -42.93
 1008.00 -61.34 -50.77
 1009.00 -71.12 -31.23
 1010.00 -58.58 -58.79
 1011.00 -65.02 -35.51
 1012.00 -57.79 -51.60
 1013.00 -51.86 -33.03
 1014.00 -80.79 -38.84
 1015.00 -63.86 -28.06
 1016.00 -70.05 -43.17
 1017.00 -63.18 -41.05
 1018.00 -89.25 -25.11
 1019.00 -65.29 -21.59
 1020.00 -119.25 151.39
 1021.00 -144.48  -8.08
 1022.00 -54.86 140.59
 1023.00 -60.53 -36.34
 1024.00 -51.19 -51.17
 1025.00 -70.36 -36.83
 1026.00 -55.96 -52.20
 1027.00 -57.05 -38.25
 1028.00 -56.48 -62.88
 1029.00 -55.39 -37.86
 1030.00 -74.56 -45.63
 1031.00 -77.16 -13.04
 1032.00 -53.38 -50.71
 1033.00 -55.21 -36.96
 1034.00 -55.41 -55.33
 1035.00 -64.87 -49.87
 1036.00 -65.55 -34.51
 1037.00 -72.70 -31.32
 1038.00 -68.77 -36.44
 1039.00 -56.23 -42.86
 1040.00 -62.26 -38.59
 1041.00  47.81 -50.09
 1042.00  83.54  56.37
 1043.00 -55.47  -7.37
 1044.00  71.41 -33.37
 1066.00 -78.82 156.08
 1067.00 -71.38   8.40
 1068.00 -67.09 -39.17
 1069.00 -44.25 -40.85
 1070.00 -110.04 -23.80
 1071.00 -71.92 -26.38
 1072.00 -61.87 -29.24
 1073.00 -76.86 -32.01
 1074.00 -70.52 -27.05
 1075.00 -67.65 -30.29
 1076.00 -49.25 -44.36
 1077.00 -77.60 -37.18
 1078.00 -74.62 -39.69
 1079.00 -92.69 -15.80
 1080.00 -85.77 -16.16
 1081.00  82.37  -8.55
 1082.00 -73.71   3.54
 1083.00 -48.69  64.02
 1084.00 -65.09 -49.85
 1085.00 -65.03 -35.57
 1086.00 -65.90 -53.16
 1087.00 -57.48 -25.91
 1088.00 -55.72 -52.42
 1089.00 -47.37 -56.69
 1090.00 -70.32 -43.30
 1091.00 -74.73 -27.90
 1092.00 -67.11 -29.15
 1093.00 -67.73 -38.41
 1094.00 -37.91 -31.76
 1095.00 -53.28 -66.71
 1096.00 -66.60 -39.10
 1097.00 -69.99 -38.71
 1098.00 -64.24 -45.95
 1099.00 -67.24 -44.90
 1100.00 -85.55 -19.22
 1101.00 -56.28 -38.82
 1102.00 -62.16 -42.34
 1103.00 -62.16 -43.39
 1104.00 -80.67 -31.89
 1105.00 -57.21 -36.31
 313.00 -57.86 -43.61
 314.00 -81.06 -47.67
 315.00 -56.06 -30.82
 316.00 -66.26 -47.53
 317.00 -62.37 -43.05
 318.00 -64.18 -49.45
 319.00 -65.16 -35.22
 320.00 -80.87 -21.33
 321.00 -65.71 -32.69
 322.00 -71.71 -34.82
 323.00 -66.46 -40.74
 324.00 -61.67 -41.76
 325.00 -72.51 -35.55
 326.00 -75.00 -16.22
 327.00 -59.71 -56.64
 328.00 -52.96 -37.05
 329.00 -72.59 -47.40
 330.00 -76.04 -35.00
 331.00 -99.44  -0.48
 332.00 -57.44 -50.72
 333.00 -65.08 -45.14
 334.00 -84.56 -23.12
 335.00 -94.92 -43.02
 336.00 -59.60 -26.31
 337.00 -56.53 -42.45
 338.00 -53.21 -47.15
 339.00 -70.58 -50.97
 340.00 -69.37 -33.66
 341.00 -62.42 -45.86
 342.00 -71.29 -38.16
 343.00 -64.11 -39.48
 344.00 -50.31 -44.30
 345.00 -71.74 -43.12
 346.00 -72.99 -20.70
 347.00 -72.52 -40.21
 348.00 -67.86 -48.03
 349.00 -140.17 139.82
 350.00 -73.86 -73.36
 351.00 -98.35 -31.47
 352.00 -118.36  10.17
 353.00 -110.23 151.88
 354.00 -55.95 103.44
 355.00 -72.50 -25.46
 356.00 -92.87 -29.77
 357.00 -59.07 -34.73
 358.00 -53.09 -40.15
 359.00 -60.79 -60.31
 360.00 -67.57 -37.80
 361.00 -65.52 -46.91
 362.00 -65.24 -38.91
 363.00 -107.02  -6.39
 364.00 -58.63 -41.61
 365.00 -73.97 -27.92
 366.00 -68.04 -36.43
 367.00 -68.13 -35.03
 368.00 -73.96 -19.88
 369.00 -67.85 -35.95
 370.00 -54.70  -8.50
 371.00 -58.44 -30.68
 372.00 -78.38 -26.75
 373.00 -114.73 -10.95
 374.00 -57.14 -33.08
 375.00 -51.86 -40.55
 376.00 -61.03 -59.62
 377.00 -78.67 -25.31
 378.00 -67.74 -29.33
 379.00 -79.95 -35.01
 380.00 -66.36 -25.34
 381.00 -67.18 -46.26
 382.00 -117.05 -46.00
 383.00 -147.12  21.64
 384.00 -83.21 135.83
 385.00 -66.08 -29.70
 386.00 -56.01 -58.03
 387.00 -47.37 -55.44
 388.00 -69.68 -43.88
 389.00 -64.16 -35.05
 390.00 -47.52 -57.39
 391.00 -46.33 -48.62
 392.00 -67.69 -36.72
 393.00 -70.21 -50.99
 394.00 -71.22 -22.28
 395.00 -89.90 -27.64
 396.00  67.45  -3.99
 397.00 -87.54  29.39
 398.00 -145.17 132.99


