 residuo Phi Psi
  69.00 -80.42 110.07
  70.00 -72.33  55.78
  71.00 -54.34 -45.20
  72.00 -70.50 -36.25
  73.00 -65.12 -40.25
  74.00 -58.28 -40.16
  75.00 -62.64 -41.61
  76.00 -58.88 -50.14
  77.00 -79.60 -31.42
  78.00 -63.95 -31.92
  79.00 -80.03 -32.98
  80.00 -126.40   7.15
  81.00 -58.03 -30.65
  82.00 -43.04 -47.85
  83.00 -60.08 -49.23
  84.00 -63.17 -42.19
  85.00 -45.81 -55.99
  86.00 -83.39 -50.47
  87.00 -70.83 -14.20
  88.00 -72.36 -32.24
  89.00 -51.63 -56.35
  90.00 -63.21 -42.92
  91.00 -71.22 -42.04
  92.00 -45.46 -40.42
  93.00 -67.00 -45.75
  94.00 -63.29 -42.47
  95.00 -59.41 -46.04
  96.00 -59.11 -43.08
  97.00 -66.22 -48.67
  98.00 -82.95 -41.88
  99.00 -65.47 -26.83
 100.00 -119.97 -35.30
 101.00 -66.52 -45.03
 102.00 -59.08 122.59
 103.00 -71.39 -38.79
 104.00 -98.45 -14.28
 105.00 -76.82   1.09
 106.00 -112.43  55.59
 107.00 -63.66 169.25
 108.00 -53.55 -41.00
 109.00 -65.03 -51.30
 110.00 -71.00 -16.11
 111.00 -56.78 -50.89
 112.00 -76.63 -40.10
 113.00 -77.76 -23.55
 114.00 -74.45 -26.96
 115.00 -60.89 -22.83
 116.00 -66.94 -48.45
 117.00 -68.86 -32.52
 118.00 -67.59 -33.35
 119.00 -87.30 -31.05
 120.00 -66.40 -33.73
 121.00 -60.12 -45.79
 122.00 -53.26 -38.15
 123.00 -67.65 -49.83
 124.00 -74.65 -30.24
 125.00 -113.42 -40.50
 126.00 -95.72 -32.62
 127.00 -63.45 -58.78
 128.00 -62.39 -42.35
 129.00 -63.10 -36.55
 130.00 -60.71 -41.79
 131.00 -59.46 -44.46
 132.00 -59.29 -54.05
 133.00 -59.83 -29.85
 134.00 -52.03 -45.99
 135.00 -73.67 -41.92
 136.00 -74.51 -33.63
 137.00  80.32  18.63
 138.00  66.88  26.20
 139.00 -127.64  19.27
 140.00 -55.84 157.60
 141.00 -77.42 117.80
 142.00 -115.07  -9.13
 143.00 -55.83 168.63
 144.00 -55.37 142.64
 145.00 -68.62 -29.69
 146.00 -106.78  -5.36
 147.00 -65.19  -5.96
 148.00 -51.86 -59.00
 149.00 -75.01 -41.81
 150.00 -83.97 -14.37
 151.00 -61.18 -51.52
 152.00 -33.32 -27.97
 153.00 -72.72 -52.55
 154.00 -58.02 -44.99
 155.00 -76.31 -38.41
 156.00 -49.44 -50.21
 157.00 -65.68 -51.72
 158.00 -59.87 -45.46
 159.00 -57.70 -54.04
 160.00 -56.49 -49.28
 161.00 -62.76 -46.48
 162.00 -78.01 -40.32
 163.00 -73.70 -32.57
 164.00 -75.17 -25.94
 165.00 -70.51 -34.89
 166.00 -55.50 -42.37
 167.00 -70.30 -42.58
 168.00 -79.49 -40.11
 169.00 -59.07 -30.18
 170.00 -71.23 -53.35
 171.00 -77.06 -24.10
 172.00 -62.79 -36.55
 173.00 -53.75 -49.14
 174.00 -75.64 -36.33
 175.00 -54.27 -39.24
 176.00 -69.62 -50.77
 177.00 -74.74   3.24
 178.00 -81.34 -28.30
 179.00 -59.72 124.17
 180.00 -127.68  -4.41
 181.00 -63.10  26.96
 182.00 -81.26 -20.37
 183.00 -72.79  -0.20
 184.00 -68.77 138.46
 185.00 -80.15 -14.86
 186.00 -131.17 136.56
 187.00 -106.26 152.46
 188.00 -71.40 115.83
 189.00 -71.45 -38.70
 190.00 -58.00 -40.17
 191.00 -62.16 -47.57
 192.00 -54.80 -45.98
 193.00 -52.04 -55.45
 194.00 -65.28 -44.35
 195.00 -63.56 -38.66
 196.00 -58.42 -47.56
 197.00 -58.33 -45.28
 198.00 -71.06 -36.09
 199.00 -63.44 -40.29
 200.00 -47.17 -47.04
 201.00 -74.76 -40.01
 202.00 -56.93 -52.95
 203.00 -69.08 -33.18
 204.00 -71.13 -43.09
 205.00 -78.79 -20.07
 206.00 -69.43 -50.95
 207.00 -65.44 -20.19
 208.00 -78.07 -20.12
 209.00 -56.84 -31.19
 210.00 -49.79 -54.71
 211.00 -63.88 -51.23
 212.00 -92.49 -31.75
 213.00 -72.99 -38.99
 214.00 -59.34 -37.38
 215.00 -93.76 -16.10
 216.00 -137.47 -41.76
 217.00 -57.97  94.10
 218.00 -46.72 -38.43
 219.00 -88.95 -20.07
 220.00 -131.60 -11.93
 221.00 -119.18  -3.01
 222.00 -122.67 112.70
 223.00  44.72 123.09
 224.00  86.52  45.20
 225.00 -118.11   6.72
 226.00 -73.45 148.52
 227.00 -158.29 120.65
 228.00 -70.70 167.66
 229.00 -81.25  72.06
 230.00 -64.59 -24.69
 231.00 -60.82 133.05
 232.00 -64.13 -40.61
 233.00 -65.26 -19.79
 234.00 -81.65 -48.35
 235.00 -81.22 -33.06
 236.00 -124.22 -34.40
 237.00 -57.21 -42.55
 238.00 -48.65 -40.72
 239.00 -54.08 -27.05
 240.00 -71.43 -63.00
 241.00 -78.92 -27.09
 242.00 -154.96 -15.38
 243.00 -70.04 -63.75
 244.00 -59.75 -40.24
 245.00 -60.59 -61.57
 246.00 -64.38 -21.31
 247.00 -70.30 -47.59
 248.00 -59.43 -48.96
 249.00 -54.19 -49.75
 250.00 -58.34 -60.13
 251.00 -75.28 -43.12
 252.00 -60.60 -33.77
 253.00 -59.91 -43.47
 254.00 -58.79 -47.32
 255.00 -66.25 -52.20
 256.00 -76.15 -17.66
 257.00 -60.27 -60.37
 258.00 -59.58 -34.62
 259.00 -60.76 -53.79
 260.00 -84.10 -20.81
 261.00 -76.39 -36.64
 262.00 -72.62 -30.07
 263.00 -92.37  -9.28
 264.00 -63.41 -32.63
 1001.00 -74.57 -42.20
 1002.00 -56.94 -20.41
 1003.00 -71.01 -44.13
 1004.00 -60.31 -41.98
 1005.00 -68.42 -36.44
 1006.00 -63.18 -35.89
 1007.00 -70.32 -40.48
 1008.00 -57.49 -45.14
 1009.00 -70.88 -35.56
 1010.00 -71.40 -37.05
 1011.00 -63.14 -32.97
 1012.00 -66.26 -39.34
 1013.00 -63.94 -44.21
 1014.00 -65.97 -42.95
 1015.00 -65.32 -29.38
 1016.00 -54.60 -54.38
 1017.00 -66.62 -40.07
 1018.00 -92.20 -29.21
 1019.00 -71.09   0.11
 1020.00 -122.57 153.31
 1021.00 -128.53 -11.85
 1022.00 -53.96 134.14
 1023.00 -60.38 -35.09
 1024.00 -95.35 -18.75
 1025.00 -54.92 -35.51
 1026.00 -67.31 -41.37
 1027.00 -54.19 -48.82
 1028.00 -55.50 -53.13
 1029.00 -70.05 -41.15
 1030.00 -67.56 -28.31
 1031.00 -67.48 -39.87
 1032.00 -58.53 -37.42
 1033.00 -60.99 -32.15
 1034.00 -68.95 -44.21
 1035.00 -60.37 -52.55
 1036.00 -75.67 -31.86
 1037.00 -61.27 -36.11
 1038.00 -58.54 -43.20
 1039.00 -71.85 -30.30
 1040.00 -83.03 -35.28
 1041.00  42.58 -26.25
 1042.00  94.72  51.65
 1043.00 -71.89  13.30
 1044.00  74.31 -28.26
 1066.00 -55.69 146.37
 1067.00 -55.99 -15.99
 1068.00 -86.73 -25.48
 1069.00 -70.36 -27.96
 1070.00 -70.50 -22.46
 1071.00 -62.82 -43.94
 1072.00 -64.92 -41.37
 1073.00 -69.37 -31.34
 1074.00 -56.65 -43.16
 1075.00 -60.13 -43.15
 1076.00 -41.97 -44.83
 1077.00 -62.08 -52.63
 1078.00 -65.64 -42.12
 1079.00 -60.03 -43.30
 1080.00 -59.15 -48.15
 1081.00  70.41  -8.36
 1082.00 -106.78  33.74
 1083.00 -69.99  90.22
 1084.00 -84.37 -37.37
 1085.00 -69.85 -29.04
 1086.00 -66.02 -36.26
 1087.00 -71.33 -37.65
 1088.00 -80.40 -17.76
 1089.00 -67.23 -29.11
 1090.00 -57.97 -47.82
 1091.00 -49.11 -44.96
 1092.00 -66.42 -42.77
 1093.00 -68.99 -26.07
 1094.00 -59.50 -40.45
 1095.00 -60.96 -56.39
 1096.00 -67.91 -35.70
 1097.00 -49.68 -43.35
 1098.00 -49.95 -48.67
 1099.00 -90.28 -31.08
 1100.00 -75.01 -30.19
 1101.00 -53.89 -43.15
 1102.00 -56.14 -46.66
 1103.00 -70.15 -50.08
 1104.00 -49.45 -40.66
 1105.00 -64.80 -38.13
 313.00 -66.08 -30.78
 314.00 -77.94 -33.75
 315.00 -73.33 -25.51
 316.00 -73.66 -37.30
 317.00 -70.65 -27.20
 318.00 -49.15 -52.44
 319.00 -58.34 -44.70
 320.00 -70.11 -41.14
 321.00 -78.89 -35.65
 322.00 -62.49 -33.93
 323.00 -61.10 -48.82
 324.00 -56.67 -37.52
 325.00 -61.02 -50.22
 326.00 -74.63 -23.13
 327.00 -59.03 -46.72
 328.00 -61.78 -41.64
 329.00 -63.38 -41.19
 330.00 -55.73 -49.18
 331.00 -67.43 -27.86
 332.00 -59.95 -62.30
 333.00 -64.79 -42.65
 334.00 -76.93 -37.42
 335.00 -94.58 -41.26
 336.00 -63.67 -28.30
 337.00 -62.14 -26.94
 338.00 -83.78 -14.88
 339.00 -68.89 -59.17
 340.00 -52.78 -37.96
 341.00 -68.43 -51.12
 342.00 -69.98 -29.29
 343.00 -63.47 -38.34
 344.00 -52.41 -44.65
 345.00 -63.79 -41.74
 346.00 -55.61 -48.28
 347.00 -58.26 -50.13
 348.00 -87.84 -52.62
 349.00 -135.75 161.27
 350.00 -107.52 -54.94
 351.00 -83.43 -18.40
 352.00 -161.69  13.85
 353.00 -93.04 143.35
 354.00 -70.88 128.00
 355.00 -81.43 -22.68
 356.00 -76.57 -23.05
 357.00 -73.93 -49.42
 358.00 -74.76 -19.59
 359.00 -65.83 -39.27
 360.00 -59.12 -48.70
 361.00 -70.85 -45.28
 362.00 -60.85 -27.19
 363.00 -90.00 -32.21
 364.00 -60.76 -44.22
 365.00 -58.91 -39.78
 366.00 -80.12 -41.85
 367.00 -79.24 -10.63
 368.00 -57.71 -37.95
 369.00 -59.35 -44.90
 370.00 -61.71 -16.95
 371.00 -60.71 -29.78
 372.00 -81.26 -28.95
 373.00 -70.56 -29.65
 374.00 -74.54 -47.01
 375.00 -51.40 -33.64
 376.00 -53.05 -47.11
 377.00 -59.02 -44.95
 378.00 -44.83 -55.93
 379.00 -60.31 -59.86
 380.00 -73.78 -18.34
 381.00 -76.47 -48.05
 382.00 -125.90 -29.38
 383.00 -128.68   2.52
 384.00 -84.42 130.32
 385.00 -67.42 -32.96
 386.00 -60.02 -55.94
 387.00 -58.76 -42.85
 388.00 -63.20 -31.78
 389.00 -76.25 -42.95
 390.00 -61.93 -44.43
 391.00 -58.05 -40.33
 392.00 -66.24 -43.45
 393.00 -71.01 -42.93
 394.00 -75.74 -38.24
 395.00 -85.38 -23.44
 396.00  48.54  -4.76
 397.00 -76.50  41.09
 398.00 -102.09  72.73


