 residuo Phi Psi
  69.00 -66.64 139.79
  70.00 -143.80 131.22
  71.00 -63.26 -31.22
  72.00 -55.57 -44.79
  73.00 -69.97 -45.20
  74.00 -69.04 -35.08
  75.00 -58.07 -42.50
  76.00 -49.84 -56.25
  77.00 -73.21 -37.37
  78.00 -59.66 -37.56
  79.00 -76.28 -35.04
  80.00 -70.21 -39.75
  81.00 -64.39 -34.12
  82.00 -71.51 -18.91
  83.00 -76.73 -40.25
  84.00 -61.04 -25.37
  85.00 -46.68 -57.64
  86.00 -61.35 -50.95
  87.00 -67.82 -37.98
  88.00 -66.14 -39.35
  89.00 -60.49 -56.22
  90.00 -65.66 -37.68
  91.00 -84.71 -29.89
  92.00 -58.35 -35.49
  93.00 -46.70 -46.66
  94.00 -79.32 -47.19
  95.00 -76.98 -23.28
  96.00 -58.03 -43.28
  97.00 -60.81 -49.67
  98.00 -74.35 -51.89
  99.00 -72.33 -21.63
 100.00 -127.78 -20.96
 101.00 -59.33 -55.37
 102.00 -60.36 107.48
 103.00 -90.08 -25.24
 104.00 -126.04   7.66
 105.00 -74.87   0.90
 106.00 -150.76  90.47
 107.00 -54.18 157.76
 108.00 -74.20 -30.23
 109.00 -58.62 -52.99
 110.00 -61.37 -26.61
 111.00 -56.73 -42.53
 112.00 -65.95 -47.57
 113.00 -62.58 -34.19
 114.00 -71.59 -44.20
 115.00 -54.54 -33.92
 116.00 -60.85 -47.18
 117.00 -61.59 -35.59
 118.00 -61.83 -40.38
 119.00 -96.36 -23.96
 120.00 -53.78 -38.56
 121.00 -72.87 -52.20
 122.00 -56.50 -36.91
 123.00 -74.06 -41.04
 124.00 -90.76 -32.35
 125.00 -92.17 -37.28
 126.00 -122.39 -28.20
 127.00 -41.59 -57.05
 128.00 -76.64 -46.61
 129.00 -79.67 -27.36
 130.00 -65.77 -30.37
 131.00 -82.09 -27.20
 132.00 -77.36 -38.64
 133.00 -67.26  -9.20
 134.00 -59.58 -36.36
 135.00 -57.68 -50.60
 136.00 -86.71 -22.29
 137.00  65.09   8.86
 138.00  74.04  48.33
 139.00 -140.63  26.01
 140.00 -58.99 159.49
 141.00 -88.35 118.70
 142.00 -119.69  16.69
 143.00 -57.53 176.69
 144.00 -66.74 150.06
 145.00 -43.92 -44.21
 146.00 -71.81 -31.05
 147.00 -57.02 -30.56
 148.00 -57.76 -49.51
 149.00 -83.45 -38.26
 150.00 -84.25  -7.55
 151.00 -55.25 -43.12
 152.00 -40.95 -50.75
 153.00 -71.01 -47.58
 154.00 -65.70 -38.14
 155.00 -55.64 -46.59
 156.00 -58.65 -53.40
 157.00 -72.63 -46.51
 158.00 -56.14 -35.40
 159.00 -59.97 -56.75
 160.00 -68.32 -44.00
 161.00 -65.46 -34.32
 162.00 -62.07 -42.78
 163.00 -81.33 -36.59
 164.00 -74.14 -18.97
 165.00 -59.39 -42.98
 166.00 -61.16 -47.53
 167.00 -72.20 -45.35
 168.00 -64.97 -38.58
 169.00 -64.90 -30.48
 170.00 -61.00 -41.02
 171.00 -59.52 -48.86
 172.00 -69.15 -49.84
 173.00 -64.48 -30.66
 174.00 -55.60 -57.78
 175.00 -59.64 -42.94
 176.00 -65.96 -53.55
 177.00 -78.97 -11.32
 178.00 -81.32  -8.19
 179.00 -74.30 143.54
 180.00 -108.79 -19.50
 181.00 -54.44  16.87
 182.00 -74.31 -23.73
 183.00 -75.35  12.26
 184.00 -87.97 151.40
 185.00 -137.17  27.39
 186.00 -135.04 140.41
 187.00 -72.93 140.56
 188.00 -62.55 120.50
 189.00 -64.36 -49.94
 190.00 -73.18 -32.30
 191.00 -70.82 -33.24
 192.00 -54.86 -42.61
 193.00 -52.74 -49.39
 194.00 -75.37 -50.06
 195.00 -56.70 -38.93
 196.00 -55.84 -59.05
 197.00 -49.49 -43.18
 198.00 -48.94 -55.65
 199.00 -78.79 -41.52
 200.00 -63.38 -31.95
 201.00 -51.79 -50.61
 202.00 -72.41 -47.22
 203.00 -72.43 -32.56
 204.00 -66.17 -47.64
 205.00 -69.43 -26.71
 206.00 -80.29 -40.87
 207.00 -67.90 -36.21
 208.00 -70.49 -23.09
 209.00 -66.21 -23.87
 210.00 -63.90 -54.14
 211.00 -70.95 -28.79
 212.00 -65.58 -34.19
 213.00 -57.76 -34.18
 214.00 -80.13 -32.86
 215.00 -76.40 -14.12
 216.00 -147.18 -44.53
 217.00 -60.56 131.36
 218.00 -70.87 -31.72
 219.00 -79.04 -11.85
 220.00 -119.22 -18.96
 221.00 -113.47 -23.75
 222.00 -143.28 142.41
 223.00  46.38 123.21
 224.00  71.85  36.89
 225.00 -90.96   3.96
 226.00 -83.72 140.26
 227.00 -157.90 115.96
 228.00 -79.61 168.51
 229.00 -79.05  65.48
 230.00 -82.25  -6.55
 231.00 -36.81 114.44
 232.00 -62.32 -38.92
 233.00 -78.54 -30.73
 234.00 -76.53 -50.98
 235.00 -97.47 -30.66
 236.00 -92.40 -53.69
 237.00 -62.11 -50.08
 238.00 -56.12 -40.16
 239.00 -68.55 -13.63
 240.00 -75.23 -57.75
 241.00 -63.62 -46.49
 242.00 -149.00 -19.98
 243.00 -63.96 -65.31
 244.00 -70.35 -34.83
 245.00 -57.89 -57.77
 246.00 -68.99 -34.48
 247.00 -65.96 -35.83
 248.00 -42.12 -52.46
 249.00 -73.05 -50.10
 250.00 -63.76 -36.17
 251.00 -59.07 -52.80
 252.00 -57.71 -50.15
 253.00 -58.57 -40.34
 254.00 -53.89 -63.13
 255.00 -70.34 -41.45
 256.00 -68.89 -26.44
 257.00 -76.98 -44.47
 258.00 -68.63 -22.58
 259.00 -46.02 -50.34
 260.00 -78.06 -45.50
 261.00 -61.96 -34.88
 262.00 -86.59 -22.51
 263.00 -55.19 -41.26
 264.00 -56.78 -47.93
 1001.00 -66.03 -39.11
 1002.00 -48.96 -34.66
 1003.00 -79.14 -43.33
 1004.00 -77.89 -19.60
 1005.00 -63.13 -35.23
 1006.00 -67.51 -39.21
 1007.00 -56.26 -45.52
 1008.00 -59.05 -42.17
 1009.00 -69.84 -34.31
 1010.00 -71.83 -47.39
 1011.00 -76.50 -28.90
 1012.00 -60.89 -41.84
 1013.00 -62.13 -40.47
 1014.00 -63.78 -43.51
 1015.00 -78.52 -29.27
 1016.00 -58.30 -35.48
 1017.00 -68.68 -38.27
 1018.00 -95.45 -18.44
 1019.00 -68.13 -13.68
 1020.00 -103.31 143.08
 1021.00 -133.85 -20.95
 1022.00 -50.52 124.11
 1023.00 -46.00 -31.38
 1024.00 -66.89 -54.82
 1025.00 -60.24 -34.56
 1026.00 -61.79 -47.51
 1027.00 -52.35 -48.52
 1028.00 -65.70 -54.42
 1029.00 -54.75 -46.35
 1030.00 -63.59 -37.68
 1031.00 -66.15 -29.28
 1032.00 -56.06 -52.27
 1033.00 -68.93 -27.16
 1034.00 -65.81 -42.80
 1035.00 -72.95 -44.29
 1036.00 -64.02 -31.55
 1037.00 -71.90 -30.97
 1038.00 -67.56 -49.48
 1039.00 -62.81 -39.88
 1040.00 -77.90 -39.92
 1041.00  58.58 -11.27
 1042.00 112.14  26.16
 1043.00 -61.19  -6.27
 1044.00  51.25 -20.32
 1066.00 -59.31 148.60
 1067.00 -57.75  -7.02
 1068.00 -55.24 -37.41
 1069.00 -49.96 -50.38
 1070.00 -61.26 -44.60
 1071.00 -84.18 -28.85
 1072.00 -71.54 -35.45
 1073.00 -63.99 -24.00
 1074.00 -70.69 -42.10
 1075.00 -69.98 -37.97
 1076.00 -53.19 -32.11
 1077.00 -57.91 -48.80
 1078.00 -77.10 -35.36
 1079.00 -71.82 -33.83
 1080.00 -71.86 -33.78
 1081.00  63.53   6.84
 1082.00 -79.16   7.73
 1083.00 -56.65  78.25
 1084.00 -75.02 -42.41
 1085.00 -72.81 -23.95
 1086.00 -68.81 -47.05
 1087.00 -66.21 -34.01
 1088.00 -68.00 -34.41
 1089.00 -61.71 -33.59
 1090.00 -57.78 -39.22
 1091.00 -63.71 -43.12
 1092.00 -102.48 -12.43
 1093.00 -43.62 -39.70
 1094.00 -48.04 -50.48
 1095.00 -65.90 -55.49
 1096.00 -70.89 -35.56
 1097.00 -60.09 -39.95
 1098.00 -52.49 -50.49
 1099.00 -68.02 -46.54
 1100.00 -75.52 -32.94
 1101.00 -60.74 -24.32
 1102.00 -60.91 -38.51
 1103.00 -62.96 -53.09
 1104.00 -72.33 -39.43
 1105.00 -64.34 -43.64
 313.00 -60.18 -38.76
 314.00 -79.56 -40.65
 315.00 -65.61 -28.07
 316.00 -56.00 -50.95
 317.00 -68.05 -36.74
 318.00 -67.06 -46.77
 319.00 -64.82 -32.32
 320.00 -53.95 -40.25
 321.00 -66.55 -51.74
 322.00 -63.36 -47.06
 323.00 -69.58 -27.27
 324.00 -56.81 -50.19
 325.00 -72.34 -22.80
 326.00 -79.96 -17.03
 327.00 -58.26 -41.47
 328.00 -71.65 -36.96
 329.00 -63.38 -55.66
 330.00 -78.90 -35.43
 331.00 -73.42 -21.08
 332.00 -62.61 -33.14
 333.00 -56.34 -69.95
 334.00 -86.01 -35.38
 335.00 -106.80 -11.58
 336.00 -61.56 -16.66
 337.00 -64.31 -40.97
 338.00 -67.22 -32.27
 339.00 -65.90 -56.18
 340.00 -69.75 -39.68
 341.00 -58.78 -38.66
 342.00 -65.73 -42.09
 343.00 -68.38 -32.23
 344.00 -60.76 -41.51
 345.00 -70.83 -23.71
 346.00 -67.64 -32.03
 347.00 -71.34 -37.36
 348.00 -93.58 -46.61
 349.00 -157.69 166.39
 350.00 -61.86 -77.04
 351.00 -85.93 -45.25
 352.00 -171.69  32.88
 353.00 -108.86 161.81
 354.00 -57.64 121.92
 355.00 -83.02 -16.89
 356.00 -96.62 -14.58
 357.00 -50.83 -50.26
 358.00 -75.31 -47.90
 359.00 -75.91 -18.43
 360.00 -68.32 -39.56
 361.00 -61.65 -41.74
 362.00 -69.41 -37.19
 363.00 -116.23   3.50
 364.00 -52.12 -54.73
 365.00 -79.87 -24.09
 366.00 -68.98 -30.33
 367.00 -84.85 -26.52
 368.00 -73.59 -22.12
 369.00 -66.49 -32.58
 370.00 -62.76 -32.48
 371.00 -64.65 -34.32
 372.00 -66.10 -25.58
 373.00 -114.36 -15.02
 374.00 -86.52 -19.17
 375.00 -47.97 -25.82
 376.00 -68.32 -39.97
 377.00 -75.53 -22.55
 378.00 -70.83 -23.54
 379.00 -70.02 -47.42
 380.00 -66.79 -23.99
 381.00 -64.29 -50.80
 382.00 -106.92 -48.80
 383.00 -142.28  12.26
 384.00 -64.60 120.37
 385.00 -68.40 -47.53
 386.00 -72.57 -38.20
 387.00 -55.84 -47.30
 388.00 -65.19 -30.65
 389.00 -64.96 -48.86
 390.00 -65.56 -48.78
 391.00 -62.04 -37.32
 392.00 -62.31 -37.33
 393.00 -66.61 -50.29
 394.00 -74.48 -35.24
 395.00 -87.75 -10.76
 396.00  60.50   1.48
 397.00 -68.76  12.88
 398.00 -85.26  57.76


