 residuo Phi Psi
  69.00 -146.69 118.48
  70.00 -59.49  14.34
  71.00 -61.07 -41.44
  72.00 -57.39 -40.22
  73.00 -61.09 -50.84
  74.00 -68.31 -35.49
  75.00 -72.03 -24.02
  76.00 -53.69 -44.06
  77.00 -77.41 -42.29
  78.00 -65.79 -31.26
  79.00 -68.51 -38.50
  80.00 -57.05 -42.39
  81.00 -76.69 -28.94
  82.00 -66.97 -10.01
  83.00 -76.23 -47.91
  84.00 -69.66 -15.35
  85.00 -54.01 -55.20
  86.00 -72.01 -44.30
  87.00 -60.08 -33.39
  88.00 -78.59 -33.36
  89.00 -54.06 -58.29
  90.00 -77.67 -42.38
  91.00 -71.34 -33.50
  92.00 -76.44 -21.06
  93.00 -56.54 -34.37
  94.00 -46.99 -48.63
  95.00 -73.01 -44.83
  96.00 -64.14 -46.12
  97.00 -52.88 -44.70
  98.00 -72.98 -47.67
  99.00 -78.46 -25.04
 100.00 -125.95 -17.71
 101.00 -93.65 -20.96
 102.00 -52.87 112.48
 103.00 -77.04 -38.76
 104.00 -106.25   3.30
 105.00 -72.09   1.54
 106.00 -151.24  67.97
 107.00 -40.95 139.56
 108.00 -55.22 -48.18
 109.00 -72.24 -37.46
 110.00 -60.96 -26.72
 111.00 -61.99 -40.42
 112.00 -67.48 -45.22
 113.00 -86.50 -24.03
 114.00 -78.97 -28.02
 115.00 -52.81 -36.80
 116.00 -63.61 -38.84
 117.00 -66.06 -44.27
 118.00 -68.16 -24.82
 119.00 -79.60 -30.02
 120.00 -75.44 -29.81
 121.00 -64.64 -36.06
 122.00 -65.99 -35.26
 123.00 -70.88 -37.41
 124.00 -99.31 -22.12
 125.00 -124.06 -21.13
 126.00 -142.31 -11.04
 127.00 -63.77 -47.93
 128.00 -59.04 -47.86
 129.00 -86.01 -33.19
 130.00 -56.92 -38.80
 131.00 -62.85 -44.20
 132.00 -65.46 -41.99
 133.00 -53.09 -42.16
 134.00 -86.14 -35.59
 135.00 -54.76 -39.51
 136.00 -75.50 -33.61
 137.00  87.71 -11.58
 138.00  46.51  56.25
 139.00 -141.16  56.09
 140.00 -74.10 138.83
 141.00 -80.75 117.08
 142.00 -110.83  -2.58
 143.00 -47.73 166.61
 144.00 -55.42 137.48
 145.00 -64.14 -47.24
 146.00 -97.52   0.91
 147.00 -67.26  -4.91
 148.00 -62.44 -42.95
 149.00 -83.83 -35.56
 150.00 -81.53 -25.23
 151.00 -60.09 -45.72
 152.00 -51.35 -21.87
 153.00 -62.44 -41.24
 154.00 -63.14 -41.97
 155.00 -80.51 -26.39
 156.00 -63.89 -49.13
 157.00 -69.45 -44.85
 158.00 -74.46 -35.92
 159.00 -57.11 -46.36
 160.00 -63.00 -38.75
 161.00 -65.64 -40.69
 162.00 -83.31 -38.93
 163.00 -68.67 -37.54
 164.00 -62.90 -26.18
 165.00 -53.46 -57.61
 166.00 -51.22 -41.26
 167.00 -77.04 -50.06
 168.00 -52.77 -31.76
 169.00 -61.14 -52.62
 170.00 -58.51 -48.33
 171.00 -52.98 -47.68
 172.00 -64.37 -51.05
 173.00 -68.73 -46.46
 174.00 -72.36 -37.31
 175.00 -63.99 -26.10
 176.00 -68.93 -53.48
 177.00 -87.01   0.34
 178.00 -66.02 -20.93
 179.00 -57.70 118.65
 180.00 -109.40 -21.33
 181.00 -75.62  37.32
 182.00 -86.16 -16.25
 183.00 -62.06   5.23
 184.00 -81.11 166.17
 185.00 -129.71  -8.32
 186.00 -159.24 144.69
 187.00 -72.40 155.15
 188.00 -61.40 114.60
 189.00 -75.36 -24.18
 190.00 -50.06 -52.79
 191.00 -64.04 -45.85
 192.00 -56.63 -52.98
 193.00 -57.48 -47.63
 194.00 -67.73 -37.07
 195.00 -64.00 -33.02
 196.00 -64.33 -50.72
 197.00 -72.96 -37.60
 198.00 -62.34 -35.84
 199.00 -64.44 -41.21
 200.00 -62.35 -45.13
 201.00 -59.72 -37.72
 202.00 -72.47 -50.92
 203.00 -57.88 -36.04
 204.00 -45.04 -63.94
 205.00 -64.71 -41.60
 206.00 -74.09 -42.34
 207.00 -63.13 -19.24
 208.00 -65.32 -28.72
 209.00 -73.57 -19.84
 210.00 -70.18 -62.33
 211.00 -57.01 -35.67
 212.00 -98.33 -43.70
 213.00 -64.39 -23.49
 214.00 -70.97 -31.61
 215.00 -83.89 -20.36
 216.00 -150.19 -28.69
 217.00 -61.55 100.83
 218.00 -67.05 -19.17
 219.00 -84.71 -15.82
 220.00 -138.30 -11.26
 221.00 -98.00 -20.68
 222.00 -150.85 130.93
 223.00  44.61 114.62
 224.00  73.58  63.57
 225.00 -82.35 -15.48
 226.00 -78.32 150.94
 227.00 -157.86 105.37
 228.00 -70.19 132.20
 229.00 -139.64 129.23
 230.00 -143.24  49.23
 231.00 -62.78 142.61
 232.00 -60.01 -22.53
 233.00 -97.29 -41.83
 234.00 -75.16 -49.28
 235.00 -100.96 -31.84
 236.00 -66.83 -56.67
 237.00 -76.04 -32.86
 238.00 -70.07 -23.35
 239.00 -73.38 -29.27
 240.00 -72.68 -46.26
 241.00 -73.88 -31.47
 242.00 -155.33 -12.59
 243.00 -73.23 -57.52
 244.00 -65.81 -39.44
 245.00 -71.57 -50.51
 246.00 -52.62 -26.61
 247.00 -62.77 -53.10
 248.00 -54.96 -48.65
 249.00 -48.29 -61.51
 250.00 -66.08 -56.85
 251.00 -62.56 -54.91
 252.00 -66.48 -33.00
 253.00 -72.67 -31.67
 254.00 -63.13 -34.11
 255.00 -65.57 -46.22
 256.00 -63.19 -30.10
 257.00 -63.18 -55.24
 258.00 -74.98 -28.14
 259.00 -71.51 -35.65
 260.00 -67.91 -40.61
 261.00 -79.63 -25.62
 262.00 -78.81 -26.62
 263.00 -60.09 -24.64
 264.00 -67.75 -44.68
 1001.00 -73.97 -42.15
 1002.00 -62.27 -30.62
 1003.00 -58.15 -49.03
 1004.00 -77.02 -30.91
 1005.00 -66.43 -26.78
 1006.00 -62.81 -39.12
 1007.00 -64.37 -40.50
 1008.00 -73.73 -30.18
 1009.00 -62.55 -41.49
 1010.00 -82.54 -45.62
 1011.00 -54.05 -28.96
 1012.00 -65.76 -52.96
 1013.00 -57.54 -36.54
 1014.00 -62.84 -43.67
 1015.00 -55.23 -39.06
 1016.00 -60.21 -58.41
 1017.00 -58.60 -41.76
 1018.00 -107.68 -24.26
 1019.00 -59.05  -1.14
 1020.00 -130.21 156.63
 1021.00 -135.95 -15.13
 1022.00 -49.19 122.98
 1023.00 -48.86 -28.97
 1024.00 -66.62 -40.68
 1025.00 -88.50 -28.47
 1026.00 -65.82 -28.67
 1027.00 -53.03 -45.67
 1028.00 -53.74 -55.44
 1029.00 -60.40 -50.62
 1030.00 -74.12 -38.84
 1031.00 -71.23 -26.45
 1032.00 -69.25 -44.50
 1033.00 -71.34 -31.49
 1034.00 -67.57 -43.51
 1035.00 -62.18 -28.30
 1036.00 -61.17 -51.11
 1037.00 -55.18 -42.75
 1038.00 -84.84 -38.93
 1039.00 -55.16 -40.04
 1040.00 -70.12 -47.92
 1041.00  52.41 -21.59
 1042.00  82.17  45.48
 1043.00 -63.69  17.04
 1044.00  63.98 -17.14
 1066.00 -61.54 144.02
 1067.00 -61.66  -8.89
 1068.00 -67.95 -34.31
 1069.00 -81.69 -33.22
 1070.00 -62.14 -31.68
 1071.00 -63.42 -39.00
 1072.00 -63.36 -37.45
 1073.00 -67.50 -39.63
 1074.00 -71.97 -27.61
 1075.00 -63.09 -40.00
 1076.00 -68.56 -18.30
 1077.00 -83.16 -35.20
 1078.00 -85.94 -21.17
 1079.00 -80.18 -34.73
 1080.00 -99.92 -18.81
 1081.00  79.10   0.40
 1082.00 -122.47  33.08
 1083.00 -48.82  71.17
 1084.00 -75.82 -43.66
 1085.00 -62.03 -42.65
 1086.00 -61.65 -37.44
 1087.00 -65.43 -40.34
 1088.00 -70.45 -36.41
 1089.00 -91.98 -14.91
 1090.00 -55.11 -37.92
 1091.00 -72.07 -34.71
 1092.00 -94.38 -15.70
 1093.00 -55.64 -34.56
 1094.00 -47.55 -41.23
 1095.00 -76.20 -57.26
 1096.00 -52.48 -36.37
 1097.00 -68.90 -54.21
 1098.00 -51.11 -43.36
 1099.00 -64.85 -44.52
 1100.00 -62.66 -36.31
 1101.00 -64.75 -42.72
 1102.00 -60.45 -41.93
 1103.00 -58.63 -47.96
 1104.00 -71.89 -42.35
 1105.00 -52.17 -32.23
 313.00 -79.27 -21.60
 314.00 -83.13 -25.79
 315.00 -61.97 -34.45
 316.00 -58.29 -53.94
 317.00 -76.26 -30.90
 318.00 -43.57 -45.97
 319.00 -65.79 -54.21
 320.00 -62.88 -40.45
 321.00 -65.60 -38.73
 322.00 -75.59 -39.87
 323.00 -67.68 -29.64
 324.00 -68.08 -38.52
 325.00 -65.08 -28.49
 326.00 -76.19 -26.19
 327.00 -65.90 -35.54
 328.00 -56.39 -45.24
 329.00 -64.14 -39.91
 330.00 -62.72 -59.60
 331.00 -89.91  -7.69
 332.00 -56.50 -66.74
 333.00 -78.78 -34.38
 334.00 -92.23 -22.51
 335.00 -105.22 -16.82
 336.00 -51.99 -29.98
 337.00 -55.45 -48.71
 338.00 -80.68 -31.00
 339.00 -64.52 -44.30
 340.00 -54.54 -62.92
 341.00 -71.53 -29.12
 342.00 -44.37 -46.35
 343.00 -64.10 -45.26
 344.00 -63.34 -51.07
 345.00 -62.77 -31.79
 346.00 -68.90 -21.84
 347.00 -69.81 -53.30
 348.00 -76.87 -41.57
 349.00 -148.63 139.91
 350.00 -66.49 -83.18
 351.00 -73.74 -26.91
 352.00 -151.72 -10.84
 353.00 -101.15 147.75
 354.00 -63.18 120.36
 355.00 -73.97 -18.03
 356.00 -82.99 -39.47
 357.00 -57.61 -37.44
 358.00 -64.94 -43.59
 359.00 -66.83 -23.40
 360.00 -52.41 -45.23
 361.00 -61.47 -47.59
 362.00 -70.95 -31.31
 363.00 -76.30 -38.12
 364.00 -63.20 -36.75
 365.00 -64.60 -29.84
 366.00 -69.75 -43.62
 367.00 -73.36 -21.07
 368.00 -36.09 -38.15
 369.00 -68.63 -58.96
 370.00 -63.95 -16.77
 371.00 -62.19 -30.01
 372.00 -59.29 -38.25
 373.00 -108.24 -12.61
 374.00 -83.76  -7.92
 375.00 -71.02 -31.30
 376.00 -55.07 -27.61
 377.00 -73.07 -33.68
 378.00 -64.42 -37.45
 379.00 -63.46 -50.11
 380.00 -69.59 -35.61
 381.00 -58.82 -43.18
 382.00 -113.58 -58.10
 383.00 -133.40   9.38
 384.00 -66.78 113.00
 385.00 -75.70 -28.27
 386.00 -63.99 -49.56
 387.00 -56.38 -51.21
 388.00 -72.07 -44.62
 389.00 -60.76 -37.25
 390.00 -57.72 -49.73
 391.00 -67.29 -41.36
 392.00 -86.26 -19.98
 393.00 -65.68 -30.54
 394.00 -74.32 -55.48
 395.00 -95.32 -17.10
 396.00  64.64  12.02
 397.00 -99.88  32.98
 398.00  50.25 -40.65


