 residuo Phi Psi
  69.00 -140.37 117.41
  70.00 -156.13 161.91
  71.00 -71.20 -19.71
  72.00 -80.34 -37.95
  73.00 -54.02 -37.69
  74.00 -53.16 -49.72
  75.00 -60.67 -50.74
  76.00 -58.23 -42.27
  77.00 -55.74 -52.96
  78.00 -64.30 -45.74
  79.00 -78.28 -33.67
  80.00 -68.26 -28.77
  81.00 -56.28 -33.73
  82.00 -66.35 -35.63
  83.00 -60.53 -45.35
  84.00 -74.30 -37.64
  85.00 -57.61 -44.47
  86.00 -68.85 -35.89
  87.00 -56.59 -39.53
  88.00 -49.32 -55.64
  89.00 -62.06 -63.81
  90.00 -71.62 -19.14
  91.00 -67.68 -54.93
  92.00 -66.97 -19.23
  93.00 -77.21 -34.87
  94.00 -56.31 -33.91
  95.00 -69.65 -47.21
  96.00 -59.53 -37.58
  97.00 -62.68 -46.45
  98.00 -78.97 -50.87
  99.00 -66.74 -22.58
 100.00 -95.54 -51.49
 101.00 -84.44 -31.12
 102.00 -76.00 124.43
 103.00 -70.07 -26.08
 104.00 -92.66 -23.11
 105.00 -97.32   6.92
 106.00 -160.56  86.55
 107.00 -75.13 169.60
 108.00 -66.13 -29.11
 109.00 -57.16 -49.82
 110.00 -64.61 -31.38
 111.00 -67.35 -47.65
 112.00 -63.82 -42.56
 113.00 -66.33 -24.48
 114.00 -51.79 -50.76
 115.00 -62.75 -48.81
 116.00 -63.79 -32.94
 117.00 -68.65 -44.40
 118.00 -77.77 -22.70
 119.00 -99.98 -11.44
 120.00 -68.01 -25.84
 121.00 -59.09 -57.61
 122.00 -73.15 -20.59
 123.00 -70.41 -46.03
 124.00 -87.23 -16.75
 125.00 -94.60 -57.13
 126.00 -102.88 -32.55
 127.00 -70.71 -52.74
 128.00 -68.66 -28.87
 129.00 -87.47 -27.09
 130.00 -43.94 -40.40
 131.00 -85.38 -40.46
 132.00 -65.97 -43.38
 133.00 -56.32 -25.51
 134.00 -76.07 -23.73
 135.00 -65.92 -42.18
 136.00 -80.66 -35.20
 137.00  61.10  26.28
 138.00  78.75  36.62
 139.00 -138.71  34.52
 140.00 -60.27 161.11
 141.00 -91.22 124.94
 142.00 -128.81  -1.51
 143.00 -66.33 175.61
 144.00 -49.64 137.41
 145.00 -66.40 -48.21
 146.00 -84.51  -8.68
 147.00 -68.67 -12.85
 148.00 -57.00 -51.24
 149.00 -88.04 -33.53
 150.00 -123.27  11.53
 151.00 -61.35 -28.87
 152.00 -47.83 -39.70
 153.00 -90.44 -34.45
 154.00 -50.93 -42.59
 155.00 -75.34 -40.46
 156.00 -57.92 -46.08
 157.00 -52.96 -50.37
 158.00 -65.81 -50.07
 159.00 -63.36 -37.39
 160.00 -56.43 -56.40
 161.00 -50.00 -44.32
 162.00 -63.14 -67.94
 163.00 -66.30 -27.29
 164.00 -62.73 -36.02
 165.00 -66.87 -38.43
 166.00 -53.71 -50.14
 167.00 -70.51 -47.18
 168.00 -79.79 -37.57
 169.00 -54.30 -24.23
 170.00 -60.67 -56.29
 171.00 -64.20 -43.18
 172.00 -65.82 -29.83
 173.00 -70.77 -47.87
 174.00 -79.10 -25.48
 175.00 -63.71 -41.55
 176.00 -55.54 -48.45
 177.00 -75.55 -13.31
 178.00 -81.54 -19.33
 179.00 -57.27 123.92
 180.00 -119.02 -17.45
 181.00 -58.52  27.90
 182.00 -74.99 -27.67
 183.00 -51.66  10.94
 184.00 -75.75 159.76
 185.00 -140.53   5.96
 186.00 -143.97 171.34
 187.00 -73.08 138.17
 188.00 -46.84 111.17
 189.00 -53.05 -54.31
 190.00 -77.10 -44.65
 191.00 -68.76 -19.84
 192.00 -66.77 -45.44
 193.00 -65.37 -43.65
 194.00 -75.04 -28.90
 195.00 -75.31 -27.11
 196.00 -69.42 -40.40
 197.00 -73.46 -27.27
 198.00 -56.50 -50.04
 199.00 -64.46 -43.14
 200.00 -66.61 -41.73
 201.00 -60.77 -39.47
 202.00 -67.56 -45.56
 203.00 -72.65 -31.07
 204.00 -67.89 -42.14
 205.00 -59.69 -36.49
 206.00 -79.09 -47.73
 207.00 -67.45 -20.05
 208.00 -68.49 -21.24
 209.00 -54.00 -22.20
 210.00 -52.72 -54.20
 211.00 -64.39 -36.16
 212.00 -73.88 -53.77
 213.00 -68.97 -44.11
 214.00 -92.91 -24.94
 215.00 -97.40   8.34
 216.00 -156.94 -35.17
 217.00 -66.89 123.80
 218.00 -66.41 -27.72
 219.00 -61.16 -26.62
 220.00 -131.64 -23.07
 221.00 -121.78  -8.15
 222.00 -132.49 131.23
 223.00  54.16 127.36
 224.00  69.90  37.02
 225.00 -76.08  -7.49
 226.00 -86.96 141.84
 227.00 -151.83 114.43
 228.00 -79.56 -177.92
 229.00 -52.06  41.11
 230.00 -66.11 -20.44
 231.00 -70.39 147.91
 232.00 -64.93 -45.39
 233.00 -70.34 -21.90
 234.00 -76.95 -63.95
 235.00 -80.32 -36.88
 236.00 -132.56 -22.99
 237.00 -48.61 -54.22
 238.00 -63.12 -41.47
 239.00 -62.49 -16.89
 240.00 -74.68 -63.08
 241.00 -90.00 -21.88
 242.00 -135.95 -14.53
 243.00 -44.91 -88.72
 244.00 -60.63 -43.25
 245.00 -59.54 -72.50
 246.00 -77.59 -27.36
 247.00 -59.72 -41.21
 248.00 -66.84 -45.52
 249.00 -67.85 -35.75
 250.00 -56.79 -49.28
 251.00 -67.76 -54.89
 252.00 -62.84 -36.63
 253.00 -63.24 -39.48
 254.00 -45.93 -53.11
 255.00 -66.09 -48.02
 256.00 -74.21 -28.99
 257.00 -65.33 -48.77
 258.00 -63.10 -37.82
 259.00 -86.85 -31.35
 260.00 -79.11 -28.30
 261.00 -58.78 -24.44
 262.00 -66.59 -42.81
 263.00 -72.07 -31.33
 264.00 -68.38 -32.59
 1001.00 -75.07 -39.82
 1002.00 -62.92 -26.22
 1003.00 -76.42 -34.20
 1004.00 -75.35 -29.68
 1005.00 -74.91 -27.24
 1006.00 -71.68 -24.80
 1007.00 -65.47 -39.42
 1008.00 -58.48 -36.91
 1009.00 -55.26 -49.70
 1010.00 -60.74 -54.67
 1011.00 -63.53 -46.52
 1012.00 -78.30 -32.75
 1013.00 -65.07 -27.39
 1014.00 -59.21 -34.91
 1015.00 -60.84 -60.01
 1016.00 -56.31 -44.89
 1017.00 -81.36 -29.13
 1018.00 -72.08 -35.92
 1019.00 -76.45 -15.63
 1020.00 -100.96 136.96
 1021.00 -140.41  -1.61
 1022.00 -55.60 129.30
 1023.00 -57.72 -38.35
 1024.00 -66.58 -41.58
 1025.00 -65.57 -45.28
 1026.00 -49.09 -44.40
 1027.00 -64.00 -49.55
 1028.00 -65.79 -42.17
 1029.00 -53.40 -44.58
 1030.00 -71.80 -40.60
 1031.00 -51.20 -43.05
 1032.00 -67.11 -44.94
 1033.00 -64.47 -35.18
 1034.00 -60.47 -45.03
 1035.00 -75.91 -32.55
 1036.00 -63.95 -37.94
 1037.00 -59.24 -46.25
 1038.00 -62.93 -49.22
 1039.00 -53.37 -45.97
 1040.00 -74.72 -39.61
 1041.00  46.36 -12.93
 1042.00 107.65  29.89
 1043.00 -74.90  13.60
 1044.00  66.83 -26.04
 1066.00 -48.08 158.48
 1067.00 -57.14 -19.11
 1068.00 -59.72 -35.19
 1069.00 -62.43 -39.24
 1070.00 -66.63 -42.73
 1071.00 -62.23 -43.86
 1072.00 -76.21 -27.92
 1073.00 -76.22 -29.14
 1074.00 -64.03 -36.61
 1075.00 -66.76 -36.11
 1076.00 -72.73 -33.86
 1077.00 -52.43 -31.94
 1078.00 -78.84 -41.05
 1079.00 -59.78 -33.58
 1080.00 -80.76 -32.60
 1081.00  80.53   8.71
 1082.00 -74.13 -15.67
 1083.00 -65.72  69.44
 1084.00 -62.42 -44.51
 1085.00 -81.61 -30.27
 1086.00 -55.86 -39.04
 1087.00 -68.64 -40.43
 1088.00 -71.87 -31.85
 1089.00 -65.45 -40.25
 1090.00 -60.38 -36.37
 1091.00 -73.79 -42.99
 1092.00 -66.60 -39.83
 1093.00 -84.25 -17.68
 1094.00 -57.12 -10.84
 1095.00 -78.29 -43.50
 1096.00 -77.28 -28.05
 1097.00 -67.26 -34.31
 1098.00 -61.04 -48.81
 1099.00 -65.53 -37.89
 1100.00 -74.12 -25.99
 1101.00 -50.88 -36.12
 1102.00 -65.65 -41.16
 1103.00 -60.81 -49.52
 1104.00 -77.13 -34.41
 1105.00 -60.90 -43.24
 313.00 -55.94 -46.79
 314.00 -68.62 -41.73
 315.00 -60.81 -47.72
 316.00 -55.87 -51.33
 317.00 -69.07 -37.87
 318.00 -65.52 -39.96
 319.00 -69.46 -39.41
 320.00 -66.22 -34.91
 321.00 -48.79 -41.44
 322.00 -64.55 -48.09
 323.00 -76.55 -27.94
 324.00 -58.12 -36.51
 325.00 -50.26 -36.38
 326.00 -85.85 -27.12
 327.00 -56.39 -43.94
 328.00 -53.66 -44.94
 329.00 -42.89 -73.03
 330.00 -78.54 -43.27
 331.00 -73.71 -24.49
 332.00 -62.20 -41.83
 333.00 -66.87 -60.23
 334.00 -86.91 -24.94
 335.00 -91.33 -30.27
 336.00 -45.22 -36.28
 337.00 -60.95 -59.64
 338.00 -61.02 -32.79
 339.00 -62.15 -60.30
 340.00 -61.86 -42.10
 341.00 -66.43 -42.99
 342.00 -63.16 -28.52
 343.00 -66.28 -39.65
 344.00 -55.27 -47.46
 345.00 -69.06 -34.16
 346.00 -81.83 -34.78
 347.00 -87.09 -22.83
 348.00 -73.91 -55.61
 349.00 -161.09 164.05
 350.00 -86.58 -31.74
 351.00 -82.79 -49.21
 352.00 -150.05  18.27
 353.00 -118.54 158.59
 354.00 -85.93 140.00
 355.00 -57.61 -17.16
 356.00 -75.20 -46.37
 357.00 -57.24 -35.53
 358.00 -56.87 -42.65
 359.00 -78.07 -30.54
 360.00 -67.74 -46.62
 361.00 -77.73 -45.29
 362.00 -81.98 -24.36
 363.00 -83.44 -24.49
 364.00 -48.47 -56.07
 365.00 -64.38 -31.48
 366.00 -74.39 -39.33
 367.00 -51.54 -41.82
 368.00 -56.63 -43.59
 369.00 -70.73 -48.67
 370.00 -59.66  -9.53
 371.00 -57.33 -35.08
 372.00 -70.79 -29.66
 373.00 -84.63 -40.64
 374.00 -93.07 -20.22
 375.00 -66.53  -9.56
 376.00 -57.09 -46.41
 377.00 -72.60 -29.43
 378.00 -57.57 -36.84
 379.00 -73.79 -41.58
 380.00 -61.62 -39.88
 381.00 -74.48 -39.77
 382.00 -124.94 -45.22
 383.00 -143.39  17.52
 384.00 -60.23 107.53
 385.00 -79.15 -27.76
 386.00 -75.30 -33.10
 387.00 -65.94 -27.34
 388.00 -72.75 -40.34
 389.00 -51.98 -48.17
 390.00 -67.41 -50.92
 391.00 -62.12 -40.25
 392.00 -71.78 -24.63
 393.00 -71.82 -40.14
 394.00 -64.28 -40.20
 395.00 -84.27 -32.81
 396.00  51.17   6.30
 397.00 -94.39  31.33
 398.00 -67.11  52.37


