 residuo Phi Psi
  69.00 -63.64 120.58
  70.00 -62.78 -37.31
  71.00 -90.95 -17.40
  72.00 -58.67 -29.95
  73.00 -75.55 -35.78
  74.00 -66.42 -47.92
  75.00 -87.53 -20.56
  76.00 -50.38 -44.33
  77.00 -76.47 -29.26
  78.00 -56.24 -37.15
  79.00 -77.62 -42.04
  80.00 -62.18 -34.24
  81.00 -70.91 -32.90
  82.00 -65.52  -3.95
  83.00 -72.42 -43.24
  84.00 -64.05 -41.17
  85.00 -82.08 -52.19
  86.00 -65.57 -31.54
  87.00 -58.67 -27.92
  88.00 -71.16 -41.50
  89.00 -63.46 -62.25
  90.00 -73.93 -22.88
  91.00 -71.01 -66.69
  92.00 -55.17 -31.20
  93.00 -71.12 -38.99
  94.00 -70.87 -30.38
  95.00 -60.45 -42.28
  96.00 -57.51 -45.58
  97.00 -61.68 -42.24
  98.00 -74.91 -50.48
  99.00 -69.12 -24.77
 100.00 -114.24 -34.29
 101.00 -97.45 -24.52
 102.00 -53.66 108.05
 103.00 -72.94 -22.99
 104.00 -115.45 -10.68
 105.00 -69.79  -4.09
 106.00 -165.26  90.63
 107.00 -66.20 170.94
 108.00 -64.19 -26.49
 109.00 -80.43 -56.66
 110.00 -61.88 -19.38
 111.00 -72.19 -35.48
 112.00 -63.16 -43.07
 113.00 -89.03 -19.78
 114.00 -57.47 -38.59
 115.00 -51.00 -49.37
 116.00 -69.17 -36.31
 117.00 -60.92 -41.54
 118.00 -62.57 -25.43
 119.00 -86.44 -27.01
 120.00 -56.84 -55.85
 121.00 -72.52 -42.90
 122.00 -67.19 -23.92
 123.00 -64.31 -51.21
 124.00 -82.14 -29.61
 125.00 -105.52 -36.83
 126.00 -106.20 -32.86
 127.00 -59.27 -47.07
 128.00 -60.76 -39.32
 129.00 -60.51 -43.47
 130.00 -59.50 -41.14
 131.00 -77.30 -33.89
 132.00 -73.46 -20.02
 133.00 -63.83 -42.71
 134.00 -80.24 -20.30
 135.00 -86.01 -22.14
 136.00 -82.85 -28.93
 137.00  76.13  -4.27
 138.00  66.53  46.22
 139.00 -92.62   4.51
 140.00 -61.46 140.43
 141.00 -86.85 122.79
 142.00 -125.37  -0.05
 143.00 -72.38 -176.04
 144.00 -42.74 143.51
 145.00 -75.72 -29.33
 146.00 -62.20 -24.61
 147.00 -56.69 -29.50
 148.00 -60.50 -59.69
 149.00 -69.12 -34.12
 150.00 -67.36 -30.34
 151.00 -61.74 -42.78
 152.00 -66.29 -35.60
 153.00 -61.68 -45.79
 154.00 -57.09 -47.13
 155.00 -82.03 -38.92
 156.00 -60.11 -33.19
 157.00 -60.16 -58.98
 158.00 -63.01 -39.78
 159.00 -67.87 -41.58
 160.00 -52.74 -44.91
 161.00 -46.05 -49.29
 162.00 -70.71 -60.48
 163.00 -61.32 -33.39
 164.00 -72.60 -30.27
 165.00 -52.76 -43.28
 166.00 -55.91 -50.34
 167.00 -53.31 -60.99
 168.00 -90.37 -25.69
 169.00 -72.60 -24.72
 170.00 -61.60 -37.43
 171.00 -63.20 -62.87
 172.00 -71.47 -41.41
 173.00 -88.21  -8.20
 174.00 -66.25 -36.97
 175.00 -60.97 -33.31
 176.00 -75.75 -47.18
 177.00 -82.47   9.66
 178.00 -79.17 -20.32
 179.00 -56.14 130.79
 180.00 -105.58 -28.21
 181.00 -68.79  32.09
 182.00 -75.51 -27.40
 183.00 -77.61   9.08
 184.00 -72.97 127.71
 185.00 -90.92 -13.87
 186.00 -165.58 159.35
 187.00 -86.19 167.10
 188.00 -73.58 136.61
 189.00 -66.82 -37.51
 190.00 -64.02 -43.04
 191.00 -98.66 -15.47
 192.00 -54.84 -34.87
 193.00 -65.17 -50.25
 194.00 -62.69 -32.50
 195.00 -59.60 -44.38
 196.00 -57.34 -50.06
 197.00 -58.23 -44.46
 198.00 -67.71 -41.19
 199.00 -64.99 -45.26
 200.00 -60.95 -32.14
 201.00 -66.44 -53.25
 202.00 -61.87 -43.28
 203.00 -66.14 -37.23
 204.00 -58.36 -45.78
 205.00 -77.49 -26.74
 206.00 -70.01 -43.66
 207.00 -51.18 -27.49
 208.00 -80.25 -35.78
 209.00 -49.38 -15.95
 210.00 -56.11 -70.54
 211.00 -73.83 -27.06
 212.00 -77.09 -51.96
 213.00 -53.61 -45.77
 214.00 -90.06 -27.62
 215.00 -82.36 -27.41
 216.00 -142.45 -24.39
 217.00 -40.46  88.75
 218.00 -57.40 -39.92
 219.00 -79.82  -7.03
 220.00 -125.64 -29.52
 221.00 -132.67  10.16
 222.00 -131.88 133.66
 223.00  43.84 129.53
 224.00  80.43  44.02
 225.00 -141.53  17.38
 226.00 -62.13 133.14
 227.00 -155.82  94.94
 228.00 -62.68 117.51
 229.00 -126.83 120.67
 230.00 -75.85 -21.35
 231.00 -59.60 147.38
 232.00 -53.72 -29.70
 233.00 -124.25 -26.09
 234.00 -69.17 -43.39
 235.00 -95.70 -44.32
 236.00 -83.90 -56.63
 237.00 -55.27 -39.21
 238.00 -71.73 -37.14
 239.00 -72.33 -11.92
 240.00 -67.07 -57.26
 241.00 -87.53 -33.09
 242.00 -155.43  -4.77
 243.00 -56.63 -64.91
 244.00 -68.98 -41.07
 245.00 -65.36 -55.81
 246.00 -71.11 -25.99
 247.00 -65.57 -40.80
 248.00 -65.67 -35.33
 249.00 -52.20 -53.98
 250.00 -64.95 -46.32
 251.00 -68.55 -52.30
 252.00 -65.30 -41.47
 253.00 -68.08 -39.49
 254.00 -64.68 -38.60
 255.00 -57.59 -51.31
 256.00 -49.63 -44.77
 257.00 -66.74 -61.71
 258.00 -61.95 -21.70
 259.00 -68.42 -45.62
 260.00 -61.40 -40.67
 261.00 -66.38 -34.52
 262.00 -53.52 -53.26
 263.00 -68.98 -35.25
 264.00 -62.74 -36.40
 1001.00 -75.03 -23.08
 1002.00 -60.06 -39.26
 1003.00 -75.53 -38.93
 1004.00 -47.74 -46.04
 1005.00 -66.94 -35.56
 1006.00 -61.76 -42.52
 1007.00 -65.70 -39.89
 1008.00 -59.93 -42.17
 1009.00 -59.93 -41.18
 1010.00 -65.68 -49.72
 1011.00 -59.94 -37.82
 1012.00 -58.34 -47.15
 1013.00 -62.51 -42.90
 1014.00 -79.44 -26.46
 1015.00 -74.88 -20.10
 1016.00 -60.11 -50.42
 1017.00 -73.18 -40.95
 1018.00 -142.66  -8.45
 1019.00 -82.51  36.12
 1020.00 -86.37 154.29
 1021.00 -151.47 -32.09
 1022.00 -62.26 158.30
 1023.00 -70.93 -26.92
 1024.00 -69.83 -34.83
 1025.00 -73.91 -31.85
 1026.00 -61.20 -42.12
 1027.00 -49.14 -46.51
 1028.00 -56.37 -61.05
 1029.00 -72.45 -44.41
 1030.00 -59.86 -34.76
 1031.00 -48.42 -50.47
 1032.00 -70.96 -40.97
 1033.00 -57.24 -48.77
 1034.00 -55.86 -40.50
 1035.00 -50.22 -55.85
 1036.00 -72.04 -42.48
 1037.00 -67.29 -37.04
 1038.00 -64.38 -38.33
 1039.00 -65.35 -36.73
 1040.00 -86.67 -40.17
 1041.00  61.96 -29.65
 1042.00 100.77  33.27
 1043.00 -52.37  10.41
 1044.00  68.27 -35.03
 1066.00 -75.54 146.02
 1067.00 -56.59  -0.50
 1068.00 -60.44 -38.88
 1069.00 -72.46 -44.08
 1070.00 -76.53 -13.56
 1071.00 -70.95 -40.05
 1072.00 -65.53 -39.23
 1073.00 -72.38 -30.99
 1074.00 -66.46 -32.46
 1075.00 -80.95 -28.80
 1076.00 -48.14 -30.32
 1077.00 -62.99 -53.49
 1078.00 -65.26 -42.78
 1079.00 -69.26 -29.63
 1080.00 -75.04 -34.19
 1081.00  72.32 -11.84
 1082.00 -76.63  18.04
 1083.00 -56.57  65.65
 1084.00 -74.73 -44.48
 1085.00 -70.96 -22.27
 1086.00 -55.33 -48.52
 1087.00 -67.71 -38.03
 1088.00 -64.86 -40.71
 1089.00 -53.53 -50.20
 1090.00 -66.49 -36.99
 1091.00 -68.33 -34.83
 1092.00 -84.92 -25.43
 1093.00 -80.47 -19.97
 1094.00 -43.07 -37.52
 1095.00 -77.60 -66.15
 1096.00 -63.99 -19.05
 1097.00 -55.57 -34.27
 1098.00 -62.41 -47.37
 1099.00 -61.50 -22.81
 1100.00 -70.30 -48.04
 1101.00 -66.50 -40.66
 1102.00 -71.07 -25.19
 1103.00 -60.23 -34.98
 1104.00 -75.75 -36.96
 1105.00 -63.62 -44.94
 313.00 -77.98 -34.72
 314.00 -61.03 -35.45
 315.00 -66.71 -36.66
 316.00 -64.56 -47.17
 317.00 -73.63 -33.56
 318.00 -71.51 -30.51
 319.00 -61.58 -40.47
 320.00 -77.30 -34.00
 321.00 -53.98 -36.33
 322.00 -55.64 -64.06
 323.00 -66.99 -31.25
 324.00 -80.57 -34.61
 325.00 -62.08 -25.20
 326.00 -65.13 -32.24
 327.00 -55.61 -52.03
 328.00 -56.24 -36.61
 329.00 -51.25 -47.47
 330.00 -74.67 -53.01
 331.00 -131.92  22.86
 332.00 -61.72 -51.77
 333.00 -55.83 -52.28
 334.00 -93.44 -22.60
 335.00 -111.68 -33.26
 336.00 -61.58 -14.03
 337.00 -58.33 -34.00
 338.00 -54.99 -47.26
 339.00 -58.37 -52.20
 340.00 -52.73 -50.56
 341.00 -87.37 -35.19
 342.00 -73.47 -41.78
 343.00 -76.23 -26.98
 344.00 -55.00 -41.02
 345.00 -65.79 -37.01
 346.00 -86.07 -37.17
 347.00 -105.98  -4.94
 348.00 -71.41 -43.58
 349.00 -158.35 161.62
 350.00 -84.37 -43.37
 351.00 -79.93 -39.55
 352.00 -144.68   1.64
 353.00 -146.66 173.34
 354.00 -57.90 133.78
 355.00 -83.71 -30.68
 356.00 -70.40 -32.03
 357.00 -55.31 -37.92
 358.00 -34.16 -62.29
 359.00 -59.48 -65.12
 360.00 -76.85 -29.10
 361.00 -58.74 -39.18
 362.00 -60.74 -30.39
 363.00 -81.57 -37.09
 364.00 -65.21 -46.25
 365.00 -59.65 -35.73
 366.00 -82.85 -50.37
 367.00 -61.87 -22.20
 368.00 -57.90 -36.50
 369.00 -63.63 -53.78
 370.00 -66.21 -32.14
 371.00 -69.93 -26.34
 372.00 -76.37 -13.68
 373.00 -106.95  -1.64
 374.00 -81.30 -17.17
 375.00 -62.31 -36.77
 376.00 -53.55 -30.97
 377.00 -69.49 -40.37
 378.00 -70.77 -28.20
 379.00 -63.00 -40.05
 380.00 -56.69 -44.00
 381.00 -79.52 -45.25
 382.00 -126.40 -19.96
 383.00 -148.86   2.84
 384.00 -79.78 120.08
 385.00 -71.81 -29.56
 386.00 -68.75 -37.76
 387.00 -58.79 -48.10
 388.00 -73.52 -26.06
 389.00 -68.71 -38.29
 390.00 -59.99 -48.28
 391.00 -74.22 -43.40
 392.00 -59.66 -23.77
 393.00 -69.18 -52.43
 394.00 -78.67 -26.39
 395.00 -88.57 -14.26
 396.00  51.55  -1.90
 397.00 -112.63  41.40
 398.00 -128.34 143.74


