 residuo Phi Psi
  69.00 -76.67 144.24
  70.00 -54.61  58.45
  71.00 -68.83 -46.12
  72.00 -69.89 -34.16
  73.00 -50.04 -46.57
  74.00 -57.16 -43.53
  75.00 -74.05 -43.47
  76.00 -51.29 -46.44
  77.00 -92.62 -15.55
  78.00 -51.95 -46.30
  79.00 -63.91 -48.33
  80.00 -73.70 -28.91
  81.00 -66.88 -29.47
  82.00 -62.80 -44.57
  83.00 -67.44 -35.10
  84.00 -55.07 -29.24
  85.00 -71.86 -49.06
  86.00 -67.14 -31.24
  87.00 -73.21 -32.09
  88.00 -63.56 -40.79
  89.00 -56.51 -61.28
  90.00 -61.18 -45.85
  91.00 -79.74 -25.68
  92.00 -62.34 -37.77
  93.00 -64.71 -22.70
  94.00 -65.06 -35.42
  95.00 -50.04 -53.56
  96.00 -62.04 -48.74
  97.00 -58.39 -52.53
  98.00 -65.14 -46.31
  99.00 -74.31 -34.19
 100.00 -96.69 -39.12
 101.00 -79.17 -48.15
 102.00 -47.65 114.00
 103.00 -72.75 -40.47
 104.00 -91.99 -20.33
 105.00 -81.16  -0.86
 106.00 -153.59  84.80
 107.00 -48.55 134.49
 108.00 -79.21 -22.83
 109.00 -66.58 -45.39
 110.00 -73.62 -17.36
 111.00 -56.64 -43.12
 112.00 -60.53 -42.36
 113.00 -59.26 -41.28
 114.00 -71.75 -37.80
 115.00 -64.36 -30.16
 116.00 -82.22 -29.91
 117.00 -66.91 -31.26
 118.00 -66.95 -40.31
 119.00 -70.99 -33.49
 120.00 -73.18 -34.15
 121.00 -55.81 -46.06
 122.00 -52.55 -35.19
 123.00 -69.47 -52.73
 124.00 -95.06 -15.59
 125.00 -135.82 -21.27
 126.00 -131.92 -14.35
 127.00 -48.74 -62.34
 128.00 -66.34 -39.75
 129.00 -69.03 -41.71
 130.00 -61.92 -29.24
 131.00 -61.46 -45.41
 132.00 -71.52 -40.31
 133.00 -58.80 -41.04
 134.00 -64.70 -51.85
 135.00 -73.02 -40.67
 136.00 -80.43 -28.37
 137.00 123.53  -5.78
 138.00  62.61  37.88
 139.00 -124.70  11.93
 140.00 -77.12 151.96
 141.00 -84.98 119.17
 142.00 -77.26 -21.89
 143.00 -45.73 162.24
 144.00 -67.82 139.55
 145.00 -64.27 -39.40
 146.00 -67.80 -19.94
 147.00 -66.06 -11.97
 148.00 -72.70 -56.90
 149.00 -93.12 -19.22
 150.00 -82.48 -17.68
 151.00 -66.60 -48.27
 152.00 -47.02 -32.41
 153.00 -65.32 -42.71
 154.00 -64.97 -46.28
 155.00 -69.76 -30.90
 156.00 -52.45 -60.54
 157.00 -73.56 -44.94
 158.00 -56.00 -48.52
 159.00 -58.17 -45.51
 160.00 -72.52 -46.73
 161.00 -43.06 -39.19
 162.00 -57.95 -69.43
 163.00 -72.19 -31.41
 164.00 -68.03 -27.14
 165.00 -65.91 -43.53
 166.00 -74.01 -29.87
 167.00 -75.48 -39.09
 168.00 -66.31 -41.96
 169.00 -47.26 -40.60
 170.00 -65.28 -51.98
 171.00 -74.24 -34.22
 172.00 -69.71 -44.19
 173.00 -67.81 -28.50
 174.00 -80.87 -30.70
 175.00 -69.67 -28.66
 176.00 -74.33 -39.44
 177.00 -67.63  -5.42
 178.00 -66.78 -43.34
 179.00 -69.70 143.88
 180.00 -124.59  -0.85
 181.00 -61.90  14.20
 182.00 -74.63 -13.10
 183.00 -73.32  -1.43
 184.00 -74.52 161.51
 185.00 -127.12 -25.05
 186.00 -157.80 145.64
 187.00 -91.55 151.33
 188.00 -72.39 134.87
 189.00 -60.65 -42.68
 190.00 -58.18 -53.26
 191.00 -50.33 -52.12
 192.00 -58.93 -46.52
 193.00 -71.45 -39.45
 194.00 -67.26 -32.06
 195.00 -54.10 -36.53
 196.00 -57.33 -65.83
 197.00 -63.45 -32.98
 198.00 -51.09 -52.00
 199.00 -43.79 -64.74
 200.00 -65.02 -51.08
 201.00 -88.62 -35.01
 202.00 -65.53 -27.23
 203.00 -62.14 -34.91
 204.00 -63.04 -41.47
 205.00 -59.22 -43.54
 206.00 -98.50 -35.08
 207.00 -63.11 -29.69
 208.00 -79.92 -21.74
 209.00 -46.57 -30.72
 210.00 -78.03 -47.08
 211.00 -56.52 -34.42
 212.00 -60.09 -58.12
 213.00 -72.06 -38.14
 214.00 -75.67 -35.82
 215.00 -67.78  -7.10
 216.00 -166.50 -45.92
 217.00 -55.29 123.15
 218.00 -53.38 -31.28
 219.00 -70.70 -21.90
 220.00 -149.61 -11.57
 221.00 -102.40 -11.97
 222.00 -131.04 129.67
 223.00  51.85 118.49
 224.00  90.86  47.33
 225.00 -90.78 -30.00
 226.00 -88.98 157.41
 227.00 -164.24 131.61
 228.00 -76.07 162.53
 229.00 -73.30  60.92
 230.00 -104.08  -1.61
 231.00 -58.88 108.21
 232.00 -60.10 -19.03
 233.00 -51.07 -40.55
 234.00 -124.74 -27.18
 235.00 -83.76 -26.09
 236.00 -125.99 -27.74
 237.00 -68.68 -50.70
 238.00 -63.87 -25.30
 239.00 -59.13 -19.07
 240.00 -69.78 -53.63
 241.00 -82.27 -31.34
 242.00 -158.41  -9.94
 243.00 -60.46 -66.88
 244.00 -62.75 -40.66
 245.00 -62.14 -56.36
 246.00 -70.28 -34.56
 247.00 -57.10 -43.15
 248.00 -66.82 -55.44
 249.00 -45.41 -45.93
 250.00 -71.64 -60.43
 251.00 -81.61 -26.22
 252.00 -65.92 -47.48
 253.00 -61.84 -30.86
 254.00 -57.57 -49.91
 255.00 -57.56 -44.96
 256.00 -65.45 -42.75
 257.00 -62.51 -63.38
 258.00 -66.46 -18.81
 259.00 -74.42 -52.50
 260.00 -65.72 -21.68
 261.00 -66.27 -44.45
 262.00 -61.62 -39.27
 263.00 -55.23 -51.09
 264.00 -65.27 -29.27
 1001.00 -67.24 -28.53
 1002.00 -66.69 -24.41
 1003.00 -60.09 -44.89
 1004.00 -68.29 -27.63
 1005.00 -76.66 -35.87
 1006.00 -50.71 -40.68
 1007.00 -62.42 -58.02
 1008.00 -67.51 -33.84
 1009.00 -57.49 -41.73
 1010.00 -67.19 -40.75
 1011.00 -75.81 -42.91
 1012.00 -72.81 -25.35
 1013.00 -59.32 -41.47
 1014.00 -61.62 -34.79
 1015.00 -56.08 -51.42
 1016.00 -51.84 -45.89
 1017.00 -58.46 -43.86
 1018.00 -79.62 -40.33
 1019.00 -69.11 -10.03
 1020.00 -114.74 149.63
 1021.00 -134.70 -27.87
 1022.00 -56.41 156.07
 1023.00 -75.78 -29.88
 1024.00 -71.58 -21.18
 1025.00 -86.56 -37.32
 1026.00 -61.85 -26.85
 1027.00 -63.11 -45.20
 1028.00 -63.05 -40.71
 1029.00 -70.76 -41.27
 1030.00 -73.04 -23.48
 1031.00 -60.49 -39.75
 1032.00 -54.55 -45.80
 1033.00 -70.92 -34.62
 1034.00 -68.70 -36.58
 1035.00 -49.79 -58.47
 1036.00 -78.00 -34.28
 1037.00 -64.68 -30.28
 1038.00 -62.32 -51.58
 1039.00 -87.05 -24.82
 1040.00 -62.06 -44.19
 1041.00  46.81 -23.51
 1042.00  97.73  28.39
 1043.00 -53.21  -1.02
 1044.00 106.61 -28.06
 1066.00 -76.37 -179.89
 1067.00 -56.03 -12.76
 1068.00 -68.30 -38.41
 1069.00 -59.35 -37.82
 1070.00 -88.33 -26.86
 1071.00 -58.77 -33.68
 1072.00 -57.02 -39.01
 1073.00 -73.40 -28.34
 1074.00 -65.69 -45.48
 1075.00 -64.96 -43.15
 1076.00 -58.64 -32.15
 1077.00 -54.54 -45.69
 1078.00 -60.82 -44.59
 1079.00 -75.87 -32.82
 1080.00 -91.51 -15.05
 1081.00  73.04  -1.23
 1082.00 -81.08   6.09
 1083.00 -55.45  65.16
 1084.00 -64.66 -55.07
 1085.00 -72.13 -32.44
 1086.00 -60.49 -33.52
 1087.00 -56.15 -48.58
 1088.00 -70.33 -40.15
 1089.00 -64.40 -37.10
 1090.00 -63.68 -42.62
 1091.00 -68.96 -20.63
 1092.00 -68.03 -44.89
 1093.00 -71.43 -30.32
 1094.00 -47.02 -31.28
 1095.00 -66.34 -44.08
 1096.00 -60.11 -57.01
 1097.00 -69.46 -30.19
 1098.00 -61.97 -52.25
 1099.00 -53.68 -42.85
 1100.00 -84.01 -39.41
 1101.00 -55.21 -29.98
 1102.00 -63.24 -30.14
 1103.00 -63.65 -52.65
 1104.00 -81.76 -27.42
 1105.00 -68.02 -44.05
 313.00 -80.37 -38.96
 314.00 -71.66 -23.96
 315.00 -53.23 -42.17
 316.00 -67.08 -40.08
 317.00 -63.48 -34.16
 318.00 -56.83 -52.22
 319.00 -66.53 -46.44
 320.00 -55.73 -47.94
 321.00 -61.45 -46.79
 322.00 -61.23 -38.81
 323.00 -66.49 -31.87
 324.00 -57.90 -46.89
 325.00 -55.87 -37.16
 326.00 -72.05 -32.94
 327.00 -51.65 -53.14
 328.00 -66.22 -38.26
 329.00 -56.91 -55.17
 330.00 -53.77 -45.35
 331.00 -77.14 -33.29
 332.00 -65.76 -50.39
 333.00 -67.31 -40.98
 334.00 -85.81 -26.49
 335.00 -89.40 -31.50
 336.00 -51.79 -25.92
 337.00 -48.98 -48.55
 338.00 -56.54 -52.87
 339.00 -55.21 -54.46
 340.00 -47.21 -51.61
 341.00 -73.99 -59.40
 342.00 -64.55 -22.42
 343.00 -55.07 -54.31
 344.00 -82.10 -29.07
 345.00 -73.80 -37.17
 346.00 -65.58 -27.80
 347.00 -93.15 -27.53
 348.00 -84.02 -34.35
 349.00 -148.78 163.51
 350.00 -57.55 -109.77
 351.00 -93.33 -35.21
 352.00 -110.65  -3.06
 353.00 -85.29 150.04
 354.00 -51.40  73.32
 355.00 -56.18 -37.67
 356.00 -85.22 -43.72
 357.00 -64.89 -27.11
 358.00 -62.44 -33.69
 359.00 -56.12 -57.91
 360.00 -79.16 -35.65
 361.00 -69.49 -31.65
 362.00 -58.57 -37.56
 363.00 -84.58 -24.58
 364.00 -67.78 -42.82
 365.00 -74.56 -21.30
 366.00 -69.95 -37.72
 367.00 -74.29 -18.18
 368.00 -48.11 -44.24
 369.00 -81.90 -37.74
 370.00 -67.22  -8.42
 371.00 -65.67 -37.68
 372.00 -94.13   0.45
 373.00 -104.64 -18.81
 374.00 -114.73  15.07
 375.00 -67.02 -31.27
 376.00 -61.91 -26.43
 377.00 -69.43 -29.75
 378.00 -57.99 -45.06
 379.00 -79.14 -40.13
 380.00 -76.00 -26.22
 381.00 -73.90 -40.85
 382.00 -127.47 -31.16
 383.00 -134.34   9.43
 384.00 -57.72 109.71
 385.00 -63.53 -40.06
 386.00 -71.09 -45.41
 387.00 -39.91 -44.76
 388.00 -86.59 -42.16
 389.00 -62.11 -39.21
 390.00 -43.19 -55.96
 391.00 -59.66 -47.28
 392.00 -63.45 -44.86
 393.00 -94.04 -21.53
 394.00 -82.65 -30.76
 395.00 -79.25 -31.21
 396.00  60.89 -13.37
 397.00 -84.19  31.78
 398.00  65.87 -40.87


