 residuo Phi Psi
  69.00 -81.59 107.88
  70.00 -156.12 113.35
  71.00 -54.69 -29.95
  72.00 -60.02 -67.45
  73.00 -81.59 -24.14
  74.00 -74.20 -33.36
  75.00 -61.12 -42.81
  76.00 -60.58 -46.07
  77.00 -59.58 -36.30
  78.00 -57.30 -46.33
  79.00 -67.07 -49.98
  80.00 -85.09 -17.77
  81.00 -51.54 -35.01
  82.00 -54.95 -33.62
  83.00 -70.49 -34.49
  84.00 -71.49 -28.48
  85.00 -58.30 -43.78
  86.00 -67.75 -47.67
  87.00 -53.47 -34.54
  88.00 -49.57 -70.71
  89.00 -61.93 -60.37
  90.00 -63.05 -35.54
  91.00 -66.36 -57.09
  92.00 -58.78 -30.39
  93.00 -64.83 -36.83
  94.00 -70.49 -32.31
  95.00 -66.98 -42.32
  96.00 -69.22 -32.30
  97.00 -68.39 -48.30
  98.00 -71.73 -48.17
  99.00 -101.86 -10.19
 100.00 -140.08  -4.94
 101.00 -108.36   5.19
 102.00 -58.23 106.19
 103.00 -75.09 -39.65
 104.00 -100.56 -10.59
 105.00 -84.25  19.19
 106.00 -149.37  74.99
 107.00 -61.34 156.86
 108.00 -50.97 -38.96
 109.00 -74.21 -42.45
 110.00 -61.97 -34.18
 111.00 -80.96 -33.43
 112.00 -81.71 -34.10
 113.00 -66.37 -23.89
 114.00 -64.64 -37.21
 115.00 -71.73 -32.24
 116.00 -61.70 -37.74
 117.00 -64.81 -40.61
 118.00 -62.21 -41.65
 119.00 -65.12 -48.27
 120.00 -67.01 -35.35
 121.00 -57.72 -51.70
 122.00 -58.30 -41.70
 123.00 -77.77 -33.33
 124.00 -81.61 -25.05
 125.00 -95.58 -38.46
 126.00 -115.74 -34.99
 127.00 -47.71 -60.31
 128.00 -53.94 -45.65
 129.00 -64.14 -39.79
 130.00 -65.66 -37.99
 131.00 -65.67 -38.52
 132.00 -63.03 -41.55
 133.00 -59.32 -33.35
 134.00 -53.40 -30.92
 135.00 -66.63 -46.41
 136.00 -60.72 -47.11
 137.00  79.67 -34.22
 138.00  52.00  89.68
 139.00 -107.34   0.73
 140.00 -41.62 137.11
 141.00 -87.32 121.03
 142.00 -102.46 -16.34
 143.00 -61.76 177.88
 144.00 -54.74 149.71
 145.00 -66.52 -49.28
 146.00 -84.82  -4.65
 147.00 -64.24 -26.42
 148.00 -58.28 -56.38
 149.00 -65.42 -37.36
 150.00 -96.85 -17.93
 151.00 -49.17 -44.77
 152.00 -49.36 -32.77
 153.00 -83.89 -34.52
 154.00 -52.85 -49.84
 155.00 -72.13 -49.66
 156.00 -63.82 -28.39
 157.00 -54.68 -59.16
 158.00 -48.65 -54.32
 159.00 -57.83 -48.47
 160.00 -59.56 -54.57
 161.00 -62.02 -43.02
 162.00 -60.48 -65.84
 163.00 -69.66 -29.46
 164.00 -66.60 -31.17
 165.00 -61.22 -50.36
 166.00 -56.37 -46.79
 167.00 -59.47 -51.37
 168.00 -57.17 -47.90
 169.00 -59.54 -40.74
 170.00 -68.56 -42.34
 171.00 -58.29 -44.43
 172.00 -58.57 -46.00
 173.00 -57.93 -46.91
 174.00 -85.48 -36.33
 175.00 -61.88 -36.22
 176.00 -62.72 -44.38
 177.00 -88.09 -11.43
 178.00 -72.41 -11.31
 179.00 -51.31 127.18
 180.00 -116.85 -25.17
 181.00 -63.82  23.04
 182.00 -75.98 -15.56
 183.00 -66.14   0.67
 184.00 -69.45 139.90
 185.00 -72.97 -25.18
 186.00 -150.21 132.33
 187.00 -75.37 139.79
 188.00 -93.37 136.71
 189.00 -64.86 -44.04
 190.00 -71.03 -35.91
 191.00 -62.11 -41.95
 192.00 -59.71 -45.44
 193.00 -61.71 -49.72
 194.00 -75.87 -27.54
 195.00 -64.08 -40.42
 196.00 -69.23 -54.18
 197.00 -73.90 -22.12
 198.00 -58.58 -41.79
 199.00 -59.44 -45.76
 200.00 -57.15 -50.34
 201.00 -58.59 -44.58
 202.00 -59.85 -50.35
 203.00 -56.57 -34.43
 204.00 -58.89 -53.98
 205.00 -77.70 -29.34
 206.00 -83.56 -27.39
 207.00 -43.93 -25.12
 208.00 -65.97 -44.37
 209.00 -63.77 -20.66
 210.00 -71.81 -59.41
 211.00 -99.15 -13.67
 212.00 -102.56 -64.08
 213.00 -59.13 -40.10
 214.00 -79.52 -18.64
 215.00 -83.48   0.85
 216.00 -167.89  -9.91
 217.00 -59.88 136.76
 218.00 -51.00 -29.91
 219.00 -68.59 -24.76
 220.00 -135.31 -24.75
 221.00 -116.34  -2.68
 222.00 -137.36 136.43
 223.00  42.73 106.73
 224.00  81.99  52.35
 225.00 -54.99 -23.66
 226.00 -81.67 124.76
 227.00 -153.40 117.79
 228.00 -60.26 147.68
 229.00 -77.42  80.85
 230.00 -89.37 -14.19
 231.00 -71.64 134.34
 232.00 -69.07 -10.98
 233.00 -96.41 -14.53
 234.00 -62.87 -51.89
 235.00 -103.04 -40.10
 236.00 -136.53  -0.80
 237.00 -60.56 -67.39
 238.00 -59.16 -27.83
 239.00 -75.68 -28.06
 240.00 -75.68 -33.88
 241.00 -82.79 -33.17
 242.00 -150.91  -7.39
 243.00 -79.26 -63.83
 244.00 -60.21 -33.34
 245.00 -67.26 -60.17
 246.00 -62.74 -23.63
 247.00 -66.07 -49.97
 248.00 -64.81 -36.26
 249.00 -70.19 -44.45
 250.00 -66.28 -38.51
 251.00 -86.01 -35.38
 252.00 -56.63 -44.53
 253.00 -59.62 -34.72
 254.00 -63.13 -46.92
 255.00 -61.16 -41.06
 256.00 -85.12 -27.75
 257.00 -47.61 -48.95
 258.00 -66.01 -46.13
 259.00 -62.38 -40.68
 260.00 -81.82 -24.06
 261.00 -67.35 -23.59
 262.00 -64.61 -49.94
 263.00 -56.10 -32.27
 264.00 -60.45 -46.46
 1001.00 -75.68 -34.41
 1002.00 -65.48 -33.99
 1003.00 -69.39 -37.60
 1004.00 -79.95 -19.79
 1005.00 -58.87 -37.28
 1006.00 -53.02 -41.71
 1007.00 -56.60 -53.59
 1008.00 -60.86 -40.39
 1009.00 -63.97 -36.62
 1010.00 -71.44 -47.38
 1011.00 -56.96 -44.72
 1012.00 -74.87 -40.10
 1013.00 -52.66 -36.86
 1014.00 -64.46 -47.22
 1015.00 -62.62 -37.36
 1016.00 -64.08 -39.14
 1017.00 -51.75 -54.09
 1018.00 -104.25 -29.97
 1019.00 -68.88  10.53
 1020.00 -125.72 151.64
 1021.00 -152.18   7.24
 1022.00 -62.48 130.34
 1023.00 -59.93 -26.21
 1024.00 -71.45 -29.15
 1025.00 -65.64 -36.74
 1026.00 -37.66 -52.77
 1027.00 -60.73 -55.27
 1028.00 -66.75 -46.73
 1029.00 -72.07 -38.43
 1030.00 -64.37 -34.81
 1031.00 -56.44 -46.87
 1032.00 -59.28 -38.67
 1033.00 -67.49 -31.43
 1034.00 -46.69 -43.23
 1035.00 -60.10 -62.42
 1036.00 -71.14 -35.68
 1037.00 -67.38 -32.90
 1038.00 -68.86 -38.75
 1039.00 -60.95 -31.64
 1040.00 -57.95 -45.46
 1041.00  66.35 -52.77
 1042.00 119.12  28.73
 1043.00 -70.04  -0.11
 1044.00  81.31 -18.62
 1066.00 -57.04 145.71
 1067.00 -53.02  -8.81
 1068.00 -76.55 -37.21
 1069.00 -65.62 -35.48
 1070.00 -71.41 -28.03
 1071.00 -62.69 -35.81
 1072.00 -48.22 -46.14
 1073.00 -66.61 -42.16
 1074.00 -71.91 -36.09
 1075.00 -57.89 -38.72
 1076.00 -63.82 -35.38
 1077.00 -60.67 -43.09
 1078.00 -66.75 -40.61
 1079.00 -59.52 -36.52
 1080.00 -79.03 -36.90
 1081.00  85.68 -11.23
 1082.00 -80.89  16.74
 1083.00 -68.23  80.80
 1084.00 -79.50 -27.45
 1085.00 -67.06 -44.91
 1086.00 -77.33 -24.04
 1087.00 -56.07 -46.54
 1088.00 -67.12 -34.62
 1089.00 -72.11 -45.25
 1090.00 -78.25 -21.74
 1091.00 -71.84 -38.18
 1092.00 -60.13 -30.35
 1093.00 -73.25 -18.67
 1094.00 -44.47 -18.25
 1095.00 -69.41 -51.26
 1096.00 -72.32 -33.04
 1097.00 -62.11 -30.13
 1098.00 -61.20 -53.78
 1099.00 -92.38 -26.57
 1100.00 -65.79 -37.47
 1101.00 -73.76 -30.17
 1102.00 -60.61 -44.21
 1103.00 -73.65 -43.54
 1104.00 -57.52 -29.41
 1105.00 -51.10 -50.79
 313.00 -56.09 -44.26
 314.00 -69.49 -47.44
 315.00 -63.13 -33.93
 316.00 -42.65 -55.08
 317.00 -72.54 -51.39
 318.00 -60.53 -32.29
 319.00 -75.04 -44.66
 320.00 -54.21 -43.20
 321.00 -77.42 -34.63
 322.00 -67.54 -41.97
 323.00 -69.59 -25.01
 324.00 -66.68 -31.23
 325.00 -61.87 -37.87
 326.00 -65.25 -24.09
 327.00 -44.65 -58.14
 328.00 -56.71 -52.91
 329.00 -60.07 -55.47
 330.00 -69.68 -27.68
 331.00 -63.94 -42.16
 332.00 -68.23 -29.04
 333.00 -77.28 -41.21
 334.00 -77.09 -37.96
 335.00 -92.59 -49.85
 336.00 -52.05 -32.40
 337.00 -59.54 -40.24
 338.00 -62.90 -34.25
 339.00 -64.67 -53.83
 340.00 -66.63 -35.88
 341.00 -73.67 -41.46
 342.00 -60.04 -31.91
 343.00 -66.91 -39.59
 344.00 -64.29 -39.09
 345.00 -62.68 -38.79
 346.00 -66.25 -43.18
 347.00 -72.39 -39.68
 348.00 -50.70 -64.16
 349.00 -136.34 143.98
 350.00 -119.20 -57.73
 351.00 -78.78 -31.59
 352.00 -81.29 -35.46
 353.00 -134.69 173.93
 354.00 -72.91 125.33
 355.00 -76.45 -19.71
 356.00 -87.48 -28.18
 357.00 -55.25 -34.75
 358.00 -66.68 -41.32
 359.00 -65.89 -44.44
 360.00 -63.78 -35.74
 361.00 -61.55 -55.11
 362.00 -75.94 -40.87
 363.00 -85.81 -13.71
 364.00 -61.80 -53.63
 365.00 -69.19 -24.29
 366.00 -88.34 -37.55
 367.00 -60.94 -26.35
 368.00 -53.53 -42.59
 369.00 -59.26 -57.93
 370.00 -62.36 -23.29
 371.00 -59.14 -35.49
 372.00 -88.09 -14.08
 373.00 -92.11 -31.76
 374.00 -85.35 -23.02
 375.00 -62.76 -18.04
 376.00 -50.26 -36.84
 377.00 -69.42 -35.45
 378.00 -39.44 -56.01
 379.00 -68.90 -56.52
 380.00 -60.31 -33.37
 381.00 -62.72 -49.12
 382.00 -115.34 -49.14
 383.00 -153.01  26.35
 384.00 -61.28 119.09
 385.00 -52.06 -46.82
 386.00 -71.69 -44.18
 387.00 -54.95 -44.90
 388.00 -69.82 -45.46
 389.00 -72.33 -29.63
 390.00 -55.58 -53.68
 391.00 -68.75 -44.27
 392.00 -60.60 -30.60
 393.00 -67.07 -59.53
 394.00 -61.73 -40.03
 395.00 -80.03 -34.02
 396.00  46.48   5.96
 397.00 -75.60  29.93
 398.00 -146.01 129.27


