 residuo Phi Psi
  69.00 -124.73 124.34
  70.00 -78.93  12.04
  71.00 -51.99 -22.08
  72.00 -60.17 -67.95
  73.00 -56.02 -39.89
  74.00 -57.72 -53.75
  75.00 -47.91 -53.59
  76.00 -64.09 -40.66
  77.00 -78.71 -33.53
  78.00 -60.35 -42.34
  79.00 -75.91 -43.24
  80.00 -70.42 -26.80
  81.00 -74.06 -34.28
  82.00 -49.90 -29.69
  83.00 -54.23 -48.75
  84.00 -71.19 -34.46
  85.00 -54.81 -51.18
  86.00 -71.12 -41.77
  87.00 -49.39 -59.08
  88.00 -59.28 -36.96
  89.00 -61.75 -53.11
  90.00 -56.77 -49.01
  91.00 -85.05 -34.94
  92.00 -63.12 -35.97
  93.00 -58.96 -35.33
  94.00 -76.26 -41.83
  95.00 -64.62 -40.36
  96.00 -63.95 -38.81
  97.00 -55.61 -44.53
  98.00 -80.81 -42.92
  99.00 -76.07 -14.66
 100.00 -97.68 -50.31
 101.00 -91.49 -25.52
 102.00 -55.16 114.19
 103.00 -68.56 -35.05
 104.00 -99.42 -20.25
 105.00 -79.01   7.66
 106.00 -161.82 102.15
 107.00 -42.04 148.12
 108.00 -61.24 -50.90
 109.00 -69.88 -44.35
 110.00 -61.33 -36.37
 111.00 -60.01 -38.40
 112.00 -73.00 -46.54
 113.00 -64.67 -28.13
 114.00 -62.25 -39.11
 115.00 -61.89 -36.98
 116.00 -68.05 -42.81
 117.00 -66.72 -36.30
 118.00 -64.00 -43.26
 119.00 -76.14 -26.92
 120.00 -62.48 -37.95
 121.00 -59.65 -50.89
 122.00 -59.27 -36.59
 123.00 -76.07 -38.96
 124.00 -72.09 -14.05
 125.00 -101.50 -60.66
 126.00 -99.90 -42.89
 127.00 -45.10 -57.69
 128.00 -86.45 -43.35
 129.00 -79.90 -28.42
 130.00 -65.24 -22.54
 131.00 -41.23 -56.27
 132.00 -67.33 -49.41
 133.00 -46.13 -45.81
 134.00 -56.56 -55.29
 135.00 -64.37 -46.77
 136.00 -78.53 -32.77
 137.00  84.76  12.34
 138.00  57.89  31.96
 139.00 -155.91  65.11
 140.00 -72.68 141.91
 141.00 -79.17 108.12
 142.00 -117.96  -9.15
 143.00 -38.81 160.59
 144.00 -62.64 130.46
 145.00 -56.53 -32.75
 146.00 -80.89 -18.24
 147.00 -68.78  -8.99
 148.00 -74.78 -53.79
 149.00 -70.69 -27.92
 150.00 -84.27 -20.87
 151.00 -72.66 -49.15
 152.00 -35.18 -18.81
 153.00 -75.25 -47.39
 154.00 -64.10 -30.88
 155.00 -88.14 -28.17
 156.00 -62.94 -46.55
 157.00 -77.87 -41.98
 158.00 -66.60 -30.81
 159.00 -59.57 -43.46
 160.00 -59.13 -47.40
 161.00 -59.87 -37.14
 162.00 -60.53 -65.71
 163.00 -57.98 -42.10
 164.00 -73.50 -31.29
 165.00 -55.51 -48.90
 166.00 -66.95 -39.74
 167.00 -66.97 -45.74
 168.00 -56.42 -29.95
 169.00 -62.16 -49.77
 170.00 -72.13 -39.05
 171.00 -70.86 -21.69
 172.00 -59.11 -47.31
 173.00 -78.18 -36.80
 174.00 -85.37 -37.44
 175.00 -61.67 -30.98
 176.00 -74.05 -38.47
 177.00 -85.16  -3.47
 178.00 -75.00 -16.95
 179.00 -66.04 128.59
 180.00 -119.57 -17.94
 181.00 -57.41  25.97
 182.00 -86.19 -25.18
 183.00 -60.34   6.02
 184.00 -61.93 143.93
 185.00 -80.28 -42.27
 186.00 -153.58 140.44
 187.00 -79.69 149.49
 188.00 -57.23 122.09
 189.00 -65.97 -47.90
 190.00 -61.38 -42.22
 191.00 -66.83 -45.41
 192.00 -64.14 -45.97
 193.00 -65.71 -37.01
 194.00 -70.41 -27.45
 195.00 -51.73 -46.57
 196.00 -67.16 -50.85
 197.00 -56.83 -44.38
 198.00 -66.66 -55.98
 199.00 -60.87 -30.79
 200.00 -64.94 -51.13
 201.00 -62.11 -37.10
 202.00 -61.49 -45.37
 203.00 -48.75 -46.35
 204.00 -69.63 -42.48
 205.00 -72.92 -23.01
 206.00 -81.08 -37.50
 207.00 -49.27 -35.15
 208.00 -60.03 -30.61
 209.00 -62.48 -23.21
 210.00 -68.45 -55.38
 211.00 -70.37 -25.21
 212.00 -105.11 -39.50
 213.00 -68.06 -31.87
 214.00 -74.45 -25.56
 215.00 -84.52 -19.85
 216.00 -146.74 -31.95
 217.00 -66.54  95.18
 218.00 -59.17 -16.58
 219.00 -68.45 -19.61
 220.00 -132.16 -34.72
 221.00 -119.88   1.74
 222.00 -158.16 152.95
 223.00  47.98 120.68
 224.00  86.52  23.09
 225.00 -80.93   7.99
 226.00 -70.70 147.08
 227.00 -150.02 107.74
 228.00 -55.49 122.73
 229.00 -150.89 137.76
 230.00 -58.83 -12.39
 231.00 -50.26 128.15
 232.00 -72.42 -37.08
 233.00 -107.88 -12.37
 234.00 -92.83 -39.96
 235.00 -107.90 -24.13
 236.00 -53.81 -75.65
 237.00 -67.66 -29.38
 238.00 -69.26 -38.59
 239.00 -63.01 -23.34
 240.00 -76.57 -50.35
 241.00 -80.29 -32.48
 242.00 -133.26 -24.38
 243.00 -75.27 -63.63
 244.00 -64.08 -38.90
 245.00 -64.30 -51.32
 246.00 -77.61 -16.35
 247.00 -58.79 -40.12
 248.00 -72.90 -35.87
 249.00 -61.27 -47.63
 250.00 -66.83 -47.09
 251.00 -67.72 -39.11
 252.00 -74.96 -37.08
 253.00 -74.41 -27.19
 254.00 -44.68 -55.70
 255.00 -55.72 -52.82
 256.00 -52.94 -45.93
 257.00 -61.60 -63.12
 258.00 -83.85 -25.97
 259.00 -84.88 -18.48
 260.00 -80.03 -28.63
 261.00 -62.98 -28.59
 262.00 -68.10 -38.36
 263.00 -67.36 -33.14
 264.00 -69.68 -32.76
 1001.00 -73.02 -42.41
 1002.00 -61.25 -20.52
 1003.00 -70.24 -40.27
 1004.00 -73.83 -26.40
 1005.00 -55.07 -40.83
 1006.00 -69.61 -41.18
 1007.00 -59.72 -45.75
 1008.00 -68.05 -35.57
 1009.00 -74.83 -35.75
 1010.00 -63.05 -42.49
 1011.00 -56.85 -45.15
 1012.00 -57.78 -53.72
 1013.00 -76.32 -29.11
 1014.00 -67.30 -35.86
 1015.00 -61.96 -31.54
 1016.00 -59.35 -50.16
 1017.00 -55.29 -36.10
 1018.00 -120.42 -25.71
 1019.00 -73.33  -2.10
 1020.00 -98.92 133.71
 1021.00 -119.90 -26.30
 1022.00 -71.25 148.78
 1023.00 -63.22 -36.49
 1024.00 -75.71 -25.16
 1025.00 -77.37 -36.31
 1026.00 -57.13 -36.77
 1027.00 -49.87 -49.03
 1028.00 -57.01 -62.33
 1029.00 -63.11 -41.04
 1030.00 -52.54 -48.11
 1031.00 -69.16 -47.32
 1032.00 -68.26 -31.70
 1033.00 -55.61 -36.45
 1034.00 -68.71 -43.24
 1035.00 -66.77 -38.13
 1036.00 -74.62 -24.15
 1037.00 -67.41 -40.93
 1038.00 -62.28 -35.88
 1039.00 -56.58 -46.35
 1040.00 -100.10 -43.83
 1041.00  63.36 -23.35
 1042.00 103.27  37.64
 1043.00 -65.45  13.96
 1044.00  71.89 -21.42
 1066.00 -69.73 152.39
 1067.00 -51.95   1.67
 1068.00 -67.35 -38.37
 1069.00 -69.21 -25.99
 1070.00 -92.69 -13.79
 1071.00 -58.18 -37.94
 1072.00 -64.36 -37.96
 1073.00 -66.39 -44.96
 1074.00 -78.91 -30.25
 1075.00 -62.91 -35.58
 1076.00 -74.28 -40.11
 1077.00 -76.82 -28.08
 1078.00 -48.46 -48.16
 1079.00 -69.79 -39.84
 1080.00 -75.30 -41.89
 1081.00  67.83   7.89
 1082.00 -85.63  15.60
 1083.00 -64.65  61.94
 1084.00 -86.83 -35.04
 1085.00 -73.05 -17.20
 1086.00 -66.44 -30.23
 1087.00 -53.99 -50.96
 1088.00 -63.52 -38.53
 1089.00 -58.55 -49.47
 1090.00 -55.41 -43.98
 1091.00 -66.90 -40.70
 1092.00 -73.80 -30.50
 1093.00 -42.67 -47.93
 1094.00 -50.42 -49.48
 1095.00 -71.81 -53.60
 1096.00 -83.52 -18.86
 1097.00 -60.01 -38.18
 1098.00 -51.96 -34.38
 1099.00 -69.98 -52.73
 1100.00 -68.26 -40.02
 1101.00 -66.72 -27.37
 1102.00 -71.64 -37.47
 1103.00 -58.11 -47.99
 1104.00 -68.54 -28.59
 1105.00 -54.22 -48.40
 313.00 -61.59 -48.08
 314.00 -77.21 -32.15
 315.00 -61.39 -33.34
 316.00 -70.60 -39.30
 317.00 -78.27 -31.43
 318.00 -73.52 -39.49
 319.00 -67.45 -32.40
 320.00 -59.57 -41.25
 321.00 -63.35 -41.56
 322.00 -69.90 -36.09
 323.00 -52.04 -46.94
 324.00 -87.69 -32.05
 325.00 -45.10 -36.53
 326.00 -73.31 -36.64
 327.00 -56.49 -44.92
 328.00 -51.05 -41.97
 329.00 -64.76 -48.62
 330.00 -55.60 -50.49
 331.00 -72.15 -28.89
 332.00 -51.36 -58.97
 333.00 -75.00 -38.13
 334.00 -87.04 -29.52
 335.00 -95.65 -31.94
 336.00 -49.06 -28.31
 337.00 -61.11 -54.32
 338.00 -75.15 -20.86
 339.00 -61.04 -71.63
 340.00 -58.20 -36.53
 341.00 -73.17 -34.10
 342.00 -61.54 -41.92
 343.00 -53.60 -42.52
 344.00 -52.50 -53.45
 345.00 -67.78 -44.31
 346.00 -70.83 -29.51
 347.00 -70.94 -44.94
 348.00 -60.32 -55.83
 349.00 -135.00 144.40
 350.00 -134.85 -39.80
 351.00 -93.92  -8.59
 352.00 -124.53  -7.82
 353.00 -116.11 173.45
 354.00 -59.70  98.63
 355.00 -74.93 -28.64
 356.00 -67.55 -41.22
 357.00 -56.07 -47.96
 358.00 -66.68 -26.06
 359.00 -61.12 -44.19
 360.00 -60.92 -43.65
 361.00 -61.68 -43.88
 362.00 -55.66 -49.67
 363.00 -104.22 -13.76
 364.00 -56.14 -40.22
 365.00 -59.44 -34.36
 366.00 -84.18 -32.01
 367.00 -57.52 -26.90
 368.00 -58.32 -45.29
 369.00 -71.29 -33.95
 370.00 -65.12 -15.56
 371.00 -70.57 -23.38
 372.00 -91.00  -3.03
 373.00 -145.82  -2.48
 374.00 -88.36  27.70
 375.00 -52.16 -23.89
 376.00 -57.55 -58.87
 377.00 -56.35 -32.92
 378.00 -73.27 -49.48
 379.00 -69.26 -34.43
 380.00 -57.54 -41.11
 381.00 -76.62 -34.88
 382.00 -81.07 -54.45
 383.00 -137.67 -20.35
 384.00 -46.67 106.63
 385.00 -61.36 -42.41
 386.00 -52.30 -63.74
 387.00 -63.78 -40.57
 388.00 -82.53 -28.46
 389.00 -69.38 -42.99
 390.00 -66.33 -38.91
 391.00 -59.22 -39.06
 392.00 -60.56 -48.51
 393.00 -94.42 -27.26
 394.00 -85.99 -18.52
 395.00 -77.34 -33.65
 396.00  59.33  -5.99
 397.00 -78.92  33.19
 398.00  54.37 -46.30


