 residuo Phi Psi
  69.00 -63.73  98.05
  70.00 -55.77 -27.32
  71.00 -72.09 -31.95
  72.00 -69.51 -29.49
  73.00 -68.95 -33.49
  74.00 -66.81 -36.07
  75.00 -68.19 -36.14
  76.00 -60.10 -41.82
  77.00 -66.37 -38.07
  78.00 -73.24 -23.01
  79.00 -67.26 -42.07
  80.00 -70.25 -34.95
  81.00 -56.41 -39.92
  82.00 -65.32 -25.12
  83.00 -62.40 -46.79
  84.00 -75.71 -30.64
  85.00 -62.93 -45.90
  86.00 -66.48 -47.67
  87.00 -78.89 -22.94
  88.00 -74.53 -46.70
  89.00 -71.26 -51.24
  90.00 -95.89  -6.82
  91.00 -58.66 -66.99
  92.00 -50.73 -40.84
  93.00 -75.85 -30.05
  94.00 -51.96 -42.08
  95.00 -64.33 -48.82
  96.00 -63.37 -39.62
  97.00 -58.90 -42.38
  98.00 -78.43 -54.94
  99.00 -110.36  10.42
 100.00 -140.00  -5.67
 101.00 -73.26 -49.51
 102.00 -65.80 105.41
 103.00 -83.43  -3.95
 104.00 -94.09 -35.63
 105.00 -64.33 -21.81
 106.00 -148.56  79.09
 107.00 -47.85 165.11
 108.00 -74.01 -37.87
 109.00 -79.07 -50.97
 110.00 -56.79 -20.10
 111.00 -60.75 -40.49
 112.00 -76.11 -30.54
 113.00 -73.75 -31.20
 114.00 -67.06 -33.35
 115.00 -68.17 -33.49
 116.00 -52.39 -47.34
 117.00 -67.23 -41.34
 118.00 -56.02 -39.97
 119.00 -56.04 -42.68
 120.00 -62.08 -51.14
 121.00 -76.92 -41.63
 122.00 -57.76 -29.69
 123.00 -60.20 -53.94
 124.00 -108.59  -4.27
 125.00 -114.79 -45.34
 126.00 -132.12 -13.28
 127.00 -57.48 -56.98
 128.00 -55.75 -47.81
 129.00 -66.23 -37.43
 130.00 -71.57 -27.98
 131.00 -58.25 -39.61
 132.00 -85.31 -19.28
 133.00 -48.18 -56.68
 134.00 -72.72 -26.60
 135.00 -72.45 -19.68
 136.00 -79.79 -32.93
 137.00  63.19   6.27
 138.00  70.12  45.15
 139.00 -70.56   2.55
 140.00 -72.94 148.17
 141.00 -86.44 122.71
 142.00 -79.47 -27.45
 143.00 -46.07 171.32
 144.00 -53.19 148.20
 145.00 -59.20 -45.90
 146.00 -75.91 -18.60
 147.00 -58.61 -22.63
 148.00 -61.83 -44.65
 149.00 -82.17 -40.24
 150.00 -70.38 -25.37
 151.00 -69.28 -33.27
 152.00 -50.79 -45.80
 153.00 -63.21 -57.05
 154.00 -74.16 -30.42
 155.00 -80.01 -30.59
 156.00 -46.38 -48.18
 157.00 -63.66 -56.80
 158.00 -69.98 -41.41
 159.00 -46.47 -54.09
 160.00 -64.75 -51.33
 161.00 -57.68 -42.93
 162.00 -83.82 -37.14
 163.00 -64.46 -34.31
 164.00 -77.33 -25.11
 165.00 -74.91 -28.08
 166.00 -63.25 -32.81
 167.00 -63.00 -50.78
 168.00 -62.55 -41.75
 169.00 -59.06 -36.90
 170.00 -73.85 -47.83
 171.00 -67.42 -39.51
 172.00 -76.31 -30.28
 173.00 -50.78 -44.79
 174.00 -64.27 -38.73
 175.00 -57.83 -49.41
 176.00 -71.97 -43.61
 177.00 -83.60   9.12
 178.00 -51.59 -43.82
 179.00 -60.55 137.78
 180.00 -113.46 -25.39
 181.00 -57.82  31.01
 182.00 -116.20  -0.95
 183.00 -51.99  11.60
 184.00 -76.18 127.42
 185.00 -88.48 -18.97
 186.00 -162.83 131.99
 187.00 -59.20 130.13
 188.00 -75.93 143.51
 189.00 -37.99 -76.69
 190.00 -66.04 -42.18
 191.00 -58.70 -39.71
 192.00 -58.97 -50.00
 193.00 -63.55 -32.29
 194.00 -61.83 -48.64
 195.00 -54.75 -43.70
 196.00 -51.36 -55.13
 197.00 -61.73 -42.91
 198.00 -73.46 -42.08
 199.00 -65.61 -34.90
 200.00 -63.17 -46.29
 201.00 -56.35 -33.44
 202.00 -71.02 -52.86
 203.00 -62.47 -36.14
 204.00 -60.65 -52.48
 205.00 -63.25 -27.76
 206.00 -92.87 -45.91
 207.00 -58.67 -22.25
 208.00 -74.34 -25.01
 209.00 -63.34 -20.53
 210.00 -68.05 -58.95
 211.00 -74.20 -33.06
 212.00 -65.65 -50.80
 213.00 -82.29 -23.02
 214.00 -59.71 -31.79
 215.00 -84.59 -24.98
 216.00 -130.91 -37.40
 217.00 -55.38 100.25
 218.00 -67.65 -36.30
 219.00 -83.80  -6.33
 220.00 -122.19 -22.73
 221.00 -111.77  -9.86
 222.00 -134.35 140.09
 223.00  44.84 123.93
 224.00  97.82  32.48
 225.00 -114.18  -7.93
 226.00 -49.07 138.73
 227.00 -163.30 101.20
 228.00 -56.51 132.36
 229.00 -98.40  99.41
 230.00 -72.48 -35.87
 231.00 -45.41 133.31
 232.00 -52.91 -38.65
 233.00 -124.93 -24.80
 234.00 -67.15 -42.81
 235.00 -86.72 -57.41
 236.00 -89.39 -43.80
 237.00 -68.26 -46.05
 238.00 -64.62 -27.64
 239.00 -52.50 -19.02
 240.00 -55.17 -81.42
 241.00 -65.14 -29.51
 242.00 -146.74 -33.33
 243.00 -55.66 -62.47
 244.00 -72.05 -41.19
 245.00 -60.25 -48.48
 246.00 -50.47 -48.50
 247.00 -51.69 -46.69
 248.00 -58.87 -53.51
 249.00 -68.13 -43.48
 250.00 -59.23 -45.47
 251.00 -48.23 -56.28
 252.00 -73.59 -50.21
 253.00 -67.03 -28.61
 254.00 -64.77 -45.69
 255.00 -44.44 -50.66
 256.00 -51.63 -54.82
 257.00 -65.63 -57.76
 258.00 -55.84 -33.53
 259.00 -60.49 -47.18
 260.00 -77.16 -34.25
 261.00 -77.31 -31.00
 262.00 -69.22 -26.46
 263.00 -57.38 -49.41
 264.00 -61.10 -31.99
 1001.00 -56.85 -35.53
 1002.00 -68.85 -22.15
 1003.00 -59.84 -30.19
 1004.00 -77.84 -40.43
 1005.00 -68.91 -36.36
 1006.00 -63.02 -29.68
 1007.00 -53.07 -56.30
 1008.00 -68.10 -35.43
 1009.00 -73.90 -42.63
 1010.00 -56.59 -44.64
 1011.00 -67.61 -45.98
 1012.00 -63.70 -37.90
 1013.00 -45.90 -49.31
 1014.00 -59.66 -45.55
 1015.00 -93.38 -17.07
 1016.00 -43.59 -47.76
 1017.00 -56.31 -53.22
 1018.00 -149.61  -9.10
 1019.00 -64.38  17.20
 1020.00 -109.34 153.33
 1021.00 -144.35 -12.84
 1022.00 -68.83 161.29
 1023.00 -63.00 -30.81
 1024.00 -70.73 -28.66
 1025.00 -76.13 -40.20
 1026.00 -58.19 -36.30
 1027.00 -59.64 -53.08
 1028.00 -67.28 -40.25
 1029.00 -68.28 -39.01
 1030.00 -65.07 -30.81
 1031.00 -69.33 -37.30
 1032.00 -68.58 -42.30
 1033.00 -61.02 -31.70
 1034.00 -68.54 -47.75
 1035.00 -63.27 -44.63
 1036.00 -81.73 -34.90
 1037.00 -54.04 -39.08
 1038.00 -64.59 -45.77
 1039.00 -53.52 -40.68
 1040.00 -101.98 -34.82
 1041.00  38.02 -19.31
 1042.00 101.67  61.78
 1043.00 -76.94   4.09
 1044.00  65.41  -8.28
 1066.00 -72.18 145.41
 1067.00 -57.76  -1.17
 1068.00 -62.27 -39.54
 1069.00 -59.12 -40.17
 1070.00 -69.26 -41.68
 1071.00 -59.83 -43.53
 1072.00 -61.98 -54.93
 1073.00 -73.88 -33.86
 1074.00 -79.60 -25.74
 1075.00 -65.38 -29.00
 1076.00 -66.27 -29.36
 1077.00 -59.62 -44.72
 1078.00 -60.31 -38.59
 1079.00 -63.50 -47.48
 1080.00 -80.37 -31.78
 1081.00  64.22  -3.75
 1082.00 -87.45  22.16
 1083.00 -59.06  67.63
 1084.00 -52.07 -46.32
 1085.00 -57.73 -56.30
 1086.00 -64.36 -45.88
 1087.00 -62.06 -33.32
 1088.00 -62.72 -50.31
 1089.00 -55.50 -33.56
 1090.00 -56.38 -57.56
 1091.00 -66.20 -23.69
 1092.00 -63.70 -46.19
 1093.00 -82.68 -15.41
 1094.00 -36.82 -52.89
 1095.00 -90.94 -59.82
 1096.00 -58.85 -26.06
 1097.00 -58.94 -37.23
 1098.00 -63.54 -25.28
 1099.00 -58.86 -51.17
 1100.00 -67.30 -42.06
 1101.00 -53.60 -36.34
 1102.00 -76.35 -34.82
 1103.00 -63.40 -34.09
 1104.00 -78.46 -37.01
 1105.00 -67.11 -37.09
 313.00 -65.24 -39.46
 314.00 -77.31 -40.83
 315.00 -62.81 -38.37
 316.00 -68.40 -38.36
 317.00 -62.71 -30.11
 318.00 -74.79 -42.39
 319.00 -50.72 -41.03
 320.00 -61.94 -49.72
 321.00 -56.63 -33.77
 322.00 -70.07 -56.02
 323.00 -58.11 -27.28
 324.00 -67.75 -50.44
 325.00 -56.08 -33.93
 326.00 -62.47 -37.76
 327.00 -60.70 -37.65
 328.00 -68.39 -35.45
 329.00 -59.44 -49.49
 330.00 -59.52 -57.28
 331.00 -90.70  -6.51
 332.00 -62.47 -53.48
 333.00 -48.33 -53.49
 334.00 -71.76 -36.50
 335.00 -105.80 -33.81
 336.00 -52.82 -33.75
 337.00 -57.84 -48.83
 338.00 -61.12 -34.14
 339.00 -55.49 -56.66
 340.00 -64.02 -52.40
 341.00 -58.29 -38.43
 342.00 -58.54 -49.93
 343.00 -73.25 -40.10
 344.00 -50.04 -34.86
 345.00 -69.24 -49.25
 346.00 -77.76 -17.03
 347.00 -70.45 -45.63
 348.00 -84.50 -31.87
 349.00 -152.01 156.79
 350.00 -86.79 -43.53
 351.00 -109.89 -15.35
 352.00 -155.42  21.36
 353.00 -154.48 174.09
 354.00 -67.64 140.31
 355.00 -71.26 -35.78
 356.00 -67.97 -35.77
 357.00 -63.79 -37.69
 358.00 -66.65 -29.81
 359.00 -56.77 -39.09
 360.00 -78.36 -25.17
 361.00 -58.99 -52.38
 362.00 -55.07 -32.93
 363.00 -62.05 -48.91
 364.00 -74.07 -55.22
 365.00 -69.30 -35.92
 366.00 -75.09 -42.21
 367.00 -65.05 -23.79
 368.00 -62.36 -39.96
 369.00 -54.59 -51.46
 370.00 -55.39 -32.79
 371.00 -64.91 -28.48
 372.00 -70.90 -15.22
 373.00 -119.90  -6.98
 374.00 -87.21   0.08
 375.00 -70.70 -33.63
 376.00 -56.02 -23.87
 377.00 -68.11 -44.71
 378.00 -59.54 -39.37
 379.00 -75.95 -44.38
 380.00 -59.36 -33.17
 381.00 -79.01 -39.31
 382.00 -110.92 -28.66
 383.00 -143.55  -8.51
 384.00 -66.48 121.69
 385.00 -69.38 -41.45
 386.00 -59.96 -36.21
 387.00 -62.24 -53.17
 388.00 -71.44 -30.91
 389.00 -70.20 -39.50
 390.00 -58.55 -46.98
 391.00 -72.92 -39.87
 392.00 -86.28 -14.97
 393.00 -60.96 -50.34
 394.00 -62.05 -29.01
 395.00 -87.19 -19.04
 396.00  57.02  -4.76
 397.00 -137.95  50.51
 398.00 -123.88 143.63


