 residuo Phi Psi
  69.00 -47.25  85.01
  70.00 -63.16 -28.03
  71.00 -64.71 -31.31
  72.00 -78.92 -26.56
  73.00 -63.58 -30.88
  74.00 -57.63 -45.34
  75.00 -71.81 -31.88
  76.00 -56.89 -47.57
  77.00 -69.48 -34.14
  78.00 -62.90 -43.56
  79.00 -73.65 -36.69
  80.00 -65.68 -28.61
  81.00 -51.15 -45.09
  82.00 -51.23 -40.02
  83.00 -67.14 -35.54
  84.00 -56.94 -45.35
  85.00 -61.77 -52.06
  86.00 -49.77 -50.84
  87.00 -82.93 -34.03
  88.00 -71.07 -45.20
  89.00 -72.16 -57.10
  90.00 -114.58  -2.02
  91.00 -72.33 -27.93
  92.00 -55.28 -29.57
  93.00 -60.86 -37.47
  94.00 -73.32 -37.41
  95.00 -45.95 -46.68
  96.00 -62.97 -58.37
  97.00 -69.87 -37.16
  98.00 -70.17 -44.45
  99.00 -78.80 -23.63
 100.00 -118.78 -27.84
 101.00 -96.56 -32.49
 102.00 -52.97 107.96
 103.00 -55.60 -34.32
 104.00 -83.63 -42.35
 105.00 -88.13  -7.00
 106.00 -145.19  78.68
 107.00 -45.91 162.16
 108.00 -49.90 -50.44
 109.00 -77.22 -47.66
 110.00 -70.03 -22.91
 111.00 -69.76 -29.14
 112.00 -55.96 -53.07
 113.00 -65.24 -32.66
 114.00 -67.59 -29.32
 115.00 -58.98 -40.47
 116.00 -72.00 -41.36
 117.00 -70.42 -41.32
 118.00 -69.54 -33.53
 119.00 -79.74 -30.73
 120.00 -59.72 -46.30
 121.00 -62.66 -44.71
 122.00 -61.92 -37.99
 123.00 -60.97 -37.70
 124.00 -95.02 -21.78
 125.00 -94.15 -53.93
 126.00 -111.05 -20.01
 127.00 -61.68 -56.25
 128.00 -70.27 -34.77
 129.00 -61.18 -34.81
 130.00 -69.42 -40.32
 131.00 -69.91 -24.19
 132.00 -63.12 -41.77
 133.00 -50.00 -41.05
 134.00 -56.59 -54.16
 135.00 -99.56 -16.28
 136.00 -60.85 -36.18
 137.00  69.26 -10.78
 138.00  65.85  50.96
 139.00 -50.65  -2.09
 140.00 -77.79 146.77
 141.00 -73.33 128.00
 142.00 -136.89   4.55
 143.00 -71.56 -177.95
 144.00 -58.22 147.25
 145.00 -68.49 -38.25
 146.00 -80.89 -13.74
 147.00 -61.77 -13.92
 148.00 -56.01 -43.26
 149.00 -71.20 -44.38
 150.00 -69.57 -39.74
 151.00 -67.81 -32.48
 152.00 -56.30 -42.24
 153.00 -82.47 -38.25
 154.00 -45.08 -47.29
 155.00 -75.06 -45.73
 156.00 -59.59 -47.60
 157.00 -66.84 -48.26
 158.00 -79.95 -35.40
 159.00 -68.45 -35.24
 160.00 -56.94 -49.71
 161.00 -57.84 -37.33
 162.00 -77.82 -41.93
 163.00 -77.67 -28.13
 164.00 -71.33 -29.61
 165.00 -65.48 -27.34
 166.00 -77.57 -30.03
 167.00 -73.66 -41.77
 168.00 -79.64 -20.78
 169.00 -64.34 -43.12
 170.00 -63.71 -46.78
 171.00 -73.47 -36.99
 172.00 -72.23 -40.38
 173.00 -74.19 -21.85
 174.00 -68.24 -39.97
 175.00 -55.81 -35.56
 176.00 -83.98 -37.16
 177.00 -70.37 -11.19
 178.00 -87.34 -11.25
 179.00 -53.56 123.03
 180.00 -126.89  -6.80
 181.00 -61.19   6.36
 182.00 -78.17 -12.44
 183.00 -78.95   8.17
 184.00 -75.66 122.79
 185.00 -65.69 -19.21
 186.00 -153.21 129.68
 187.00 -76.38 135.69
 188.00 -62.24 132.40
 189.00 -66.42 -50.62
 190.00 -70.60 -39.52
 191.00 -82.10 -25.85
 192.00 -58.04 -39.79
 193.00 -60.08 -36.92
 194.00 -74.74 -35.12
 195.00 -68.08 -32.36
 196.00 -56.64 -48.88
 197.00 -67.32 -37.21
 198.00 -71.87 -31.64
 199.00 -59.63 -48.53
 200.00 -66.81 -45.10
 201.00 -71.48 -36.74
 202.00 -66.46 -32.14
 203.00 -66.47 -35.47
 204.00 -52.68 -50.66
 205.00 -64.83 -35.88
 206.00 -92.31 -40.77
 207.00 -59.36 -22.24
 208.00 -64.01 -22.86
 209.00 -62.32 -26.26
 210.00 -68.55 -50.48
 211.00 -55.09 -35.52
 212.00 -99.41 -56.52
 213.00 -58.36 -31.66
 214.00 -85.67 -32.16
 215.00 -121.66  10.97
 216.00 -143.30 -32.46
 217.00 -65.83 119.81
 218.00 -73.80 -26.69
 219.00 -85.34  -3.54
 220.00 -116.59 -23.50
 221.00 -119.79  -6.07
 222.00 -120.32 140.66
 223.00  51.61 111.93
 224.00  72.48  43.56
 225.00 -136.14  35.11
 226.00 -82.19 146.12
 227.00 -168.16 112.51
 228.00 -64.00 130.28
 229.00 -87.70  87.54
 230.00 -53.59 -18.29
 231.00 -40.43 118.49
 232.00 -50.07 -48.07
 233.00 -67.85 -45.25
 234.00 -68.63 -39.12
 235.00 -89.23 -33.64
 236.00 -85.31 -61.68
 237.00 -49.02 -41.00
 238.00 -59.28 -49.01
 239.00 -78.61 -17.30
 240.00 -85.27 -51.83
 241.00 -80.46 -29.00
 242.00 -149.11 -16.22
 243.00 -68.70 -66.85
 244.00 -66.67 -25.70
 245.00 -61.74 -62.79
 246.00 -69.68 -23.63
 247.00 -64.34 -44.15
 248.00 -66.77 -43.55
 249.00 -59.86 -29.68
 250.00 -50.84 -54.95
 251.00 -55.03 -49.78
 252.00 -80.36 -59.61
 253.00 -69.34 -16.69
 254.00 -52.15 -51.76
 255.00 -68.15 -45.36
 256.00 -77.58 -29.68
 257.00 -60.54 -44.89
 258.00 -61.26 -45.87
 259.00 -54.46 -42.58
 260.00 -82.23 -40.60
 261.00 -62.68 -23.34
 262.00 -65.00 -51.40
 263.00 -52.51 -35.52
 264.00 -77.27 -53.37
 1001.00 -60.70 -44.23
 1002.00 -65.64 -25.62
 1003.00 -76.04 -36.61
 1004.00 -60.53 -34.74
 1005.00 -87.26 -28.35
 1006.00 -57.81 -38.45
 1007.00 -56.63 -52.79
 1008.00 -63.47 -39.52
 1009.00 -68.15 -43.51
 1010.00 -70.85 -32.26
 1011.00 -52.61 -50.68
 1012.00 -82.62 -36.75
 1013.00 -61.63 -38.71
 1014.00 -58.32 -42.36
 1015.00 -81.63 -21.47
 1016.00 -62.84 -35.95
 1017.00 -82.72 -49.87
 1018.00 -141.05  17.69
 1019.00 -70.24   1.36
 1020.00 -121.37 147.73
 1021.00 -154.89  -5.22
 1022.00 -74.65 169.09
 1023.00 -59.11 -38.34
 1024.00 -58.41 -38.29
 1025.00 -69.83 -42.55
 1026.00 -49.89 -51.74
 1027.00 -62.91 -40.91
 1028.00 -53.45 -56.13
 1029.00 -70.94 -44.52
 1030.00 -58.27 -40.88
 1031.00 -58.15 -45.34
 1032.00 -69.57 -35.28
 1033.00 -59.52 -39.28
 1034.00 -72.36 -46.68
 1035.00 -63.66 -40.41
 1036.00 -82.60 -24.66
 1037.00 -58.70 -36.70
 1038.00 -67.95 -42.99
 1039.00 -72.01 -31.59
 1040.00 -76.58 -45.97
 1041.00  47.73 -24.30
 1042.00 115.79  39.44
 1043.00 -76.67  11.60
 1044.00  74.73 -38.71
 1066.00 -82.02 168.62
 1067.00 -52.43 -16.06
 1068.00 -63.13 -47.12
 1069.00 -78.21 -28.83
 1070.00 -72.07 -19.75
 1071.00 -54.14 -42.78
 1072.00 -57.42 -52.60
 1073.00 -80.94 -28.52
 1074.00 -64.02 -32.59
 1075.00 -74.58 -35.41
 1076.00 -40.98 -36.37
 1077.00 -64.04 -54.93
 1078.00 -43.65 -54.82
 1079.00 -69.30 -44.01
 1080.00 -82.65 -34.26
 1081.00  82.73   7.77
 1082.00 -75.69  -4.42
 1083.00 -67.35  81.99
 1084.00 -59.31 -52.80
 1085.00 -54.23 -47.22
 1086.00 -62.65 -43.15
 1087.00 -45.69 -53.96
 1088.00 -69.42 -44.56
 1089.00 -73.08 -30.77
 1090.00 -59.77 -48.47
 1091.00 -59.68 -34.85
 1092.00 -75.36 -33.45
 1093.00 -58.80 -40.46
 1094.00 -56.56 -30.91
 1095.00 -77.01 -41.50
 1096.00 -66.30 -38.92
 1097.00 -60.52 -41.37
 1098.00 -69.99 -34.41
 1099.00 -65.44 -24.46
 1100.00 -72.00 -38.31
 1101.00 -73.11 -30.56
 1102.00 -60.86 -30.49
 1103.00 -51.17 -54.46
 1104.00 -76.01 -37.70
 1105.00 -65.79 -38.81
 313.00 -81.06 -20.39
 314.00 -68.42 -43.31
 315.00 -60.05 -27.91
 316.00 -50.86 -53.65
 317.00 -62.46 -37.50
 318.00 -72.00 -43.83
 319.00 -71.54 -28.89
 320.00 -53.69 -52.73
 321.00 -44.03 -43.38
 322.00 -87.64 -44.41
 323.00 -73.80 -20.62
 324.00 -40.68 -52.15
 325.00 -51.01 -47.57
 326.00 -78.14 -37.75
 327.00 -66.26 -33.41
 328.00 -62.70 -33.07
 329.00 -64.46 -48.59
 330.00 -69.44 -51.01
 331.00 -58.94 -37.22
 332.00 -65.88 -57.41
 333.00 -63.07 -43.86
 334.00 -76.31 -31.59
 335.00 -85.52 -26.87
 336.00 -58.02 -27.73
 337.00 -49.12 -38.84
 338.00 -44.38 -53.50
 339.00 -66.30 -57.27
 340.00 -62.11 -42.24
 341.00 -68.73 -40.63
 342.00 -71.70 -30.26
 343.00 -74.62 -37.90
 344.00 -63.08 -26.64
 345.00 -61.84 -45.54
 346.00 -89.03 -10.89
 347.00 -79.95 -43.44
 348.00 -90.40 -31.25
 349.00 -150.37 151.91
 350.00 -65.92 -92.68
 351.00 -106.16   1.34
 352.00 -150.30   3.32
 353.00 -105.26 143.47
 354.00 -67.48 132.68
 355.00 -69.76 -39.09
 356.00 -74.48 -29.76
 357.00 -57.48 -44.87
 358.00 -37.87 -44.88
 359.00 -53.99 -61.68
 360.00 -64.74 -39.74
 361.00 -57.86 -42.78
 362.00 -64.37 -41.96
 363.00 -58.34 -41.20
 364.00 -59.76 -65.09
 365.00 -73.30 -32.80
 366.00 -86.58 -25.25
 367.00 -77.68 -15.02
 368.00 -55.81 -46.99
 369.00 -69.83 -48.47
 370.00 -69.97 -19.08
 371.00 -72.39 -15.34
 372.00 -53.57 -31.41
 373.00 -80.64 -28.11
 374.00 -77.15 -19.99
 375.00 -64.89 -27.99
 376.00 -44.95 -47.43
 377.00 -77.27 -38.93
 378.00 -81.59 -18.06
 379.00 -65.79 -34.26
 380.00 -72.37 -29.32
 381.00 -54.40 -52.15
 382.00 -119.58 -58.01
 383.00 -132.25  10.81
 384.00 -64.32 122.16
 385.00 -79.81 -44.47
 386.00 -63.24 -29.10
 387.00 -50.75 -49.68
 388.00 -65.04 -46.06
 389.00 -65.66 -41.45
 390.00 -49.79 -50.53
 391.00 -50.81 -56.42
 392.00 -80.04 -34.12
 393.00 -71.73 -33.63
 394.00 -77.60 -24.19
 395.00 -86.46 -17.65
 396.00  57.01   0.10
 397.00 -111.83  30.79
 398.00 -145.54 156.64


