 residuo Phi Psi
  69.00 -63.29 100.59
  70.00 -132.64 149.30
  71.00 -65.04 -21.60
  72.00 -68.41 -42.51
  73.00 -70.95 -36.21
  74.00 -74.97 -36.97
  75.00 -81.78 -18.32
  76.00 -49.64 -39.66
  77.00 -63.54 -48.80
  78.00 -53.81 -48.50
  79.00 -87.66 -27.94
  80.00 -73.81 -23.72
  81.00 -54.11 -41.13
  82.00 -59.56 -38.39
  83.00 -79.63 -36.37
  84.00 -83.10 -14.23
  85.00 -60.19 -42.25
  86.00 -67.39 -48.60
  87.00 -65.58 -32.90
  88.00 -90.69 -35.27
  89.00 -53.77 -68.89
  90.00 -72.40 -27.15
  91.00 -70.15 -39.92
  92.00 -60.50 -22.53
  93.00 -73.67 -40.32
  94.00 -60.43 -43.14
  95.00 -64.73 -41.35
  96.00 -61.01 -35.01
  97.00 -56.37 -43.32
  98.00 -76.45 -48.85
  99.00 -67.21 -18.26
 100.00 -129.13 -34.72
 101.00 -84.78 -26.66
 102.00 -68.83 130.60
 103.00 -59.41 -44.97
 104.00 -91.70 -21.86
 105.00 -89.26   4.71
 106.00 -140.32  63.48
 107.00 -40.64 144.10
 108.00 -74.20 -43.38
 109.00 -84.28 -27.35
 110.00 -60.05 -28.64
 111.00 -60.50 -45.28
 112.00 -55.02 -50.19
 113.00 -60.15 -44.88
 114.00 -75.55 -22.46
 115.00 -71.43 -37.37
 116.00 -55.58 -36.91
 117.00 -63.02 -52.62
 118.00 -77.27 -25.12
 119.00 -79.32 -24.67
 120.00 -78.98 -21.88
 121.00 -62.98 -44.71
 122.00 -71.82 -27.17
 123.00 -50.81 -50.61
 124.00 -92.50 -28.44
 125.00 -124.93 -27.43
 126.00 -101.44 -36.99
 127.00 -70.59 -47.92
 128.00 -79.31 -35.07
 129.00 -67.90 -30.00
 130.00 -61.40 -41.20
 131.00 -78.56 -26.52
 132.00 -60.12 -46.31
 133.00 -48.74 -32.94
 134.00 -68.13 -34.67
 135.00 -66.12 -48.77
 136.00 -71.06 -27.84
 137.00  95.33  -5.50
 138.00  62.55  30.47
 139.00 -145.31  39.99
 140.00 -62.44 163.21
 141.00 -57.37 115.06
 142.00 -126.69 -10.64
 143.00 -55.32 174.33
 144.00 -70.83 149.92
 145.00 -64.15 -35.55
 146.00 -92.16  -6.94
 147.00 -80.06  -6.96
 148.00 -61.66 -49.07
 149.00 -80.50 -40.90
 150.00 -97.76  -1.68
 151.00 -59.84 -34.19
 152.00 -46.48 -36.75
 153.00 -72.34 -54.84
 154.00 -71.92 -31.77
 155.00 -70.58 -39.44
 156.00 -58.60 -45.36
 157.00 -69.54 -48.77
 158.00 -75.19 -39.21
 159.00 -76.96 -34.34
 160.00 -47.74 -45.98
 161.00 -52.87 -50.76
 162.00 -64.09 -57.14
 163.00 -80.87 -29.06
 164.00 -60.86 -18.64
 165.00 -71.73 -34.33
 166.00 -64.33 -48.07
 167.00 -64.54 -55.48
 168.00 -74.29 -39.29
 169.00 -67.77 -16.93
 170.00 -68.06 -44.15
 171.00 -79.37 -24.84
 172.00 -66.39 -45.86
 173.00 -74.56 -32.62
 174.00 -67.60 -38.98
 175.00 -72.13 -28.23
 176.00 -75.39 -43.87
 177.00 -92.18   5.44
 178.00 -62.90 -17.05
 179.00 -69.52 125.01
 180.00 -136.49   5.94
 181.00 -71.59  31.31
 182.00 -100.44  -8.78
 183.00 -72.56  22.04
 184.00 -76.98 136.85
 185.00 -99.96 -15.41
 186.00 -147.54 137.73
 187.00 -80.58 145.41
 188.00 -66.58 123.14
 189.00 -58.51 -37.51
 190.00 -61.44 -44.97
 191.00 -82.93 -29.43
 192.00 -75.06 -41.23
 193.00 -64.81 -31.15
 194.00 -71.13 -43.55
 195.00 -59.43 -32.89
 196.00 -62.39 -47.42
 197.00 -70.34 -31.97
 198.00 -61.99 -30.19
 199.00 -72.75 -47.71
 200.00 -53.03 -40.44
 201.00 -54.98 -53.33
 202.00 -72.82 -48.30
 203.00 -60.90 -32.19
 204.00 -63.61 -53.95
 205.00 -76.78 -17.28
 206.00 -71.91 -42.90
 207.00 -51.91 -41.41
 208.00 -52.22 -33.47
 209.00 -68.82 -36.49
 210.00 -60.50 -51.30
 211.00 -93.96 -15.32
 212.00 -64.29 -67.46
 213.00 -68.60 -48.18
 214.00 -71.58 -25.86
 215.00 -74.22 -29.67
 216.00 -157.02 -12.00
 217.00 -56.93  99.29
 218.00 -69.41 -28.67
 219.00 -86.65 -12.24
 220.00 -132.42 -22.79
 221.00 -121.71  -1.11
 222.00 -123.36 139.10
 223.00  48.38 127.50
 224.00  65.15  46.53
 225.00 -85.73   0.61
 226.00 -77.34 145.79
 227.00 -146.00  99.58
 228.00 -58.65 131.33
 229.00 -133.62 131.40
 230.00 -122.71  15.36
 231.00 -69.15 124.23
 232.00 -48.58 -23.01
 233.00 -90.29 -38.38
 234.00 -71.01 -60.63
 235.00 -124.99  -9.08
 236.00 -77.74 -58.21
 237.00 -74.94 -32.61
 238.00 -60.23 -51.24
 239.00 -60.26 -18.80
 240.00 -100.76 -43.65
 241.00 -78.14 -24.29
 242.00 -127.39 -35.66
 243.00 -75.54 -54.81
 244.00 -60.67 -38.16
 245.00 -64.79 -53.13
 246.00 -65.34 -37.70
 247.00 -55.49 -46.81
 248.00 -64.18 -51.87
 249.00 -46.90 -56.93
 250.00 -81.97 -36.05
 251.00 -82.45 -39.42
 252.00 -55.94 -43.18
 253.00 -63.12 -35.19
 254.00 -63.66 -44.07
 255.00 -64.83 -41.39
 256.00 -72.27 -31.95
 257.00 -58.88 -57.93
 258.00 -61.11 -31.11
 259.00 -63.61 -47.37
 260.00 -66.86 -51.74
 261.00 -77.41 -29.76
 262.00 -90.05 -22.77
 263.00 -52.66 -31.24
 264.00 -66.13 -41.15
 1001.00 -75.85 -37.92
 1002.00 -52.94 -26.26
 1003.00 -80.55 -32.78
 1004.00 -68.09 -22.31
 1005.00 -63.26 -39.81
 1006.00 -70.62 -43.25
 1007.00 -57.93 -34.50
 1008.00 -57.02 -52.38
 1009.00 -63.82 -37.84
 1010.00 -62.13 -52.38
 1011.00 -55.76 -40.08
 1012.00 -51.65 -61.06
 1013.00 -54.61 -41.62
 1014.00 -72.97 -42.25
 1015.00 -62.10 -43.84
 1016.00 -60.72 -40.04
 1017.00 -69.76 -42.15
 1018.00 -76.32 -33.77
 1019.00 -62.05 -28.37
 1020.00 -111.28 149.80
 1021.00 -144.62  -0.79
 1022.00 -66.76 149.56
 1023.00 -62.79 -29.78
 1024.00 -65.48 -45.95
 1025.00 -61.75 -43.37
 1026.00 -64.60 -33.77
 1027.00 -58.99 -44.92
 1028.00 -70.92 -46.84
 1029.00 -63.40 -43.83
 1030.00 -63.33 -27.50
 1031.00 -65.27 -44.39
 1032.00 -51.70 -42.29
 1033.00 -74.43 -41.58
 1034.00 -55.45 -36.11
 1035.00 -69.60 -44.98
 1036.00 -53.37 -48.95
 1037.00 -63.72 -33.91
 1038.00 -68.03 -46.38
 1039.00 -74.91 -44.00
 1040.00 -83.92 -36.42
 1041.00  50.05 -15.20
 1042.00  97.48  24.25
 1043.00 -58.94   9.38
 1044.00  83.11 -22.43
 1066.00 -59.48 163.26
 1067.00 -62.34 -22.58
 1068.00 -60.76 -46.82
 1069.00 -72.03 -33.03
 1070.00 -86.54 -22.65
 1071.00 -61.17 -38.05
 1072.00 -49.91 -35.27
 1073.00 -71.58 -47.64
 1074.00 -81.40 -17.28
 1075.00 -67.63 -40.29
 1076.00 -52.45 -36.59
 1077.00 -59.03 -55.57
 1078.00 -66.29 -42.52
 1079.00 -75.77 -26.98
 1080.00 -72.49 -34.19
 1081.00  82.86 -10.03
 1082.00 -76.60  -1.25
 1083.00 -29.10  53.50
 1084.00 -77.14 -38.70
 1085.00 -58.79 -48.27
 1086.00 -65.15 -41.55
 1087.00 -62.04 -48.77
 1088.00 -68.82 -35.86
 1089.00 -61.88 -28.88
 1090.00 -61.96 -51.08
 1091.00 -65.70 -26.39
 1092.00 -74.84 -36.40
 1093.00 -58.68 -34.40
 1094.00 -52.18 -32.98
 1095.00 -66.26 -63.49
 1096.00 -76.11 -16.14
 1097.00 -73.92 -34.97
 1098.00 -60.32 -45.96
 1099.00 -79.02 -29.34
 1100.00 -71.27 -31.20
 1101.00 -68.28 -34.91
 1102.00 -57.52 -33.85
 1103.00 -64.02 -49.97
 1104.00 -60.53 -43.79
 1105.00 -76.13 -42.58
 313.00 -83.15 -27.80
 314.00 -67.70 -40.90
 315.00 -53.87 -40.59
 316.00 -55.93 -55.38
 317.00 -58.45 -29.62
 318.00 -66.97 -38.16
 319.00 -57.98 -40.76
 320.00 -55.16 -60.87
 321.00 -68.40 -38.78
 322.00 -79.65 -34.80
 323.00 -71.67 -17.70
 324.00 -72.54 -46.68
 325.00 -71.88  -9.85
 326.00 -89.61 -11.48
 327.00 -65.60 -37.59
 328.00 -69.00 -39.08
 329.00 -51.86 -47.99
 330.00 -55.11 -59.47
 331.00 -61.61 -41.64
 332.00 -63.93 -60.22
 333.00 -68.58 -38.41
 334.00 -91.64 -37.56
 335.00 -87.83 -27.91
 336.00 -55.36 -31.00
 337.00 -53.59 -48.85
 338.00 -61.26 -35.39
 339.00 -66.14 -54.59
 340.00 -58.58 -39.54
 341.00 -63.91 -52.83
 342.00 -84.85 -25.66
 343.00 -70.43 -32.69
 344.00 -74.87 -27.11
 345.00 -47.55 -55.40
 346.00 -67.46 -54.41
 347.00 -102.93 -23.21
 348.00 -60.65 -25.55
 349.00 -141.32 131.01
 350.00 -137.58  -9.18
 351.00 -63.57 -47.93
 352.00 -100.18 -26.76
 353.00 -104.71 147.11
 354.00 -60.26 140.96
 355.00 -71.71 -40.56
 356.00 -74.55 -33.59
 357.00 -38.99 -54.55
 358.00 -50.93 -60.20
 359.00 -63.49 -55.16
 360.00 -63.83 -31.20
 361.00 -62.05 -52.60
 362.00 -56.48 -38.55
 363.00 -70.19 -44.09
 364.00 -52.56 -51.40
 365.00 -64.74 -42.66
 366.00 -65.38 -44.33
 367.00 -84.62 -15.05
 368.00 -55.45 -39.88
 369.00 -69.58 -49.76
 370.00 -55.67 -21.71
 371.00 -58.69 -30.90
 372.00 -83.27 -21.03
 373.00 -59.54 -46.17
 374.00 -91.25 -35.32
 375.00 -72.95  -8.50
 376.00 -53.85 -36.43
 377.00 -73.41 -35.88
 378.00 -57.85 -28.64
 379.00 -73.10 -43.28
 380.00 -62.60 -37.38
 381.00 -70.56 -48.39
 382.00 -117.30 -41.43
 383.00 -140.95  15.05
 384.00 -60.39 129.86
 385.00 -68.55 -38.56
 386.00 -62.77 -50.82
 387.00 -52.40 -45.38
 388.00 -58.32 -49.45
 389.00 -80.50 -41.18
 390.00 -58.06 -37.08
 391.00 -69.52 -37.49
 392.00 -70.79 -27.45
 393.00 -66.34 -50.16
 394.00 -65.40 -22.83
 395.00 -86.17 -24.89
 396.00  55.51  -2.94
 397.00 -104.99  33.19
 398.00 -126.93 134.65


