 residuo Phi Psi
  69.00 -72.65 122.04
  70.00 -132.58 148.00
  71.00 -24.13 -17.19
  72.00 -65.29 -66.79
  73.00 -78.34 -39.58
  74.00 -69.01 -30.70
  75.00 -71.01 -29.28
  76.00 -54.66 -46.84
  77.00 -72.70 -38.07
  78.00 -51.24 -52.61
  79.00 -64.48 -46.10
  80.00 -55.36 -46.14
  81.00 -46.47 -22.31
  82.00 -68.52 -38.57
  83.00 -67.22 -20.52
  84.00 -66.76 -38.67
  85.00 -50.67 -49.15
  86.00 -63.33 -60.33
  87.00 -62.56 -33.63
  88.00 -58.89 -55.77
  89.00 -47.22 -63.90
  90.00 -78.41 -42.90
  91.00 -74.06 -40.63
  92.00 -43.20 -35.86
  93.00 -62.07 -42.48
  94.00 -62.65 -46.32
  95.00 -61.52 -41.80
  96.00 -68.24 -46.54
  97.00 -56.76 -45.17
  98.00 -62.18 -57.94
  99.00 -67.65 -26.33
 100.00 -125.77 -35.18
 101.00 -89.47 -19.11
 102.00 -56.02 135.85
 103.00 -84.19 -43.84
 104.00 -97.52 -10.08
 105.00 -69.52 -13.56
 106.00 -144.23  61.22
 107.00 -46.83 148.75
 108.00 -61.25 -48.05
 109.00 -73.79 -32.92
 110.00 -73.80 -13.30
 111.00 -59.71 -44.65
 112.00 -86.78 -32.09
 113.00 -63.11 -29.09
 114.00 -59.49 -53.84
 115.00 -61.56 -42.21
 116.00 -70.08 -28.92
 117.00 -60.67 -47.57
 118.00 -68.44 -27.63
 119.00 -65.40 -44.54
 120.00 -69.17 -42.74
 121.00 -75.04 -35.90
 122.00 -61.71 -35.00
 123.00 -62.92 -46.06
 124.00 -80.64 -32.28
 125.00 -119.63 -29.77
 126.00 -99.97 -33.34
 127.00 -46.81 -62.60
 128.00 -65.60 -44.65
 129.00 -81.25 -23.49
 130.00 -59.48 -35.83
 131.00 -82.66 -31.50
 132.00 -67.81 -35.37
 133.00 -58.02 -30.79
 134.00 -45.23 -43.34
 135.00 -59.84 -58.10
 136.00 -94.88 -21.43
 137.00  77.79  20.15
 138.00  73.23  17.53
 139.00 -91.22   8.64
 140.00 -52.99 159.75
 141.00 -89.73 124.26
 142.00 -96.32 -24.71
 143.00 -45.79 177.29
 144.00 -69.62 153.73
 145.00 -55.79 -46.81
 146.00 -92.19 -10.25
 147.00 -54.56 -10.90
 148.00 -74.67 -47.31
 149.00 -65.63 -29.20
 150.00 -70.62 -36.19
 151.00 -61.96 -46.22
 152.00 -56.28 -46.25
 153.00 -63.95 -45.76
 154.00 -61.12 -46.26
 155.00 -60.39 -55.24
 156.00 -57.16 -41.50
 157.00 -55.35 -57.12
 158.00 -52.35 -47.50
 159.00 -61.47 -55.38
 160.00 -64.55 -49.72
 161.00 -66.32 -36.08
 162.00 -64.98 -53.26
 163.00 -74.81 -31.50
 164.00 -71.70 -30.30
 165.00 -71.84 -35.07
 166.00 -56.22 -39.97
 167.00 -63.66 -55.33
 168.00 -84.79 -29.13
 169.00 -59.68 -31.23
 170.00 -69.88 -44.35
 171.00 -67.15 -44.67
 172.00 -74.45 -30.40
 173.00 -46.42 -53.69
 174.00 -81.67 -39.17
 175.00 -76.25 -34.33
 176.00 -58.55 -31.41
 177.00 -69.38 -32.53
 178.00 -90.93  -6.52
 179.00 -65.08 135.69
 180.00 -123.48  -2.49
 181.00 -62.00  22.52
 182.00 -85.59 -34.03
 183.00 -81.92  29.14
 184.00 -59.27 156.93
 185.00 -44.37 -39.94
 186.00 -166.36 135.85
 187.00 -131.06 152.19
 188.00 -64.63 121.16
 189.00 -64.25 -33.86
 190.00 -51.05 -52.16
 191.00 -55.78 -51.61
 192.00 -81.22 -41.39
 193.00 -64.58 -33.43
 194.00 -69.26 -30.86
 195.00 -62.78 -43.45
 196.00 -61.06 -37.60
 197.00 -50.10 -47.36
 198.00 -51.17 -54.97
 199.00 -73.59 -50.40
 200.00 -65.55 -35.49
 201.00 -58.67 -34.23
 202.00 -78.10 -50.15
 203.00 -52.73 -36.80
 204.00 -75.42 -44.70
 205.00 -65.33 -33.72
 206.00 -74.01 -40.92
 207.00 -68.59 -24.70
 208.00 -55.40 -23.95
 209.00 -64.71 -36.90
 210.00 -53.62 -46.34
 211.00 -67.05 -50.54
 212.00 -78.70 -45.25
 213.00 -66.95 -34.21
 214.00 -75.37 -41.33
 215.00 -77.97 -25.39
 216.00 -151.05 -22.98
 217.00 -66.35 108.76
 218.00 -58.60 -22.02
 219.00 -84.40 -25.05
 220.00 -143.27 -13.97
 221.00 -107.87  -8.69
 222.00 -140.02 143.74
 223.00  51.44 112.32
 224.00  75.38  36.43
 225.00 -81.34  -8.17
 226.00 -81.22 122.91
 227.00 -158.28 116.81
 228.00 -72.72 176.81
 229.00 -64.99  52.64
 230.00 -70.79 -31.33
 231.00 -53.21 106.12
 232.00 -52.91 -27.68
 233.00 -87.51 -27.45
 234.00 -80.81 -16.83
 235.00 -64.44 -64.39
 236.00 -124.17 -17.06
 237.00 -52.18 -59.22
 238.00 -53.26 -38.84
 239.00 -60.55 -45.88
 240.00 -72.30 -51.13
 241.00 -86.95 -27.48
 242.00 -145.95 -14.77
 243.00 -83.61 -56.54
 244.00 -74.73 -25.44
 245.00 -68.22 -49.33
 246.00 -60.01 -25.65
 247.00 -69.04 -54.52
 248.00 -72.81 -19.62
 249.00 -69.99 -49.18
 250.00 -50.91 -50.69
 251.00 -89.35 -30.41
 252.00 -50.69 -41.21
 253.00 -58.94 -46.89
 254.00 -47.24 -56.45
 255.00 -71.26 -42.94
 256.00 -71.68 -33.41
 257.00 -78.44 -39.59
 258.00 -54.49 -33.96
 259.00 -72.81 -42.23
 260.00 -66.46 -31.05
 261.00 -70.02 -32.37
 262.00 -68.07 -37.17
 263.00 -62.96 -34.31
 264.00 -59.54 -49.39
 1001.00 -67.00 -39.93
 1002.00 -62.48 -24.13
 1003.00 -78.67 -38.50
 1004.00 -66.32 -33.89
 1005.00 -78.41 -30.46
 1006.00 -55.26 -36.06
 1007.00 -61.60 -49.48
 1008.00 -62.69 -41.83
 1009.00 -70.09 -36.41
 1010.00 -70.89 -50.42
 1011.00 -61.74 -37.14
 1012.00 -69.47 -47.59
 1013.00 -66.65 -32.40
 1014.00 -65.36 -33.30
 1015.00 -62.57 -40.93
 1016.00 -55.02 -41.76
 1017.00 -49.58 -53.01
 1018.00 -101.10 -36.75
 1019.00 -69.11 -10.63
 1020.00 -95.19 131.81
 1021.00 -138.56   2.79
 1022.00 -70.72 165.25
 1023.00 -57.81 -34.48
 1024.00 -67.66 -34.46
 1025.00 -67.44 -44.53
 1026.00 -69.21 -33.39
 1027.00 -64.48 -44.52
 1028.00 -72.78 -37.40
 1029.00 -73.89 -45.36
 1030.00 -61.61 -28.73
 1031.00 -80.86 -33.90
 1032.00 -76.54 -19.84
 1033.00 -58.44 -34.18
 1034.00 -57.03 -53.18
 1035.00 -71.75 -46.23
 1036.00 -59.44 -30.76
 1037.00 -65.84 -45.68
 1038.00 -61.46 -53.40
 1039.00 -54.43 -41.60
 1040.00 -69.91 -45.92
 1041.00  50.34 -31.84
 1042.00 139.23  28.92
 1043.00 -70.78  -6.03
 1044.00  70.85 -29.35
 1066.00 -55.13 153.78
 1067.00 -38.11 -28.38
 1068.00 -80.48 -39.40
 1069.00 -55.94 -44.53
 1070.00 -89.89 -22.78
 1071.00 -88.45 -14.12
 1072.00 -66.25 -20.71
 1073.00 -76.44 -23.44
 1074.00 -64.18 -40.47
 1075.00 -62.44 -41.83
 1076.00 -68.61 -24.98
 1077.00 -76.03 -39.95
 1078.00 -55.49 -33.43
 1079.00 -74.21 -46.21
 1080.00 -61.19 -39.76
 1081.00  91.60 -24.64
 1082.00 -74.45   4.39
 1083.00 -48.51  65.23
 1084.00 -68.60 -44.72
 1085.00 -53.19 -49.97
 1086.00 -72.21 -37.89
 1087.00 -61.96 -33.66
 1088.00 -55.75 -46.63
 1089.00 -61.54 -43.51
 1090.00 -77.93 -27.55
 1091.00 -75.01 -47.32
 1092.00 -44.73 -27.60
 1093.00 -88.22 -31.91
 1094.00 -66.75  -1.88
 1095.00 -53.27 -52.62
 1096.00 -52.12 -54.94
 1097.00 -62.33 -32.48
 1098.00 -65.69 -45.15
 1099.00 -63.31 -37.03
 1100.00 -72.05 -39.08
 1101.00 -52.30 -36.35
 1102.00 -75.86 -41.82
 1103.00 -48.57 -45.15
 1104.00 -66.57 -40.00
 1105.00 -65.84 -37.29
 313.00 -53.17 -42.63
 314.00 -62.89 -55.09
 315.00 -54.05 -40.53
 316.00 -63.08 -51.09
 317.00 -65.95 -34.40
 318.00 -73.38 -28.79
 319.00 -60.53 -41.95
 320.00 -81.70 -36.45
 321.00 -94.07 -12.72
 322.00 -63.52 -45.99
 323.00 -74.05 -35.05
 324.00 -62.21 -33.14
 325.00 -66.32 -29.99
 326.00 -63.66 -24.56
 327.00 -57.42 -52.16
 328.00 -67.41 -25.96
 329.00 -51.49 -60.59
 330.00 -80.67 -45.52
 331.00 -114.75  19.67
 332.00 -51.86 -65.93
 333.00 -78.67 -56.66
 334.00 -83.95  -9.60
 335.00 -78.21 -44.61
 336.00 -54.68 -32.17
 337.00 -67.00 -36.75
 338.00 -62.90 -34.63
 339.00 -47.66 -56.32
 340.00 -69.17 -61.23
 341.00 -74.76 -27.56
 342.00 -69.31 -32.04
 343.00 -64.40 -36.82
 344.00 -76.50 -40.01
 345.00 -64.06 -34.15
 346.00 -63.75 -32.25
 347.00 -84.55 -44.43
 348.00 -69.39 -58.57
 349.00 -152.15 161.66
 350.00 -95.34 -23.34
 351.00 -61.86 -54.04
 352.00 -143.77  -6.48
 353.00 -118.49 164.44
 354.00 -65.62 144.47
 355.00 -89.29 -22.87
 356.00 -70.48 -33.55
 357.00 -61.66 -33.46
 358.00 -55.67 -48.17
 359.00 -61.51 -37.26
 360.00 -71.57 -40.32
 361.00 -61.93 -48.29
 362.00 -50.52 -38.85
 363.00 -121.96 -12.35
 364.00 -62.76 -40.63
 365.00 -63.08 -36.05
 366.00 -86.84 -41.87
 367.00 -61.35 -20.22
 368.00 -48.44 -42.45
 369.00 -58.81 -59.63
 370.00 -61.41 -36.19
 371.00 -73.51 -19.08
 372.00 -67.59 -23.61
 373.00 -112.42  -5.59
 374.00 -93.25   2.50
 375.00 -50.35 -46.35
 376.00 -48.19 -40.86
 377.00 -65.23 -40.26
 378.00 -67.75 -45.65
 379.00 -65.25 -40.67
 380.00 -75.42 -22.19
 381.00 -64.18 -47.99
 382.00 -107.10 -55.68
 383.00 -140.87  11.24
 384.00 -64.82 110.98
 385.00 -62.25 -40.87
 386.00 -82.05 -33.47
 387.00 -54.15 -47.85
 388.00 -62.45 -37.34
 389.00 -59.02 -42.78
 390.00 -63.60 -47.86
 391.00 -64.75 -50.28
 392.00 -61.60 -37.23
 393.00 -66.69 -40.84
 394.00 -75.48 -35.55
 395.00 -95.01 -16.25
 396.00  65.14 -13.50
 397.00 -73.06  32.86
 398.00 -55.19  23.83


