 residuo Phi Psi
  69.00 -65.88 106.57
  70.00 -92.54 134.68
  71.00 -52.32 -43.33
  72.00 -74.57 -53.74
  73.00 -75.72 -19.98
  74.00 -71.60 -37.60
  75.00 -54.85 -43.26
  76.00 -79.44 -34.40
  77.00 -63.03 -27.82
  78.00 -58.95 -42.40
  79.00 -81.42 -38.83
  80.00 -72.40 -38.13
  81.00 -46.13 -27.91
  82.00 -58.78 -38.54
  83.00 -78.18 -25.34
  84.00 -62.80 -36.24
  85.00 -59.91 -52.87
  86.00 -72.38 -53.09
  87.00 -55.46 -28.63
  88.00 -62.56 -61.69
  89.00 -51.80 -51.13
  90.00 -81.50 -36.99
  91.00 -67.98 -44.90
  92.00 -55.22 -30.54
  93.00 -65.54 -41.09
  94.00 -71.27 -36.22
  95.00 -66.59 -34.28
  96.00 -58.07 -40.75
  97.00 -60.36 -51.05
  98.00 -73.34 -39.86
  99.00 -76.80 -23.01
 100.00 -123.22 -35.88
 101.00 -80.10 -30.28
 102.00 -66.95 118.97
 103.00 -61.29 -39.12
 104.00 -101.47 -11.36
 105.00 -81.75  -2.87
 106.00 -146.26  77.95
 107.00 -56.04 164.94
 108.00 -62.55 -42.17
 109.00 -65.09 -44.75
 110.00 -69.70 -25.33
 111.00 -71.54 -31.77
 112.00 -71.44 -37.32
 113.00 -62.56 -33.47
 114.00 -75.80 -31.54
 115.00 -57.51 -37.87
 116.00 -56.32 -49.26
 117.00 -79.61 -35.14
 118.00 -62.18 -30.52
 119.00 -83.60 -33.61
 120.00 -58.01 -31.75
 121.00 -63.81 -42.68
 122.00 -60.11 -48.12
 123.00 -61.73 -40.80
 124.00 -87.24 -21.63
 125.00 -102.29 -50.34
 126.00 -101.23 -36.07
 127.00 -49.79 -68.59
 128.00 -80.43 -40.98
 129.00 -44.67 -43.43
 130.00 -61.43 -52.26
 131.00 -58.30 -46.56
 132.00 -48.74 -46.51
 133.00 -67.36 -44.41
 134.00 -53.91 -24.97
 135.00 -74.20 -29.19
 136.00 -103.70 -21.06
 137.00  65.66   7.91
 138.00  68.37  49.29
 139.00 -77.21  -0.35
 140.00 -51.11 133.92
 141.00 -93.47 112.32
 142.00 -85.55 -11.98
 143.00 -50.88 176.65
 144.00 -47.22 142.00
 145.00 -57.58 -39.05
 146.00 -94.01 -19.85
 147.00 -65.35 -17.65
 148.00 -58.62 -48.82
 149.00 -97.77 -16.92
 150.00 -61.27 -39.93
 151.00 -60.26 -41.83
 152.00 -63.96 -44.41
 153.00 -81.57 -33.18
 154.00 -46.36 -40.70
 155.00 -62.93 -53.97
 156.00 -43.96 -53.52
 157.00 -59.25 -57.68
 158.00 -74.73 -34.42
 159.00 -65.00 -41.28
 160.00 -67.09 -48.89
 161.00 -71.28 -20.00
 162.00 -59.60 -53.68
 163.00 -68.06 -51.10
 164.00 -62.47 -28.81
 165.00 -73.67 -41.70
 166.00 -60.14 -39.42
 167.00 -58.85 -48.57
 168.00 -71.67 -39.76
 169.00 -53.95 -34.84
 170.00 -76.79 -44.92
 171.00 -78.55 -33.64
 172.00 -69.23 -34.96
 173.00 -63.06 -35.38
 174.00 -75.83 -34.98
 175.00 -48.00 -37.90
 176.00 -68.00 -48.68
 177.00 -67.95  -9.47
 178.00 -83.02 -26.14
 179.00 -61.87 139.77
 180.00 -105.56 -22.53
 181.00 -68.32  31.30
 182.00 -72.80 -26.55
 183.00 -61.89   7.48
 184.00 -59.66 148.34
 185.00 -130.08 -24.27
 186.00 -153.06 147.11
 187.00 -67.92 136.50
 188.00 -63.53 119.34
 189.00 -56.28 -36.59
 190.00 -68.91 -55.65
 191.00 -61.01 -35.03
 192.00 -53.07 -48.74
 193.00 -62.55 -52.64
 194.00 -64.67 -44.14
 195.00 -72.62 -24.24
 196.00 -58.40 -52.64
 197.00 -64.02 -45.49
 198.00 -54.11 -45.03
 199.00 -55.39 -50.07
 200.00 -60.54 -43.69
 201.00 -68.43 -48.28
 202.00 -69.24 -34.31
 203.00 -59.42 -40.04
 204.00 -57.09 -46.78
 205.00 -97.87 -12.02
 206.00 -83.69 -35.58
 207.00 -53.41 -29.49
 208.00 -43.73 -28.39
 209.00 -71.51 -29.91
 210.00 -68.85 -51.97
 211.00 -73.80 -16.03
 212.00 -102.48 -60.03
 213.00 -69.45 -46.36
 214.00 -74.68 -26.28
 215.00 -82.11  -9.80
 216.00 -159.70  -6.21
 217.00 -69.23 128.93
 218.00 -55.92 -29.08
 219.00 -76.77 -22.45
 220.00 -129.41 -19.92
 221.00 -124.74  -0.03
 222.00 -136.73 122.31
 223.00  46.17 127.24
 224.00  63.13  48.49
 225.00 -87.14  -5.87
 226.00 -74.58 128.49
 227.00 -124.83  91.29
 228.00 -63.44 154.96
 229.00 -78.18  74.47
 230.00 -68.65 -19.79
 231.00 -64.34  98.56
 232.00 -68.10 -23.27
 233.00 -68.32 -22.24
 234.00 -81.15 -24.22
 235.00 -77.38 -54.84
 236.00 -122.45 -18.17
 237.00 -47.20 -56.05
 238.00 -69.39 -39.92
 239.00 -68.77 -16.88
 240.00 -76.12 -46.15
 241.00 -103.06 -22.22
 242.00 -161.60  10.42
 243.00 -53.58 -82.38
 244.00 -81.00 -33.34
 245.00 -66.98 -56.58
 246.00 -69.29 -19.61
 247.00 -66.93 -41.82
 248.00 -57.65 -44.67
 249.00 -65.56 -46.74
 250.00 -64.11 -44.88
 251.00 -67.83 -48.76
 252.00 -71.31 -40.10
 253.00 -70.38 -30.10
 254.00 -51.92 -46.26
 255.00 -66.94 -40.86
 256.00 -56.67 -37.74
 257.00 -65.91 -50.78
 258.00 -59.02 -44.50
 259.00 -67.01 -39.60
 260.00 -68.70 -35.52
 261.00 -70.32 -29.18
 262.00 -62.80 -34.60
 263.00 -42.07 -60.39
 264.00 -66.93 -49.87
 1001.00 -61.16 -39.60
 1002.00 -68.55 -16.46
 1003.00 -69.96 -35.83
 1004.00 -94.94 -12.62
 1005.00 -68.14 -30.38
 1006.00 -58.75 -35.29
 1007.00 -83.52 -33.07
 1008.00 -65.58 -34.50
 1009.00 -69.14 -37.12
 1010.00 -58.05 -49.78
 1011.00 -70.88 -44.16
 1012.00 -77.83 -37.45
 1013.00 -73.55 -23.86
 1014.00 -67.13 -38.52
 1015.00 -65.06 -20.64
 1016.00 -61.28 -50.29
 1017.00 -48.95 -42.80
 1018.00 -108.89 -36.25
 1019.00 -76.47   8.46
 1020.00 -146.58 167.26
 1021.00 -123.82 -10.54
 1022.00 -56.85 145.92
 1023.00 -70.59 -38.47
 1024.00 -61.94 -25.46
 1025.00 -57.73 -55.25
 1026.00 -59.52 -42.71
 1027.00 -63.69 -38.77
 1028.00 -56.52 -53.37
 1029.00 -68.35 -41.91
 1030.00 -64.46 -36.62
 1031.00 -73.36 -31.46
 1032.00 -68.88 -34.15
 1033.00 -68.77 -32.29
 1034.00 -64.95 -42.32
 1035.00 -70.19 -43.23
 1036.00 -78.02 -21.42
 1037.00 -69.45 -33.53
 1038.00 -72.77 -38.10
 1039.00 -63.43 -40.71
 1040.00 -77.31 -36.79
 1041.00  28.37 -29.46
 1042.00 130.82  41.86
 1043.00 -68.94  -5.58
 1044.00  65.89 -19.92
 1066.00 -75.20 168.53
 1067.00 -51.38 -23.23
 1068.00 -66.55 -40.83
 1069.00 -77.69 -31.77
 1070.00 -78.15 -30.90
 1071.00 -72.28 -20.04
 1072.00 -52.39 -44.17
 1073.00 -65.33 -33.96
 1074.00 -75.54 -39.52
 1075.00 -67.50 -30.61
 1076.00 -84.62 -21.61
 1077.00 -48.23 -42.85
 1078.00 -60.42 -53.21
 1079.00 -53.16 -50.70
 1080.00 -74.12 -38.82
 1081.00  78.31   6.92
 1082.00 -72.05  -3.60
 1083.00 -60.52  59.13
 1084.00 -80.61 -36.13
 1085.00 -67.57 -34.58
 1086.00 -70.02 -41.53
 1087.00 -61.67 -29.50
 1088.00 -60.03 -56.38
 1089.00 -69.89 -37.61
 1090.00 -61.01 -41.79
 1091.00 -63.21 -39.56
 1092.00 -68.26 -31.97
 1093.00 -71.56 -27.43
 1094.00 -62.45  -9.14
 1095.00 -59.73 -67.28
 1096.00 -37.31 -39.78
 1097.00 -62.62 -64.73
 1098.00 -60.60 -39.24
 1099.00 -70.68 -40.64
 1100.00 -57.59 -40.54
 1101.00 -55.68 -44.57
 1102.00 -63.63 -40.98
 1103.00 -58.26 -49.22
 1104.00 -61.68 -40.75
 1105.00 -63.15 -49.78
 313.00 -65.21 -31.76
 314.00 -63.89 -44.42
 315.00 -62.50 -39.51
 316.00 -80.38 -42.28
 317.00 -66.09 -18.02
 318.00 -61.20 -47.68
 319.00 -63.06 -40.61
 320.00 -65.78 -35.41
 321.00 -67.25 -30.47
 322.00 -59.08 -47.47
 323.00 -66.45 -52.18
 324.00 -57.80 -37.28
 325.00 -62.71 -36.62
 326.00 -59.68 -28.47
 327.00 -63.63 -40.43
 328.00 -53.91 -45.58
 329.00 -57.70 -55.46
 330.00 -50.73 -53.99
 331.00 -67.91 -38.74
 332.00 -73.82 -35.07
 333.00 -70.33 -34.65
 334.00 -95.75 -34.09
 335.00 -103.45 -29.85
 336.00 -60.03 -27.75
 337.00 -57.53 -37.34
 338.00 -63.54 -47.26
 339.00 -73.81 -46.44
 340.00 -66.11 -31.16
 341.00 -76.91 -34.02
 342.00 -60.72 -33.28
 343.00 -61.14 -45.76
 344.00 -51.36 -53.21
 345.00 -70.35 -42.86
 346.00 -82.76 -17.47
 347.00 -103.76 -23.70
 348.00 -71.80 -45.99
 349.00 -135.88 150.09
 350.00 -65.29 -69.50
 351.00 -73.09 -39.71
 352.00 -158.65   0.46
 353.00 -116.32 151.91
 354.00 -69.58 132.58
 355.00 -68.27 -27.00
 356.00 -65.98 -43.78
 357.00 -59.70 -44.68
 358.00 -66.04 -46.73
 359.00 -67.10 -35.41
 360.00 -65.65 -33.99
 361.00 -67.36 -48.01
 362.00 -50.49 -36.71
 363.00 -89.09 -43.82
 364.00 -62.34 -41.11
 365.00 -65.26 -44.96
 366.00 -91.70 -35.45
 367.00 -65.29 -13.46
 368.00 -65.12 -39.40
 369.00 -56.16 -54.86
 370.00 -60.06 -27.69
 371.00 -64.31 -23.59
 372.00 -71.73 -28.20
 373.00 -102.37 -13.67
 374.00 -90.42 -11.32
 375.00 -66.57 -32.62
 376.00 -53.92 -31.66
 377.00 -70.79 -36.03
 378.00 -64.05 -32.73
 379.00 -62.07 -48.15
 380.00 -77.96 -16.56
 381.00 -83.17 -42.81
 382.00 -114.31 -41.89
 383.00 -150.53  23.64
 384.00 -76.41 134.39
 385.00 -66.72 -43.15
 386.00 -45.55 -57.45
 387.00 -46.28 -55.11
 388.00 -65.07 -52.36
 389.00 -94.65 -22.54
 390.00 -52.77 -33.76
 391.00 -68.86 -34.02
 392.00 -74.16 -35.93
 393.00 -68.81 -38.33
 394.00 -68.39 -34.35
 395.00 -64.39 -20.24
 396.00  65.93 -25.06
 397.00 -117.05  41.27
 398.00 -104.78 105.49


