 residuo Phi Psi
  69.00 -77.44 132.25
  70.00 -157.53 157.50
  71.00 -61.18 -23.54
  72.00 -68.45 -41.13
  73.00 -67.35 -38.56
  74.00 -58.83 -46.40
  75.00 -75.59 -37.29
  76.00 -48.93 -41.13
  77.00 -67.55 -47.27
  78.00 -75.29 -27.31
  79.00 -65.63 -30.81
  80.00 -66.73 -43.56
  81.00 -62.37 -33.22
  82.00 -69.87 -23.52
  83.00 -54.50 -45.93
  84.00 -58.74 -40.54
  85.00 -67.97 -43.69
  86.00 -85.36 -31.88
  87.00 -75.63 -17.09
  88.00 -65.35 -45.35
  89.00 -63.72 -42.79
  90.00 -69.51 -43.50
  91.00 -81.79 -24.57
  92.00 -60.65 -35.55
  93.00 -59.48 -44.12
  94.00 -62.24 -45.46
  95.00 -63.79 -38.61
  96.00 -63.11 -35.62
  97.00 -70.66 -48.54
  98.00 -80.66 -41.49
  99.00 -55.02 -33.27
 100.00 -98.16 -45.37
 101.00 -77.85 -41.78
 102.00 -60.34 116.39
 103.00 -71.98 -22.62
 104.00 -81.09 -33.91
 105.00 -66.69  -6.52
 106.00 -131.94  62.88
 107.00 -46.00 159.23
 108.00 -53.05 -46.08
 109.00 -66.50 -52.65
 110.00 -79.32 -19.15
 111.00 -75.41 -24.85
 112.00 -66.77 -38.39
 113.00 -65.84 -44.43
 114.00 -81.66 -25.41
 115.00 -56.70 -34.67
 116.00 -56.05 -45.44
 117.00 -73.07 -47.95
 118.00 -65.23 -20.65
 119.00 -70.97 -40.00
 120.00 -57.02 -45.47
 121.00 -57.59 -51.17
 122.00 -72.76 -38.85
 123.00 -79.76 -31.85
 124.00 -53.81 -35.15
 125.00 -105.78 -53.40
 126.00 -121.74 -30.19
 127.00 -43.40 -52.60
 128.00 -68.36 -34.58
 129.00 -98.40 -26.54
 130.00 -53.65 -24.88
 131.00 -79.79 -41.23
 132.00 -67.54 -40.14
 133.00 -61.22 -27.30
 134.00 -64.93 -37.64
 135.00 -60.14 -44.73
 136.00 -81.91 -40.18
 137.00  67.63  22.58
 138.00  46.94  50.60
 139.00 -134.47  49.16
 140.00 -60.28 159.75
 141.00 -72.46 114.31
 142.00 -129.71  -7.55
 143.00 -52.04 174.19
 144.00 -42.77 131.57
 145.00 -69.43 -48.34
 146.00 -106.21   8.60
 147.00 -77.75  -2.86
 148.00 -69.29 -44.12
 149.00 -72.51 -36.62
 150.00 -62.20 -29.44
 151.00 -72.38 -48.96
 152.00 -58.63 -14.59
 153.00 -59.53 -48.41
 154.00 -73.42 -46.68
 155.00 -69.58 -39.77
 156.00 -52.99 -41.55
 157.00 -68.81 -58.76
 158.00 -62.86 -34.76
 159.00 -75.50 -38.08
 160.00 -65.75 -42.28
 161.00 -64.59 -33.25
 162.00 -68.26 -50.84
 163.00 -67.73 -40.61
 164.00 -67.10 -39.32
 165.00 -83.87 -18.40
 166.00 -73.82 -40.13
 167.00 -75.51 -17.49
 168.00 -56.18 -51.72
 169.00 -61.60 -43.38
 170.00 -59.52 -49.54
 171.00 -55.10 -54.65
 172.00 -74.68 -38.37
 173.00 -53.82 -47.46
 174.00 -66.63 -38.26
 175.00 -67.45 -37.83
 176.00 -75.28 -41.87
 177.00 -66.89 -10.50
 178.00 -73.95 -17.27
 179.00 -68.14 132.59
 180.00 -93.67 -24.61
 181.00 -67.64  28.80
 182.00 -90.49  -0.12
 183.00 -157.11 123.29
 184.00 -57.45 148.46
 185.00 -127.90 -17.62
 186.00 -154.49 147.91
 187.00 -59.89 139.83
 188.00 -65.64 123.84
 189.00 -65.05 -36.50
 190.00 -65.51 -51.76
 191.00 -88.40 -18.15
 192.00 -67.76 -41.38
 193.00 -67.71 -34.72
 194.00 -88.45 -18.09
 195.00 -57.47 -46.77
 196.00 -74.71 -42.22
 197.00 -71.53 -31.12
 198.00 -71.93 -32.75
 199.00 -57.72 -42.29
 200.00 -65.41 -43.27
 201.00 -56.92 -54.39
 202.00 -65.23 -34.85
 203.00 -54.78 -46.27
 204.00 -65.68 -31.08
 205.00 -64.71 -44.56
 206.00 -87.52 -42.43
 207.00 -53.38 -30.73
 208.00 -65.76 -15.74
 209.00 -58.31 -14.95
 210.00 -64.16 -60.22
 211.00 -64.25 -19.53
 212.00 -82.65 -53.64
 213.00 -39.74 -45.97
 214.00 -77.69 -66.00
 215.00 -82.93 -11.54
 216.00 -163.38 -28.08
 217.00 -62.18 112.51
 218.00 -64.14 -34.84
 219.00 -84.72 -12.90
 220.00 -130.87 -18.88
 221.00 -129.63  -5.91
 222.00 -140.41 124.36
 223.00  52.67 136.16
 224.00  78.30  27.41
 225.00 -99.40  -3.86
 226.00 -95.47 168.46
 227.00 -147.76 110.93
 228.00 -71.89 148.40
 229.00 -157.59 122.51
 230.00 -141.77  28.15
 231.00 -62.95 147.23
 232.00 -48.07 -34.25
 233.00 -89.92 -37.75
 234.00 -75.71 -57.35
 235.00 -122.06 -26.91
 236.00 -129.93  -7.31
 237.00 -60.68 -61.62
 238.00 -46.80 -49.82
 239.00 -74.74 -22.59
 240.00 -74.28 -48.74
 241.00 -89.78 -18.52
 242.00 -152.64 -13.07
 243.00 -68.45 -71.46
 244.00 -67.39 -26.93
 245.00 -61.81 -64.30
 246.00 -40.76 -37.90
 247.00 -67.32 -55.47
 248.00 -67.70 -33.84
 249.00 -74.72 -44.53
 250.00 -62.46 -42.26
 251.00 -75.35 -37.17
 252.00 -56.59 -48.03
 253.00 -69.86 -29.28
 254.00 -65.58 -34.73
 255.00 -64.00 -44.89
 256.00 -84.01 -25.16
 257.00 -81.14 -41.85
 258.00 -55.66 -23.49
 259.00 -67.47 -47.22
 260.00 -86.34 -26.07
 261.00 -73.76 -17.69
 262.00 -49.49 -51.12
 263.00 -63.80 -38.38
 264.00 -63.79 -42.34
 1001.00 -72.76 -39.26
 1002.00 -50.08 -34.95
 1003.00 -75.86 -37.65
 1004.00 -67.26 -30.57
 1005.00 -73.57 -37.76
 1006.00 -53.25 -38.52
 1007.00 -67.26 -49.27
 1008.00 -64.05 -39.02
 1009.00 -58.28 -41.04
 1010.00 -71.56 -45.73
 1011.00 -82.72 -24.85
 1012.00 -69.47 -44.31
 1013.00 -57.09 -27.48
 1014.00 -63.70 -44.93
 1015.00 -66.13 -26.86
 1016.00 -67.89 -49.79
 1017.00 -56.60 -36.61
 1018.00 -106.15 -32.71
 1019.00 -59.64  -6.90
 1020.00 -129.23 149.40
 1021.00 -131.71 -13.44
 1022.00 -65.69 128.22
 1023.00 -65.96 -15.43
 1024.00 -63.47 -35.20
 1025.00 -67.95 -42.12
 1026.00 -53.71 -49.77
 1027.00 -62.78 -48.57
 1028.00 -62.29 -52.46
 1029.00 -66.01 -41.12
 1030.00 -53.78 -46.36
 1031.00 -66.67 -33.25
 1032.00 -65.44 -39.43
 1033.00 -48.89 -41.55
 1034.00 -57.80 -48.76
 1035.00 -60.18 -55.47
 1036.00 -63.73 -42.28
 1037.00 -66.89 -39.66
 1038.00 -70.27 -34.37
 1039.00 -60.83 -42.78
 1040.00 -72.59 -39.23
 1041.00  61.28 -27.51
 1042.00 122.29  26.80
 1043.00 -81.07   1.07
 1044.00  63.47 -38.24
 1066.00 -52.27 162.58
 1067.00 -63.17 -21.47
 1068.00 -52.56 -43.66
 1069.00 -63.57 -40.34
 1070.00 -75.60 -32.21
 1071.00 -63.67 -33.37
 1072.00 -81.85 -30.70
 1073.00 -73.77 -21.07
 1074.00 -71.48 -37.11
 1075.00 -81.33 -27.16
 1076.00 -60.33 -20.57
 1077.00 -58.48 -50.39
 1078.00 -71.97 -39.12
 1079.00 -64.09 -39.45
 1080.00 -66.88 -26.21
 1081.00  93.40 -23.88
 1082.00 -86.62  10.17
 1083.00 -59.70  72.87
 1084.00 -66.67 -48.48
 1085.00 -68.91 -45.68
 1086.00 -77.69 -24.53
 1087.00 -70.45 -33.36
 1088.00 -67.27 -31.99
 1089.00 -61.59 -36.30
 1090.00 -68.15 -47.37
 1091.00 -65.64 -25.66
 1092.00 -67.70 -39.86
 1093.00 -60.04 -31.30
 1094.00 -58.61 -29.51
 1095.00 -68.75 -49.87
 1096.00 -84.93 -19.83
 1097.00 -53.74 -44.46
 1098.00 -72.51 -58.90
 1099.00 -67.55 -25.25
 1100.00 -59.83 -40.75
 1101.00 -69.36 -28.88
 1102.00 -58.14 -42.91
 1103.00 -55.26 -44.09
 1104.00 -90.92 -35.05
 1105.00 -45.12 -32.71
 313.00 -55.19 -40.90
 314.00 -62.32 -55.67
 315.00 -63.37 -32.09
 316.00 -64.96 -43.93
 317.00 -69.54 -33.58
 318.00 -63.75 -39.38
 319.00 -50.23 -50.62
 320.00 -68.59 -52.16
 321.00 -60.11 -37.21
 322.00 -75.43 -39.82
 323.00 -59.29 -29.65
 324.00 -62.00 -40.18
 325.00 -47.98 -50.84
 326.00 -70.22 -43.96
 327.00 -66.62 -34.57
 328.00 -62.00 -43.91
 329.00 -63.76 -48.66
 330.00 -71.55 -39.44
 331.00 -83.68 -20.22
 332.00 -32.71 -58.79
 333.00 -76.28 -59.38
 334.00 -80.68 -29.76
 335.00 -112.71 -13.97
 336.00 -53.01 -25.95
 337.00 -55.11 -46.48
 338.00 -56.49 -38.42
 339.00 -70.65 -55.93
 340.00 -66.66 -42.24
 341.00 -78.00 -24.66
 342.00 -70.06 -29.73
 343.00 -69.31 -35.20
 344.00 -57.48 -43.03
 345.00 -66.51 -35.93
 346.00 -109.94  -4.27
 347.00 -72.41 -26.10
 348.00 -54.11 -57.76
 349.00 -148.08 158.03
 350.00 -72.84 -74.32
 351.00 -72.27 -32.42
 352.00 -130.09  -5.13
 353.00 -125.44 154.39
 354.00 -53.02 116.70
 355.00 -66.65 -31.16
 356.00 -76.67 -42.15
 357.00 -62.89 -43.64
 358.00 -68.77 -32.05
 359.00 -61.82 -48.94
 360.00 -63.73 -37.98
 361.00 -68.15 -45.87
 362.00 -68.47 -39.11
 363.00 -105.00  -9.82
 364.00 -65.16 -29.67
 365.00 -67.35 -39.13
 366.00 -67.60 -31.19
 367.00 -75.92 -21.32
 368.00 -51.98 -48.36
 369.00 -62.42 -48.20
 370.00 -75.22 -13.21
 371.00 -63.18 -30.12
 372.00 -66.32 -34.41
 373.00 -127.46  -6.87
 374.00 -83.75 -10.28
 375.00 -59.95 -24.54
 376.00 -59.09 -40.77
 377.00 -63.61 -33.80
 378.00 -51.21 -50.14
 379.00 -62.80 -51.31
 380.00 -72.99 -38.13
 381.00 -68.17 -50.15
 382.00 -118.21 -27.21
 383.00 -138.74   3.23
 384.00 -70.42 104.07
 385.00 -64.57 -32.83
 386.00 -66.97 -43.55
 387.00 -63.06 -40.89
 388.00 -77.55 -39.23
 389.00 -73.78 -26.44
 390.00 -45.09 -46.01
 391.00 -58.74 -53.83
 392.00 -82.36 -20.76
 393.00 -66.62 -50.60
 394.00 -68.44 -35.85
 395.00 -96.87 -19.69
 396.00  44.19   4.77
 397.00 -75.77  38.06
 398.00 -126.54 108.73


