 residuo Phi Psi
  69.00 -130.37 144.68
  70.00 -55.00 -10.45
  71.00 -62.59 -30.80
  72.00 -62.03 -51.01
  73.00 -65.33 -30.73
  74.00 -60.40 -52.87
  75.00 -66.12 -36.41
  76.00 -56.56 -40.42
  77.00 -72.64 -38.75
  78.00 -75.39 -34.70
  79.00 -77.53 -26.56
  80.00 -70.51 -27.55
  81.00 -58.46 -37.70
  82.00 -65.54 -29.20
  83.00 -65.64 -37.13
  84.00 -57.43 -45.45
  85.00 -68.48 -38.67
  86.00 -69.27 -38.13
  87.00 -69.41 -31.02
  88.00 -82.44 -41.12
  89.00 -50.39 -44.43
  90.00 -62.42 -53.33
  91.00 -75.30 -41.85
  92.00 -45.15 -44.45
  93.00 -71.75 -50.90
  94.00 -63.67 -28.56
  95.00 -57.07 -53.54
  96.00 -60.15 -47.21
  97.00 -62.87 -41.95
  98.00 -63.25 -53.77
  99.00 -54.19 -36.71
 100.00 -131.12 -23.33
 101.00 -67.76 -48.17
 102.00 -48.39 123.63
 103.00 -58.56 -49.52
 104.00 -101.02 -24.55
 105.00 -72.31   2.27
 106.00 -144.54  79.14
 107.00 -56.89 152.31
 108.00 -78.40 -42.53
 109.00 -63.65 -29.89
 110.00 -70.08 -22.65
 111.00 -68.82 -34.15
 112.00 -56.10 -46.53
 113.00 -65.69 -37.28
 114.00 -55.05 -38.35
 115.00 -53.46 -46.40
 116.00 -63.47 -45.61
 117.00 -82.52 -31.29
 118.00 -56.17 -31.94
 119.00 -67.78 -46.19
 120.00 -64.43 -36.68
 121.00 -56.08 -47.89
 122.00 -48.56 -45.66
 123.00 -67.23 -47.77
 124.00 -77.28 -27.81
 125.00 -116.95 -45.16
 126.00 -104.37 -25.01
 127.00 -58.69 -54.58
 128.00 -66.32 -42.11
 129.00 -79.23 -28.24
 130.00 -67.38 -37.91
 131.00 -64.21 -34.59
 132.00 -62.85 -50.78
 133.00 -58.00 -31.69
 134.00 -59.62 -47.48
 135.00 -57.75 -48.82
 136.00 -68.58 -36.05
 137.00  67.01  -1.26
 138.00  57.25  47.23
 139.00 -130.56  53.09
 140.00 -60.54 134.68
 141.00 -61.54 117.56
 142.00 -127.85 -13.35
 143.00 -58.80 -178.97
 144.00 -67.19 158.90
 145.00 -74.96 -43.83
 146.00 -82.71 -11.41
 147.00 -58.13 -23.22
 148.00 -57.44 -45.40
 149.00 -98.08 -30.24
 150.00 -65.65 -22.46
 151.00 -72.41 -49.24
 152.00 -57.49 -13.24
 153.00 -76.19 -28.37
 154.00 -65.88 -37.25
 155.00 -61.41 -39.57
 156.00 -63.08 -51.95
 157.00 -68.68 -52.71
 158.00 -75.48 -38.77
 159.00 -63.85 -30.98
 160.00 -63.94 -46.50
 161.00 -44.71 -44.97
 162.00 -71.28 -58.04
 163.00 -71.98 -33.08
 164.00 -56.01 -35.04
 165.00 -55.34 -48.24
 166.00 -52.56 -50.22
 167.00 -53.69 -49.77
 168.00 -59.97 -42.24
 169.00 -80.52 -43.33
 170.00 -56.22 -34.08
 171.00 -63.90 -41.51
 172.00 -68.48 -52.25
 173.00 -58.28 -34.61
 174.00 -78.07 -45.53
 175.00 -63.76 -29.66
 176.00 -79.82 -39.83
 177.00 -66.06 -17.66
 178.00 -54.06 -30.44
 179.00 -62.24 130.20
 180.00 -102.57 -20.81
 181.00 -73.76  17.78
 182.00 -77.57 -18.66
 183.00 -66.54  -1.18
 184.00 -62.20 133.06
 185.00 -43.29 -48.00
 186.00 -150.05 127.02
 187.00 -109.54 159.52
 188.00 -58.99 115.86
 189.00 -65.10 -43.30
 190.00 -57.20 -49.29
 191.00 -78.01 -36.27
 192.00 -54.58 -43.99
 193.00 -56.07 -50.79
 194.00 -82.44 -26.44
 195.00 -56.51 -36.97
 196.00 -65.83 -51.72
 197.00 -61.00 -37.65
 198.00 -73.15 -39.55
 199.00 -65.59 -35.49
 200.00 -68.44 -40.19
 201.00 -56.38 -39.54
 202.00 -48.43 -50.38
 203.00 -60.02 -51.15
 204.00 -62.62 -40.68
 205.00 -78.57 -23.73
 206.00 -91.05 -37.08
 207.00 -68.13 -31.10
 208.00 -61.55 -18.55
 209.00 -56.10 -30.54
 210.00 -61.70 -65.38
 211.00 -62.09 -46.51
 212.00 -64.21 -62.87
 213.00 -66.71 -27.20
 214.00 -71.55 -31.02
 215.00 -79.78 -14.49
 216.00 -148.00 -47.01
 217.00 -58.91 120.20
 218.00 -53.02 -41.34
 219.00 -91.11  -1.25
 220.00 -134.46 -26.53
 221.00 -113.43   2.13
 222.00 -150.54 140.29
 223.00  56.34 119.76
 224.00  72.94  37.35
 225.00 -86.32  -5.96
 226.00 -64.16 136.45
 227.00 -149.16 102.95
 228.00 -61.88 153.74
 229.00 -133.74 132.83
 230.00 -60.69 -32.34
 231.00 -51.83 130.98
 232.00 -63.83 -32.15
 233.00 -103.73 -12.34
 234.00 -82.29 -51.12
 235.00 -96.76 -36.22
 236.00 -69.32 -54.82
 237.00 -63.49 -37.11
 238.00 -66.65 -33.24
 239.00 -66.86 -29.06
 240.00 -79.98 -45.41
 241.00 -80.49 -32.04
 242.00 -154.43  -6.13
 243.00 -68.16 -71.25
 244.00 -61.85 -26.32
 245.00 -67.21 -62.78
 246.00 -61.04 -23.97
 247.00 -78.59 -41.30
 248.00 -85.23 -18.81
 249.00 -62.71 -51.21
 250.00 -59.74 -58.41
 251.00 -66.10 -34.10
 252.00 -55.57 -55.80
 253.00 -61.24 -39.19
 254.00 -56.22 -52.08
 255.00 -61.03 -45.76
 256.00 -57.61 -34.28
 257.00 -76.80 -48.53
 258.00 -64.56 -31.56
 259.00 -87.97 -25.34
 260.00 -61.38 -35.41
 261.00 -64.23 -37.34
 262.00 -72.79 -34.35
 263.00 -54.04 -41.30
 264.00 -70.80 -45.88
 1001.00 -70.03 -39.84
 1002.00 -60.17 -30.25
 1003.00 -71.78 -43.82
 1004.00 -82.46 -23.84
 1005.00 -63.01 -26.06
 1006.00 -75.45 -33.86
 1007.00 -56.26 -41.37
 1008.00 -72.79 -39.02
 1009.00 -69.89 -30.41
 1010.00 -55.13 -51.47
 1011.00 -70.50 -36.04
 1012.00 -79.51 -40.96
 1013.00 -61.53 -22.33
 1014.00 -48.09 -51.49
 1015.00 -62.43 -49.78
 1016.00 -70.82 -34.46
 1017.00 -62.98 -47.02
 1018.00 -111.50 -10.72
 1019.00 -69.80  -4.76
 1020.00 -123.33 163.64
 1021.00 -122.53 -38.70
 1022.00 -53.58 142.33
 1023.00 -55.63 -40.40
 1024.00 -66.98 -33.03
 1025.00 -70.02 -41.31
 1026.00 -53.30 -42.86
 1027.00 -60.59 -45.51
 1028.00 -68.31 -54.64
 1029.00 -67.61 -30.93
 1030.00 -69.39 -31.83
 1031.00 -67.14 -38.85
 1032.00 -75.29 -31.60
 1033.00 -65.81 -40.75
 1034.00 -51.36 -46.87
 1035.00 -61.79 -59.53
 1036.00 -59.52 -38.75
 1037.00 -70.34 -43.56
 1038.00 -66.81 -40.22
 1039.00 -59.31 -40.88
 1040.00 -75.26 -32.72
 1041.00  44.49 -27.53
 1042.00  97.58  38.75
 1043.00 -67.18  16.12
 1044.00  72.97 -22.06
 1066.00 -64.14 161.42
 1067.00 -55.48 -27.24
 1068.00 -73.77 -26.49
 1069.00 -55.71 -43.44
 1070.00 -63.98 -38.96
 1071.00 -56.58 -55.35
 1072.00 -75.45 -34.15
 1073.00 -61.37 -36.14
 1074.00 -68.86 -40.14
 1075.00 -63.97 -35.92
 1076.00 -59.98 -41.13
 1077.00 -76.11 -35.95
 1078.00 -68.44 -22.77
 1079.00 -73.16 -49.06
 1080.00 -65.57 -25.70
 1081.00  88.66 -10.28
 1082.00 -116.46  20.69
 1083.00 -64.54  87.80
 1084.00 -71.42 -38.52
 1085.00 -74.21 -39.58
 1086.00 -82.03 -27.44
 1087.00 -67.56 -19.53
 1088.00 -66.64 -39.66
 1089.00 -76.50 -33.07
 1090.00 -63.39 -36.81
 1091.00 -70.83 -35.85
 1092.00 -70.10 -30.97
 1093.00 -69.78 -34.03
 1094.00 -62.15 -30.52
 1095.00 -71.83 -40.64
 1096.00 -82.32 -39.92
 1097.00 -51.97 -33.67
 1098.00 -60.29 -36.72
 1099.00 -83.47 -31.48
 1100.00 -69.54 -41.89
 1101.00 -64.83 -38.76
 1102.00 -57.40 -37.08
 1103.00 -83.37 -38.51
 1104.00 -66.58 -38.60
 1105.00 -54.18 -33.98
 313.00 -82.52 -20.12
 314.00 -78.57 -37.70
 315.00 -69.56 -32.84
 316.00 -85.28 -29.72
 317.00 -73.84 -16.78
 318.00 -69.91 -39.89
 319.00 -82.52 -22.30
 320.00 -49.83 -41.57
 321.00 -64.27 -47.43
 322.00 -65.68 -37.49
 323.00 -67.64 -41.69
 324.00 -57.16 -32.75
 325.00 -52.02 -51.72
 326.00 -91.88 -31.97
 327.00 -63.97 -31.03
 328.00 -67.77 -32.90
 329.00 -60.90 -45.39
 330.00 -62.69 -47.04
 331.00 -69.54 -24.99
 332.00 -69.03 -55.87
 333.00 -63.98 -42.70
 334.00 -82.30 -37.47
 335.00 -102.29 -16.87
 336.00 -59.61 -28.33
 337.00 -49.78 -38.60
 338.00 -71.06 -43.11
 339.00 -67.86 -53.48
 340.00 -82.33 -27.89
 341.00 -69.80 -37.10
 342.00 -67.36 -23.46
 343.00 -56.03 -40.37
 344.00 -57.93 -52.39
 345.00 -57.74 -44.35
 346.00 -72.92 -33.42
 347.00 -85.67 -40.16
 348.00 -75.91 -33.97
 349.00 -135.58 127.95
 350.00 -102.21 -42.62
 351.00 -88.24 -33.11
 352.00 -135.01  -4.74
 353.00 -109.50 158.32
 354.00 -62.44 132.21
 355.00 -82.20 -30.75
 356.00 -51.82 -32.45
 357.00 -64.79 -55.56
 358.00 -56.09 -49.80
 359.00 -84.52 -26.44
 360.00 -65.64 -21.77
 361.00 -54.81 -49.75
 362.00 -66.34 -41.17
 363.00 -80.54 -23.47
 364.00 -65.84 -52.12
 365.00 -65.30 -25.61
 366.00 -70.95 -38.37
 367.00 -69.80 -24.12
 368.00 -70.58 -36.22
 369.00 -67.45 -38.36
 370.00 -59.27 -15.96
 371.00 -63.30 -28.31
 372.00 -89.76 -13.99
 373.00 -91.64 -19.78
 374.00 -94.60 -26.56
 375.00 -53.52 -35.98
 376.00 -55.10 -41.78
 377.00 -75.34 -33.75
 378.00 -61.27 -36.69
 379.00 -57.83 -51.91
 380.00 -62.94 -39.16
 381.00 -70.56 -46.25
 382.00 -101.22 -52.31
 383.00 -126.83  -2.29
 384.00 -68.40 115.71
 385.00 -82.02 -25.58
 386.00 -64.96 -42.69
 387.00 -51.81 -50.13
 388.00 -70.36 -47.19
 389.00 -68.23 -34.15
 390.00 -56.41 -42.35
 391.00 -66.12 -45.52
 392.00 -55.57 -44.67
 393.00 -79.54 -34.91
 394.00 -79.34 -34.26
 395.00 -69.07 -45.37
 396.00  62.53  -8.27
 397.00 -76.51  34.91
 398.00  44.47 -28.35


