 residuo Phi Psi
  69.00 -64.28 142.37
  70.00 -125.60 146.97
  71.00 -61.57 -15.92
  72.00 -63.49 -44.68
  73.00 -67.74 -40.65
  74.00 -60.80 -33.07
  75.00 -64.23 -37.57
  76.00 -57.01 -48.81
  77.00 -60.65 -51.26
  78.00 -65.94 -38.86
  79.00 -47.34 -56.43
  80.00 -77.01 -35.34
  81.00 -58.36 -23.13
  82.00 -48.56 -24.26
  83.00 -70.53 -52.37
  84.00 -68.20 -28.82
  85.00 -61.23 -51.13
  86.00 -53.77 -48.96
  87.00 -47.61 -48.35
  88.00 -85.08 -47.93
  89.00 -55.40 -49.54
  90.00 -67.13 -60.41
  91.00 -64.37 -36.40
  92.00 -60.36 -27.08
  93.00 -53.45 -42.51
  94.00 -47.08 -53.45
  95.00 -60.24 -51.29
  96.00 -63.62 -47.30
  97.00 -69.82 -33.74
  98.00 -66.74 -51.24
  99.00 -72.00 -37.83
 100.00 -112.88 -31.88
 101.00 -76.74 -42.65
 102.00 -53.41 118.44
 103.00 -77.18 -35.51
 104.00 -113.60   0.06
 105.00 -66.17  -2.82
 106.00 -145.08  51.37
 107.00 -37.04 148.64
 108.00 -61.06 -59.96
 109.00 -58.40 -36.71
 110.00 -68.90 -29.64
 111.00 -74.95 -22.04
 112.00 -54.86 -52.84
 113.00 -59.74 -40.20
 114.00 -78.45 -30.30
 115.00 -77.87 -17.57
 116.00 -65.84 -37.82
 117.00 -71.42 -40.54
 118.00 -61.67 -32.29
 119.00 -83.77 -26.52
 120.00 -53.12 -55.91
 121.00 -64.41 -42.71
 122.00 -55.04 -42.07
 123.00 -56.25 -53.94
 124.00 -108.41 -19.23
 125.00 -113.17 -25.53
 126.00 -101.95 -28.72
 127.00 -51.21 -58.85
 128.00 -59.09 -49.51
 129.00 -67.16 -40.25
 130.00 -78.02 -23.08
 131.00 -79.03 -28.65
 132.00 -58.61 -40.90
 133.00 -59.97 -30.50
 134.00 -76.99 -26.24
 135.00 -68.54 -39.87
 136.00 -89.67 -29.48
 137.00  74.56  16.67
 138.00  64.17  40.60
 139.00 -141.62  53.76
 140.00 -70.83 155.54
 141.00 -84.06 111.95
 142.00 -131.23  13.24
 143.00 -46.93 168.78
 144.00 -50.14 123.16
 145.00 -76.57 -21.63
 146.00 -103.03  -3.11
 147.00 -54.47  -7.15
 148.00 -60.49 -60.36
 149.00 -81.05 -39.58
 150.00 -74.49 -10.76
 151.00 -67.71 -50.29
 152.00 -56.93 -28.14
 153.00 -62.79 -41.61
 154.00 -60.88 -42.64
 155.00 -74.47 -44.99
 156.00 -57.57 -36.92
 157.00 -60.20 -62.13
 158.00 -75.48 -41.70
 159.00 -65.11 -30.47
 160.00 -65.87 -38.42
 161.00 -66.83 -31.49
 162.00 -54.58 -59.71
 163.00 -71.82 -52.91
 164.00 -69.21 -23.95
 165.00 -65.40 -35.23
 166.00 -73.74 -38.73
 167.00 -70.51 -42.68
 168.00 -62.51 -43.50
 169.00 -53.97 -40.24
 170.00 -59.23 -57.97
 171.00 -59.19 -39.84
 172.00 -69.26 -48.16
 173.00 -61.95 -43.73
 174.00 -60.09 -47.20
 175.00 -56.30 -46.48
 176.00 -72.60 -42.50
 177.00 -93.87   8.04
 178.00 -91.60  -7.00
 179.00 -55.99 127.03
 180.00 -128.45  -2.47
 181.00 -78.29  29.73
 182.00 -85.82  -8.60
 183.00 -66.16  12.54
 184.00 -63.74 131.46
 185.00 -55.46 -34.80
 186.00 -168.14 142.64
 187.00 -151.38 177.33
 188.00 -68.92 132.64
 189.00 -54.13 -42.23
 190.00 -81.94 -37.36
 191.00 -58.74 -44.17
 192.00 -60.85 -36.03
 193.00 -57.42 -50.30
 194.00 -79.32 -33.63
 195.00 -54.00 -47.96
 196.00 -54.61 -44.18
 197.00 -65.28 -42.51
 198.00 -78.39 -24.90
 199.00 -54.88 -43.57
 200.00 -54.32 -46.09
 201.00 -67.18 -41.35
 202.00 -67.63 -42.83
 203.00 -69.38 -33.15
 204.00 -52.96 -53.90
 205.00 -87.57 -15.90
 206.00 -68.93 -47.63
 207.00 -52.65 -33.55
 208.00 -51.50 -31.17
 209.00 -65.54 -29.26
 210.00 -62.99 -61.22
 211.00 -72.14 -11.19
 212.00 -81.28 -71.62
 213.00 -65.24 -46.78
 214.00 -90.24 -14.68
 215.00 -116.99  -8.18
 216.00 -146.97  -7.31
 217.00 -55.20  95.34
 218.00 -66.80 -25.06
 219.00 -50.35 -33.93
 220.00 -131.55 -30.12
 221.00 -140.33  14.06
 222.00 -146.15 153.02
 223.00  37.28 127.89
 224.00  70.81  48.52
 225.00 -84.87  -1.53
 226.00 -74.54 135.33
 227.00 -157.09 110.45
 228.00 -65.49 133.83
 229.00 -123.41 126.28
 230.00 -72.18 -29.68
 231.00 -67.40 127.65
 232.00 -54.64 -16.07
 233.00 -118.91 -25.23
 234.00 -92.97 -24.95
 235.00 -89.11 -38.03
 236.00 -81.53 -57.24
 237.00 -71.76 -49.33
 238.00 -51.45 -44.39
 239.00 -63.90 -30.70
 240.00 -80.01 -45.98
 241.00 -82.70 -19.72
 242.00 -141.50 -21.93
 243.00 -58.31 -76.75
 244.00 -56.47 -44.35
 245.00 -70.11 -58.33
 246.00 -52.19 -29.11
 247.00 -75.63 -38.22
 248.00 -65.95 -44.47
 249.00 -47.59 -55.48
 250.00 -58.73 -46.82
 251.00 -77.70 -40.72
 252.00 -63.63 -35.45
 253.00 -60.86 -34.55
 254.00 -59.81 -53.25
 255.00 -52.86 -51.38
 256.00 -74.48 -29.88
 257.00 -66.57 -53.64
 258.00 -55.76 -27.07
 259.00 -61.31 -48.66
 260.00 -87.74 -30.22
 261.00 -53.69 -34.25
 262.00 -60.89 -46.18
 263.00 -62.40 -39.24
 264.00 -61.11 -42.51
 1001.00 -64.20 -34.19
 1002.00 -67.54 -28.21
 1003.00 -71.60 -33.41
 1004.00 -76.41 -35.22
 1005.00 -60.81 -26.41
 1006.00 -50.10 -60.41
 1007.00 -61.40 -37.50
 1008.00 -73.35 -34.63
 1009.00 -70.64 -37.06
 1010.00 -59.65 -39.17
 1011.00 -72.66 -35.20
 1012.00 -78.27 -34.31
 1013.00 -54.04 -38.24
 1014.00 -61.90 -36.60
 1015.00 -77.12 -32.63
 1016.00 -62.44 -42.93
 1017.00 -70.75 -32.21
 1018.00 -85.43 -29.71
 1019.00 -55.22 -54.13
 1020.00 -104.97 127.62
 1021.00 -164.52  19.66
 1022.00 -58.54 150.95
 1023.00 -71.34 -33.62
 1024.00 -66.12 -42.96
 1025.00 -90.59 -24.50
 1026.00 -61.40 -32.94
 1027.00 -69.14 -42.25
 1028.00 -59.48 -44.33
 1029.00 -64.25 -42.94
 1030.00 -73.55 -29.87
 1031.00 -72.42 -33.02
 1032.00 -73.22 -28.84
 1033.00 -46.94 -46.68
 1034.00 -49.69 -56.45
 1035.00 -77.96 -41.76
 1036.00 -52.50 -39.23
 1037.00 -43.42 -44.88
 1038.00 -75.80 -48.56
 1039.00 -81.51 -13.65
 1040.00 -102.12 -45.20
 1041.00  54.58 -16.29
 1042.00  67.75  46.37
 1043.00 -59.66  19.99
 1044.00  81.42 -28.39
 1066.00 -73.33 139.85
 1067.00 -57.94  14.45
 1068.00 -63.23 -38.58
 1069.00 -64.81 -42.04
 1070.00 -71.23 -25.60
 1071.00 -75.53 -33.60
 1072.00 -67.77 -31.36
 1073.00 -69.37 -37.86
 1074.00 -67.53 -32.29
 1075.00 -65.83 -43.23
 1076.00 -63.18 -20.20
 1077.00 -43.96 -57.36
 1078.00 -76.07 -44.19
 1079.00 -66.47 -31.78
 1080.00 -72.79 -39.99
 1081.00  72.91   3.08
 1082.00 -81.59   2.04
 1083.00 -66.25  66.10
 1084.00 -67.50 -41.93
 1085.00 -76.38 -32.61
 1086.00 -61.11 -35.46
 1087.00 -77.37 -26.75
 1088.00 -74.49 -32.65
 1089.00 -55.38 -43.57
 1090.00 -67.88 -35.82
 1091.00 -53.60 -39.53
 1092.00 -68.13 -43.59
 1093.00 -67.33 -28.54
 1094.00 -47.92 -44.92
 1095.00 -81.72 -44.66
 1096.00 -59.06 -41.06
 1097.00 -59.97 -36.65
 1098.00 -41.79 -35.77
 1099.00 -59.49 -54.82
 1100.00 -72.47 -38.63
 1101.00 -62.98 -44.39
 1102.00 -49.87 -43.13
 1103.00 -62.20 -57.53
 1104.00 -64.07 -45.94
 1105.00 -46.97 -37.90
 313.00 -76.26 -30.29
 314.00 -67.44 -32.43
 315.00 -58.62 -43.43
 316.00 -76.29 -29.19
 317.00 -51.61 -40.40
 318.00 -54.77 -53.25
 319.00 -72.38 -43.49
 320.00 -71.31 -29.59
 321.00 -62.34 -35.54
 322.00 -70.98 -42.68
 323.00 -60.23 -35.72
 324.00 -56.15 -45.95
 325.00 -53.80 -37.63
 326.00 -77.33 -28.70
 327.00 -57.22 -46.42
 328.00 -66.92 -40.46
 329.00 -79.60 -28.91
 330.00 -52.59 -62.67
 331.00 -59.42 -48.69
 332.00 -71.31 -39.37
 333.00 -54.38 -55.83
 334.00 -92.93 -32.00
 335.00 -107.76  -2.78
 336.00 -44.93 -30.44
 337.00 -67.45 -45.99
 338.00 -52.90 -40.20
 339.00 -64.92 -56.83
 340.00 -56.27 -49.61
 341.00 -75.36 -29.83
 342.00 -58.38 -47.06
 343.00 -67.51 -43.60
 344.00 -58.24 -43.12
 345.00 -65.97 -45.36
 346.00 -98.75  -8.87
 347.00 -83.42 -45.79
 348.00 -65.43 -44.13
 349.00 -131.45 137.89
 350.00 -111.04 -45.30
 351.00 -81.55 -36.47
 352.00 -133.83   2.59
 353.00 -124.74 172.85
 354.00 -55.73 119.58
 355.00 -83.22 -21.30
 356.00 -70.16 -29.25
 357.00 -66.83 -41.24
 358.00 -52.31 -51.94
 359.00 -76.06 -34.48
 360.00 -69.13 -41.47
 361.00 -71.70 -31.29
 362.00 -68.28 -33.83
 363.00 -139.27   9.41
 364.00 -52.67 -41.33
 365.00 -76.77 -29.73
 366.00 -74.46 -32.07
 367.00 -65.14 -36.41
 368.00 -60.13 -45.83
 369.00 -72.16 -34.12
 370.00 -56.82 -35.55
 371.00 -55.20 -29.87
 372.00 -86.25  -2.51
 373.00 -86.02 -26.32
 374.00 -73.66 -13.35
 375.00 -55.09 -57.09
 376.00 -57.51 -33.22
 377.00 -77.26 -41.30
 378.00 -62.14 -31.24
 379.00 -74.61 -36.95
 380.00 -48.17 -33.91
 381.00 -78.15 -50.82
 382.00 -112.79 -36.58
 383.00 -133.65 -10.59
 384.00 -48.39 113.24
 385.00 -59.57 -45.19
 386.00 -71.28 -47.54
 387.00 -53.05 -45.32
 388.00 -55.40 -52.30
 389.00 -63.75 -31.80
 390.00 -70.94 -47.96
 391.00 -57.64 -38.15
 392.00 -74.67 -22.48
 393.00 -59.27 -62.11
 394.00 -62.04 -36.49
 395.00 -89.88 -28.20
 396.00  56.33   3.29
 397.00 -101.17  34.66
 398.00 -108.77 153.09


