 residuo Phi Psi
  69.00 -117.23 156.11
  70.00 -64.14  38.30
  71.00 -82.55 -30.89
  72.00 -64.36 -18.58
  73.00 -55.04 -35.02
  74.00 -60.62 -61.00
  75.00 -59.84 -48.22
  76.00 -67.76 -34.05
  77.00 -66.30 -32.91
  78.00 -73.83 -29.59
  79.00 -80.30 -28.52
  80.00 -78.20 -25.64
  81.00 -55.10 -40.47
  82.00 -57.12 -33.50
  83.00 -68.91 -34.62
  84.00 -74.21 -31.67
  85.00 -58.54 -44.01
  86.00 -61.03 -62.49
  87.00 -63.71 -33.35
  88.00 -86.43 -43.35
  89.00 -57.17 -47.96
  90.00 -76.28 -46.99
  91.00 -73.71 -38.16
  92.00 -56.85 -31.47
  93.00 -61.53 -34.75
  94.00 -80.97 -34.05
  95.00 -47.41 -42.17
  96.00 -58.91 -46.98
  97.00 -64.19 -53.57
  98.00 -79.92 -28.27
  99.00 -78.43 -17.97
 100.00 -137.90 -18.78
 101.00 -113.98 -10.59
 102.00 -62.40 129.01
 103.00 -61.70 -42.28
 104.00 -126.41 -11.62
 105.00 -73.80 -16.28
 106.00 -145.15  77.62
 107.00 -55.24 163.87
 108.00 -64.81 -39.30
 109.00 -72.14 -37.59
 110.00 -59.12 -22.95
 111.00 -62.30 -35.96
 112.00 -64.33 -42.06
 113.00 -77.01 -27.29
 114.00 -64.82 -31.40
 115.00 -77.47 -31.96
 116.00 -67.93 -20.08
 117.00 -67.62 -51.36
 118.00 -56.69 -34.16
 119.00 -73.54 -48.94
 120.00 -57.73 -42.53
 121.00 -66.85 -47.12
 122.00 -63.83 -38.59
 123.00 -64.93 -42.34
 124.00 -78.78 -41.20
 125.00 -106.88 -35.32
 126.00 -94.19 -44.29
 127.00 -64.60 -49.40
 128.00 -68.94 -43.12
 129.00 -82.57 -22.93
 130.00 -59.23 -35.25
 131.00 -78.61 -34.66
 132.00 -52.63 -52.49
 133.00 -59.59 -30.76
 134.00 -70.56 -39.98
 135.00 -74.43 -24.04
 136.00 -70.21 -49.82
 137.00  63.62  -2.58
 138.00  57.58  49.13
 139.00 -77.52  18.49
 140.00 -80.14 153.34
 141.00 -84.64 129.17
 142.00 -101.24 -19.29
 143.00 -65.04 -178.37
 144.00 -60.88 154.51
 145.00 -45.44 -49.53
 146.00 -87.37 -25.30
 147.00 -66.63   1.26
 148.00 -54.07 -56.82
 149.00 -83.21 -26.77
 150.00 -74.39 -35.06
 151.00 -55.83 -44.61
 152.00 -59.48 -41.15
 153.00 -72.86 -40.99
 154.00 -49.57 -41.80
 155.00 -61.71 -55.96
 156.00 -56.00 -48.69
 157.00 -55.61 -63.79
 158.00 -72.21 -38.60
 159.00 -68.81 -33.86
 160.00 -53.83 -51.06
 161.00 -65.20 -38.08
 162.00 -63.29 -59.24
 163.00 -56.56 -42.88
 164.00 -65.23 -35.51
 165.00 -71.67 -43.50
 166.00 -52.99 -42.95
 167.00 -65.01 -56.98
 168.00 -70.08 -35.69
 169.00 -64.57 -32.34
 170.00 -60.27 -42.59
 171.00 -61.42 -47.53
 172.00 -59.17 -47.50
 173.00 -67.12 -38.70
 174.00 -59.99 -40.90
 175.00 -65.85 -39.32
 176.00 -64.86 -44.56
 177.00 -72.77  -3.67
 178.00 -74.77 -28.78
 179.00 -63.38 127.49
 180.00 -114.90  -6.07
 181.00 -56.77  24.73
 182.00 -73.77 -24.22
 183.00 -69.58   2.33
 184.00 -77.98 133.48
 185.00 -71.55 -19.55
 186.00 -162.83 143.27
 187.00 -118.35 155.21
 188.00 -40.06 108.61
 189.00 -49.43 -54.45
 190.00 -68.81 -47.65
 191.00 -72.76 -25.99
 192.00 -63.80 -52.86
 193.00 -65.00 -37.61
 194.00 -69.04 -35.03
 195.00 -58.67 -49.87
 196.00 -68.84 -40.40
 197.00 -62.46 -40.87
 198.00 -68.38 -43.18
 199.00 -60.59 -34.82
 200.00 -50.55 -57.75
 201.00 -64.69 -37.21
 202.00 -69.35 -54.10
 203.00 -65.45 -26.59
 204.00 -68.60 -47.82
 205.00 -66.98 -22.07
 206.00 -86.14 -43.56
 207.00 -61.63 -24.55
 208.00 -50.47 -29.02
 209.00 -71.76 -19.60
 210.00 -75.99 -62.98
 211.00 -76.06 -25.96
 212.00 -111.31 -56.69
 213.00 -65.42 -20.58
 214.00 -60.92 -61.55
 215.00 -49.01  -2.07
 216.00 -138.14 -34.78
 217.00 -63.42 123.88
 218.00 -76.39 -15.50
 219.00 -89.11 -16.48
 220.00 -136.76   5.46
 221.00 -113.16 -27.57
 222.00 -138.95 162.89
 223.00  61.89 113.68
 224.00 100.00  23.11
 225.00 -70.00 -30.98
 226.00 -66.92 138.99
 227.00 -157.24 106.22
 228.00 -85.81 126.33
 229.00 -153.11 128.13
 230.00 -82.70  -5.38
 231.00 -52.65 124.74
 232.00 -52.81 -27.09
 233.00 -98.55 -28.07
 234.00 -74.84 -48.97
 235.00 -118.77 -24.27
 236.00 -91.21 -27.24
 237.00 -50.36 -78.09
 238.00 -59.63 -36.16
 239.00 -71.32 -14.87
 240.00 -61.84 -44.35
 241.00 -93.64 -23.93
 242.00 -148.49 -16.38
 243.00 -64.11 -64.28
 244.00 -50.69 -46.78
 245.00 -67.32 -58.20
 246.00 -56.13 -38.36
 247.00 -63.77 -41.53
 248.00 -58.22 -52.70
 249.00 -68.78 -44.61
 250.00 -62.36 -40.36
 251.00 -66.99 -53.66
 252.00 -69.05 -41.79
 253.00 -72.94 -31.15
 254.00 -52.70 -41.59
 255.00 -75.73 -43.48
 256.00 -71.60 -26.64
 257.00 -67.37 -51.57
 258.00 -76.35 -26.74
 259.00 -82.71 -22.11
 260.00 -60.96 -37.53
 261.00 -71.32 -34.99
 262.00 -66.42 -38.56
 263.00 -60.42 -32.73
 264.00 -83.37 -25.85
 1001.00 -60.69 -38.76
 1002.00 -50.79 -43.87
 1003.00 -66.52 -41.67
 1004.00 -69.53 -29.18
 1005.00 -58.44 -47.44
 1006.00 -91.05 -25.90
 1007.00 -48.18 -39.82
 1008.00 -73.76 -45.10
 1009.00 -69.49 -30.61
 1010.00 -72.32 -40.16
 1011.00 -53.17 -36.34
 1012.00 -89.46 -34.08
 1013.00 -57.27 -26.89
 1014.00 -63.67 -38.35
 1015.00 -54.24 -43.22
 1016.00 -70.91 -50.36
 1017.00 -69.29 -35.95
 1018.00 -131.89   4.12
 1019.00 -86.38   7.19
 1020.00 -111.16 131.88
 1021.00 -145.90   4.30
 1022.00 -69.91 159.67
 1023.00 -63.39 -30.36
 1024.00 -57.42 -37.15
 1025.00 -63.08 -54.56
 1026.00 -63.88 -43.71
 1027.00 -64.89 -42.87
 1028.00 -65.57 -41.91
 1029.00 -62.69 -49.16
 1030.00 -64.33 -39.33
 1031.00 -64.14 -35.64
 1032.00 -62.27 -43.12
 1033.00 -63.28 -33.70
 1034.00 -56.99 -43.30
 1035.00 -68.39 -48.05
 1036.00 -72.73 -40.18
 1037.00 -55.47 -35.65
 1038.00 -51.20 -55.64
 1039.00 -66.91 -43.08
 1040.00 -79.22 -35.43
 1041.00  35.77 -18.28
 1042.00  98.53  41.24
 1043.00 -62.74   2.45
 1044.00  72.74 -20.24
 1066.00 -66.48 153.44
 1067.00 -53.68 -17.76
 1068.00 -69.20 -42.82
 1069.00 -79.36 -37.11
 1070.00 -67.85 -22.81
 1071.00 -63.33 -39.23
 1072.00 -55.68 -47.74
 1073.00 -77.41 -30.56
 1074.00 -76.59 -24.49
 1075.00 -59.20 -33.85
 1076.00 -57.88 -23.26
 1077.00 -73.39 -39.29
 1078.00 -74.87 -28.36
 1079.00 -64.14 -44.00
 1080.00 -77.40 -30.85
 1081.00  63.05  -4.75
 1082.00 -84.72  22.89
 1083.00 -45.28  65.03
 1084.00 -68.82 -51.34
 1085.00 -73.65 -30.64
 1086.00 -60.76 -34.08
 1087.00 -68.26 -40.66
 1088.00 -77.48 -26.65
 1089.00 -64.52 -39.34
 1090.00 -85.20 -26.94
 1091.00 -64.54 -26.35
 1092.00 -69.46 -40.48
 1093.00 -60.52 -46.32
 1094.00 -59.08 -37.47
 1095.00 -48.48 -57.73
 1096.00 -69.96 -48.81
 1097.00 -52.77 -46.80
 1098.00 -70.72 -41.75
 1099.00 -101.41  -9.59
 1100.00 -65.29 -51.07
 1101.00 -62.26 -35.29
 1102.00 -69.34 -33.59
 1103.00 -58.86 -38.46
 1104.00 -70.03 -42.09
 1105.00 -63.56 -35.53
 313.00 -59.82 -34.98
 314.00 -73.99 -43.63
 315.00 -60.65 -35.46
 316.00 -72.68 -33.90
 317.00 -67.54 -38.67
 318.00 -63.87 -41.63
 319.00 -81.01 -27.89
 320.00 -65.05 -38.24
 321.00 -69.48 -24.57
 322.00 -52.49 -44.59
 323.00 -50.54 -48.33
 324.00 -76.40 -44.52
 325.00 -49.99 -32.09
 326.00 -66.49 -36.48
 327.00 -60.43 -50.22
 328.00 -64.74 -35.18
 329.00 -54.97 -62.81
 330.00 -83.39 -51.23
 331.00 -65.65 -18.54
 332.00 -61.89 -52.90
 333.00 -54.00 -50.74
 334.00 -68.28 -32.97
 335.00 -98.86 -25.70
 336.00 -64.26 -16.57
 337.00 -67.85 -41.34
 338.00 -64.15 -25.69
 339.00 -74.63 -48.41
 340.00 -52.62 -38.32
 341.00 -63.66 -46.38
 342.00 -65.95 -30.57
 343.00 -56.50 -63.01
 344.00 -55.75 -32.08
 345.00 -66.20 -60.23
 346.00 -69.99 -24.23
 347.00 -83.18 -55.84
 348.00 -69.98 -20.13
 349.00 -160.27 162.82
 350.00 -81.90 -68.00
 351.00 -132.94 -12.57
 352.00 -77.58 -10.53
 353.00 -145.52 152.84
 354.00 -59.50 142.76
 355.00 -71.46 -34.58
 356.00 -99.98 -21.79
 357.00 -64.68 -33.64
 358.00 -75.61 -34.78
 359.00 -66.87 -27.66
 360.00 -71.26 -38.99
 361.00 -55.78 -50.81
 362.00 -70.87 -39.98
 363.00 -78.22 -21.76
 364.00 -79.47 -48.97
 365.00 -59.13 -16.81
 366.00 -70.91 -47.86
 367.00 -59.79 -29.93
 368.00 -51.63 -48.08
 369.00 -74.88 -54.06
 370.00 -63.44 -14.45
 371.00 -69.76 -23.58
 372.00 -73.38 -15.78
 373.00 -85.49 -17.15
 374.00 -97.02 -11.89
 375.00 -52.03 -25.73
 376.00 -55.68 -51.66
 377.00 -57.10 -35.56
 378.00 -70.05 -38.52
 379.00 -53.91 -50.65
 380.00 -74.07 -33.49
 381.00 -82.77 -35.89
 382.00 -116.18 -27.23
 383.00 -141.35  -1.63
 384.00 -62.73 127.72
 385.00 -77.01 -28.68
 386.00 -58.23 -51.27
 387.00 -63.55 -53.05
 388.00 -71.17 -28.73
 389.00 -62.11 -44.81
 390.00 -60.22 -44.05
 391.00 -71.55 -38.52
 392.00 -66.82 -38.55
 393.00 -75.71 -38.53
 394.00 -82.64 -30.00
 395.00 -75.05 -27.36
 396.00  59.13   2.00
 397.00 -136.16  48.79
 398.00 -138.19 145.37


