 residuo Phi Psi
  69.00 -78.73 133.43
  70.00 -159.50 159.88
  71.00 -62.61 -13.19
  72.00 -63.74 -38.09
  73.00 -67.61 -49.07
  74.00 -74.99 -36.40
  75.00 -50.84 -48.84
  76.00 -57.10 -44.43
  77.00 -69.99 -44.28
  78.00 -69.86 -37.61
  79.00 -73.90 -38.17
  80.00 -79.99 -28.31
  81.00 -58.05 -31.06
  82.00 -49.44 -35.40
  83.00 -61.21 -40.34
  84.00 -69.40 -45.64
  85.00 -54.17 -42.18
  86.00 -70.42 -63.16
  87.00 -71.21 -15.15
  88.00 -56.68 -66.97
  89.00 -61.61 -52.69
  90.00 -60.87 -58.16
  91.00 -75.81 -25.22
  92.00 -55.82 -37.72
  93.00 -60.76 -44.21
  94.00 -84.25 -30.61
  95.00 -49.89 -40.69
  96.00 -76.15 -39.74
  97.00 -60.53 -42.33
  98.00 -53.51 -59.69
  99.00 -76.97 -32.13
 100.00 -128.48 -18.59
 101.00 -71.27 -41.66
 102.00 -61.78 118.54
 103.00 -93.56 -14.72
 104.00 -102.33  -7.27
 105.00 -88.47   2.91
 106.00 -119.25  62.50
 107.00 -53.95 144.71
 108.00 -48.95 -36.58
 109.00 -48.12 -51.00
 110.00 -67.75 -38.38
 111.00 -67.03 -33.37
 112.00 -61.95 -40.48
 113.00 -65.95 -49.35
 114.00 -54.83 -42.54
 115.00 -50.56 -48.98
 116.00 -74.04 -32.40
 117.00 -61.61 -36.43
 118.00 -70.82 -32.09
 119.00 -59.97 -57.06
 120.00 -65.75 -30.12
 121.00 -87.98 -36.30
 122.00 -42.43 -27.31
 123.00 -77.62 -48.66
 124.00 -71.51 -30.66
 125.00 -112.94 -38.43
 126.00 -99.76 -40.29
 127.00 -67.13 -48.32
 128.00 -69.39 -25.27
 129.00 -75.57 -31.12
 130.00 -51.34 -50.46
 131.00 -62.26 -44.71
 132.00 -62.30 -41.49
 133.00 -55.64 -25.62
 134.00 -71.12 -28.60
 135.00 -79.84 -48.98
 136.00 -65.13 -30.93
 137.00  98.33 -17.88
 138.00  59.81  51.28
 139.00 -132.87  33.22
 140.00 -64.75 160.40
 141.00 -87.37 122.65
 142.00 -111.27 -14.36
 143.00 -52.01 174.37
 144.00 -71.31 149.32
 145.00 -53.17 -39.29
 146.00 -82.98 -27.65
 147.00 -54.99 -11.26
 148.00 -64.21 -57.47
 149.00 -65.25 -35.00
 150.00 -93.47 -22.37
 151.00 -70.83 -30.58
 152.00 -51.60 -28.74
 153.00 -75.02 -42.03
 154.00 -55.10 -48.68
 155.00 -77.38 -47.27
 156.00 -59.98 -48.47
 157.00 -73.79 -37.23
 158.00 -71.64 -36.45
 159.00 -63.15 -32.10
 160.00 -60.91 -48.44
 161.00 -64.62 -36.76
 162.00 -68.04 -54.83
 163.00 -66.98 -33.76
 164.00 -59.74 -28.30
 165.00 -65.12 -41.53
 166.00 -64.38 -51.96
 167.00 -63.42 -48.89
 168.00 -80.79 -25.89
 169.00 -52.69 -32.86
 170.00 -65.08 -49.21
 171.00 -59.22 -52.38
 172.00 -56.52 -43.17
 173.00 -59.30 -49.46
 174.00 -72.09 -46.99
 175.00 -56.71 -32.42
 176.00 -68.90 -37.53
 177.00 -79.03 -10.42
 178.00 -80.66  -9.13
 179.00 -75.88 135.45
 180.00 -118.01  -2.03
 181.00 -72.65  14.74
 182.00 -84.51 -11.86
 183.00 -64.23  10.85
 184.00 -72.27 150.05
 185.00 -61.62 -23.85
 186.00 -159.77 140.32
 187.00 -95.91 148.21
 188.00 -75.97 133.71
 189.00 -60.88 -46.22
 190.00 -72.94 -40.45
 191.00 -70.26 -27.78
 192.00 -67.34 -44.42
 193.00 -57.18 -38.37
 194.00 -68.86 -48.12
 195.00 -67.18 -30.68
 196.00 -61.37 -49.59
 197.00 -58.84 -42.23
 198.00 -78.18 -40.32
 199.00 -56.09 -30.28
 200.00 -59.91 -51.41
 201.00 -67.85 -40.57
 202.00 -73.25 -38.55
 203.00 -57.52 -37.29
 204.00 -84.30 -32.27
 205.00 -76.49 -14.18
 206.00 -80.72 -43.45
 207.00 -44.49 -45.74
 208.00 -62.34 -32.73
 209.00 -52.30 -30.00
 210.00 -69.13 -64.01
 211.00 -58.73 -37.43
 212.00 -107.09 -42.50
 213.00 -65.18 -20.26
 214.00 -68.60 -41.48
 215.00 -105.16  10.88
 216.00 -163.04 -16.36
 217.00 -67.13 110.58
 218.00 -55.30 -24.59
 219.00 -76.58 -26.86
 220.00 -131.89 -19.96
 221.00 -146.08  11.64
 222.00 -122.20 129.43
 223.00  54.57 112.81
 224.00  97.50  39.25
 225.00 -82.16 -23.62
 226.00 -74.56 132.86
 227.00 -156.60 109.43
 228.00 -65.14 139.10
 229.00 -137.58 133.13
 230.00 -79.98 -25.47
 231.00 -57.33 120.25
 232.00 -60.98 -22.54
 233.00 -124.81  -9.88
 234.00 -64.03 -53.65
 235.00 -95.65 -46.26
 236.00 -72.31 -57.53
 237.00 -73.17 -31.80
 238.00 -73.17 -42.63
 239.00 -69.53 -10.91
 240.00 -73.55 -58.11
 241.00 -82.18 -30.93
 242.00 -120.75 -22.78
 243.00 -77.23 -65.26
 244.00 -57.61 -32.66
 245.00 -62.76 -62.77
 246.00 -59.36 -35.73
 247.00 -61.41 -47.72
 248.00 -55.15 -46.58
 249.00 -64.71 -51.08
 250.00 -78.77 -37.85
 251.00 -72.94 -32.13
 252.00 -58.93 -46.49
 253.00 -55.26 -37.69
 254.00 -64.12 -54.30
 255.00 -74.26 -30.24
 256.00 -66.28 -37.85
 257.00 -68.83 -38.74
 258.00 -57.52 -37.92
 259.00 -68.13 -48.82
 260.00 -72.43 -39.63
 261.00 -48.01 -36.44
 262.00 -54.38 -57.13
 263.00 -61.98 -36.21
 264.00 -86.14 -28.77
 1001.00 -79.05 -33.54
 1002.00 -52.42 -33.77
 1003.00 -68.43 -50.58
 1004.00 -69.58 -28.32
 1005.00 -81.98 -21.42
 1006.00 -64.07 -36.68
 1007.00 -70.82 -31.10
 1008.00 -74.96 -34.35
 1009.00 -70.37 -27.60
 1010.00 -64.95 -49.07
 1011.00 -84.15 -27.25
 1012.00 -63.77 -36.33
 1013.00 -52.94 -34.70
 1014.00 -75.57 -39.54
 1015.00 -63.47 -35.04
 1016.00 -61.78 -43.44
 1017.00 -62.31 -52.54
 1018.00 -107.54 -18.44
 1019.00 -61.68  -6.43
 1020.00 -121.43 149.22
 1021.00 -145.65   0.64
 1022.00 -52.63 157.35
 1023.00 -74.15 -38.21
 1024.00 -68.70 -37.67
 1025.00 -62.80 -25.99
 1026.00 -41.59 -54.28
 1027.00 -52.97 -59.88
 1028.00 -56.77 -50.74
 1029.00 -61.61 -44.05
 1030.00 -68.65 -27.49
 1031.00 -72.31 -49.95
 1032.00 -64.96 -14.78
 1033.00 -58.08 -56.18
 1034.00 -48.73 -42.94
 1035.00 -70.62 -55.88
 1036.00 -55.48 -32.70
 1037.00 -74.82 -41.78
 1038.00 -63.09 -45.14
 1039.00 -68.15 -25.37
 1040.00 -90.70 -44.36
 1041.00  52.96 -22.38
 1042.00  95.53  49.17
 1043.00 -74.16  11.68
 1044.00  82.21 -11.93
 1066.00 -81.81 167.88
 1067.00 -78.23  19.66
 1068.00 -69.18 -42.07
 1069.00 -70.26 -34.19
 1070.00 -67.26 -34.50
 1071.00 -62.32 -42.47
 1072.00 -67.87 -28.87
 1073.00 -61.20 -38.68
 1074.00 -63.64 -40.45
 1075.00 -64.05 -36.08
 1076.00 -64.05 -40.80
 1077.00 -66.34 -43.23
 1078.00 -74.82 -36.06
 1079.00 -68.36 -27.62
 1080.00 -64.64 -44.62
 1081.00  82.79 -10.25
 1082.00 -77.33   5.04
 1083.00 -74.51  95.49
 1084.00 -55.70 -41.32
 1085.00 -70.85 -40.47
 1086.00 -72.22 -37.72
 1087.00 -80.04 -31.50
 1088.00 -65.46 -31.11
 1089.00 -64.29 -40.75
 1090.00 -62.84 -39.24
 1091.00 -71.66 -44.68
 1092.00 -82.86 -18.68
 1093.00 -65.86 -28.95
 1094.00 -45.92 -47.62
 1095.00 -65.01 -51.19
 1096.00 -66.93 -45.62
 1097.00 -42.19 -44.57
 1098.00 -48.97 -46.22
 1099.00 -64.56 -38.52
 1100.00 -62.67 -44.76
 1101.00 -70.53 -30.23
 1102.00 -64.13 -41.48
 1103.00 -65.74 -46.30
 1104.00 -86.38 -33.46
 1105.00 -70.70 -18.83
 313.00 -68.30 -32.60
 314.00 -76.36 -35.04
 315.00 -65.50 -36.61
 316.00 -76.93 -29.20
 317.00 -70.91 -28.18
 318.00 -74.63 -38.11
 319.00 -55.08 -47.13
 320.00 -62.07 -41.36
 321.00 -59.40 -45.81
 322.00 -69.60 -38.52
 323.00 -63.89 -45.02
 324.00 -60.32 -40.13
 325.00 -47.01 -41.54
 326.00 -89.54 -43.16
 327.00 -61.03 -32.70
 328.00 -49.89 -43.41
 329.00 -66.47 -51.34
 330.00 -67.28 -33.31
 331.00 -91.16 -16.29
 332.00 -76.54 -33.20
 333.00 -57.18 -44.87
 334.00 -83.77 -24.29
 335.00 -106.28 -25.09
 336.00 -46.16 -30.51
 337.00 -40.60 -49.56
 338.00 -62.13 -56.49
 339.00 -68.96 -47.10
 340.00 -43.91 -50.00
 341.00 -68.10 -47.47
 342.00 -63.13 -51.74
 343.00 -54.03 -46.32
 344.00 -63.95 -51.57
 345.00 -80.06 -19.81
 346.00 -118.07   5.11
 347.00 -74.77 -22.41
 348.00 -71.69 -56.37
 349.00 -162.40 154.93
 350.00 -68.51 -55.90
 351.00 -66.26 -41.78
 352.00 -96.91 -42.97
 353.00 -134.54 178.61
 354.00 -65.65 127.18
 355.00 -91.58 -22.82
 356.00 -80.23 -19.19
 357.00 -66.68 -43.66
 358.00 -59.08 -36.07
 359.00 -74.22 -34.66
 360.00 -71.73 -30.80
 361.00 -64.49 -38.61
 362.00 -69.30 -32.15
 363.00 -78.45 -30.35
 364.00 -66.15 -45.80
 365.00 -71.90 -42.41
 366.00 -83.81 -26.32
 367.00 -69.57 -21.02
 368.00 -70.50 -26.17
 369.00 -64.88 -52.81
 370.00 -45.10 -39.54
 371.00 -55.18 -43.73
 372.00 -85.15  -4.94
 373.00 -83.81 -34.47
 374.00 -68.32 -26.76
 375.00 -46.67 -37.55
 376.00 -64.31 -56.85
 377.00 -47.40 -42.73
 378.00 -71.85 -49.03
 379.00 -57.17 -41.81
 380.00 -65.79 -33.15
 381.00 -83.33 -34.50
 382.00 -83.42 -40.56
 383.00 -112.56 -40.06
 384.00 -65.79 116.12
 385.00 -69.12 -35.14
 386.00 -72.02 -45.99
 387.00 -59.18 -35.10
 388.00 -48.76 -50.15
 389.00 -74.65 -37.31
 390.00 -61.74 -57.89
 391.00 -65.76 -42.88
 392.00 -69.13 -33.34
 393.00 -51.31 -59.35
 394.00 -65.14 -44.28
 395.00 -89.01  -5.81
 396.00  64.48  -0.63
 397.00 -132.82  42.78
 398.00 -126.91 133.79


