 residuo Phi Psi
  69.00 -38.54  83.76
  70.00 -54.44 -51.36
  71.00 -66.59 -57.57
  72.00 -86.31 -17.55
  73.00 -67.32 -30.65
  74.00 -62.82 -41.86
  75.00 -68.04 -43.13
  76.00 -64.91 -40.28
  77.00 -53.94 -31.01
  78.00 -65.74 -54.36
  79.00 -67.61 -28.82
  80.00 -75.89 -46.17
  81.00 -47.88 -25.75
  82.00 -63.78 -40.36
  83.00 -76.47 -22.48
  84.00 -64.90 -29.98
  85.00 -43.83 -63.57
  86.00 -82.75 -49.81
  87.00 -60.87 -26.27
  88.00 -61.35 -49.72
  89.00 -63.30 -57.90
  90.00 -93.19 -23.18
  91.00 -80.47 -37.55
  92.00 -67.04 -26.77
  93.00 -59.43 -34.01
  94.00 -81.15 -29.78
  95.00 -62.77 -33.05
  96.00 -51.20 -54.17
  97.00 -62.08 -47.74
  98.00 -64.24 -56.21
  99.00 -87.90 -20.96
 100.00 -129.66  -6.87
 101.00 -69.13 -39.84
 102.00 -55.12 105.64
 103.00 -74.75 -30.11
 104.00 -114.08 -13.46
 105.00 -78.01  -8.65
 106.00 -152.00  64.75
 107.00 -65.81 175.76
 108.00 -70.35 -52.99
 109.00 -82.44 -19.51
 110.00 -57.31 -35.26
 111.00 -63.67 -36.41
 112.00 -59.66 -40.76
 113.00 -76.11 -24.59
 114.00 -54.70 -47.11
 115.00 -64.61 -39.50
 116.00 -80.61 -37.87
 117.00 -78.28 -27.03
 118.00 -60.68 -28.23
 119.00 -59.53 -50.87
 120.00 -68.24 -43.92
 121.00 -59.53 -49.36
 122.00 -56.56 -32.97
 123.00 -60.04 -58.24
 124.00 -96.14 -22.47
 125.00 -92.58 -42.63
 126.00 -94.91 -37.69
 127.00 -56.11 -60.00
 128.00 -58.20 -44.66
 129.00 -76.16 -27.21
 130.00 -74.43 -27.74
 131.00 -67.57 -37.41
 132.00 -67.78 -38.03
 133.00 -42.58 -38.97
 134.00 -83.63 -36.78
 135.00 -65.90 -32.81
 136.00 -92.85 -25.97
 137.00  62.81  28.00
 138.00  58.66  41.24
 139.00 -126.98  45.38
 140.00 -59.10 155.82
 141.00 -93.57 126.96
 142.00 -138.09  11.62
 143.00 -56.11 178.85
 144.00 -48.20 126.66
 145.00 -55.54 -28.83
 146.00 -85.88 -30.43
 147.00 -70.58  -3.43
 148.00 -58.78 -54.88
 149.00 -66.34 -40.72
 150.00 -78.71 -34.82
 151.00 -62.47 -34.27
 152.00 -64.27 -30.65
 153.00 -53.38 -43.19
 154.00 -59.61 -58.33
 155.00 -81.09 -37.05
 156.00 -50.27 -48.45
 157.00 -69.28 -58.32
 158.00 -82.68 -26.79
 159.00 -56.18 -48.43
 160.00 -57.92 -48.88
 161.00 -69.63 -36.47
 162.00 -69.76 -46.80
 163.00 -65.12 -43.77
 164.00 -70.83 -21.27
 165.00 -56.06 -54.60
 166.00 -76.70 -24.14
 167.00 -59.71 -47.84
 168.00 -50.15 -41.19
 169.00 -59.54 -53.46
 170.00 -72.15 -46.82
 171.00 -54.23 -43.12
 172.00 -79.75 -49.75
 173.00 -76.69 -20.68
 174.00 -63.80 -36.41
 175.00 -43.92 -42.30
 176.00 -64.87 -55.59
 177.00 -76.19 -11.74
 178.00 -65.71 -29.37
 179.00 -67.05 130.64
 180.00 -93.10 -28.64
 181.00 -63.26  17.65
 182.00 -60.96 -25.54
 183.00 -70.11   6.61
 184.00 -82.83 146.38
 185.00 -104.70   2.69
 186.00 -166.68 154.99
 187.00 -99.20 161.13
 188.00 -75.26 129.13
 189.00 -50.90 -41.46
 190.00 -63.12 -59.28
 191.00 -77.85 -17.07
 192.00 -53.81 -51.60
 193.00 -66.25 -39.32
 194.00 -61.46 -40.92
 195.00 -55.44 -52.76
 196.00 -51.23 -50.40
 197.00 -77.24 -46.66
 198.00 -67.84 -33.55
 199.00 -68.56 -41.65
 200.00 -60.56 -42.24
 201.00 -63.01 -46.91
 202.00 -67.53 -40.00
 203.00 -50.98 -38.19
 204.00 -65.28 -43.44
 205.00 -62.18 -38.22
 206.00 -99.68 -50.35
 207.00 -67.35 -24.18
 208.00 -52.21 -21.63
 209.00 -62.90 -29.77
 210.00 -63.83 -62.04
 211.00 -66.13 -29.14
 212.00 -78.31 -42.43
 213.00 -68.49 -48.87
 214.00 -68.93 -28.29
 215.00 -103.33  -9.48
 216.00 -148.68 -13.06
 217.00 -63.73  88.60
 218.00 -58.43 -23.85
 219.00 -76.86 -14.37
 220.00 -145.89 -21.24
 221.00 -128.85  -4.11
 222.00 -155.42 143.12
 223.00  37.39 130.73
 224.00  77.94  45.83
 225.00 -84.00 -11.43
 226.00 -85.84 144.87
 227.00 -163.95 112.53
 228.00 -58.23 131.64
 229.00 -73.77  73.38
 230.00 -79.61 -17.27
 231.00 -37.19 119.09
 232.00 -53.37 -49.64
 233.00 -78.90 -43.66
 234.00 -75.78 -24.39
 235.00 -76.27 -43.37
 236.00 -83.20 -42.54
 237.00 -70.35 -35.44
 238.00 -60.19 -49.54
 239.00 -59.39 -33.18
 240.00 -85.46 -43.96
 241.00 -79.86 -40.72
 242.00 -148.94  -2.42
 243.00 -53.65 -70.33
 244.00 -58.37 -38.98
 245.00 -61.95 -60.90
 246.00 -66.54 -33.70
 247.00 -58.71 -39.97
 248.00 -64.02 -49.33
 249.00 -50.35 -46.05
 250.00 -73.68 -55.38
 251.00 -57.01 -36.04
 252.00 -78.34 -43.23
 253.00 -59.05 -36.32
 254.00 -74.32 -45.06
 255.00 -61.40 -30.03
 256.00 -61.92 -48.71
 257.00 -61.19 -51.35
 258.00 -61.38 -43.98
 259.00 -62.71 -42.47
 260.00 -80.20 -32.93
 261.00 -68.95 -26.47
 262.00 -64.32 -42.52
 263.00 -63.37 -35.34
 264.00 -58.88 -42.90
 1001.00 -71.32 -27.76
 1002.00 -65.13 -32.87
 1003.00 -66.29 -34.73
 1004.00 -66.10 -32.70
 1005.00 -68.26 -46.64
 1006.00 -65.21 -31.46
 1007.00 -57.96 -40.02
 1008.00 -59.59 -51.58
 1009.00 -70.43 -36.09
 1010.00 -79.70 -32.53
 1011.00 -52.89 -35.87
 1012.00 -83.62 -42.63
 1013.00 -62.05 -33.20
 1014.00 -63.01 -35.54
 1015.00 -56.29 -39.60
 1016.00 -63.00 -48.70
 1017.00 -62.67 -48.98
 1018.00 -83.75 -26.79
 1019.00 -64.50 -31.45
 1020.00 -96.01 147.26
 1021.00 -133.07 -15.09
 1022.00 -67.64 151.24
 1023.00 -79.47 -23.77
 1024.00 -59.11 -45.81
 1025.00 -68.18 -42.82
 1026.00 -46.62 -40.40
 1027.00 -72.61 -40.75
 1028.00 -61.05 -38.79
 1029.00 -66.16 -50.85
 1030.00 -66.88 -32.63
 1031.00 -63.01 -41.75
 1032.00 -65.18 -41.16
 1033.00 -71.69 -27.39
 1034.00 -66.24 -46.36
 1035.00 -68.32 -35.20
 1036.00 -44.63 -46.24
 1037.00 -71.76 -49.06
 1038.00 -88.80 -22.62
 1039.00 -56.45 -37.21
 1040.00 -81.52 -41.14
 1041.00  48.11 -29.64
 1042.00 119.21  35.29
 1043.00 -57.29 -19.66
 1044.00  56.55   1.59
 1066.00 -70.28 155.66
 1067.00 -43.97 -15.74
 1068.00 -72.90 -35.60
 1069.00 -55.19 -47.92
 1070.00 -82.91 -31.21
 1071.00 -71.36 -19.99
 1072.00 -52.57 -59.44
 1073.00 -72.03 -21.84
 1074.00 -57.41 -47.56
 1075.00 -80.64 -26.59
 1076.00 -63.83 -19.55
 1077.00 -60.31 -49.24
 1078.00 -73.60 -42.88
 1079.00 -68.61 -36.07
 1080.00 -55.90 -36.43
 1081.00  96.05 -28.13
 1082.00 -72.03   9.14
 1083.00 -62.00  69.03
 1084.00 -67.38 -45.84
 1085.00 -76.26 -37.24
 1086.00 -62.41 -35.06
 1087.00 -70.07 -36.39
 1088.00 -64.86 -39.86
 1089.00 -87.05 -34.92
 1090.00 -71.72 -15.23
 1091.00 -68.78 -33.38
 1092.00 -57.24 -35.24
 1093.00 -75.13 -36.27
 1094.00 -63.95 -16.11
 1095.00 -78.18 -32.07
 1096.00 -50.68 -64.92
 1097.00 -63.52 -38.35
 1098.00 -61.52 -27.46
 1099.00 -73.54 -33.23
 1100.00 -74.47 -36.75
 1101.00 -75.67 -30.47
 1102.00 -60.52 -30.53
 1103.00 -50.76 -49.18
 1104.00 -62.81 -52.22
 1105.00 -55.95 -34.28
 313.00 -55.35 -30.10
 314.00 -65.02 -57.64
 315.00 -61.05 -34.71
 316.00 -57.19 -52.09
 317.00 -64.20 -41.64
 318.00 -76.28 -29.69
 319.00 -49.40 -45.76
 320.00 -64.79 -42.80
 321.00 -54.97 -47.14
 322.00 -68.79 -54.15
 323.00 -65.50 -40.34
 324.00 -68.21 -32.96
 325.00 -48.11 -26.07
 326.00 -66.40 -48.53
 327.00 -55.27 -45.05
 328.00 -64.43 -42.32
 329.00 -47.49 -64.29
 330.00 -63.90 -50.73
 331.00 -64.25 -52.59
 332.00 -56.35 -34.57
 333.00 -68.96 -63.86
 334.00 -84.09 -15.41
 335.00 -89.65 -34.70
 336.00 -60.67 -29.79
 337.00 -64.60 -33.31
 338.00 -50.18 -45.08
 339.00 -62.51 -52.74
 340.00 -50.65 -42.95
 341.00 -72.66 -52.47
 342.00 -66.80 -36.03
 343.00 -54.86 -40.94
 344.00 -46.95 -58.05
 345.00 -60.59 -43.20
 346.00 -81.85 -27.67
 347.00 -81.81 -20.43
 348.00 -58.72 -53.89
 349.00 -146.73 163.91
 350.00 -98.11 -68.33
 351.00 -82.72 -24.41
 352.00 -96.45 -34.19
 353.00 -111.75 157.41
 354.00 -48.65 116.50
 355.00 -77.84 -26.75
 356.00 -80.17 -37.04
 357.00 -70.87 -31.30
 358.00 -60.14 -44.68
 359.00 -62.73 -46.27
 360.00 -58.93 -42.65
 361.00 -67.11 -45.73
 362.00 -54.16 -32.16
 363.00 -59.44 -57.66
 364.00 -73.99 -47.79
 365.00 -61.48 -28.50
 366.00 -77.15 -45.99
 367.00 -69.74 -20.25
 368.00 -48.45 -48.72
 369.00 -65.24 -54.98
 370.00 -54.23 -34.30
 371.00 -60.38 -25.12
 372.00 -57.10 -28.62
 373.00 -97.09 -16.35
 374.00 -87.47   0.60
 375.00 -62.05 -37.38
 376.00 -63.44 -43.42
 377.00 -66.42 -29.98
 378.00 -61.82 -42.72
 379.00 -67.06 -43.52
 380.00 -69.04 -36.01
 381.00 -70.10 -46.75
 382.00 -112.03 -42.00
 383.00 -126.90  -2.88
 384.00 -61.88 133.60
 385.00 -71.56 -47.36
 386.00 -59.17 -44.66
 387.00 -58.43 -49.62
 388.00 -87.44 -31.88
 389.00 -67.44 -28.80
 390.00 -67.89 -46.33
 391.00 -62.47 -26.20
 392.00 -67.80 -31.15
 393.00 -53.11 -50.30
 394.00 -91.05 -36.74
 395.00 -92.11  -5.47
 396.00  45.21   0.33
 397.00 -103.78  48.23
 398.00 -140.31 118.11


