 residuo Phi Psi
  69.00 -68.73 114.98
  70.00 -65.08  -6.71
  71.00 -56.17 -27.10
  72.00 -74.69 -52.26
  73.00 -69.78 -29.52
  74.00 -54.46 -42.23
  75.00 -61.74 -46.25
  76.00 -73.85 -34.76
  77.00 -64.45 -29.96
  78.00 -59.00 -48.71
  79.00 -64.31 -35.33
  80.00 -64.76 -51.98
  81.00 -58.80 -33.98
  82.00 -66.08 -32.68
  83.00 -68.68 -27.61
  84.00 -58.64 -38.47
  85.00 -66.12 -46.76
  86.00 -56.71 -52.19
  87.00 -81.08 -26.33
  88.00 -60.28 -58.74
  89.00 -72.49 -70.76
  90.00 -84.20  -1.06
  91.00 -71.51 -56.88
  92.00 -55.66 -28.32
  93.00 -59.24 -39.67
  94.00 -56.57 -36.00
  95.00 -65.35 -53.00
  96.00 -73.40 -37.35
  97.00 -64.62 -33.11
  98.00 -74.83 -51.38
  99.00 -75.48 -16.19
 100.00 -142.64 -22.68
 101.00 -87.34 -20.74
 102.00 -64.46 113.14
 103.00 -66.74 -25.16
 104.00 -124.28 -12.23
 105.00 -74.40  -9.87
 106.00 -150.55  63.82
 107.00 -37.15 167.11
 108.00 -58.77 -61.62
 109.00 -74.17 -36.50
 110.00 -63.42 -27.81
 111.00 -58.09 -29.09
 112.00 -78.29 -40.33
 113.00 -72.60 -23.69
 114.00 -72.51 -33.08
 115.00 -53.64 -40.22
 116.00 -63.47 -47.94
 117.00 -82.56 -41.46
 118.00 -65.24 -24.51
 119.00 -82.67 -21.19
 120.00 -58.45 -48.06
 121.00 -87.43 -35.78
 122.00 -59.66 -31.86
 123.00 -65.31 -44.55
 124.00 -78.66 -34.49
 125.00 -120.26 -38.53
 126.00 -82.45 -43.50
 127.00 -59.62 -56.76
 128.00 -58.31 -37.64
 129.00 -81.77 -39.76
 130.00 -78.02 -21.28
 131.00 -72.94 -29.90
 132.00 -56.13 -50.99
 133.00 -61.31 -26.97
 134.00 -70.47 -39.08
 135.00 -53.06 -47.70
 136.00 -80.79 -33.45
 137.00 128.78 -10.02
 138.00  65.11  28.06
 139.00 -148.21  50.03
 140.00 -78.68 146.92
 141.00 -100.46 130.98
 142.00 -129.49  17.46
 143.00 -52.64 173.94
 144.00 -68.31 146.04
 145.00 -75.91 -31.60
 146.00 -87.97  -7.17
 147.00 -49.37 -30.05
 148.00 -50.48 -53.11
 149.00 -62.40 -48.49
 150.00 -79.77 -32.89
 151.00 -59.51 -37.85
 152.00 -58.21 -36.41
 153.00 -70.97 -40.32
 154.00 -57.66 -41.36
 155.00 -74.29 -45.54
 156.00 -65.46 -44.43
 157.00 -53.23 -53.63
 158.00 -73.48 -39.62
 159.00 -70.09 -39.36
 160.00 -54.13 -49.34
 161.00 -43.43 -48.24
 162.00 -66.89 -57.22
 163.00 -71.20 -38.52
 164.00 -81.06 -16.46
 165.00 -58.09 -40.07
 166.00 -55.64 -42.57
 167.00 -79.81 -44.69
 168.00 -57.07 -24.29
 169.00 -64.25 -52.38
 170.00 -85.03 -30.41
 171.00 -63.96 -29.49
 172.00 -68.53 -54.13
 173.00 -78.55 -29.32
 174.00 -80.96 -26.07
 175.00 -68.43 -27.90
 176.00 -62.21 -44.96
 177.00 -81.38 -15.79
 178.00 -85.83  -7.42
 179.00 -66.29 127.48
 180.00 -110.06 -16.04
 181.00 -73.16  30.40
 182.00 -84.72  -6.75
 183.00 -68.74  -1.38
 184.00 -78.18 153.86
 185.00 -81.58 -32.98
 186.00 -158.21 124.53
 187.00 -89.84 163.56
 188.00 -62.48 119.00
 189.00 -69.87 -34.28
 190.00 -61.89 -41.55
 191.00 -71.12 -31.49
 192.00 -45.71 -51.80
 193.00 -68.86 -50.65
 194.00 -73.41 -34.10
 195.00 -65.87 -28.99
 196.00 -71.39 -39.75
 197.00 -69.49 -36.72
 198.00 -63.99 -42.95
 199.00 -61.62 -40.00
 200.00 -59.60 -48.24
 201.00 -61.04 -43.03
 202.00 -65.16 -49.55
 203.00 -55.44 -36.48
 204.00 -66.03 -38.44
 205.00 -65.92 -45.95
 206.00 -101.36 -33.34
 207.00 -66.14 -36.09
 208.00 -61.90 -30.74
 209.00 -55.03 -17.73
 210.00 -52.29 -49.23
 211.00 -60.82 -44.48
 212.00 -79.09 -45.27
 213.00 -81.99 -37.01
 214.00 -71.87 -25.89
 215.00 -106.49 -10.35
 216.00 -149.39 -17.89
 217.00 -65.31 108.71
 218.00 -71.88 -25.03
 219.00 -90.58 -19.18
 220.00 -135.53  -9.65
 221.00 -125.36  -5.11
 222.00 -154.49 147.74
 223.00  37.21 138.46
 224.00  87.76  40.28
 225.00 -76.02 -27.45
 226.00 -67.77 142.52
 227.00 -152.47 104.37
 228.00 -64.18 119.05
 229.00 -143.99 120.68
 230.00 -161.40  72.23
 231.00 -52.02 134.88
 232.00 -56.48 -46.12
 233.00 -115.04 -17.73
 234.00 -78.22 -36.66
 235.00 -59.08 -75.83
 236.00 -65.89 -55.03
 237.00 -65.41 -41.77
 238.00 -54.42 -36.24
 239.00 -60.35 -32.52
 240.00 -73.37 -62.34
 241.00 -87.42 -23.30
 242.00 -151.50 -11.24
 243.00 -79.16 -63.50
 244.00 -74.76 -24.95
 245.00 -51.73 -63.56
 246.00 -57.10 -37.46
 247.00 -42.72 -49.86
 248.00 -72.33 -56.75
 249.00 -51.70 -38.29
 250.00 -87.97 -45.04
 251.00 -58.13 -38.90
 252.00 -81.47 -35.31
 253.00 -55.68 -46.52
 254.00 -68.46 -42.30
 255.00 -59.36 -41.25
 256.00 -70.59 -34.16
 257.00 -62.15 -51.83
 258.00 -68.68 -40.38
 259.00 -68.87 -33.29
 260.00 -68.22 -42.15
 261.00 -62.01 -30.48
 262.00 -64.37 -52.43
 263.00 -64.37 -35.09
 264.00 -71.46 -26.53
 1001.00 -62.28 -41.32
 1002.00 -54.81 -40.80
 1003.00 -77.31 -45.44
 1004.00 -58.45 -35.86
 1005.00 -68.83 -44.22
 1006.00 -69.49 -25.07
 1007.00 -64.56 -37.04
 1008.00 -66.49 -36.64
 1009.00 -54.57 -48.45
 1010.00 -69.82 -43.89
 1011.00 -74.54 -38.50
 1012.00 -68.67 -44.37
 1013.00 -74.17 -23.71
 1014.00 -77.97 -19.61
 1015.00 -59.31 -44.90
 1016.00 -69.71 -36.86
 1017.00 -62.97 -42.59
 1018.00 -105.38 -17.36
 1019.00 -80.27  -0.87
 1020.00 -132.47 155.44
 1021.00 -155.02 -16.36
 1022.00 -69.66 154.36
 1023.00 -79.87 -15.32
 1024.00 -56.17 -45.85
 1025.00 -62.98 -38.51
 1026.00 -68.14 -54.48
 1027.00 -50.64 -36.22
 1028.00 -75.29 -49.39
 1029.00 -68.56 -30.02
 1030.00 -64.87 -36.51
 1031.00 -72.70 -36.97
 1032.00 -65.03 -37.54
 1033.00 -70.07 -39.80
 1034.00 -54.22 -33.03
 1035.00 -69.71 -61.96
 1036.00 -65.85 -31.64
 1037.00 -62.72 -35.61
 1038.00 -72.95 -47.47
 1039.00 -65.04 -30.95
 1040.00 -79.63 -42.44
 1041.00  51.08 -22.86
 1042.00 100.25  28.37
 1043.00 -49.17   9.18
 1044.00  75.32 -37.66
 1066.00 -61.03 159.79
 1067.00 -49.07 -10.91
 1068.00 -77.31 -43.43
 1069.00 -70.12 -32.16
 1070.00 -72.64 -30.39
 1071.00 -81.39 -24.71
 1072.00 -55.00 -30.36
 1073.00 -63.45 -34.48
 1074.00 -68.31 -46.89
 1075.00 -61.00 -35.45
 1076.00 -59.88 -43.45
 1077.00 -49.47 -56.95
 1078.00 -62.86 -46.55
 1079.00 -71.40 -38.09
 1080.00 -82.23 -20.75
 1081.00  69.96  -7.24
 1082.00 -81.01  25.30
 1083.00 -58.58  78.98
 1084.00 -81.45 -49.85
 1085.00 -76.52 -25.64
 1086.00 -70.37 -28.07
 1087.00 -58.61 -43.27
 1088.00 -56.95 -50.56
 1089.00 -67.43 -39.34
 1090.00 -68.21 -35.43
 1091.00 -58.49 -43.81
 1092.00 -95.24 -35.26
 1093.00 -76.28 -18.74
 1094.00 -53.68 -28.40
 1095.00 -70.72 -32.68
 1096.00 -67.71 -36.98
 1097.00 -46.32 -48.56
 1098.00 -72.69 -49.41
 1099.00 -70.63 -11.83
 1100.00 -62.62 -52.33
 1101.00 -61.04 -29.65
 1102.00 -76.27 -36.06
 1103.00 -76.34 -28.15
 1104.00 -59.29 -45.04
 1105.00 -53.96 -45.04
 313.00 -77.37 -25.48
 314.00 -68.72 -40.35
 315.00 -64.57 -40.82
 316.00 -75.73 -41.02
 317.00 -59.47 -27.44
 318.00 -74.97 -37.27
 319.00 -69.36 -25.75
 320.00 -60.68 -44.20
 321.00 -71.87 -35.67
 322.00 -74.66 -48.14
 323.00 -46.03 -38.25
 324.00 -57.19 -46.51
 325.00 -61.04 -39.75
 326.00 -77.44 -20.43
 327.00 -58.84 -38.79
 328.00 -58.82 -48.73
 329.00 -57.92 -52.39
 330.00 -63.61 -60.76
 331.00 -57.04 -30.81
 332.00 -56.12 -61.93
 333.00 -72.88 -40.35
 334.00 -76.55 -28.49
 335.00 -88.76 -28.42
 336.00 -36.02 -28.78
 337.00 -69.15 -59.75
 338.00 -64.28 -22.41
 339.00 -59.32 -66.96
 340.00 -67.24 -36.93
 341.00 -73.73 -39.34
 342.00 -75.91 -31.70
 343.00 -80.94 -30.17
 344.00 -42.17 -46.89
 345.00 -67.22 -40.08
 346.00 -100.92 -20.02
 347.00 -75.72 -36.15
 348.00 -92.86 -18.26
 349.00 -132.37 157.10
 350.00 -74.02 -83.85
 351.00 -80.78 -19.14
 352.00 -146.37  -3.50
 353.00 -163.58 -172.93
 354.00 -52.39 124.06
 355.00 -69.67 -38.64
 356.00 -73.48 -31.71
 357.00 -54.10 -45.93
 358.00 -59.95 -34.36
 359.00 -71.66 -40.45
 360.00 -82.92 -32.00
 361.00 -59.73 -44.61
 362.00 -53.41 -38.91
 363.00 -87.84 -25.88
 364.00 -59.13 -48.12
 365.00 -58.32 -42.50
 366.00 -74.93 -34.88
 367.00 -60.12 -35.51
 368.00 -57.06 -42.83
 369.00 -70.54 -55.97
 370.00 -68.16 -21.00
 371.00 -68.83 -19.40
 372.00 -77.52   0.70
 373.00 -93.29 -15.32
 374.00 -71.34 -16.00
 375.00 -56.88 -42.41
 376.00 -65.82 -43.84
 377.00 -62.16 -31.94
 378.00 -63.49 -49.06
 379.00 -64.42 -44.98
 380.00 -63.18 -31.71
 381.00 -51.54 -45.50
 382.00 -129.06 -48.37
 383.00 -138.97   3.47
 384.00 -53.19 105.59
 385.00 -75.59 -31.19
 386.00 -74.77 -43.36
 387.00 -55.30 -40.54
 388.00 -79.54 -49.57
 389.00 -80.41 -11.44
 390.00 -51.96 -56.97
 391.00 -54.17 -39.46
 392.00 -62.92 -39.78
 393.00 -74.67 -42.88
 394.00 -64.93 -36.81
 395.00 -107.81 -13.27
 396.00  54.10  15.32
 397.00 -80.33   5.63
 398.00 -56.23  48.92


