 residuo Phi Psi
  69.00 -67.43 117.62
  70.00 -139.40 134.10
  71.00 -65.23 -37.25
  72.00 -77.15 -34.52
  73.00 -67.04 -31.27
  74.00 -85.58 -28.30
  75.00 -67.89 -34.91
  76.00 -66.50 -28.32
  77.00 -68.82 -31.31
  78.00 -88.40 -30.74
  79.00 -60.27 -21.60
  80.00 -59.96 -44.74
  81.00 -38.08 -45.32
  82.00 -68.93 -48.30
  83.00 -62.60 -43.08
  84.00 -67.52 -36.11
  85.00 -48.43 -49.13
  86.00 -82.66 -46.20
  87.00 -79.73 -16.91
  88.00 -68.04 -36.18
  89.00 -53.97 -49.13
  90.00 -66.25 -45.87
  91.00 -65.47 -39.04
  92.00 -52.58 -35.96
  93.00 -63.38 -44.34
  94.00 -78.50 -33.38
  95.00 -60.19 -35.92
  96.00 -78.26 -32.52
  97.00 -57.98 -41.75
  98.00 -55.73 -66.76
  99.00 -88.56 -22.39
 100.00 -96.45 -36.77
 101.00 -79.16 -38.91
 102.00 -55.91 114.26
 103.00 -63.32 -40.93
 104.00 -103.08 -18.57
 105.00 -65.75   5.41
 106.00 -152.72  91.06
 107.00 -53.81 156.95
 108.00 -65.90 -38.36
 109.00 -74.39 -40.42
 110.00 -67.36 -27.83
 111.00 -64.87 -36.57
 112.00 -70.60 -34.40
 113.00 -64.57 -33.18
 114.00 -76.37 -40.29
 115.00 -57.81 -40.77
 116.00 -80.65 -33.98
 117.00 -61.67 -30.36
 118.00 -60.28 -29.09
 119.00 -89.53 -30.18
 120.00 -53.98 -31.98
 121.00 -75.87 -53.49
 122.00 -57.28 -33.39
 123.00 -59.27 -44.36
 124.00 -73.34 -48.61
 125.00 -132.89 -23.81
 126.00 -92.23 -42.24
 127.00 -58.26 -47.93
 128.00 -63.96 -44.88
 129.00 -64.76 -39.59
 130.00 -59.21 -47.93
 131.00 -65.25 -36.81
 132.00 -73.32 -41.71
 133.00 -60.12 -15.45
 134.00 -65.77 -44.54
 135.00 -77.38 -29.43
 136.00 -83.51 -32.98
 137.00  82.17   7.62
 138.00  52.47  42.52
 139.00 -145.29  53.32
 140.00 -72.36 178.85
 141.00 -78.65 120.42
 142.00 -105.41 -22.03
 143.00 -50.46 173.70
 144.00 -58.69 144.82
 145.00 -59.01 -30.56
 146.00 -111.76 -10.21
 147.00 -58.86  -2.55
 148.00 -76.39 -50.05
 149.00 -59.02 -32.84
 150.00 -76.36 -23.26
 151.00 -54.17 -48.20
 152.00 -57.38 -33.28
 153.00 -75.89 -44.12
 154.00 -58.26 -33.39
 155.00 -83.99 -44.79
 156.00 -54.94 -36.81
 157.00 -58.59 -62.36
 158.00 -66.83 -38.84
 159.00 -44.94 -46.66
 160.00 -60.71 -57.08
 161.00 -61.35 -30.60
 162.00 -74.17 -52.10
 163.00 -74.78 -35.83
 164.00 -60.33 -39.78
 165.00 -70.75 -32.21
 166.00 -51.25 -55.55
 167.00 -80.98 -41.41
 168.00 -70.68 -25.92
 169.00 -68.40 -30.57
 170.00 -57.97 -47.96
 171.00 -48.42 -52.03
 172.00 -71.82 -45.74
 173.00 -47.35 -50.26
 174.00 -65.52 -40.99
 175.00 -65.92 -41.85
 176.00 -71.96 -37.69
 177.00 -73.68  -2.71
 178.00 -95.89   0.64
 179.00 -55.25 136.21
 180.00 -114.60 -28.25
 181.00 -76.81  28.08
 182.00 -89.26  -4.34
 183.00 -64.42  18.99
 184.00 -62.25 140.46
 185.00 -128.83 -34.45
 186.00 -147.13 165.80
 187.00 -79.93 154.11
 188.00 -78.41 143.03
 189.00 -58.20 -42.29
 190.00 -63.21 -46.76
 191.00 -59.39 -40.71
 192.00 -66.61 -36.13
 193.00 -59.72 -32.63
 194.00 -87.28 -35.79
 195.00 -58.91 -39.31
 196.00 -58.86 -56.60
 197.00 -67.42 -31.90
 198.00 -62.80 -46.29
 199.00 -61.68 -37.76
 200.00 -56.32 -51.31
 201.00 -52.58 -48.26
 202.00 -63.43 -58.48
 203.00 -58.76 -40.11
 204.00 -66.78 -56.06
 205.00 -67.81 -27.56
 206.00 -82.23 -42.19
 207.00 -57.68  -5.84
 208.00 -67.59 -19.07
 209.00 -59.99 -31.71
 210.00 -62.60 -58.15
 211.00 -53.56 -47.29
 212.00 -116.24 -28.76
 213.00 -77.92 -26.09
 214.00 -65.50 -36.42
 215.00 -88.20 -31.77
 216.00 -150.49 -24.33
 217.00 -56.40 111.03
 218.00 -73.40 -20.59
 219.00 -82.54 -12.14
 220.00 -134.52 -17.40
 221.00 -88.93 -25.99
 222.00 -151.09 137.27
 223.00  58.83 149.84
 224.00  84.60   4.06
 225.00 -111.54  10.30
 226.00 -91.45 144.00
 227.00 -140.78 112.76
 228.00 -67.82 161.09
 229.00 -80.18  58.17
 230.00 -69.44 -28.49
 231.00 -68.74 145.11
 232.00 -72.60 -25.97
 233.00 -69.26 -31.50
 234.00 -78.59 -42.48
 235.00 -82.54 -36.39
 236.00 -109.97 -31.81
 237.00 -64.58 -53.31
 238.00 -59.69 -43.43
 239.00 -60.59 -34.53
 240.00 -71.56 -53.97
 241.00 -84.20 -27.58
 242.00 -143.76 -24.92
 243.00 -65.96 -65.19
 244.00 -81.95 -22.82
 245.00 -72.72 -44.87
 246.00 -61.05 -34.59
 247.00 -65.90 -44.20
 248.00 -50.94 -55.24
 249.00 -67.13 -42.16
 250.00 -55.88 -50.68
 251.00 -57.62 -45.96
 252.00 -52.78 -52.81
 253.00 -71.77 -38.22
 254.00 -55.26 -49.82
 255.00 -62.15 -51.50
 256.00 -76.05 -26.64
 257.00 -50.73 -59.12
 258.00 -68.06 -41.57
 259.00 -57.40 -39.01
 260.00 -62.31 -41.69
 261.00 -66.53 -39.35
 262.00 -64.17 -37.53
 263.00 -52.00 -40.45
 264.00 -79.25 -34.39
 1001.00 -71.39 -33.71
 1002.00 -70.98 -18.57
 1003.00 -70.52 -40.18
 1004.00 -63.17 -36.47
 1005.00 -68.61 -33.67
 1006.00 -77.23 -35.93
 1007.00 -69.16 -37.56
 1008.00 -58.09 -30.66
 1009.00 -49.33 -49.53
 1010.00 -71.99 -56.74
 1011.00 -68.90 -26.53
 1012.00 -75.31 -36.05
 1013.00 -50.53 -41.07
 1014.00 -62.56 -50.67
 1015.00 -71.19 -30.53
 1016.00 -51.13 -49.65
 1017.00 -58.88 -47.85
 1018.00 -71.53 -32.13
 1019.00 -70.74 -18.19
 1020.00 -116.54 148.45
 1021.00 -121.90 -17.89
 1022.00 -73.41 135.63
 1023.00 -68.25 -20.06
 1024.00 -82.64 -21.28
 1025.00 -68.42 -29.24
 1026.00 -54.55 -36.10
 1027.00 -62.23 -52.70
 1028.00 -62.96 -48.45
 1029.00 -66.37 -36.22
 1030.00 -63.33 -42.55
 1031.00 -69.73 -32.79
 1032.00 -55.42 -42.94
 1033.00 -80.71 -21.90
 1034.00 -58.91 -50.27
 1035.00 -65.90 -40.25
 1036.00 -66.06 -46.08
 1037.00 -72.54 -32.04
 1038.00 -66.65 -50.04
 1039.00 -80.51 -10.68
 1040.00 -61.22 -66.00
 1041.00  57.78 -29.40
 1042.00 126.58  27.69
 1043.00 -76.52  -3.89
 1044.00  70.75 -18.03
 1066.00 -59.65 155.35
 1067.00 -46.45 -15.02
 1068.00 -64.06 -48.39
 1069.00 -56.43 -36.45
 1070.00 -77.07 -28.66
 1071.00 -65.80 -35.52
 1072.00 -56.00 -47.33
 1073.00 -56.93 -42.40
 1074.00 -55.04 -44.21
 1075.00 -62.00 -41.35
 1076.00 -62.44 -35.65
 1077.00 -104.00 -11.65
 1078.00 -64.97 -35.71
 1079.00 -59.35 -33.07
 1080.00 -96.81 -36.58
 1081.00  85.93  11.50
 1082.00 -83.62  -8.86
 1083.00 -54.83  57.53
 1084.00 -73.51 -37.55
 1085.00 -73.77 -30.91
 1086.00 -65.53 -40.36
 1087.00 -71.77 -38.07
 1088.00 -62.38 -38.05
 1089.00 -65.47 -39.94
 1090.00 -59.10 -45.24
 1091.00 -64.73 -48.09
 1092.00 -69.77 -30.86
 1093.00 -72.43 -22.11
 1094.00 -38.38 -32.25
 1095.00 -76.40 -51.74
 1096.00 -69.79 -24.46
 1097.00 -67.83 -49.66
 1098.00 -66.46 -46.32
 1099.00 -84.98 -19.17
 1100.00 -59.76 -55.80
 1101.00 -60.70 -34.91
 1102.00 -54.87 -45.06
 1103.00 -76.60 -42.55
 1104.00 -73.39 -31.09
 1105.00 -67.09 -27.01
 313.00 -60.68 -49.02
 314.00 -69.32 -41.55
 315.00 -51.42 -39.79
 316.00 -55.69 -54.24
 317.00 -71.88 -33.13
 318.00 -47.99 -53.46
 319.00 -46.63 -57.33
 320.00 -71.39 -53.23
 321.00 -78.62 -20.92
 322.00 -82.02 -29.09
 323.00 -50.31 -37.46
 324.00 -49.09 -52.50
 325.00 -56.92 -51.25
 326.00 -68.77 -23.47
 327.00 -56.92 -60.08
 328.00 -61.01 -40.78
 329.00 -54.89 -44.68
 330.00 -60.46 -47.15
 331.00 -99.80 -12.42
 332.00 -62.37 -47.58
 333.00 -70.65 -47.43
 334.00 -56.18 -39.53
 335.00 -96.99 -50.59
 336.00 -50.76 -13.16
 337.00 -54.74 -54.04
 338.00 -55.22 -42.64
 339.00 -74.32 -45.18
 340.00 -54.41 -39.33
 341.00 -81.86 -50.23
 342.00 -64.36 -21.04
 343.00 -66.75 -38.78
 344.00 -61.06 -37.17
 345.00 -72.25 -39.79
 346.00 -98.30 -12.33
 347.00 -84.41 -27.01
 348.00 -80.35 -38.68
 349.00 -133.35 134.02
 350.00 -63.31 -77.28
 351.00 -78.56 -41.78
 352.00 -151.66  19.25
 353.00 -154.63 -165.69
 354.00 -76.97 137.17
 355.00 -60.22 -39.13
 356.00 -46.41 -54.51
 357.00 -53.55 -60.55
 358.00 -44.62 -38.35
 359.00 -62.96 -56.38
 360.00 -51.15 -47.93
 361.00 -63.78 -58.44
 362.00 -79.29 -30.90
 363.00 -99.48 -11.67
 364.00 -63.03 -33.93
 365.00 -70.91 -34.98
 366.00 -75.92 -33.98
 367.00 -58.38 -37.63
 368.00 -60.19 -37.95
 369.00 -65.90 -41.45
 370.00 -62.89 -20.37
 371.00 -51.93 -30.66
 372.00 -88.58 -25.72
 373.00 -99.12 -15.58
 374.00 -80.43 -20.61
 375.00 -41.44 -30.99
 376.00 -68.15 -52.44
 377.00 -64.76 -21.27
 378.00 -54.52 -40.83
 379.00 -58.93 -56.81
 380.00 -54.25 -39.74
 381.00 -62.62 -56.09
 382.00 -107.13 -36.76
 383.00 -142.35 -12.08
 384.00 -63.03 116.96
 385.00 -63.01 -38.21
 386.00 -66.35 -42.02
 387.00 -61.85 -46.22
 388.00 -77.41 -41.94
 389.00 -64.30 -25.32
 390.00 -54.77 -50.83
 391.00 -44.78 -57.96
 392.00 -76.86 -36.54
 393.00 -84.47 -28.64
 394.00 -67.21 -46.23
 395.00 -92.50 -25.58
 396.00  59.29   4.97
 397.00 -119.19  61.10
 398.00 -143.82 102.58


