 residuo Phi Psi
  69.00 -139.12 138.26
  70.00 -65.40  -1.14
  71.00 -46.16 -49.80
  72.00 -59.40 -41.59
  73.00 -72.53 -42.71
  74.00 -70.39 -35.99
  75.00 -60.48 -35.25
  76.00 -51.65 -56.18
  77.00 -63.67 -45.26
  78.00 -66.05 -46.64
  79.00 -76.96 -31.35
  80.00 -70.02 -31.45
  81.00 -50.31 -34.55
  82.00 -55.11 -38.16
  83.00 -65.81 -44.61
  84.00 -59.85 -32.90
  85.00 -50.59 -56.80
  86.00 -78.75 -51.06
  87.00 -62.22 -30.90
  88.00 -61.76 -49.46
  89.00 -61.71 -46.94
  90.00 -65.30 -44.80
  91.00 -97.39 -21.78
  92.00 -65.53 -17.81
  93.00 -62.05 -28.91
  94.00 -61.79 -43.65
  95.00 -58.83 -50.83
  96.00 -67.89 -37.21
  97.00 -63.49 -39.85
  98.00 -92.00 -45.36
  99.00 -78.33  -6.09
 100.00 -107.51 -46.86
 101.00 -79.95 -30.61
 102.00 -57.51 120.99
 103.00 -62.64 -57.91
 104.00 -90.39  -8.05
 105.00 -62.34 -12.60
 106.00 -138.10  60.91
 107.00 -63.91 126.20
 108.00 -49.92 -24.37
 109.00 -67.14 -43.20
 110.00 -65.95 -27.73
 111.00 -73.03 -35.50
 112.00 -64.88 -26.97
 113.00 -58.95 -43.91
 114.00 -60.25 -39.85
 115.00 -65.41 -30.98
 116.00 -57.27 -50.77
 117.00 -74.49 -40.71
 118.00 -66.80 -29.18
 119.00 -80.79 -33.35
 120.00 -58.80 -32.48
 121.00 -72.37 -49.82
 122.00 -75.61 -24.97
 123.00 -68.65 -50.37
 124.00 -73.43 -16.57
 125.00 -113.36 -54.52
 126.00 -117.97 -14.17
 127.00 -64.10 -50.86
 128.00 -70.62 -45.62
 129.00 -94.97 -18.10
 130.00 -55.16 -34.62
 131.00 -75.07 -40.24
 132.00 -75.50 -36.90
 133.00 -60.22 -26.45
 134.00 -55.91 -48.16
 135.00 -59.93 -50.94
 136.00 -71.53 -31.16
 137.00  91.65  -3.53
 138.00  55.07  34.11
 139.00 -131.89  53.45
 140.00 -67.17 150.24
 141.00 -81.02 111.83
 142.00 -95.77 -22.84
 143.00 -62.58 -179.45
 144.00 -57.73 141.95
 145.00 -62.05 -49.84
 146.00 -106.05  -1.18
 147.00 -69.86   8.63
 148.00 -64.30 -48.84
 149.00 -82.67 -27.84
 150.00 -90.66 -17.01
 151.00 -61.81 -51.42
 152.00 -42.65 -29.17
 153.00 -67.58 -33.42
 154.00 -60.65 -42.59
 155.00 -56.36 -42.02
 156.00 -60.43 -55.20
 157.00 -76.07 -45.15
 158.00 -61.43 -42.17
 159.00 -66.42 -44.29
 160.00 -52.58 -48.64
 161.00 -68.84 -37.70
 162.00 -66.95 -49.40
 163.00 -66.89 -37.31
 164.00 -69.11 -38.68
 165.00 -70.13 -33.82
 166.00 -50.99 -45.86
 167.00 -60.17 -49.47
 168.00 -66.23 -40.39
 169.00 -66.07 -35.02
 170.00 -59.43 -49.59
 171.00 -77.87 -34.70
 172.00 -66.62 -41.00
 173.00 -52.52 -41.57
 174.00 -74.27 -50.35
 175.00 -64.60 -30.71
 176.00 -76.73 -44.49
 177.00 -84.17  -2.01
 178.00 -92.40 -13.68
 179.00 -56.03 130.50
 180.00 -110.81 -10.57
 181.00 -62.53  13.59
 182.00 -72.37 -24.32
 183.00 -55.97   6.52
 184.00 -75.78 161.19
 185.00 -141.52 -14.05
 186.00 -149.74 166.31
 187.00 -68.03 154.26
 188.00 -73.87 115.31
 189.00 -73.23 -22.20
 190.00 -62.34 -45.51
 191.00 -70.20 -43.46
 192.00 -66.65 -33.01
 193.00 -68.48 -41.18
 194.00 -57.33 -43.28
 195.00 -63.65 -46.19
 196.00 -59.09 -39.57
 197.00 -58.71 -57.20
 198.00 -68.87 -36.72
 199.00 -73.10 -31.01
 200.00 -60.36 -38.56
 201.00 -57.07 -46.89
 202.00 -63.60 -46.85
 203.00 -61.51 -38.09
 204.00 -55.87 -48.36
 205.00 -58.49 -48.01
 206.00 -96.02 -33.14
 207.00 -54.49 -25.95
 208.00 -59.29 -28.10
 209.00 -62.40 -21.19
 210.00 -55.94 -68.46
 211.00 -50.91 -41.02
 212.00 -73.20 -68.62
 213.00 -62.20 -41.09
 214.00 -69.15 -37.65
 215.00 -79.03 -12.90
 216.00 -154.00 -37.89
 217.00 -70.74 126.32
 218.00 -58.66 -28.67
 219.00 -102.53  -7.95
 220.00 -124.30 -17.16
 221.00 -116.23  -8.77
 222.00 -163.80 158.22
 223.00  48.92 124.36
 224.00  85.75  39.64
 225.00 -105.59  -4.93
 226.00 -89.30 154.78
 227.00 -135.10  96.05
 228.00 -57.76 130.23
 229.00 -145.89 157.21
 230.00 -74.86 -17.92
 231.00 -59.67 136.56
 232.00 -67.56 -29.69
 233.00 -75.74 -33.64
 234.00 -94.76 -46.04
 235.00 -95.56 -27.86
 236.00 -75.89 -66.64
 237.00 -88.89 -30.95
 238.00 -60.63  -8.55
 239.00 -58.72 -25.68
 240.00 -75.54 -53.10
 241.00 -73.64 -39.02
 242.00 -146.34 -17.38
 243.00 -66.13 -54.41
 244.00 -59.59 -44.69
 245.00 -75.32 -50.90
 246.00 -61.38 -26.35
 247.00 -60.66 -36.93
 248.00 -64.20 -52.34
 249.00 -52.57 -41.95
 250.00 -71.45 -45.74
 251.00 -72.92 -38.81
 252.00 -80.74 -33.11
 253.00 -62.02 -26.00
 254.00 -65.01 -50.64
 255.00 -58.85 -48.88
 256.00 -75.57 -26.73
 257.00 -75.70 -42.90
 258.00 -78.82 -25.04
 259.00 -52.27 -43.32
 260.00 -69.47 -50.27
 261.00 -65.95 -24.96
 262.00 -48.90 -60.81
 263.00 -65.32 -36.56
 264.00 -73.73 -37.13
 1001.00 -69.41 -33.86
 1002.00 -57.24 -32.67
 1003.00 -78.62 -26.23
 1004.00 -65.77 -34.18
 1005.00 -66.31 -41.52
 1006.00 -57.89 -43.96
 1007.00 -53.33 -56.66
 1008.00 -66.31 -40.81
 1009.00 -61.67 -47.98
 1010.00 -61.93 -37.31
 1011.00 -63.83 -40.96
 1012.00 -85.41 -33.42
 1013.00 -63.86 -24.85
 1014.00 -51.68 -57.67
 1015.00 -72.87 -54.75
 1016.00 -68.18 -16.93
 1017.00 -83.41 -22.98
 1018.00 -119.26   1.26
 1019.00 -77.11 -16.07
 1020.00 -130.94 153.77
 1021.00 -118.73 -31.00
 1022.00 -62.15 162.62
 1023.00 -61.54 -44.38
 1024.00 -79.78 -13.89
 1025.00 -68.80 -43.56
 1026.00 -45.05 -41.21
 1027.00 -51.95 -53.95
 1028.00 -57.78 -59.76
 1029.00 -59.90 -42.88
 1030.00 -68.78 -39.13
 1031.00 -66.64 -43.93
 1032.00 -49.15 -47.79
 1033.00 -67.40 -35.60
 1034.00 -69.13 -41.55
 1035.00 -51.24 -50.32
 1036.00 -75.27 -39.78
 1037.00 -69.59 -32.81
 1038.00 -60.22 -52.79
 1039.00 -79.87 -21.22
 1040.00 -90.88 -24.25
 1041.00  58.61 -31.29
 1042.00 111.22  26.21
 1043.00 -47.53  -4.78
 1044.00  64.26 -32.24
 1066.00 -44.60 140.27
 1067.00 -50.73 -25.04
 1068.00 -55.59 -40.12
 1069.00 -85.49 -35.56
 1070.00 -59.85 -26.81
 1071.00 -62.93 -49.86
 1072.00 -62.64 -40.68
 1073.00 -63.97 -29.24
 1074.00 -72.19 -40.98
 1075.00 -66.66 -24.42
 1076.00 -51.09 -37.57
 1077.00 -53.60 -46.72
 1078.00 -55.93 -65.87
 1079.00 -54.48 -39.79
 1080.00 -87.12 -39.44
 1081.00  73.97  18.51
 1082.00 -90.35  10.54
 1083.00 -70.24  72.68
 1084.00 -70.64 -30.86
 1085.00 -53.12 -46.44
 1086.00 -72.70 -41.74
 1087.00 -64.02 -33.12
 1088.00 -69.02 -40.10
 1089.00 -67.96 -33.07
 1090.00 -70.99 -41.59
 1091.00 -84.09 -17.53
 1092.00 -73.29 -34.68
 1093.00 -50.90 -46.44
 1094.00 -56.84 -38.46
 1095.00 -59.61 -34.64
 1096.00 -62.42 -52.10
 1097.00 -53.03 -40.58
 1098.00 -51.67 -64.29
 1099.00 -70.40 -33.94
 1100.00 -69.21 -43.04
 1101.00 -71.01 -23.44
 1102.00 -58.16 -34.91
 1103.00 -72.36 -44.60
 1104.00 -73.72 -41.46
 1105.00 -66.26 -24.43
 313.00 -49.92 -47.76
 314.00 -69.77 -54.93
 315.00 -69.70 -38.18
 316.00 -72.90 -31.65
 317.00 -52.38 -50.91
 318.00 -78.00 -35.91
 319.00 -85.26 -37.95
 320.00 -61.01 -26.64
 321.00 -74.90 -40.35
 322.00 -53.56 -34.03
 323.00 -56.76 -43.88
 324.00 -70.10 -38.94
 325.00 -66.23 -30.12
 326.00 -72.44 -31.64
 327.00 -49.44 -48.74
 328.00 -71.97 -42.83
 329.00 -51.08 -38.64
 330.00 -69.88 -55.56
 331.00 -82.31 -18.37
 332.00 -75.41 -41.86
 333.00 -57.46 -40.27
 334.00 -94.74 -22.83
 335.00 -92.86 -48.01
 336.00 -51.31 -34.44
 337.00 -59.00 -40.77
 338.00 -60.68 -35.83
 339.00 -33.68 -69.49
 340.00 -57.30 -60.28
 341.00 -71.91 -38.29
 342.00 -70.68 -27.98
 343.00 -64.54 -32.03
 344.00 -58.42 -53.77
 345.00 -76.01 -28.76
 346.00 -97.39 -14.03
 347.00 -68.31 -35.04
 348.00 -70.67 -53.53
 349.00 -142.80 145.84
 350.00 -132.57 -31.48
 351.00 -73.31 -39.68
 352.00 -134.32   0.91
 353.00 -107.13 156.04
 354.00 -71.76 115.10
 355.00 -66.47 -23.86
 356.00 -77.50 -31.67
 357.00 -72.70 -30.67
 358.00 -53.24 -39.33
 359.00 -56.85 -51.20
 360.00 -70.57 -40.21
 361.00 -54.57 -42.86
 362.00 -71.42 -32.36
 363.00 -80.15 -14.88
 364.00 -61.75 -50.92
 365.00 -75.83 -31.74
 366.00 -72.33 -26.85
 367.00 -67.63 -33.80
 368.00 -56.16 -33.60
 369.00 -65.79 -40.18
 370.00 -68.24 -17.29
 371.00 -58.26 -36.05
 372.00 -63.21 -21.60
 373.00 -124.78 -17.27
 374.00 -98.63   9.30
 375.00 -58.58 -27.95
 376.00 -62.92 -35.17
 377.00 -70.04 -21.19
 378.00 -71.05 -41.76
 379.00 -62.71 -48.55
 380.00 -77.99 -34.84
 381.00 -77.03 -34.55
 382.00 -97.38 -39.27
 383.00 -136.59 -15.72
 384.00 -57.15 117.06
 385.00 -65.92 -44.04
 386.00 -65.87 -45.21
 387.00 -57.55 -47.87
 388.00 -53.36 -51.51
 389.00 -69.02 -43.14
 390.00 -66.60 -41.67
 391.00 -52.49 -42.57
 392.00 -61.94 -47.87
 393.00 -90.00 -28.33
 394.00 -89.57 -34.92
 395.00 -73.96 -26.31
 396.00  48.67   1.29
 397.00 -76.88  28.40
 398.00  59.73 -24.98


