 residuo Phi Psi
  69.00 -62.70 112.76
  70.00 -133.27 138.18
  71.00 -53.92 -16.87
  72.00 -70.09 -40.23
  73.00 -68.98 -39.56
  74.00 -56.09 -46.98
  75.00 -73.52 -39.54
  76.00 -68.39 -33.41
  77.00 -60.34 -43.78
  78.00 -63.01 -44.45
  79.00 -72.01 -35.94
  80.00 -73.63 -31.84
  81.00 -70.36 -18.09
  82.00 -74.43 -17.83
  83.00 -65.44 -27.85
  84.00 -74.89 -37.48
  85.00 -60.41 -45.50
  86.00 -68.51 -50.54
  87.00 -61.54 -28.63
  88.00 -69.48 -57.32
  89.00 -67.81 -51.43
  90.00 -85.62 -23.82
  91.00 -66.11 -47.99
  92.00 -49.39 -42.81
  93.00 -65.39 -39.56
  94.00 -57.55 -44.58
  95.00 -60.79 -46.35
  96.00 -58.29 -51.30
  97.00 -57.71 -35.36
  98.00 -67.83 -58.15
  99.00 -72.03 -20.85
 100.00 -135.33  -8.50
 101.00 -83.37 -53.21
 102.00 -59.68 118.50
 103.00 -60.83 -41.20
 104.00 -94.91 -16.64
 105.00 -83.18   0.68
 106.00 -152.15  79.68
 107.00 -65.02 144.02
 108.00 -52.82 -42.33
 109.00 -63.29 -41.02
 110.00 -70.39 -28.00
 111.00 -61.84 -32.10
 112.00 -63.27 -46.40
 113.00 -66.11 -31.27
 114.00 -61.22 -49.16
 115.00 -58.64 -38.37
 116.00 -48.45 -54.83
 117.00 -70.97 -42.74
 118.00 -76.54 -13.11
 119.00 -64.95 -45.71
 120.00 -71.95 -23.65
 121.00 -73.91 -43.51
 122.00 -63.69 -36.36
 123.00 -68.13 -35.75
 124.00 -65.76 -42.68
 125.00 -113.45 -45.42
 126.00 -103.01 -34.07
 127.00 -57.44 -59.35
 128.00 -54.12 -54.24
 129.00 -65.90 -40.53
 130.00 -60.30 -34.14
 131.00 -79.62 -34.50
 132.00 -59.27 -29.83
 133.00 -47.76 -45.10
 134.00 -70.49 -37.56
 135.00 -53.75 -48.79
 136.00 -74.50 -43.72
 137.00 108.84 -10.10
 138.00  53.18  40.78
 139.00 -131.94  31.80
 140.00 -60.99 156.93
 141.00 -59.11 112.03
 142.00 -105.29 -27.32
 143.00 -46.08 171.36
 144.00 -57.90 141.23
 145.00 -58.66 -30.08
 146.00 -99.63 -15.98
 147.00 -64.52   0.60
 148.00 -63.04 -68.50
 149.00 -75.56 -30.56
 150.00 -107.30  -8.93
 151.00 -70.57 -25.01
 152.00 -44.68 -45.20
 153.00 -79.65 -35.61
 154.00 -52.40 -44.45
 155.00 -72.86 -43.05
 156.00 -63.69 -39.34
 157.00 -69.34 -41.42
 158.00 -75.06 -47.00
 159.00 -61.39 -36.90
 160.00 -54.32 -50.29
 161.00 -52.43 -52.29
 162.00 -66.56 -41.82
 163.00 -63.70 -43.13
 164.00 -49.37 -33.46
 165.00 -61.69 -61.14
 166.00 -70.60 -37.20
 167.00 -63.43 -36.24
 168.00 -77.44 -43.29
 169.00 -64.77 -28.28
 170.00 -50.28 -52.80
 171.00 -62.69 -50.77
 172.00 -74.49 -40.36
 173.00 -78.02 -20.36
 174.00 -79.09 -29.11
 175.00 -56.67 -42.56
 176.00 -74.88 -41.51
 177.00 -86.09  -1.95
 178.00 -70.68 -11.76
 179.00 -59.61 131.20
 180.00 -125.22 -13.38
 181.00 -58.83  27.13
 182.00 -62.87 -22.28
 183.00 -55.12 -13.03
 184.00 -60.82 126.62
 185.00 -88.61  -3.94
 186.00 -151.29 123.46
 187.00 -91.17 153.30
 188.00 -83.13 141.16
 189.00 -80.73 -33.40
 190.00 -55.22 -38.80
 191.00 -75.44 -42.25
 192.00 -70.38 -43.02
 193.00 -66.47 -33.14
 194.00 -65.06 -39.05
 195.00 -75.84 -27.17
 196.00 -68.88 -31.93
 197.00 -70.95 -35.11
 198.00 -51.84 -44.69
 199.00 -55.34 -53.41
 200.00 -67.83 -36.87
 201.00 -62.48 -47.55
 202.00 -64.69 -44.04
 203.00 -62.02 -40.80
 204.00 -60.21 -43.17
 205.00 -65.09 -40.19
 206.00 -75.20 -38.37
 207.00 -58.15 -27.62
 208.00 -67.42 -33.89
 209.00 -65.28  -9.64
 210.00 -59.94 -58.48
 211.00 -50.46 -43.75
 212.00 -103.54 -40.86
 213.00 -74.10 -22.47
 214.00 -72.10 -38.24
 215.00 -82.10 -21.07
 216.00 -144.30 -34.10
 217.00 -56.94 100.22
 218.00 -63.21 -23.76
 219.00 -80.02 -21.80
 220.00 -141.73 -10.42
 221.00 -118.05   0.51
 222.00 -152.54 156.86
 223.00  53.25 128.67
 224.00  84.01  26.73
 225.00 -88.70  -4.82
 226.00 -83.05 157.58
 227.00 -157.66 105.54
 228.00 -55.70 136.60
 229.00 -134.68 136.27
 230.00 -57.53 -34.83
 231.00 -69.96 125.10
 232.00 -65.31 -11.72
 233.00 -103.58 -17.50
 234.00 -70.63 -44.12
 235.00 -110.62 -31.59
 236.00 -85.91 -46.92
 237.00 -68.89 -40.05
 238.00 -58.94 -49.96
 239.00 -75.48 -19.07
 240.00 -61.13 -53.48
 241.00 -87.48 -30.91
 242.00 -155.99   2.96
 243.00 -51.27 -80.74
 244.00 -77.28 -30.90
 245.00 -53.61 -57.12
 246.00 -53.27 -42.21
 247.00 -49.79 -58.20
 248.00 -54.25 -52.32
 249.00 -61.62 -52.91
 250.00 -70.55 -40.31
 251.00 -77.56 -38.77
 252.00 -63.00 -32.80
 253.00 -55.97 -41.48
 254.00 -50.84 -56.43
 255.00 -64.83 -52.24
 256.00 -73.61 -24.89
 257.00 -64.70 -51.97
 258.00 -64.06 -32.19
 259.00 -67.26 -43.28
 260.00 -66.33 -42.98
 261.00 -62.83 -32.83
 262.00 -71.41 -35.97
 263.00 -62.44 -27.77
 264.00 -57.15 -47.25
 1001.00 -66.29 -37.56
 1002.00 -54.16 -31.02
 1003.00 -77.13 -35.09
 1004.00 -57.76 -46.22
 1005.00 -62.42 -44.14
 1006.00 -66.61 -41.44
 1007.00 -51.94 -33.15
 1008.00 -62.58 -59.67
 1009.00 -62.33 -36.82
 1010.00 -80.48 -40.31
 1011.00 -75.25 -25.34
 1012.00 -54.98 -47.21
 1013.00 -61.42 -35.94
 1014.00 -61.79 -46.40
 1015.00 -65.66 -39.69
 1016.00 -65.80 -38.26
 1017.00 -58.22 -44.05
 1018.00 -90.90 -38.14
 1019.00 -57.55 -14.50
 1020.00 -116.83 154.46
 1021.00 -125.55 -13.47
 1022.00 -73.45 154.01
 1023.00 -75.33 -37.70
 1024.00 -66.58 -32.16
 1025.00 -67.03 -32.90
 1026.00 -62.13 -46.39
 1027.00 -72.54 -37.82
 1028.00 -56.03 -44.28
 1029.00 -68.96 -42.44
 1030.00 -65.47 -27.50
 1031.00 -68.22 -37.77
 1032.00 -53.93 -37.47
 1033.00 -65.74 -50.76
 1034.00 -74.11 -30.71
 1035.00 -102.49 -21.56
 1036.00 -70.14 -19.49
 1037.00 -72.79 -35.64
 1038.00 -56.15 -46.98
 1039.00 -59.18 -41.29
 1040.00 -83.97 -38.57
 1041.00  44.19 -26.31
 1042.00 111.88  26.65
 1043.00 -75.67  22.87
 1044.00  60.50 -21.93
 1066.00 -66.97 165.32
 1067.00 -59.28  -9.00
 1068.00 -41.04 -53.98
 1069.00 -73.07 -37.91
 1070.00 -70.16 -39.14
 1071.00 -64.62 -33.77
 1072.00 -76.10 -30.91
 1073.00 -56.87 -38.30
 1074.00 -68.65 -42.02
 1075.00 -59.05 -42.30
 1076.00 -65.93 -28.43
 1077.00 -59.09 -47.73
 1078.00 -54.40 -48.69
 1079.00 -62.67 -35.24
 1080.00 -88.28 -38.73
 1081.00  79.89  -0.27
 1082.00 -68.44   8.03
 1083.00 -68.38  61.21
 1084.00 -59.71 -40.92
 1085.00 -71.18 -25.89
 1086.00 -68.25 -43.66
 1087.00 -59.29 -39.77
 1088.00 -70.04 -41.08
 1089.00 -58.98 -39.29
 1090.00 -73.43 -51.31
 1091.00 -72.46 -19.87
 1092.00 -50.34 -41.79
 1093.00 -74.18 -32.24
 1094.00 -45.56 -29.94
 1095.00 -111.38 -29.96
 1096.00 -59.41 -24.91
 1097.00 -59.62 -46.29
 1098.00 -51.33 -39.44
 1099.00 -57.60 -39.60
 1100.00 -77.68 -39.46
 1101.00 -48.44 -49.84
 1102.00 -70.35 -36.23
 1103.00 -63.36 -45.97
 1104.00 -67.25 -37.10
 1105.00 -65.64 -35.65
 313.00 -72.02 -35.67
 314.00 -67.23 -36.70
 315.00 -68.58 -40.53
 316.00 -78.55 -34.53
 317.00 -66.68 -31.68
 318.00 -71.42 -40.65
 319.00 -44.46 -43.40
 320.00 -76.97 -51.85
 321.00 -61.86 -28.20
 322.00 -89.00 -34.06
 323.00 -70.10 -25.62
 324.00 -85.89 -23.44
 325.00 -56.16 -26.41
 326.00 -71.69 -29.80
 327.00 -70.06 -39.01
 328.00 -69.82 -26.75
 329.00 -60.80 -57.24
 330.00 -51.30 -49.81
 331.00 -71.96 -48.83
 332.00 -48.50 -48.47
 333.00 -82.96 -56.43
 334.00 -73.85 -15.64
 335.00 -87.59 -26.41
 336.00 -53.47 -32.50
 337.00 -55.73 -46.37
 338.00 -79.19 -25.19
 339.00 -56.26 -55.68
 340.00 -71.80 -40.90
 341.00 -52.75 -46.10
 342.00 -66.89 -49.45
 343.00 -79.43 -26.52
 344.00 -42.90 -53.40
 345.00 -75.85 -41.74
 346.00 -67.59 -17.53
 347.00 -75.68 -43.11
 348.00 -95.72 -32.91
 349.00 -158.45 176.89
 350.00 -78.11 -75.66
 351.00 -82.08 -35.33
 352.00 -121.25 -10.98
 353.00 -120.11 153.97
 354.00 -60.53 130.77
 355.00 -77.67 -41.58
 356.00 -66.65 -34.66
 357.00 -69.24 -42.78
 358.00 -57.15 -44.73
 359.00 -64.07 -40.85
 360.00 -57.21 -48.31
 361.00 -68.70 -42.96
 362.00 -69.21 -29.52
 363.00 -64.72 -32.92
 364.00 -85.80 -47.77
 365.00 -59.87 -30.48
 366.00 -82.53 -42.06
 367.00 -65.96 -19.89
 368.00 -64.19 -42.43
 369.00 -70.45 -39.52
 370.00 -79.30 -14.70
 371.00 -56.53 -26.94
 372.00 -65.81 -36.41
 373.00 -89.77 -13.19
 374.00 -94.97  -9.20
 375.00 -43.74 -38.73
 376.00 -45.49 -45.63
 377.00 -71.95 -39.04
 378.00 -64.73 -37.30
 379.00 -74.44 -42.41
 380.00 -61.12 -31.92
 381.00 -77.98 -37.53
 382.00 -84.95 -53.33
 383.00 -162.80  20.36
 384.00 -69.27 117.13
 385.00 -74.31 -36.97
 386.00 -62.14 -36.85
 387.00 -71.70 -44.99
 388.00 -69.64 -38.58
 389.00 -61.02 -39.19
 390.00 -69.37 -47.61
 391.00 -64.07 -41.64
 392.00 -87.23 -20.35
 393.00 -64.57 -47.61
 394.00 -65.80 -36.00
 395.00 -86.62 -15.60
 396.00  49.43  -0.98
 397.00 -137.83  58.14
 398.00 -144.66 157.61


