 residuo Phi Psi
  69.00 -95.84 144.84
  70.00 -140.07 141.01
  71.00 -70.26 -39.61
  72.00 -73.74 -25.47
  73.00 -64.47 -41.74
  74.00 -62.06 -33.34
  75.00 -59.07 -63.78
  76.00 -71.59 -39.49
  77.00 -70.92 -29.50
  78.00 -79.71 -24.58
  79.00 -69.52 -36.22
  80.00 -65.54 -41.00
  81.00 -49.28 -30.67
  82.00 -93.99 -14.95
  83.00 -58.44 -24.62
  84.00 -71.42 -38.98
  85.00 -51.79 -48.50
  86.00 -62.80 -52.78
  87.00 -72.50 -29.92
  88.00 -64.42 -39.99
  89.00 -66.21 -49.22
  90.00 -78.36 -26.52
  91.00 -61.04 -39.60
  92.00 -64.12 -28.33
  93.00 -65.90 -38.80
  94.00 -67.87 -30.98
  95.00 -63.91 -46.57
  96.00 -66.09 -40.17
  97.00 -60.35 -52.53
  98.00 -71.69 -49.17
  99.00 -89.45  -6.00
 100.00 -115.14 -24.55
 101.00 -73.43 -52.18
 102.00 -66.44 124.39
 103.00 -58.78 -45.54
 104.00 -96.06 -14.39
 105.00 -68.97   0.30
 106.00 -144.45  73.25
 107.00 -42.98 149.28
 108.00 -55.50 -47.90
 109.00 -72.60 -41.69
 110.00 -66.44 -25.28
 111.00 -72.37 -28.88
 112.00 -57.04 -48.83
 113.00 -68.96 -31.95
 114.00 -64.05 -39.86
 115.00 -58.57 -36.70
 116.00 -56.82 -48.84
 117.00 -78.33 -30.38
 118.00 -64.50 -38.83
 119.00 -76.56 -31.38
 120.00 -53.55 -42.67
 121.00 -62.59 -47.44
 122.00 -50.71 -41.94
 123.00 -80.16 -37.63
 124.00 -74.93 -30.12
 125.00 -120.34 -33.19
 126.00 -120.30 -20.34
 127.00 -58.35 -59.55
 128.00 -68.32 -38.48
 129.00 -63.87 -39.62
 130.00 -65.65 -36.57
 131.00 -70.44 -35.73
 132.00 -71.10 -34.29
 133.00 -65.45 -25.90
 134.00 -71.62 -24.96
 135.00 -65.95 -45.91
 136.00 -72.40 -36.68
 137.00  71.61   3.17
 138.00  71.42  34.37
 139.00 -77.53   1.78
 140.00 -66.81 157.86
 141.00 -83.54 134.32
 142.00 -129.86 -10.76
 143.00 -69.17 -175.02
 144.00 -56.10 148.08
 145.00 -61.95 -42.35
 146.00 -95.61  -1.17
 147.00 -75.55  -7.90
 148.00 -55.99 -60.24
 149.00 -80.19 -30.72
 150.00 -86.93 -18.05
 151.00 -67.64 -40.18
 152.00 -50.29 -23.07
 153.00 -88.19 -37.56
 154.00 -55.63 -38.83
 155.00 -62.07 -54.01
 156.00 -50.12 -48.79
 157.00 -66.45 -69.71
 158.00 -48.48 -38.74
 159.00 -72.84 -48.73
 160.00 -60.50 -33.51
 161.00 -66.17 -45.64
 162.00 -69.30 -49.39
 163.00 -80.48 -26.62
 164.00 -74.44 -23.69
 165.00 -65.14 -38.37
 166.00 -53.81 -51.99
 167.00 -64.38 -48.24
 168.00 -67.15 -54.25
 169.00 -68.20 -23.39
 170.00 -69.98 -34.12
 171.00 -66.22 -38.36
 172.00 -60.53 -42.96
 173.00 -76.95 -37.16
 174.00 -91.79 -37.87
 175.00 -56.27 -31.55
 176.00 -72.61 -43.48
 177.00 -79.39  -4.49
 178.00 -64.40 -22.86
 179.00 -65.67 123.91
 180.00 -119.09  -4.59
 181.00 -60.48   9.01
 182.00 -79.96 -11.33
 183.00 -70.03 -12.19
 184.00 -63.55 122.32
 185.00 -67.59 -30.26
 186.00 -123.05 121.81
 187.00 -65.26 150.63
 188.00 -66.59 141.40
 189.00 -61.85 -54.61
 190.00 -52.51 -46.80
 191.00 -70.93 -40.09
 192.00 -57.98 -53.66
 193.00 -75.12 -33.21
 194.00 -82.15 -22.72
 195.00 -56.61 -31.80
 196.00 -58.92 -50.83
 197.00 -66.18 -36.77
 198.00 -66.96 -46.13
 199.00 -64.90 -33.27
 200.00 -64.74 -44.17
 201.00 -57.86 -43.09
 202.00 -71.77 -43.55
 203.00 -71.20 -31.64
 204.00 -58.25 -41.35
 205.00 -60.04 -39.70
 206.00 -78.74 -44.58
 207.00 -45.48 -35.05
 208.00 -54.07 -38.28
 209.00 -65.68 -28.46
 210.00 -54.31 -46.05
 211.00 -70.23 -43.97
 212.00 -70.39 -61.61
 213.00 -77.06 -47.04
 214.00 -69.25 -22.36
 215.00 -83.88 -23.34
 216.00 -113.98 -46.50
 217.00 -49.50  81.99
 218.00 -56.67 -32.14
 219.00 -75.68 -25.13
 220.00 -129.23 -15.82
 221.00 -123.27  -2.47
 222.00 -135.81 134.53
 223.00  59.24 101.47
 224.00  81.86  56.66
 225.00 -111.65  -7.62
 226.00 -75.98 131.10
 227.00 -155.35 105.02
 228.00 -66.40 157.75
 229.00 -92.34  96.63
 230.00 -90.99 -10.74
 231.00 -65.96  99.68
 232.00 -50.97 -23.06
 233.00 -60.34 -36.84
 234.00 -87.77 -42.28
 235.00 -97.71 -18.42
 236.00 -140.52 -16.97
 237.00 -66.71 -35.94
 238.00 -53.73 -39.07
 239.00 -82.98 -15.28
 240.00 -71.83 -40.22
 241.00 -80.97 -30.60
 242.00 -165.20 -10.38
 243.00 -63.05 -67.57
 244.00 -66.11 -40.96
 245.00 -61.30 -59.89
 246.00 -78.55 -23.91
 247.00 -65.96 -37.14
 248.00 -67.76 -40.53
 249.00 -53.57 -52.18
 250.00 -64.86 -50.84
 251.00 -69.90 -45.95
 252.00 -65.08 -38.29
 253.00 -59.66 -33.02
 254.00 -67.22 -41.55
 255.00 -73.63 -40.06
 256.00 -71.37 -27.52
 257.00 -65.88 -46.47
 258.00 -62.12 -36.79
 259.00 -78.29 -30.64
 260.00 -74.30 -33.73
 261.00 -50.76 -41.26
 262.00 -72.45 -40.49
 263.00 -65.00 -35.21
 264.00 -70.44 -31.44
 1001.00 -58.75 -38.64
 1002.00 -52.33 -36.36
 1003.00 -73.09 -38.67
 1004.00 -70.59 -35.86
 1005.00 -78.68 -36.26
 1006.00 -62.41 -31.85
 1007.00 -61.66 -50.05
 1008.00 -65.42 -33.29
 1009.00 -67.70 -32.97
 1010.00 -66.11 -41.62
 1011.00 -54.07 -48.67
 1012.00 -63.94 -53.29
 1013.00 -75.80 -32.81
 1014.00 -65.72 -33.80
 1015.00 -75.56 -28.79
 1016.00 -60.63 -39.98
 1017.00 -50.11 -45.27
 1018.00 -118.28 -22.71
 1019.00 -72.25   9.55
 1020.00 -96.68 147.60
 1021.00 -160.49  -8.16
 1022.00 -54.27 153.19
 1023.00 -63.56 -37.65
 1024.00 -75.64 -31.64
 1025.00 -75.57 -30.18
 1026.00 -50.46 -47.13
 1027.00 -60.73 -55.47
 1028.00 -48.77 -50.68
 1029.00 -57.26 -60.23
 1030.00 -64.74 -36.75
 1031.00 -68.59 -40.61
 1032.00 -57.12 -42.54
 1033.00 -47.41 -44.36
 1034.00 -65.11 -62.34
 1035.00 -63.34 -35.75
 1036.00 -52.67 -44.88
 1037.00 -85.80 -33.88
 1038.00 -61.25 -33.84
 1039.00 -71.97 -41.74
 1040.00 -94.76 -42.72
 1041.00  51.91   8.13
 1042.00  93.63  44.28
 1043.00 -72.82   8.44
 1044.00  61.03  -9.59
 1066.00 -63.05 175.85
 1067.00 -56.22  -4.98
 1068.00 -83.30 -44.56
 1069.00 -58.00 -20.69
 1070.00 -68.79 -53.97
 1071.00 -77.59 -19.10
 1072.00 -66.31 -46.10
 1073.00 -66.39 -33.08
 1074.00 -65.89 -41.07
 1075.00 -68.05 -40.38
 1076.00 -66.83 -28.79
 1077.00 -65.45 -40.74
 1078.00 -67.87 -36.94
 1079.00 -65.97 -43.72
 1080.00 -64.52 -36.51
 1081.00  77.91  -5.39
 1082.00 -73.02   4.80
 1083.00 -65.21  75.43
 1084.00 -70.05 -45.13
 1085.00 -87.32 -22.99
 1086.00 -66.06 -36.09
 1087.00 -60.72 -41.42
 1088.00 -65.92 -43.94
 1089.00 -67.82 -39.68
 1090.00 -74.11 -30.40
 1091.00 -59.19 -40.45
 1092.00 -53.27 -37.38
 1093.00 -62.43 -38.46
 1094.00 -55.69  -9.55
 1095.00 -66.81 -43.26
 1096.00 -52.47 -48.96
 1097.00 -67.17 -51.23
 1098.00 -62.85 -37.73
 1099.00 -69.66 -45.51
 1100.00 -72.95 -46.07
 1101.00 -55.28 -35.67
 1102.00 -70.74 -44.42
 1103.00 -63.01 -32.28
 1104.00 -66.81 -39.52
 1105.00 -45.42 -48.25
 313.00 -72.21 -36.25
 314.00 -67.59 -34.48
 315.00 -65.88 -39.92
 316.00 -64.34 -40.45
 317.00 -74.62 -26.61
 318.00 -52.89 -41.37
 319.00 -54.53 -53.36
 320.00 -63.86 -43.85
 321.00 -64.35 -41.69
 322.00 -70.33 -45.17
 323.00 -74.60 -32.54
 324.00 -57.59 -41.02
 325.00 -52.24 -41.86
 326.00 -80.72 -29.59
 327.00 -73.49 -27.85
 328.00 -64.26 -33.54
 329.00 -54.58 -43.33
 330.00 -61.59 -53.88
 331.00 -62.38 -42.39
 332.00 -66.90 -36.09
 333.00 -62.10 -43.50
 334.00 -78.93 -48.68
 335.00 -98.87 -42.16
 336.00 -68.18 -20.27
 337.00 -46.86 -47.78
 338.00 -54.56 -46.28
 339.00 -69.65 -48.39
 340.00 -63.76 -33.35
 341.00 -79.19 -42.95
 342.00 -53.92 -27.17
 343.00 -69.51 -37.80
 344.00 -54.42 -54.52
 345.00 -68.17 -29.18
 346.00 -63.84 -56.24
 347.00 -82.49 -21.42
 348.00 -78.85 -63.22
 349.00 -151.04 145.76
 350.00 -51.68 -67.91
 351.00 -72.84 -51.22
 352.00 -148.17  -9.63
 353.00 -134.93 -178.46
 354.00 -53.92 114.58
 355.00 -74.13 -32.17
 356.00 -67.22 -41.11
 357.00 -54.34 -41.90
 358.00 -51.48 -45.55
 359.00 -52.65 -57.25
 360.00 -59.39 -48.51
 361.00 -65.74 -48.59
 362.00 -68.10 -35.52
 363.00 -90.27  -2.99
 364.00 -59.05 -61.84
 365.00 -62.69 -28.99
 366.00 -74.21 -40.64
 367.00 -62.64 -28.53
 368.00 -65.11 -34.44
 369.00 -51.86 -57.60
 370.00 -54.70 -31.96
 371.00 -59.54 -38.92
 372.00 -76.14 -25.56
 373.00 -95.56 -17.42
 374.00 -82.09 -25.27
 375.00 -48.05 -32.40
 376.00 -50.29 -41.24
 377.00 -76.86 -22.82
 378.00 -58.48 -44.64
 379.00 -62.43 -49.42
 380.00 -71.14 -36.25
 381.00 -77.39 -34.84
 382.00 -97.89 -45.71
 383.00 -139.05  -3.24
 384.00 -72.28 134.62
 385.00 -66.93 -37.29
 386.00 -61.79 -46.49
 387.00 -57.88 -47.91
 388.00 -70.03 -41.92
 389.00 -64.89 -36.07
 390.00 -59.08 -51.49
 391.00 -59.45 -43.53
 392.00 -76.92 -34.12
 393.00 -73.46 -38.69
 394.00 -70.75 -33.75
 395.00 -86.64 -14.75
 396.00  53.19   1.36
 397.00 -77.26  17.83
 398.00 -66.70  49.84


