 residuo Phi Psi
  69.00 -67.98 159.41
  70.00 -67.31 -25.47
  71.00 -81.26 -16.86
  72.00 -51.62 -52.12
  73.00 -58.54 -43.62
  74.00 -66.80 -50.32
  75.00 -67.96 -27.15
  76.00 -56.39 -41.41
  77.00 -69.42 -34.38
  78.00 -61.54 -42.09
  79.00 -65.20 -37.67
  80.00 -80.35 -34.02
  81.00 -63.05 -37.02
  82.00 -64.38 -28.88
  83.00 -80.97 -29.16
  84.00 -64.91 -27.94
  85.00 -64.48 -45.88
  86.00 -49.64 -50.46
  87.00 -56.62 -46.28
  88.00 -66.72 -46.39
  89.00 -66.31 -47.25
  90.00 -66.75 -43.66
  91.00 -80.74 -29.15
  92.00 -68.16 -26.13
  93.00 -52.60 -40.82
  94.00 -62.01 -50.00
  95.00 -59.92 -52.56
  96.00 -72.34 -37.11
  97.00 -60.06 -44.48
  98.00 -101.20 -22.08
  99.00 -73.29 -22.58
 100.00 -95.48 -47.27
 101.00 -83.16 -32.37
 102.00 -46.94 113.87
 103.00 -80.84 -45.12
 104.00 -112.82  -2.13
 105.00 -73.68   3.57
 106.00 -138.11  68.25
 107.00 -45.00 141.76
 108.00 -57.74 -51.95
 109.00 -59.55 -40.36
 110.00 -82.08 -20.43
 111.00 -69.53 -23.35
 112.00 -55.65 -49.75
 113.00 -69.86 -43.60
 114.00 -70.19 -31.40
 115.00 -83.79 -15.10
 116.00 -64.79 -37.28
 117.00 -65.24 -39.78
 118.00 -63.74 -30.35
 119.00 -85.08 -40.91
 120.00 -50.96 -36.37
 121.00 -64.10 -57.97
 122.00 -72.23 -24.50
 123.00 -57.90 -46.89
 124.00 -77.04 -35.18
 125.00 -116.77 -36.18
 126.00 -99.87 -36.98
 127.00 -59.35 -62.69
 128.00 -71.46 -32.63
 129.00 -63.40 -41.98
 130.00 -69.32 -34.86
 131.00 -53.43 -49.42
 132.00 -59.24 -42.15
 133.00 -60.62 -44.72
 134.00 -72.68 -35.35
 135.00 -56.39 -47.11
 136.00 -58.83 -49.68
 137.00  64.51   8.60
 138.00  69.40  43.68
 139.00 -85.85  16.18
 140.00 -58.27 123.89
 141.00 -80.98 134.31
 142.00 -92.06 -33.06
 143.00 -51.12 167.28
 144.00 -60.77 153.37
 145.00 -77.57 -39.35
 146.00 -87.94  -3.17
 147.00 -75.84  -3.05
 148.00 -61.36 -43.84
 149.00 -62.57 -50.01
 150.00 -98.57 -18.87
 151.00 -63.78 -44.63
 152.00 -51.98 -20.42
 153.00 -65.26 -45.66
 154.00 -57.41 -43.28
 155.00 -73.86 -40.56
 156.00 -53.84 -51.95
 157.00 -70.69 -52.42
 158.00 -63.60 -32.35
 159.00 -63.06 -54.22
 160.00 -56.21 -44.99
 161.00 -61.63 -48.24
 162.00 -68.70 -47.90
 163.00 -74.14 -31.60
 164.00 -61.74 -26.39
 165.00 -64.27 -46.14
 166.00 -67.41 -41.39
 167.00 -65.11 -38.38
 168.00 -50.44 -45.18
 169.00 -67.40 -49.00
 170.00 -60.01 -41.71
 171.00 -56.34 -49.74
 172.00 -69.03 -39.77
 173.00 -84.37 -28.40
 174.00 -132.12 -12.44
 175.00 -56.92 -29.34
 176.00 -69.29 -46.98
 177.00 -58.76 -20.48
 178.00 -70.41 -25.28
 179.00 -57.47 138.23
 180.00 -118.92 -23.78
 181.00 -74.75  27.28
 182.00 -89.14  -2.73
 183.00 -51.71  12.03
 184.00 -83.58 156.89
 185.00 -109.19 -23.20
 186.00 -151.84 151.74
 187.00 -65.96 151.71
 188.00 -88.95 139.70
 189.00 -52.15 -40.77
 190.00 -48.21 -50.71
 191.00 -57.90 -51.77
 192.00 -52.43 -56.77
 193.00 -82.40 -36.12
 194.00 -72.19 -23.04
 195.00 -59.05 -52.45
 196.00 -63.52 -51.21
 197.00 -85.93 -19.91
 198.00 -56.75 -38.21
 199.00 -53.00 -50.76
 200.00 -69.85 -40.04
 201.00 -53.46 -53.91
 202.00 -71.83 -40.16
 203.00 -63.76 -36.45
 204.00 -73.12 -44.42
 205.00 -80.13 -17.25
 206.00 -71.46 -46.22
 207.00 -51.99 -24.20
 208.00 -62.66 -25.13
 209.00 -68.95 -19.97
 210.00 -74.57 -46.36
 211.00 -68.14 -38.92
 212.00 -85.10 -41.19
 213.00 -67.95 -26.62
 214.00 -79.15 -41.92
 215.00 -98.01   7.04
 216.00 -128.18 -56.85
 217.00 -53.14 121.23
 218.00 -73.15 -28.53
 219.00 -84.34 -10.87
 220.00 -137.80 -10.90
 221.00 -128.66   5.99
 222.00 -144.37 150.72
 223.00  47.25 114.91
 224.00  90.08  51.52
 225.00 -85.67 -33.66
 226.00 -69.02 148.13
 227.00 -156.26 101.67
 228.00 -69.82 127.83
 229.00 -126.12 138.70
 230.00 -90.02 -28.01
 231.00 -44.41 144.46
 232.00 -58.38 -46.76
 233.00 -93.52 -28.81
 234.00 -64.71 -59.62
 235.00 -131.43 -18.84
 236.00 -97.54 -33.41
 237.00 -57.18 -59.91
 238.00 -51.08 -44.93
 239.00 -63.13 -34.43
 240.00 -69.71 -48.56
 241.00 -91.77 -18.99
 242.00 -145.18 -21.11
 243.00 -61.48 -59.07
 244.00 -64.22 -49.47
 245.00 -70.29 -47.12
 246.00 -56.25 -31.72
 247.00 -66.47 -42.44
 248.00 -74.99 -35.82
 249.00 -56.90 -48.04
 250.00 -48.19 -56.55
 251.00 -76.44 -45.42
 252.00 -53.68 -42.02
 253.00 -68.92 -45.82
 254.00 -58.58 -43.70
 255.00 -72.70 -44.26
 256.00 -72.68 -37.05
 257.00 -54.56 -40.06
 258.00 -83.75 -32.54
 259.00 -58.94 -43.55
 260.00 -75.47 -27.18
 261.00 -67.34 -31.56
 262.00 -77.46 -28.47
 263.00 -53.07 -33.93
 264.00 -64.27 -53.63
 1001.00 -86.10 -13.64
 1002.00 -66.09 -20.34
 1003.00 -47.81 -45.57
 1004.00 -64.24 -52.85
 1005.00 -66.95 -43.75
 1006.00 -71.92 -31.85
 1007.00 -71.25 -34.28
 1008.00 -71.76 -36.30
 1009.00 -59.43 -27.23
 1010.00 -52.91 -53.86
 1011.00 -58.06 -51.58
 1012.00 -76.84 -44.69
 1013.00 -69.01 -23.07
 1014.00 -62.84 -42.76
 1015.00 -55.95 -46.57
 1016.00 -67.19 -43.12
 1017.00 -68.37 -41.28
 1018.00 -75.46 -32.12
 1019.00 -66.37 -24.81
 1020.00 -100.00 145.73
 1021.00 -120.64 -24.99
 1022.00 -56.81 147.80
 1023.00 -73.27 -35.17
 1024.00 -50.60 -46.17
 1025.00 -59.97 -50.99
 1026.00 -62.14 -41.88
 1027.00 -55.59 -45.62
 1028.00 -73.86 -48.97
 1029.00 -61.94 -33.28
 1030.00 -72.91 -36.99
 1031.00 -67.87 -34.05
 1032.00 -68.03 -36.01
 1033.00 -59.23 -29.75
 1034.00 -71.29 -45.84
 1035.00 -63.43 -41.34
 1036.00 -79.51 -38.05
 1037.00 -58.19 -31.34
 1038.00 -62.50 -42.06
 1039.00 -72.33 -40.51
 1040.00 -65.64 -38.72
 1041.00  56.58 -39.09
 1042.00  98.59  37.34
 1043.00 -67.09   4.74
 1044.00  75.20 -30.01
 1066.00 -63.89 152.14
 1067.00 -54.76 -13.49
 1068.00 -56.85 -42.81
 1069.00 -50.69 -55.52
 1070.00 -70.00 -41.88
 1071.00 -62.83 -37.43
 1072.00 -60.29 -45.18
 1073.00 -68.99 -27.48
 1074.00 -66.79 -40.42
 1075.00 -59.83 -38.21
 1076.00 -68.28 -30.91
 1077.00 -75.05 -33.22
 1078.00 -63.76 -45.21
 1079.00 -80.36 -35.97
 1080.00 -89.56 -14.16
 1081.00  76.15   3.13
 1082.00 -76.08   0.28
 1083.00 -62.77  75.19
 1084.00 -63.14 -48.85
 1085.00 -74.92 -26.10
 1086.00 -59.90 -55.43
 1087.00 -59.49 -30.87
 1088.00 -63.84 -47.63
 1089.00 -84.31 -24.37
 1090.00 -65.53 -30.65
 1091.00 -52.45 -48.63
 1092.00 -74.36 -40.66
 1093.00 -61.85 -41.23
 1094.00 -38.22 -31.15
 1095.00 -71.55 -55.51
 1096.00 -59.93 -37.15
 1097.00 -57.95 -42.39
 1098.00 -54.98 -48.86
 1099.00 -53.72 -45.85
 1100.00 -73.98 -49.89
 1101.00 -67.69 -27.67
 1102.00 -65.23 -41.52
 1103.00 -44.64 -38.83
 1104.00 -64.71 -54.46
 1105.00 -59.70 -43.61
 313.00 -81.00 -45.99
 314.00 -68.51 -32.07
 315.00 -62.11 -41.09
 316.00 -82.69 -30.46
 317.00 -68.27 -16.75
 318.00 -60.50 -37.86
 319.00 -72.86 -44.51
 320.00 -46.75 -37.07
 321.00 -68.09 -46.26
 322.00 -61.46 -39.47
 323.00 -73.25 -33.58
 324.00 -64.36 -38.25
 325.00 -65.49 -30.99
 326.00 -64.40 -39.06
 327.00 -66.89 -45.30
 328.00 -60.71 -37.67
 329.00 -59.15 -49.11
 330.00 -75.97 -37.85
 331.00 -103.74  -4.89
 332.00 -76.95 -30.44
 333.00 -71.91 -33.50
 334.00 -77.66 -32.46
 335.00 -93.54 -44.11
 336.00 -42.93 -29.20
 337.00 -64.55 -58.70
 338.00 -57.45 -28.30
 339.00 -67.38 -56.86
 340.00 -65.34 -30.97
 341.00 -62.53 -39.17
 342.00 -59.92 -40.76
 343.00 -81.90 -47.89
 344.00 -60.15 -30.23
 345.00 -76.63 -28.96
 346.00 -85.56 -14.71
 347.00 -78.54 -28.83
 348.00 -65.08 -51.86
 349.00 -131.22 154.11
 350.00 -90.33 -74.75
 351.00 -73.11 -46.35
 352.00 -139.27  20.72
 353.00 -139.27 157.06
 354.00 -77.75 137.42
 355.00 -63.08 -27.96
 356.00 -56.53 -52.33
 357.00 -63.87 -39.60
 358.00 -51.84 -44.26
 359.00 -65.00 -48.18
 360.00 -54.53 -43.33
 361.00 -65.57 -48.80
 362.00 -53.36 -46.80
 363.00 -78.48 -25.59
 364.00 -54.92 -52.10
 365.00 -58.91 -48.61
 366.00 -80.65 -39.77
 367.00 -65.57 -17.85
 368.00 -56.34 -47.42
 369.00 -48.93 -44.49
 370.00 -58.31 -17.22
 371.00 -68.20 -35.10
 372.00 -79.50 -12.23
 373.00 -140.11 -14.67
 374.00 -102.90  36.79
 375.00 -56.85 -33.68
 376.00 -60.46 -34.84
 377.00 -73.31 -26.69
 378.00 -68.88 -34.52
 379.00 -61.77 -45.41
 380.00 -54.82 -47.30
 381.00 -71.16 -50.58
 382.00 -110.77 -29.91
 383.00 -130.55 -15.75
 384.00 -72.62 126.09
 385.00 -62.74 -40.95
 386.00 -65.27 -42.70
 387.00 -59.92 -52.27
 388.00 -77.80 -28.71
 389.00 -100.49  -3.89
 390.00 -57.78 -40.85
 391.00 -51.36 -40.88
 392.00 -68.45 -43.67
 393.00 -69.31 -49.21
 394.00 -72.81 -28.40
 395.00 -97.59 -28.20
 396.00  57.10  20.57
 397.00 -81.08  29.45
 398.00 -92.00  66.98


