 residuo Phi Psi
  69.00 -45.69 113.42
  70.00 -61.55 -44.38
  71.00 -67.46 -37.00
  72.00 -60.79 -36.04
  73.00 -52.95 -54.62
  74.00 -61.81 -43.13
  75.00 -75.45 -40.13
  76.00 -48.11 -36.72
  77.00 -79.51 -42.60
  78.00 -57.81 -32.62
  79.00 -62.33 -54.08
  80.00 -72.21 -25.76
  81.00 -72.03 -33.32
  82.00 -50.85 -21.07
  83.00 -61.51 -49.49
  84.00 -62.61 -40.03
  85.00 -73.06 -38.84
  86.00 -48.86 -45.77
  87.00 -64.17 -42.27
  88.00 -56.21 -56.70
  89.00 -66.72 -55.89
  90.00 -59.68 -47.86
  91.00 -61.85 -35.82
  92.00 -52.34 -40.89
  93.00 -61.86 -41.26
  94.00 -56.16 -50.69
  95.00 -70.76 -37.34
  96.00 -50.56 -54.00
  97.00 -62.26 -38.77
  98.00 -70.62 -58.70
  99.00 -68.95 -28.68
 100.00 -131.30 -28.80
 101.00 -74.86 -20.57
 102.00 -61.26 125.49
 103.00 -49.64 -44.95
 104.00 -120.16 -14.36
 105.00 -75.91   9.24
 106.00 -144.11  76.78
 107.00 -41.26 146.42
 108.00 -73.22 -49.51
 109.00 -59.23 -36.78
 110.00 -57.05 -29.76
 111.00 -70.79 -35.41
 112.00 -71.98 -30.71
 113.00 -61.68 -36.13
 114.00 -48.42 -53.38
 115.00 -67.79 -42.99
 116.00 -62.08 -36.48
 117.00 -59.12 -45.62
 118.00 -47.28 -41.96
 119.00 -100.12 -32.27
 120.00 -63.52 -28.63
 121.00 -66.09 -49.31
 122.00 -67.04 -25.83
 123.00 -72.64 -48.77
 124.00 -83.32 -13.63
 125.00 -144.95 -23.28
 126.00 -75.01 -38.86
 127.00 -57.56 -53.57
 128.00 -67.00 -39.21
 129.00 -70.75 -46.63
 130.00 -51.53 -37.32
 131.00 -68.87 -50.64
 132.00 -79.10 -24.99
 133.00 -57.81 -39.42
 134.00 -63.10 -32.52
 135.00 -58.09 -55.20
 136.00 -81.13 -25.93
 137.00  84.80   5.26
 138.00  60.37  38.56
 139.00 -135.66  56.19
 140.00 -68.11 149.45
 141.00 -79.50 114.88
 142.00 -136.77   8.57
 143.00 -52.86 166.47
 144.00 -72.62 156.92
 145.00 -67.91 -52.98
 146.00 -81.42  -5.03
 147.00 -63.67 -21.58
 148.00 -58.82 -55.24
 149.00 -80.30 -45.41
 150.00 -94.33  -6.80
 151.00 -62.10 -49.99
 152.00 -42.09 -28.97
 153.00 -71.94 -49.35
 154.00 -69.11 -36.14
 155.00 -60.14 -41.60
 156.00 -68.34 -40.83
 157.00 -63.27 -54.05
 158.00 -76.84 -35.46
 159.00 -61.53 -38.94
 160.00 -56.47 -47.51
 161.00 -60.14 -35.95
 162.00 -63.96 -61.15
 163.00 -74.52 -28.24
 164.00 -79.29 -19.32
 165.00 -62.91 -38.97
 166.00 -72.98 -36.09
 167.00 -54.25 -46.18
 168.00 -59.63 -46.68
 169.00 -53.83 -47.90
 170.00 -63.13 -45.96
 171.00 -69.81 -41.22
 172.00 -67.79 -40.34
 173.00 -77.55 -26.44
 174.00 -66.61 -47.25
 175.00 -58.29 -28.01
 176.00 -55.26 -69.68
 177.00 -71.52 -27.16
 178.00 -78.77 -18.91
 179.00 -74.43 141.03
 180.00 -118.37 -25.68
 181.00 -55.78  24.70
 182.00 -76.99 -20.01
 183.00 -55.50   2.13
 184.00 -70.63 118.52
 185.00 -71.36 -15.94
 186.00 -150.37 134.27
 187.00 -143.12 172.91
 188.00 -69.96 125.89
 189.00 -59.66 -35.98
 190.00 -61.03 -42.12
 191.00 -58.60 -51.53
 192.00 -59.61 -46.79
 193.00 -50.86 -52.60
 194.00 -70.46 -38.89
 195.00 -55.56 -48.54
 196.00 -66.09 -50.35
 197.00 -69.49 -27.62
 198.00 -47.20 -56.67
 199.00 -44.41 -56.55
 200.00 -57.65 -55.05
 201.00 -76.31 -39.62
 202.00 -65.27 -37.86
 203.00 -58.95 -32.83
 204.00 -61.34 -58.52
 205.00 -57.12 -34.76
 206.00 -85.90 -38.56
 207.00 -55.48 -19.24
 208.00 -46.45 -32.15
 209.00 -59.30 -36.06
 210.00 -69.74 -61.99
 211.00 -54.41 -34.88
 212.00 -86.88 -59.47
 213.00 -69.62 -35.05
 214.00 -67.58 -30.86
 215.00 -75.00 -35.75
 216.00 -166.70 -12.38
 217.00 -56.34 104.91
 218.00 -59.07 -38.18
 219.00 -89.95  -5.54
 220.00 -127.01 -20.96
 221.00 -127.58  14.58
 222.00 -129.05 139.08
 223.00  49.25 143.05
 224.00  71.67  36.33
 225.00 -126.07  27.98
 226.00 -77.88 146.74
 227.00 -147.84 102.95
 228.00 -63.76 136.70
 229.00 -130.94 124.42
 230.00 -80.11 -16.66
 231.00 -58.32 152.41
 232.00 -75.34 -26.39
 233.00 -107.76 -16.23
 234.00 -83.38 -46.73
 235.00 -130.95 -11.34
 236.00 -66.78 -77.78
 237.00 -64.19 -39.87
 238.00 -74.58 -21.32
 239.00 -71.22 -18.78
 240.00 -62.77 -63.75
 241.00 -82.09 -26.64
 242.00 -158.42 -15.39
 243.00 -61.74 -61.68
 244.00 -80.13 -33.03
 245.00 -66.18 -52.99
 246.00 -69.80 -20.95
 247.00 -63.07 -39.82
 248.00 -59.18 -39.81
 249.00 -64.19 -48.90
 250.00 -73.94 -42.40
 251.00 -89.88 -24.21
 252.00 -55.88 -45.65
 253.00 -68.07 -33.21
 254.00 -73.62 -37.00
 255.00 -62.48 -51.18
 256.00 -59.68 -35.21
 257.00 -65.43 -55.41
 258.00 -65.31 -30.28
 259.00 -79.57 -39.21
 260.00 -64.94 -28.39
 261.00 -67.43 -41.60
 262.00 -66.70 -29.99
 263.00 -75.47 -28.98
 264.00 -70.16 -34.21
 1001.00 -63.58 -44.88
 1002.00 -61.51 -21.53
 1003.00 -67.51 -39.51
 1004.00 -65.97 -44.93
 1005.00 -78.30 -29.89
 1006.00 -73.04 -27.16
 1007.00 -72.98 -31.30
 1008.00 -67.96 -29.09
 1009.00 -72.17 -32.79
 1010.00 -62.94 -32.84
 1011.00 -60.29 -37.08
 1012.00 -62.26 -53.21
 1013.00 -54.55 -34.92
 1014.00 -66.11 -50.31
 1015.00 -66.69 -36.91
 1016.00 -73.06 -40.49
 1017.00 -58.61 -39.97
 1018.00 -62.09 -47.72
 1019.00 -64.14 -32.96
 1020.00 -108.33 140.54
 1021.00 -122.61 -29.26
 1022.00 -59.24 157.02
 1023.00 -62.63 -40.04
 1024.00 -79.17 -14.97
 1025.00 -81.24 -37.94
 1026.00 -61.42 -36.82
 1027.00 -70.53 -34.45
 1028.00 -60.35 -47.99
 1029.00 -70.28 -38.71
 1030.00 -62.02 -42.55
 1031.00 -57.73 -43.31
 1032.00 -62.23 -52.07
 1033.00 -57.86 -36.44
 1034.00 -67.46 -31.81
 1035.00 -62.80 -55.63
 1036.00 -60.52 -32.39
 1037.00 -62.14 -43.59
 1038.00 -70.28 -42.25
 1039.00 -69.52 -39.23
 1040.00 -91.67 -29.05
 1041.00  54.93 -28.97
 1042.00  87.18  47.34
 1043.00 -56.67   1.31
 1044.00  66.35 -19.86
 1066.00 -49.62 138.73
 1067.00 -52.60 -22.17
 1068.00 -49.95 -44.17
 1069.00 -75.38 -46.94
 1070.00 -78.12 -24.49
 1071.00 -69.94 -29.25
 1072.00 -63.47 -33.30
 1073.00 -58.47 -48.25
 1074.00 -82.79 -26.77
 1075.00 -59.24 -38.77
 1076.00 -60.26 -34.70
 1077.00 -56.60 -49.41
 1078.00 -69.63 -42.56
 1079.00 -51.93 -41.40
 1080.00 -66.49 -47.84
 1081.00  93.02 -12.94
 1082.00 -74.49   5.87
 1083.00 -64.51  55.03
 1084.00 -69.08 -37.70
 1085.00 -74.63 -35.81
 1086.00 -75.77 -24.88
 1087.00 -75.73 -25.76
 1088.00 -64.34 -34.91
 1089.00 -64.66 -43.05
 1090.00 -75.68 -26.61
 1091.00 -84.86 -21.35
 1092.00 -76.90 -16.79
 1093.00 -73.07 -32.18
 1094.00 -45.40 -40.44
 1095.00 -62.61 -48.47
 1096.00 -59.87 -50.20
 1097.00 -52.81 -46.87
 1098.00 -66.51 -42.18
 1099.00 -59.39 -44.92
 1100.00 -76.46 -46.57
 1101.00 -65.52 -27.60
 1102.00 -61.51 -39.67
 1103.00 -59.50 -39.48
 1104.00 -63.97 -46.63
 1105.00 -75.89 -35.56
 313.00 -71.14 -42.91
 314.00 -66.25 -36.17
 315.00 -69.49 -28.34
 316.00 -71.91 -37.59
 317.00 -78.46 -25.20
 318.00 -56.85 -43.21
 319.00 -64.42 -42.26
 320.00 -64.93 -31.61
 321.00 -76.66 -37.62
 322.00 -73.06 -27.01
 323.00 -59.12 -36.48
 324.00 -68.96 -43.88
 325.00 -60.26 -44.45
 326.00 -57.33 -37.89
 327.00 -63.57 -43.39
 328.00 -57.75 -44.41
 329.00 -50.65 -49.05
 330.00 -60.81 -52.85
 331.00 -58.74 -43.10
 332.00 -59.80 -54.52
 333.00 -50.91 -60.52
 334.00 -82.82 -37.43
 335.00 -81.31 -30.91
 336.00 -43.72 -26.30
 337.00 -65.48 -56.51
 338.00 -51.70 -39.87
 339.00 -70.27 -57.59
 340.00 -68.38 -34.97
 341.00 -77.33 -30.94
 342.00 -59.43 -36.69
 343.00 -62.57 -46.57
 344.00 -68.67 -39.88
 345.00 -64.46 -44.63
 346.00 -75.97  -8.36
 347.00 -77.61 -48.25
 348.00 -69.50 -41.08
 349.00 -141.07 155.61
 350.00 -105.92 -55.79
 351.00 -90.32 -32.55
 352.00 -157.71  21.22
 353.00 -148.37 167.51
 354.00 -71.98 135.43
 355.00 -61.37 -36.11
 356.00 -67.63 -36.53
 357.00 -59.66 -44.44
 358.00 -61.73 -49.12
 359.00 -55.31 -41.28
 360.00 -59.07 -42.99
 361.00 -62.79 -59.90
 362.00 -51.75 -35.83
 363.00 -63.74 -37.05
 364.00 -64.37 -63.30
 365.00 -61.95 -29.58
 366.00 -68.45 -39.46
 367.00 -76.78 -18.67
 368.00 -49.96 -32.47
 369.00 -57.90 -63.92
 370.00 -61.62 -23.80
 371.00 -73.29 -25.20
 372.00 -89.51  -5.23
 373.00 -96.38 -14.09
 374.00 -94.70   7.27
 375.00 -61.14 -32.03
 376.00 -61.20 -39.24
 377.00 -70.10 -35.22
 378.00 -64.21 -32.89
 379.00 -64.02 -53.76
 380.00 -56.48 -36.93
 381.00 -74.45 -42.03
 382.00 -97.69 -41.09
 383.00 -129.89 -22.90
 384.00 -75.02 125.96
 385.00 -64.67 -31.55
 386.00 -68.85 -48.92
 387.00 -48.25 -48.28
 388.00 -72.23 -39.52
 389.00 -61.17 -51.33
 390.00 -70.90 -37.89
 391.00 -66.85 -29.94
 392.00 -70.90 -30.56
 393.00 -67.25 -39.98
 394.00 -71.57 -40.67
 395.00 -80.11 -28.56
 396.00  60.89  -7.51
 397.00 -76.89  31.52
 398.00 -67.04  49.85


