 residuo Phi Psi
  69.00 -89.88 146.89
  70.00 -160.86 119.14
  71.00 -67.37 -37.31
  72.00 -66.91 -34.10
  73.00 -68.86 -43.31
  74.00 -53.29 -40.70
  75.00 -56.31 -51.69
  76.00 -52.10 -49.91
  77.00 -68.58 -36.41
  78.00 -57.85 -52.84
  79.00 -67.03 -34.43
  80.00 -81.79 -30.25
  81.00 -56.59 -29.59
  82.00 -74.92 -28.84
  83.00 -58.14 -34.66
  84.00 -82.20 -34.66
  85.00 -58.27 -41.58
  86.00 -68.10 -44.93
  87.00 -62.86 -45.96
  88.00 -51.09 -42.29
  89.00 -67.15 -62.94
  90.00 -62.00 -31.29
  91.00 -70.90 -45.99
  92.00 -63.47 -33.02
  93.00 -68.77 -20.75
  94.00 -71.17 -27.11
  95.00 -54.26 -49.18
  96.00 -68.62 -46.64
  97.00 -69.35 -49.03
  98.00 -85.78 -29.79
  99.00 -72.21 -16.65
 100.00 -141.14  -8.45
 101.00 -73.57 -50.06
 102.00 -65.93 126.71
 103.00 -62.81 -34.14
 104.00 -90.42 -20.71
 105.00 -64.15 -12.84
 106.00 -129.69  75.17
 107.00 -71.21 156.73
 108.00 -95.68   1.73
 109.00 -68.92 -42.11
 110.00 -67.10 -24.35
 111.00 -71.61 -36.94
 112.00 -64.87 -34.25
 113.00 -72.46 -33.16
 114.00 -87.64 -24.61
 115.00 -66.73 -29.83
 116.00 -57.61 -38.17
 117.00 -67.96 -45.14
 118.00 -70.22 -27.41
 119.00 -65.54 -40.72
 120.00 -69.25 -33.57
 121.00 -62.23 -40.82
 122.00 -53.32 -49.28
 123.00 -53.03 -44.35
 124.00 -73.17 -49.06
 125.00 -124.18 -32.38
 126.00 -103.00 -22.78
 127.00 -61.34 -48.05
 128.00 -64.65 -50.78
 129.00 -63.80 -39.31
 130.00 -66.86 -38.68
 131.00 -84.70 -26.11
 132.00 -75.55 -27.96
 133.00 -61.40 -26.85
 134.00 -57.05 -31.68
 135.00 -54.50 -64.27
 136.00 -71.01 -33.75
 137.00  88.31 -22.30
 138.00  72.57  43.60
 139.00 -100.27  -2.68
 140.00 -64.83 156.58
 141.00 -63.05 118.46
 142.00 -108.14 -24.19
 143.00 -56.55 170.34
 144.00 -46.40 130.69
 145.00 -67.67 -40.83
 146.00 -99.05   9.67
 147.00 -70.22 -17.32
 148.00 -63.20 -49.51
 149.00 -69.60 -44.15
 150.00 -88.45  -6.11
 151.00 -58.08 -43.75
 152.00 -42.60 -35.77
 153.00 -68.14 -40.15
 154.00 -35.66 -60.73
 155.00 -68.48 -54.42
 156.00 -70.18 -35.79
 157.00 -73.24 -46.02
 158.00 -70.97 -34.05
 159.00 -89.19 -22.05
 160.00 -71.41 -36.95
 161.00 -39.45 -36.97
 162.00 -61.14 -66.37
 163.00 -58.63 -39.08
 164.00 -64.94 -32.91
 165.00 -53.10 -55.74
 166.00 -73.38 -42.56
 167.00 -60.20 -44.56
 168.00 -69.97 -48.21
 169.00 -54.69 -28.11
 170.00 -71.06 -51.12
 171.00 -60.00 -35.41
 172.00 -60.92 -49.76
 173.00 -61.64 -39.01
 174.00 -101.09 -34.16
 175.00 -51.88 -27.94
 176.00 -69.44 -50.01
 177.00 -101.59   6.17
 178.00 -62.91  -6.68
 179.00 -64.76 128.07
 180.00 -125.73  -5.46
 181.00 -70.42  30.34
 182.00 -108.87   5.04
 183.00 -82.58  29.42
 184.00 -61.19 160.84
 185.00 -92.35 -55.52
 186.00 -145.12 158.00
 187.00 -99.75 152.27
 188.00 -80.59 145.40
 189.00 -50.61 -52.64
 190.00 -64.28 -47.32
 191.00 -60.86 -39.99
 192.00 -59.04 -45.25
 193.00 -67.34 -43.25
 194.00 -71.60 -34.22
 195.00 -51.60 -42.06
 196.00 -64.82 -44.47
 197.00 -56.52 -35.96
 198.00 -62.50 -51.08
 199.00 -68.46 -32.65
 200.00 -65.74 -41.37
 201.00 -61.53 -39.52
 202.00 -85.49 -33.46
 203.00 -68.94 -34.53
 204.00 -46.82 -35.99
 205.00 -62.31 -49.67
 206.00 -69.33 -42.99
 207.00 -61.59 -25.84
 208.00 -46.66 -28.29
 209.00 -69.63 -33.72
 210.00 -55.47 -45.78
 211.00 -75.90 -45.15
 212.00 -117.53 -43.99
 213.00 -61.46 -39.20
 214.00 -68.38 -32.39
 215.00 -76.26 -17.34
 216.00 -154.11 -22.95
 217.00 -67.08 146.14
 218.00 -59.82 -33.65
 219.00 -80.82 -15.56
 220.00 -137.88 -20.63
 221.00 -116.45  -9.56
 222.00 -140.19 135.78
 223.00  48.25 123.12
 224.00  83.04  37.32
 225.00 -76.78 -22.97
 226.00 -76.46 131.99
 227.00 -160.29 104.76
 228.00 -70.16 162.64
 229.00 -86.35  84.23
 230.00 -78.62 -22.01
 231.00 -62.02  92.83
 232.00 -72.75  -9.10
 233.00 -60.05 -23.66
 234.00 -69.08 -45.58
 235.00 -74.21 -50.31
 236.00 -135.17 -25.38
 237.00 -53.95 -59.13
 238.00 -62.06 -28.14
 239.00 -71.53 -18.47
 240.00 -60.88 -41.49
 241.00 -58.41 -55.89
 242.00 -140.85 -37.00
 243.00 -64.96 -57.76
 244.00 -77.58 -36.90
 245.00 -59.85 -51.10
 246.00 -59.04 -28.96
 247.00 -58.65 -53.31
 248.00 -65.90 -39.23
 249.00 -56.88 -44.24
 250.00 -59.85 -54.97
 251.00 -78.75 -40.24
 252.00 -71.57 -29.80
 253.00 -63.32 -36.08
 254.00 -58.90 -49.38
 255.00 -71.87 -42.72
 256.00 -64.14 -31.21
 257.00 -52.05 -55.68
 258.00 -71.92 -36.68
 259.00 -72.22 -32.39
 260.00 -80.00 -26.68
 261.00 -60.89 -41.66
 262.00 -53.21 -38.64
 263.00 -62.84 -34.99
 264.00 -79.25 -32.75
 1001.00 -75.77 -30.31
 1002.00 -63.17 -37.37
 1003.00 -66.38 -43.78
 1004.00 -63.52 -38.65
 1005.00 -71.95 -41.25
 1006.00 -66.53 -36.15
 1007.00 -80.10 -31.39
 1008.00 -73.45 -21.70
 1009.00 -55.02 -42.44
 1010.00 -55.00 -51.28
 1011.00 -73.10 -48.47
 1012.00 -58.65 -45.09
 1013.00 -70.80 -38.14
 1014.00 -83.34 -27.43
 1015.00 -71.72 -30.11
 1016.00 -55.29 -34.52
 1017.00 -58.58 -45.88
 1018.00 -83.32 -46.29
 1019.00 -79.16  13.00
 1020.00 -97.46 136.97
 1021.00 -139.84 -14.53
 1022.00 -72.02 152.54
 1023.00 -69.77 -23.34
 1024.00 -71.33 -35.25
 1025.00 -90.31 -18.35
 1026.00 -50.95 -39.99
 1027.00 -59.87 -44.04
 1028.00 -55.19 -69.63
 1029.00 -58.87 -39.54
 1030.00 -66.86 -41.14
 1031.00 -66.44 -38.26
 1032.00 -66.92 -36.77
 1033.00 -59.24 -35.39
 1034.00 -66.99 -51.34
 1035.00 -56.71 -38.87
 1036.00 -72.22 -48.49
 1037.00 -74.00 -24.13
 1038.00 -64.85 -45.50
 1039.00 -52.16 -35.17
 1040.00 -78.86 -40.81
 1041.00  54.17 -35.22
 1042.00 110.84  37.92
 1043.00 -63.27  -1.87
 1044.00  63.48 -26.90
 1066.00 -55.71 157.69
 1067.00 -49.22 -32.01
 1068.00 -69.13 -34.27
 1069.00 -63.74 -35.96
 1070.00 -75.11 -43.64
 1071.00 -68.04 -22.25
 1072.00 -54.87 -51.53
 1073.00 -61.23 -31.20
 1074.00 -72.19 -41.88
 1075.00 -61.81 -37.15
 1076.00 -54.04 -38.56
 1077.00 -61.32 -47.72
 1078.00 -65.31 -40.77
 1079.00 -66.55 -45.01
 1080.00 -84.12 -24.56
 1081.00  78.12   8.76
 1082.00 -92.52   3.44
 1083.00 -58.20  75.80
 1084.00 -85.50 -31.77
 1085.00 -69.66 -41.55
 1086.00 -68.81 -28.69
 1087.00 -63.21 -44.58
 1088.00 -56.03 -44.00
 1089.00 -58.97 -46.99
 1090.00 -59.33 -43.39
 1091.00 -72.94 -42.31
 1092.00 -48.97 -28.44
 1093.00 -94.32 -19.00
 1094.00 -44.36 -18.75
 1095.00 -71.28 -56.50
 1096.00 -59.09 -41.41
 1097.00 -72.72 -29.02
 1098.00 -50.13 -48.91
 1099.00 -66.52 -40.27
 1100.00 -81.36 -34.81
 1101.00 -65.33 -40.49
 1102.00 -61.77 -32.28
 1103.00 -66.00 -42.97
 1104.00 -66.64 -43.77
 1105.00 -60.23 -41.74
 313.00 -66.88 -35.67
 314.00 -73.23 -31.69
 315.00 -54.27 -41.71
 316.00 -58.23 -51.26
 317.00 -71.50 -36.94
 318.00 -63.44 -44.37
 319.00 -66.88 -37.35
 320.00 -57.04 -44.82
 321.00 -72.09 -37.19
 322.00 -85.51 -39.36
 323.00 -64.26 -23.64
 324.00 -66.98 -35.46
 325.00 -56.44 -27.31
 326.00 -56.33 -46.41
 327.00 -69.08 -40.46
 328.00 -60.60 -46.83
 329.00 -76.56 -41.77
 330.00 -61.14 -30.12
 331.00 -56.82 -34.31
 332.00 -54.93 -52.52
 333.00 -84.74 -38.58
 334.00 -96.10 -42.82
 335.00 -97.57 -31.13
 336.00 -48.07 -31.79
 337.00 -61.41 -47.63
 338.00 -61.24 -39.29
 339.00 -70.48 -53.00
 340.00 -72.81 -25.08
 341.00 -83.52 -32.38
 342.00 -55.95 -31.97
 343.00 -73.99 -33.04
 344.00 -58.94 -60.72
 345.00 -56.84 -36.48
 346.00 -95.17 -33.93
 347.00 -74.32 -23.65
 348.00 -80.24 -36.21
 349.00 -146.22 147.36
 350.00 -71.62 -55.06
 351.00 -79.73 -41.32
 352.00 -145.83   0.09
 353.00 -118.74 170.71
 354.00 -72.11 134.44
 355.00 -75.12 -30.57
 356.00 -68.62 -38.66
 357.00 -70.43 -35.01
 358.00 -57.76 -45.59
 359.00 -76.85 -28.76
 360.00 -68.10 -28.22
 361.00 -64.45 -49.44
 362.00 -60.86 -44.49
 363.00 -68.79 -28.10
 364.00 -52.83 -55.37
 365.00 -53.88 -46.94
 366.00 -78.27 -41.85
 367.00 -72.41 -17.34
 368.00 -46.26 -35.23
 369.00 -61.74 -58.69
 370.00 -50.98 -33.57
 371.00 -52.17 -40.78
 372.00 -98.57 -15.18
 373.00 -117.50 -12.59
 374.00 -70.69 -20.84
 375.00 -60.36 -39.29
 376.00 -33.79 -41.68
 377.00 -72.07 -48.83
 378.00 -64.91 -39.67
 379.00 -68.47 -47.98
 380.00 -62.87 -32.16
 381.00 -60.37 -47.74
 382.00 -80.82 -56.74
 383.00 -136.68 -20.66
 384.00 -54.32 130.20
 385.00 -63.89 -42.60
 386.00 -57.48 -47.78
 387.00 -61.53 -50.57
 388.00 -61.31 -42.81
 389.00 -86.24 -31.01
 390.00 -48.32 -44.82
 391.00 -65.66 -39.57
 392.00 -66.71 -38.56
 393.00 -70.14 -35.68
 394.00 -74.99 -41.51
 395.00 -82.93 -18.26
 396.00  67.91 -11.78
 397.00 -84.83  30.25
 398.00 -87.12  98.78


