 residuo Phi Psi
  69.00 -73.97 123.01
  70.00 -67.52  22.05
  71.00 -78.38 -27.93
  72.00 -65.06 -30.62
  73.00 -69.99 -47.92
  74.00 -60.86 -35.48
  75.00 -78.12 -33.62
  76.00 -64.09 -35.05
  77.00 -66.22 -30.61
  78.00 -74.51 -36.30
  79.00 -69.14 -32.85
  80.00 -91.89 -19.86
  81.00 -63.75 -27.12
  82.00 -63.50 -30.61
  83.00 -64.70 -40.61
  84.00 -80.24 -25.85
  85.00 -70.11 -30.42
  86.00 -67.62 -49.01
  87.00 -94.03 -13.76
  88.00 -73.58 -33.23
  89.00 -47.91 -60.52
  90.00 -57.49 -58.40
  91.00 -76.38 -47.28
  92.00 -79.68 -24.82
  93.00 -61.27 -39.06
  94.00 -63.34 -36.28
  95.00 -82.14 -44.16
  96.00 -60.11 -27.89
  97.00 -59.99 -48.62
  98.00 -80.61 -41.91
  99.00 -81.90 -12.94
 100.00 -144.51 -13.05
 101.00 -76.72 -35.31
 102.00 -63.90 131.12
 103.00 -92.89 -24.22
 104.00 -98.14  -8.24
 105.00 -79.85 -26.30
 106.00 -154.97  81.03
 107.00 -61.53 170.99
 108.00 -66.05 -23.66
 109.00 -68.58 -59.91
 110.00 -60.71 -24.71
 111.00 -71.04 -27.90
 112.00 -57.77 -48.93
 113.00 -56.61 -28.30
 114.00 -84.40 -28.02
 115.00 -56.51 -38.33
 116.00 -65.23 -42.10
 117.00 -62.22 -52.65
 118.00 -60.06 -38.66
 119.00 -84.70 -33.91
 120.00 -54.69 -40.40
 121.00 -61.68 -51.89
 122.00 -65.22 -45.81
 123.00 -72.38 -25.65
 124.00 -82.28 -23.34
 125.00 -114.21 -33.67
 126.00 -116.84 -33.79
 127.00 -59.44 -43.19
 128.00 -74.56 -45.76
 129.00 -73.27 -26.67
 130.00 -61.46 -34.77
 131.00 -54.21 -48.28
 132.00 -67.03 -36.37
 133.00 -53.02 -52.09
 134.00 -68.81 -34.60
 135.00 -94.27  -9.82
 136.00 -85.53 -47.66
 137.00  47.61  46.09
 138.00  67.01  34.33
 139.00 -69.90  -3.54
 140.00 -48.51 135.55
 141.00 -73.60 101.87
 142.00 -118.80  -1.02
 143.00 -50.91 165.12
 144.00 -67.09 141.98
 145.00 -52.01 -47.20
 146.00 -78.02 -15.88
 147.00 -59.29 -15.42
 148.00 -70.69 -49.43
 149.00 -61.48 -33.63
 150.00 -65.33 -50.22
 151.00 -71.72 -28.13
 152.00 -60.28 -43.43
 153.00 -77.09 -42.16
 154.00 -56.95 -37.21
 155.00 -65.49 -55.05
 156.00 -71.37 -40.25
 157.00 -58.03 -52.94
 158.00 -66.39 -47.64
 159.00 -60.66 -36.93
 160.00 -65.55 -43.48
 161.00 -63.33 -28.89
 162.00 -63.05 -59.30
 163.00 -63.88 -46.75
 164.00 -70.47 -27.68
 165.00 -49.86 -42.72
 166.00 -59.89 -47.15
 167.00 -64.38 -52.26
 168.00 -64.51 -37.75
 169.00 -63.19 -39.74
 170.00 -64.49 -38.79
 171.00 -56.70 -50.22
 172.00 -62.71 -53.75
 173.00 -69.69 -34.95
 174.00 -77.16 -34.15
 175.00 -58.05 -33.49
 176.00 -79.72 -30.03
 177.00 -70.04 -10.88
 178.00 -70.83 -24.66
 179.00 -68.66 137.36
 180.00 -107.89 -21.45
 181.00 -50.03  13.77
 182.00 -84.72 -25.69
 183.00 -72.64  -0.75
 184.00 -66.56 135.77
 185.00 -51.65 -30.05
 186.00 -150.00 132.61
 187.00 -109.18 158.15
 188.00 -47.00 103.51
 189.00 -73.15 -39.58
 190.00 -58.40 -44.21
 191.00 -62.10 -50.32
 192.00 -50.46 -47.72
 193.00 -64.05 -53.87
 194.00 -64.00 -35.13
 195.00 -56.27 -51.76
 196.00 -52.34 -52.03
 197.00 -73.21 -40.85
 198.00 -72.83 -37.29
 199.00 -61.59 -35.84
 200.00 -69.33 -40.51
 201.00 -58.77 -47.01
 202.00 -69.92 -30.22
 203.00 -65.40 -37.14
 204.00 -43.15 -49.58
 205.00 -77.61 -40.05
 206.00 -87.31 -34.13
 207.00 -52.76 -16.67
 208.00 -48.19 -34.36
 209.00 -78.83 -14.89
 210.00 -65.49 -67.69
 211.00 -78.21 -24.09
 212.00 -118.15 -42.72
 213.00 -57.93 -50.09
 214.00 -36.83 -52.22
 215.00 -86.66 -35.80
 216.00 -142.36   4.23
 217.00 -59.61 115.69
 218.00 -68.88 -16.45
 219.00 -96.81 -18.85
 220.00 -56.13 -48.40
 221.00 -121.34 -29.64
 222.00 -147.67 145.85
 223.00  56.45 118.46
 224.00  70.13  39.77
 225.00 -95.05   5.63
 226.00 -79.86 149.49
 227.00 -161.94  94.55
 228.00 -107.37 121.66
 229.00 -106.20  91.23
 230.00 -90.68  27.33
 231.00 -61.70 133.10
 232.00 -53.73 -22.94
 233.00 -93.78 -34.66
 234.00 -86.60 -38.46
 235.00 -79.66 -50.71
 236.00 -105.69 -33.67
 237.00 -57.72 -50.24
 238.00 -61.17 -39.31
 239.00 -70.15 -13.98
 240.00 -73.51 -51.17
 241.00 -66.19 -34.41
 242.00 -130.67 -37.60
 243.00 -67.10 -56.02
 244.00 -80.43 -29.52
 245.00 -65.35 -50.58
 246.00 -50.86 -39.00
 247.00 -57.92 -52.30
 248.00 -56.02 -49.73
 249.00 -53.93 -48.00
 250.00 -66.78 -60.07
 251.00 -54.75 -43.44
 252.00 -49.73 -63.57
 253.00 -67.13 -40.43
 254.00 -56.15 -45.60
 255.00 -70.71 -38.55
 256.00 -72.20 -27.33
 257.00 -52.87 -58.77
 258.00 -71.71 -38.10
 259.00 -57.22 -45.95
 260.00 -85.33 -27.66
 261.00 -71.59 -30.96
 262.00 -60.48 -39.67
 263.00 -71.35 -26.55
 264.00 -79.88 -21.68
 1001.00 -67.54 -30.69
 1002.00 -60.51 -36.84
 1003.00 -69.08 -45.03
 1004.00 -52.33 -40.73
 1005.00 -66.31 -43.89
 1006.00 -61.84 -41.53
 1007.00 -57.61 -44.76
 1008.00 -76.14 -38.87
 1009.00 -66.66 -37.42
 1010.00 -75.01 -32.03
 1011.00 -58.72 -37.73
 1012.00 -72.40 -37.48
 1013.00 -45.18 -51.51
 1014.00 -55.84 -47.15
 1015.00 -75.97 -18.50
 1016.00 -54.15 -61.14
 1017.00 -41.58 -45.00
 1018.00 -139.40 -31.14
 1019.00 -76.72  24.06
 1020.00 -76.03 150.92
 1021.00 -150.17 -40.84
 1022.00 -66.76 168.72
 1023.00 -57.05 -36.81
 1024.00 -73.64 -38.78
 1025.00 -72.27 -30.02
 1026.00 -55.97 -51.48
 1027.00 -68.05 -41.18
 1028.00 -71.30 -35.32
 1029.00 -68.71 -38.69
 1030.00 -69.12 -27.07
 1031.00 -67.64 -42.15
 1032.00 -55.79 -36.95
 1033.00 -74.34 -40.21
 1034.00 -56.30 -49.08
 1035.00 -57.32 -45.82
 1036.00 -62.66 -53.90
 1037.00 -63.06 -30.24
 1038.00 -68.08 -47.52
 1039.00 -69.67 -29.20
 1040.00 -87.46 -33.25
 1041.00  56.59 -31.35
 1042.00 109.49  22.65
 1043.00 -65.88   9.55
 1044.00  90.78 -34.93
 1066.00 -69.25 155.56
 1067.00 -57.42  10.80
 1068.00 -70.19 -43.82
 1069.00 -62.59 -27.20
 1070.00 -70.55 -34.47
 1071.00 -77.35 -33.88
 1072.00 -43.97 -32.74
 1073.00 -71.88 -42.83
 1074.00 -64.31 -34.02
 1075.00 -74.75 -37.37
 1076.00 -67.78 -41.41
 1077.00 -55.34 -37.93
 1078.00 -51.23 -57.66
 1079.00 -64.72 -43.52
 1080.00 -80.80 -30.56
 1081.00  72.16   8.94
 1082.00 -73.35  -2.15
 1083.00 -62.23  80.68
 1084.00 -78.30 -42.34
 1085.00 -68.80 -31.06
 1086.00 -48.28 -45.33
 1087.00 -69.18 -49.71
 1088.00 -52.07 -39.61
 1089.00 -79.11 -36.66
 1090.00 -59.92 -41.26
 1091.00 -75.25 -22.76
 1092.00 -61.83 -49.57
 1093.00 -69.50 -30.25
 1094.00 -48.51 -50.46
 1095.00 -78.57 -40.47
 1096.00 -68.82 -40.70
 1097.00 -51.19 -38.64
 1098.00 -49.79 -35.20
 1099.00 -58.60 -44.94
 1100.00 -65.93 -50.01
 1101.00 -69.79 -36.38
 1102.00 -69.49 -25.12
 1103.00 -58.14 -51.34
 1104.00 -68.97 -36.97
 1105.00 -70.22 -42.22
 313.00 -71.50 -40.61
 314.00 -71.57 -30.33
 315.00 -63.99 -40.75
 316.00 -54.83 -40.81
 317.00 -82.97 -33.95
 318.00 -59.40 -37.90
 319.00 -65.02 -40.26
 320.00 -62.15 -38.23
 321.00 -49.87 -52.10
 322.00 -75.15 -49.67
 323.00 -71.89 -12.78
 324.00 -59.55 -46.53
 325.00 -53.21 -38.06
 326.00 -83.46 -20.50
 327.00 -67.72 -27.84
 328.00 -71.04 -49.43
 329.00 -86.91 -17.32
 330.00 -78.76 -53.67
 331.00 -62.67 -36.04
 332.00 -71.49 -36.67
 333.00 -70.66 -45.62
 334.00 -63.76 -23.73
 335.00 -112.06 -30.24
 336.00 -55.27 -22.40
 337.00 -59.20 -43.58
 338.00 -58.23 -31.07
 339.00 -74.19 -60.34
 340.00 -47.76 -47.86
 341.00 -65.38 -50.47
 342.00 -50.70 -57.32
 343.00 -96.10 -17.54
 344.00 -56.83 -37.36
 345.00 -68.83 -29.24
 346.00 -100.86 -11.00
 347.00 -93.34 -26.51
 348.00 -89.24 -24.21
 349.00 -171.62 144.80
 350.00 -56.71 -25.46
 351.00 -139.07 -36.48
 352.00 -52.68 -30.86
 353.00 -92.99 130.62
 354.00 -59.53 136.33
 355.00 -62.91 -52.81
 356.00 -72.16 -33.70
 357.00 -52.49 -42.65
 358.00 -56.85 -36.41
 359.00 -70.79 -44.92
 360.00 -67.92 -31.67
 361.00 -52.48 -57.50
 362.00 -58.18 -43.52
 363.00 -74.66 -41.06
 364.00 -60.93 -59.69
 365.00 -71.48 -38.29
 366.00 -89.11 -21.46
 367.00 -59.86 -26.90
 368.00 -67.43 -32.30
 369.00 -60.97 -52.99
 370.00 -66.84 -19.08
 371.00 -74.31 -24.13
 372.00 -83.85  -1.89
 373.00 -86.35 -19.75
 374.00 -84.74 -12.36
 375.00 -57.28 -30.07
 376.00 -52.04 -46.15
 377.00 -68.22 -37.49
 378.00 -67.18 -36.56
 379.00 -68.49 -44.67
 380.00 -64.19 -31.54
 381.00 -69.55 -42.32
 382.00 -87.82 -56.03
 383.00 -151.26   7.74
 384.00 -79.11 129.44
 385.00 -61.34 -30.48
 386.00 -47.61 -60.10
 387.00 -52.30 -61.62
 388.00 -64.06 -51.98
 389.00 -59.72 -37.78
 390.00 -81.28 -34.87
 391.00 -79.04 -31.76
 392.00 -96.92  -0.12
 393.00 -62.10 -46.58
 394.00 -66.43 -38.65
 395.00 -90.34 -16.76
 396.00  54.93   0.66
 397.00 -135.63  48.30
 398.00 -138.24 137.68


