 residuo Phi Psi
  69.00 -57.66 115.52
  70.00 -54.81 -10.78
  71.00 -65.19 -38.79
  72.00 -66.83 -31.36
  73.00 -74.83 -43.42
  74.00 -72.52 -22.77
  75.00 -61.33 -34.47
  76.00 -52.01 -49.02
  77.00 -54.67 -56.75
  78.00 -76.17 -38.09
  79.00 -72.40 -26.63
  80.00 -100.75 -16.01
  81.00 -46.33 -24.10
  82.00 -43.61 -38.00
  83.00 -59.24 -45.58
  84.00 -76.48 -38.17
  85.00 -54.91 -32.96
  86.00 -69.25 -53.48
  87.00 -76.32 -23.50
  88.00 -58.26 -57.88
  89.00 -69.28 -60.82
  90.00 -61.04 -34.23
  91.00 -74.75 -55.56
  92.00 -46.84 -41.38
  93.00 -65.76 -44.62
  94.00 -67.66 -35.44
  95.00 -71.29 -40.94
  96.00 -50.52 -39.03
  97.00 -70.20 -56.27
  98.00 -66.17 -35.20
  99.00 -84.99 -27.09
 100.00 -118.02 -12.35
 101.00 -76.26 -45.49
 102.00 -52.92 112.17
 103.00 -81.88 -27.21
 104.00 -89.10 -32.89
 105.00 -75.58  -4.39
 106.00 -145.10  80.10
 107.00 -55.48 167.78
 108.00 -50.44 -46.32
 109.00 -66.70 -53.81
 110.00 -59.78 -28.58
 111.00 -72.72 -32.33
 112.00 -62.72 -39.51
 113.00 -71.04 -29.10
 114.00 -56.86 -35.19
 115.00 -70.70 -31.32
 116.00 -62.85 -44.37
 117.00 -73.19 -35.56
 118.00 -60.77 -43.09
 119.00 -65.04 -42.90
 120.00 -62.73 -42.96
 121.00 -74.21 -51.20
 122.00 -69.33 -30.43
 123.00 -67.98 -24.36
 124.00 -74.41 -30.81
 125.00 -128.28 -32.91
 126.00 -97.15 -45.94
 127.00 -49.66 -58.41
 128.00 -63.50 -51.67
 129.00 -82.49 -24.79
 130.00 -58.54 -37.49
 131.00 -61.33 -49.33
 132.00 -90.56  -9.63
 133.00 -61.63 -48.35
 134.00 -53.00 -32.98
 135.00 -83.20 -14.77
 136.00 -111.08 -27.49
 137.00  48.86  47.27
 138.00  66.71  25.64
 139.00 -74.29  19.13
 140.00 -71.29 156.13
 141.00 -86.75 117.58
 142.00 -92.42 -16.99
 143.00 -61.52 177.77
 144.00 -50.82 144.60
 145.00 -65.77 -52.44
 146.00 -86.36  -4.23
 147.00 -56.30 -19.13
 148.00 -68.40 -52.88
 149.00 -76.17 -24.15
 150.00 -57.11 -41.58
 151.00 -61.49 -51.35
 152.00 -72.69 -31.03
 153.00 -54.49 -45.21
 154.00 -56.72 -42.10
 155.00 -69.34 -47.38
 156.00 -75.18 -43.21
 157.00 -60.48 -50.73
 158.00 -75.08 -41.08
 159.00 -58.08 -41.32
 160.00 -57.73 -38.78
 161.00 -79.24 -33.75
 162.00 -75.61 -44.36
 163.00 -64.80 -37.79
 164.00 -70.72 -32.35
 165.00 -65.45 -35.49
 166.00 -60.83 -33.08
 167.00 -64.31 -54.53
 168.00 -64.66 -37.65
 169.00 -50.37 -49.21
 170.00 -68.69 -43.99
 171.00 -63.31 -37.65
 172.00 -61.63 -42.43
 173.00 -81.75 -25.12
 174.00 -72.89 -32.85
 175.00 -70.24 -38.64
 176.00 -66.14 -39.69
 177.00 -93.89 -12.71
 178.00 -62.21 -12.47
 179.00 -58.46 134.34
 180.00 -114.95 -22.37
 181.00 -57.73  28.22
 182.00 -86.28 -20.62
 183.00 -58.46  -5.80
 184.00 -69.36 145.16
 185.00 -108.73 -12.29
 186.00 -153.99 124.36
 187.00 -81.37 154.17
 188.00 -73.56 131.36
 189.00 -65.07 -36.99
 190.00 -60.10 -47.08
 191.00 -52.25 -37.18
 192.00 -50.98 -60.86
 193.00 -56.55 -59.53
 194.00 -59.12 -43.65
 195.00 -53.77 -55.60
 196.00 -66.46 -53.89
 197.00 -69.92 -27.64
 198.00 -59.62 -47.80
 199.00 -71.33 -41.09
 200.00 -65.58 -32.47
 201.00 -50.44 -44.12
 202.00 -56.25 -53.29
 203.00 -54.55 -39.42
 204.00 -54.59 -51.82
 205.00 -83.25 -29.04
 206.00 -108.75 -15.60
 207.00 -52.19 -34.73
 208.00 -56.00 -25.40
 209.00 -80.38 -13.65
 210.00 -64.09 -54.60
 211.00 -87.58 -25.30
 212.00 -124.83 -35.27
 213.00 -57.07 -39.18
 214.00 -59.86 -45.38
 215.00 -75.91 -27.96
 216.00 -129.10 -14.72
 217.00 -52.37 100.90
 218.00 -58.68 -34.35
 219.00 -100.05 -21.61
 220.00 -66.95 -26.10
 221.00 -120.21 -42.11
 222.00 -160.77 163.99
 223.00  50.17 128.85
 224.00  74.94  35.26
 225.00 -74.36  -9.58
 226.00 -71.30 143.80
 227.00 -152.88  92.71
 228.00 -68.05  94.23
 229.00 -123.72 124.33
 230.00 -69.14  -0.84
 231.00 -57.74 132.46
 232.00 -53.60 -33.25
 233.00 -109.44 -22.58
 234.00 -77.39 -44.10
 235.00 -95.12 -40.81
 236.00 -89.62 -38.23
 237.00 -46.88 -71.42
 238.00 -72.33 -33.93
 239.00 -62.70 -17.46
 240.00 -78.89 -43.91
 241.00 -81.45 -35.90
 242.00 -142.02 -20.29
 243.00 -65.98 -53.21
 244.00 -53.19 -41.35
 245.00 -59.96 -65.04
 246.00 -53.78 -36.50
 247.00 -70.77 -52.69
 248.00 -66.49 -33.87
 249.00 -63.91 -44.27
 250.00 -58.34 -40.17
 251.00 -73.70 -46.63
 252.00 -59.18 -52.59
 253.00 -66.64 -36.66
 254.00 -58.10 -47.58
 255.00 -67.95 -41.54
 256.00 -66.61 -36.47
 257.00 -61.86 -52.44
 258.00 -57.02 -38.30
 259.00 -63.97 -43.05
 260.00 -67.12 -46.90
 261.00 -63.73 -28.27
 262.00 -63.65 -45.94
 263.00 -55.78 -45.78
 264.00 -71.39 -24.78
 1001.00 -71.89 -36.06
 1002.00 -57.18 -25.46
 1003.00 -84.71 -48.01
 1004.00 -70.74 -18.00
 1005.00 -67.53 -38.76
 1006.00 -61.77 -35.19
 1007.00 -59.32 -36.35
 1008.00 -90.40 -29.82
 1009.00 -52.62 -38.66
 1010.00 -65.53 -50.08
 1011.00 -65.35 -30.34
 1012.00 -67.45 -44.81
 1013.00 -63.95 -40.85
 1014.00 -58.91 -37.43
 1015.00 -69.23 -41.97
 1016.00 -50.75 -49.99
 1017.00 -68.14 -47.87
 1018.00 -120.91 -12.01
 1019.00 -66.31   6.40
 1020.00 -82.76 150.85
 1021.00 -146.00 -36.60
 1022.00 -56.69 160.96
 1023.00 -71.08 -36.92
 1024.00 -71.80 -31.63
 1025.00 -64.57 -35.45
 1026.00 -61.42 -42.58
 1027.00 -58.39 -48.93
 1028.00 -59.42 -52.84
 1029.00 -58.95 -49.57
 1030.00 -75.39 -35.59
 1031.00 -75.84 -20.79
 1032.00 -71.31 -31.16
 1033.00 -56.74 -38.50
 1034.00 -53.56 -45.45
 1035.00 -73.58 -48.35
 1036.00 -61.76 -37.63
 1037.00 -74.96 -28.49
 1038.00 -70.61 -46.32
 1039.00 -78.35 -25.61
 1040.00 -68.10 -32.58
 1041.00  41.49 -45.62
 1042.00 107.18  41.55
 1043.00 -48.00   6.39
 1044.00  70.64 -33.92
 1066.00 -94.76 173.25
 1067.00 -76.87  16.29
 1068.00 -72.29 -38.00
 1069.00 -65.69 -28.67
 1070.00 -57.16 -41.25
 1071.00 -79.55 -37.43
 1072.00 -61.59 -37.28
 1073.00 -73.45 -25.12
 1074.00 -74.72 -36.95
 1075.00 -64.39 -32.89
 1076.00 -53.44 -36.74
 1077.00 -58.68 -48.47
 1078.00 -63.35 -43.56
 1079.00 -83.24 -28.83
 1080.00 -65.36 -35.67
 1081.00  76.68  -3.99
 1082.00 -71.27   4.93
 1083.00 -60.14  76.17
 1084.00 -71.80 -53.53
 1085.00 -64.18 -33.86
 1086.00 -79.65 -32.78
 1087.00 -53.71 -35.43
 1088.00 -64.90 -48.17
 1089.00 -58.46 -42.56
 1090.00 -81.69 -29.19
 1091.00 -68.46 -35.55
 1092.00 -78.60 -24.89
 1093.00 -70.57 -29.75
 1094.00 -64.12 -31.72
 1095.00 -77.38 -35.53
 1096.00 -69.93 -33.80
 1097.00 -61.35 -43.71
 1098.00 -55.50 -27.32
 1099.00 -80.18 -43.32
 1100.00 -66.38 -36.62
 1101.00 -61.58 -41.96
 1102.00 -55.40 -46.04
 1103.00 -62.12 -50.79
 1104.00 -73.73 -34.93
 1105.00 -49.55 -33.72
 313.00 -54.02 -40.00
 314.00 -72.08 -46.70
 315.00 -56.58 -37.33
 316.00 -71.84 -40.11
 317.00 -56.62 -29.85
 318.00 -68.86 -54.08
 319.00 -64.14 -31.32
 320.00 -66.71 -42.23
 321.00 -57.53 -38.59
 322.00 -77.07 -33.28
 323.00 -59.28 -31.59
 324.00 -59.09 -51.05
 325.00 -59.99 -28.19
 326.00 -81.02 -40.57
 327.00 -58.21 -50.03
 328.00 -61.26 -37.87
 329.00 -69.40 -56.01
 330.00 -75.86 -37.97
 331.00 -78.06 -23.31
 332.00 -66.72 -50.99
 333.00 -79.06 -32.90
 334.00 -73.49 -22.18
 335.00 -89.66 -35.08
 336.00 -59.03 -41.69
 337.00 -58.29 -42.95
 338.00 -65.80 -27.71
 339.00 -64.27 -49.92
 340.00 -55.90 -43.51
 341.00 -71.70 -41.30
 342.00 -72.72 -34.91
 343.00 -57.19 -43.75
 344.00 -61.16 -46.71
 345.00 -58.97 -43.40
 346.00 -60.04 -35.72
 347.00 -79.03 -42.43
 348.00 -75.11 -39.49
 349.00 -147.72 138.20
 350.00 -78.65 -50.89
 351.00 -141.56 -13.29
 352.00 -93.87  -8.15
 353.00 -124.92 161.45
 354.00 -69.25 145.27
 355.00 -85.09 -29.33
 356.00 -73.21 -16.39
 357.00 -64.26 -50.15
 358.00 -62.12 -35.64
 359.00 -77.63 -39.28
 360.00 -80.84 -21.62
 361.00 -61.69 -40.40
 362.00 -65.58 -43.74
 363.00 -67.27 -35.39
 364.00 -71.97 -56.74
 365.00 -58.78 -28.57
 366.00 -84.91 -35.89
 367.00 -59.52 -23.33
 368.00 -53.59 -45.92
 369.00 -62.15 -59.31
 370.00 -70.79 -20.48
 371.00 -66.07 -27.27
 372.00 -50.23 -22.59
 373.00 -86.39 -28.60
 374.00 -96.06 -16.83
 375.00 -53.19 -27.44
 376.00 -59.41 -48.36
 377.00 -78.90 -27.27
 378.00 -58.79 -48.69
 379.00 -64.28 -32.63
 380.00 -49.97 -50.03
 381.00 -69.27 -38.78
 382.00 -122.92 -27.93
 383.00 -116.59 -23.24
 384.00 -70.13 116.89
 385.00 -74.65 -33.63
 386.00 -55.39 -40.02
 387.00 -61.46 -56.75
 388.00 -80.01 -40.93
 389.00 -64.33 -22.23
 390.00 -58.32 -46.96
 391.00 -63.81 -46.54
 392.00 -79.90 -18.43
 393.00 -73.67 -56.10
 394.00 -61.91 -32.52
 395.00 -98.05 -12.19
 396.00  64.74  21.24
 397.00 -127.49  25.01
 398.00 -121.64 143.83


