 residuo Phi Psi
  69.00 -125.33 130.31
  70.00 -54.24  15.03
  71.00 -61.20 -47.09
  72.00 -69.97 -42.68
  73.00 -64.95 -34.33
  74.00 -39.66 -62.49
  75.00 -79.36 -40.06
  76.00 -53.05 -41.57
  77.00 -70.42 -34.40
  78.00 -61.65 -44.57
  79.00 -63.34 -38.83
  80.00 -65.76 -40.39
  81.00 -51.81 -43.39
  82.00 -73.50 -30.60
  83.00 -60.83 -36.21
  84.00 -59.36 -47.35
  85.00 -63.21 -42.65
  86.00 -69.38 -42.92
  87.00 -60.33 -32.01
  88.00 -59.99 -45.15
  89.00 -50.93 -61.76
  90.00 -63.45 -47.15
  91.00 -73.05 -32.60
  92.00 -57.84 -34.65
  93.00 -53.82 -38.02
  94.00 -79.00 -42.63
  95.00 -61.68 -32.66
  96.00 -85.64 -32.37
  97.00 -65.74 -40.53
  98.00 -77.26 -43.51
  99.00 -72.46 -21.94
 100.00 -112.20 -38.53
 101.00 -79.68 -33.85
 102.00 -36.56 114.87
 103.00 -80.28 -46.99
 104.00 -108.46  -9.79
 105.00 -75.65  14.57
 106.00 -165.32 105.96
 107.00 -50.11 142.94
 108.00 -63.73 -47.88
 109.00 -65.67 -37.28
 110.00 -76.44 -25.57
 111.00 -69.25 -35.79
 112.00 -60.48 -40.27
 113.00 -72.78 -35.41
 114.00 -52.73 -29.49
 115.00 -68.81 -41.19
 116.00 -60.95 -34.35
 117.00 -64.55 -46.58
 118.00 -65.99 -40.82
 119.00 -87.55 -32.96
 120.00 -57.32 -30.78
 121.00 -62.12 -57.15
 122.00 -57.16 -40.38
 123.00 -60.47 -45.61
 124.00 -83.35 -28.57
 125.00 -125.45 -19.12
 126.00 -103.48 -42.49
 127.00 -50.88 -52.58
 128.00 -55.03 -57.70
 129.00 -75.38 -35.58
 130.00 -70.13 -27.47
 131.00 -58.14 -48.76
 132.00 -52.36 -46.83
 133.00 -72.65 -39.20
 134.00 -61.25 -39.71
 135.00 -63.49 -43.59
 136.00 -65.00 -36.36
 137.00 102.94 -13.55
 138.00  52.68  44.12
 139.00 -128.12  48.65
 140.00 -61.81 152.45
 141.00 -75.16 107.34
 142.00 -151.55  16.25
 143.00 -57.83 164.79
 144.00 -51.91 131.63
 145.00 -63.83 -44.15
 146.00 -100.54  -6.00
 147.00 -67.03  -2.82
 148.00 -50.39 -59.93
 149.00 -85.75 -36.75
 150.00 -68.25 -14.43
 151.00 -67.53 -57.13
 152.00 -66.86 -20.70
 153.00 -80.38 -14.79
 154.00 -73.95 -27.90
 155.00 -82.65 -28.29
 156.00 -49.41 -41.62
 157.00 -84.44 -53.27
 158.00 -62.55 -32.68
 159.00 -57.75 -50.82
 160.00 -63.07 -47.58
 161.00 -66.53 -35.70
 162.00 -61.26 -52.49
 163.00 -81.20 -40.06
 164.00 -63.22 -24.08
 165.00 -64.36 -42.94
 166.00 -61.18 -46.16
 167.00 -65.45 -36.28
 168.00 -61.78 -34.81
 169.00 -60.19 -52.40
 170.00 -50.96 -47.97
 171.00 -64.35 -42.99
 172.00 -60.05 -49.59
 173.00 -88.45 -30.79
 174.00 -79.80 -34.58
 175.00 -61.10 -23.92
 176.00 -72.47 -49.48
 177.00 -66.25 -11.47
 178.00 -57.73 -40.07
 179.00 -58.87 137.38
 180.00 -132.93 -21.31
 181.00 -72.52  39.14
 182.00 -86.13 -15.42
 183.00 -63.83  18.46
 184.00 -77.53 156.57
 185.00 -110.05 -38.08
 186.00 -158.24 150.66
 187.00 -80.95 161.37
 188.00 -77.89 136.42
 189.00 -59.33 -28.07
 190.00 -66.18 -49.70
 191.00 -67.58 -36.00
 192.00 -78.11 -34.49
 193.00 -58.60 -41.68
 194.00 -52.67 -48.00
 195.00 -48.75 -62.25
 196.00 -62.52 -51.49
 197.00 -77.77 -33.44
 198.00 -73.39 -20.75
 199.00 -52.34 -46.92
 200.00 -50.15 -52.68
 201.00 -46.23 -50.93
 202.00 -54.58 -56.22
 203.00 -53.74 -47.69
 204.00 -69.53 -47.12
 205.00 -74.26 -23.03
 206.00 -93.62 -36.65
 207.00 -58.43 -21.94
 208.00 -60.41 -23.39
 209.00 -55.13 -27.36
 210.00 -63.75 -68.88
 211.00 -65.84 -33.37
 212.00 -104.11 -30.91
 213.00 -78.28 -35.61
 214.00 -69.10 -18.95
 215.00 -89.01 -30.15
 216.00 -149.58 -14.46
 217.00 -63.81 105.08
 218.00 -46.28 -27.67
 219.00 -81.85 -22.70
 220.00 -148.01 -16.12
 221.00 -134.31  12.29
 222.00 -143.12 132.41
 223.00  62.80 119.35
 224.00  77.76  25.83
 225.00 -79.21 -11.52
 226.00 -92.14 160.36
 227.00 -149.84 102.44
 228.00 -56.16 134.09
 229.00 -145.07 131.31
 230.00 -106.23  18.44
 231.00 -59.86 126.08
 232.00 -49.60 -22.23
 233.00 -115.22 -22.12
 234.00 -86.26 -49.73
 235.00 -143.05   5.11
 236.00 -89.95 -40.88
 237.00 -57.98 -48.73
 238.00 -62.76 -41.18
 239.00 -60.26 -18.09
 240.00 -81.49 -42.40
 241.00 -75.05 -37.61
 242.00 -150.12  -9.90
 243.00 -75.12 -56.49
 244.00 -66.43 -39.94
 245.00 -65.29 -52.94
 246.00 -43.66 -46.53
 247.00 -57.08 -54.64
 248.00 -65.27 -31.43
 249.00 -51.86 -68.35
 250.00 -61.32 -43.25
 251.00 -88.70 -37.18
 252.00 -77.49 -24.92
 253.00 -59.54 -34.87
 254.00 -63.52 -44.98
 255.00 -65.73 -45.82
 256.00 -81.93 -17.89
 257.00 -75.63 -42.58
 258.00 -62.12 -31.45
 259.00 -66.34 -48.13
 260.00 -76.39 -34.63
 261.00 -57.41 -30.65
 262.00 -78.00 -33.93
 263.00 -67.09 -31.90
 264.00 -60.92 -44.14
 1001.00 -59.59 -34.27
 1002.00 -73.03 -21.22
 1003.00 -64.53 -34.83
 1004.00 -61.11 -44.00
 1005.00 -59.00 -38.79
 1006.00 -53.65 -57.82
 1007.00 -74.45 -38.76
 1008.00 -65.04 -27.49
 1009.00 -73.61 -34.29
 1010.00 -69.35 -38.13
 1011.00 -55.55 -39.59
 1012.00 -73.37 -55.36
 1013.00 -63.29 -19.81
 1014.00 -66.51 -47.38
 1015.00 -63.81 -40.54
 1016.00 -57.60 -39.60
 1017.00 -56.23 -59.33
 1018.00 -87.05 -28.26
 1019.00 -83.23   2.11
 1020.00 -78.99 134.58
 1021.00 -146.59 -18.14
 1022.00 -63.24 154.28
 1023.00 -66.15 -39.50
 1024.00 -59.25 -32.81
 1025.00 -77.11 -28.87
 1026.00 -61.31 -40.50
 1027.00 -53.20 -50.83
 1028.00 -72.06 -52.12
 1029.00 -79.18 -22.39
 1030.00 -64.01 -33.37
 1031.00 -63.34 -43.29
 1032.00 -60.96 -41.09
 1033.00 -57.18 -40.77
 1034.00 -72.18 -44.15
 1035.00 -75.58 -37.72
 1036.00 -70.33 -30.74
 1037.00 -57.16 -35.90
 1038.00 -53.55 -50.83
 1039.00 -68.58 -35.90
 1040.00 -83.82 -42.80
 1041.00  47.76 -28.96
 1042.00  95.31  49.24
 1043.00 -68.94  19.36
 1044.00  63.19 -22.78
 1066.00 -51.37 138.69
 1067.00 -48.12 -21.47
 1068.00 -74.03 -46.30
 1069.00 -68.22 -26.02
 1070.00 -63.89 -40.10
 1071.00 -62.50 -45.92
 1072.00 -69.75 -30.59
 1073.00 -74.04 -36.04
 1074.00 -66.80 -28.66
 1075.00 -50.64 -47.21
 1076.00 -62.01 -35.62
 1077.00 -50.79 -51.54
 1078.00 -68.23 -46.67
 1079.00 -70.17 -35.39
 1080.00 -84.91 -28.69
 1081.00  78.90   1.79
 1082.00 -119.44  31.90
 1083.00 -53.75  72.65
 1084.00 -57.51 -53.10
 1085.00 -77.62 -39.83
 1086.00 -59.83 -44.63
 1087.00 -59.25 -41.21
 1088.00 -79.44 -34.90
 1089.00 -64.19 -31.80
 1090.00 -63.57 -34.74
 1091.00 -70.14 -34.28
 1092.00 -53.44 -41.61
 1093.00 -76.83 -41.21
 1094.00 -46.73 -18.50
 1095.00 -85.70 -40.45
 1096.00 -75.14 -28.49
 1097.00 -49.31 -42.53
 1098.00 -62.69 -44.11
 1099.00 -65.22 -46.99
 1100.00 -68.21 -30.40
 1101.00 -48.52 -52.61
 1102.00 -56.90 -41.85
 1103.00 -64.27 -46.67
 1104.00 -72.35 -47.89
 1105.00 -62.29 -31.02
 313.00 -64.19 -32.74
 314.00 -97.41 -27.43
 315.00 -61.18 -26.06
 316.00 -69.50 -45.05
 317.00 -59.24 -32.25
 318.00 -58.43 -51.23
 319.00 -63.28 -36.64
 320.00 -57.89 -44.05
 321.00 -75.41 -31.99
 322.00 -61.85 -36.11
 323.00 -65.07 -45.18
 324.00 -64.54 -35.08
 325.00 -75.66 -38.79
 326.00 -63.01 -28.45
 327.00 -57.63 -48.28
 328.00 -55.27 -43.32
 329.00 -61.07 -53.52
 330.00 -63.85 -32.34
 331.00 -96.58 -20.55
 332.00 -75.66 -38.37
 333.00 -70.48 -55.23
 334.00 -86.74 -18.32
 335.00 -73.74 -37.52
 336.00 -47.74 -30.92
 337.00 -52.14 -47.00
 338.00 -52.43 -48.21
 339.00 -67.00 -53.13
 340.00 -60.13 -48.08
 341.00 -87.27 -29.87
 342.00 -71.83 -23.76
 343.00 -76.67 -32.16
 344.00 -77.71 -35.42
 345.00 -53.39 -20.98
 346.00 -74.00 -40.61
 347.00 -85.38 -27.42
 348.00 -57.73 -49.37
 349.00 -162.09 138.24
 350.00 -68.90 -40.39
 351.00 -156.36 -19.02
 352.00 -63.55 -18.42
 353.00 -103.13 146.93
 354.00 -54.76 116.52
 355.00 -86.52 -23.84
 356.00 -90.75  -8.44
 357.00 -66.74 -31.68
 358.00 -63.07 -33.10
 359.00 -57.76 -51.60
 360.00 -55.35 -48.78
 361.00 -61.29 -53.24
 362.00 -68.15 -38.55
 363.00 -72.64 -25.84
 364.00 -66.24 -65.35
 365.00 -60.30 -22.44
 366.00 -69.32 -42.08
 367.00 -60.17 -35.77
 368.00 -53.60 -36.32
 369.00 -55.62 -60.67
 370.00 -64.35 -14.68
 371.00 -68.89 -31.34
 372.00 -82.17  -9.28
 373.00 -136.60   6.59
 374.00 -115.15   9.40
 375.00 -70.26 -23.67
 376.00 -71.81 -25.71
 377.00 -70.50 -24.57
 378.00 -79.69 -30.58
 379.00 -63.69 -46.03
 380.00 -53.16 -40.82
 381.00 -72.81 -57.37
 382.00 -94.40 -33.57
 383.00 -112.50 -44.05
 384.00 -51.16 108.71
 385.00 -74.07 -49.49
 386.00 -69.78 -26.30
 387.00 -51.36 -49.91
 388.00 -77.12 -37.56
 389.00 -62.88 -28.43
 390.00 -67.69 -52.28
 391.00 -57.90 -40.13
 392.00 -72.87 -27.96
 393.00 -63.69 -47.55
 394.00 -73.26 -39.40
 395.00 -73.04 -30.77
 396.00  52.45   0.09
 397.00 -72.60  27.34
 398.00 -55.11  37.23


