 residuo Phi Psi
  69.00 -108.22 137.09
  70.00 -142.47 146.66
  71.00 -62.20 -19.44
  72.00 -71.28 -45.42
  73.00 -62.70 -35.93
  74.00 -73.36 -41.26
  75.00 -65.01 -36.73
  76.00 -55.94 -39.82
  77.00 -60.55 -47.93
  78.00 -70.48 -31.52
  79.00 -57.69 -56.16
  80.00 -58.27 -43.27
  81.00 -70.40 -27.68
  82.00 -65.76 -36.51
  83.00 -66.71 -45.53
  84.00 -66.23 -23.31
  85.00 -56.55 -48.75
  86.00 -72.29 -43.76
  87.00 -59.47 -40.06
  88.00 -64.44 -51.92
  89.00 -54.44 -39.84
  90.00 -76.66 -47.74
  91.00 -69.73 -20.32
  92.00 -55.79 -46.84
  93.00 -50.71 -48.22
  94.00 -65.56 -43.13
  95.00 -72.18 -44.73
  96.00 -65.35 -26.62
  97.00 -47.07 -59.28
  98.00 -71.87 -48.78
  99.00 -88.64 -22.38
 100.00 -138.07  -8.81
 101.00 -87.38 -31.14
 102.00 -60.38 127.80
 103.00 -83.33 -33.76
 104.00 -99.95   2.15
 105.00 -72.11   2.78
 106.00 -139.11  58.41
 107.00 -39.90 156.16
 108.00 -64.27 -44.60
 109.00 -65.03 -44.79
 110.00 -66.31 -24.38
 111.00 -57.48 -46.12
 112.00 -76.65 -30.97
 113.00 -69.92 -38.13
 114.00 -77.71 -27.05
 115.00 -57.23 -38.61
 116.00 -65.03 -43.99
 117.00 -64.43 -36.21
 118.00 -66.66 -25.23
 119.00 -85.63 -35.58
 120.00 -66.77 -26.54
 121.00 -69.85 -48.27
 122.00 -64.15 -32.32
 123.00 -68.57 -48.36
 124.00 -76.75 -28.54
 125.00 -145.50 -21.07
 126.00 -120.17 -14.72
 127.00 -62.33 -47.17
 128.00 -71.35 -36.24
 129.00 -65.34 -30.19
 130.00 -60.79 -39.34
 131.00 -56.38 -50.36
 132.00 -64.05 -43.07
 133.00 -55.77 -42.98
 134.00 -51.46 -43.97
 135.00 -64.31 -54.24
 136.00 -69.11 -36.32
 137.00  74.52  13.55
 138.00  72.53  29.33
 139.00 -102.14  18.25
 140.00 -68.48 160.22
 141.00 -90.16 113.49
 142.00 -92.27 -19.72
 143.00 -42.54 169.61
 144.00 -63.79 136.41
 145.00 -71.27 -30.42
 146.00 -111.89   2.99
 147.00 -58.63   6.67
 148.00 -58.33 -61.62
 149.00 -61.60 -51.76
 150.00 -81.35 -16.98
 151.00 -58.54 -44.67
 152.00 -53.09 -31.30
 153.00 -55.70 -50.67
 154.00 -69.11 -38.55
 155.00 -56.65 -58.81
 156.00 -59.82 -45.71
 157.00 -69.33 -39.06
 158.00 -61.72 -47.04
 159.00 -62.19 -32.57
 160.00 -57.80 -54.16
 161.00 -70.40 -44.79
 162.00 -68.21 -39.26
 163.00 -69.46 -31.73
 164.00 -70.83 -30.43
 165.00 -61.97 -46.88
 166.00 -60.42 -47.66
 167.00 -72.01 -40.17
 168.00 -70.38 -48.52
 169.00 -70.00 -11.74
 170.00 -79.52 -37.88
 171.00 -81.28 -24.73
 172.00 -58.51 -36.31
 173.00 -76.26 -29.25
 174.00 -75.04 -46.59
 175.00 -82.00 -26.36
 176.00 -77.94 -26.37
 177.00 -89.18   2.01
 178.00 -69.17 -20.74
 179.00 -42.27 119.55
 180.00 -113.12 -23.57
 181.00 -60.92  11.13
 182.00 -95.17  -7.59
 183.00 -59.63  -7.08
 184.00 -58.47 144.46
 185.00 -141.86  18.39
 186.00 -145.34 132.31
 187.00 -88.21 158.94
 188.00 -66.44 122.03
 189.00 -51.85 -34.92
 190.00 -70.49 -58.35
 191.00 -66.78 -17.83
 192.00 -61.74 -56.09
 193.00 -56.39 -43.54
 194.00 -80.01 -27.25
 195.00 -43.08 -40.82
 196.00 -62.13 -61.06
 197.00 -67.87 -30.95
 198.00 -64.74 -41.67
 199.00 -70.72 -41.77
 200.00 -63.15 -30.39
 201.00 -68.62 -47.59
 202.00 -61.15 -49.79
 203.00 -61.51 -37.55
 204.00 -60.33 -46.39
 205.00 -83.84 -26.44
 206.00 -75.49 -41.92
 207.00 -48.71 -29.65
 208.00 -63.25 -36.89
 209.00 -62.81 -17.30
 210.00 -73.69 -57.67
 211.00 -61.89 -35.13
 212.00 -63.28 -47.55
 213.00 -60.54 -55.15
 214.00 -69.52 -32.41
 215.00 -125.80  -2.25
 216.00 -137.76 -27.19
 217.00 -61.77 106.15
 218.00 -79.98 -27.14
 219.00 -100.21  -0.73
 220.00 -134.10  -4.77
 221.00 -112.92  -0.86
 222.00 -150.26 155.37
 223.00  47.03 134.27
 224.00  57.23  60.26
 225.00 -85.66  -8.12
 226.00 -77.71 140.34
 227.00 -138.62  94.08
 228.00 -59.87 132.58
 229.00 -86.90  96.46
 230.00 -81.79  -9.28
 231.00 -68.49 103.68
 232.00 -66.68  -6.26
 233.00 -61.09 -36.70
 234.00 -80.16 -49.50
 235.00 -81.92 -27.40
 236.00 -122.95 -19.73
 237.00 -46.04 -65.72
 238.00 -48.67 -51.81
 239.00 -76.63 -21.59
 240.00 -90.89 -38.71
 241.00 -95.99  -5.41
 242.00 -153.58 -10.74
 243.00 -66.50 -66.58
 244.00 -77.51 -37.02
 245.00 -57.31 -50.55
 246.00 -53.50 -34.36
 247.00 -56.44 -58.36
 248.00 -55.95 -46.26
 249.00 -62.30 -49.82
 250.00 -71.23 -40.16
 251.00 -65.35 -46.97
 252.00 -67.08 -44.93
 253.00 -51.04 -44.58
 254.00 -59.16 -50.38
 255.00 -68.28 -42.92
 256.00 -79.09 -23.59
 257.00 -51.39 -57.43
 258.00 -66.49 -43.44
 259.00 -64.88 -35.62
 260.00 -74.89 -38.87
 261.00 -62.24 -28.18
 262.00 -60.87 -48.55
 263.00 -59.91 -42.99
 264.00 -58.04 -39.23
 1001.00 -63.29 -38.64
 1002.00 -59.13 -35.67
 1003.00 -77.98 -34.74
 1004.00 -97.90  -6.53
 1005.00 -76.83 -27.50
 1006.00 -59.92 -38.38
 1007.00 -50.65 -50.78
 1008.00 -68.92 -41.75
 1009.00 -74.17 -18.91
 1010.00 -82.01 -42.82
 1011.00 -63.54 -32.09
 1012.00 -87.10 -28.94
 1013.00 -61.09 -40.28
 1014.00 -69.02 -32.13
 1015.00 -67.42 -21.87
 1016.00 -51.38 -56.17
 1017.00 -55.57 -36.38
 1018.00 -102.69 -38.61
 1019.00 -57.10  -8.45
 1020.00 -122.65 149.47
 1021.00 -111.70  -4.20
 1022.00 -65.50 138.94
 1023.00 -58.06 -20.85
 1024.00 -63.42 -53.11
 1025.00 -64.63 -41.42
 1026.00 -69.37 -49.86
 1027.00 -55.73 -44.52
 1028.00 -62.78 -51.98
 1029.00 -70.70 -34.65
 1030.00 -73.85 -27.11
 1031.00 -63.79 -37.51
 1032.00 -55.18 -44.48
 1033.00 -70.73 -37.69
 1034.00 -65.58 -48.02
 1035.00 -63.73 -39.49
 1036.00 -67.47 -34.88
 1037.00 -80.44 -31.72
 1038.00 -70.71 -29.49
 1039.00 -70.15 -32.54
 1040.00 -72.43 -51.52
 1041.00  49.19 -32.68
 1042.00 100.52  49.80
 1043.00 -71.28  -2.68
 1044.00  68.38 -13.33
 1066.00 -60.10 152.34
 1067.00 -48.74 -30.14
 1068.00 -67.17 -31.61
 1069.00 -57.36 -42.71
 1070.00 -62.35 -47.91
 1071.00 -72.16 -34.88
 1072.00 -67.22 -32.83
 1073.00 -80.99 -27.51
 1074.00 -76.81 -23.80
 1075.00 -60.57 -40.65
 1076.00 -63.35 -41.68
 1077.00 -68.57 -41.13
 1078.00 -59.50 -41.46
 1079.00 -63.52 -41.64
 1080.00 -70.11 -40.76
 1081.00  59.87   8.80
 1082.00 -82.70  15.12
 1083.00 -46.60  58.48
 1084.00 -79.78 -34.07
 1085.00 -67.74 -31.84
 1086.00 -69.03 -44.38
 1087.00 -55.11 -38.59
 1088.00 -68.85 -40.79
 1089.00 -73.79 -29.85
 1090.00 -73.26 -36.74
 1091.00 -48.26 -45.56
 1092.00 -62.89 -51.80
 1093.00 -57.94 -30.32
 1094.00 -51.04 -20.60
 1095.00 -77.69 -45.24
 1096.00 -73.28 -30.18
 1097.00 -50.45 -34.08
 1098.00 -59.09 -62.67
 1099.00 -68.41 -35.57
 1100.00 -75.68 -40.38
 1101.00 -62.66 -42.06
 1102.00 -63.95 -36.02
 1103.00 -70.67 -37.25
 1104.00 -78.03 -32.90
 1105.00 -69.19 -30.34
 313.00 -76.44 -24.03
 314.00 -73.84 -22.27
 315.00 -61.64 -38.04
 316.00 -60.26 -42.87
 317.00 -71.81 -35.10
 318.00 -65.34 -42.38
 319.00 -71.01 -36.52
 320.00 -70.52 -34.54
 321.00 -66.32 -30.42
 322.00 -53.34 -53.88
 323.00 -73.40 -40.38
 324.00 -64.48 -35.53
 325.00 -60.05 -36.93
 326.00 -72.24 -36.62
 327.00 -63.73 -42.27
 328.00 -66.30 -32.70
 329.00 -58.46 -42.98
 330.00 -72.12 -49.55
 331.00 -62.07 -39.79
 332.00 -61.27 -36.07
 333.00 -72.05 -47.55
 334.00 -68.39 -33.67
 335.00 -94.57 -51.36
 336.00 -51.64 -39.52
 337.00 -65.27 -41.65
 338.00 -59.72 -37.46
 339.00 -63.33 -56.43
 340.00 -58.22 -40.15
 341.00 -71.69 -38.69
 342.00 -60.43 -30.68
 343.00 -66.67 -45.94
 344.00 -62.72 -40.43
 345.00 -59.71 -44.63
 346.00 -74.87 -28.67
 347.00 -57.11 -65.57
 348.00 -84.08 -32.43
 349.00 -155.65 151.16
 350.00 -76.41 -60.65
 351.00 -75.82 -47.99
 352.00 -159.94   7.58
 353.00 -151.32 -175.49
 354.00 -63.14 113.27
 355.00 -71.99 -25.89
 356.00 -81.22 -43.85
 357.00 -71.79 -34.39
 358.00 -73.07 -39.08
 359.00 -64.86 -31.77
 360.00 -78.20 -30.64
 361.00 -56.92 -43.32
 362.00 -66.68 -40.64
 363.00 -103.39 -17.54
 364.00 -59.36 -36.87
 365.00 -47.68 -42.84
 366.00 -75.28 -38.95
 367.00 -65.75 -30.99
 368.00 -59.47 -38.03
 369.00 -60.28 -46.72
 370.00 -69.72 -25.12
 371.00 -53.51 -29.16
 372.00 -77.76 -24.86
 373.00 -139.11  -5.62
 374.00 -76.00  -8.09
 375.00 -48.29 -31.85
 376.00 -52.94 -60.19
 377.00 -53.57 -39.56
 378.00 -53.48 -57.94
 379.00 -59.08 -49.09
 380.00 -61.25 -43.77
 381.00 -65.08 -37.75
 382.00 -82.83 -57.91
 383.00 -137.65  -9.14
 384.00 -74.32 131.65
 385.00 -75.90 -20.32
 386.00 -65.14 -43.54
 387.00 -62.52 -44.06
 388.00 -63.88 -43.54
 389.00 -69.91 -43.41
 390.00 -69.61 -44.50
 391.00 -64.60 -28.10
 392.00 -59.39 -45.85
 393.00 -68.97 -44.75
 394.00 -89.27 -35.57
 395.00 -81.98 -13.17
 396.00  70.32  -1.10
 397.00 -88.14  34.77
 398.00 -73.07  36.61


