 residuo Phi Psi
  69.00 -73.84 145.67
  70.00 -126.46 159.14
  71.00 -51.19 -24.05
  72.00 -93.32 -38.28
  73.00 -60.70 -30.09
  74.00 -48.92 -35.20
  75.00 -75.84 -41.08
  76.00 -53.90 -41.18
  77.00 -80.05 -34.39
  78.00 -59.22 -25.10
  79.00 -70.22 -51.41
  80.00 -63.44 -26.42
  81.00 -54.53 -37.00
  82.00 -48.58 -39.27
  83.00 -60.31 -33.25
  84.00 -83.48 -44.41
  85.00 -40.27 -43.02
  86.00 -63.53 -54.97
  87.00 -68.02 -38.61
  88.00 -66.86 -56.12
  89.00 -56.27 -55.89
  90.00 -73.18 -35.64
  91.00 -81.93 -39.92
  92.00 -56.20 -38.26
  93.00 -84.17 -30.33
  94.00 -75.46 -15.29
  95.00 -57.46 -43.59
  96.00 -78.74 -38.91
  97.00 -62.93 -40.22
  98.00 -63.48 -46.85
  99.00 -65.36 -40.74
 100.00 -134.86 -22.19
 101.00 -76.54 -28.73
 102.00 -64.87 127.61
 103.00 -84.84 -29.74
 104.00 -107.11  -2.77
 105.00 -89.34  14.49
 106.00 -159.16  90.80
 107.00 -48.82 160.13
 108.00 -77.27 -35.78
 109.00 -63.39 -42.68
 110.00 -61.91 -25.92
 111.00 -64.74 -30.33
 112.00 -70.55 -45.16
 113.00 -62.48 -38.18
 114.00 -93.11 -20.99
 115.00 -68.26 -14.79
 116.00 -82.25 -33.11
 117.00 -70.02 -26.73
 118.00 -52.97 -39.55
 119.00 -60.11 -49.96
 120.00 -61.25 -54.18
 121.00 -65.01 -43.27
 122.00 -56.76 -36.52
 123.00 -68.02 -42.99
 124.00 -88.52 -35.81
 125.00 -122.65 -16.17
 126.00 -110.92 -40.82
 127.00 -56.84 -48.94
 128.00 -76.37 -45.57
 129.00 -69.18 -22.13
 130.00 -83.59 -32.47
 131.00 -67.37 -24.11
 132.00 -65.39 -50.98
 133.00 -55.41 -25.85
 134.00 -59.53 -40.79
 135.00 -75.30 -57.01
 136.00 -68.30 -23.34
 137.00  48.39  27.19
 138.00  77.16  41.04
 139.00 -128.65  37.02
 140.00 -69.06 156.01
 141.00 -67.94 103.49
 142.00 -148.14  10.56
 143.00 -66.99 175.10
 144.00 -72.99 142.23
 145.00 -68.09 -19.42
 146.00 -90.27 -13.41
 147.00 -61.43 -18.44
 148.00 -61.78 -46.83
 149.00 -82.48 -41.85
 150.00 -108.85   3.65
 151.00 -56.55 -25.39
 152.00 -46.51 -47.90
 153.00 -98.30 -23.65
 154.00 -62.35 -37.00
 155.00 -65.26 -58.66
 156.00 -59.83 -38.58
 157.00 -79.54 -55.19
 158.00 -74.71 -25.96
 159.00 -63.25 -40.16
 160.00 -64.43 -52.21
 161.00 -65.11 -28.85
 162.00 -73.59 -47.20
 163.00 -59.74 -38.42
 164.00 -72.19 -23.90
 165.00 -61.80 -50.30
 166.00 -66.42 -31.48
 167.00 -72.37 -42.88
 168.00 -65.72 -49.32
 169.00 -67.16 -23.70
 170.00 -60.26 -51.20
 171.00 -67.69 -37.06
 172.00 -76.18 -40.70
 173.00 -63.77 -31.98
 174.00 -61.59 -42.16
 175.00 -58.09 -53.79
 176.00 -76.32 -39.52
 177.00 -90.48  14.87
 178.00 -63.08 -30.86
 179.00 -79.00 143.52
 180.00 -125.21  -5.85
 181.00 -70.39  30.54
 182.00 -84.88  -8.21
 183.00 -57.25   7.04
 184.00 -87.13 164.10
 185.00 -98.81 -13.97
 186.00 -165.77 138.91
 187.00 -116.30 164.05
 188.00 -58.73 115.22
 189.00 -63.12 -42.41
 190.00 -67.80 -42.56
 191.00 -61.77 -40.90
 192.00 -62.61 -46.73
 193.00 -55.10 -43.33
 194.00 -74.30 -45.33
 195.00 -67.77 -28.16
 196.00 -69.24 -39.47
 197.00 -56.68 -38.76
 198.00 -64.28 -53.24
 199.00 -60.49 -38.63
 200.00 -50.15 -52.67
 201.00 -61.77 -49.07
 202.00 -65.57 -48.36
 203.00 -55.29 -33.24
 204.00 -54.05 -49.72
 205.00 -71.15 -35.51
 206.00 -86.34 -32.18
 207.00 -41.32 -33.56
 208.00 -58.47 -39.11
 209.00 -59.17 -27.39
 210.00 -65.44 -54.62
 211.00 -87.23 -25.94
 212.00 -128.20 -22.53
 213.00 -77.20 -40.37
 214.00 -54.57 -37.79
 215.00 -92.64 -30.05
 216.00 -146.74  -9.24
 217.00 -58.18  99.25
 218.00 -75.50 -16.04
 219.00 -86.56  -7.66
 220.00 -135.58  -5.79
 221.00 -146.98  16.57
 222.00 -147.34 162.51
 223.00  42.52 114.48
 224.00  84.65  48.83
 225.00 -100.91  -3.72
 226.00 -74.51 145.54
 227.00 -147.52 108.67
 228.00 -56.05 137.63
 229.00 -136.39 125.21
 230.00 -139.69  16.02
 231.00 -69.86 123.44
 232.00 -51.44 -22.35
 233.00 -96.62 -33.87
 234.00 -74.81 -44.78
 235.00 -84.37 -62.23
 236.00 -87.38 -38.65
 237.00 -80.01 -43.60
 238.00 -64.87 -22.57
 239.00 -61.16 -16.37
 240.00 -63.41 -66.61
 241.00 -60.08 -35.34
 242.00 -152.62 -25.66
 243.00 -63.32 -63.79
 244.00 -76.10 -28.14
 245.00 -64.63 -51.88
 246.00 -66.12 -30.22
 247.00 -68.96 -45.32
 248.00 -61.71 -32.32
 249.00 -65.91 -56.42
 250.00 -57.21 -47.87
 251.00 -84.94 -40.18
 252.00 -60.42 -40.61
 253.00 -73.92 -34.26
 254.00 -50.16 -42.26
 255.00 -68.31 -57.88
 256.00 -70.67 -17.06
 257.00 -63.92 -52.95
 258.00 -70.25 -31.96
 259.00 -66.18 -44.90
 260.00 -67.86 -44.00
 261.00 -74.46 -25.92
 262.00 -58.70 -40.74
 263.00 -55.30 -54.03
 264.00 -69.30 -33.64
 1001.00 -59.11 -44.39
 1002.00 -62.00 -27.30
 1003.00 -76.55 -45.39
 1004.00 -68.71 -14.96
 1005.00 -49.90 -53.41
 1006.00 -65.15 -45.41
 1007.00 -66.22 -37.41
 1008.00 -73.46 -31.32
 1009.00 -73.79 -38.72
 1010.00 -72.44 -33.27
 1011.00 -66.71 -28.11
 1012.00 -66.89 -51.18
 1013.00 -70.12 -30.59
 1014.00 -56.82 -43.99
 1015.00 -53.68 -37.68
 1016.00 -53.02 -51.50
 1017.00 -68.87 -47.10
 1018.00 -80.10 -23.69
 1019.00 -60.41 -41.39
 1020.00 -133.08 171.41
 1021.00 -157.42  12.13
 1022.00 -70.57 158.20
 1023.00 -51.92 -31.24
 1024.00 -79.95 -47.08
 1025.00 -64.31 -37.21
 1026.00 -58.86 -36.73
 1027.00 -52.20 -49.48
 1028.00 -61.78 -50.09
 1029.00 -59.33 -48.25
 1030.00 -63.74 -41.65
 1031.00 -69.43 -37.06
 1032.00 -59.56 -37.26
 1033.00 -55.68 -46.15
 1034.00 -77.05 -32.01
 1035.00 -57.54 -41.14
 1036.00 -66.01 -34.33
 1037.00 -55.71 -52.67
 1038.00 -68.01 -33.94
 1039.00 -62.52 -53.78
 1040.00 -52.06 -44.55
 1041.00  53.91 -46.76
 1042.00  78.81  44.84
 1043.00 -67.86   8.27
 1044.00  74.19 -16.37
 1066.00 -72.96 146.52
 1067.00 -60.78   6.31
 1068.00 -65.21 -44.99
 1069.00 -54.65 -33.43
 1070.00 -73.09 -41.67
 1071.00 -67.58 -33.51
 1072.00 -68.59 -27.84
 1073.00 -68.67 -41.49
 1074.00 -78.40 -29.73
 1075.00 -57.51 -43.90
 1076.00 -40.94 -42.93
 1077.00 -69.63 -53.32
 1078.00 -77.05 -28.47
 1079.00 -74.02 -29.76
 1080.00 -83.92 -22.54
 1081.00  72.05   6.68
 1082.00 -86.55   7.68
 1083.00 -61.49  69.31
 1084.00 -60.55 -47.59
 1085.00 -66.10 -35.23
 1086.00 -74.28 -31.53
 1087.00 -67.18 -27.91
 1088.00 -72.51 -25.44
 1089.00 -52.56 -55.06
 1090.00 -72.13 -30.43
 1091.00 -58.78 -40.60
 1092.00 -67.17 -40.31
 1093.00 -58.87 -54.31
 1094.00 -55.27 -27.97
 1095.00 -82.58 -50.00
 1096.00 -72.56 -16.45
 1097.00 -79.05 -39.82
 1098.00 -47.14 -27.04
 1099.00 -69.79 -51.31
 1100.00 -76.59 -18.56
 1101.00 -67.21 -42.46
 1102.00 -50.95 -39.69
 1103.00 -58.94 -47.19
 1104.00 -66.99 -50.61
 1105.00 -62.78 -39.65
 313.00 -67.74 -33.58
 314.00 -65.41 -36.99
 315.00 -64.09 -41.29
 316.00 -65.34 -36.56
 317.00 -53.39 -42.06
 318.00 -77.81 -46.38
 319.00 -56.00 -38.07
 320.00 -60.01 -46.38
 321.00 -56.79 -39.95
 322.00 -67.84 -53.66
 323.00 -72.83 -26.57
 324.00 -50.61 -49.73
 325.00 -65.31 -32.73
 326.00 -68.41 -26.46
 327.00 -62.85 -46.37
 328.00 -60.82 -44.62
 329.00 -61.65 -47.46
 330.00 -76.61 -46.19
 331.00 -52.90 -41.18
 332.00 -81.63 -34.98
 333.00 -63.19 -57.73
 334.00 -89.26 -21.61
 335.00 -91.85 -29.48
 336.00 -53.45 -14.74
 337.00 -50.21 -50.43
 338.00 -48.57 -51.37
 339.00 -57.43 -61.80
 340.00 -86.37 -35.96
 341.00 -66.60 -32.51
 342.00 -68.78 -37.33
 343.00 -60.00 -33.89
 344.00 -52.96 -49.46
 345.00 -59.74 -36.44
 346.00 -104.75 -14.42
 347.00 -70.56 -38.19
 348.00 -74.85 -46.96
 349.00 -133.76 138.71
 350.00 -80.24 -76.86
 351.00 -64.64 -55.87
 352.00 -132.07  -8.57
 353.00 -107.24 166.86
 354.00 -69.56 119.38
 355.00 -97.76 -18.67
 356.00 -69.10 -21.19
 357.00 -59.39 -46.68
 358.00 -58.07 -39.83
 359.00 -74.18 -38.95
 360.00 -78.28 -29.71
 361.00 -50.81 -34.77
 362.00 -64.73 -31.38
 363.00 -79.16 -27.93
 364.00 -59.94 -53.66
 365.00 -74.53 -21.60
 366.00 -83.40 -33.60
 367.00 -60.03 -24.71
 368.00 -68.18 -33.72
 369.00 -70.35 -59.89
 370.00 -80.54  -6.18
 371.00 -64.79 -15.73
 372.00 -69.66 -24.46
 373.00 -81.00 -20.18
 374.00 -80.87  -8.02
 375.00 -61.10 -35.33
 376.00 -65.31 -47.27
 377.00 -72.78 -24.81
 378.00 -57.42 -38.71
 379.00 -74.94 -42.51
 380.00 -76.61 -23.25
 381.00 -60.80 -46.95
 382.00 -122.05 -36.44
 383.00 -140.75   6.07
 384.00 -70.26 120.98
 385.00 -68.70 -36.33
 386.00 -54.88 -44.84
 387.00 -52.82 -58.19
 388.00 -74.37 -33.09
 389.00 -58.62 -46.81
 390.00 -40.08 -52.48
 391.00 -63.73 -51.34
 392.00 -68.72 -30.75
 393.00 -50.12 -63.51
 394.00 -78.37 -50.48
 395.00 -96.19  -4.19
 396.00  60.93   5.98
 397.00 -90.30  28.80
 398.00 -103.28 151.30


