 residuo Phi Psi
  69.00 -123.24 122.57
  70.00 -57.88  25.34
  71.00 -63.16 -40.25
  72.00 -62.80 -38.31
  73.00 -65.13 -49.12
  74.00 -57.44 -41.35
  75.00 -67.90 -49.42
  76.00 -77.47 -26.44
  77.00 -58.90 -37.34
  78.00 -58.37 -52.11
  79.00 -77.91 -32.23
  80.00 -70.74 -33.01
  81.00 -71.56 -20.13
  82.00 -51.11 -35.98
  83.00 -61.88 -46.42
  84.00 -61.42 -41.29
  85.00 -67.21 -43.89
  86.00 -76.91 -49.12
  87.00 -64.26 -16.17
  88.00 -80.35 -40.67
  89.00 -59.69 -55.52
  90.00 -72.00 -38.52
  91.00 -76.52 -34.87
  92.00 -52.19 -29.76
  93.00 -57.06 -42.91
  94.00 -80.16 -33.57
  95.00 -62.70 -39.97
  96.00 -55.70 -47.73
  97.00 -69.78 -48.31
  98.00 -65.85 -47.32
  99.00 -83.05 -24.03
 100.00 -102.24 -32.42
 101.00 -79.45 -45.67
 102.00 -69.18 123.00
 103.00 -73.33 -30.66
 104.00 -77.92 -25.95
 105.00 -56.95 -11.97
 106.00 -143.50  83.88
 107.00 -55.33 161.20
 108.00 -88.79 -18.28
 109.00 -80.50 -34.84
 110.00 -49.99 -20.53
 111.00 -66.14 -51.64
 112.00 -65.87 -43.33
 113.00 -48.96 -40.10
 114.00 -57.19 -42.71
 115.00 -70.20 -35.66
 116.00 -69.18 -31.74
 117.00 -49.67 -47.74
 118.00 -65.27 -45.28
 119.00 -79.45 -39.06
 120.00 -68.77 -29.47
 121.00 -72.22 -41.47
 122.00 -66.77 -26.44
 123.00 -46.98 -50.87
 124.00 -66.19 -45.43
 125.00 -122.92 -32.87
 126.00 -96.21 -45.27
 127.00 -48.95 -58.35
 128.00 -75.89 -39.47
 129.00 -95.14 -24.16
 130.00 -65.37 -23.43
 131.00 -54.44 -49.52
 132.00 -70.44 -42.83
 133.00 -74.74 -27.55
 134.00 -58.06 -39.29
 135.00 -61.25 -54.57
 136.00 -68.88 -41.34
 137.00 113.23 -15.85
 138.00  61.71  44.48
 139.00 -142.02  38.68
 140.00 -69.23 151.40
 141.00 -84.85 132.44
 142.00 -118.33 -10.11
 143.00 -51.39 170.47
 144.00 -61.14 145.39
 145.00 -52.39 -51.09
 146.00 -89.51  -6.32
 147.00 -66.88 -18.17
 148.00 -59.59 -49.54
 149.00 -107.74 -16.71
 150.00 -112.89   4.60
 151.00 -63.43 -44.70
 152.00 -51.36 -24.54
 153.00 -75.06 -32.48
 154.00 -73.09 -35.65
 155.00 -90.40 -22.71
 156.00 -45.92 -49.83
 157.00 -66.30 -55.78
 158.00 -54.38 -53.37
 159.00 -47.30 -49.64
 160.00 -80.97 -41.63
 161.00 -60.92 -36.21
 162.00 -63.65 -53.93
 163.00 -76.08 -32.10
 164.00 -63.26 -38.18
 165.00 -62.45 -38.54
 166.00 -71.63 -25.33
 167.00 -57.49 -61.86
 168.00 -62.74 -37.73
 169.00 -70.82 -32.46
 170.00 -62.39 -41.82
 171.00 -61.31 -35.17
 172.00 -60.62 -55.80
 173.00 -56.05 -52.46
 174.00 -75.72 -39.06
 175.00 -74.45 -37.51
 176.00 -69.76 -27.33
 177.00 -76.16  -2.63
 178.00 -88.98  -9.34
 179.00 -44.01 121.44
 180.00 -113.45 -18.59
 181.00 -73.30  33.91
 182.00 -80.77  -4.77
 183.00 -57.02  -3.10
 184.00 -67.81 140.58
 185.00 -73.90 -35.60
 186.00 -157.11 142.21
 187.00 -102.58 149.77
 188.00 -56.64 120.21
 189.00 -55.07 -45.95
 190.00 -60.39 -52.49
 191.00 -60.89 -42.04
 192.00 -49.15 -52.50
 193.00 -70.45 -43.82
 194.00 -75.01 -27.41
 195.00 -53.06 -44.39
 196.00 -71.22 -44.92
 197.00 -61.64 -41.15
 198.00 -62.71 -40.53
 199.00 -61.70 -45.09
 200.00 -70.12 -39.99
 201.00 -68.89 -36.20
 202.00 -58.81 -43.94
 203.00 -63.13 -34.64
 204.00 -71.40 -37.00
 205.00 -68.10 -41.48
 206.00 -72.85 -36.93
 207.00 -57.19 -25.26
 208.00 -62.20 -33.16
 209.00 -75.55 -14.26
 210.00 -60.56 -54.51
 211.00 -61.63 -29.74
 212.00 -57.03 -71.65
 213.00 -61.73 -44.77
 214.00 -85.57 -41.17
 215.00 -66.67 -19.51
 216.00 -165.83 -37.08
 217.00 -65.48 112.40
 218.00 -56.45 -30.63
 219.00 -74.17 -15.41
 220.00 -148.14 -12.36
 221.00 -121.82  -5.07
 222.00 -153.09 144.80
 223.00  54.58 120.69
 224.00  72.09  44.37
 225.00 -121.34   7.07
 226.00 -76.32 154.34
 227.00 -145.97 100.81
 228.00 -67.30 133.40
 229.00 -68.56  82.71
 230.00 -56.03 -40.71
 231.00 -58.68 119.41
 232.00 -72.67 -20.50
 233.00 -70.26 -21.11
 234.00 -100.26 -34.44
 235.00 -75.76 -38.77
 236.00 -134.26 -14.60
 237.00 -50.38 -54.31
 238.00 -49.62 -51.92
 239.00 -67.83 -25.53
 240.00 -76.86 -40.51
 241.00 -85.40 -21.15
 242.00 -133.43 -27.10
 243.00 -83.18 -48.77
 244.00 -63.41 -36.42
 245.00 -64.59 -59.15
 246.00 -85.79 -13.76
 247.00 -59.93 -49.37
 248.00 -72.55 -26.24
 249.00 -57.65 -54.65
 250.00 -59.32 -56.08
 251.00 -90.28 -31.40
 252.00 -48.24 -41.03
 253.00 -80.35 -37.35
 254.00 -44.37 -41.21
 255.00 -57.01 -61.27
 256.00 -67.51 -37.30
 257.00 -73.21 -43.47
 258.00 -71.34 -37.29
 259.00 -61.38 -36.55
 260.00 -77.43 -40.49
 261.00 -57.30 -39.61
 262.00 -69.85 -30.25
 263.00 -76.88 -34.13
 264.00 -63.47 -37.27
 1001.00 -64.18 -33.19
 1002.00 -45.52 -36.87
 1003.00 -78.04 -33.38
 1004.00 -80.34 -25.38
 1005.00 -71.30 -20.93
 1006.00 -58.65 -52.97
 1007.00 -73.43 -32.14
 1008.00 -73.86 -33.84
 1009.00 -61.11 -38.70
 1010.00 -61.61 -43.89
 1011.00 -72.31 -32.16
 1012.00 -67.59 -45.35
 1013.00 -60.04 -39.50
 1014.00 -70.22 -34.88
 1015.00 -53.55 -34.40
 1016.00 -71.21 -45.90
 1017.00 -63.34 -49.61
 1018.00 -74.65 -36.53
 1019.00 -68.35 -18.35
 1020.00 -101.96 145.62
 1021.00 -135.28 -14.67
 1022.00 -63.52 154.15
 1023.00 -71.06 -29.14
 1024.00 -67.99 -34.52
 1025.00 -70.90 -28.07
 1026.00 -50.63 -59.44
 1027.00 -67.29 -35.12
 1028.00 -78.29 -46.75
 1029.00 -55.81 -39.92
 1030.00 -69.32 -41.25
 1031.00 -66.88 -38.37
 1032.00 -56.51 -39.34
 1033.00 -65.47 -35.66
 1034.00 -48.78 -49.61
 1035.00 -59.55 -53.50
 1036.00 -68.87 -33.05
 1037.00 -80.19 -28.55
 1038.00 -68.70 -53.80
 1039.00 -71.92 -17.93
 1040.00 -85.10 -58.54
 1041.00  53.73 -12.02
 1042.00 124.99  31.98
 1043.00 -57.93  -0.45
 1044.00  65.46 -33.24
 1066.00 -54.85 139.44
 1067.00 -48.04 -10.08
 1068.00 -70.99 -34.70
 1069.00 -64.21 -38.26
 1070.00 -65.92 -35.34
 1071.00 -65.16 -35.80
 1072.00 -67.29 -40.01
 1073.00 -58.30 -45.51
 1074.00 -76.05 -29.02
 1075.00 -65.12 -40.06
 1076.00 -62.98 -26.22
 1077.00 -55.95 -56.60
 1078.00 -74.91 -32.71
 1079.00 -72.95 -31.79
 1080.00 -66.20 -41.38
 1081.00  78.74 -17.09
 1082.00 -90.51  19.85
 1083.00 -64.23  67.74
 1084.00 -70.02 -32.17
 1085.00 -65.61 -44.82
 1086.00 -76.39 -26.06
 1087.00 -65.57 -36.50
 1088.00 -69.23 -43.43
 1089.00 -73.33 -30.70
 1090.00 -71.79 -27.41
 1091.00 -70.52 -26.33
 1092.00 -65.65 -31.79
 1093.00 -63.04 -42.68
 1094.00 -45.58 -33.89
 1095.00 -63.22 -65.14
 1096.00 -80.41 -35.95
 1097.00 -63.35 -32.22
 1098.00 -52.64 -47.53
 1099.00 -66.15 -33.24
 1100.00 -85.89 -34.40
 1101.00 -60.78 -38.14
 1102.00 -53.46 -42.88
 1103.00 -57.05 -51.05
 1104.00 -83.68 -27.72
 1105.00 -59.82 -36.25
 313.00 -65.76 -46.62
 314.00 -75.14 -34.11
 315.00 -67.50 -32.36
 316.00 -59.37 -32.30
 317.00 -52.47 -53.81
 318.00 -65.00 -47.31
 319.00 -56.45 -35.03
 320.00 -50.27 -50.71
 321.00 -77.77 -39.75
 322.00 -63.78 -35.05
 323.00 -72.22 -39.68
 324.00 -67.74 -31.50
 325.00 -53.36 -54.59
 326.00 -57.42 -35.32
 327.00 -66.82 -46.99
 328.00 -58.45 -36.95
 329.00 -52.17 -53.88
 330.00 -59.34 -54.20
 331.00 -90.84 -17.13
 332.00 -61.70 -50.98
 333.00 -56.72 -56.71
 334.00 -87.52 -26.39
 335.00 -76.17 -47.43
 336.00 -43.84 -34.17
 337.00 -52.48 -54.23
 338.00 -48.45 -51.14
 339.00 -65.71 -61.38
 340.00 -57.05 -53.49
 341.00 -69.72 -34.57
 342.00 -61.33 -42.22
 343.00 -58.74 -42.67
 344.00 -69.77 -36.42
 345.00 -76.35 -26.77
 346.00 -73.38 -23.85
 347.00 -82.72 -36.62
 348.00 -73.31 -47.86
 349.00 -132.60 136.06
 350.00 -92.87 -61.96
 351.00 -57.51 -36.66
 352.00 -145.09 -19.51
 353.00 -115.37 155.91
 354.00 -67.33 136.98
 355.00 -69.23 -31.03
 356.00 -75.53 -41.78
 357.00 -47.94 -40.24
 358.00 -54.69 -45.30
 359.00 -68.92 -41.67
 360.00 -55.01 -41.56
 361.00 -53.27 -51.71
 362.00 -67.64 -34.81
 363.00 -85.32 -21.68
 364.00 -51.03 -51.97
 365.00 -71.25 -36.57
 366.00 -61.92 -39.03
 367.00 -75.77 -17.66
 368.00 -52.11 -34.74
 369.00 -67.92 -48.76
 370.00 -70.87 -18.08
 371.00 -70.00 -22.53
 372.00 -62.94 -27.37
 373.00 -133.93 -13.54
 374.00 -138.18  47.01
 375.00 -76.43 -23.63
 376.00 -61.38 -37.76
 377.00 -60.41 -37.34
 378.00 -67.32 -37.80
 379.00 -63.51 -49.72
 380.00 -69.95 -20.97
 381.00 -91.03 -40.95
 382.00 -92.10 -35.50
 383.00 -144.04  -7.16
 384.00 -78.88 129.59
 385.00 -67.97 -33.92
 386.00 -62.58 -40.35
 387.00 -61.24 -58.94
 388.00 -75.65 -21.06
 389.00 -68.50 -41.09
 390.00 -58.83 -40.85
 391.00 -56.76 -50.48
 392.00 -57.65 -41.15
 393.00 -62.17 -46.92
 394.00 -75.09 -49.65
 395.00 -85.80 -17.14
 396.00  52.99  -5.10
 397.00 -118.82  46.30
 398.00 -64.48  59.51


