 residuo Phi Psi
  69.00 -130.17 138.91
  70.00 -45.13  -3.63
  71.00 -68.95 -34.25
  72.00 -50.28 -51.26
  73.00 -61.85 -45.43
  74.00 -79.52 -33.94
  75.00 -68.79 -35.32
  76.00 -68.62 -45.31
  77.00 -64.31 -25.38
  78.00 -58.83 -42.29
  79.00 -66.79 -46.90
  80.00 -86.58 -22.13
  81.00 -59.02 -32.43
  82.00 -46.72 -26.70
  83.00 -49.85 -52.05
  84.00 -72.27 -51.74
  85.00 -72.50 -37.40
  86.00 -64.66 -38.44
  87.00 -84.85 -26.65
  88.00 -66.39 -44.49
  89.00 -57.28 -63.14
  90.00 -69.79 -37.83
  91.00 -66.34 -56.95
  92.00 -51.52 -39.23
  93.00 -75.73 -35.01
  94.00 -66.50 -33.35
  95.00 -70.02 -36.53
  96.00 -72.14 -35.70
  97.00 -68.28 -36.67
  98.00 -54.51 -55.13
  99.00 -85.07 -29.57
 100.00 -134.49   3.88
 101.00 -59.46 -62.35
 102.00 -61.58 112.59
 103.00 -67.44 -25.51
 104.00 -86.27 -32.32
 105.00 -84.22   3.74
 106.00 -156.03  78.62
 107.00 -54.77 152.43
 108.00 -56.41 -43.94
 109.00 -71.08 -51.63
 110.00 -68.08 -19.56
 111.00 -77.86 -24.61
 112.00 -60.08 -40.47
 113.00 -60.61 -36.65
 114.00 -67.69 -33.54
 115.00 -61.93 -35.60
 116.00 -80.55 -36.70
 117.00 -63.52 -38.31
 118.00 -61.96 -47.33
 119.00 -77.40 -39.10
 120.00 -64.97 -30.54
 121.00 -70.68 -53.09
 122.00 -70.02 -19.86
 123.00 -53.42 -50.96
 124.00 -81.95 -39.62
 125.00 -102.93 -39.58
 126.00 -101.37 -33.53
 127.00 -59.99 -52.21
 128.00 -68.90 -44.83
 129.00 -70.57 -31.73
 130.00 -62.43 -39.94
 131.00 -80.17 -31.93
 132.00 -62.75 -37.47
 133.00 -65.29 -32.48
 134.00 -65.68 -40.25
 135.00 -76.37 -36.65
 136.00 -81.65 -29.76
 137.00  73.50  19.08
 138.00  63.38  24.10
 139.00 -72.61   8.76
 140.00 -82.68 159.57
 141.00 -72.47 119.62
 142.00 -137.79   2.31
 143.00 -45.27 162.51
 144.00 -58.41 138.69
 145.00 -61.96 -19.15
 146.00 -100.69 -18.69
 147.00 -72.53  -6.98
 148.00 -63.91 -56.34
 149.00 -67.99 -42.26
 150.00 -93.92 -13.10
 151.00 -50.10 -43.36
 152.00 -55.21 -41.50
 153.00 -68.76 -45.84
 154.00 -72.51 -36.87
 155.00 -72.66 -34.01
 156.00 -54.81 -42.97
 157.00 -70.62 -65.30
 158.00 -65.17 -36.24
 159.00 -77.62 -37.02
 160.00 -59.14 -38.02
 161.00 -46.36 -44.87
 162.00 -66.66 -62.58
 163.00 -68.53 -31.47
 164.00 -75.14 -27.79
 165.00 -61.50 -40.47
 166.00 -76.22 -33.95
 167.00 -70.83 -52.05
 168.00 -62.71 -36.53
 169.00 -74.03 -36.26
 170.00 -63.79 -37.53
 171.00 -58.25 -42.93
 172.00 -44.10 -70.05
 173.00 -57.23 -46.08
 174.00 -81.09 -36.19
 175.00 -56.21 -29.67
 176.00 -74.50 -48.21
 177.00 -82.81 -12.45
 178.00 -79.07 -14.86
 179.00 -71.07 129.11
 180.00 -126.13   9.88
 181.00 -59.21   5.44
 182.00 -88.20 -12.61
 183.00 -50.62   2.05
 184.00 -69.67 140.28
 185.00 -105.18  -2.51
 186.00 -165.05 144.09
 187.00 -63.82 135.64
 188.00 -85.03 134.20
 189.00 -37.57 -54.43
 190.00 -63.78 -50.88
 191.00 -60.17 -42.68
 192.00 -67.08 -43.57
 193.00 -52.89 -43.13
 194.00 -57.76 -52.59
 195.00 -69.01 -32.52
 196.00 -58.92 -48.64
 197.00 -61.89 -44.66
 198.00 -62.00 -44.80
 199.00 -54.96 -43.31
 200.00 -62.43 -47.35
 201.00 -66.02 -37.39
 202.00 -81.20 -40.11
 203.00 -56.39 -35.24
 204.00 -46.02 -51.83
 205.00 -62.64 -41.62
 206.00 -80.04 -47.57
 207.00 -62.45 -39.23
 208.00 -54.25 -28.95
 209.00 -64.17 -23.74
 210.00 -61.90 -61.60
 211.00 -73.79 -20.34
 212.00 -84.89 -50.98
 213.00 -74.50 -39.41
 214.00 -67.11 -16.92
 215.00 -82.48 -37.87
 216.00 -159.05 -12.45
 217.00 -59.01 101.72
 218.00 -67.19 -30.34
 219.00 -74.17 -12.66
 220.00 -126.62 -29.98
 221.00 -124.26   8.56
 222.00 -150.30 146.68
 223.00  50.18 108.06
 224.00  82.29  65.93
 225.00 -68.67 -40.71
 226.00 -62.83 142.69
 227.00 -165.96 104.32
 228.00 -70.20 127.70
 229.00 -109.75 114.97
 230.00 -70.41 -32.31
 231.00 -61.47 124.65
 232.00 -68.96 -24.61
 233.00 -116.32 -11.18
 234.00 -75.12 -40.19
 235.00 -101.08 -29.44
 236.00 -61.57 -72.90
 237.00 -71.05 -32.43
 238.00 -69.73 -20.10
 239.00 -69.90 -19.65
 240.00 -65.74 -57.95
 241.00 -73.79 -24.20
 242.00 -139.21 -46.76
 243.00 -63.81 -66.32
 244.00 -86.87 -22.12
 245.00 -69.92 -53.99
 246.00 -52.02 -25.15
 247.00 -65.57 -57.02
 248.00 -94.39 -10.26
 249.00 -70.55 -44.50
 250.00 -69.49 -38.44
 251.00 -61.51 -41.78
 252.00 -54.54 -52.59
 253.00 -57.01 -36.36
 254.00 -61.13 -48.69
 255.00 -65.57 -42.78
 256.00 -81.73 -24.87
 257.00 -65.97 -53.03
 258.00 -62.86 -36.32
 259.00 -72.53 -29.89
 260.00 -69.36 -45.77
 261.00 -71.80 -24.05
 262.00 -76.47 -30.54
 263.00 -70.83 -29.85
 264.00 -57.52 -39.13
 1001.00 -72.57 -46.96
 1002.00 -46.03 -31.75
 1003.00 -54.08 -59.63
 1004.00 -68.68 -36.78
 1005.00 -66.62 -38.37
 1006.00 -55.34 -35.60
 1007.00 -51.66 -53.54
 1008.00 -65.48 -44.50
 1009.00 -52.11 -44.30
 1010.00 -80.72 -42.42
 1011.00 -63.94 -33.26
 1012.00 -69.72 -38.81
 1013.00 -65.99 -32.06
 1014.00 -69.76 -31.49
 1015.00 -68.80 -45.60
 1016.00 -56.46 -46.02
 1017.00 -66.63 -38.50
 1018.00 -142.03  -7.49
 1019.00 -60.77  10.23
 1020.00 -95.68 147.48
 1021.00 -151.31 -15.01
 1022.00 -68.95 164.23
 1023.00 -66.29 -28.13
 1024.00 -68.93 -32.34
 1025.00 -56.05 -51.95
 1026.00 -51.88 -45.07
 1027.00 -57.98 -57.45
 1028.00 -70.23 -38.30
 1029.00 -71.26 -39.09
 1030.00 -68.50 -24.50
 1031.00 -52.56 -50.61
 1032.00 -56.97 -43.37
 1033.00 -47.82 -46.92
 1034.00 -70.24 -53.30
 1035.00 -79.35 -27.28
 1036.00 -67.67 -35.64
 1037.00 -69.42 -30.29
 1038.00 -62.94 -40.37
 1039.00 -83.53 -26.36
 1040.00 -84.22 -31.24
 1041.00  59.69 -27.68
 1042.00  94.67  39.27
 1043.00 -50.55  -4.62
 1044.00  67.85 -24.14
 1066.00 -51.55 150.23
 1067.00 -53.39  -9.73
 1068.00 -71.68 -39.79
 1069.00 -63.72 -37.63
 1070.00 -73.06 -28.98
 1071.00 -91.17 -27.07
 1072.00 -57.38 -34.54
 1073.00 -53.46 -42.02
 1074.00 -69.73 -44.56
 1075.00 -60.88 -44.10
 1076.00 -57.78 -34.07
 1077.00 -71.53 -42.58
 1078.00 -62.80 -37.61
 1079.00 -73.95 -39.28
 1080.00 -73.05 -29.78
 1081.00  62.08  -0.28
 1082.00 -88.79  14.89
 1083.00 -47.72  69.00
 1084.00 -51.52 -49.90
 1085.00 -88.13 -46.70
 1086.00 -62.61 -31.26
 1087.00 -62.55 -49.50
 1088.00 -64.47 -41.19
 1089.00 -66.35 -41.73
 1090.00 -63.90 -27.11
 1091.00 -75.10 -43.22
 1092.00 -76.54 -24.42
 1093.00 -67.82 -33.90
 1094.00 -62.95 -17.87
 1095.00 -77.79 -44.89
 1096.00 -66.57 -33.22
 1097.00 -46.44 -52.95
 1098.00 -66.85 -47.93
 1099.00 -66.43 -38.29
 1100.00 -76.26 -33.39
 1101.00 -61.85 -44.47
 1102.00 -64.96 -32.29
 1103.00 -91.58 -32.71
 1104.00 -58.65 -42.48
 1105.00 -67.34 -37.67
 313.00 -74.75 -36.94
 314.00 -70.29 -24.87
 315.00 -81.55 -29.14
 316.00 -64.50 -28.99
 317.00 -66.24 -39.36
 318.00 -77.62 -38.25
 319.00 -67.69 -29.27
 320.00 -68.09 -31.94
 321.00 -48.47 -49.67
 322.00 -65.80 -49.17
 323.00 -54.16 -35.00
 324.00 -69.03 -45.81
 325.00 -75.22 -27.05
 326.00 -63.15 -35.81
 327.00 -52.10 -51.86
 328.00 -76.14 -38.56
 329.00 -53.69 -60.64
 330.00 -56.56 -44.59
 331.00 -57.73 -46.19
 332.00 -63.43 -48.64
 333.00 -87.52 -40.78
 334.00 -77.11 -12.80
 335.00 -100.16 -20.03
 336.00 -50.91 -26.38
 337.00 -52.72 -50.61
 338.00 -59.90 -43.76
 339.00 -70.78 -60.54
 340.00 -70.15 -36.22
 341.00 -67.64 -34.98
 342.00 -69.71 -36.84
 343.00 -64.28 -37.76
 344.00 -69.41 -39.02
 345.00 -48.96 -40.79
 346.00 -70.98 -42.73
 347.00 -83.86 -27.91
 348.00 -71.22 -51.87
 349.00 -149.57 149.75
 350.00 -99.89 -32.93
 351.00 -72.72 -42.78
 352.00 -134.81  -8.88
 353.00 -115.08 172.19
 354.00 -71.42 125.92
 355.00 -70.40 -22.28
 356.00 -77.23 -50.17
 357.00 -56.96 -45.51
 358.00 -66.24 -34.92
 359.00 -65.67 -35.13
 360.00 -80.69 -35.85
 361.00 -59.39 -33.71
 362.00 -69.93 -39.25
 363.00 -86.44  -9.01
 364.00 -57.66 -67.97
 365.00 -66.72 -24.94
 366.00 -81.05 -21.15
 367.00 -68.90 -26.94
 368.00 -63.77 -46.64
 369.00 -57.74 -47.36
 370.00 -49.64 -41.12
 371.00 -47.32 -38.06
 372.00 -48.86 -34.65
 373.00 -79.49 -33.64
 374.00 -76.50  -5.49
 375.00 -60.27 -50.69
 376.00 -65.16 -34.02
 377.00 -68.76 -38.59
 378.00 -60.65 -41.63
 379.00 -70.02 -34.23
 380.00 -59.59 -41.61
 381.00 -55.45 -55.25
 382.00 -130.35 -42.37
 383.00 -126.18  -2.13
 384.00 -73.63 128.58
 385.00 -58.66 -36.82
 386.00 -67.73 -44.95
 387.00 -52.24 -46.13
 388.00 -53.69 -50.04
 389.00 -60.56 -56.77
 390.00 -55.62 -46.12
 391.00 -65.64 -48.12
 392.00 -80.75 -31.12
 393.00 -65.32 -28.45
 394.00 -76.12 -41.68
 395.00 -66.15 -31.75
 396.00  58.60  -5.66
 397.00 -122.81  46.70
 398.00 -70.67  69.83


