 residuo Phi Psi
  69.00 -80.61 117.82
  70.00 -115.46 162.43
  71.00 -45.96 -31.53
  72.00 -68.70 -57.22
  73.00 -61.76 -34.56
  74.00 -73.53 -31.81
  75.00 -61.87 -40.82
  76.00 -51.65 -42.96
  77.00 -69.00 -36.46
  78.00 -81.54 -28.92
  79.00 -59.05 -42.93
  80.00 -80.80 -29.57
  81.00 -67.19 -34.87
  82.00 -56.05  -8.37
  83.00 -67.66 -31.85
  84.00 -78.71 -24.83
  85.00 -56.88 -52.92
  86.00 -66.73 -39.79
  87.00 -57.82 -49.47
  88.00 -62.84 -53.55
  89.00 -72.64 -52.48
  90.00 -62.81 -36.54
  91.00 -72.09 -38.66
  92.00 -48.81 -43.34
  93.00 -56.80 -40.99
  94.00 -46.69 -61.43
  95.00 -62.25 -52.73
  96.00 -67.77 -34.54
  97.00 -73.72 -34.25
  98.00 -78.05 -35.30
  99.00 -75.26 -18.54
 100.00 -101.36 -41.47
 101.00 -74.78 -50.59
 102.00 -63.37 112.38
 103.00 -69.15 -28.44
 104.00 -91.05 -13.11
 105.00 -71.11 -13.95
 106.00 -140.90  90.74
 107.00 -62.38 163.50
 108.00 -85.17 -19.49
 109.00 -55.98 -52.51
 110.00 -59.56 -34.08
 111.00 -66.21 -32.83
 112.00 -66.65 -40.49
 113.00 -57.45 -36.55
 114.00 -70.78 -49.81
 115.00 -68.43 -22.49
 116.00 -80.30 -29.48
 117.00 -70.00 -33.54
 118.00 -67.40 -37.57
 119.00 -67.30 -37.88
 120.00 -70.05 -34.60
 121.00 -57.21 -49.53
 122.00 -58.80 -41.45
 123.00 -72.56 -29.53
 124.00 -101.63 -34.54
 125.00 -112.66 -25.28
 126.00 -121.33 -25.18
 127.00 -54.12 -51.49
 128.00 -56.30 -50.72
 129.00 -61.10 -44.89
 130.00 -66.80 -35.25
 131.00 -77.42 -37.61
 132.00 -48.66 -54.34
 133.00 -59.80 -43.79
 134.00 -48.11 -26.00
 135.00 -75.52 -41.87
 136.00 -83.59 -30.50
 137.00  77.98   6.22
 138.00  72.10  29.91
 139.00 -72.60 -11.49
 140.00 -51.16 149.54
 141.00 -63.62 124.07
 142.00 -115.95 -21.91
 143.00 -65.94 169.72
 144.00 -54.94 150.86
 145.00 -66.00 -34.84
 146.00 -90.05  -9.19
 147.00 -61.21 -14.20
 148.00 -68.49 -43.68
 149.00 -82.36 -17.68
 150.00 -68.76 -37.94
 151.00 -60.36 -47.94
 152.00 -54.65 -36.66
 153.00 -59.27 -59.71
 154.00 -67.86 -38.01
 155.00 -85.50 -40.55
 156.00 -63.03 -35.15
 157.00 -79.63 -43.66
 158.00 -61.24 -27.82
 159.00 -67.24 -54.22
 160.00 -63.37 -33.82
 161.00 -58.51 -51.50
 162.00 -68.05 -57.60
 163.00 -65.21 -42.43
 164.00 -57.99 -28.98
 165.00 -70.78 -43.53
 166.00 -66.13 -38.97
 167.00 -61.93 -44.50
 168.00 -58.57 -56.10
 169.00 -58.59 -31.82
 170.00 -62.59 -51.50
 171.00 -78.29 -42.36
 172.00 -66.06 -29.41
 173.00 -57.52 -52.70
 174.00 -72.38 -30.98
 175.00 -67.10 -37.46
 176.00 -77.74 -29.18
 177.00 -51.04 -15.58
 178.00 -91.29 -31.15
 179.00 -51.51 132.69
 180.00 -121.64 -22.58
 181.00 -66.90  21.69
 182.00 -95.85  -9.71
 183.00 -60.16  11.41
 184.00 -70.44 159.51
 185.00 -105.33 -27.24
 186.00 -152.65 143.20
 187.00 -79.48 150.50
 188.00 -72.88 134.14
 189.00 -45.19 -49.06
 190.00 -73.13 -55.56
 191.00 -58.86 -36.57
 192.00 -57.19 -55.91
 193.00 -63.47 -49.83
 194.00 -82.44 -23.44
 195.00 -67.64 -33.15
 196.00 -53.04 -50.79
 197.00 -73.30 -31.76
 198.00 -63.60 -36.18
 199.00 -56.06 -51.93
 200.00 -57.77 -42.81
 201.00 -63.73 -59.42
 202.00 -70.82 -32.94
 203.00 -55.10 -43.06
 204.00 -54.79 -57.21
 205.00 -74.47 -28.77
 206.00 -80.54 -40.37
 207.00 -53.31 -31.13
 208.00 -55.60 -32.90
 209.00 -68.89 -14.89
 210.00 -66.51 -62.42
 211.00 -91.44 -12.82
 212.00 -122.22 -38.71
 213.00 -65.74 -48.65
 214.00 -54.29 -42.20
 215.00 -64.62 -18.39
 216.00 -151.67 -26.07
 217.00 -58.12 144.26
 218.00 -62.15 -41.10
 219.00 -92.75  -8.82
 220.00 -136.06  -7.91
 221.00 -122.82  -5.17
 222.00 -135.35 127.89
 223.00  53.81 108.67
 224.00  76.54  47.91
 225.00 -67.54 -24.00
 226.00 -68.44 137.84
 227.00 -145.65 112.67
 228.00 -69.54 151.38
 229.00 -56.49  69.65
 230.00 -69.86 -36.83
 231.00 -73.81 101.41
 232.00 -75.17  -7.27
 233.00 -45.41 -39.71
 234.00 -72.25 -45.92
 235.00 -83.54 -44.20
 236.00 -141.40 -16.03
 237.00 -52.34 -58.13
 238.00 -50.27 -40.25
 239.00 -63.96 -37.09
 240.00 -72.75 -45.12
 241.00 -79.65 -19.51
 242.00 -160.20  -9.66
 243.00 -69.43 -72.22
 244.00 -76.36 -28.87
 245.00 -61.20 -60.64
 246.00 -65.63 -29.51
 247.00 -72.97 -47.34
 248.00 -55.29 -48.62
 249.00 -61.94 -42.12
 250.00 -76.11 -36.32
 251.00 -83.17 -34.40
 252.00 -44.45 -44.37
 253.00 -73.77 -41.50
 254.00 -71.15 -34.82
 255.00 -62.31 -39.06
 256.00 -60.85 -37.65
 257.00 -49.39 -59.21
 258.00 -65.60 -42.57
 259.00 -60.39 -43.71
 260.00 -65.02 -37.60
 261.00 -73.11 -36.75
 262.00 -57.98 -35.39
 263.00 -67.15 -43.69
 264.00 -56.03 -55.01
 1001.00 -79.26 -40.77
 1002.00 -58.20 -18.56
 1003.00 -79.05 -40.19
 1004.00 -83.31 -10.72
 1005.00 -71.42 -35.67
 1006.00 -45.50 -44.65
 1007.00 -73.23 -48.93
 1008.00 -56.87 -39.33
 1009.00 -55.11 -47.53
 1010.00 -63.69 -46.46
 1011.00 -59.86 -45.79
 1012.00 -78.56 -33.66
 1013.00 -74.81 -29.59
 1014.00 -50.50 -37.66
 1015.00 -61.40 -43.66
 1016.00 -64.95 -43.91
 1017.00 -60.69 -36.47
 1018.00 -99.63 -37.34
 1019.00 -88.62   6.10
 1020.00 -112.51 141.90
 1021.00 -142.89  -2.25
 1022.00 -57.23 146.02
 1023.00 -58.99 -12.81
 1024.00 -81.88 -37.92
 1025.00 -58.75 -37.63
 1026.00 -64.23 -51.52
 1027.00 -65.14 -44.66
 1028.00 -76.60 -40.66
 1029.00 -73.07 -28.83
 1030.00 -72.54 -24.87
 1031.00 -80.34 -27.63
 1032.00 -64.02 -31.51
 1033.00 -51.48 -48.44
 1034.00 -66.11 -43.74
 1035.00 -70.86 -34.57
 1036.00 -56.57 -42.55
 1037.00 -73.97 -37.04
 1038.00 -56.89 -37.64
 1039.00 -75.44 -42.94
 1040.00 -72.04 -35.87
 1041.00  51.20 -53.82
 1042.00  96.03  44.07
 1043.00 -73.49   8.15
 1044.00  64.62 -11.67
 1066.00 -61.99 154.76
 1067.00 -47.42 -13.36
 1068.00 -68.39 -47.12
 1069.00 -61.95 -47.71
 1070.00 -86.60  -8.39
 1071.00 -67.36 -34.80
 1072.00 -55.70 -39.65
 1073.00 -61.58 -34.46
 1074.00 -67.00 -45.81
 1075.00 -58.28 -35.12
 1076.00 -73.92 -33.76
 1077.00 -64.34 -53.78
 1078.00 -78.53 -19.24
 1079.00 -62.57 -43.44
 1080.00 -78.04 -30.18
 1081.00  65.16  -2.38
 1082.00 -85.51  19.61
 1083.00 -41.03  57.46
 1084.00 -62.32 -60.49
 1085.00 -67.07 -39.39
 1086.00 -53.81 -49.43
 1087.00 -65.27 -43.89
 1088.00 -68.73 -37.03
 1089.00 -78.33 -30.85
 1090.00 -72.51 -14.57
 1091.00 -57.50 -45.28
 1092.00 -54.94 -26.31
 1093.00 -85.24 -29.93
 1094.00 -55.78  -4.41
 1095.00 -105.34 -27.55
 1096.00 -53.31 -32.70
 1097.00 -62.16 -34.28
 1098.00 -44.76 -67.80
 1099.00 -62.26 -41.64
 1100.00 -59.46 -56.71
 1101.00 -47.10 -46.30
 1102.00 -61.54 -46.96
 1103.00 -64.63 -43.16
 1104.00 -78.71 -23.85
 1105.00 -52.35 -33.86
 313.00 -71.26 -32.07
 314.00 -79.99 -32.28
 315.00 -62.88 -36.88
 316.00 -73.35 -36.14
 317.00 -67.39 -31.34
 318.00 -68.88 -31.09
 319.00 -53.32 -53.82
 320.00 -61.54 -40.11
 321.00 -61.60 -38.14
 322.00 -53.92 -52.68
 323.00 -71.46 -44.48
 324.00 -70.75 -26.31
 325.00 -54.00 -29.05
 326.00 -83.77 -23.25
 327.00 -65.49 -40.66
 328.00 -75.14 -37.51
 329.00 -63.77 -32.90
 330.00 -62.06 -52.53
 331.00 -56.94 -41.11
 332.00 -73.73 -35.35
 333.00 -58.38 -38.63
 334.00 -79.56 -56.07
 335.00 -112.29 -28.98
 336.00 -56.17 -30.74
 337.00 -62.48 -42.93
 338.00 -60.90 -36.65
 339.00 -70.07 -39.28
 340.00 -57.60 -44.62
 341.00 -80.49 -40.23
 342.00 -54.69 -35.12
 343.00 -71.65 -44.19
 344.00 -51.84 -55.77
 345.00 -60.17 -40.46
 346.00 -87.57 -25.35
 347.00 -81.12 -32.93
 348.00 -71.20 -47.39
 349.00 -148.09 155.71
 350.00 -77.99 -63.65
 351.00 -63.73 -42.30
 352.00 -137.31 -15.53
 353.00 -142.65 172.34
 354.00 -61.16 133.68
 355.00 -80.49 -36.83
 356.00 -81.19 -16.53
 357.00 -67.11 -42.34
 358.00 -59.33 -46.49
 359.00 -70.78 -35.10
 360.00 -78.61 -37.83
 361.00 -54.77 -43.42
 362.00 -66.30 -38.51
 363.00 -64.72 -40.33
 364.00 -72.56 -44.48
 365.00 -78.42 -29.26
 366.00 -75.58 -33.52
 367.00 -69.76 -35.15
 368.00 -62.06 -22.53
 369.00 -58.17 -65.50
 370.00 -62.75 -26.28
 371.00 -69.38 -18.17
 372.00 -72.59 -27.94
 373.00 -86.15 -17.28
 374.00 -82.94 -12.50
 375.00 -49.93 -39.06
 376.00 -43.89 -44.11
 377.00 -70.80 -37.79
 378.00 -58.84 -37.43
 379.00 -70.72 -45.85
 380.00 -65.02 -38.57
 381.00 -70.14 -44.75
 382.00 -123.69 -46.46
 383.00 -135.09  13.93
 384.00 -56.63  97.64
 385.00 -62.17 -31.62
 386.00 -53.86 -61.22
 387.00 -62.87 -37.27
 388.00 -69.69 -40.23
 389.00 -59.22 -44.64
 390.00 -58.38 -50.13
 391.00 -57.62 -46.27
 392.00 -64.22 -40.48
 393.00 -70.48 -44.14
 394.00 -68.50 -33.23
 395.00 -70.82 -31.37
 396.00  59.24  -3.44
 397.00 -96.65  33.49
 398.00 -115.90 115.69


