 residuo Phi Psi
  69.00 -57.25  89.71
  70.00 -56.94 -20.75
  71.00 -75.19 -20.83
  72.00 -65.63 -46.61
  73.00 -69.64 -37.47
  74.00 -67.18 -33.07
  75.00 -61.68 -38.78
  76.00 -60.27 -40.44
  77.00 -67.17 -47.72
  78.00 -67.49 -26.69
  79.00 -61.69 -55.29
  80.00 -72.67 -26.13
  81.00 -59.16 -20.14
  82.00 -56.97 -42.72
  83.00 -67.33 -28.93
  84.00 -60.82 -44.99
  85.00 -62.67 -46.82
  86.00 -66.95 -55.26
  87.00 -57.90 -26.63
  88.00 -62.43 -60.54
  89.00 -74.37 -52.12
  90.00 -66.48 -21.79
  91.00 -76.20 -63.58
  92.00 -56.49 -25.73
  93.00 -65.68 -35.23
  94.00 -62.25 -37.76
  95.00 -54.49 -55.95
  96.00 -53.62 -41.93
  97.00 -71.62 -50.55
  98.00 -66.77 -47.69
  99.00 -86.74 -13.70
 100.00 -123.15 -24.12
 101.00 -91.26 -34.13
 102.00 -53.62 102.90
 103.00 -72.45 -29.09
 104.00 -104.05 -13.39
 105.00 -91.01  -6.47
 106.00 -135.98  78.40
 107.00 -43.61 156.72
 108.00 -77.69 -31.53
 109.00 -65.75 -53.31
 110.00 -55.39 -22.46
 111.00 -68.74 -34.44
 112.00 -71.35 -37.90
 113.00 -78.68 -21.25
 114.00 -74.35 -29.66
 115.00 -52.42 -35.43
 116.00 -79.11 -42.64
 117.00 -66.51 -30.89
 118.00 -54.96 -45.30
 119.00 -60.69 -42.64
 120.00 -71.69 -48.11
 121.00 -72.13 -29.90
 122.00 -76.83 -27.00
 123.00 -69.76 -40.01
 124.00 -76.58 -26.13
 125.00 -126.39 -39.37
 126.00 -105.26 -23.12
 127.00 -67.77 -56.51
 128.00 -63.40 -40.16
 129.00 -68.58 -42.79
 130.00 -79.60 -35.54
 131.00 -62.20 -25.14
 132.00 -54.41 -47.40
 133.00 -55.84 -40.11
 134.00 -76.83 -31.22
 135.00 -76.30 -15.25
 136.00 -70.23 -43.93
 137.00  59.07  11.13
 138.00  65.91  46.71
 139.00 -66.95 -11.31
 140.00 -73.59 146.02
 141.00 -91.99 125.90
 142.00 -93.48  -9.29
 143.00 -51.65 169.21
 144.00 -68.20 139.47
 145.00 -72.23 -32.41
 146.00 -99.59  -3.95
 147.00 -57.38 -11.69
 148.00 -68.84 -45.71
 149.00 -74.15 -25.34
 150.00 -79.82 -45.92
 151.00 -60.11 -19.95
 152.00 -50.59 -48.33
 153.00 -60.78 -52.22
 154.00 -66.92 -48.63
 155.00 -64.73 -38.24
 156.00 -57.43 -47.79
 157.00 -69.48 -58.00
 158.00 -87.57 -17.54
 159.00 -48.49 -46.74
 160.00 -75.69 -55.33
 161.00 -61.18 -21.97
 162.00 -78.26 -55.71
 163.00 -66.92 -21.20
 164.00 -65.20 -29.73
 165.00 -63.28 -33.85
 166.00 -71.59 -33.10
 167.00 -68.66 -52.68
 168.00 -66.16 -30.48
 169.00 -63.61 -49.73
 170.00 -70.42 -36.49
 171.00 -73.22 -43.86
 172.00 -74.91 -35.54
 173.00 -83.07 -18.29
 174.00 -83.84 -33.32
 175.00 -70.33 -21.89
 176.00 -59.82 -47.26
 177.00 -88.01  -1.98
 178.00 -82.90 -17.87
 179.00 -64.77 142.88
 180.00 -116.94 -23.29
 181.00 -61.06  23.52
 182.00 -86.42 -18.48
 183.00 -53.54  -3.81
 184.00 -73.25 142.53
 185.00 -86.31 -14.29
 186.00 -157.25 137.11
 187.00 -86.60 143.42
 188.00 -98.65 142.04
 189.00 -46.92 -34.45
 190.00 -72.54 -53.83
 191.00 -71.74 -29.60
 192.00 -70.15 -47.23
 193.00 -66.29 -31.18
 194.00 -61.01 -39.61
 195.00 -60.06 -44.34
 196.00 -52.92 -53.77
 197.00 -54.84 -48.51
 198.00 -61.95 -42.53
 199.00 -59.08 -47.97
 200.00 -70.41 -35.98
 201.00 -75.24 -33.93
 202.00 -61.60 -40.35
 203.00 -56.28 -34.49
 204.00 -60.18 -56.59
 205.00 -77.47 -21.33
 206.00 -93.09 -41.73
 207.00 -69.81  -4.24
 208.00 -77.32 -27.83
 209.00 -46.77 -27.96
 210.00 -67.30 -56.94
 211.00 -54.84 -42.11
 212.00 -91.90 -48.15
 213.00 -83.23 -27.70
 214.00 -57.89 -40.56
 215.00 -81.64 -24.36
 216.00 -152.41 -24.97
 217.00 -71.78 108.87
 218.00 -68.10 -18.36
 219.00 -82.49 -21.93
 220.00 -142.21 -17.26
 221.00 -121.04   5.14
 222.00 -127.90 135.93
 223.00  57.48 109.41
 224.00  82.54  27.59
 225.00 -65.54 -11.78
 226.00 -73.46 131.48
 227.00 -146.54  88.29
 228.00 -49.68 122.68
 229.00 -120.75 120.43
 230.00 -65.89 -21.68
 231.00 -73.90 139.69
 232.00 -59.62 -28.66
 233.00 -79.96 -42.41
 234.00 -75.10 -36.10
 235.00 -85.06 -56.44
 236.00 -58.84 -64.02
 237.00 -66.97 -32.34
 238.00 -62.61 -42.23
 239.00 -54.95 -29.48
 240.00 -71.05 -58.72
 241.00 -74.88 -25.62
 242.00 -135.51 -32.68
 243.00 -74.37 -60.91
 244.00 -64.36 -36.84
 245.00 -53.83 -57.94
 246.00 -56.20 -45.77
 247.00 -62.00 -40.24
 248.00 -64.25 -45.17
 249.00 -61.68 -40.59
 250.00 -60.48 -42.85
 251.00 -60.69 -43.85
 252.00 -62.73 -49.56
 253.00 -60.70 -38.44
 254.00 -57.15 -60.14
 255.00 -64.39 -37.83
 256.00 -54.55 -54.39
 257.00 -69.90 -47.69
 258.00 -73.92 -35.20
 259.00 -80.04 -27.86
 260.00 -89.40 -18.79
 261.00 -58.99 -30.30
 262.00 -70.38 -31.67
 263.00 -59.24 -49.16
 264.00 -72.86 -44.75
 1001.00 -54.70 -39.00
 1002.00 -61.44 -31.77
 1003.00 -65.35 -53.41
 1004.00 -65.94 -29.12
 1005.00 -61.04 -34.00
 1006.00 -54.51 -47.68
 1007.00 -86.87 -45.90
 1008.00 -74.21  -9.43
 1009.00 -66.70 -33.38
 1010.00 -70.29 -45.65
 1011.00 -59.07 -39.44
 1012.00 -72.57 -36.37
 1013.00 -64.63 -37.38
 1014.00 -78.46 -27.71
 1015.00 -66.76 -26.84
 1016.00 -50.19 -57.67
 1017.00 -77.42 -43.41
 1018.00 -136.85  -2.43
 1019.00 -59.07   0.43
 1020.00 -95.24 151.84
 1021.00 -144.39 -14.51
 1022.00 -69.88 171.44
 1023.00 -60.45 -35.90
 1024.00 -72.55 -24.07
 1025.00 -60.42 -46.37
 1026.00 -57.59 -43.65
 1027.00 -65.43 -47.61
 1028.00 -67.29 -38.13
 1029.00 -67.63 -51.57
 1030.00 -60.58 -29.93
 1031.00 -74.67 -34.39
 1032.00 -60.36 -35.19
 1033.00 -69.54 -41.07
 1034.00 -66.29 -34.21
 1035.00 -70.11 -52.74
 1036.00 -68.37 -27.42
 1037.00 -60.79 -46.49
 1038.00 -64.99 -49.26
 1039.00 -89.62 -17.79
 1040.00 -60.59 -46.51
 1041.00  57.44 -31.85
 1042.00  90.28  44.20
 1043.00 -63.47   5.37
 1044.00  60.58 -11.29
 1066.00 -58.38 141.36
 1067.00 -41.28 -15.24
 1068.00 -70.33 -44.84
 1069.00 -73.11 -33.00
 1070.00 -58.55 -31.57
 1071.00 -58.49 -50.44
 1072.00 -54.65 -55.11
 1073.00 -85.97 -22.76
 1074.00 -63.81 -37.05
 1075.00 -70.39 -40.82
 1076.00 -65.59 -28.59
 1077.00 -64.85 -53.01
 1078.00 -81.95 -23.18
 1079.00 -75.08 -34.13
 1080.00 -77.62 -26.75
 1081.00  64.43  -8.09
 1082.00 -76.39  13.18
 1083.00 -50.54  58.03
 1084.00 -63.95 -54.06
 1085.00 -70.86 -26.92
 1086.00 -60.99 -28.21
 1087.00 -69.56 -44.69
 1088.00 -69.04 -28.73
 1089.00 -70.88 -37.26
 1090.00 -65.96 -39.04
 1091.00 -64.26 -31.70
 1092.00 -55.25 -45.06
 1093.00 -56.71 -45.58
 1094.00 -43.07 -50.20
 1095.00 -81.65 -42.81
 1096.00 -58.06 -44.82
 1097.00 -53.78 -46.55
 1098.00 -48.70 -27.03
 1099.00 -60.36 -52.16
 1100.00 -87.83 -28.22
 1101.00 -53.95 -34.24
 1102.00 -72.52 -41.49
 1103.00 -56.53 -38.39
 1104.00 -74.24 -43.47
 1105.00 -57.90 -47.69
 313.00 -65.28 -37.10
 314.00 -76.56 -35.38
 315.00 -50.95 -37.59
 316.00 -61.75 -51.90
 317.00 -77.80 -28.66
 318.00 -73.98 -30.68
 319.00 -68.20 -39.98
 320.00 -65.40 -33.33
 321.00 -53.65 -37.77
 322.00 -47.02 -66.66
 323.00 -65.54 -32.17
 324.00 -62.58 -55.19
 325.00 -55.14 -26.94
 326.00 -67.52 -45.76
 327.00 -71.72 -35.96
 328.00 -62.17 -31.17
 329.00 -55.34 -57.52
 330.00 -77.11 -43.82
 331.00 -54.12 -51.45
 332.00 -80.97 -31.30
 333.00 -66.34 -44.97
 334.00 -85.43 -23.17
 335.00 -118.68 -19.49
 336.00 -53.86 -28.61
 337.00 -56.83 -38.27
 338.00 -53.79 -41.37
 339.00 -66.08 -54.36
 340.00 -55.91 -41.21
 341.00 -63.65 -48.31
 342.00 -76.16 -39.05
 343.00 -56.74 -48.05
 344.00 -58.04 -47.63
 345.00 -67.41 -35.38
 346.00 -102.37  -9.23
 347.00 -88.35 -14.24
 348.00 -80.42 -47.84
 349.00 -159.78 161.34
 350.00 -121.63 -33.68
 351.00 -83.76 -13.48
 352.00 -154.33  -1.35
 353.00 -155.36 179.67
 354.00 -53.27 139.45
 355.00 -63.43 -41.70
 356.00 -56.80 -39.36
 357.00 -62.99 -48.09
 358.00 -63.06 -40.48
 359.00 -56.14 -41.89
 360.00 -72.88 -37.25
 361.00 -69.51 -38.40
 362.00 -52.78 -40.29
 363.00 -68.64 -42.21
 364.00 -62.49 -57.58
 365.00 -66.12 -36.19
 366.00 -73.28 -41.89
 367.00 -58.88 -27.31
 368.00 -66.87 -41.70
 369.00 -71.44 -43.35
 370.00 -83.29 -22.62
 371.00 -56.38 -33.33
 372.00 -71.20 -23.04
 373.00 -84.26 -12.15
 374.00 -94.43  -5.76
 375.00 -69.04 -39.01
 376.00 -57.46 -19.33
 377.00 -61.91 -39.73
 378.00 -63.58 -42.35
 379.00 -56.68 -49.71
 380.00 -61.80 -43.55
 381.00 -68.35 -26.37
 382.00 -131.25 -30.75
 383.00 -122.83 -11.87
 384.00 -61.38 106.70
 385.00 -74.26 -40.21
 386.00 -57.16 -37.14
 387.00 -72.82 -44.60
 388.00 -64.47 -43.59
 389.00 -63.95 -38.92
 390.00 -60.51 -47.90
 391.00 -84.24 -34.89
 392.00 -81.59 -10.41
 393.00 -62.40 -52.46
 394.00 -62.45 -33.54
 395.00 -69.40 -28.14
 396.00  48.07  -0.37
 397.00 -125.57  38.04
 398.00 -129.51 144.02


