 residuo Phi Psi
  69.00 -64.73 112.25
  70.00 -132.77 145.34
  71.00 -70.50 -30.87
  72.00 -68.09 -48.89
  73.00 -63.04 -30.71
  74.00 -79.05 -41.38
  75.00 -61.81 -40.47
  76.00 -62.39 -43.80
  77.00 -67.19 -39.23
  78.00 -57.54 -45.23
  79.00 -76.86 -35.10
  80.00 -82.07 -32.19
  81.00 -63.80 -20.85
  82.00 -71.00 -37.71
  83.00 -69.26 -32.61
  84.00 -53.11 -42.18
  85.00 -61.12 -48.46
  86.00 -68.98 -49.47
  87.00 -63.70 -28.45
  88.00 -71.40 -40.39
  89.00 -78.73 -52.61
  90.00 -74.20 -24.46
  91.00 -77.62 -41.11
  92.00 -53.56 -24.50
  93.00 -55.35 -39.80
  94.00 -57.02 -49.50
  95.00 -51.90 -50.03
  96.00 -66.74 -56.22
  97.00 -55.39 -41.60
  98.00 -77.98 -42.52
  99.00 -86.37 -12.68
 100.00 -92.65 -38.65
 101.00 -88.12 -43.42
 102.00 -74.51 127.15
 103.00 -54.04 -28.36
 104.00 -86.81 -36.54
 105.00 -70.29  -2.30
 106.00 -156.20  86.20
 107.00 -61.86 152.01
 108.00 -62.42 -37.09
 109.00 -64.61 -39.78
 110.00 -60.68 -37.94
 111.00 -66.19 -40.65
 112.00 -79.58 -39.99
 113.00 -71.88 -14.85
 114.00 -56.53 -48.38
 115.00 -59.97 -35.66
 116.00 -62.31 -41.57
 117.00 -66.93 -43.33
 118.00 -59.01 -36.91
 119.00 -87.00 -27.72
 120.00 -51.74 -34.36
 121.00 -77.88 -41.51
 122.00 -59.53 -42.60
 123.00 -70.70 -41.02
 124.00 -99.86  -9.14
 125.00 -98.25 -52.49
 126.00 -110.82 -22.88
 127.00 -62.41 -53.69
 128.00 -39.93 -45.93
 129.00 -61.72 -60.71
 130.00 -70.84 -33.01
 131.00 -62.23 -43.92
 132.00 -60.50 -37.92
 133.00 -56.86 -39.49
 134.00 -62.65 -27.21
 135.00 -61.76 -54.23
 136.00 -77.35 -32.52
 137.00  87.85   8.57
 138.00  58.49  28.03
 139.00 -157.17  69.58
 140.00 -79.61 168.82
 141.00 -84.11 119.98
 142.00 -140.71   9.41
 143.00 -50.27 174.74
 144.00 -53.09 118.10
 145.00 -70.03 -30.51
 146.00 -92.89  -2.20
 147.00 -65.32 -10.46
 148.00 -64.10 -45.85
 149.00 -71.62 -42.90
 150.00 -95.40 -14.56
 151.00 -57.27 -42.80
 152.00 -48.31 -40.62
 153.00 -67.81 -35.89
 154.00 -65.48 -42.45
 155.00 -70.85 -37.02
 156.00 -67.55 -41.49
 157.00 -52.69 -59.06
 158.00 -86.12 -40.79
 159.00 -53.12 -42.93
 160.00 -61.27 -47.58
 161.00 -71.01 -30.27
 162.00 -76.44 -31.03
 163.00 -61.16 -41.35
 164.00 -65.58 -27.25
 165.00 -69.47 -51.21
 166.00 -58.97 -34.91
 167.00 -66.21 -48.87
 168.00 -64.74 -43.42
 169.00 -59.69 -42.39
 170.00 -59.69 -40.53
 171.00 -61.86 -41.31
 172.00 -61.11 -55.45
 173.00 -58.11 -37.05
 174.00 -72.13 -43.74
 175.00 -65.61 -29.28
 176.00 -48.68 -54.72
 177.00 -81.52 -19.28
 178.00 -83.27  -7.89
 179.00 -44.51 123.59
 180.00 -108.77 -35.85
 181.00 -59.64  28.22
 182.00 -84.28  -6.93
 183.00 -64.64 -16.30
 184.00 -79.44 130.42
 185.00 -54.49 -10.09
 186.00 -162.18 149.91
 187.00 -82.60 130.33
 188.00 -63.56 123.82
 189.00 -63.47 -37.80
 190.00 -58.55 -54.94
 191.00 -67.36 -33.77
 192.00 -56.12 -62.98
 193.00 -57.35 -36.62
 194.00 -80.51 -36.45
 195.00 -79.13 -26.30
 196.00 -49.62 -41.36
 197.00 -70.70 -39.00
 198.00 -64.34 -38.33
 199.00 -55.59 -43.77
 200.00 -65.76 -39.14
 201.00 -53.97 -48.36
 202.00 -69.68 -53.36
 203.00 -71.43 -30.43
 204.00 -72.84 -34.57
 205.00 -99.17  -8.99
 206.00 -93.02 -27.38
 207.00 -46.77 -35.16
 208.00 -61.39 -31.80
 209.00 -67.52 -25.31
 210.00 -70.28 -52.36
 211.00 -101.12  -7.12
 212.00 -106.93 -31.64
 213.00 -139.55  -7.75
 214.00 -93.59  40.12
 215.00 -83.61 -45.74
 216.00 -111.07 -25.24
 217.00 -70.33  94.04
 218.00 -51.30 -18.73
 219.00 -78.31 -22.92
 220.00 -123.11 -28.20
 221.00 -128.39   9.70
 222.00 -148.73 154.46
 223.00  55.60 117.80
 224.00  82.69  38.22
 225.00 -95.81  -5.99
 226.00 -74.79 144.01
 227.00 -155.88  92.08
 228.00 -60.22 122.71
 229.00 -112.96 127.15
 230.00 -86.41 -11.42
 231.00 -61.03 120.96
 232.00 -63.49 -30.66
 233.00 -86.85 -31.00
 234.00 -74.72 -37.97
 235.00 -95.16 -43.96
 236.00 -62.53 -68.47
 237.00 -69.55 -34.52
 238.00 -71.24 -43.71
 239.00 -64.49 -19.44
 240.00 -73.16 -47.58
 241.00 -73.05 -36.72
 242.00 -138.92 -23.30
 243.00 -85.44 -55.67
 244.00 -56.35 -31.28
 245.00 -67.38 -57.26
 246.00 -52.02 -37.62
 247.00 -70.24 -43.14
 248.00 -68.65 -47.65
 249.00 -57.57 -42.11
 250.00 -67.72 -50.83
 251.00 -63.59 -46.04
 252.00 -75.64 -34.60
 253.00 -60.55 -38.84
 254.00 -52.95 -41.17
 255.00 -49.44 -67.73
 256.00 -67.86 -33.41
 257.00 -70.79 -51.38
 258.00 -83.79 -13.52
 259.00 -60.75 -46.68
 260.00 -78.04 -35.05
 261.00 -84.45 -14.64
 262.00 -59.31 -44.05
 263.00 -62.10 -37.27
 264.00 -62.92 -43.52
 1001.00 -69.78 -36.03
 1002.00 -79.09 -11.64
 1003.00 -68.00 -42.33
 1004.00 -74.36 -29.18
 1005.00 -68.94 -29.61
 1006.00 -65.56 -41.98
 1007.00 -61.78 -43.21
 1008.00 -58.61 -39.31
 1009.00 -51.98 -46.41
 1010.00 -53.79 -55.52
 1011.00 -70.10 -32.03
 1012.00 -62.58 -53.21
 1013.00 -68.94 -33.64
 1014.00 -89.64 -14.39
 1015.00 -78.12 -34.97
 1016.00 -61.89 -35.08
 1017.00 -73.01 -41.91
 1018.00 -103.73  -7.14
 1019.00 -63.48 -30.76
 1020.00 -111.92 151.22
 1021.00 -129.90  -4.27
 1022.00 -66.44 158.46
 1023.00 -70.97 -42.70
 1024.00 -69.62 -34.56
 1025.00 -58.79 -46.50
 1026.00 -66.23 -40.14
 1027.00 -72.01 -37.89
 1028.00 -71.18 -32.47
 1029.00 -63.51 -40.78
 1030.00 -64.32 -41.90
 1031.00 -71.73 -27.10
 1032.00 -68.49 -28.03
 1033.00 -60.53 -43.64
 1034.00 -61.18 -44.17
 1035.00 -58.10 -47.16
 1036.00 -68.72 -33.37
 1037.00 -60.80 -45.23
 1038.00 -65.36 -48.11
 1039.00 -71.24 -42.65
 1040.00 -93.51 -23.04
 1041.00  43.34 -19.92
 1042.00  82.01  44.36
 1043.00 -81.38   0.64
 1044.00  87.67  -5.20
 1066.00 -86.92 148.53
 1067.00 -68.22  23.48
 1068.00 -57.21 -46.54
 1069.00 -63.35 -33.66
 1070.00 -89.62 -27.63
 1071.00 -78.24 -24.17
 1072.00 -70.05 -32.88
 1073.00 -73.30 -26.50
 1074.00 -68.39 -35.66
 1075.00 -58.68 -41.17
 1076.00 -68.36 -35.42
 1077.00 -65.89 -35.66
 1078.00 -86.82 -35.24
 1079.00 -81.00 -12.61
 1080.00 -69.33 -49.54
 1081.00  94.48   2.25
 1082.00 -72.40 -10.96
 1083.00 -55.45  65.40
 1084.00 -66.63 -42.73
 1085.00 -79.87 -29.31
 1086.00 -59.84 -44.06
 1087.00 -65.28 -39.46
 1088.00 -77.48 -30.66
 1089.00 -72.32 -28.75
 1090.00 -70.48 -33.27
 1091.00 -54.42 -43.28
 1092.00 -81.53 -34.14
 1093.00 -61.59 -31.30
 1094.00 -54.08 -44.03
 1095.00 -94.71 -32.41
 1096.00 -88.19  -9.31
 1097.00 -58.86 -37.95
 1098.00 -64.84 -25.55
 1099.00 -76.30 -41.61
 1100.00 -63.33 -33.98
 1101.00 -68.77 -51.06
 1102.00 -58.73 -31.14
 1103.00 -54.72 -55.77
 1104.00 -66.12 -50.59
 1105.00 -65.13 -38.31
 313.00 -66.22 -36.97
 314.00 -60.03 -53.42
 315.00 -69.80 -32.01
 316.00 -68.26 -44.83
 317.00 -70.26 -20.55
 318.00 -64.58 -38.68
 319.00 -68.87 -50.33
 320.00 -53.19 -42.55
 321.00 -75.13 -35.33
 322.00 -59.86 -37.27
 323.00 -69.59 -33.97
 324.00 -68.99 -41.30
 325.00 -50.67 -31.84
 326.00 -82.82 -26.00
 327.00 -69.60 -31.16
 328.00 -66.09 -32.92
 329.00 -49.14 -57.14
 330.00 -45.76 -57.86
 331.00 -73.84 -45.02
 332.00 -67.18 -33.67
 333.00 -65.87 -57.85
 334.00 -78.69 -34.44
 335.00 -110.66 -17.51
 336.00 -52.88 -26.75
 337.00 -58.83 -47.01
 338.00 -54.66 -42.22
 339.00 -69.31 -48.82
 340.00 -56.39 -40.78
 341.00 -78.50 -31.18
 342.00 -68.60 -50.88
 343.00 -77.37 -25.81
 344.00 -69.84 -35.74
 345.00 -69.77 -33.28
 346.00 -66.47 -30.28
 347.00 -107.84 -26.98
 348.00 -76.61 -42.04
 349.00 -136.57 126.66
 350.00 -106.72 -23.36
 351.00 -78.13 -43.09
 352.00 -151.70  14.09
 353.00 -105.25 153.61
 354.00 -39.28 104.96
 355.00 -79.78 -30.45
 356.00 -95.78 -14.47
 357.00 -65.34 -49.46
 358.00 -69.27 -33.13
 359.00 -79.33 -32.31
 360.00 -48.67 -45.18
 361.00 -52.14 -51.04
 362.00 -72.99 -40.51
 363.00 -72.20 -35.38
 364.00 -72.17 -52.86
 365.00 -54.09 -33.34
 366.00 -68.36 -49.51
 367.00 -56.38 -31.14
 368.00 -43.06 -42.55
 369.00 -65.64 -70.53
 370.00 -55.24 -26.82
 371.00 -66.99 -22.19
 372.00 -58.07 -34.23
 373.00 -71.50 -42.47
 374.00 -102.31 -21.91
 375.00 -57.60 -24.30
 376.00 -54.99 -30.18
 377.00 -78.30 -26.79
 378.00 -70.12 -19.33
 379.00 -70.39 -39.33
 380.00 -52.06 -40.57
 381.00 -70.90 -43.84
 382.00 -108.70 -51.33
 383.00 -137.15  -6.39
 384.00 -65.13 120.40
 385.00 -71.51 -41.82
 386.00 -60.32 -36.99
 387.00 -58.16 -50.90
 388.00 -58.81 -37.79
 389.00 -84.64 -26.51
 390.00 -55.03 -54.36
 391.00 -57.94 -47.52
 392.00 -89.28 -14.87
 393.00 -61.36 -48.90
 394.00 -79.22 -32.56
 395.00 -121.92   4.00
 396.00  60.60  15.55
 397.00 -103.26  15.19
 398.00 -141.31 166.24


