 residuo Phi Psi
  69.00 -75.93 132.46
  70.00 -50.77 -24.83
  71.00 -70.69 -54.97
  72.00 -88.42  -6.26
  73.00 -79.93 -36.80
  74.00 -54.41  -4.86
  75.00 -76.43 -39.32
  76.00 -64.49 -28.60
  77.00 -77.98 -34.19
  78.00 -62.58 -31.89
  79.00 -59.84 -45.40
  80.00 -81.26 -29.07
  81.00 -65.85 -27.86
  82.00 -61.69 -43.63
  83.00 -67.05 -30.14
  84.00 -71.23 -33.46
  85.00 -57.52 -42.82
  86.00 -73.24 -54.45
  87.00 -73.76  -7.62
  88.00 -66.61 -57.92
  89.00 -62.74 -62.19
  90.00 -59.57 -40.07
  91.00 -71.42 -42.07
  92.00 -70.18 -25.71
  93.00 -61.15 -36.58
  94.00 -63.82 -35.83
  95.00 -53.86 -55.56
  96.00 -48.67 -43.24
  97.00 -61.47 -52.63
  98.00 -52.80 -52.27
  99.00 -73.15 -43.13
 100.00 -104.02 -37.94
 101.00 -87.37 -34.75
 102.00 -58.85 105.80
 103.00 -85.11 -14.35
 104.00 -120.27  -0.94
 105.00 -69.53  -5.40
 106.00 -136.72  62.01
 107.00 -72.02 157.31
 108.00 -66.39 -13.50
 109.00 -60.10 -49.23
 110.00 -74.59 -20.85
 111.00 -60.37 -30.28
 112.00 -64.69 -40.88
 113.00 -69.69 -36.90
 114.00 -74.78 -23.42
 115.00 -54.49 -42.98
 116.00 -71.61 -45.47
 117.00 -72.44 -29.81
 118.00 -57.57 -35.69
 119.00 -81.05 -31.91
 120.00 -54.62 -38.46
 121.00 -69.35 -42.11
 122.00 -71.08 -26.40
 123.00 -70.56 -44.24
 124.00 -85.40 -20.31
 125.00 -115.60 -45.75
 126.00 -102.52 -38.05
 127.00 -64.31 -55.35
 128.00 -60.43 -36.43
 129.00 -68.98 -34.75
 130.00 -64.63 -40.78
 131.00 -65.38 -31.42
 132.00 -63.97 -44.12
 133.00 -64.55 -32.13
 134.00 -49.58 -54.51
 135.00 -67.05 -39.14
 136.00 -88.37 -59.19
 137.00  66.02  50.29
 138.00  58.75  26.65
 139.00 -66.11 -26.32
 140.00 -67.27 155.39
 141.00 -85.44 113.98
 142.00 -137.27  27.46
 143.00 -48.70 159.93
 144.00 -50.19 144.83
 145.00 -58.82 -53.64
 146.00 -94.92  -8.69
 147.00 -72.10 -15.94
 148.00 -59.47 -49.86
 149.00 -79.37 -25.88
 150.00 -67.02 -44.49
 151.00 -65.55 -36.92
 152.00 -65.42 -36.51
 153.00 -75.00 -35.00
 154.00 -54.61 -44.74
 155.00 -68.45 -39.92
 156.00 -63.30 -57.85
 157.00 -70.52 -40.23
 158.00 -66.52 -45.96
 159.00 -67.48 -37.69
 160.00 -64.44 -36.94
 161.00 -60.17 -37.40
 162.00 -64.39 -50.24
 163.00 -62.95 -45.05
 164.00 -68.73 -35.16
 165.00 -75.84 -36.82
 166.00 -63.38 -30.59
 167.00 -69.78 -51.44
 168.00 -70.62 -35.65
 169.00 -54.99 -37.79
 170.00 -67.63 -56.21
 171.00 -62.18 -34.58
 172.00 -59.22 -52.87
 173.00 -67.46 -37.98
 174.00 -64.73 -40.56
 175.00 -55.86 -38.35
 176.00 -72.66 -55.02
 177.00 -84.34  -8.28
 178.00 -75.79 -16.21
 179.00 -55.67 122.78
 180.00 -123.30 -10.46
 181.00 -60.43  20.90
 182.00 -97.92  -9.66
 183.00 -55.57  16.66
 184.00 -75.03 151.70
 185.00 -101.63 -17.84
 186.00 -156.85 151.88
 187.00 -86.49 151.80
 188.00 -54.39 111.04
 189.00 -65.45 -55.22
 190.00 -60.01 -41.95
 191.00 -76.93 -34.62
 192.00 -53.81 -49.74
 193.00 -72.88 -48.20
 194.00 -62.27 -28.87
 195.00 -59.49 -44.92
 196.00 -65.12 -52.72
 197.00 -68.30 -27.07
 198.00 -56.85 -50.77
 199.00 -56.68 -42.45
 200.00 -67.09 -50.76
 201.00 -71.41 -29.34
 202.00 -54.79 -53.08
 203.00 -72.06 -34.19
 204.00 -63.82 -31.37
 205.00 -83.99 -40.57
 206.00 -82.64 -28.49
 207.00 -37.44 -18.26
 208.00 -68.64 -38.41
 209.00 -62.74 -23.09
 210.00 -62.58 -63.84
 211.00 -81.68 -28.77
 212.00 -130.04 -33.04
 213.00 -77.43 -44.07
 214.00 -58.96 -24.43
 215.00 -68.84 -36.28
 216.00 -152.42   6.67
 217.00 -65.06 133.10
 218.00 -86.61 -26.61
 219.00 -89.57  -3.35
 220.00 -83.76 -29.85
 221.00 -134.34 -18.43
 222.00 -146.32 145.65
 223.00  58.90 115.61
 224.00  57.44  45.16
 225.00 -68.40 -11.47
 226.00 -72.86 151.12
 227.00 -157.18  91.20
 228.00 -81.52  99.39
 229.00 -82.37  73.00
 230.00 -49.91  -2.83
 231.00 -61.57 131.55
 232.00 -54.35 -18.56
 233.00 -110.41 -26.57
 234.00 -63.58 -39.29
 235.00 -117.70 -42.27
 236.00 -56.70 -62.37
 237.00 -53.22 -63.94
 238.00 -71.14 -47.92
 239.00 -53.29 -17.91
 240.00 -78.42 -42.88
 241.00 -74.42 -44.02
 242.00 -154.68  -3.70
 243.00 -68.11 -67.91
 244.00 -65.73 -28.31
 245.00 -75.54 -58.43
 246.00 -51.49 -23.86
 247.00 -56.64 -63.90
 248.00 -72.92 -32.56
 249.00 -59.28 -49.87
 250.00 -68.99 -35.93
 251.00 -72.60 -43.56
 252.00 -56.06 -36.96
 253.00 -59.60 -44.93
 254.00 -55.50 -64.35
 255.00 -77.49 -34.01
 256.00 -56.78 -35.74
 257.00 -64.17 -53.07
 258.00 -55.91 -38.36
 259.00 -68.58 -44.71
 260.00 -67.57 -40.16
 261.00 -70.24 -30.60
 262.00 -82.24 -25.87
 263.00 -58.96 -34.92
 264.00 -64.08 -42.44
 1001.00 -60.03 -44.91
 1002.00 -67.12 -29.25
 1003.00 -70.20 -37.41
 1004.00 -73.33 -33.82
 1005.00 -77.83 -34.79
 1006.00 -56.68 -35.53
 1007.00 -55.90 -42.39
 1008.00 -61.21 -54.90
 1009.00 -65.68 -39.10
 1010.00 -78.95 -35.43
 1011.00 -65.06 -31.64
 1012.00 -74.89 -40.62
 1013.00 -51.36 -37.75
 1014.00 -61.66 -50.50
 1015.00 -84.54 -10.03
 1016.00 -65.84 -50.78
 1017.00 -46.33 -41.93
 1018.00 -136.49 -25.84
 1019.00 -48.96  23.86
 1020.00 -75.50 146.21
 1021.00 -135.40 -40.24
 1022.00 -55.53 157.95
 1023.00 -64.10 -31.20
 1024.00 -73.00 -32.48
 1025.00 -68.26 -30.53
 1026.00 -53.08 -43.85
 1027.00 -75.37 -51.59
 1028.00 -57.04 -40.38
 1029.00 -59.35 -44.67
 1030.00 -60.29 -42.40
 1031.00 -70.84 -37.15
 1032.00 -58.36 -38.48
 1033.00 -68.54 -38.27
 1034.00 -67.84 -30.09
 1035.00 -70.84 -45.22
 1036.00 -68.30 -25.18
 1037.00 -70.66 -36.09
 1038.00 -70.67 -36.19
 1039.00 -78.98 -32.31
 1040.00 -81.87 -26.88
 1041.00  54.34 -38.99
 1042.00 119.53  37.15
 1043.00 -70.30  -9.94
 1044.00  90.89 -32.78
 1066.00 -97.36 161.22
 1067.00 -63.19  13.68
 1068.00 -67.27 -34.21
 1069.00 -70.45 -38.44
 1070.00 -67.26 -21.30
 1071.00 -74.68 -35.71
 1072.00 -70.64 -36.82
 1073.00 -64.34 -34.58
 1074.00 -84.08 -30.89
 1075.00 -66.86 -27.83
 1076.00 -61.11 -31.96
 1077.00 -62.96 -49.84
 1078.00 -69.07 -26.76
 1079.00 -71.10 -33.33
 1080.00 -80.72 -30.48
 1081.00  77.29  10.81
 1082.00 -84.85   4.76
 1083.00 -76.38  80.13
 1084.00 -58.25 -42.00
 1085.00 -92.58 -16.44
 1086.00 -59.47 -39.16
 1087.00 -58.77 -40.89
 1088.00 -75.08 -25.83
 1089.00 -57.00 -43.09
 1090.00 -53.02 -44.03
 1091.00 -74.06 -45.38
 1092.00 -62.04 -27.56
 1093.00 -69.98 -44.13
 1094.00 -39.97 -36.53
 1095.00 -78.78 -46.49
 1096.00 -61.80 -62.00
 1097.00 -42.34 -35.90
 1098.00 -56.58 -43.39
 1099.00 -79.01 -32.14
 1100.00 -66.85 -33.00
 1101.00 -55.00 -40.21
 1102.00 -70.02 -40.97
 1103.00 -46.66 -52.40
 1104.00 -69.17 -45.08
 1105.00 -56.95 -41.28
 313.00 -63.92 -46.53
 314.00 -63.96 -44.39
 315.00 -58.24 -38.45
 316.00 -65.25 -47.04
 317.00 -72.27 -34.51
 318.00 -61.08 -45.16
 319.00 -70.36 -44.73
 320.00 -61.81 -36.33
 321.00 -56.54 -42.32
 322.00 -87.85 -35.82
 323.00 -64.93 -33.74
 324.00 -61.20 -36.40
 325.00 -54.70 -41.26
 326.00 -78.70 -13.20
 327.00 -78.23 -35.83
 328.00 -65.39 -36.72
 329.00 -70.86 -49.60
 330.00 -82.61 -37.66
 331.00 -57.33 -30.61
 332.00 -69.64 -45.89
 333.00 -75.18 -41.54
 334.00 -73.93 -22.43
 335.00 -93.74 -32.17
 336.00 -63.64  -4.44
 337.00 -52.62 -50.10
 338.00 -72.90 -35.35
 339.00 -68.80 -49.41
 340.00 -50.95 -42.99
 341.00 -87.33 -46.85
 342.00 -87.93 -18.42
 343.00 -71.64 -24.52
 344.00 -61.95 -39.99
 345.00 -68.05 -31.00
 346.00 -80.48 -22.76
 347.00 -80.06 -30.66
 348.00 -73.83 -62.86
 349.00 -148.75 146.59
 350.00 -84.29 -61.95
 351.00 -152.60  16.40
 352.00 -88.63 -19.35
 353.00 -93.43 148.66
 354.00 -83.53 124.32
 355.00 -71.27 -31.87
 356.00 -69.45 -29.91
 357.00 -55.72 -40.69
 358.00 -58.62 -38.68
 359.00 -52.88 -52.70
 360.00 -66.57 -43.73
 361.00 -65.80 -43.23
 362.00 -60.87 -41.11
 363.00 -94.33 -19.40
 364.00 -58.21 -48.01
 365.00 -70.72 -33.15
 366.00 -79.93 -32.29
 367.00 -63.35 -14.64
 368.00 -52.70 -43.04
 369.00 -65.85 -60.20
 370.00 -55.15 -28.74
 371.00 -63.78 -32.74
 372.00 -71.69 -23.23
 373.00 -97.36 -14.29
 374.00 -90.19  -1.46
 375.00 -55.80 -36.58
 376.00 -53.49 -43.94
 377.00 -68.53 -39.72
 378.00 -67.37 -37.98
 379.00 -70.73 -39.28
 380.00 -68.77 -27.40
 381.00 -70.13 -45.79
 382.00 -91.01 -53.47
 383.00 -98.51 -40.07
 384.00 -81.62 124.41
 385.00 -77.29 -19.45
 386.00 -75.15 -36.99
 387.00 -54.24 -41.49
 388.00 -70.09 -55.45
 389.00 -62.56 -31.31
 390.00 -55.74 -57.51
 391.00 -57.86 -41.97
 392.00 -77.97 -23.82
 393.00 -60.39 -58.30
 394.00 -73.54 -37.95
 395.00 -94.34 -10.25
 396.00  55.43   9.75
 397.00 -128.04  46.69
 398.00 -137.88 141.47


