 residuo Phi Psi
  69.00 -71.68 154.55
  70.00 -84.36  69.03
  71.00 -78.93 -39.66
  72.00 -53.53 -38.99
  73.00 -71.52 -46.56
  74.00 -70.63 -18.89
  75.00 -71.87 -38.66
  76.00 -62.40 -44.20
  77.00 -74.96 -24.67
  78.00 -52.85 -46.64
  79.00 -72.27 -38.34
  80.00 -74.15 -33.37
  81.00 -62.11 -33.29
  82.00 -68.82 -26.90
  83.00 -60.37 -41.97
  84.00 -47.36 -37.28
  85.00 -66.39 -59.74
  86.00 -68.24 -39.84
  87.00 -56.36 -38.14
  88.00 -88.42 -32.56
  89.00 -51.58 -48.62
  90.00 -65.33 -54.88
  91.00 -81.63 -21.88
  92.00 -59.34 -30.99
  93.00 -60.11 -38.25
  94.00 -60.00 -41.87
  95.00 -70.61 -44.94
  96.00 -61.65 -38.82
  97.00 -66.39 -43.17
  98.00 -63.83 -50.62
  99.00 -80.56 -21.08
 100.00 -115.84 -28.22
 101.00 -74.91 -39.58
 102.00 -52.32 119.54
 103.00 -80.65 -36.49
 104.00 -113.80   8.31
 105.00 -66.87 -12.08
 106.00 -137.16  72.66
 107.00 -47.00 163.62
 108.00 -56.63 -49.66
 109.00 -61.66 -52.54
 110.00 -66.71 -27.99
 111.00 -68.59 -34.22
 112.00 -66.68 -38.31
 113.00 -59.65 -42.08
 114.00 -61.34 -37.41
 115.00 -81.30 -25.13
 116.00 -75.56 -35.84
 117.00 -71.77 -23.57
 118.00 -65.66 -40.82
 119.00 -73.42 -33.68
 120.00 -63.40 -36.58
 121.00 -62.97 -47.21
 122.00 -58.66 -45.81
 123.00 -55.60 -51.44
 124.00 -61.91 -46.88
 125.00 -119.15 -38.23
 126.00 -94.42 -39.52
 127.00 -59.48 -57.44
 128.00 -62.39 -42.85
 129.00 -85.63 -28.42
 130.00 -67.23 -25.77
 131.00 -57.76 -45.53
 132.00 -74.85 -43.46
 133.00 -60.86 -27.39
 134.00 -64.43 -43.22
 135.00 -60.41 -43.14
 136.00 -73.22 -42.37
 137.00  83.76   8.43
 138.00  68.16  37.70
 139.00 -139.87  38.37
 140.00 -57.01 145.63
 141.00 -78.95 119.09
 142.00 -115.06 -14.04
 143.00 -63.73 -179.55
 144.00 -44.69 143.98
 145.00 -52.43 -51.09
 146.00 -99.92 -21.75
 147.00 -61.03  -1.39
 148.00 -62.87 -63.06
 149.00 -59.29 -39.57
 150.00 -98.41 -11.61
 151.00 -46.53 -45.62
 152.00 -53.99 -43.88
 153.00 -64.19 -47.01
 154.00 -60.95 -42.10
 155.00 -61.37 -52.04
 156.00 -66.85 -35.10
 157.00 -83.83 -36.42
 158.00 -61.81 -37.05
 159.00 -70.78 -49.15
 160.00 -75.97 -29.02
 161.00 -54.76 -48.91
 162.00 -64.45 -48.01
 163.00 -73.96 -37.85
 164.00 -57.21 -29.98
 165.00 -57.79 -56.83
 166.00 -53.38 -45.74
 167.00 -59.93 -47.48
 168.00 -71.44 -47.21
 169.00 -63.43 -31.13
 170.00 -59.50 -45.39
 171.00 -75.38 -35.93
 172.00 -58.82 -32.04
 173.00 -64.77 -42.68
 174.00 -57.35 -40.54
 175.00 -66.43 -38.08
 176.00 -59.14 -52.85
 177.00 -63.51 -17.94
 178.00 -74.60 -26.86
 179.00 -70.65 137.09
 180.00 -139.01   6.01
 181.00 -62.98  23.59
 182.00 -81.26 -15.65
 183.00 -74.01  -8.86
 184.00 -82.48 130.63
 185.00 -46.17 -11.28
 186.00 -152.93 134.37
 187.00 -78.82 135.42
 188.00 -81.48 137.91
 189.00 -79.77 -36.77
 190.00 -69.43 -37.58
 191.00 -74.80 -35.18
 192.00 -64.14 -49.62
 193.00 -72.01 -22.97
 194.00 -69.59 -33.68
 195.00 -58.29 -42.33
 196.00 -48.93 -55.68
 197.00 -49.85 -57.48
 198.00 -60.29 -52.73
 199.00 -70.44 -31.27
 200.00 -72.93 -37.34
 201.00 -54.10 -44.79
 202.00 -65.72 -42.71
 203.00 -62.31 -40.99
 204.00 -73.16 -39.63
 205.00 -91.04  -9.97
 206.00 -101.83 -31.98
 207.00 -67.12 -20.31
 208.00 -62.43 -17.89
 209.00 -38.03 -44.96
 210.00 -47.12 -61.38
 211.00 -63.14 -56.64
 212.00 -85.00 -26.99
 213.00 -82.36 -23.91
 214.00 -80.84 -31.27
 215.00 -90.31  -9.58
 216.00 -156.75 -43.93
 217.00 -51.48 125.03
 218.00 -66.75 -38.37
 219.00 -75.00  -3.74
 220.00 -123.31 -33.47
 221.00 -108.24  -7.16
 222.00 -153.89 147.76
 223.00  37.85 123.47
 224.00  75.85  44.60
 225.00 -80.78 -14.74
 226.00 -84.39 148.23
 227.00 -148.12 114.11
 228.00 -70.73 164.38
 229.00 -79.93  85.32
 230.00 -76.75 -16.63
 231.00 -70.03 140.34
 232.00 -58.40 -32.66
 233.00 -61.70 -45.42
 234.00 -98.48 -26.32
 235.00 -76.91 -36.43
 236.00 -144.08 -18.46
 237.00 -63.62 -45.97
 238.00 -57.87 -31.55
 239.00 -62.46 -26.57
 240.00 -69.11 -40.26
 241.00 -80.40 -28.58
 242.00 -142.17 -23.91
 243.00 -83.51 -53.95
 244.00 -70.45 -34.68
 245.00 -66.58 -59.91
 246.00 -58.75 -25.51
 247.00 -68.23 -54.13
 248.00 -61.29 -25.48
 249.00 -52.45 -60.36
 250.00 -57.71 -57.73
 251.00 -77.94 -38.88
 252.00 -55.67 -40.46
 253.00 -68.05 -44.82
 254.00 -52.93 -35.31
 255.00 -63.88 -53.00
 256.00 -69.36 -29.31
 257.00 -66.15 -55.42
 258.00 -65.93 -37.59
 259.00 -79.06 -31.24
 260.00 -67.33 -39.78
 261.00 -61.51 -34.49
 262.00 -71.80 -38.28
 263.00 -75.13 -32.36
 264.00 -58.60 -38.91
 1001.00 -68.97 -34.34
 1002.00 -59.19 -31.26
 1003.00 -82.03 -35.30
 1004.00 -72.03 -30.39
 1005.00 -82.36 -26.80
 1006.00 -49.77 -39.29
 1007.00 -64.83 -54.88
 1008.00 -63.26 -30.46
 1009.00 -65.64 -35.02
 1010.00 -46.82 -50.18
 1011.00 -66.83 -53.17
 1012.00 -69.15 -43.22
 1013.00 -70.36 -27.93
 1014.00 -88.60 -21.60
 1015.00 -68.74 -19.01
 1016.00 -52.71 -58.51
 1017.00 -56.41 -52.01
 1018.00 -86.87 -37.48
 1019.00 -82.03  10.80
 1020.00 -115.71 140.58
 1021.00 -152.77   1.69
 1022.00 -64.03 126.80
 1023.00 -52.11 -31.21
 1024.00 -86.62 -28.05
 1025.00 -68.60 -22.35
 1026.00 -51.27 -54.51
 1027.00 -71.78 -36.07
 1028.00 -71.87 -40.95
 1029.00 -61.42 -50.69
 1030.00 -62.38 -31.39
 1031.00 -70.77 -37.09
 1032.00 -62.87 -34.75
 1033.00 -61.52 -39.90
 1034.00 -55.00 -47.12
 1035.00 -68.53 -48.38
 1036.00 -71.18 -31.07
 1037.00 -73.71 -34.50
 1038.00 -59.38 -45.93
 1039.00 -64.45 -37.83
 1040.00 -66.67 -47.69
 1041.00  47.18 -35.25
 1042.00  93.16  43.03
 1043.00 -67.25  24.66
 1044.00  58.01 -26.24
 1066.00 -69.12 153.23
 1067.00 -57.21 -12.52
 1068.00 -70.93 -28.87
 1069.00 -77.03 -31.73
 1070.00 -52.98 -33.97
 1071.00 -63.38 -49.18
 1072.00 -71.52 -35.49
 1073.00 -53.49 -46.50
 1074.00 -70.04 -30.48
 1075.00 -53.77 -41.42
 1076.00 -63.17 -37.36
 1077.00 -80.29 -34.05
 1078.00 -58.79 -36.37
 1079.00 -77.94 -27.58
 1080.00 -64.77 -33.72
 1081.00  84.25  -4.52
 1082.00 -82.15  -1.78
 1083.00 -55.28  76.83
 1084.00 -69.22 -36.45
 1085.00 -64.73 -41.02
 1086.00 -64.37 -40.47
 1087.00 -68.04 -40.06
 1088.00 -72.62 -40.08
 1089.00 -64.98 -29.90
 1090.00 -55.55 -49.33
 1091.00 -68.40 -33.69
 1092.00 -66.18 -32.77
 1093.00 -71.33 -28.28
 1094.00 -51.61 -38.61
 1095.00 -67.15 -47.90
 1096.00 -73.14 -43.37
 1097.00 -43.89 -34.38
 1098.00 -54.87 -54.34
 1099.00 -74.27 -30.07
 1100.00 -60.70 -48.33
 1101.00 -50.36 -51.17
 1102.00 -78.55 -27.00
 1103.00 -74.70 -33.93
 1104.00 -58.08 -38.53
 1105.00 -62.69 -41.75
 313.00 -59.65 -34.68
 314.00 -69.11 -48.01
 315.00 -68.78 -35.24
 316.00 -60.77 -43.43
 317.00 -76.15 -30.27
 318.00 -44.28 -49.62
 319.00 -76.91 -43.49
 320.00 -59.93 -38.27
 321.00 -66.53 -41.88
 322.00 -66.53 -39.84
 323.00 -65.50 -37.37
 324.00 -60.83 -45.33
 325.00 -65.42 -35.18
 326.00 -56.99 -30.78
 327.00 -59.11 -60.42
 328.00 -74.91 -25.70
 329.00 -80.10 -39.91
 330.00 -65.87 -41.69
 331.00 -75.82 -20.03
 332.00 -60.86 -55.85
 333.00 -68.28 -49.31
 334.00 -93.06 -17.53
 335.00 -77.91 -44.03
 336.00 -58.70 -36.71
 337.00 -49.91 -49.09
 338.00 -51.84 -42.06
 339.00 -57.44 -60.30
 340.00 -54.45 -41.76
 341.00 -62.12 -49.89
 342.00 -56.13 -36.14
 343.00 -57.07 -59.54
 344.00 -62.71 -36.72
 345.00 -56.06 -47.71
 346.00 -58.68 -31.22
 347.00 -72.56 -56.78
 348.00 -89.36 -47.91
 349.00 -144.46 159.41
 350.00 -85.46 -43.14
 351.00 -60.10 -52.38
 352.00 -112.31 -30.65
 353.00 -115.22 155.35
 354.00 -74.62 136.19
 355.00 -84.19 -16.93
 356.00 -59.55 -35.92
 357.00 -55.32 -61.12
 358.00 -57.80 -43.20
 359.00 -52.91 -50.64
 360.00 -66.95 -43.94
 361.00 -64.92 -48.99
 362.00 -57.53 -37.69
 363.00 -92.15 -37.07
 364.00 -65.37 -36.70
 365.00 -70.64 -25.40
 366.00 -64.97 -52.88
 367.00 -72.54 -21.97
 368.00 -50.24 -40.14
 369.00 -69.51 -44.72
 370.00 -65.63 -11.37
 371.00 -57.91 -25.13
 372.00 -62.09 -42.92
 373.00 -93.50 -14.97
 374.00 -108.45 -13.65
 375.00 -59.76 -25.23
 376.00 -72.96 -35.34
 377.00 -85.03 -18.46
 378.00 -66.14 -28.54
 379.00 -71.35 -41.94
 380.00 -74.38 -25.17
 381.00 -71.04 -38.96
 382.00 -123.79 -23.67
 383.00 -144.25  -3.99
 384.00 -69.79 112.49
 385.00 -66.66 -34.54
 386.00 -47.71 -51.89
 387.00 -44.29 -63.47
 388.00 -76.52 -47.20
 389.00 -76.18 -26.49
 390.00 -58.51 -41.00
 391.00 -54.31 -46.88
 392.00 -64.15 -47.26
 393.00 -54.82 -54.36
 394.00 -72.14 -40.22
 395.00 -91.56 -12.94
 396.00  62.31   3.12
 397.00 -83.49  34.12
 398.00 -127.56 109.98


