 residuo Phi Psi
  69.00 -71.50 142.38
  70.00 -148.22 137.11
  71.00 -46.56 -26.75
  72.00 -61.94 -43.41
  73.00 -70.49 -42.31
  74.00 -68.75 -33.96
  75.00 -69.85 -45.22
  76.00 -59.12 -42.35
  77.00 -51.38 -47.84
  78.00 -63.03 -36.65
  79.00 -64.02 -43.06
  80.00 -84.85 -25.12
  81.00 -56.56 -31.10
  82.00 -65.48 -46.49
  83.00 -60.34 -36.64
  84.00 -60.90 -41.42
  85.00 -59.82 -55.11
  86.00 -77.23 -41.11
  87.00 -67.78 -25.12
  88.00 -67.47 -45.05
  89.00 -56.33 -47.05
  90.00 -61.00 -47.26
  91.00 -79.29 -32.21
  92.00 -62.94 -30.53
  93.00 -53.66 -34.59
  94.00 -71.79 -40.73
  95.00 -63.93 -40.24
  96.00 -60.59 -41.20
  97.00 -48.65 -54.29
  98.00 -75.59 -57.79
  99.00 -105.73  -5.18
 100.00 -140.56   8.40
 101.00 -111.00 -19.61
 102.00 -51.49 125.18
 103.00 -65.37 -52.85
 104.00 -114.76  -5.35
 105.00 -78.05  -2.74
 106.00 -141.89  74.75
 107.00 -53.71 151.33
 108.00 -54.37 -40.97
 109.00 -56.37 -51.12
 110.00 -73.42 -40.21
 111.00 -74.90 -21.15
 112.00 -59.23 -38.69
 113.00 -65.36 -48.49
 114.00 -71.84 -22.24
 115.00 -63.52 -25.56
 116.00 -58.10 -45.03
 117.00 -69.83 -42.77
 118.00 -57.79 -34.65
 119.00 -73.02 -41.63
 120.00 -59.50 -32.85
 121.00 -77.57 -41.43
 122.00 -52.90 -35.41
 123.00 -49.01 -52.37
 124.00 -74.66 -53.65
 125.00 -126.48 -23.32
 126.00 -107.99 -30.99
 127.00 -50.50 -56.51
 128.00 -79.36 -36.43
 129.00 -72.11 -27.57
 130.00 -61.44 -37.82
 131.00 -52.25 -53.23
 132.00 -59.81 -50.47
 133.00 -55.41 -35.27
 134.00 -58.91 -41.78
 135.00 -64.69 -48.92
 136.00 -90.34 -28.19
 137.00  69.54  27.02
 138.00  65.85  32.77
 139.00 -118.38  24.60
 140.00 -71.74 165.43
 141.00 -84.06 124.81
 142.00 -86.35 -28.34
 143.00 -71.55 174.12
 144.00 -52.86 157.01
 145.00 -66.37 -54.75
 146.00 -90.80   3.89
 147.00 -86.16  -8.24
 148.00 -58.75 -47.49
 149.00 -51.47 -52.09
 150.00 -90.21 -22.03
 151.00 -52.90 -43.60
 152.00 -53.67 -32.61
 153.00 -72.79 -45.83
 154.00 -65.36 -35.28
 155.00 -90.17 -28.34
 156.00 -65.60 -42.54
 157.00 -68.66 -49.10
 158.00 -41.60 -51.04
 159.00 -58.97 -52.46
 160.00 -57.91 -45.90
 161.00 -67.02 -46.29
 162.00 -66.41 -50.32
 163.00 -78.74 -25.70
 164.00 -75.20 -34.48
 165.00 -67.89 -34.29
 166.00 -66.64 -39.65
 167.00 -72.51 -38.39
 168.00 -72.98 -45.25
 169.00 -58.69 -20.64
 170.00 -50.44 -59.47
 171.00 -60.13 -49.58
 172.00 -79.87 -33.28
 173.00 -75.32 -26.25
 174.00 -73.42 -26.81
 175.00 -66.60 -45.75
 176.00 -63.33 -32.46
 177.00 -92.92  -8.53
 178.00 -71.86 -30.85
 179.00 -81.65 143.17
 180.00 -123.47  -9.66
 181.00 -64.24  24.70
 182.00 -82.88 -21.92
 183.00 -65.93   1.93
 184.00 -80.93 138.55
 185.00 -84.70 -28.11
 186.00 -166.05 132.72
 187.00 -80.49 141.07
 188.00 -69.70 124.53
 189.00 -55.38 -45.59
 190.00 -72.67 -50.71
 191.00 -62.13 -40.25
 192.00 -69.29 -39.87
 193.00 -61.78 -40.73
 194.00 -72.44 -23.86
 195.00 -48.61 -42.53
 196.00 -64.58 -53.47
 197.00 -76.58 -29.35
 198.00 -69.20 -33.22
 199.00 -52.38 -42.73
 200.00 -66.56 -47.45
 201.00 -68.72 -31.04
 202.00 -77.95 -39.04
 203.00 -52.22 -40.79
 204.00 -57.47 -49.58
 205.00 -60.48 -48.30
 206.00 -62.83 -60.37
 207.00 -54.50 -28.02
 208.00 -67.80 -30.90
 209.00 -65.64 -17.79
 210.00 -78.82 -50.19
 211.00 -64.34 -26.68
 212.00 -93.62 -37.91
 213.00 -56.27 -49.39
 214.00 -60.86 -44.45
 215.00 -102.84 -25.47
 216.00 -163.13   9.43
 217.00 -66.20 103.69
 218.00 -65.71 -24.03
 219.00 -99.49 -11.74
 220.00 -123.99 -18.42
 221.00 -120.61  -3.05
 222.00 -137.83 137.57
 223.00  50.93 113.77
 224.00  77.84  42.84
 225.00 -86.89 -14.32
 226.00 -87.61 141.38
 227.00 -161.34 106.27
 228.00 -58.10 148.10
 229.00 -76.17  92.05
 230.00 -67.49 -45.35
 231.00 -60.55 110.96
 232.00 -58.04 -18.93
 233.00 -63.40 -40.17
 234.00 -90.72 -32.60
 235.00 -72.35 -47.17
 236.00 -134.21 -17.14
 237.00 -58.31 -61.49
 238.00 -58.23 -16.04
 239.00 -60.39 -33.85
 240.00 -77.31 -49.75
 241.00 -77.52 -32.46
 242.00 -151.32 -13.41
 243.00 -73.14 -65.73
 244.00 -58.83 -27.40
 245.00 -68.89 -75.92
 246.00 -52.52 -26.64
 247.00 -51.95 -58.67
 248.00 -53.25 -46.50
 249.00 -56.10 -63.33
 250.00 -64.87 -43.79
 251.00 -85.34 -33.68
 252.00 -74.24 -37.93
 253.00 -57.11 -28.96
 254.00 -46.60 -58.53
 255.00 -68.04 -45.79
 256.00 -77.62 -28.78
 257.00 -66.70 -48.07
 258.00 -66.03 -34.60
 259.00 -79.37 -35.79
 260.00 -68.18 -28.62
 261.00 -70.75 -33.88
 262.00 -70.37 -28.56
 263.00 -62.75 -37.99
 264.00 -70.52 -35.51
 1001.00 -87.27 -28.85
 1002.00 -57.87 -26.26
 1003.00 -79.30 -29.79
 1004.00 -72.48 -31.27
 1005.00 -58.48 -40.19
 1006.00 -63.31 -43.52
 1007.00 -53.22 -44.57
 1008.00 -66.62 -52.06
 1009.00 -57.29 -48.00
 1010.00 -64.15 -42.16
 1011.00 -58.29 -48.19
 1012.00 -79.59 -41.16
 1013.00 -71.24 -27.96
 1014.00 -78.30 -19.55
 1015.00 -62.12 -33.93
 1016.00 -44.12 -54.54
 1017.00 -70.07 -52.30
 1018.00 -97.85 -21.25
 1019.00 -72.14   2.00
 1020.00 -124.24 149.70
 1021.00 -155.63  10.69
 1022.00 -65.92 147.61
 1023.00 -62.93 -23.07
 1024.00 -69.16 -29.26
 1025.00 -58.28 -52.06
 1026.00 -62.17 -44.99
 1027.00 -62.38 -45.81
 1028.00 -66.93 -37.38
 1029.00 -65.10 -37.41
 1030.00 -73.08 -34.89
 1031.00 -66.80 -39.98
 1032.00 -77.59 -28.91
 1033.00 -76.51 -24.90
 1034.00 -69.63 -40.06
 1035.00 -66.76 -33.23
 1036.00 -76.18 -41.68
 1037.00 -67.02 -34.84
 1038.00 -80.33 -31.43
 1039.00 -73.29 -32.18
 1040.00 -109.10 -25.10
 1041.00  38.83   6.39
 1042.00  67.92  58.23
 1043.00 -66.82  26.73
 1044.00  65.71  -4.76
 1066.00 -54.26 150.72
 1067.00 -45.32 -27.36
 1068.00 -59.36 -64.10
 1069.00 -49.95 -41.09
 1070.00 -77.64 -25.74
 1071.00 -65.43 -37.36
 1072.00 -59.14 -36.74
 1073.00 -63.91 -41.46
 1074.00 -71.59 -39.22
 1075.00 -75.94 -27.48
 1076.00 -71.11 -26.64
 1077.00 -55.99 -34.74
 1078.00 -65.98 -48.90
 1079.00 -81.35 -28.56
 1080.00 -91.54  -7.51
 1081.00  69.67  -0.69
 1082.00 -82.97  20.92
 1083.00 -65.53  86.61
 1084.00 -58.63 -62.25
 1085.00 -61.21 -39.35
 1086.00 -54.08 -57.45
 1087.00 -57.01 -41.35
 1088.00 -58.66 -48.76
 1089.00 -75.17 -35.70
 1090.00 -68.72 -40.18
 1091.00 -57.03 -39.37
 1092.00 -70.86 -35.50
 1093.00 -77.26  -6.31
 1094.00 -50.18 -27.15
 1095.00 -81.43 -41.65
 1096.00 -54.38 -45.10
 1097.00 -54.28 -40.33
 1098.00 -61.73 -52.84
 1099.00 -51.27 -42.38
 1100.00 -71.26 -50.99
 1101.00 -53.73 -42.69
 1102.00 -61.32 -45.84
 1103.00 -65.87 -44.67
 1104.00 -81.74 -32.31
 1105.00 -67.09 -40.77
 313.00 -78.39 -37.54
 314.00 -76.14 -35.77
 315.00 -66.92 -27.91
 316.00 -55.87 -46.81
 317.00 -70.95 -39.49
 318.00 -43.84 -50.73
 319.00 -54.98 -58.89
 320.00 -75.95 -34.48
 321.00 -101.04  -9.01
 322.00 -63.51 -43.08
 323.00 -70.26 -32.72
 324.00 -70.80 -33.64
 325.00 -45.59 -34.52
 326.00 -70.33 -44.76
 327.00 -68.81 -25.46
 328.00 -64.59 -42.97
 329.00 -58.54 -43.80
 330.00 -67.90 -41.41
 331.00 -64.29 -48.35
 332.00 -62.36 -34.39
 333.00 -62.80 -59.07
 334.00 -75.31 -38.95
 335.00 -94.05 -32.02
 336.00 -49.67 -32.01
 337.00 -53.70 -48.70
 338.00 -68.57 -37.76
 339.00 -72.31 -45.95
 340.00 -60.10 -43.51
 341.00 -75.37 -44.92
 342.00 -52.11 -37.24
 343.00 -87.71 -32.67
 344.00 -62.98 -35.34
 345.00 -75.27 -33.87
 346.00 -95.14 -13.80
 347.00 -65.08 -28.97
 348.00 -85.94 -39.71
 349.00 -144.92 150.13
 350.00 -65.55 -72.28
 351.00 -64.47 -37.60
 352.00 -139.60 -12.10
 353.00 -127.64 170.69
 354.00 -49.54 122.55
 355.00 -65.43 -30.94
 356.00 -66.29 -52.98
 357.00 -55.77 -43.42
 358.00 -54.99 -41.01
 359.00 -63.62 -53.13
 360.00 -56.13 -41.05
 361.00 -66.72 -53.01
 362.00 -60.64 -45.02
 363.00 -101.09  -9.19
 364.00 -43.08 -59.83
 365.00 -63.43 -46.25
 366.00 -72.23 -42.88
 367.00 -67.62 -20.28
 368.00 -41.33 -46.57
 369.00 -57.74 -61.17
 370.00 -46.67 -30.64
 371.00 -63.44 -27.94
 372.00 -68.52 -31.63
 373.00 -87.91 -30.09
 374.00 -60.94 -40.50
 375.00 -64.54 -22.81
 376.00 -52.60 -42.67
 377.00 -75.88 -31.37
 378.00 -60.64 -33.97
 379.00 -68.64 -46.19
 380.00 -45.93 -49.68
 381.00 -69.41 -40.64
 382.00 -90.46 -70.95
 383.00 -135.14  -2.63
 384.00 -59.39 114.97
 385.00 -57.17 -43.40
 386.00 -59.29 -52.56
 387.00 -63.31 -40.94
 388.00 -67.85 -31.13
 389.00 -49.90 -55.04
 390.00 -60.71 -51.00
 391.00 -52.71 -42.15
 392.00 -68.22 -37.17
 393.00 -70.60 -50.49
 394.00 -66.78 -44.08
 395.00 -94.23 -22.12
 396.00  61.38   1.47
 397.00 -88.67  21.93
 398.00 -77.49  75.05


