 residuo Phi Psi
  69.00 -63.02 136.36
  70.00 -50.10 -31.49
  71.00 -67.80 -44.76
  72.00 -69.49 -45.30
  73.00 -66.33 -36.15
  74.00 -70.14 -45.13
  75.00 -58.11 -37.19
  76.00 -62.77 -36.44
  77.00 -66.79 -33.95
  78.00 -72.78 -38.56
  79.00 -57.13 -39.88
  80.00 -64.73 -47.61
  81.00 -60.37 -34.09
  82.00 -73.12 -31.73
  83.00 -73.79 -25.69
  84.00 -59.97 -41.24
  85.00 -64.50 -35.99
  86.00 -64.45 -46.82
  87.00 -62.08 -38.09
  88.00 -67.91 -46.24
  89.00 -67.49 -57.90
  90.00 -68.34 -40.31
  91.00 -81.90 -27.03
  92.00 -64.67 -36.87
  93.00 -59.47 -36.69
  94.00 -65.61 -35.24
  95.00 -66.96 -45.31
  96.00 -61.24 -35.11
  97.00 -66.69 -54.34
  98.00 -62.84 -47.90
  99.00 -77.12 -19.88
 100.00 -131.49 -22.28
 101.00 -91.70 -20.98
 102.00 -65.96 140.21
 103.00 -65.11 -49.55
 104.00 -95.78 -18.81
 105.00 -84.48  10.57
 106.00 -152.77  70.70
 107.00 -27.31 140.10
 108.00 -56.92 -63.18
 109.00 -72.48 -35.31
 110.00 -68.58 -24.87
 111.00 -53.26 -44.07
 112.00 -53.98 -45.89
 113.00 -55.99 -48.89
 114.00 -87.02 -29.61
 115.00 -67.60 -34.08
 116.00 -68.75 -41.97
 117.00 -59.83 -42.75
 118.00 -68.41 -35.52
 119.00 -88.86 -26.37
 120.00 -55.40 -41.24
 121.00 -62.75 -52.55
 122.00 -75.85 -30.15
 123.00 -70.74 -37.35
 124.00 -60.63 -32.52
 125.00 -142.94 -36.99
 126.00 -82.93 -32.62
 127.00 -56.19 -67.32
 128.00 -72.49 -28.03
 129.00 -84.99 -35.07
 130.00 -65.86 -29.51
 131.00 -53.22 -43.21
 132.00 -57.77 -55.99
 133.00 -67.77 -35.34
 134.00 -59.75 -44.62
 135.00 -59.14 -41.92
 136.00 -83.53 -54.56
 137.00  76.17  30.55
 138.00  62.72  35.01
 139.00 -66.22 -14.59
 140.00 -51.88 139.47
 141.00 -92.79 124.61
 142.00 -135.18  17.92
 143.00 -55.68 176.73
 144.00 -55.14 136.62
 145.00 -87.01 -28.01
 146.00 -69.08 -21.12
 147.00 -54.82 -19.30
 148.00 -59.23 -59.53
 149.00 -82.20 -34.65
 150.00 -86.05 -17.61
 151.00 -66.80 -49.29
 152.00 -46.98 -19.86
 153.00 -50.90 -51.47
 154.00 -64.41 -47.40
 155.00 -72.19 -40.84
 156.00 -68.02 -39.52
 157.00 -74.09 -55.44
 158.00 -82.23 -14.32
 159.00 -61.17 -51.50
 160.00 -46.81 -49.93
 161.00 -71.72 -40.25
 162.00 -74.71 -45.62
 163.00 -60.62 -35.95
 164.00 -70.53 -42.02
 165.00 -78.90 -37.92
 166.00 -73.91 -21.62
 167.00 -60.35 -41.49
 168.00 -65.77 -39.29
 169.00 -62.19 -45.11
 170.00 -72.68 -34.75
 171.00 -59.05 -41.75
 172.00 -61.56 -42.96
 173.00 -88.97 -36.18
 174.00 -93.07 -24.55
 175.00 -74.52 -23.39
 176.00 -63.98 -32.27
 177.00 -82.91  -8.48
 178.00 -74.13  -8.26
 179.00 -60.32 137.25
 180.00 -125.06  -5.25
 181.00 -67.01  26.63
 182.00 -82.41 -29.08
 183.00 -60.06  -3.60
 184.00 -73.22 144.39
 185.00 -80.75  -7.93
 186.00 -153.12 128.94
 187.00 -68.68 162.37
 188.00 -82.95 130.52
 189.00 -56.25 -38.05
 190.00 -59.14 -52.06
 191.00 -61.42 -39.86
 192.00 -64.02 -45.05
 193.00 -65.76 -48.51
 194.00 -45.23 -48.89
 195.00 -60.90 -57.86
 196.00 -63.14 -29.79
 197.00 -65.36 -43.64
 198.00 -78.93 -33.49
 199.00 -83.26 -19.42
 200.00 -49.99 -43.64
 201.00 -69.09 -47.48
 202.00 -65.54 -47.01
 203.00 -59.72 -37.28
 204.00 -58.73 -49.97
 205.00 -72.22 -33.90
 206.00 -77.91 -34.63
 207.00 -64.95 -43.84
 208.00 -48.25 -24.53
 209.00 -63.98 -30.12
 210.00 -66.03 -56.66
 211.00 -67.54 -35.67
 212.00 -84.12 -43.29
 213.00 -72.09 -36.22
 214.00 -80.15 -19.77
 215.00 -68.80 -24.81
 216.00 -152.10 -24.67
 217.00 -59.74 111.20
 218.00 -69.05 -34.27
 219.00 -91.05  -8.37
 220.00 -138.48 -14.90
 221.00 -142.02  11.75
 222.00 -132.36 146.37
 223.00  54.08 105.37
 224.00  92.17  36.25
 225.00 -81.29 -15.16
 226.00 -69.40 125.40
 227.00 -160.89  98.54
 228.00 -63.62 131.25
 229.00 -137.33 136.17
 230.00 -72.28 -13.79
 231.00 -60.64 131.08
 232.00 -60.83 -26.21
 233.00 -107.12 -21.15
 234.00 -64.40 -48.30
 235.00 -85.23 -52.02
 236.00 -63.94 -77.53
 237.00 -64.81 -41.38
 238.00 -65.97 -27.36
 239.00 -59.74 -23.53
 240.00 -77.72 -52.80
 241.00 -85.26 -28.13
 242.00 -154.32 -10.13
 243.00 -67.90 -67.42
 244.00 -55.12 -36.37
 245.00 -70.22 -63.56
 246.00 -62.19 -26.27
 247.00 -57.44 -56.05
 248.00 -64.48 -39.50
 249.00 -58.53 -43.75
 250.00 -83.04 -41.44
 251.00 -62.04 -38.36
 252.00 -55.06 -56.20
 253.00 -57.77 -42.67
 254.00 -50.80 -54.67
 255.00 -46.15 -50.58
 256.00 -68.25 -44.07
 257.00 -68.22 -53.51
 258.00 -59.53 -30.63
 259.00 -65.45 -54.50
 260.00 -74.11 -35.50
 261.00 -48.32 -39.07
 262.00 -81.80 -38.21
 263.00 -57.86 -34.50
 264.00 -64.49 -40.34
 1001.00 -73.26 -34.30
 1002.00 -52.04 -35.01
 1003.00 -67.43 -53.77
 1004.00 -68.21 -36.74
 1005.00 -69.57 -31.60
 1006.00 -57.94 -40.37
 1007.00 -65.44 -45.20
 1008.00 -69.71 -32.75
 1009.00 -62.16 -27.09
 1010.00 -58.67 -52.63
 1011.00 -66.57 -38.91
 1012.00 -72.75 -40.37
 1013.00 -59.64 -35.63
 1014.00 -64.87 -49.01
 1015.00 -75.56 -19.33
 1016.00 -62.88 -58.50
 1017.00 -56.93 -37.50
 1018.00 -116.30 -30.87
 1019.00 -66.83  11.74
 1020.00 -134.52 172.09
 1021.00 -159.02   2.60
 1022.00 -58.10 138.03
 1023.00 -64.84 -24.38
 1024.00 -50.47 -44.12
 1025.00 -67.92 -47.01
 1026.00 -60.30 -39.20
 1027.00 -67.56 -43.56
 1028.00 -77.72 -38.27
 1029.00 -70.29 -36.16
 1030.00 -61.55 -39.13
 1031.00 -67.00 -37.21
 1032.00 -53.13 -43.74
 1033.00 -64.55 -45.20
 1034.00 -58.36 -40.25
 1035.00 -72.22 -43.33
 1036.00 -57.89 -30.89
 1037.00 -78.24 -51.15
 1038.00 -75.29 -11.11
 1039.00 -67.01 -43.59
 1040.00 -75.32 -41.33
 1041.00  51.77 -31.82
 1042.00  84.93  54.82
 1043.00 -53.10  -2.74
 1044.00  79.69 -40.58
 1066.00 -51.37 143.66
 1067.00 -48.31 -18.17
 1068.00 -63.50 -50.25
 1069.00 -53.95 -42.65
 1070.00 -66.36 -39.11
 1071.00 -71.99 -28.31
 1072.00 -66.14 -45.77
 1073.00 -42.30 -41.74
 1074.00 -61.33 -54.72
 1075.00 -61.16 -49.79
 1076.00 -63.27 -32.36
 1077.00 -66.90 -31.63
 1078.00 -76.81 -35.17
 1079.00 -69.32 -23.23
 1080.00 -66.39 -51.26
 1081.00  90.15 -21.49
 1082.00 -77.31  13.06
 1083.00 -68.47  66.85
 1084.00 -69.66 -30.79
 1085.00 -69.82 -41.43
 1086.00 -53.41 -38.39
 1087.00 -65.81 -46.57
 1088.00 -64.37 -34.30
 1089.00 -77.93 -37.63
 1090.00 -76.17 -14.16
 1091.00 -59.39 -44.55
 1092.00 -54.18 -32.46
 1093.00 -83.48 -33.36
 1094.00 -31.08 -34.19
 1095.00 -90.71 -61.07
 1096.00 -54.37 -32.74
 1097.00 -65.68 -25.15
 1098.00 -51.66 -48.48
 1099.00 -61.72 -43.34
 1100.00 -70.11 -36.46
 1101.00 -66.76 -34.14
 1102.00 -62.56 -45.45
 1103.00 -48.15 -38.90
 1104.00 -70.58 -51.55
 1105.00 -66.57 -26.92
 313.00 -69.19 -30.40
 314.00 -65.24 -41.42
 315.00 -65.02 -30.97
 316.00 -62.37 -52.82
 317.00 -72.43 -22.73
 318.00 -56.05 -53.14
 319.00 -72.43 -34.30
 320.00 -76.49 -41.35
 321.00 -59.17 -28.98
 322.00 -68.33 -53.30
 323.00 -69.20 -26.85
 324.00 -66.43 -35.85
 325.00 -42.72 -38.35
 326.00 -66.85 -45.14
 327.00 -70.61 -39.17
 328.00 -57.62 -44.68
 329.00 -57.86 -45.96
 330.00 -71.78 -46.39
 331.00 -66.11 -28.62
 332.00 -57.63 -50.39
 333.00 -65.33 -51.71
 334.00 -78.41 -33.94
 335.00 -87.66 -35.18
 336.00 -58.06 -39.69
 337.00 -47.20 -42.27
 338.00 -62.64 -37.01
 339.00 -65.30 -55.34
 340.00 -50.19 -38.72
 341.00 -73.19 -47.07
 342.00 -65.02 -35.90
 343.00 -69.76 -41.56
 344.00 -63.58 -37.14
 345.00 -48.51 -44.43
 346.00 -73.82 -27.55
 347.00 -56.89 -51.11
 348.00 -80.46 -56.49
 349.00 -139.07 145.25
 350.00 -72.95 -67.48
 351.00 -66.26 -49.55
 352.00 -129.50 -16.32
 353.00 -129.03 160.97
 354.00 -70.89 125.70
 355.00 -79.79 -26.48
 356.00 -76.49 -35.79
 357.00 -62.07 -43.13
 358.00 -72.21 -33.39
 359.00 -77.37 -23.21
 360.00 -44.02 -50.55
 361.00 -57.51 -55.90
 362.00 -80.29 -25.67
 363.00 -96.21 -17.31
 364.00 -62.37 -28.63
 365.00 -59.18 -41.54
 366.00 -76.99 -36.11
 367.00 -80.55 -21.67
 368.00 -62.40 -18.08
 369.00 -55.90 -55.98
 370.00 -49.85 -28.95
 371.00 -59.41 -45.80
 372.00 -61.32 -27.49
 373.00 -95.76 -24.61
 374.00 -82.96   4.69
 375.00 -55.94 -51.50
 376.00 -73.52 -35.64
 377.00 -79.23 -19.38
 378.00 -82.59 -18.52
 379.00 -61.19 -52.32
 380.00 -63.05 -29.01
 381.00 -76.58 -45.14
 382.00 -103.04 -39.77
 383.00 -111.69 -29.04
 384.00 -66.67 103.44
 385.00 -57.23 -34.19
 386.00 -74.00 -38.60
 387.00 -45.70 -63.26
 388.00 -79.54 -36.32
 389.00 -69.02 -26.54
 390.00 -54.00 -54.55
 391.00 -80.19 -29.46
 392.00 -67.21 -35.54
 393.00 -59.55 -38.51
 394.00 -66.52 -39.69
 395.00 -81.43 -28.98
 396.00  58.79   4.80
 397.00 -93.83  32.98
 398.00 -146.04 134.48


