 residuo Phi Psi
  69.00 -64.91 146.73
  70.00 -55.88 -39.36
  71.00 -58.05 -46.48
  72.00 -72.87 -40.63
  73.00 -64.38 -37.36
  74.00 -59.07 -46.32
  75.00 -66.09 -37.00
  76.00 -71.40 -34.51
  77.00 -65.79 -29.90
  78.00 -60.44 -46.47
  79.00 -68.00 -39.34
  80.00 -66.00 -39.26
  81.00 -46.58 -47.43
  82.00 -49.56 -32.99
  83.00 -58.13 -48.93
  84.00 -68.04 -46.00
  85.00 -70.41 -40.41
  86.00 -66.78 -46.13
  87.00 -62.41 -31.80
  88.00 -70.67 -43.81
  89.00 -72.16 -53.64
  90.00 -54.91 -35.62
  91.00 -79.73 -54.39
  92.00 -61.94 -20.95
  93.00 -59.06 -47.96
  94.00 -64.88 -41.34
  95.00 -54.57 -44.17
  96.00 -51.82 -56.54
  97.00 -55.27 -43.62
  98.00 -73.22 -51.92
  99.00 -61.38 -43.31
 100.00 -121.47 -22.18
 101.00 -75.74 -43.66
 102.00 -42.39 116.33
 103.00 -76.14 -41.86
 104.00 -93.16  -5.63
 105.00 -76.73   8.41
 106.00 -140.10  79.06
 107.00 -49.41 139.11
 108.00 -54.77 -39.75
 109.00 -63.27 -53.70
 110.00 -79.18 -17.05
 111.00 -54.22 -36.18
 112.00 -83.88 -32.69
 113.00 -63.07 -26.28
 114.00 -66.15 -35.77
 115.00 -55.21 -40.04
 116.00 -69.52 -37.79
 117.00 -59.84 -50.92
 118.00 -49.62 -42.77
 119.00 -91.13 -33.99
 120.00 -54.25 -44.09
 121.00 -65.57 -48.38
 122.00 -60.91 -27.47
 123.00 -64.02 -39.47
 124.00 -82.32 -34.45
 125.00 -116.16 -37.07
 126.00 -108.79 -21.19
 127.00 -47.25 -68.38
 128.00 -62.82 -45.28
 129.00 -85.40 -28.08
 130.00 -67.54 -40.38
 131.00 -73.01 -29.56
 132.00 -58.58 -38.69
 133.00 -53.07 -54.54
 134.00 -85.48 -32.59
 135.00 -68.97 -29.70
 136.00 -70.61 -32.03
 137.00  58.55  18.83
 138.00  54.96  55.43
 139.00 -135.00  46.24
 140.00 -62.74 145.11
 141.00 -87.27 125.49
 142.00 -134.18  13.27
 143.00 -60.46 176.34
 144.00 -54.77 133.29
 145.00 -53.84 -43.99
 146.00 -67.44 -31.78
 147.00 -62.44 -18.35
 148.00 -57.95 -49.24
 149.00 -81.31 -46.95
 150.00 -93.46   7.73
 151.00 -65.12 -64.66
 152.00 -42.51 -15.28
 153.00 -67.36 -45.90
 154.00 -70.88 -39.55
 155.00 -72.52 -28.14
 156.00 -57.95 -48.83
 157.00 -71.50 -49.36
 158.00 -77.39 -35.15
 159.00 -65.54 -35.73
 160.00 -69.33 -38.18
 161.00 -71.33 -27.36
 162.00 -66.51 -58.09
 163.00 -76.08 -29.43
 164.00 -70.09 -27.24
 165.00 -69.46 -39.29
 166.00 -56.58 -46.15
 167.00 -74.28 -39.58
 168.00 -60.83 -27.41
 169.00 -76.92 -40.57
 170.00 -64.96 -40.85
 171.00 -53.43 -43.30
 172.00 -64.61 -40.14
 173.00 -49.49 -57.06
 174.00 -76.23 -48.91
 175.00 -63.85 -27.22
 176.00 -72.04 -52.81
 177.00 -87.29  12.22
 178.00 -57.40 -39.79
 179.00 -78.16 143.02
 180.00 -109.61 -19.30
 181.00 -50.71  24.54
 182.00 -83.36 -27.05
 183.00 -56.19  15.77
 184.00 -94.02 160.08
 185.00 -75.43 -24.08
 186.00 -151.51 145.05
 187.00 -71.56 143.80
 188.00 -65.15 124.33
 189.00 -59.59 -38.65
 190.00 -60.02 -39.98
 191.00 -50.41 -58.28
 192.00 -44.58 -53.86
 193.00 -67.27 -53.42
 194.00 -84.40 -25.81
 195.00 -62.33 -42.98
 196.00 -59.84 -50.42
 197.00 -61.92 -36.14
 198.00 -63.57 -50.29
 199.00 -68.79 -37.79
 200.00 -68.14 -41.00
 201.00 -44.98 -39.15
 202.00 -75.49 -53.73
 203.00 -59.60 -29.23
 204.00 -59.25 -46.96
 205.00 -53.05 -52.87
 206.00 -86.68 -32.17
 207.00 -57.21 -28.79
 208.00 -58.43 -31.60
 209.00 -70.35 -21.41
 210.00 -63.66 -47.84
 211.00 -67.31 -43.38
 212.00 -79.36 -43.65
 213.00 -70.48 -29.49
 214.00 -54.02 -45.31
 215.00 -81.74 -22.97
 216.00 -156.69 -34.12
 217.00 -42.49 101.01
 218.00 -78.33 -31.79
 219.00 -60.50 -14.62
 220.00 -136.79 -32.80
 221.00 -123.69  17.56
 222.00 -146.63 154.89
 223.00  54.51 127.15
 224.00 105.27  15.83
 225.00 -80.89 -14.81
 226.00 -90.23 159.14
 227.00 -155.63 105.90
 228.00 -64.97 139.68
 229.00 -140.78 140.43
 230.00 -72.45 -38.23
 231.00 -55.49 127.27
 232.00 -66.09 -24.69
 233.00 -92.76 -24.94
 234.00 -79.26 -62.50
 235.00 -140.54  -3.43
 236.00 -98.45 -23.27
 237.00 -50.37 -58.05
 238.00 -62.69 -41.82
 239.00 -73.95 -19.14
 240.00 -72.22 -55.36
 241.00 -93.96 -20.82
 242.00 -143.07 -14.94
 243.00 -65.38 -59.16
 244.00 -69.59 -44.90
 245.00 -54.89 -56.78
 246.00 -58.82 -34.94
 247.00 -68.96 -47.85
 248.00 -73.60 -35.52
 249.00 -59.41 -42.01
 250.00 -85.33 -43.32
 251.00 -60.72 -45.79
 252.00 -70.26 -31.87
 253.00 -70.18 -36.79
 254.00 -40.53 -51.51
 255.00 -75.12 -44.63
 256.00 -78.27 -32.74
 257.00 -53.34 -43.46
 258.00 -73.32 -38.69
 259.00 -64.40 -32.29
 260.00 -76.36 -34.05
 261.00 -58.15 -38.81
 262.00 -69.14 -37.25
 263.00 -61.74 -38.45
 264.00 -70.76 -33.71
 1001.00 -70.07 -37.87
 1002.00 -74.44 -23.13
 1003.00 -45.18 -49.78
 1004.00 -68.42 -38.02
 1005.00 -67.37 -46.11
 1006.00 -60.70 -30.08
 1007.00 -76.14 -45.06
 1008.00 -65.16 -23.24
 1009.00 -66.71 -48.86
 1010.00 -57.05 -34.36
 1011.00 -65.36 -44.91
 1012.00 -70.91 -37.83
 1013.00 -55.93 -47.13
 1014.00 -45.08 -42.64
 1015.00 -58.56 -53.18
 1016.00 -65.07 -44.72
 1017.00 -68.68 -34.51
 1018.00 -78.58 -31.29
 1019.00 -75.29 -16.82
 1020.00 -92.21 132.26
 1021.00 -120.35 -28.86
 1022.00 -62.73 141.31
 1023.00 -82.37 -26.19
 1024.00 -64.63 -20.53
 1025.00 -56.47 -49.71
 1026.00 -54.26 -46.12
 1027.00 -67.62 -37.54
 1028.00 -64.12 -55.01
 1029.00 -67.34 -35.32
 1030.00 -72.82 -34.47
 1031.00 -63.11 -38.24
 1032.00 -70.28 -31.25
 1033.00 -76.95 -26.71
 1034.00 -63.38 -47.42
 1035.00 -66.58 -39.55
 1036.00 -60.08 -54.54
 1037.00 -63.43 -29.44
 1038.00 -68.18 -42.59
 1039.00 -69.36 -28.69
 1040.00 -80.45 -36.01
 1041.00  55.28 -18.05
 1042.00 133.50  17.49
 1043.00 -48.54 -13.59
 1044.00  74.64 -55.93
 1066.00 -52.51 143.48
 1067.00 -56.36 -13.12
 1068.00 -90.96 -20.73
 1069.00 -56.96 -25.75
 1070.00 -84.84 -28.22
 1071.00 -81.70 -20.15
 1072.00 -53.24 -40.49
 1073.00 -63.89 -33.96
 1074.00 -62.16 -49.41
 1075.00 -73.72 -31.76
 1076.00 -56.75 -26.66
 1077.00 -52.18 -47.54
 1078.00 -65.17 -45.23
 1079.00 -64.06 -48.01
 1080.00 -81.04 -39.03
 1081.00  71.98  13.46
 1082.00 -85.65   8.28
 1083.00 -61.38  66.25
 1084.00 -75.54 -34.96
 1085.00 -60.54 -38.17
 1086.00 -57.14 -47.18
 1087.00 -59.27 -47.67
 1088.00 -65.18 -41.00
 1089.00 -71.64 -36.43
 1090.00 -69.50 -38.12
 1091.00 -61.15 -35.06
 1092.00 -52.51 -41.63
 1093.00 -56.01 -66.76
 1094.00 -38.25 -26.50
 1095.00 -59.79 -46.31
 1096.00 -68.29 -52.35
 1097.00 -62.89 -32.16
 1098.00 -65.45 -46.26
 1099.00 -63.89 -41.84
 1100.00 -75.15 -38.92
 1101.00 -69.63 -33.22
 1102.00 -62.38 -39.49
 1103.00 -85.07 -19.98
 1104.00 -63.18 -48.73
 1105.00 -55.60 -33.99
 313.00 -63.90 -31.59
 314.00 -81.47 -32.39
 315.00 -62.15 -29.40
 316.00 -64.10 -41.30
 317.00 -70.03 -32.16
 318.00 -63.54 -38.91
 319.00 -60.80 -35.62
 320.00 -68.47 -40.75
 321.00 -56.11 -49.83
 322.00 -76.35 -33.76
 323.00 -62.40 -44.24
 324.00 -63.41 -43.20
 325.00 -50.93 -36.38
 326.00 -57.89 -51.52
 327.00 -68.49 -39.48
 328.00 -64.88 -40.82
 329.00 -71.07 -33.11
 330.00 -69.08 -47.95
 331.00 -77.48 -12.75
 332.00 -59.75 -61.57
 333.00 -80.64 -43.38
 334.00 -76.59 -13.95
 335.00 -90.04 -32.35
 336.00 -52.94 -23.09
 337.00 -53.57 -46.98
 338.00 -58.62 -39.84
 339.00 -67.73 -58.38
 340.00 -68.36 -45.67
 341.00 -74.67 -29.14
 342.00 -51.22 -47.06
 343.00 -81.65 -43.06
 344.00 -70.15 -28.03
 345.00 -63.11 -38.96
 346.00 -75.22 -24.13
 347.00 -67.31 -43.15
 348.00 -90.64 -37.29
 349.00 -119.54 143.90
 350.00 -121.37 -46.75
 351.00 -77.66 -33.06
 352.00 -155.28  21.95
 353.00 -113.85 159.22
 354.00 -63.09 122.13
 355.00 -62.19 -25.94
 356.00 -82.66 -42.15
 357.00 -61.41 -33.24
 358.00 -69.13 -33.47
 359.00 -53.60 -48.80
 360.00 -74.23 -38.07
 361.00 -64.06 -47.65
 362.00 -61.20 -27.26
 363.00 -109.46 -11.41
 364.00 -70.53 -40.51
 365.00 -51.57 -37.38
 366.00 -73.65 -42.09
 367.00 -63.01 -29.29
 368.00 -45.04 -42.22
 369.00 -65.47 -49.23
 370.00 -69.81  -5.16
 371.00 -78.55 -17.91
 372.00 -71.68 -17.33
 373.00 -133.00 -14.69
 374.00 -85.00  36.48
 375.00 -64.98 -35.89
 376.00 -51.05 -43.92
 377.00 -80.81 -28.14
 378.00 -61.94 -35.48
 379.00 -50.65 -54.02
 380.00 -62.76 -46.71
 381.00 -89.81 -29.15
 382.00 -116.64 -29.47
 383.00 -137.05  -8.44
 384.00 -47.33 108.37
 385.00 -70.73 -40.67
 386.00 -60.11 -46.25
 387.00 -57.03 -45.14
 388.00 -58.87 -54.15
 389.00 -70.06 -36.44
 390.00 -66.54 -38.92
 391.00 -47.14 -43.84
 392.00 -76.96 -34.31
 393.00 -72.51 -39.01
 394.00 -68.64 -39.17
 395.00 -99.13 -17.13
 396.00  58.55   3.71
 397.00 -105.84  45.60
 398.00 -79.80  57.60


