 residuo Phi Psi
  69.00 -74.89 123.20
  70.00 -70.95  66.19
  71.00 -62.04 -38.51
  72.00 -63.55 -51.97
  73.00 -66.00 -38.19
  74.00 -83.55 -37.53
  75.00 -61.38 -24.74
  76.00 -73.09 -48.35
  77.00 -67.78 -25.92
  78.00 -63.54 -35.06
  79.00 -65.15 -40.20
  80.00 -62.40 -34.18
  81.00 -68.96 -36.55
  82.00 -81.69 -32.49
  83.00 -57.96 -34.68
  84.00 -67.28 -32.62
  85.00 -66.68 -41.22
  86.00 -70.06 -34.20
  87.00 -60.24 -41.85
  88.00 -68.19 -48.51
  89.00 -48.06 -52.03
  90.00 -49.30 -54.10
  91.00 -78.87 -45.17
  92.00 -56.80 -33.50
  93.00 -60.54 -36.24
  94.00 -74.38 -34.09
  95.00 -68.46 -33.41
  96.00 -42.86 -51.02
  97.00 -60.51 -55.62
  98.00 -66.45 -52.86
  99.00 -86.25 -24.36
 100.00 -119.66 -25.20
 101.00 -60.80 -42.19
 102.00 -72.60 118.38
 103.00 -62.14 -31.17
 104.00 -103.38 -18.83
 105.00 -65.18  -3.38
 106.00 -157.57  75.70
 107.00 -63.21 157.35
 108.00 -65.24 -26.38
 109.00 -69.18 -40.77
 110.00 -63.49 -36.63
 111.00 -60.46 -39.05
 112.00 -59.82 -41.84
 113.00 -61.81 -42.83
 114.00 -71.51 -30.00
 115.00 -88.43 -17.21
 116.00 -68.08 -33.27
 117.00 -62.35 -43.50
 118.00 -75.52 -41.32
 119.00 -93.59 -16.45
 120.00 -60.02 -39.35
 121.00 -67.77 -39.40
 122.00 -45.14 -34.57
 123.00 -65.07 -61.37
 124.00 -70.99 -24.41
 125.00 -137.35 -36.96
 126.00 -108.27 -13.81
 127.00 -66.05 -57.67
 128.00 -72.83 -33.59
 129.00 -79.83 -26.65
 130.00 -59.93 -48.26
 131.00 -72.65 -31.79
 132.00 -75.73 -33.27
 133.00 -50.61 -44.69
 134.00 -68.22 -44.43
 135.00 -72.68 -25.92
 136.00 -93.26 -27.12
 137.00  58.06  38.44
 138.00  63.00  27.40
 139.00 -103.66  30.03
 140.00 -59.74 155.11
 141.00 -73.71 110.90
 142.00 -89.49 -24.66
 143.00 -62.57 172.82
 144.00 -64.03 148.89
 145.00 -58.26 -39.61
 146.00 -73.58 -24.44
 147.00 -74.89 -10.09
 148.00 -56.22 -52.48
 149.00 -68.35 -51.86
 150.00 -79.79 -14.97
 151.00 -65.05 -62.19
 152.00 -41.82 -23.77
 153.00 -59.14 -47.30
 154.00 -79.82 -39.60
 155.00 -56.37 -42.39
 156.00 -74.67 -47.40
 157.00 -65.95 -36.73
 158.00 -54.73 -52.53
 159.00 -60.73 -45.23
 160.00 -71.50 -50.69
 161.00 -65.54 -23.34
 162.00 -76.17 -48.66
 163.00 -63.58 -37.42
 164.00 -69.84 -28.80
 165.00 -56.43 -43.63
 166.00 -56.25 -47.74
 167.00 -70.42 -48.17
 168.00 -77.91 -31.26
 169.00 -71.31 -34.07
 170.00 -56.41 -46.24
 171.00 -53.03 -52.80
 172.00 -67.68 -50.76
 173.00 -63.83 -33.03
 174.00 -86.01 -35.43
 175.00 -67.67 -36.37
 176.00 -69.82 -33.57
 177.00 -72.59 -24.39
 178.00 -75.30 -11.42
 179.00 -76.03 132.97
 180.00 -103.89 -12.47
 181.00 -51.94  21.62
 182.00 -60.82 -37.16
 183.00 -54.10   3.41
 184.00 -58.89 137.00
 185.00 -88.64 -47.92
 186.00 -144.36 149.67
 187.00 -68.61 125.67
 188.00 -61.46 118.88
 189.00 -55.92 -38.80
 190.00 -66.71 -54.43
 191.00 -91.85  -8.14
 192.00 -66.64 -31.80
 193.00 -50.16 -51.54
 194.00 -85.12 -21.53
 195.00 -53.73 -46.99
 196.00 -60.30 -40.86
 197.00 -64.39 -44.87
 198.00 -53.41 -55.30
 199.00 -67.71 -44.08
 200.00 -62.66 -33.43
 201.00 -85.87 -32.79
 202.00 -65.01 -38.87
 203.00 -58.28 -39.80
 204.00 -59.21 -42.33
 205.00 -79.19 -33.56
 206.00 -89.62 -37.14
 207.00 -60.88 -28.52
 208.00 -61.97 -15.33
 209.00 -63.91 -27.66
 210.00 -72.57 -47.41
 211.00 -62.32 -31.49
 212.00 -88.63 -45.68
 213.00 -77.06 -24.51
 214.00 -92.97 -28.31
 215.00 -77.84  -3.14
 216.00 -161.96 -34.40
 217.00 -79.80 129.39
 218.00 -65.18  -9.44
 219.00 -74.07 -23.68
 220.00 -116.14 -32.29
 221.00 -122.54   6.69
 222.00 -138.99 143.55
 223.00  48.28 131.54
 224.00  88.61  32.32
 225.00 -156.57  35.04
 226.00 -75.50 147.04
 227.00 -141.96 106.20
 228.00 -66.35 149.34
 229.00 -102.48  72.64
 230.00 -71.59 -13.94
 231.00 -60.40 118.68
 232.00 -60.09 -26.75
 233.00 -57.10 -39.51
 234.00 -81.31 -45.78
 235.00 -95.25 -24.41
 236.00 -108.40 -45.55
 237.00 -61.40 -40.68
 238.00 -76.15 -18.52
 239.00 -71.39 -23.95
 240.00 -70.91 -50.71
 241.00 -73.28 -26.94
 242.00 -159.02  -8.13
 243.00 -49.06 -75.98
 244.00 -66.21 -38.44
 245.00 -65.56 -58.69
 246.00 -62.10 -18.07
 247.00 -58.22 -53.82
 248.00 -71.34 -37.65
 249.00 -51.99 -58.68
 250.00 -66.87 -54.96
 251.00 -60.00 -38.97
 252.00 -69.03 -38.20
 253.00 -62.33 -45.90
 254.00 -71.06 -35.42
 255.00 -81.46 -38.59
 256.00 -76.73 -10.98
 257.00 -65.31 -54.55
 258.00 -80.51 -30.76
 259.00 -62.98 -27.63
 260.00 -58.15 -53.49
 261.00 -68.31 -34.76
 262.00 -77.49 -34.61
 263.00 -67.85 -31.89
 264.00 -72.95 -31.32
 1001.00 -61.12 -48.24
 1002.00 -76.91 -13.46
 1003.00 -61.80 -44.45
 1004.00 -74.66 -21.14
 1005.00 -57.82 -46.10
 1006.00 -45.26 -55.49
 1007.00 -74.51 -37.66
 1008.00 -64.43 -41.07
 1009.00 -61.94 -37.41
 1010.00 -66.32 -44.18
 1011.00 -59.94 -39.48
 1012.00 -68.69 -40.88
 1013.00 -72.56 -21.65
 1014.00 -57.98 -40.16
 1015.00 -65.08 -43.05
 1016.00 -58.17 -40.99
 1017.00 -76.54 -39.92
 1018.00 -71.39 -32.23
 1019.00 -71.85 -32.99
 1020.00 -102.47 160.48
 1021.00 -139.47 -30.10
 1022.00 -65.28 152.81
 1023.00 -67.84 -28.31
 1024.00 -52.60 -38.77
 1025.00 -71.73 -50.25
 1026.00 -59.00 -31.90
 1027.00 -66.71 -44.27
 1028.00 -56.37 -47.95
 1029.00 -57.49 -51.38
 1030.00 -65.11 -39.69
 1031.00 -81.41 -31.42
 1032.00 -64.80 -25.45
 1033.00 -58.65 -41.61
 1034.00 -60.08 -45.07
 1035.00 -69.69 -35.21
 1036.00 -67.53 -44.82
 1037.00 -70.39 -25.06
 1038.00 -59.88 -45.33
 1039.00 -68.75 -37.06
 1040.00 -77.11 -40.45
 1041.00  50.42 -43.45
 1042.00  75.96  54.61
 1043.00 -61.20  10.61
 1044.00 101.50 -49.26
 1066.00 -59.75 161.27
 1067.00 -68.95 -18.88
 1068.00 -65.19 -28.96
 1069.00 -66.20 -33.13
 1070.00 -74.87 -29.00
 1071.00 -61.01 -43.88
 1072.00 -56.46 -47.12
 1073.00 -75.16 -36.84
 1074.00 -61.53 -43.73
 1075.00 -68.99 -26.91
 1076.00 -61.82 -31.56
 1077.00 -62.08 -53.63
 1078.00 -76.97 -29.17
 1079.00 -57.55 -40.22
 1080.00 -63.70 -42.42
 1081.00  92.02  -9.47
 1082.00 -86.57  -2.42
 1083.00 -46.44  71.35
 1084.00 -74.37 -46.38
 1085.00 -65.43 -39.01
 1086.00 -76.97 -31.42
 1087.00 -48.90 -42.66
 1088.00 -65.97 -58.57
 1089.00 -70.54 -19.67
 1090.00 -67.35 -48.04
 1091.00 -41.61 -29.73
 1092.00 -72.81 -46.49
 1093.00 -45.18 -48.48
 1094.00 -65.41 -41.69
 1095.00 -67.83 -43.95
 1096.00 -57.19 -39.46
 1097.00 -57.66 -39.88
 1098.00 -51.23 -49.13
 1099.00 -62.38 -52.50
 1100.00 -68.71 -46.07
 1101.00 -68.71 -38.99
 1102.00 -57.99 -32.92
 1103.00 -62.69 -47.21
 1104.00 -62.86 -42.13
 1105.00 -55.90 -43.61
 313.00 -59.92 -32.05
 314.00 -68.76 -49.32
 315.00 -75.52 -22.86
 316.00 -71.49 -35.85
 317.00 -56.21 -37.83
 318.00 -59.60 -50.00
 319.00 -74.04 -46.70
 320.00 -59.13 -33.85
 321.00 -72.00 -43.33
 322.00 -61.26 -30.27
 323.00 -64.79 -39.80
 324.00 -63.46 -36.16
 325.00 -48.17 -52.65
 326.00 -69.84 -39.86
 327.00 -56.40 -38.31
 328.00 -53.01 -46.19
 329.00 -65.45 -46.85
 330.00 -81.96 -42.11
 331.00 -70.47 -14.17
 332.00 -56.48 -70.43
 333.00 -74.22 -42.97
 334.00 -69.75 -35.73
 335.00 -96.82 -30.07
 336.00 -44.69 -26.72
 337.00 -67.80 -48.58
 338.00 -71.57 -34.84
 339.00 -73.56 -44.02
 340.00 -74.44 -29.07
 341.00 -80.31 -30.61
 342.00 -64.52 -32.92
 343.00 -74.14 -26.88
 344.00 -43.25 -56.70
 345.00 -71.09 -47.30
 346.00 -104.02 -15.47
 347.00 -78.81 -19.72
 348.00 -70.24 -49.15
 349.00 -141.37 161.09
 350.00 -86.73 -53.78
 351.00 -83.26 -36.40
 352.00 -97.03 -21.00
 353.00 -73.20 105.11
 354.00 -64.13 107.06
 355.00 -61.77 -23.41
 356.00 -58.72 -52.03
 357.00 -70.05 -48.97
 358.00 -67.38 -38.27
 359.00 -65.80 -32.02
 360.00 -77.34 -55.24
 361.00 -59.74 -39.97
 362.00 -77.81 -30.38
 363.00 -83.72 -12.18
 364.00 -58.92 -52.04
 365.00 -64.22 -43.12
 366.00 -77.11 -30.48
 367.00 -72.05 -24.31
 368.00 -66.89 -40.15
 369.00 -57.64 -38.74
 370.00 -68.03 -15.10
 371.00 -49.51 -36.22
 372.00 -90.24 -17.23
 373.00 -110.85 -12.65
 374.00 -83.35  -6.91
 375.00 -60.85 -36.34
 376.00 -60.68 -46.04
 377.00 -60.33 -40.75
 378.00 -60.72 -48.83
 379.00 -58.37 -47.06
 380.00 -63.85 -36.71
 381.00 -71.80 -43.92
 382.00 -132.77 -38.28
 383.00 -139.50  16.72
 384.00 -84.75 132.03
 385.00 -61.94 -34.64
 386.00 -65.46 -54.71
 387.00 -49.12 -48.53
 388.00 -41.90 -62.11
 389.00 -57.93 -54.61
 390.00 -50.99 -49.00
 391.00 -54.54 -56.54
 392.00 -68.22 -37.43
 393.00 -63.81 -39.63
 394.00 -64.72 -53.64
 395.00 -83.94 -31.30
 396.00  64.65   6.49
 397.00 -95.60  24.20
 398.00  38.99 -27.96


