 residuo Phi Psi
  69.00 -122.41 153.37
  70.00 -62.00  14.86
  71.00 -69.60 -38.23
  72.00 -65.72 -45.00
  73.00 -63.52 -43.16
  74.00 -64.68 -33.61
  75.00 -45.42 -54.71
  76.00 -66.04 -42.20
  77.00 -75.28 -33.48
  78.00 -57.39 -37.23
  79.00 -65.33 -43.89
  80.00 -75.77 -31.81
  81.00 -45.10 -38.40
  82.00 -54.83 -32.52
  83.00 -64.15 -60.10
  84.00 -66.34 -26.30
  85.00 -64.27 -55.41
  86.00 -71.71 -32.07
  87.00 -66.96 -33.24
  88.00 -78.80 -23.51
  89.00 -57.36 -57.98
  90.00 -57.79 -48.86
  91.00 -77.79 -40.16
  92.00 -54.96 -33.73
  93.00 -86.58 -36.20
  94.00 -61.67 -25.43
  95.00 -71.13 -36.40
  96.00 -65.70 -45.93
  97.00 -69.70 -44.57
  98.00 -71.06 -45.80
  99.00 -74.43 -20.14
 100.00 -127.14  -7.40
 101.00 -88.73 -52.01
 102.00 -64.73 138.82
 103.00 -55.67 -50.54
 104.00 -84.44 -27.78
 105.00 -78.05 -10.25
 106.00 -147.37  57.64
 107.00 -48.83 134.54
 108.00 -63.74 -35.65
 109.00 -63.52 -42.22
 110.00 -69.35 -21.85
 111.00 -55.60 -43.99
 112.00 -69.70 -42.44
 113.00 -61.75 -37.73
 114.00 -67.86 -37.88
 115.00 -69.20 -14.81
 116.00 -83.88 -33.10
 117.00 -64.42 -28.16
 118.00 -65.30 -39.73
 119.00 -84.37 -34.30
 120.00 -63.17 -46.78
 121.00 -59.97 -45.44
 122.00 -56.30 -38.14
 123.00 -58.14 -49.52
 124.00 -68.79 -42.09
 125.00 -130.52 -22.87
 126.00 -86.66 -46.30
 127.00 -55.81 -54.51
 128.00 -62.70 -48.30
 129.00 -60.88 -43.19
 130.00 -56.56 -41.47
 131.00 -51.76 -50.85
 132.00 -46.14 -59.15
 133.00 -69.81 -38.18
 134.00 -77.99 -31.67
 135.00 -65.01 -34.86
 136.00 -72.17 -47.10
 137.00  69.86  11.86
 138.00  65.31  43.47
 139.00 -136.30  45.90
 140.00 -63.80 147.48
 141.00 -78.22 123.59
 142.00 -90.47 -33.07
 143.00 -56.01 177.41
 144.00 -80.22 156.77
 145.00 -76.52 -29.74
 146.00 -94.64   6.31
 147.00 -63.17  -8.63
 148.00 -54.02 -63.14
 149.00 -79.56 -43.39
 150.00 -97.54  -6.68
 151.00 -57.06 -48.81
 152.00 -54.01 -19.94
 153.00 -80.67 -37.19
 154.00 -63.24 -32.76
 155.00 -63.75 -41.35
 156.00 -49.91 -57.36
 157.00 -70.23 -56.33
 158.00 -74.45 -35.65
 159.00 -54.29 -38.74
 160.00 -60.52 -48.48
 161.00 -68.67 -35.26
 162.00 -76.58 -49.59
 163.00 -69.69 -32.25
 164.00 -66.56 -33.67
 165.00 -69.27 -35.59
 166.00 -67.46 -39.78
 167.00 -61.73 -35.21
 168.00 -49.81 -43.28
 169.00 -58.59 -52.00
 170.00 -59.61 -54.30
 171.00 -62.37 -31.34
 172.00 -59.05 -52.82
 173.00 -89.98 -26.99
 174.00 -105.95 -11.59
 175.00 -66.88 -21.32
 176.00 -54.39 -25.61
 177.00 -87.24 -20.84
 178.00 -87.42  -8.40
 179.00 -76.45 136.15
 180.00 -118.34 -16.14
 181.00 -63.43  15.12
 182.00 -104.30   3.76
 183.00 -68.41   7.18
 184.00 -92.81 160.36
 185.00 -122.58 -32.37
 186.00 -141.35 141.02
 187.00 -61.63 159.33
 188.00 -74.54 137.35
 189.00 -54.12 -37.12
 190.00 -64.16 -47.80
 191.00 -80.85 -24.09
 192.00 -42.83 -54.25
 193.00 -69.14 -49.82
 194.00 -52.01 -40.82
 195.00 -63.30 -42.21
 196.00 -66.41 -42.86
 197.00 -64.02 -39.96
 198.00 -53.73 -49.93
 199.00 -58.52 -48.48
 200.00 -61.02 -45.81
 201.00 -57.94 -45.78
 202.00 -60.51 -48.95
 203.00 -67.42 -35.52
 204.00 -72.84 -42.04
 205.00 -60.35 -34.91
 206.00 -67.50 -48.52
 207.00 -65.88 -26.05
 208.00 -66.12 -18.44
 209.00 -65.82 -26.14
 210.00 -67.90 -58.44
 211.00 -75.37 -29.60
 212.00 -93.47 -37.83
 213.00 -62.45 -33.53
 214.00 -72.55 -31.19
 215.00 -81.02 -26.05
 216.00 -157.90 -21.40
 217.00 -52.33 104.11
 218.00 -63.10 -26.58
 219.00 -93.17 -14.09
 220.00 -148.30  -6.11
 221.00 -119.82  -5.36
 222.00 -148.65 155.36
 223.00  56.19 119.85
 224.00  95.58  36.18
 225.00 -82.64 -23.01
 226.00 -68.98 139.38
 227.00 -156.70 111.37
 228.00 -64.97 136.26
 229.00 -125.70 123.44
 230.00 -58.98 -18.93
 231.00 -56.02 136.31
 232.00 -65.90 -35.41
 233.00 -104.64 -12.39
 234.00 -76.99 -53.38
 235.00 -83.26 -43.98
 236.00 -61.10 -75.83
 237.00 -71.36 -30.78
 238.00 -62.46 -37.12
 239.00 -56.60 -23.75
 240.00 -74.52 -57.30
 241.00 -79.13 -33.37
 242.00 -146.97 -18.60
 243.00 -80.54 -50.08
 244.00 -71.77 -42.80
 245.00 -65.63 -39.10
 246.00 -62.79 -40.35
 247.00 -57.60 -47.16
 248.00 -64.69 -33.35
 249.00 -48.27 -62.90
 250.00 -70.80 -53.48
 251.00 -90.65 -28.12
 252.00 -54.55 -32.97
 253.00 -74.98 -39.62
 254.00 -61.29 -38.46
 255.00 -60.44 -44.20
 256.00 -63.39 -39.38
 257.00 -59.76 -58.01
 258.00 -75.50 -26.06
 259.00 -65.04 -36.16
 260.00 -62.10 -46.94
 261.00 -65.66 -31.01
 262.00 -62.13 -47.63
 263.00 -52.85 -38.23
 264.00 -90.43 -32.73
 1001.00 -63.34 -54.82
 1002.00 -55.06 -25.88
 1003.00 -71.29 -36.62
 1004.00 -73.90 -28.99
 1005.00 -69.31 -28.72
 1006.00 -65.65 -47.74
 1007.00 -70.60 -29.52
 1008.00 -70.53 -31.64
 1009.00 -72.41 -44.47
 1010.00 -71.21 -30.57
 1011.00 -62.48 -40.52
 1012.00 -65.70 -45.65
 1013.00 -58.23 -36.99
 1014.00 -70.71 -33.70
 1015.00 -50.66 -45.81
 1016.00 -52.34 -50.09
 1017.00 -68.26 -44.86
 1018.00 -70.41 -40.67
 1019.00 -71.32 -14.53
 1020.00 -118.75 156.74
 1021.00 -131.36 -17.14
 1022.00 -57.05 136.59
 1023.00 -59.31 -23.19
 1024.00 -65.94 -43.15
 1025.00 -77.21 -25.33
 1026.00 -59.72 -47.18
 1027.00 -55.61 -43.53
 1028.00 -62.46 -51.64
 1029.00 -53.37 -52.29
 1030.00 -74.35 -32.38
 1031.00 -68.63 -41.93
 1032.00 -65.05 -31.49
 1033.00 -79.85 -37.30
 1034.00 -61.44 -37.47
 1035.00 -72.99 -43.06
 1036.00 -66.95 -28.84
 1037.00 -62.61 -28.63
 1038.00 -73.69 -44.01
 1039.00 -63.58 -31.63
 1040.00 -79.46 -52.31
 1041.00  49.96 -21.90
 1042.00 105.29  41.63
 1043.00 -64.55  -5.10
 1044.00  73.16 -17.49
 1066.00 -65.08 159.02
 1067.00 -54.84  -9.16
 1068.00 -54.69 -33.08
 1069.00 -95.50 -30.81
 1070.00 -67.13 -28.96
 1071.00 -72.84 -39.70
 1072.00 -75.40 -26.76
 1073.00 -76.28 -22.28
 1074.00 -75.48 -34.04
 1075.00 -60.42 -29.67
 1076.00 -55.16 -43.41
 1077.00 -62.63 -39.88
 1078.00 -65.64 -41.77
 1079.00 -66.80 -37.23
 1080.00 -63.06 -40.82
 1081.00  90.85  -2.73
 1082.00 -74.65 -10.34
 1083.00 -61.41  76.46
 1084.00 -71.68 -32.95
 1085.00 -63.01 -44.75
 1086.00 -80.42 -30.25
 1087.00 -74.37 -38.09
 1088.00 -68.46 -35.27
 1089.00 -78.43 -38.33
 1090.00 -68.96 -31.94
 1091.00 -64.17 -35.52
 1092.00 -53.92 -37.24
 1093.00 -56.91 -55.60
 1094.00 -58.07 -23.59
 1095.00 -69.25 -30.21
 1096.00 -52.51 -59.99
 1097.00 -64.67 -30.84
 1098.00 -58.15 -29.54
 1099.00 -78.53 -48.31
 1100.00 -65.61 -35.19
 1101.00 -58.20 -43.55
 1102.00 -65.03 -36.40
 1103.00 -56.84 -42.44
 1104.00 -87.87 -35.71
 1105.00 -64.84 -25.64
 313.00 -61.56 -38.85
 314.00 -79.92 -40.84
 315.00 -63.55 -42.33
 316.00 -77.03 -26.77
 317.00 -79.52 -21.45
 318.00 -49.33 -47.01
 319.00 -64.73 -46.00
 320.00 -40.78 -45.98
 321.00 -58.27 -60.24
 322.00 -55.88 -47.33
 323.00 -87.29 -36.70
 324.00 -63.28 -31.41
 325.00 -44.48 -41.94
 326.00 -64.99 -21.23
 327.00 -77.77 -37.29
 328.00 -60.03 -36.51
 329.00 -82.12 -31.68
 330.00 -75.76 -41.14
 331.00 -70.46 -19.73
 332.00 -58.93 -59.46
 333.00 -52.51 -48.80
 334.00 -90.11 -35.88
 335.00 -97.27 -25.61
 336.00 -54.83 -22.13
 337.00 -59.13 -42.82
 338.00 -62.70 -38.31
 339.00 -64.17 -60.33
 340.00 -69.17 -36.94
 341.00 -68.35 -35.06
 342.00 -64.68 -33.21
 343.00 -73.68 -41.27
 344.00 -61.54 -34.47
 345.00 -65.50 -39.33
 346.00 -88.29 -15.49
 347.00 -71.75 -35.71
 348.00 -51.28 -59.07
 349.00 -153.67 160.04
 350.00 -116.06 -34.23
 351.00 -73.97 -42.21
 352.00 -150.66  19.24
 353.00 -124.09 147.81
 354.00 -57.85 120.57
 355.00 -82.07 -27.74
 356.00 -73.92 -29.38
 357.00 -58.36 -41.36
 358.00 -57.47 -40.42
 359.00 -75.03 -30.40
 360.00 -61.62 -35.00
 361.00 -62.21 -43.53
 362.00 -67.30 -29.88
 363.00 -59.76 -40.75
 364.00 -73.60 -43.81
 365.00 -58.27 -39.42
 366.00 -83.63 -35.42
 367.00 -73.63 -13.08
 368.00 -46.01 -38.50
 369.00 -67.03 -54.77
 370.00 -76.39 -10.83
 371.00 -59.91 -32.21
 372.00 -43.22 -45.71
 373.00 -125.96 -21.73
 374.00 -99.26  -0.16
 375.00 -66.80 -12.81
 376.00 -55.25 -39.28
 377.00 -70.70 -34.19
 378.00 -62.49 -42.06
 379.00 -70.11 -36.67
 380.00 -62.69 -38.43
 381.00 -71.47 -26.04
 382.00 -134.59 -22.59
 383.00 -138.20  -2.02
 384.00 -69.26 128.28
 385.00 -70.05 -33.11
 386.00 -61.82 -50.40
 387.00 -58.13 -45.91
 388.00 -65.29 -45.19
 389.00 -52.07 -53.35
 390.00 -50.90 -53.69
 391.00 -66.78 -42.96
 392.00 -51.68 -47.51
 393.00 -66.72 -44.85
 394.00 -102.35 -18.87
 395.00 -75.94 -30.54
 396.00  53.31  -5.15
 397.00 -98.15  22.76
 398.00 -29.89  29.61


