 residuo Phi Psi
  69.00 -86.30 120.37
  70.00 -136.90 109.89
  71.00 -52.24 -23.88
  72.00 -61.54 -49.23
  73.00 -64.90 -34.76
  74.00 -53.22 -45.44
  75.00 -79.24 -39.27
  76.00 -51.99 -33.48
  77.00 -67.03 -44.08
  78.00 -88.74 -27.43
  79.00 -61.09 -24.53
  80.00 -69.51 -41.06
  81.00 -59.60 -33.15
  82.00 -55.42 -40.24
  83.00 -61.72 -34.51
  84.00 -77.93 -31.22
  85.00 -65.88 -38.81
  86.00 -58.79 -54.60
  87.00 -69.69 -29.20
  88.00 -72.49 -66.19
  89.00 -59.94 -52.35
  90.00 -69.54 -39.74
  91.00 -57.23 -51.59
  92.00 -54.12 -33.12
  93.00 -60.00 -36.25
  94.00 -71.16 -38.84
  95.00 -55.76 -52.22
  96.00 -60.58 -56.61
  97.00 -64.01 -45.45
  98.00 -66.81 -43.63
  99.00 -83.83 -27.16
 100.00 -90.77 -30.27
 101.00 -89.65 -39.41
 102.00 -55.20 116.79
 103.00 -87.19 -30.20
 104.00 -112.60   0.61
 105.00 -84.84  14.45
 106.00 -147.90  78.73
 107.00 -62.24 149.44
 108.00 -64.96 -42.41
 109.00 -72.10 -32.55
 110.00 -79.28 -24.33
 111.00 -68.71 -26.35
 112.00 -61.61 -41.50
 113.00 -60.67 -37.80
 114.00 -65.81 -36.19
 115.00 -53.58 -42.18
 116.00 -70.77 -40.77
 117.00 -77.67 -33.98
 118.00 -52.46 -40.58
 119.00 -64.76 -47.00
 120.00 -58.17 -39.92
 121.00 -68.96 -58.44
 122.00 -62.31 -38.67
 123.00 -65.12 -35.17
 124.00 -70.70 -47.49
 125.00 -106.82 -38.55
 126.00 -97.85 -38.21
 127.00 -66.41 -58.45
 128.00 -63.11 -23.95
 129.00 -74.98 -37.55
 130.00 -51.68 -39.42
 131.00 -69.35 -50.51
 132.00 -79.16 -33.08
 133.00 -59.12 -27.89
 134.00 -55.69 -30.16
 135.00 -63.50 -37.01
 136.00 -116.52 -14.53
 137.00  59.08  26.99
 138.00  59.41  30.25
 139.00 -73.63  12.63
 140.00 -60.43 154.62
 141.00 -84.88 130.69
 142.00 -128.68 -19.94
 143.00 -49.00 -175.34
 144.00 -63.72 157.57
 145.00 -48.75 -46.18
 146.00 -69.54 -31.56
 147.00 -64.83 -19.01
 148.00 -60.37 -60.63
 149.00 -75.00 -31.88
 150.00 -55.44 -47.73
 151.00 -75.65 -26.88
 152.00 -57.85 -43.31
 153.00 -91.94 -36.86
 154.00 -63.17 -40.24
 155.00 -79.31 -33.84
 156.00 -53.40 -47.43
 157.00 -74.96 -54.92
 158.00 -72.60 -29.97
 159.00 -50.22 -40.89
 160.00 -63.93 -55.49
 161.00 -65.86 -32.47
 162.00 -64.49 -54.61
 163.00 -71.37 -41.59
 164.00 -66.53 -32.07
 165.00 -48.47 -45.38
 166.00 -65.69 -45.25
 167.00 -74.84 -39.92
 168.00 -67.64 -35.24
 169.00 -73.52 -25.09
 170.00 -61.08 -48.16
 171.00 -75.48 -42.68
 172.00 -76.72 -26.90
 173.00 -57.26 -34.94
 174.00 -75.44 -42.33
 175.00 -68.48 -28.61
 176.00 -76.33 -38.38
 177.00 -75.80 -12.42
 178.00 -97.38   1.25
 179.00 -51.55 115.34
 180.00 -106.30  -9.22
 181.00 -61.23  17.00
 182.00 -73.46 -23.73
 183.00 -59.09  -4.80
 184.00 -67.47 136.10
 185.00 -74.41 -25.07
 186.00 -163.62 138.09
 187.00 -87.90 134.46
 188.00 -63.54 128.84
 189.00 -63.70 -45.39
 190.00 -84.20 -35.17
 191.00 -59.83 -34.63
 192.00 -64.29 -42.37
 193.00 -58.85 -47.39
 194.00 -80.48 -32.05
 195.00 -64.79 -29.85
 196.00 -63.59 -43.22
 197.00 -55.09 -36.97
 198.00 -84.24 -40.62
 199.00 -63.29 -36.17
 200.00 -67.69 -34.30
 201.00 -63.51 -40.47
 202.00 -70.16 -43.85
 203.00 -69.88 -32.52
 204.00 -62.22 -44.01
 205.00 -76.81 -27.48
 206.00 -80.56 -51.24
 207.00 -73.89 -33.63
 208.00 -63.53 -19.63
 209.00 -67.70 -20.79
 210.00 -67.38 -55.74
 211.00 -54.90 -34.29
 212.00 -89.37 -37.58
 213.00 -58.65 -33.44
 214.00 -69.44 -38.42
 215.00 -103.85   2.68
 216.00 -136.60 -45.10
 217.00 -67.64 116.66
 218.00 -63.37 -31.36
 219.00 -86.45 -10.95
 220.00 -137.27  -9.60
 221.00 -102.48 -17.55
 222.00 -152.85 141.74
 223.00  52.57 111.80
 224.00  83.63  39.26
 225.00 -91.31  -8.43
 226.00 -86.03 141.95
 227.00 -161.06 124.34
 228.00 -74.05 156.33
 229.00 -93.32  79.85
 230.00 -88.29  -8.87
 231.00 -74.19 127.96
 232.00 -62.68 -20.10
 233.00 -61.89 -32.65
 234.00 -82.28 -37.01
 235.00 -74.26 -49.15
 236.00 -135.28 -15.92
 237.00 -54.14 -63.31
 238.00 -61.90 -42.38
 239.00 -71.01 -21.44
 240.00 -65.77 -41.53
 241.00 -88.08 -32.81
 242.00 -147.32 -11.09
 243.00 -65.34 -65.06
 244.00 -71.99 -33.78
 245.00 -69.66 -53.35
 246.00 -45.66 -30.90
 247.00 -56.09 -70.16
 248.00 -81.73 -20.75
 249.00 -59.77 -49.99
 250.00 -71.80 -39.69
 251.00 -68.86 -43.71
 252.00 -58.80 -39.72
 253.00 -70.03 -36.46
 254.00 -57.53 -42.87
 255.00 -50.20 -53.64
 256.00 -71.63 -34.92
 257.00 -62.60 -62.55
 258.00 -67.23 -31.79
 259.00 -62.70 -44.49
 260.00 -83.13 -27.37
 261.00 -48.32 -34.07
 262.00 -59.38 -44.19
 263.00 -39.94 -57.57
 264.00 -65.22 -48.18
 1001.00 -66.67 -35.41
 1002.00 -59.39 -27.82
 1003.00 -65.23 -27.55
 1004.00 -74.11 -34.10
 1005.00 -75.84 -37.64
 1006.00 -66.88 -32.75
 1007.00 -56.81 -42.20
 1008.00 -65.70 -36.53
 1009.00 -75.97 -37.26
 1010.00 -71.41 -40.22
 1011.00 -76.77 -25.85
 1012.00 -69.92 -37.85
 1013.00 -61.73 -30.62
 1014.00 -78.74 -38.06
 1015.00 -68.37 -21.26
 1016.00 -40.72 -56.42
 1017.00 -48.17 -51.38
 1018.00 -96.77 -54.98
 1019.00 -50.04  10.52
 1020.00 -111.24 142.15
 1021.00 -144.07  -2.69
 1022.00 -65.10 148.74
 1023.00 -41.51 -39.03
 1024.00 -78.69 -39.97
 1025.00 -56.13 -49.63
 1026.00 -75.43 -36.34
 1027.00 -58.09 -39.32
 1028.00 -69.84 -53.53
 1029.00 -75.27 -22.41
 1030.00 -76.15 -27.32
 1031.00 -66.26 -34.01
 1032.00 -65.74 -39.22
 1033.00 -40.62 -52.83
 1034.00 -49.17 -59.74
 1035.00 -63.00 -45.32
 1036.00 -62.33 -38.47
 1037.00 -70.47 -35.81
 1038.00 -63.52 -48.09
 1039.00 -60.20 -33.12
 1040.00 -103.08 -38.48
 1041.00  42.98  -6.03
 1042.00  77.77  57.23
 1043.00 -67.87   8.83
 1044.00  69.32 -39.31
 1066.00 -70.36 163.76
 1067.00 -57.76  -7.45
 1068.00 -51.85 -27.92
 1069.00 -80.14 -34.29
 1070.00 -77.51 -32.01
 1071.00 -58.50 -47.12
 1072.00 -59.35 -40.57
 1073.00 -57.12 -50.14
 1074.00 -81.51 -25.90
 1075.00 -54.23 -36.30
 1076.00 -65.94 -32.31
 1077.00 -61.15 -44.25
 1078.00 -58.70 -46.96
 1079.00 -69.55 -42.80
 1080.00 -62.53 -40.20
 1081.00  71.59  -3.19
 1082.00 -92.73  20.96
 1083.00 -40.09  59.14
 1084.00 -72.50 -46.43
 1085.00 -68.10 -40.43
 1086.00 -71.92 -31.93
 1087.00 -68.59 -30.54
 1088.00 -75.12 -38.38
 1089.00 -78.10 -28.74
 1090.00 -49.37 -47.10
 1091.00 -61.32 -50.59
 1092.00 -68.54 -37.35
 1093.00 -72.75 -32.86
 1094.00 -53.55 -11.28
 1095.00 -55.45 -53.08
 1096.00 -66.32 -42.92
 1097.00 -55.29 -47.20
 1098.00 -50.85 -51.58
 1099.00 -58.43 -49.31
 1100.00 -75.29 -29.65
 1101.00 -67.25 -32.41
 1102.00 -48.40 -41.68
 1103.00 -68.69 -45.23
 1104.00 -71.15 -34.60
 1105.00 -42.41 -40.19
 313.00 -45.11 -39.88
 314.00 -69.53 -59.69
 315.00 -64.54 -34.55
 316.00 -64.96 -38.42
 317.00 -48.81 -51.75
 318.00 -63.57 -45.93
 319.00 -64.79 -45.75
 320.00 -67.48 -34.97
 321.00 -63.97 -35.47
 322.00 -84.61 -30.78
 323.00 -52.31 -31.72
 324.00 -70.01 -43.37
 325.00 -65.07 -25.07
 326.00 -74.53 -26.76
 327.00 -71.75 -29.92
 328.00 -62.57 -30.68
 329.00 -57.23 -51.04
 330.00 -65.15 -45.61
 331.00 -59.56 -41.55
 332.00 -74.74 -41.48
 333.00 -52.66 -52.81
 334.00 -85.72 -35.51
 335.00 -95.13 -24.01
 336.00 -47.88 -23.85
 337.00 -72.76 -41.07
 338.00 -60.33 -38.47
 339.00 -65.56 -49.89
 340.00 -74.11 -37.49
 341.00 -59.13 -42.72
 342.00 -62.28 -37.70
 343.00 -52.83 -60.23
 344.00 -61.22 -59.39
 345.00 -54.99 -37.60
 346.00 -91.96 -21.37
 347.00 -82.04 -16.85
 348.00 -121.75 -23.26
 349.00 -151.34 152.87
 350.00 -77.35 -41.62
 351.00 -76.85 -42.51
 352.00 -164.57  22.68
 353.00 -124.10 163.32
 354.00 -58.58 125.64
 355.00 -78.55 -25.89
 356.00 -76.15 -34.25
 357.00 -68.93 -42.26
 358.00 -49.74 -46.10
 359.00 -63.50 -49.06
 360.00 -67.18 -35.03
 361.00 -69.25 -37.80
 362.00 -51.09 -41.80
 363.00 -56.29 -37.32
 364.00 -77.08 -73.81
 365.00 -77.50 -20.64
 366.00 -80.16 -30.70
 367.00 -56.56 -26.80
 368.00 -57.01 -47.07
 369.00 -52.60 -53.95
 370.00 -60.26 -28.27
 371.00 -61.27 -32.79
 372.00 -82.62  -9.40
 373.00 -105.32 -12.86
 374.00 -99.55   1.96
 375.00 -69.69 -28.81
 376.00 -64.58 -29.01
 377.00 -70.30 -28.88
 378.00 -64.96 -45.53
 379.00 -75.46 -35.94
 380.00 -65.78 -17.68
 381.00 -67.34 -53.72
 382.00 -121.24 -35.03
 383.00 -137.12   3.74
 384.00 -58.30 122.36
 385.00 -69.64 -30.88
 386.00 -52.53 -55.28
 387.00 -57.25 -51.66
 388.00 -59.44 -52.05
 389.00 -55.67 -41.87
 390.00 -66.91 -56.60
 391.00 -79.97 -18.90
 392.00 -68.69 -36.37
 393.00 -92.50 -29.89
 394.00 -68.61 -35.51
 395.00 -99.84 -24.34
 396.00  67.82   7.25
 397.00 -79.35  15.23
 398.00 -63.26  44.63


