 residuo Phi Psi
  69.00 -67.00 178.46
  70.00 -61.94 -43.44
  71.00 -76.58 -33.50
  72.00 -44.75 -45.15
  73.00 -67.24 -48.62
  74.00 -78.17 -40.23
  75.00 -50.84 -51.35
  76.00 -57.64 -57.01
  77.00 -79.57 -25.20
  78.00 -83.32 -21.09
  79.00 -50.19 -41.16
  80.00 -62.70 -43.80
  81.00 -59.69 -46.52
  82.00 -70.63 -29.20
  83.00 -58.27 -47.69
  84.00 -64.79 -32.02
  85.00 -71.80 -49.78
  86.00 -65.32 -27.12
  87.00 -70.82 -47.37
  88.00 -61.38 -28.77
  89.00 -72.97 -65.47
  90.00 -73.53 -28.88
  91.00 -67.94 -35.28
  92.00 -64.87 -32.36
  93.00 -67.19 -39.29
  94.00 -72.39 -18.24
  95.00 -41.31 -58.39
  96.00 -58.23 -53.89
  97.00 -56.11 -39.72
  98.00 -67.39 -51.48
  99.00 -77.54 -25.59
 100.00 -113.55 -25.77
 101.00 -89.85 -32.92
 102.00 -61.80 136.32
 103.00 -77.00 -48.73
 104.00 -138.15  21.37
 105.00 -61.33  13.71
 106.00 -132.14  60.97
 107.00 -45.18 143.80
 108.00 -49.87 -53.01
 109.00 -77.43 -33.39
 110.00 -65.23 -33.25
 111.00 -62.03 -29.85
 112.00 -57.84 -58.25
 113.00 -89.64 -21.78
 114.00 -64.21 -33.79
 115.00 -62.07 -33.77
 116.00 -81.05 -38.98
 117.00 -60.60 -35.17
 118.00 -58.63 -19.15
 119.00 -83.57 -39.99
 120.00 -58.44 -29.04
 121.00 -79.23 -46.40
 122.00 -75.08 -17.41
 123.00 -61.60 -42.97
 124.00 -66.27 -31.44
 125.00 -150.30 -30.98
 126.00 -72.84 -38.58
 127.00 -71.25 -38.84
 128.00 -61.59 -40.47
 129.00 -69.02 -49.16
 130.00 -65.68 -36.24
 131.00 -59.95 -41.49
 132.00 -66.89 -36.96
 133.00 -66.14 -33.08
 134.00 -48.79 -53.88
 135.00 -60.00 -51.77
 136.00 -66.35 -35.30
 137.00  79.18  -5.43
 138.00  76.56  37.67
 139.00 -104.54   0.27
 140.00 -60.25 151.51
 141.00 -75.49 112.62
 142.00 -135.20   2.08
 143.00 -53.41 170.18
 144.00 -75.34 165.97
 145.00 -63.42 -61.06
 146.00 -101.56  17.31
 147.00 -55.67 -32.68
 148.00 -55.58 -43.79
 149.00 -94.39 -34.63
 150.00 -74.32 -28.29
 151.00 -69.76 -41.56
 152.00 -42.17 -28.40
 153.00 -54.23 -49.10
 154.00 -58.33 -45.83
 155.00 -65.60 -43.31
 156.00 -67.50 -43.51
 157.00 -71.33 -52.62
 158.00 -55.23 -48.52
 159.00 -64.12 -37.90
 160.00 -67.58 -41.46
 161.00 -64.33 -27.75
 162.00 -65.40 -60.77
 163.00 -73.68 -33.66
 164.00 -57.66 -31.43
 165.00 -62.11 -61.93
 166.00 -70.48 -33.22
 167.00 -55.18 -46.12
 168.00 -70.56 -41.13
 169.00 -57.39 -39.31
 170.00 -70.54 -40.49
 171.00 -57.85 -43.28
 172.00 -45.98 -52.89
 173.00 -58.64 -67.89
 174.00 -77.01 -37.94
 175.00 -67.30 -36.20
 176.00 -78.37 -30.79
 177.00 -69.66   0.48
 178.00 -83.70 -22.19
 179.00 -49.61 130.62
 180.00 -112.46 -28.72
 181.00 -65.50  36.47
 182.00 -91.94  -7.94
 183.00 -60.66  10.41
 184.00 -69.30 148.36
 185.00 -66.53 -45.33
 186.00 -159.44 162.70
 187.00 -74.28 137.08
 188.00 -61.72 103.14
 189.00 -62.53 -28.57
 190.00 -59.89 -51.86
 191.00 -90.70 -18.70
 192.00 -61.25 -47.39
 193.00 -80.05 -34.99
 194.00 -72.26 -33.22
 195.00 -49.93 -36.06
 196.00 -55.65 -58.19
 197.00 -76.91 -30.68
 198.00 -62.96 -47.07
 199.00 -55.47 -39.98
 200.00 -67.81 -53.49
 201.00 -59.97 -28.81
 202.00 -65.36 -50.56
 203.00 -84.29 -34.56
 204.00 -72.00 -23.44
 205.00 -76.02 -33.30
 206.00 -82.15 -40.22
 207.00 -61.40 -33.94
 208.00 -58.80 -31.44
 209.00 -62.73 -22.54
 210.00 -61.86 -56.49
 211.00 -62.66 -37.24
 212.00 -94.37 -42.38
 213.00 -78.48 -26.73
 214.00 -83.54 -29.94
 215.00 -89.81 -11.72
 216.00 -129.03 -41.05
 217.00 -49.03  96.75
 218.00 -61.00 -41.90
 219.00 -84.64  -4.42
 220.00 -129.85 -24.82
 221.00 -105.47  -2.69
 222.00 -145.40 132.66
 223.00  57.06 112.44
 224.00  59.31  49.83
 225.00 -78.48   3.19
 226.00 -73.35 145.09
 227.00 -143.81  97.87
 228.00 -38.70 120.75
 229.00 -124.18 113.65
 230.00 -81.19  -9.66
 231.00 -44.49 137.03
 232.00 -68.66 -46.70
 233.00 -72.86 -28.39
 234.00 -65.19 -67.38
 235.00 -90.21 -35.92
 236.00 -94.19 -47.61
 237.00 -55.37 -54.11
 238.00 -73.58 -42.25
 239.00 -66.37 -21.45
 240.00 -94.37 -39.65
 241.00 -67.10 -23.03
 242.00 -135.15 -37.13
 243.00 -68.10 -60.30
 244.00 -65.11 -44.53
 245.00 -58.52 -61.05
 246.00 -43.74 -37.00
 247.00 -64.14 -61.34
 248.00 -63.03 -35.15
 249.00 -44.81 -66.73
 250.00 -77.27 -48.20
 251.00 -76.12 -32.66
 252.00 -57.91 -40.07
 253.00 -75.66 -39.48
 254.00 -47.20 -44.51
 255.00 -76.99 -52.51
 256.00 -65.41 -27.67
 257.00 -70.85 -47.04
 258.00 -67.53 -27.89
 259.00 -62.66 -40.70
 260.00 -80.19 -40.99
 261.00 -59.12 -36.12
 262.00 -66.85 -42.64
 263.00 -58.52 -44.47
 264.00 -77.63 -32.52
 1001.00 -74.78 -37.60
 1002.00 -47.59 -39.19
 1003.00 -78.44 -51.07
 1004.00 -72.71 -17.99
 1005.00 -66.00 -35.38
 1006.00 -60.28 -39.28
 1007.00 -72.78 -34.89
 1008.00 -63.26 -34.70
 1009.00 -53.97 -47.63
 1010.00 -68.57 -46.73
 1011.00 -58.38 -40.71
 1012.00 -80.42 -38.89
 1013.00 -60.55 -31.30
 1014.00 -73.26 -30.26
 1015.00 -65.48 -31.99
 1016.00 -73.37 -38.23
 1017.00 -73.53 -36.79
 1018.00 -70.50 -39.07
 1019.00 -61.25 -32.58
 1020.00 -148.30 158.84
 1021.00 -126.46  21.85
 1022.00 -70.29 151.05
 1023.00 -75.03 -29.72
 1024.00 -57.30 -35.38
 1025.00 -66.66 -49.01
 1026.00 -68.16 -34.69
 1027.00 -70.37 -39.42
 1028.00 -77.91 -41.47
 1029.00 -77.16 -27.81
 1030.00 -60.99 -34.61
 1031.00 -54.73 -44.14
 1032.00 -68.10 -44.62
 1033.00 -40.58 -44.12
 1034.00 -57.55 -57.40
 1035.00 -55.36 -50.64
 1036.00 -66.41 -32.58
 1037.00 -74.64 -40.30
 1038.00 -57.39 -46.15
 1039.00 -60.24 -38.06
 1040.00 -71.31 -60.46
 1041.00  67.91 -36.86
 1042.00  94.92  37.63
 1043.00 -53.91   9.80
 1044.00  71.68 -27.88
 1066.00 -37.95 151.07
 1067.00 -49.42 -43.32
 1068.00 -68.42 -39.48
 1069.00 -74.52 -36.61
 1070.00 -66.12 -25.68
 1071.00 -70.42 -35.24
 1072.00 -63.47 -29.71
 1073.00 -58.49 -46.64
 1074.00 -60.87 -41.02
 1075.00 -58.42 -50.99
 1076.00 -68.32 -28.56
 1077.00 -78.49 -30.08
 1078.00 -55.55 -40.37
 1079.00 -73.97 -38.01
 1080.00 -86.52 -29.87
 1081.00  64.84  17.52
 1082.00 -76.18  -1.81
 1083.00 -57.87  65.66
 1084.00 -73.57 -42.70
 1085.00 -71.08 -34.33
 1086.00 -62.86 -42.09
 1087.00 -74.81 -25.20
 1088.00 -61.13 -45.54
 1089.00 -63.64 -32.74
 1090.00 -77.03 -34.98
 1091.00 -69.26 -30.59
 1092.00 -79.60 -26.50
 1093.00 -101.04 -10.27
 1094.00 -62.15 -17.44
 1095.00 -85.28 -38.63
 1096.00 -69.61 -28.73
 1097.00 -58.36 -40.14
 1098.00 -56.94 -46.29
 1099.00 -60.31 -38.91
 1100.00 -43.67 -61.60
 1101.00 -69.21 -40.33
 1102.00 -65.25 -37.57
 1103.00 -86.00 -27.93
 1104.00 -64.67 -36.93
 1105.00 -68.54 -31.05
 313.00 -61.90 -37.03
 314.00 -83.11 -42.76
 315.00 -66.95 -26.49
 316.00 -72.35 -40.50
 317.00 -54.13 -34.97
 318.00 -55.29 -51.67
 319.00 -66.82 -52.34
 320.00 -74.07 -27.94
 321.00 -64.52 -46.03
 322.00 -80.72 -28.40
 323.00 -57.49 -35.60
 324.00 -71.00 -42.31
 325.00 -60.80 -38.40
 326.00 -74.31 -19.44
 327.00 -59.13 -45.20
 328.00 -64.10 -33.18
 329.00 -58.54 -50.55
 330.00 -71.88 -46.08
 331.00 -79.98 -13.95
 332.00 -66.15 -53.80
 333.00 -54.58 -50.91
 334.00 -94.58 -29.45
 335.00 -90.53 -26.30
 336.00 -36.47 -34.43
 337.00 -55.81 -52.94
 338.00 -47.56 -52.33
 339.00 -64.91 -64.92
 340.00 -66.41 -46.44
 341.00 -75.37 -35.59
 342.00 -57.64 -42.05
 343.00 -74.86 -29.12
 344.00 -65.64 -36.65
 345.00 -53.35 -40.15
 346.00 -64.56 -29.35
 347.00 -97.64 -33.46
 348.00 -84.10 -47.82
 349.00 -171.29 158.03
 350.00 -74.69 -56.70
 351.00 -110.17 -28.65
 352.00 -121.86  -5.47
 353.00 -86.56 133.22
 354.00 -64.70 118.58
 355.00 -71.43 -28.05
 356.00 -62.14 -42.57
 357.00 -67.79 -40.08
 358.00 -59.69 -32.80
 359.00 -55.00 -55.12
 360.00 -55.22 -49.38
 361.00 -57.15 -53.79
 362.00 -77.02 -38.90
 363.00 -91.89  -5.83
 364.00 -56.19 -55.67
 365.00 -59.58 -40.34
 366.00 -81.31 -37.97
 367.00 -67.87 -22.56
 368.00 -55.24 -38.42
 369.00 -78.43 -44.67
 370.00 -80.33  -2.86
 371.00 -59.64 -42.35
 372.00 -71.97 -17.67
 373.00 -99.85 -21.93
 374.00 -84.51  -7.47
 375.00 -56.12 -37.85
 376.00 -60.56 -42.69
 377.00 -64.68 -36.31
 378.00 -71.27 -36.65
 379.00 -72.13 -39.05
 380.00 -62.92 -33.97
 381.00 -77.83 -40.31
 382.00 -114.97 -45.32
 383.00 -133.25  10.04
 384.00 -57.07 114.68
 385.00 -86.53 -26.44
 386.00 -69.52 -45.27
 387.00 -45.62 -40.78
 388.00 -69.80 -50.65
 389.00 -63.22 -35.43
 390.00 -64.33 -55.06
 391.00 -67.17 -32.91
 392.00 -68.13 -24.95
 393.00 -63.40 -54.71
 394.00 -73.93 -34.97
 395.00 -84.68  -5.78
 396.00  57.08  -3.30
 397.00 -112.21  35.88
 398.00 -130.83 121.79


