 residuo Phi Psi
  69.00 -102.78 140.17
  70.00 -54.72  -8.90
  71.00 -58.38 -43.77
  72.00 -62.86 -41.99
  73.00 -69.25 -50.75
  74.00 -78.91 -22.14
  75.00 -67.23 -29.81
  76.00 -58.90 -39.25
  77.00 -58.58 -40.65
  78.00 -55.15 -61.17
  79.00 -62.15 -36.95
  80.00 -71.32 -39.39
  81.00 -61.00 -33.11
  82.00 -50.91 -29.86
  83.00 -51.27 -50.52
  84.00 -71.14 -45.99
  85.00 -67.86 -42.68
  86.00 -91.11 -36.03
  87.00 -65.14 -15.61
  88.00 -52.55 -55.42
  89.00 -57.01 -56.33
  90.00 -73.18 -43.58
  91.00 -66.22 -34.28
  92.00 -58.99 -41.98
  93.00 -56.38 -32.04
  94.00 -60.57 -50.70
  95.00 -60.06 -49.99
  96.00 -61.49 -47.77
  97.00 -54.39 -43.21
  98.00 -66.26 -57.70
  99.00 -62.12 -22.23
 100.00 -111.11 -42.57
 101.00 -87.71 -34.82
 102.00 -59.28 121.08
 103.00 -61.69 -39.48
 104.00 -97.27 -30.40
 105.00 -79.58   8.83
 106.00 -153.70  72.91
 107.00 -30.65 137.50
 108.00 -65.74 -55.11
 109.00 -76.12 -17.52
 110.00 -67.31 -30.23
 111.00 -68.56 -39.89
 112.00 -61.06 -37.50
 113.00 -68.77 -38.86
 114.00 -71.15 -35.66
 115.00 -81.49 -19.68
 116.00 -70.49 -45.00
 117.00 -90.75 -18.07
 118.00 -66.61 -23.31
 119.00 -75.53 -35.09
 120.00 -72.56 -34.14
 121.00 -66.86 -37.72
 122.00 -50.69 -39.51
 123.00 -58.42 -46.99
 124.00 -76.91 -37.92
 125.00 -110.52 -42.75
 126.00 -96.03 -37.44
 127.00 -51.27 -59.14
 128.00 -72.39 -44.63
 129.00 -96.18 -23.09
 130.00 -52.10 -29.89
 131.00 -63.29 -57.30
 132.00 -63.68 -42.12
 133.00 -53.37 -38.61
 134.00 -75.05 -28.97
 135.00 -66.00 -46.43
 136.00 -84.43 -27.17
 137.00  61.02   9.50
 138.00  63.90  41.44
 139.00 -122.61  45.62
 140.00 -63.76 135.65
 141.00 -82.64 119.12
 142.00 -101.73 -21.94
 143.00 -50.15 163.98
 144.00 -67.96 148.78
 145.00 -72.23 -35.33
 146.00 -100.23   3.57
 147.00 -56.17 -19.40
 148.00 -56.32 -47.97
 149.00 -75.88 -43.80
 150.00 -90.60 -16.14
 151.00 -67.76 -49.71
 152.00 -48.94 -20.79
 153.00 -67.00 -44.24
 154.00 -66.18 -44.04
 155.00 -69.10 -26.82
 156.00 -62.05 -57.61
 157.00 -59.94 -41.89
 158.00 -73.86 -44.40
 159.00 -73.98 -21.58
 160.00 -66.96 -43.16
 161.00 -64.91 -35.94
 162.00 -67.11 -42.88
 163.00 -72.33 -36.03
 164.00 -72.07 -25.07
 165.00 -64.25 -42.14
 166.00 -59.89 -37.61
 167.00 -58.07 -56.68
 168.00 -63.10 -37.09
 169.00 -63.45 -45.08
 170.00 -71.59 -40.60
 171.00 -81.73 -21.95
 172.00 -52.47 -49.59
 173.00 -74.63 -39.63
 174.00 -66.54 -56.21
 175.00 -67.62 -38.32
 176.00 -89.49 -15.81
 177.00 -62.27 -14.26
 178.00 -92.12 -16.04
 179.00 -42.95 131.09
 180.00 -122.17 -28.47
 181.00 -70.11  26.65
 182.00 -76.29 -18.32
 183.00 -55.01   0.34
 184.00 -79.83 158.13
 185.00 -103.53 -35.48
 186.00 -157.01 155.37
 187.00 -74.03 151.17
 188.00 -64.00 126.27
 189.00 -56.14 -46.63
 190.00 -54.48 -46.45
 191.00 -68.80 -58.23
 192.00 -62.95 -35.52
 193.00 -59.99 -54.00
 194.00 -61.57 -38.22
 195.00 -54.60 -39.17
 196.00 -55.67 -56.38
 197.00 -59.53 -34.56
 198.00 -66.69 -45.32
 199.00 -74.68 -32.45
 200.00 -58.51 -38.85
 201.00 -64.58 -32.86
 202.00 -74.25 -46.56
 203.00 -77.30 -18.90
 204.00 -70.68 -40.87
 205.00 -72.27 -37.28
 206.00 -99.17 -22.44
 207.00 -62.41 -23.87
 208.00 -48.40 -23.12
 209.00 -68.15 -33.53
 210.00 -59.08 -52.46
 211.00 -81.25 -31.69
 212.00 -99.12 -37.48
 213.00 -64.32 -16.43
 214.00 -80.88 -35.00
 215.00 -101.84   5.12
 216.00 -151.80 -30.65
 217.00 -61.75 125.95
 218.00 -79.56 -15.41
 219.00 -81.05 -14.86
 220.00 -129.48 -27.81
 221.00 -117.13  -5.95
 222.00 -136.24 148.50
 223.00  49.54 121.71
 224.00  91.81  21.87
 225.00 -76.44  -1.95
 226.00 -77.86 137.01
 227.00 -161.49  97.67
 228.00 -73.25 139.18
 229.00 -137.45 142.01
 230.00 -52.38 -39.39
 231.00 -44.80 123.99
 232.00 -62.41 -33.55
 233.00 -111.50 -15.93
 234.00 -70.39 -57.84
 235.00 -125.50 -18.85
 236.00 -59.92 -60.97
 237.00 -67.58 -44.25
 238.00 -79.76 -14.13
 239.00 -54.76 -31.49
 240.00 -80.40 -57.72
 241.00 -85.20 -28.14
 242.00 -150.51  -9.46
 243.00 -64.09 -76.03
 244.00 -66.74 -42.42
 245.00 -54.64 -52.84
 246.00 -68.53 -29.56
 247.00 -66.69 -41.74
 248.00 -68.79 -35.17
 249.00 -60.38 -46.99
 250.00 -61.46 -57.50
 251.00 -71.27 -36.01
 252.00 -62.16 -36.49
 253.00 -61.35 -44.47
 254.00 -61.83 -45.69
 255.00 -60.22 -45.83
 256.00 -67.22 -37.39
 257.00 -65.81 -55.10
 258.00 -61.31 -28.16
 259.00 -40.21 -60.73
 260.00 -81.23 -46.74
 261.00 -68.61 -26.85
 262.00 -55.80 -48.36
 263.00 -66.67 -43.57
 264.00 -67.39 -36.45
 1001.00 -71.98 -31.34
 1002.00 -64.19 -23.67
 1003.00 -76.63 -21.88
 1004.00 -79.28 -29.30
 1005.00 -62.93 -33.91
 1006.00 -64.41 -46.70
 1007.00 -52.75 -38.70
 1008.00 -80.61 -43.52
 1009.00 -55.85 -42.52
 1010.00 -59.66 -48.81
 1011.00 -53.78 -50.81
 1012.00 -73.34 -36.93
 1013.00 -56.96 -41.87
 1014.00 -63.88 -48.93
 1015.00 -71.08 -42.69
 1016.00 -66.99 -24.89
 1017.00 -58.86 -31.77
 1018.00 -104.23 -22.20
 1019.00 -37.86 -42.39
 1020.00 -76.18 117.65
 1021.00 -143.22 -20.42
 1022.00 -59.96 157.04
 1023.00 -69.17 -31.61
 1024.00 -75.59 -21.28
 1025.00 -65.20 -39.75
 1026.00 -67.64 -35.33
 1027.00 -59.99 -43.28
 1028.00 -63.29 -48.61
 1029.00 -75.40 -35.28
 1030.00 -75.84 -29.18
 1031.00 -45.32 -52.43
 1032.00 -64.91 -42.25
 1033.00 -58.10 -43.62
 1034.00 -67.72 -45.03
 1035.00 -74.19 -35.13
 1036.00 -65.43 -29.60
 1037.00 -67.72 -44.10
 1038.00 -58.84 -49.10
 1039.00 -55.37 -42.04
 1040.00 -69.09 -38.58
 1041.00  39.47 -35.38
 1042.00  92.62  45.95
 1043.00 -69.45   2.87
 1044.00  90.47 -29.85
 1066.00 -55.06 157.50
 1067.00 -56.85 -21.66
 1068.00 -73.08 -35.26
 1069.00 -79.59 -33.45
 1070.00 -64.59 -31.59
 1071.00 -70.99 -36.65
 1072.00 -53.77 -44.72
 1073.00 -83.39 -26.73
 1074.00 -79.89 -16.10
 1075.00 -65.06 -28.52
 1076.00 -66.52 -27.62
 1077.00 -72.09 -30.26
 1078.00 -64.95 -56.11
 1079.00 -70.32 -34.95
 1080.00 -86.89 -29.69
 1081.00  89.71   7.53
 1082.00 -78.30  -3.40
 1083.00 -68.24  64.80
 1084.00 -73.11 -43.63
 1085.00 -71.33 -27.73
 1086.00 -60.71 -50.42
 1087.00 -49.49 -40.06
 1088.00 -61.24 -57.80
 1089.00 -74.53 -28.65
 1090.00 -59.75 -39.07
 1091.00 -68.92 -22.68
 1092.00 -69.83 -33.02
 1093.00 -71.08 -33.34
 1094.00 -54.71 -30.94
 1095.00 -83.51 -29.62
 1096.00 -63.69 -41.41
 1097.00 -61.71 -37.88
 1098.00 -47.25 -51.83
 1099.00 -65.74 -53.07
 1100.00 -58.54 -45.06
 1101.00 -67.26 -42.81
 1102.00 -71.85 -28.21
 1103.00 -49.55 -55.61
 1104.00 -66.22 -49.04
 1105.00 -71.06 -38.24
 313.00 -67.48 -38.86
 314.00 -67.50 -42.61
 315.00 -58.16 -48.59
 316.00 -64.70 -40.88
 317.00 -66.82 -36.30
 318.00 -62.23 -37.66
 319.00 -49.83 -53.66
 320.00 -71.90 -39.38
 321.00 -45.83 -49.03
 322.00 -65.26 -47.11
 323.00 -68.81 -33.13
 324.00 -55.48 -44.48
 325.00 -52.74 -38.90
 326.00 -78.24 -32.14
 327.00 -66.90 -37.62
 328.00 -54.18 -40.61
 329.00 -63.60 -51.00
 330.00 -83.82 -34.83
 331.00 -83.26 -10.93
 332.00 -70.80 -55.85
 333.00 -63.28 -39.19
 334.00 -98.96 -23.28
 335.00 -90.71 -34.19
 336.00 -52.49 -23.92
 337.00 -53.03 -37.92
 338.00 -53.11 -57.88
 339.00 -57.48 -54.37
 340.00 -62.63 -48.47
 341.00 -66.58 -36.32
 342.00 -71.09 -32.04
 343.00 -57.14 -39.39
 344.00 -61.15 -43.55
 345.00 -54.33 -49.35
 346.00 -79.45 -30.47
 347.00 -76.86 -37.16
 348.00 -71.33 -43.03
 349.00 -154.74 159.91
 350.00 -80.01 -68.16
 351.00 -97.76 -28.35
 352.00 -148.85  15.76
 353.00 -136.12 167.28
 354.00 -78.95 141.92
 355.00 -64.51 -29.23
 356.00 -69.15 -36.05
 357.00 -66.14 -44.80
 358.00 -65.65 -31.97
 359.00 -72.34 -40.60
 360.00 -65.00 -38.05
 361.00 -65.90 -39.59
 362.00 -75.60 -31.14
 363.00 -82.90 -15.92
 364.00 -61.42 -55.35
 365.00 -63.56 -34.08
 366.00 -78.69 -29.49
 367.00 -74.30 -21.76
 368.00 -67.27 -39.07
 369.00 -72.44 -39.51
 370.00 -73.71 -10.78
 371.00 -52.71 -32.66
 372.00 -72.25 -28.27
 373.00 -111.55 -11.96
 374.00 -98.31  10.67
 375.00 -63.68 -25.91
 376.00 -60.27 -35.60
 377.00 -80.90 -27.02
 378.00 -70.31 -28.26
 379.00 -66.13 -46.21
 380.00 -67.89 -30.35
 381.00 -68.69 -41.58
 382.00 -97.39 -51.22
 383.00 -144.02  -1.38
 384.00 -86.54 132.91
 385.00 -63.03 -25.09
 386.00 -63.40 -50.17
 387.00 -56.08 -50.38
 388.00 -76.68 -40.63
 389.00 -68.19 -36.59
 390.00 -59.84 -54.28
 391.00 -62.00 -36.21
 392.00 -48.70 -48.82
 393.00 -64.23 -43.19
 394.00 -77.50 -45.50
 395.00 -83.35 -28.65
 396.00  61.40   3.85
 397.00 -78.91  25.63
 398.00  38.55 -36.22


