 residuo Phi Psi
  69.00 -130.03  90.17
  70.00 -71.29  10.03
  71.00 -68.94 -28.27
  72.00 -72.72 -16.92
  73.00 -94.26 -22.46
  74.00 -53.39 -38.13
  75.00 -63.95 -39.55
  76.00 -61.41 -43.42
  77.00 -63.92 -47.66
  78.00 -56.03 -40.18
  79.00 -69.47 -45.28
  80.00 -63.68 -30.69
  81.00 -53.00 -37.03
  82.00 -71.66 -24.95
  83.00 -62.74 -36.69
  84.00 -68.54 -42.96
  85.00 -64.51 -53.27
  86.00 -53.43 -49.62
  87.00 -57.48 -39.45
  88.00 -66.95 -64.75
  89.00 -57.70 -48.99
  90.00 -88.02 -28.91
  91.00 -58.62 -53.59
  92.00 -51.67 -39.31
  93.00 -57.97 -47.00
  94.00 -70.61 -31.38
  95.00 -69.89 -49.98
  96.00 -58.59 -37.95
  97.00 -59.21 -47.47
  98.00 -67.12 -48.34
  99.00 -71.22 -21.74
 100.00 -133.77 -20.87
 101.00 -69.68 -33.49
 102.00 -44.44 106.87
 103.00 -83.41 -37.84
 104.00 -114.98  -8.54
 105.00 -89.08  -1.99
 106.00 -141.77  74.72
 107.00 -68.36 169.37
 108.00 -57.90 -36.77
 109.00 -59.47 -55.83
 110.00 -53.94 -35.68
 111.00 -60.22 -47.73
 112.00 -75.46 -38.21
 113.00 -75.04 -26.91
 114.00 -78.52 -35.37
 115.00 -75.40 -21.81
 116.00 -51.59 -49.77
 117.00 -55.96 -40.36
 118.00 -62.29 -40.99
 119.00 -70.47 -43.53
 120.00 -54.01 -40.71
 121.00 -54.99 -57.51
 122.00 -72.87 -39.85
 123.00 -69.93 -30.98
 124.00 -80.94 -34.23
 125.00 -112.05 -28.65
 126.00 -87.00 -44.19
 127.00 -36.29 -64.65
 128.00 -55.26 -60.37
 129.00 -69.91 -35.41
 130.00 -71.59 -32.16
 131.00 -88.84 -18.78
 132.00 -57.17 -46.81
 133.00 -68.04 -30.65
 134.00 -79.81 -38.74
 135.00 -63.77 -22.50
 136.00 -67.66 -55.55
 137.00  55.23  15.96
 138.00  60.27  57.25
 139.00 -72.67  -4.88
 140.00 -73.41 145.64
 141.00 -88.09 128.15
 142.00 -111.20  -7.02
 143.00 -56.06 -179.77
 144.00 -70.77 148.04
 145.00 -67.18 -34.84
 146.00 -72.70  -7.46
 147.00 -58.91 -35.26
 148.00 -62.93 -50.00
 149.00 -65.72 -37.97
 150.00 -80.98 -32.96
 151.00 -68.00 -28.44
 152.00 -46.91 -53.14
 153.00 -71.54 -40.17
 154.00 -45.75 -45.05
 155.00 -67.50 -51.63
 156.00 -53.82 -46.34
 157.00 -70.53 -53.45
 158.00 -63.36 -34.03
 159.00 -67.97 -39.34
 160.00 -62.72 -53.79
 161.00 -51.46 -33.03
 162.00 -67.06 -63.35
 163.00 -60.88 -32.25
 164.00 -47.98 -48.28
 165.00 -75.39 -39.41
 166.00 -61.15 -43.61
 167.00 -60.15 -50.77
 168.00 -78.78 -42.31
 169.00 -47.48 -37.09
 170.00 -64.27 -54.62
 171.00 -67.36 -44.74
 172.00 -53.10 -47.17
 173.00 -83.82 -32.11
 174.00 -50.77 -45.62
 175.00 -67.66 -41.22
 176.00 -73.06 -44.62
 177.00 -71.75 -17.08
 178.00 -76.13 -11.62
 179.00 -62.79 128.79
 180.00 -122.22 -12.93
 181.00 -60.35  30.53
 182.00 -76.09 -15.83
 183.00 -62.75   3.85
 184.00 -69.12 150.65
 185.00 -105.20 -17.25
 186.00 -131.47 138.09
 187.00 -85.43 146.96
 188.00 -55.07 112.36
 189.00 -61.17 -41.78
 190.00 -81.41 -29.37
 191.00 -62.45 -43.02
 192.00 -73.20 -37.67
 193.00 -49.63 -40.63
 194.00 -73.71 -39.39
 195.00 -62.25 -48.73
 196.00 -67.31 -43.52
 197.00 -54.60 -45.42
 198.00 -76.31 -44.08
 199.00 -66.03 -30.65
 200.00 -65.47 -40.47
 201.00 -67.31 -35.89
 202.00 -58.17 -51.56
 203.00 -60.77 -36.87
 204.00 -67.80 -48.51
 205.00 -75.17 -24.93
 206.00 -81.23 -41.13
 207.00 -50.68 -29.01
 208.00 -74.19 -32.35
 209.00 -49.24 -14.69
 210.00 -64.64 -49.16
 211.00 -62.81 -49.25
 212.00 -69.04 -40.84
 213.00 -74.24 -48.72
 214.00 -89.50 -20.87
 215.00 -74.47 -26.33
 216.00 -135.36 -34.83
 217.00 -55.89  95.61
 218.00 -72.79 -24.30
 219.00 -77.84 -17.80
 220.00 -132.47 -17.77
 221.00 -107.66  -8.02
 222.00 -126.95 133.80
 223.00  46.50 121.70
 224.00  63.45  58.98
 225.00 -102.46   3.47
 226.00 -68.51 150.50
 227.00 -156.22  93.41
 228.00 -73.94 123.73
 229.00 -117.61 132.37
 230.00 -68.59 -27.77
 231.00 -61.22 125.91
 232.00 -55.15 -25.31
 233.00 -114.29 -20.43
 234.00 -80.37 -28.76
 235.00 -91.98 -46.21
 236.00 -74.05 -58.15
 237.00 -52.85 -46.54
 238.00 -57.43 -39.12
 239.00 -71.94 -24.68
 240.00 -73.70 -38.57
 241.00 -83.87 -38.75
 242.00 -133.62 -19.67
 243.00 -77.76 -55.96
 244.00 -68.50 -37.82
 245.00 -71.15 -49.51
 246.00 -70.93 -30.31
 247.00 -49.49 -43.20
 248.00 -61.65 -58.18
 249.00 -39.87 -50.62
 250.00 -77.58 -61.00
 251.00 -55.57 -40.74
 252.00 -58.87 -52.62
 253.00 -51.88 -40.21
 254.00 -60.72 -48.60
 255.00 -73.53 -37.09
 256.00 -69.88 -32.51
 257.00 -61.16 -55.07
 258.00 -58.30 -36.08
 259.00 -71.42 -48.52
 260.00 -66.86 -26.84
 261.00 -66.35 -51.42
 262.00 -64.60 -27.36
 263.00 -72.45 -34.24
 264.00 -66.82 -31.10
 1001.00 -52.10 -47.42
 1002.00 -77.61 -31.12
 1003.00 -69.22 -34.07
 1004.00 -58.64 -35.50
 1005.00 -81.13 -39.10
 1006.00 -64.93 -38.49
 1007.00 -66.79 -40.87
 1008.00 -69.08 -34.84
 1009.00 -53.72 -41.45
 1010.00 -50.37 -50.28
 1011.00 -69.41 -50.81
 1012.00 -81.27 -16.87
 1013.00 -66.15 -36.16
 1014.00 -64.72 -34.72
 1015.00 -74.93 -30.70
 1016.00 -65.58 -41.55
 1017.00 -52.09 -41.86
 1018.00 -136.69 -16.39
 1019.00 -70.30   9.36
 1020.00 -86.56 144.63
 1021.00 -144.98 -34.05
 1022.00 -56.24 156.37
 1023.00 -49.29 -44.81
 1024.00 -75.87 -31.29
 1025.00 -65.67 -45.93
 1026.00 -57.77 -39.33
 1027.00 -54.12 -41.47
 1028.00 -63.99 -58.26
 1029.00 -67.54 -33.07
 1030.00 -74.68 -33.27
 1031.00 -63.49 -44.15
 1032.00 -77.26 -24.66
 1033.00 -54.69 -33.57
 1034.00 -55.59 -58.97
 1035.00 -68.23 -51.74
 1036.00 -76.18 -28.61
 1037.00 -69.85 -34.49
 1038.00 -62.93 -36.51
 1039.00 -52.00 -54.56
 1040.00 -97.57 -25.66
 1041.00  45.67 -17.06
 1042.00  90.76  55.17
 1043.00 -67.96   3.21
 1044.00  66.39 -25.71
 1066.00 -68.83 157.91
 1067.00 -55.06   6.84
 1068.00 -71.36 -46.20
 1069.00 -61.99 -38.18
 1070.00 -75.77 -25.75
 1071.00 -65.54 -32.15
 1072.00 -71.31 -40.64
 1073.00 -84.89 -18.82
 1074.00 -58.03 -36.05
 1075.00 -84.50 -32.60
 1076.00 -63.98 -24.61
 1077.00 -61.96 -43.41
 1078.00 -56.72 -43.04
 1079.00 -63.79 -49.50
 1080.00 -80.38 -26.81
 1081.00  78.45   5.65
 1082.00 -78.33  -2.19
 1083.00 -62.06  77.93
 1084.00 -60.77 -46.09
 1085.00 -72.90 -36.79
 1086.00 -77.49 -30.56
 1087.00 -64.81 -33.43
 1088.00 -68.28 -37.79
 1089.00 -58.82 -44.15
 1090.00 -59.71 -42.24
 1091.00 -59.56 -48.59
 1092.00 -84.17 -24.71
 1093.00 -69.29 -28.15
 1094.00 -44.11 -42.12
 1095.00 -53.99 -50.92
 1096.00 -60.74 -53.43
 1097.00 -71.32 -37.00
 1098.00 -62.43 -44.02
 1099.00 -66.66 -39.08
 1100.00 -65.27 -44.71
 1101.00 -62.07 -44.89
 1102.00 -57.45 -38.05
 1103.00 -53.71 -47.38
 1104.00 -82.29 -39.80
 1105.00 -48.32 -24.58
 313.00 -50.60 -49.00
 314.00 -78.39 -53.24
 315.00 -59.81 -36.49
 316.00 -49.50 -56.81
 317.00 -79.31 -31.71
 318.00 -57.55 -47.48
 319.00 -54.79 -48.27
 320.00 -71.82 -43.35
 321.00 -57.41 -46.96
 322.00 -66.04 -42.88
 323.00 -63.80 -35.78
 324.00 -74.46 -34.98
 325.00 -59.60 -18.92
 326.00 -74.93 -32.54
 327.00 -58.30 -36.55
 328.00 -66.21 -47.98
 329.00 -79.20 -38.44
 330.00 -64.47 -43.36
 331.00 -57.03 -39.95
 332.00 -68.27 -45.94
 333.00 -67.54 -49.11
 334.00 -70.45 -35.24
 335.00 -94.80 -27.95
 336.00 -45.69 -23.80
 337.00 -62.40 -41.29
 338.00 -62.04 -46.46
 339.00 -53.70 -52.09
 340.00 -49.30 -51.14
 341.00 -74.87 -62.58
 342.00 -74.24 -27.07
 343.00 -73.89 -44.15
 344.00 -61.21 -29.66
 345.00 -51.45 -48.73
 346.00 -64.54 -34.61
 347.00 -92.55 -29.39
 348.00 -71.22 -56.84
 349.00 -154.17 160.63
 350.00 -83.29 -48.15
 351.00 -71.04 -53.44
 352.00 -141.95   8.47
 353.00 -115.76 149.14
 354.00 -69.95 133.39
 355.00 -73.04 -24.70
 356.00 -79.03 -29.72
 357.00 -78.73 -43.68
 358.00 -69.98 -30.66
 359.00 -64.58 -36.39
 360.00 -77.47 -35.62
 361.00 -75.60 -31.54
 362.00 -62.92 -26.97
 363.00 -79.20 -38.77
 364.00 -67.23 -42.24
 365.00 -61.28 -37.08
 366.00 -70.84 -44.35
 367.00 -54.29 -37.07
 368.00 -57.20 -39.35
 369.00 -54.02 -57.26
 370.00 -73.56 -22.44
 371.00 -61.06 -29.53
 372.00 -66.83 -23.25
 373.00 -85.77 -17.00
 374.00 -85.28 -19.12
 375.00 -56.62 -37.24
 376.00 -59.65 -40.52
 377.00 -70.99 -36.70
 378.00 -59.76 -43.47
 379.00 -80.69 -33.94
 380.00 -61.27 -29.88
 381.00 -96.70 -37.63
 382.00 -119.37 -13.76
 383.00 -143.48   1.46
 384.00 -68.17 110.70
 385.00 -70.15 -30.78
 386.00 -69.16 -33.44
 387.00 -64.57 -42.31
 388.00 -54.79 -35.53
 389.00 -57.71 -56.64
 390.00 -42.69 -53.83
 391.00 -53.67 -48.22
 392.00 -63.92 -52.41
 393.00 -65.00 -49.75
 394.00 -71.07 -37.39
 395.00 -87.24 -22.61
 396.00  67.46  -9.39
 397.00 -75.25  15.44
 398.00 -97.80  80.07


