 residuo Phi Psi
  69.00 -133.56 159.49
  70.00 -66.62 -12.20
  71.00 -79.83 -32.26
  72.00 -70.82 -28.42
  73.00 -65.40 -51.83
  74.00 -56.74 -26.37
  75.00 -57.00 -55.09
  76.00 -70.33 -32.03
  77.00 -60.99 -43.49
  78.00 -73.69 -40.92
  79.00 -77.14 -13.84
  80.00 -64.35 -47.80
  81.00 -70.59 -23.34
  82.00 -77.33 -31.53
  83.00 -58.34 -32.40
  84.00 -60.64 -40.69
  85.00 -67.00 -49.98
  86.00 -64.00 -34.44
  87.00 -75.21 -37.78
  88.00 -62.83 -30.58
  89.00 -68.31 -50.33
  90.00 -59.79 -34.90
  91.00 -94.49 -28.47
  92.00 -66.77 -25.40
  93.00 -52.99 -36.24
  94.00 -62.34 -46.65
  95.00 -63.74 -46.48
  96.00 -65.54 -27.54
  97.00 -59.23 -52.89
  98.00 -75.58 -45.39
  99.00 -73.84 -25.38
 100.00 -122.79 -17.12
 101.00 -67.44 -52.80
 102.00 -56.28 111.29
 103.00 -75.90 -36.77
 104.00 -76.53 -19.88
 105.00 -78.07  -5.13
 106.00 -162.52  78.13
 107.00 -50.77 154.90
 108.00 -55.98 -43.89
 109.00 -66.27 -45.87
 110.00 -64.22 -38.80
 111.00 -59.60 -36.25
 112.00 -54.18 -55.69
 113.00 -68.09 -33.32
 114.00 -68.48 -29.46
 115.00 -59.38 -39.25
 116.00 -72.58 -35.42
 117.00 -64.77 -39.32
 118.00 -71.46 -30.69
 119.00 -78.49 -26.59
 120.00 -50.23 -44.53
 121.00 -66.14 -49.83
 122.00 -57.52 -40.26
 123.00 -81.78 -30.55
 124.00 -62.79 -34.05
 125.00 -104.04 -43.86
 126.00 -117.59 -38.61
 127.00 -58.66 -51.93
 128.00 -65.78 -40.07
 129.00 -81.85 -31.50
 130.00 -67.52 -33.06
 131.00 -53.17 -44.38
 132.00 -65.57 -51.42
 133.00 -60.21 -33.93
 134.00 -64.18 -37.59
 135.00 -63.60 -40.73
 136.00 -61.15 -43.93
 137.00  56.69   0.08
 138.00  49.61  59.14
 139.00 -139.14  62.41
 140.00 -55.08 151.73
 141.00 -82.59 123.19
 142.00 -141.59  10.78
 143.00 -63.78 176.08
 144.00 -65.84 142.21
 145.00 -57.17 -35.18
 146.00 -82.94 -17.29
 147.00 -38.09 -25.66
 148.00 -57.97 -58.54
 149.00 -70.11 -42.05
 150.00 -77.31 -26.33
 151.00 -69.69 -52.19
 152.00 -43.55 -18.06
 153.00 -70.42 -42.38
 154.00 -57.30 -50.46
 155.00 -74.82 -35.38
 156.00 -62.77 -38.92
 157.00 -62.25 -54.61
 158.00 -54.19 -41.65
 159.00 -52.34 -65.75
 160.00 -69.84 -40.84
 161.00 -64.01 -34.62
 162.00 -64.19 -56.78
 163.00 -71.00 -33.61
 164.00 -67.06 -30.15
 165.00 -66.10 -41.55
 166.00 -58.73 -41.02
 167.00 -59.33 -44.98
 168.00 -47.06 -53.29
 169.00 -69.10 -46.72
 170.00 -67.99 -42.17
 171.00 -60.10 -34.84
 172.00 -59.13 -55.06
 173.00 -61.86 -39.11
 174.00 -85.09 -36.63
 175.00 -65.56 -33.40
 176.00 -76.08 -35.30
 177.00 -84.45   2.37
 178.00 -79.85 -19.55
 179.00 -74.88 139.83
 180.00 -137.70   1.77
 181.00 -62.82  15.28
 182.00 -83.90  -4.92
 183.00 -51.39  -4.99
 184.00 -62.44 141.69
 185.00 -76.95 -45.69
 186.00 -158.90 161.06
 187.00 -82.17 153.69
 188.00 -73.43 131.01
 189.00 -51.18 -52.87
 190.00 -51.37 -54.87
 191.00 -66.01 -42.31
 192.00 -66.14 -40.38
 193.00 -61.93 -49.28
 194.00 -73.91 -29.91
 195.00 -49.15 -50.18
 196.00 -63.92 -45.84
 197.00 -65.26 -46.73
 198.00 -66.55 -43.08
 199.00 -57.54 -41.12
 200.00 -56.70 -50.70
 201.00 -55.74 -50.18
 202.00 -74.55 -48.40
 203.00 -48.72 -31.75
 204.00 -62.43 -58.76
 205.00 -74.46 -31.13
 206.00 -88.91 -23.48
 207.00 -64.07 -23.88
 208.00 -61.88 -10.77
 209.00 -45.02 -46.40
 210.00 -74.85 -59.26
 211.00 -99.06  -6.61
 212.00 -72.29 -48.95
 213.00 -62.15 -40.68
 214.00 -84.72 -21.37
 215.00 -100.06  -0.63
 216.00 -154.61 -21.18
 217.00 -53.94 103.13
 218.00 -55.61 -25.85
 219.00 -66.85 -20.75
 220.00 -134.07 -32.56
 221.00 -138.13  25.98
 222.00 -135.74 132.60
 223.00  45.97 134.49
 224.00  73.09  41.57
 225.00 -118.29  16.66
 226.00 -66.75 141.57
 227.00 -145.79  99.42
 228.00 -65.60 131.97
 229.00 -134.10 131.04
 230.00 -72.50 -15.30
 231.00 -51.70 130.03
 232.00 -50.98 -33.99
 233.00 -72.44 -54.27
 234.00 -80.99 -39.36
 235.00 -116.80 -31.47
 236.00 -43.32 -76.95
 237.00 -69.16 -40.39
 238.00 -70.61 -30.34
 239.00 -54.01 -33.01
 240.00 -72.42 -60.36
 241.00 -83.17 -22.99
 242.00 -157.71  -8.27
 243.00 -68.30 -67.69
 244.00 -60.19 -32.91
 245.00 -70.60 -58.91
 246.00 -71.72 -24.03
 247.00 -78.87 -35.03
 248.00 -64.44 -39.81
 249.00 -57.94 -44.04
 250.00 -68.80 -52.79
 251.00 -71.85 -23.17
 252.00 -51.48 -59.83
 253.00 -67.67 -31.09
 254.00 -79.20 -43.26
 255.00 -68.87 -30.98
 256.00 -57.40 -41.46
 257.00 -69.54 -65.70
 258.00 -73.15 -19.74
 259.00 -68.55 -33.19
 260.00 -73.37 -31.49
 261.00 -65.01 -45.47
 262.00 -52.11 -40.01
 263.00 -42.43 -55.04
 264.00 -67.93 -52.20
 1001.00 -60.80 -30.37
 1002.00 -65.15 -30.66
 1003.00 -75.66 -37.49
 1004.00 -63.17 -40.60
 1005.00 -82.99 -25.73
 1006.00 -53.94 -48.73
 1007.00 -71.02 -32.74
 1008.00 -85.56 -32.57
 1009.00 -61.76 -25.85
 1010.00 -77.68 -34.33
 1011.00 -60.72 -37.30
 1012.00 -76.32 -29.08
 1013.00 -65.03 -30.13
 1014.00 -59.63 -45.90
 1015.00 -64.48 -37.07
 1016.00 -60.06 -57.40
 1017.00 -78.97 -28.87
 1018.00 -87.02 -26.94
 1019.00 -57.77 -28.54
 1020.00 -131.62 153.39
 1021.00 -154.16  -8.19
 1022.00 -59.86 139.23
 1023.00 -50.90 -27.39
 1024.00 -72.45 -39.27
 1025.00 -55.73 -39.66
 1026.00 -58.66 -50.03
 1027.00 -68.96 -33.90
 1028.00 -65.11 -52.66
 1029.00 -60.65 -37.66
 1030.00 -74.43 -30.26
 1031.00 -80.75 -32.39
 1032.00 -67.27 -29.93
 1033.00 -50.98 -40.93
 1034.00 -53.55 -56.64
 1035.00 -51.50 -58.45
 1036.00 -65.22 -47.54
 1037.00 -61.48 -42.35
 1038.00 -67.14 -42.07
 1039.00 -73.12 -31.98
 1040.00 -93.30 -28.66
 1041.00  49.86 -20.73
 1042.00  91.47  62.73
 1043.00 -62.46  -4.92
 1044.00  79.15 -29.84
 1066.00 -52.46 153.37
 1067.00 -45.73 -35.71
 1068.00 -59.71 -42.48
 1069.00 -67.77 -32.28
 1070.00 -74.32 -43.34
 1071.00 -63.65 -31.00
 1072.00 -69.35 -34.55
 1073.00 -65.35 -36.22
 1074.00 -63.98 -35.03
 1075.00 -55.40 -43.93
 1076.00 -58.58 -41.30
 1077.00 -65.51 -43.24
 1078.00 -63.01 -39.85
 1079.00 -67.61 -36.43
 1080.00 -71.42 -38.83
 1081.00  81.46  -3.71
 1082.00 -87.41  12.69
 1083.00 -43.60  74.14
 1084.00 -82.17 -57.45
 1085.00 -68.51 -27.46
 1086.00 -64.69 -34.16
 1087.00 -67.93 -38.86
 1088.00 -65.01 -36.41
 1089.00 -72.81 -25.42
 1090.00 -68.76 -47.56
 1091.00 -72.48 -21.95
 1092.00 -88.19 -23.78
 1093.00 -60.31 -28.72
 1094.00 -46.24 -41.38
 1095.00 -85.96 -50.03
 1096.00 -60.97 -33.79
 1097.00 -64.55 -49.19
 1098.00 -47.43 -40.45
 1099.00 -77.39 -45.61
 1100.00 -61.22 -39.05
 1101.00 -47.84 -51.50
 1102.00 -50.93 -48.23
 1103.00 -85.68 -38.08
 1104.00 -67.31 -36.84
 1105.00 -50.36 -39.11
 313.00 -71.66 -32.64
 314.00 -75.64 -36.68
 315.00 -56.64 -28.00
 316.00 -71.13 -44.81
 317.00 -64.98 -30.87
 318.00 -56.36 -48.03
 319.00 -59.73 -47.00
 320.00 -56.69 -52.11
 321.00 -69.57 -38.85
 322.00 -60.93 -31.54
 323.00 -59.67 -46.82
 324.00 -62.62 -34.24
 325.00 -52.05 -36.66
 326.00 -69.88 -40.57
 327.00 -56.74 -47.57
 328.00 -67.80 -32.34
 329.00 -49.11 -57.13
 330.00 -89.55 -42.71
 331.00 -90.43   4.33
 332.00 -67.74 -36.78
 333.00 -71.71 -55.38
 334.00 -97.32 -15.76
 335.00 -93.17 -34.26
 336.00 -54.91 -35.30
 337.00 -57.14 -29.93
 338.00 -57.85 -40.69
 339.00 -62.78 -66.67
 340.00 -65.95 -40.08
 341.00 -71.35 -34.12
 342.00 -80.70 -18.88
 343.00 -66.96 -41.82
 344.00 -56.95 -44.45
 345.00 -53.70 -49.83
 346.00 -75.39 -33.84
 347.00 -65.11 -43.32
 348.00 -85.61 -42.84
 349.00 -155.12 155.73
 350.00 -82.32 -59.75
 351.00 -59.19 -51.44
 352.00 -146.74  -1.99
 353.00 -125.60 165.59
 354.00 -65.56 140.62
 355.00 -78.66 -32.86
 356.00 -72.65 -20.36
 357.00 -43.31 -58.86
 358.00 -80.81 -36.15
 359.00 -75.08 -26.35
 360.00 -72.22 -31.39
 361.00 -59.12 -48.70
 362.00 -71.21 -27.75
 363.00 -77.77 -37.32
 364.00 -79.72 -31.32
 365.00 -60.63 -25.75
 366.00 -71.07 -39.03
 367.00 -63.75 -26.47
 368.00 -54.24 -43.43
 369.00 -72.27 -41.40
 370.00 -89.70  -1.63
 371.00 -54.95 -29.64
 372.00 -75.10 -26.62
 373.00 -109.60 -17.25
 374.00 -104.76   3.84
 375.00 -62.43 -32.60
 376.00 -46.68 -35.69
 377.00 -59.21 -46.78
 378.00 -61.88 -48.87
 379.00 -61.96 -49.08
 380.00 -83.16 -12.36
 381.00 -60.30 -60.12
 382.00 -132.32 -31.69
 383.00 -148.24  13.99
 384.00 -52.83 106.03
 385.00 -83.39 -31.35
 386.00 -55.14 -44.86
 387.00 -49.88 -56.58
 388.00 -76.49 -36.32
 389.00 -57.55 -38.53
 390.00 -58.97 -48.69
 391.00 -64.54 -36.51
 392.00 -71.28 -50.69
 393.00 -83.57 -19.79
 394.00 -73.04 -46.08
 395.00 -93.59 -11.83
 396.00  55.52 -11.35
 397.00 -63.73  19.32
 398.00  53.94 -38.48


