 residuo Phi Psi
  69.00 -62.16 129.75
  70.00 -51.43 -29.52
  71.00 -83.94 -40.95
  72.00 -52.66 -56.78
  73.00 -69.43 -46.87
  74.00 -64.65 -42.82
  75.00 -64.43 -47.51
  76.00 -73.92 -25.78
  77.00 -59.16 -39.17
  78.00 -60.34 -55.09
  79.00 -74.86 -35.12
  80.00 -55.75 -35.21
  81.00 -52.60 -34.59
  82.00 -77.44 -33.21
  83.00 -74.89 -24.39
  84.00 -59.82 -45.75
  85.00 -60.44 -37.26
  86.00 -56.54 -61.09
  87.00 -68.68 -28.46
  88.00 -74.59 -37.86
  89.00 -54.38 -52.83
  90.00 -53.44 -49.99
  91.00 -82.25 -40.64
  92.00 -55.43 -26.90
  93.00 -49.85 -48.27
  94.00 -72.08 -43.12
  95.00 -57.22 -38.67
  96.00 -62.60 -51.08
  97.00 -53.58 -51.19
  98.00 -73.05 -50.17
  99.00 -64.57 -24.06
 100.00 -116.28 -38.14
 101.00 -75.25 -30.57
 102.00 -60.58 132.15
 103.00 -54.88 -45.22
 104.00 -96.81 -31.18
 105.00 -69.43  -2.25
 106.00 -123.42  42.38
 107.00 -51.77 152.08
 108.00 -70.63 -39.24
 109.00 -66.27 -39.19
 110.00 -53.88 -28.39
 111.00 -66.87 -42.87
 112.00 -63.82 -41.03
 113.00 -65.00 -31.03
 114.00 -69.36 -38.39
 115.00 -57.10 -37.61
 116.00 -60.20 -41.49
 117.00 -66.72 -48.14
 118.00 -66.58 -26.21
 119.00 -61.96 -42.21
 120.00 -52.98 -39.43
 121.00 -62.23 -55.87
 122.00 -48.15 -40.30
 123.00 -67.37 -56.73
 124.00 -77.10 -28.52
 125.00 -154.20 -25.75
 126.00 -86.05 -21.78
 127.00 -48.24 -51.02
 128.00 -56.24 -59.81
 129.00 -74.69 -30.53
 130.00 -68.49 -34.98
 131.00 -68.50 -39.60
 132.00 -56.33 -43.87
 133.00 -69.12 -39.45
 134.00 -62.88 -41.47
 135.00 -61.13 -43.67
 136.00 -105.45 -41.00
 137.00  77.29  45.39
 138.00  73.23  30.70
 139.00 -59.16 -24.34
 140.00 -59.26 144.92
 141.00 -71.57 110.98
 142.00 -102.11 -13.94
 143.00 -52.17 174.16
 144.00 -64.64 140.32
 145.00 -73.91 -47.52
 146.00 -71.69  -9.29
 147.00 -47.29 -28.83
 148.00 -40.47 -67.98
 149.00 -103.84 -32.77
 150.00 -107.25   1.61
 151.00 -66.56 -39.45
 152.00 -50.55 -19.11
 153.00 -56.63 -53.70
 154.00 -65.56 -45.04
 155.00 -73.37 -39.80
 156.00 -47.64 -38.03
 157.00 -51.10 -66.51
 158.00 -57.90 -54.57
 159.00 -58.55 -45.10
 160.00 -60.06 -48.55
 161.00 -71.09 -41.38
 162.00 -72.77 -44.95
 163.00 -65.78 -36.13
 164.00 -74.86 -23.29
 165.00 -58.05 -44.60
 166.00 -56.15 -43.10
 167.00 -52.39 -48.16
 168.00 -68.43 -49.45
 169.00 -70.73 -34.60
 170.00 -62.32 -44.97
 171.00 -53.36 -47.74
 172.00 -75.73 -37.43
 173.00 -67.55 -37.94
 174.00 -70.27 -31.76
 175.00 -65.57 -33.03
 176.00 -56.24 -46.28
 177.00 -73.52 -16.40
 178.00 -60.78 -42.11
 179.00 -65.25 136.01
 180.00 -131.45  -8.56
 181.00 -66.23  25.84
 182.00 -91.16 -16.02
 183.00 -64.42   2.56
 184.00 -86.92 147.44
 185.00 -74.30 -19.27
 186.00 -158.20 135.71
 187.00 -68.68 160.30
 188.00 -65.81 110.14
 189.00 -61.54 -39.54
 190.00 -62.27 -42.74
 191.00 -72.89 -34.18
 192.00 -57.65 -51.16
 193.00 -80.07 -35.15
 194.00 -49.79 -48.32
 195.00 -61.31 -42.05
 196.00 -46.55 -60.46
 197.00 -70.11 -45.12
 198.00 -62.68 -34.58
 199.00 -68.88 -39.32
 200.00 -57.10 -38.37
 201.00 -50.73 -54.81
 202.00 -66.88 -46.82
 203.00 -51.20 -43.28
 204.00 -67.78 -50.51
 205.00 -66.04 -37.14
 206.00 -69.59 -39.04
 207.00 -66.34 -30.47
 208.00 -57.92 -25.67
 209.00 -59.06 -33.51
 210.00 -80.56 -53.47
 211.00 -88.93  -0.41
 212.00 -71.71 -69.33
 213.00 -67.29 -19.60
 214.00 -91.32 -18.14
 215.00 -102.70   2.74
 216.00 -141.31 -37.86
 217.00 -51.42 102.20
 218.00 -66.47 -35.48
 219.00 -74.72  -9.98
 220.00 -126.76 -29.34
 221.00 -133.04  17.81
 222.00 -149.67 143.55
 223.00  51.39 121.11
 224.00  75.31  31.35
 225.00 -78.28   0.25
 226.00 -80.81 137.00
 227.00 -178.14 115.73
 228.00 -58.93 119.09
 229.00 -140.70 126.99
 230.00 -74.28 -12.15
 231.00 -64.60 138.09
 232.00 -69.71 -26.53
 233.00 -96.85 -16.44
 234.00 -82.18 -42.16
 235.00 -79.21 -54.62
 236.00 -61.83 -64.22
 237.00 -63.05 -48.15
 238.00 -74.97 -48.37
 239.00 -56.25 -12.21
 240.00 -75.94 -55.03
 241.00 -78.64 -31.05
 242.00 -139.89 -30.50
 243.00 -61.50 -72.70
 244.00 -66.12 -42.44
 245.00 -66.58 -51.05
 246.00 -63.41 -31.55
 247.00 -57.91 -47.90
 248.00 -69.92 -45.76
 249.00 -55.95 -50.23
 250.00 -66.12 -47.13
 251.00 -69.48 -46.47
 252.00 -53.46 -45.46
 253.00 -62.99 -51.43
 254.00 -61.45 -42.06
 255.00 -69.30 -40.38
 256.00 -45.44 -44.31
 257.00 -68.19 -53.47
 258.00 -57.99 -44.51
 259.00 -74.70 -33.26
 260.00 -70.64 -35.41
 261.00 -68.38 -29.68
 262.00 -63.13 -44.21
 263.00 -66.65 -42.94
 264.00 -74.73 -29.25
 1001.00 -66.54 -37.14
 1002.00 -75.46 -17.59
 1003.00 -59.88 -36.20
 1004.00 -86.39 -29.15
 1005.00 -66.18 -30.33
 1006.00 -62.62 -44.64
 1007.00 -52.16 -45.57
 1008.00 -69.37 -41.81
 1009.00 -60.04 -39.38
 1010.00 -63.87 -49.22
 1011.00 -78.68 -25.20
 1012.00 -71.01 -39.53
 1013.00 -66.27 -27.00
 1014.00 -67.90 -36.17
 1015.00 -62.34 -32.66
 1016.00 -73.52 -38.18
 1017.00 -68.43 -34.37
 1018.00 -62.78 -46.77
 1019.00 -92.30   2.75
 1020.00 -112.85 124.97
 1021.00 -95.03 -22.63
 1022.00 -58.86 127.95
 1023.00 -53.55 -31.33
 1024.00 -70.92 -42.82
 1025.00 -74.89 -23.19
 1026.00 -51.50 -53.66
 1027.00 -61.33 -40.73
 1028.00 -78.70 -44.55
 1029.00 -70.70 -36.62
 1030.00 -54.24 -31.09
 1031.00 -72.47 -47.09
 1032.00 -55.34 -44.38
 1033.00 -45.97 -47.03
 1034.00 -65.31 -59.24
 1035.00 -54.71 -38.09
 1036.00 -66.49 -45.37
 1037.00 -66.50 -35.58
 1038.00 -60.16 -36.94
 1039.00 -60.33 -43.44
 1040.00 -112.31 -40.30
 1041.00  41.35  -3.30
 1042.00  86.56  65.17
 1043.00 -72.26  22.68
 1044.00  68.96 -29.72
 1066.00 -40.86 155.09
 1067.00 -51.91 -38.01
 1068.00 -62.75 -42.00
 1069.00 -72.02 -35.53
 1070.00 -55.06 -43.43
 1071.00 -74.97 -26.62
 1072.00 -58.72 -40.17
 1073.00 -56.12 -48.23
 1074.00 -68.47 -40.71
 1075.00 -70.62 -27.60
 1076.00 -47.94 -40.74
 1077.00 -65.13 -52.06
 1078.00 -68.06 -37.44
 1079.00 -62.01 -34.69
 1080.00 -66.55 -45.79
 1081.00  80.82  -5.34
 1082.00 -88.13   6.93
 1083.00 -48.98  71.35
 1084.00 -61.07 -47.67
 1085.00 -79.28 -40.54
 1086.00 -71.19 -29.73
 1087.00 -66.95 -32.95
 1088.00 -56.68 -47.24
 1089.00 -78.68 -31.23
 1090.00 -64.72 -42.09
 1091.00 -68.31 -30.53
 1092.00 -65.79 -40.03
 1093.00 -64.82 -38.10
 1094.00 -59.25 -47.78
 1095.00 -68.10 -35.19
 1096.00 -69.73 -42.23
 1097.00 -57.37 -42.92
 1098.00 -70.06 -32.77
 1099.00 -62.11 -38.59
 1100.00 -66.29 -41.25
 1101.00 -56.11 -48.61
 1102.00 -67.02 -39.31
 1103.00 -62.96 -45.25
 1104.00 -60.18 -43.85
 1105.00 -56.49 -47.58
 313.00 -78.50 -27.39
 314.00 -73.17 -30.09
 315.00 -72.93 -30.22
 316.00 -70.56 -40.73
 317.00 -53.64 -29.27
 318.00 -74.46 -46.01
 319.00 -57.18 -36.38
 320.00 -56.06 -49.10
 321.00 -68.72 -44.17
 322.00 -60.20 -45.05
 323.00 -65.08 -42.52
 324.00 -62.48 -42.19
 325.00 -65.55 -31.49
 326.00 -58.75 -28.85
 327.00 -75.34 -39.13
 328.00 -61.57 -41.07
 329.00 -61.11 -40.13
 330.00 -64.51 -40.68
 331.00 -66.10 -30.93
 332.00 -66.84 -63.14
 333.00 -62.30 -41.26
 334.00 -84.38 -35.59
 335.00 -85.81 -43.89
 336.00 -56.78 -32.52
 337.00 -60.81 -40.87
 338.00 -58.53 -31.36
 339.00 -56.20 -54.12
 340.00 -47.68 -43.96
 341.00 -53.95 -59.61
 342.00 -69.16 -42.21
 343.00 -80.51 -37.62
 344.00 -60.47 -28.36
 345.00 -58.24 -46.52
 346.00 -73.54 -30.08
 347.00 -85.99 -31.34
 348.00 -98.98 -39.29
 349.00 -156.47 155.91
 350.00 -85.89 -49.17
 351.00 -69.29 -41.95
 352.00 -140.36 -15.40
 353.00 -107.28 157.96
 354.00 -67.42 113.38
 355.00 -66.18 -28.87
 356.00 -82.44 -30.07
 357.00 -70.06 -29.48
 358.00 -52.05 -48.39
 359.00 -74.26 -38.94
 360.00 -62.55 -66.18
 361.00 -56.46 -20.59
 362.00 -69.22 -40.80
 363.00 -92.86  -6.14
 364.00 -46.98 -64.41
 365.00 -62.86 -42.00
 366.00 -77.27 -41.24
 367.00 -77.32 -10.78
 368.00 -42.94 -47.87
 369.00 -56.92 -57.60
 370.00 -65.94 -23.22
 371.00 -48.20 -32.33
 372.00 -57.55 -44.19
 373.00 -81.93 -29.18
 374.00 -89.67 -34.04
 375.00 -59.16 -31.38
 376.00 -60.00 -32.31
 377.00 -82.85 -24.81
 378.00 -66.50 -31.19
 379.00 -65.90 -42.35
 380.00 -70.46 -35.00
 381.00 -86.79 -33.00
 382.00 -101.62 -51.59
 383.00 -137.80  18.47
 384.00 -72.52 122.19
 385.00 -72.10 -36.80
 386.00 -62.57 -42.61
 387.00 -61.13 -46.66
 388.00 -75.01 -38.92
 389.00 -60.33 -38.30
 390.00 -66.26 -47.91
 391.00 -57.63 -41.40
 392.00 -64.34 -38.55
 393.00 -65.44 -50.74
 394.00 -71.92 -38.78
 395.00 -99.09 -15.73
 396.00  61.40   4.71
 397.00 -95.66  31.75
 398.00 -60.26  64.07


