 residuo Phi Psi
  69.00 -93.49 133.17
  70.00 -145.34 144.00
  71.00 -44.65 -36.56
  72.00 -62.41 -60.73
  73.00 -70.01 -33.41
  74.00 -54.47 -48.51
  75.00 -89.34 -28.86
  76.00 -59.32 -42.17
  77.00 -61.64 -35.22
  78.00 -61.34 -53.26
  79.00 -68.78 -44.25
  80.00 -57.68 -36.98
  81.00 -55.62 -44.93
  82.00 -71.21 -26.46
  83.00 -72.40 -28.47
  84.00 -66.42 -31.21
  85.00 -61.59 -49.28
  86.00 -73.40 -46.13
  87.00 -69.30 -25.12
  88.00 -65.55 -41.27
  89.00 -60.52 -51.72
  90.00 -67.09 -30.16
  91.00 -68.91 -39.61
  92.00 -52.58 -40.60
  93.00 -61.87 -43.93
  94.00 -54.77 -52.10
  95.00 -74.54 -33.34
  96.00 -72.43 -35.02
  97.00 -74.01 -34.93
  98.00 -86.68 -25.46
  99.00 -69.97 -18.44
 100.00 -112.80 -32.51
 101.00 -89.81 -48.82
 102.00 -61.52 138.87
 103.00 -78.63 -47.67
 104.00 -106.14  -1.04
 105.00 -53.62 -16.17
 106.00 -156.67  72.05
 107.00 -59.27 164.12
 108.00 -51.31 -44.02
 109.00 -70.99 -50.42
 110.00 -56.28 -30.65
 111.00 -71.45 -35.98
 112.00 -57.89 -47.31
 113.00 -57.89 -33.81
 114.00 -57.40 -54.15
 115.00 -65.22 -35.75
 116.00 -68.69 -29.88
 117.00 -49.63 -46.90
 118.00 -70.48 -35.86
 119.00 -74.37 -40.02
 120.00 -75.21 -19.72
 121.00 -75.09 -51.71
 122.00 -57.93 -23.95
 123.00 -75.07 -43.98
 124.00 -91.82 -11.06
 125.00 -129.11 -31.70
 126.00 -96.87 -35.92
 127.00 -48.43 -62.31
 128.00 -67.80 -42.33
 129.00 -58.82 -41.96
 130.00 -56.70 -53.49
 131.00 -62.79 -42.99
 132.00 -65.23 -40.17
 133.00 -62.30 -31.27
 134.00 -58.28 -41.51
 135.00 -76.02 -37.42
 136.00 -85.40 -32.87
 137.00  65.60   8.69
 138.00  60.66  52.83
 139.00 -73.70 -11.02
 140.00 -63.92 145.07
 141.00 -80.48 125.96
 142.00 -66.00 -42.42
 143.00 -56.09 161.96
 144.00 -65.89 159.13
 145.00 -64.58 -43.47
 146.00 -101.05  -4.24
 147.00 -69.20  -1.13
 148.00 -65.86 -55.70
 149.00 -70.50 -37.54
 150.00 -114.39   0.25
 151.00 -54.58 -32.13
 152.00 -53.91 -37.30
 153.00 -88.70 -33.78
 154.00 -51.72 -36.39
 155.00 -76.95 -38.38
 156.00 -49.97 -50.57
 157.00 -82.11 -46.65
 158.00 -47.03 -40.93
 159.00 -72.39 -34.67
 160.00 -58.57 -44.64
 161.00 -52.35 -48.49
 162.00 -82.81 -55.10
 163.00 -78.82 -26.95
 164.00 -68.96 -17.55
 165.00 -58.20 -52.59
 166.00 -61.13 -34.26
 167.00 -54.06 -62.08
 168.00 -69.65 -43.14
 169.00 -66.38 -27.81
 170.00 -54.62 -41.70
 171.00 -60.85 -57.80
 172.00 -67.83 -40.21
 173.00 -84.33 -18.14
 174.00 -69.21 -38.48
 175.00 -52.91 -40.33
 176.00 -70.76 -53.58
 177.00 -92.84   3.59
 178.00 -87.55 -12.69
 179.00 -54.30 132.29
 180.00 -108.11 -24.01
 181.00 -49.59   8.03
 182.00 -69.80 -28.49
 183.00 -60.95  10.72
 184.00 -85.84 160.62
 185.00 -74.76 -32.19
 186.00 -149.50 130.16
 187.00 -78.28 154.03
 188.00 -78.12 134.88
 189.00 -53.84 -39.40
 190.00 -67.35 -48.95
 191.00 -80.09 -29.52
 192.00 -51.83 -42.79
 193.00 -65.10 -53.35
 194.00 -81.14 -29.38
 195.00 -59.41 -35.49
 196.00 -56.58 -44.35
 197.00 -68.60 -47.71
 198.00 -64.21 -35.76
 199.00 -69.26 -29.44
 200.00 -73.15 -38.02
 201.00 -59.06 -38.68
 202.00 -63.53 -48.35
 203.00 -50.36 -48.27
 204.00 -54.23 -48.25
 205.00 -66.80 -36.80
 206.00 -73.80 -48.94
 207.00 -39.12 -23.72
 208.00 -54.92 -48.99
 209.00 -69.93 -14.49
 210.00 -72.51 -60.00
 211.00 -58.65 -29.18
 212.00 -93.26 -43.97
 213.00 -80.19 -45.03
 214.00 -71.83 -20.57
 215.00 -85.21 -25.28
 216.00 -148.85 -24.74
 217.00 -61.79 106.29
 218.00 -76.31 -15.30
 219.00 -91.36 -15.53
 220.00 -134.40 -18.14
 221.00 -128.91   1.43
 222.00 -144.40 138.09
 223.00  57.43 129.39
 224.00  80.25  37.14
 225.00 -73.56 -23.94
 226.00 -72.01 130.94
 227.00 -151.25 104.08
 228.00 -80.20 164.00
 229.00 -81.20  83.97
 230.00 -70.47 -27.27
 231.00 -70.48 109.25
 232.00 -75.37   2.77
 233.00 -70.59 -32.04
 234.00 -94.09 -22.83
 235.00 -84.12 -32.24
 236.00 -124.25 -31.58
 237.00 -48.29 -56.35
 238.00 -56.52 -38.70
 239.00 -54.42 -21.30
 240.00 -87.46 -57.71
 241.00 -77.03 -14.13
 242.00 -151.09 -19.09
 243.00 -59.57 -81.67
 244.00 -76.24 -27.59
 245.00 -54.69 -58.78
 246.00 -59.91 -36.52
 247.00 -74.27 -39.66
 248.00 -62.75 -32.53
 249.00 -57.12 -51.54
 250.00 -78.03 -41.13
 251.00 -80.11 -28.63
 252.00 -70.64 -39.29
 253.00 -57.41 -32.50
 254.00 -56.51 -51.17
 255.00 -60.15 -56.20
 256.00 -69.88 -29.66
 257.00 -59.33 -51.08
 258.00 -66.85 -40.98
 259.00 -82.13 -31.71
 260.00 -68.06 -25.95
 261.00 -71.59 -30.15
 262.00 -58.19 -41.94
 263.00 -70.96 -43.94
 264.00 -52.83 -46.18
 1001.00 -62.51 -35.22
 1002.00 -60.91 -29.08
 1003.00 -68.49 -38.16
 1004.00 -78.53 -31.71
 1005.00 -73.27 -26.66
 1006.00 -64.43 -39.14
 1007.00 -57.54 -47.87
 1008.00 -66.54 -42.05
 1009.00 -73.89 -28.40
 1010.00 -67.17 -47.79
 1011.00 -63.43 -44.75
 1012.00 -86.67 -25.13
 1013.00 -61.21 -30.48
 1014.00 -71.85 -34.37
 1015.00 -83.64 -16.74
 1016.00 -66.66 -38.80
 1017.00 -47.42 -42.00
 1018.00 -77.37 -48.88
 1019.00 -58.49 -33.62
 1020.00 -118.70 163.06
 1021.00 -130.61 -12.32
 1022.00 -63.99 155.77
 1023.00 -70.31 -43.36
 1024.00 -62.19 -39.82
 1025.00 -64.57 -36.80
 1026.00 -63.34 -50.05
 1027.00 -57.42 -44.10
 1028.00 -71.40 -44.75
 1029.00 -53.50 -46.66
 1030.00 -65.23 -36.70
 1031.00 -66.89 -46.07
 1032.00 -63.98 -30.22
 1033.00 -65.92 -40.60
 1034.00 -64.88 -45.19
 1035.00 -63.09 -43.29
 1036.00 -63.14 -31.54
 1037.00 -65.13 -52.17
 1038.00 -79.09 -26.49
 1039.00 -73.28 -26.75
 1040.00 -76.67 -49.84
 1041.00  50.57 -21.29
 1042.00 110.84  44.12
 1043.00 -42.16 -28.40
 1044.00  84.63 -27.57
 1066.00 -70.87 171.84
 1067.00 -54.62 -12.13
 1068.00 -85.43 -37.16
 1069.00 -58.21 -36.52
 1070.00 -65.90 -35.20
 1071.00 -65.09 -51.28
 1072.00 -67.35 -29.58
 1073.00 -76.20 -30.06
 1074.00 -72.66 -29.92
 1075.00 -60.41 -39.34
 1076.00 -47.32 -41.63
 1077.00 -50.70 -57.08
 1078.00 -68.79 -45.80
 1079.00 -61.04 -46.83
 1080.00 -63.41 -42.51
 1081.00  94.94 -12.87
 1082.00 -84.89  -0.01
 1083.00 -47.77  77.74
 1084.00 -57.95 -47.25
 1085.00 -76.57 -46.02
 1086.00 -67.96 -29.95
 1087.00 -64.68 -34.94
 1088.00 -74.40 -46.08
 1089.00 -74.96 -22.58
 1090.00 -71.49 -29.00
 1091.00 -59.16 -38.38
 1092.00 -73.73 -36.51
 1093.00 -69.02 -24.17
 1094.00 -57.36 -19.74
 1095.00 -64.49 -56.64
 1096.00 -65.76 -34.68
 1097.00 -51.76 -36.00
 1098.00 -81.36 -53.63
 1099.00 -57.97 -17.56
 1100.00 -71.28 -44.43
 1101.00 -60.49 -34.34
 1102.00 -59.68 -32.49
 1103.00 -62.14 -46.90
 1104.00 -57.30 -56.57
 1105.00 -58.11 -40.86
 313.00 -47.30 -40.09
 314.00 -81.69 -37.03
 315.00 -48.47 -36.19
 316.00 -61.43 -44.72
 317.00 -65.79 -39.33
 318.00 -64.26 -47.92
 319.00 -74.87 -35.89
 320.00 -54.55 -36.43
 321.00 -61.66 -51.62
 322.00 -66.46 -40.06
 323.00 -74.69 -26.41
 324.00 -60.85 -46.58
 325.00 -69.93 -34.49
 326.00 -78.64 -20.13
 327.00 -58.24 -43.35
 328.00 -65.36 -33.37
 329.00 -56.77 -54.61
 330.00 -52.55 -52.19
 331.00 -71.55 -34.26
 332.00 -70.83 -35.85
 333.00 -55.95 -48.18
 334.00 -110.54 -31.55
 335.00 -109.70 -12.03
 336.00 -60.72 -27.79
 337.00 -64.89 -39.78
 338.00 -68.56 -27.37
 339.00 -62.89 -54.70
 340.00 -69.38 -32.73
 341.00 -80.29 -40.01
 342.00 -71.95 -16.02
 343.00 -67.73 -43.18
 344.00 -49.11 -46.03
 345.00 -54.83 -42.32
 346.00 -78.32 -36.95
 347.00 -102.56 -26.42
 348.00 -83.18 -38.36
 349.00 -156.00 153.46
 350.00 -68.71 -52.23
 351.00 -95.62 -44.97
 352.00 -152.18  12.00
 353.00 -125.21 171.05
 354.00 -63.00 125.83
 355.00 -52.99 -31.22
 356.00 -76.35 -53.61
 357.00 -54.59 -39.79
 358.00 -63.67 -35.46
 359.00 -78.81 -33.33
 360.00 -51.11 -51.27
 361.00 -65.95 -53.26
 362.00 -53.16 -34.09
 363.00 -75.93 -32.58
 364.00 -52.21 -55.54
 365.00 -69.97 -36.91
 366.00 -73.78 -43.73
 367.00 -78.23 -11.36
 368.00 -61.52 -41.67
 369.00 -72.31 -30.85
 370.00 -61.56 -16.33
 371.00 -57.44 -42.53
 372.00 -79.91 -12.99
 373.00 -122.33 -16.36
 374.00 -62.20 -16.53
 375.00 -67.94 -25.41
 376.00 -51.48 -47.24
 377.00 -79.28 -30.19
 378.00 -51.10 -48.55
 379.00 -51.50 -49.96
 380.00 -60.03 -40.62
 381.00 -62.38 -57.68
 382.00 -78.76 -45.82
 383.00 -146.72 -14.08
 384.00 -68.20 127.13
 385.00 -61.70 -33.93
 386.00 -70.13 -52.51
 387.00 -64.85 -38.16
 388.00 -71.00 -39.00
 389.00 -58.58 -48.96
 390.00 -59.56 -53.55
 391.00 -69.97 -38.14
 392.00 -83.77  -8.40
 393.00 -48.55 -55.13
 394.00 -62.42 -57.56
 395.00 -94.20 -19.74
 396.00  63.71  12.07
 397.00 -79.62  16.98
 398.00 -156.25 116.72


