 residuo Phi Psi
  69.00 -92.30 128.36
  70.00 -67.49  70.67
  71.00 -53.82 -27.06
  72.00 -104.96 -27.79
  73.00 -50.50 -34.57
  74.00 -56.67 -37.35
  75.00 -74.44 -43.06
  76.00 -55.74 -36.80
  77.00 -59.83 -45.33
  78.00 -76.26 -41.26
  79.00 -70.08 -33.34
  80.00 -68.17 -39.27
  81.00 -66.80 -26.47
  82.00 -69.49 -29.98
  83.00 -66.25 -38.57
  84.00 -71.02 -23.84
  85.00 -54.41 -43.78
  86.00 -78.95 -49.83
  87.00 -71.44 -12.35
  88.00 -50.53 -59.59
  89.00 -71.24 -43.66
  90.00 -65.40 -42.66
  91.00 -71.85 -40.93
  92.00 -51.46 -45.66
  93.00 -59.86 -44.84
  94.00 -66.61 -38.74
  95.00 -65.70 -40.56
  96.00 -54.17 -42.64
  97.00 -55.37 -55.47
  98.00 -74.58 -41.81
  99.00 -81.97 -26.54
 100.00 -103.75 -40.96
 101.00 -81.46 -32.31
 102.00 -66.09 121.57
 103.00 -87.37 -26.56
 104.00 -93.80  -3.86
 105.00 -70.73 -10.03
 106.00 -155.66  76.08
 107.00 -51.23 152.78
 108.00 -62.84 -34.71
 109.00 -71.64 -35.54
 110.00 -65.81 -28.95
 111.00 -67.48 -45.33
 112.00 -57.25 -44.48
 113.00 -61.53 -45.52
 114.00 -77.22 -34.10
 115.00 -76.60  -4.56
 116.00 -68.63 -40.21
 117.00 -69.53 -35.81
 118.00 -63.80 -35.67
 119.00 -67.50 -48.57
 120.00 -71.60 -29.27
 121.00 -67.06 -45.48
 122.00 -56.61 -36.34
 123.00 -65.03 -39.73
 124.00 -84.24 -27.19
 125.00 -119.21 -41.47
 126.00 -74.46 -45.02
 127.00 -65.37 -63.89
 128.00 -59.72 -39.21
 129.00 -65.19 -47.34
 130.00 -65.74 -42.61
 131.00 -51.90 -44.41
 132.00 -56.06 -51.02
 133.00 -72.75 -41.49
 134.00 -56.70 -36.87
 135.00 -62.58 -56.20
 136.00 -70.59 -37.83
 137.00  93.58   7.45
 138.00  60.59  35.40
 139.00 -93.18   9.05
 140.00 -67.26 150.02
 141.00 -72.21 119.95
 142.00 -76.60 -44.94
 143.00 -35.94 170.18
 144.00 -65.91 132.40
 145.00 -61.61 -52.91
 146.00 -66.04 -12.91
 147.00 -55.97 -19.22
 148.00 -68.31 -58.97
 149.00 -92.16 -13.89
 150.00 -63.30 -41.41
 151.00 -63.52 -52.12
 152.00 -50.49 -37.74
 153.00 -70.18 -31.26
 154.00 -63.35 -38.81
 155.00 -81.82 -29.81
 156.00 -54.02 -60.32
 157.00 -73.40 -46.33
 158.00 -59.08 -34.69
 159.00 -68.32 -47.07
 160.00 -64.68 -39.64
 161.00 -57.50 -40.68
 162.00 -70.91 -46.77
 163.00 -72.62 -28.95
 164.00 -58.80 -28.55
 165.00 -61.85 -57.54
 166.00 -55.89 -40.43
 167.00 -71.64 -40.99
 168.00 -80.28 -32.79
 169.00 -64.25 -39.20
 170.00 -66.60 -34.16
 171.00 -63.23 -49.53
 172.00 -69.94 -40.23
 173.00 -70.13 -31.30
 174.00 -79.59 -29.49
 175.00 -60.88 -35.34
 176.00 -73.06 -40.62
 177.00 -69.38 -10.93
 178.00 -50.60 -36.20
 179.00 -74.33 132.64
 180.00 -120.24   4.51
 181.00 -61.71  17.44
 182.00 -98.59 -13.87
 183.00 -62.04   7.01
 184.00 -33.43 103.76
 185.00 -101.76 -32.18
 186.00 -172.11 -175.81
 187.00 -111.84 -173.97
 188.00 -74.41 142.28
 189.00 -59.21 -53.17
 190.00 -61.85 -47.62
 191.00 -92.75 -12.94
 192.00 -55.67 -43.57
 193.00 -60.56 -43.23
 194.00 -59.19 -45.61
 195.00 -75.77 -30.26
 196.00 -47.32 -53.15
 197.00 -73.66 -38.50
 198.00 -63.05 -31.29
 199.00 -58.90 -45.64
 200.00 -65.31 -44.11
 201.00 -56.40 -42.23
 202.00 -72.03 -48.03
 203.00 -67.90 -30.66
 204.00 -58.63 -41.30
 205.00 -69.68 -37.56
 206.00 -89.82 -41.19
 207.00 -60.38 -33.66
 208.00 -58.77 -19.65
 209.00 -56.46 -20.94
 210.00 -68.01 -59.49
 211.00 -61.89 -30.08
 212.00 -79.94 -33.32
 213.00 -75.04 -43.03
 214.00 -79.45 -28.64
 215.00 -88.77  -1.15
 216.00 -152.28 -59.80
 217.00 -48.07 131.09
 218.00 -63.26 -29.12
 219.00 -77.95 -11.95
 220.00 -150.62  -8.46
 221.00 -116.04  -1.00
 222.00 -116.82 129.08
 223.00  54.33 125.88
 224.00  90.09  36.57
 225.00 -113.30  -9.59
 226.00 -69.79 128.46
 227.00 -166.15 125.66
 228.00 -74.46 159.37
 229.00 -66.23  70.52
 230.00 -68.41 -37.07
 231.00 -58.34 132.22
 232.00 -58.85 -33.76
 233.00 -74.76 -25.73
 234.00 -77.65 -48.39
 235.00 -90.15 -37.70
 236.00 -126.99 -26.07
 237.00 -51.06 -39.82
 238.00 -49.05 -38.67
 239.00 -75.69 -26.82
 240.00 -76.58 -43.71
 241.00 -78.94 -26.61
 242.00 -150.68 -19.06
 243.00 -68.48 -72.75
 244.00 -81.62 -22.05
 245.00 -77.49 -52.56
 246.00 -55.07 -23.32
 247.00 -64.89 -47.60
 248.00 -57.41 -50.49
 249.00 -68.67 -40.30
 250.00 -74.73 -47.78
 251.00 -59.96 -39.04
 252.00 -71.15 -53.12
 253.00 -69.70 -22.16
 254.00 -53.78 -47.85
 255.00 -63.58 -44.38
 256.00 -58.85 -45.62
 257.00 -80.67 -41.25
 258.00 -64.50 -30.72
 259.00 -65.93 -41.68
 260.00 -70.58 -37.93
 261.00 -71.38 -28.50
 262.00 -48.30 -49.25
 263.00 -55.64 -49.46
 264.00 -58.91 -49.53
 1001.00 -69.63 -39.34
 1002.00 -55.39 -29.55
 1003.00 -73.30 -49.89
 1004.00 -73.27 -27.17
 1005.00 -75.97 -32.36
 1006.00 -55.91 -32.77
 1007.00 -50.16 -55.80
 1008.00 -80.98 -24.91
 1009.00 -64.74 -45.82
 1010.00 -68.05 -34.87
 1011.00 -57.39 -41.51
 1012.00 -69.56 -41.09
 1013.00 -67.57 -38.66
 1014.00 -68.24 -30.05
 1015.00 -70.09 -31.40
 1016.00 -59.86 -44.06
 1017.00 -60.54 -33.60
 1018.00 -72.16 -50.71
 1019.00 -56.17 -21.70
 1020.00 -95.50 138.98
 1021.00 -144.94 -29.87
 1022.00 -60.34 159.54
 1023.00 -62.10 -37.27
 1024.00 -70.31 -33.30
 1025.00 -67.97 -41.89
 1026.00 -64.83 -32.14
 1027.00 -59.23 -43.21
 1028.00 -77.32 -45.10
 1029.00 -70.58 -33.94
 1030.00 -79.51 -29.45
 1031.00 -76.20 -31.06
 1032.00 -57.61 -37.18
 1033.00 -57.24 -45.87
 1034.00 -76.98 -44.11
 1035.00 -68.78 -25.38
 1036.00 -71.05 -31.22
 1037.00 -80.45 -22.34
 1038.00 -76.46 -28.35
 1039.00 -71.20 -21.93
 1040.00 -36.42 -55.44
 1041.00  45.04 -49.44
 1042.00  88.93  30.35
 1043.00 -71.48   0.61
 1044.00  76.60 -10.98
 1066.00 -66.47 152.00
 1067.00 -59.58  -3.16
 1068.00 -54.26 -44.61
 1069.00 -82.91 -34.24
 1070.00 -68.70 -19.35
 1071.00 -81.75 -31.78
 1072.00 -59.83 -41.81
 1073.00 -59.37 -35.54
 1074.00 -91.79 -26.69
 1075.00 -68.47 -19.87
 1076.00 -36.48 -44.50
 1077.00 -62.44 -57.79
 1078.00 -71.34 -33.18
 1079.00 -80.07 -34.31
 1080.00 -89.32 -26.97
 1081.00  83.34   8.87
 1082.00 -87.36   8.54
 1083.00 -48.30  62.46
 1084.00 -68.20 -44.76
 1085.00 -67.16 -39.51
 1086.00 -68.61 -31.66
 1087.00 -48.36 -49.55
 1088.00 -67.96 -45.89
 1089.00 -58.02 -34.74
 1090.00 -73.76 -41.55
 1091.00 -52.92 -25.64
 1092.00 -71.83 -49.52
 1093.00 -75.66 -29.69
 1094.00 -46.69 -35.34
 1095.00 -65.17 -61.14
 1096.00 -69.38 -44.06
 1097.00 -58.62 -30.47
 1098.00 -66.16 -48.81
 1099.00 -84.37 -21.65
 1100.00 -68.42 -34.31
 1101.00 -66.12 -32.66
 1102.00 -64.53 -42.77
 1103.00 -67.01 -35.72
 1104.00 -57.64 -48.99
 1105.00 -58.08 -47.09
 313.00 -67.82 -38.45
 314.00 -70.48 -39.21
 315.00 -47.36 -39.70
 316.00 -62.53 -39.35
 317.00 -81.89 -25.90
 318.00 -52.39 -58.02
 319.00 -80.05 -26.76
 320.00 -57.35 -48.18
 321.00 -72.79 -38.86
 322.00 -55.39 -42.12
 323.00 -65.37 -36.01
 324.00 -46.56 -52.26
 325.00 -53.24 -48.57
 326.00 -77.41 -37.76
 327.00 -52.41 -42.51
 328.00 -55.52 -47.70
 329.00 -70.17 -44.19
 330.00 -69.98 -38.15
 331.00 -66.60 -26.74
 332.00 -66.55 -50.22
 333.00 -71.64 -50.30
 334.00 -93.90 -13.21
 335.00 -101.01 -29.28
 336.00 -53.15 -26.54
 337.00 -47.13 -45.30
 338.00 -69.44 -54.19
 339.00 -67.57 -37.41
 340.00 -64.87 -48.28
 341.00 -59.08 -41.41
 342.00 -65.61 -38.07
 343.00 -81.97 -30.40
 344.00 -60.12 -33.45
 345.00 -62.51 -37.83
 346.00 -87.45 -18.48
 347.00 -78.21 -38.85
 348.00 -83.25 -41.88
 349.00 -158.97 165.82
 350.00 -79.93 -53.71
 351.00 -83.83 -33.48
 352.00 -154.25  21.04
 353.00 -107.22 152.22
 354.00 -75.55 115.78
 355.00 -54.29 -35.14
 356.00 -66.96 -45.63
 357.00 -58.53 -48.85
 358.00 -69.90 -40.31
 359.00 -70.44 -28.10
 360.00 -63.15 -49.47
 361.00 -57.10 -31.32
 362.00 -55.97 -47.50
 363.00 -58.34 -41.41
 364.00 -55.85 -60.19
 365.00 -61.78 -41.44
 366.00 -73.61 -34.01
 367.00 -67.45 -21.35
 368.00 -64.07 -33.48
 369.00 -68.47 -38.35
 370.00 -75.57  -9.32
 371.00 -53.86 -34.79
 372.00 -78.84 -21.51
 373.00 -151.62  -1.79
 374.00 -122.75  23.55
 375.00 -58.77 -34.50
 376.00 -70.78 -33.14
 377.00 -65.37 -21.89
 378.00 -58.04 -45.61
 379.00 -79.95 -33.61
 380.00 -69.35 -31.02
 381.00 -71.76 -42.30
 382.00 -107.64 -50.93
 383.00 -137.31   0.93
 384.00 -66.68 109.11
 385.00 -73.79 -23.30
 386.00 -59.11 -50.38
 387.00 -49.84 -55.36
 388.00 -62.47 -46.72
 389.00 -62.14 -38.72
 390.00 -51.58 -55.61
 391.00 -58.98 -45.71
 392.00 -55.55 -44.93
 393.00 -62.98 -50.28
 394.00 -72.03 -44.08
 395.00 -94.11 -22.80
 396.00  47.73  13.52
 397.00 -82.08  20.97
 398.00  40.98 -13.05


