 residuo Phi Psi
  69.00 -83.79  96.49
  70.00 -141.83 135.50
  71.00 -64.75 -13.53
  72.00 -60.14 -43.33
  73.00 -64.89 -47.52
  74.00 -60.37 -44.29
  75.00 -57.21 -46.09
  76.00 -62.12 -46.34
  77.00 -78.19 -32.16
  78.00 -47.19 -41.45
  79.00 -79.06 -49.37
  80.00 -90.12  -4.24
  81.00 -65.27 -34.58
  82.00 -67.83 -21.30
  83.00 -69.31 -28.89
  84.00 -78.29 -29.96
  85.00 -55.64 -50.40
  86.00 -76.49 -49.93
  87.00 -70.28 -22.47
  88.00 -60.81 -53.24
  89.00 -70.98 -55.90
  90.00 -60.95 -46.72
  91.00 -65.75 -55.60
  92.00 -59.27 -34.63
  93.00 -73.17 -33.93
  94.00 -55.86 -31.26
  95.00 -71.49 -50.24
  96.00 -61.15 -37.09
  97.00 -61.82 -47.27
  98.00 -75.45 -42.27
  99.00 -68.29 -21.52
 100.00 -94.40 -49.46
 101.00 -73.06 -47.22
 102.00 -68.30 128.96
 103.00 -54.02 -45.79
 104.00 -83.51 -28.40
 105.00 -79.48  -4.01
 106.00 -150.76  68.24
 107.00 -34.47 146.00
 108.00 -65.37 -52.38
 109.00 -66.98 -36.08
 110.00 -66.11 -32.66
 111.00 -61.75 -38.82
 112.00 -64.88 -33.90
 113.00 -72.40 -32.21
 114.00 -69.54 -41.80
 115.00 -56.24 -30.85
 116.00 -67.31 -52.25
 117.00 -70.17 -29.67
 118.00 -56.39 -39.40
 119.00 -89.51 -21.58
 120.00 -65.66 -45.30
 121.00 -71.83 -39.16
 122.00 -62.52 -38.86
 123.00 -60.41 -54.84
 124.00 -94.52  -7.82
 125.00 -100.49 -42.12
 126.00 -112.62 -29.34
 127.00 -62.69 -46.62
 128.00 -57.73 -44.64
 129.00 -72.37 -39.88
 130.00 -62.11 -31.57
 131.00 -61.29 -40.33
 132.00 -69.90 -40.55
 133.00 -58.28 -29.37
 134.00 -61.96 -40.86
 135.00 -71.51 -44.17
 136.00 -100.81 -12.93
 137.00  76.26  20.66
 138.00  67.64  27.00
 139.00 -139.67  39.67
 140.00 -67.28 146.31
 141.00 -97.36 113.74
 142.00 -105.73   1.79
 143.00 -62.44 178.23
 144.00 -63.71 142.42
 145.00 -66.10 -29.77
 146.00 -110.31   2.83
 147.00 -66.70  -2.56
 148.00 -54.70 -58.83
 149.00 -90.42 -32.32
 150.00 -93.17 -14.52
 151.00 -57.10 -44.68
 152.00 -49.60 -31.08
 153.00 -68.79 -32.80
 154.00 -59.12 -40.79
 155.00 -72.82 -46.24
 156.00 -58.66 -44.35
 157.00 -67.40 -54.65
 158.00 -85.93 -27.74
 159.00 -75.00 -35.33
 160.00 -68.33 -37.56
 161.00 -54.31 -35.40
 162.00 -69.33 -54.61
 163.00 -75.79 -35.11
 164.00 -70.83 -30.04
 165.00 -61.56 -39.50
 166.00 -66.98 -31.79
 167.00 -52.87 -57.56
 168.00 -74.80 -41.98
 169.00 -70.85 -18.00
 170.00 -60.34 -50.59
 171.00 -54.88 -52.98
 172.00 -81.71 -37.67
 173.00 -55.86 -37.16
 174.00 -79.88 -36.74
 175.00 -46.25 -53.97
 176.00 -70.73 -47.91
 177.00 -86.85   4.77
 178.00 -74.93 -11.54
 179.00 -67.10 144.08
 180.00 -122.05 -16.70
 181.00 -41.17  20.79
 182.00 -70.74 -32.83
 183.00 -81.46  14.13
 184.00 -69.55 144.49
 185.00 -89.79 -11.72
 186.00 -168.15 134.04
 187.00 -107.40 164.25
 188.00 -62.67 126.54
 189.00 -72.73 -36.78
 190.00 -78.08 -29.46
 191.00 -42.62 -50.38
 192.00 -61.36 -54.35
 193.00 -63.76 -36.61
 194.00 -68.75 -42.99
 195.00 -56.41 -39.97
 196.00 -57.36 -49.88
 197.00 -71.69 -39.82
 198.00 -73.53 -41.03
 199.00 -47.71 -33.98
 200.00 -60.34 -61.12
 201.00 -54.54 -35.43
 202.00 -69.24 -54.48
 203.00 -57.21 -31.79
 204.00 -60.41 -43.56
 205.00 -58.35 -49.18
 206.00 -85.35 -38.63
 207.00 -51.93 -23.24
 208.00 -62.61 -24.94
 209.00 -69.81 -31.90
 210.00 -83.18 -48.37
 211.00 -74.42 -28.18
 212.00 -82.05 -46.21
 213.00 -65.11 -28.04
 214.00 -88.47 -24.43
 215.00 -70.78 -15.83
 216.00 -141.00 -49.15
 217.00 -77.49 126.88
 218.00 -70.75 -26.01
 219.00 -95.68  -0.08
 220.00 -133.64 -12.47
 221.00 -140.91  13.36
 222.00 -131.71 148.59
 223.00  59.45 101.12
 224.00  94.42  30.41
 225.00 -78.17 -18.54
 226.00 -82.61 144.01
 227.00 -127.30  83.12
 228.00 -65.31 154.23
 229.00 -124.32 119.36
 230.00 -64.80 -17.83
 231.00 -57.34 112.66
 232.00 -64.57 -30.33
 233.00 -70.55 -39.17
 234.00 -98.20 -13.88
 235.00 -73.39 -60.61
 236.00 -100.98 -33.95
 237.00 -78.32 -38.36
 238.00 -62.33 -21.92
 239.00 -71.19 -29.92
 240.00 -66.43 -50.69
 241.00 -81.89 -28.99
 242.00 -145.11 -22.86
 243.00 -72.46 -64.63
 244.00 -73.35 -26.98
 245.00 -67.94 -52.98
 246.00 -49.73 -32.38
 247.00 -61.94 -61.70
 248.00 -65.43 -37.82
 249.00 -74.23 -41.01
 250.00 -76.47 -46.09
 251.00 -65.20 -31.52
 252.00 -65.71 -44.36
 253.00 -63.21 -37.58
 254.00 -54.13 -48.71
 255.00 -75.71 -42.38
 256.00 -50.43 -35.62
 257.00 -71.60 -54.60
 258.00 -65.22 -29.94
 259.00 -75.69 -28.47
 260.00 -63.04 -43.71
 261.00 -69.42 -32.00
 262.00 -71.00 -29.79
 263.00 -61.12 -31.48
 264.00 -72.60 -36.54
 1001.00 -63.63 -46.13
 1002.00 -59.98 -29.88
 1003.00 -83.05 -39.50
 1004.00 -83.43 -18.31
 1005.00 -55.80 -30.86
 1006.00 -62.17 -36.56
 1007.00 -75.80 -44.27
 1008.00 -67.69 -33.52
 1009.00 -61.23 -36.47
 1010.00 -61.45 -49.91
 1011.00 -62.72 -41.67
 1012.00 -69.61 -39.28
 1013.00 -51.36 -43.87
 1014.00 -60.32 -49.60
 1015.00 -65.02 -33.01
 1016.00 -59.89 -46.15
 1017.00 -77.53 -35.66
 1018.00 -83.79 -22.15
 1019.00 -71.51 -37.43
 1020.00 -127.81 160.57
 1021.00 -154.55  14.62
 1022.00 -56.11 146.97
 1023.00 -63.22 -40.65
 1024.00 -59.51 -51.42
 1025.00 -64.28 -40.92
 1026.00 -58.78 -33.85
 1027.00 -64.29 -47.51
 1028.00 -63.43 -47.08
 1029.00 -64.89 -45.47
 1030.00 -63.12 -32.54
 1031.00 -69.30 -38.56
 1032.00 -58.78 -40.62
 1033.00 -46.63 -45.17
 1034.00 -55.70 -55.44
 1035.00 -66.74 -49.27
 1036.00 -67.40 -25.09
 1037.00 -69.95 -45.82
 1038.00 -65.10 -33.96
 1039.00 -60.42 -40.44
 1040.00 -74.41 -33.58
 1041.00  39.84 -41.33
 1042.00 120.82  45.23
 1043.00 -73.34 -15.34
 1044.00  49.67  -4.58
 1066.00 -71.29 149.02
 1067.00 -44.46  -6.79
 1068.00 -75.23 -39.60
 1069.00 -69.71 -24.35
 1070.00 -81.73 -25.98
 1071.00 -67.33 -26.18
 1072.00 -60.42 -39.78
 1073.00 -69.72 -35.07
 1074.00 -80.17 -27.30
 1075.00 -63.86 -36.38
 1076.00 -56.15 -30.77
 1077.00 -52.52 -56.13
 1078.00 -72.78 -35.83
 1079.00 -74.12 -35.06
 1080.00 -70.65 -29.76
 1081.00  79.82   4.30
 1082.00 -80.81  -2.43
 1083.00 -65.08  68.63
 1084.00 -68.77 -33.64
 1085.00 -79.52 -27.14
 1086.00 -63.10 -27.61
 1087.00 -53.06 -48.05
 1088.00 -80.26 -28.48
 1089.00 -53.17 -51.36
 1090.00 -52.44 -45.41
 1091.00 -76.60 -35.91
 1092.00 -66.62 -27.07
 1093.00 -59.25 -53.53
 1094.00 -50.02 -41.51
 1095.00 -83.94 -40.84
 1096.00 -63.72 -39.76
 1097.00 -52.53 -39.66
 1098.00 -52.14 -35.78
 1099.00 -73.43 -43.50
 1100.00 -71.32 -27.15
 1101.00 -61.49 -45.45
 1102.00 -64.98 -33.14
 1103.00 -66.00 -48.95
 1104.00 -69.50 -47.12
 1105.00 -56.57 -41.66
 313.00 -72.84 -31.41
 314.00 -75.44 -37.93
 315.00 -69.60 -31.11
 316.00 -55.13 -42.48
 317.00 -58.30 -47.31
 318.00 -66.81 -44.66
 319.00 -61.26 -43.81
 320.00 -59.38 -39.60
 321.00 -80.52 -31.41
 322.00 -73.50 -32.66
 323.00 -63.84 -28.36
 324.00 -64.71 -42.75
 325.00 -52.19 -35.56
 326.00 -67.07 -39.56
 327.00 -59.74 -46.98
 328.00 -37.74 -51.20
 329.00 -76.13 -48.66
 330.00 -32.80 -59.26
 331.00 -82.07 -40.11
 332.00 -81.01 -35.56
 333.00 -61.89 -44.51
 334.00 -91.77 -16.82
 335.00 -106.28 -22.09
 336.00 -60.75 -29.83
 337.00 -61.37 -30.77
 338.00 -60.88 -43.96
 339.00 -53.66 -50.36
 340.00 -55.52 -54.70
 341.00 -67.92 -51.83
 342.00 -72.32 -39.33
 343.00 -90.85 -14.16
 344.00 -66.64 -29.80
 345.00 -73.10 -27.50
 346.00 -81.66 -13.11
 347.00 -83.95 -37.94
 348.00 -82.34 -39.74
 349.00 -148.15 155.31
 350.00 -73.40 -64.56
 351.00 -63.50 -46.59
 352.00 -152.26   3.54
 353.00 -141.80 -178.46
 354.00 -64.13 126.06
 355.00 -68.79 -25.16
 356.00 -112.61 -25.67
 357.00 -69.00 -32.13
 358.00 -54.74 -45.16
 359.00 -67.91 -44.20
 360.00 -53.30 -48.75
 361.00 -73.78 -41.20
 362.00 -53.65 -30.39
 363.00 -82.14 -12.54
 364.00 -70.73 -63.39
 365.00 -65.62 -21.83
 366.00 -82.79 -45.78
 367.00 -66.63 -15.76
 368.00 -49.62 -50.76
 369.00 -64.51 -54.08
 370.00 -56.80 -28.86
 371.00 -57.43 -32.53
 372.00 -63.65 -29.69
 373.00 -102.50 -17.62
 374.00 -91.55 -21.41
 375.00 -60.34 -19.19
 376.00 -45.63 -43.59
 377.00 -76.73 -36.91
 378.00 -67.11 -34.41
 379.00 -63.50 -40.49
 380.00 -59.97 -34.85
 381.00 -64.71 -37.49
 382.00 -129.41 -29.91
 383.00 -153.38  -0.89
 384.00 -53.28 112.40
 385.00 -61.70 -47.19
 386.00 -73.01 -45.14
 387.00 -50.05 -48.99
 388.00 -65.29 -39.55
 389.00 -65.27 -37.59
 390.00 -51.19 -57.59
 391.00 -58.30 -54.53
 392.00 -75.31 -25.31
 393.00 -68.41 -56.54
 394.00 -84.50 -24.09
 395.00 -90.17 -19.54
 396.00  59.75  23.16
 397.00 -95.39  12.89
 398.00 -123.85 135.49


