 residuo Phi Psi
  69.00 -69.42  84.93
  70.00 -54.21 -27.19
  71.00 -74.20 -45.99
  72.00 -70.95 -26.59
  73.00 -63.58 -32.82
  74.00 -74.62 -39.65
  75.00 -67.05 -34.77
  76.00 -59.27 -50.01
  77.00 -68.10 -35.34
  78.00 -69.49 -29.26
  79.00 -83.12 -29.51
  80.00 -66.91 -33.90
  81.00 -63.41 -36.07
  82.00 -69.12 -21.66
  83.00 -52.67 -41.20
  84.00 -68.72 -46.58
  85.00 -56.02 -43.04
  86.00 -82.26 -51.42
  87.00 -60.18 -27.53
  88.00 -69.17 -41.37
  89.00 -61.43 -58.14
  90.00 -67.42 -37.98
  91.00 -66.93 -53.22
  92.00 -56.82 -32.81
  93.00 -54.25 -50.03
  94.00 -58.77 -39.15
  95.00 -64.18 -47.52
  96.00 -77.95 -39.17
  97.00 -58.83 -38.30
  98.00 -62.52 -54.38
  99.00 -113.90   0.52
 100.00 -122.23 -22.24
 101.00 -84.29 -24.99
 102.00 -58.45 119.71
 103.00 -83.64 -26.09
 104.00 -127.52  -9.69
 105.00 -69.87  -3.85
 106.00 -146.06  60.78
 107.00 -55.50 160.02
 108.00 -65.67 -42.02
 109.00 -86.51 -25.78
 110.00 -56.64 -26.71
 111.00 -58.33 -37.10
 112.00 -73.24 -39.36
 113.00 -63.30 -29.70
 114.00 -79.43 -30.83
 115.00 -55.62 -40.33
 116.00 -68.71 -37.85
 117.00 -61.83 -39.96
 118.00 -57.74 -40.29
 119.00 -87.34 -26.46
 120.00 -53.91 -52.52
 121.00 -61.87 -42.13
 122.00 -67.35 -36.19
 123.00 -54.57 -52.64
 124.00 -92.12 -23.79
 125.00 -82.16 -57.18
 126.00 -89.84 -42.51
 127.00 -65.37 -63.90
 128.00 -63.27 -41.93
 129.00 -63.54 -35.83
 130.00 -77.54 -30.20
 131.00 -56.41 -41.28
 132.00 -58.20 -48.49
 133.00 -69.14 -24.40
 134.00 -70.80 -43.77
 135.00 -61.15 -38.79
 136.00 -58.94 -42.61
 137.00 158.97 -58.79
 138.00  62.53  23.38
 139.00 -131.86  31.73
 140.00 -63.99 159.71
 141.00 -88.17 116.05
 142.00 -133.49  20.44
 143.00 -53.08 171.12
 144.00 -67.49 141.17
 145.00 -65.18 -37.33
 146.00 -74.80 -19.53
 147.00 -52.93 -15.93
 148.00 -55.70 -61.16
 149.00 -67.30 -39.89
 150.00 -78.49 -34.46
 151.00 -65.04 -36.65
 152.00 -49.34 -41.86
 153.00 -52.85 -57.96
 154.00 -64.87 -42.26
 155.00 -67.07 -43.91
 156.00 -52.49 -47.06
 157.00 -77.31 -55.05
 158.00 -81.83 -23.87
 159.00 -50.66 -40.89
 160.00 -65.58 -49.18
 161.00 -63.69 -32.00
 162.00 -60.96 -53.96
 163.00 -68.59 -43.59
 164.00 -69.83 -20.86
 165.00 -56.80 -50.34
 166.00 -68.25 -32.82
 167.00 -54.71 -53.10
 168.00 -59.73 -43.59
 169.00 -68.26 -34.22
 170.00 -60.96 -56.82
 171.00 -75.00 -38.33
 172.00 -76.99 -33.07
 173.00 -86.35 -14.59
 174.00 -56.11 -40.45
 175.00 -42.90 -50.98
 176.00 -71.51 -48.62
 177.00 -86.16  -2.09
 178.00 -63.38 -30.30
 179.00 -57.69 123.30
 180.00 -119.72 -19.41
 181.00 -66.84  29.07
 182.00 -83.12 -14.41
 183.00 -76.43  -2.80
 184.00 -57.72 158.11
 185.00 -52.05 -22.63
 186.00 -150.58 123.56
 187.00 -89.09 135.23
 188.00 -76.39 128.49
 189.00 -68.39 -45.48
 190.00 -49.52 -50.25
 191.00 -74.19 -36.81
 192.00 -49.84 -50.90
 193.00 -80.82 -40.18
 194.00 -65.65 -32.12
 195.00 -79.72 -27.78
 196.00 -48.78 -47.23
 197.00 -58.37 -45.51
 198.00 -59.87 -54.43
 199.00 -53.34 -43.82
 200.00 -66.60 -48.56
 201.00 -49.34 -38.14
 202.00 -69.49 -56.27
 203.00 -53.45 -36.20
 204.00 -70.82 -53.89
 205.00 -71.18 -28.95
 206.00 -74.01 -44.31
 207.00 -56.91 -33.25
 208.00 -66.66 -23.75
 209.00 -62.18 -13.82
 210.00 -77.69 -63.83
 211.00 -67.85 -23.67
 212.00 -74.45 -59.96
 213.00 -60.86 -43.74
 214.00 -67.95 -41.50
 215.00 -122.64  -6.98
 216.00 -167.06  19.45
 217.00 -48.18  73.03
 218.00 -64.47 -18.84
 219.00 -70.12 -27.36
 220.00 -122.90 -36.19
 221.00 -128.17  -4.97
 222.00 -157.07 147.87
 223.00  43.55 125.68
 224.00  76.82  39.49
 225.00 -58.64 -17.87
 226.00 -80.72 137.74
 227.00 -162.81 108.55
 228.00 -55.87 116.51
 229.00 -92.95  72.17
 230.00 -69.39  -6.21
 231.00 -48.71 118.02
 232.00 -60.59 -30.03
 233.00 -80.85 -34.69
 234.00 -57.46 -36.05
 235.00 -64.26 -73.18
 236.00 -98.60 -52.12
 237.00 -72.01 -34.85
 238.00 -58.31 -34.78
 239.00 -63.77 -21.88
 240.00 -61.53 -68.93
 241.00 -81.91 -35.77
 242.00 -150.10 -16.55
 243.00 -68.25 -63.51
 244.00 -64.35 -24.26
 245.00 -66.66 -63.27
 246.00 -58.56 -31.22
 247.00 -58.44 -53.22
 248.00 -64.53 -35.53
 249.00 -52.99 -49.82
 250.00 -65.86 -48.69
 251.00 -54.55 -42.08
 252.00 -70.83 -57.83
 253.00 -59.44 -38.74
 254.00 -62.71 -41.76
 255.00 -67.00 -41.04
 256.00 -56.47 -35.63
 257.00 -71.31 -63.38
 258.00 -61.08 -38.55
 259.00 -75.31 -31.47
 260.00 -69.78 -35.80
 261.00 -63.29 -33.28
 262.00 -76.07 -35.80
 263.00 -66.60 -31.81
 264.00 -55.96 -41.12
 1001.00 -72.02 -30.66
 1002.00 -73.56 -16.59
 1003.00 -76.01 -34.75
 1004.00 -64.30 -34.95
 1005.00 -69.00 -35.43
 1006.00 -72.91 -37.25
 1007.00 -60.17 -42.00
 1008.00 -69.98 -34.59
 1009.00 -62.59 -39.45
 1010.00 -56.40 -52.50
 1011.00 -63.44 -40.14
 1012.00 -77.50 -37.93
 1013.00 -53.53 -38.01
 1014.00 -68.82 -45.29
 1015.00 -68.74 -29.41
 1016.00 -52.27 -43.19
 1017.00 -75.59 -39.50
 1018.00 -90.67 -22.82
 1019.00 -58.14 -26.68
 1020.00 -111.89 147.62
 1021.00 -143.22  -0.24
 1022.00 -80.00 151.98
 1023.00 -70.87 -19.57
 1024.00 -64.63 -39.92
 1025.00 -75.01 -29.45
 1026.00 -52.09 -46.37
 1027.00 -54.75 -55.45
 1028.00 -69.07 -49.07
 1029.00 -62.30 -37.73
 1030.00 -69.96 -38.91
 1031.00 -73.30 -30.51
 1032.00 -64.30 -35.11
 1033.00 -62.09 -44.50
 1034.00 -61.35 -45.03
 1035.00 -89.30 -31.86
 1036.00 -50.00 -34.67
 1037.00 -63.89 -40.14
 1038.00 -56.15 -55.91
 1039.00 -70.39 -32.09
 1040.00 -72.51 -38.15
 1041.00  39.74 -27.87
 1042.00 100.33  48.38
 1043.00 -70.43   9.59
 1044.00  72.56 -22.91
 1066.00 -68.69 149.32
 1067.00 -60.16  -7.90
 1068.00 -63.65 -36.59
 1069.00 -57.92 -37.17
 1070.00 -79.21 -27.93
 1071.00 -65.58 -36.93
 1072.00 -67.04 -38.87
 1073.00 -75.55 -22.00
 1074.00 -59.64 -46.09
 1075.00 -57.64 -42.96
 1076.00 -70.69 -41.31
 1077.00 -74.67 -27.15
 1078.00 -68.76 -33.94
 1079.00 -73.56 -31.16
 1080.00 -70.67 -26.30
 1081.00  97.98 -22.87
 1082.00 -98.08   8.21
 1083.00 -61.18  85.27
 1084.00 -64.27 -46.45
 1085.00 -71.01 -43.75
 1086.00 -77.16 -26.80
 1087.00 -66.94 -38.72
 1088.00 -64.75 -47.01
 1089.00 -65.25 -38.98
 1090.00 -54.62 -36.02
 1091.00 -65.07 -44.61
 1092.00 -80.96 -27.66
 1093.00 -63.89 -27.71
 1094.00 -57.08 -37.40
 1095.00 -69.46 -48.42
 1096.00 -70.86 -46.82
 1097.00 -59.57 -22.74
 1098.00 -55.25 -42.45
 1099.00 -64.26 -35.01
 1100.00 -73.36 -39.22
 1101.00 -61.63 -37.32
 1102.00 -75.55 -34.68
 1103.00 -60.57 -31.30
 1104.00 -77.97 -41.61
 1105.00 -69.35 -29.69
 313.00 -53.86 -41.73
 314.00 -74.41 -44.44
 315.00 -73.16 -36.35
 316.00 -75.81 -22.42
 317.00 -59.81 -40.24
 318.00 -71.12 -39.58
 319.00 -64.17 -29.88
 320.00 -63.36 -47.10
 321.00 -61.91 -31.78
 322.00 -58.74 -57.21
 323.00 -75.78 -26.74
 324.00 -61.23 -37.24
 325.00 -51.47 -27.84
 326.00 -68.51 -44.59
 327.00 -42.77 -53.94
 328.00 -91.80 -28.41
 329.00 -46.77 -59.37
 330.00 -75.63 -44.76
 331.00 -64.48 -36.65
 332.00 -60.71 -41.49
 333.00 -56.35 -54.01
 334.00 -82.20 -41.61
 335.00 -90.37 -18.42
 336.00 -67.79 -27.72
 337.00 -54.59 -38.37
 338.00 -71.15 -37.07
 339.00 -61.74 -52.48
 340.00 -60.56 -43.32
 341.00 -72.65 -49.47
 342.00 -69.83 -34.74
 343.00 -66.47 -39.39
 344.00 -61.07 -39.65
 345.00 -65.66 -44.44
 346.00 -86.51  -3.50
 347.00 -66.98 -47.06
 348.00 -81.86 -45.69
 349.00 -112.79 144.43
 350.00 -134.43 -53.30
 351.00 -79.74 -25.95
 352.00 -90.27   0.35
 353.00 -70.49 139.58
 354.00 -60.20  97.50
 355.00 -54.60 -30.10
 356.00 -54.77 -51.64
 357.00 -59.52 -42.64
 358.00 -54.19 -46.80
 359.00 -60.51 -44.12
 360.00 -67.92 -47.57
 361.00 -54.15 -48.11
 362.00 -74.02 -32.05
 363.00 -87.79  -3.40
 364.00 -65.22 -55.56
 365.00 -73.94 -29.15
 366.00 -66.99 -32.96
 367.00 -69.77 -30.91
 368.00 -65.30 -37.71
 369.00 -66.22 -47.38
 370.00 -73.74 -12.44
 371.00 -69.67 -22.85
 372.00 -68.41 -19.05
 373.00 -82.68 -14.56
 374.00 -96.62 -14.28
 375.00 -59.69 -36.13
 376.00 -57.39 -35.98
 377.00 -76.58 -37.18
 378.00 -58.88 -42.61
 379.00 -62.70 -43.53
 380.00 -58.98 -47.10
 381.00 -70.16 -34.60
 382.00 -130.17 -47.79
 383.00 -130.31  25.07
 384.00 -73.60 112.53
 385.00 -66.26 -25.96
 386.00 -68.35 -46.34
 387.00 -69.81 -40.51
 388.00 -71.33 -21.41
 389.00 -69.62 -50.41
 390.00 -53.08 -42.37
 391.00 -59.12 -44.38
 392.00 -54.27 -53.55
 393.00 -72.19 -32.24
 394.00 -76.95 -33.57
 395.00 -70.38 -32.69
 396.00  52.88  -7.58
 397.00 -125.07  54.72
 398.00 -64.21  63.59


