 residuo Phi Psi
  69.00 -73.47 148.06
  70.00 -62.88  40.65
  71.00 -62.80 -42.78
  72.00 -75.74 -33.27
  73.00 -54.35 -51.20
  74.00 -71.55 -29.49
  75.00 -70.28 -40.79
  76.00 -55.20 -39.03
  77.00 -77.65 -28.64
  78.00 -65.05 -48.72
  79.00 -63.38 -28.74
  80.00 -74.88 -47.58
  81.00 -63.35 -18.40
  82.00 -57.28 -56.71
  83.00 -70.65 -31.73
  84.00 -57.67 -36.07
  85.00 -44.84 -64.21
  86.00 -74.47 -37.73
  87.00 -57.12 -40.19
  88.00 -56.20 -53.93
  89.00 -53.15 -43.45
  90.00 -60.26 -55.41
  91.00 -77.27 -33.20
  92.00 -59.19 -34.96
  93.00 -71.71 -36.11
  94.00 -73.54 -28.62
  95.00 -69.81 -34.30
  96.00 -70.78 -33.76
  97.00 -69.66 -35.45
  98.00 -62.01 -51.62
  99.00 -89.67 -19.27
 100.00 -105.70 -44.54
 101.00 -91.90 -17.82
 102.00 -68.63 123.60
 103.00 -74.71 -30.61
 104.00 -74.26 -26.64
 105.00 -83.14   3.94
 106.00 -154.53  90.79
 107.00 -63.81 158.48
 108.00 -73.25 -26.89
 109.00 -68.61 -39.37
 110.00 -66.33 -26.90
 111.00 -61.74 -42.63
 112.00 -64.74 -43.35
 113.00 -59.10 -40.17
 114.00 -68.14 -29.06
 115.00 -66.66 -25.78
 116.00 -62.71 -44.27
 117.00 -79.41 -39.05
 118.00 -62.39 -32.57
 119.00 -93.16 -24.49
 120.00 -68.11 -23.92
 121.00 -69.17 -48.16
 122.00 -60.39 -30.86
 123.00 -60.52 -49.55
 124.00 -65.47 -41.97
 125.00 -135.86 -34.70
 126.00 -97.99 -30.13
 127.00 -55.72 -54.53
 128.00 -68.97 -52.79
 129.00 -73.61 -27.00
 130.00 -65.25 -35.24
 131.00 -62.68 -36.22
 132.00 -59.35 -47.32
 133.00 -69.53 -39.38
 134.00 -56.96 -49.65
 135.00 -60.29 -38.40
 136.00 -79.85 -44.41
 137.00  76.29  21.92
 138.00  69.85  23.78
 139.00 -64.16  -2.89
 140.00 -59.24 136.26
 141.00 -74.04 115.42
 142.00 -107.89 -24.41
 143.00 -56.81 170.20
 144.00 -60.35 164.28
 145.00 -65.67 -60.07
 146.00 -73.87  -1.73
 147.00 -47.65 -45.10
 148.00 -60.95 -43.48
 149.00 -80.48 -44.77
 150.00 -118.92  14.65
 151.00 -68.75 -50.25
 152.00 -35.82 -23.03
 153.00 -73.75 -45.48
 154.00 -53.49 -53.45
 155.00 -69.77 -32.55
 156.00 -43.76 -67.19
 157.00 -66.34 -56.32
 158.00 -65.05 -39.60
 159.00 -56.20 -45.75
 160.00 -62.03 -53.65
 161.00 -65.71 -31.95
 162.00 -70.83 -55.98
 163.00 -80.56 -29.44
 164.00 -73.44 -12.57
 165.00 -70.11 -38.12
 166.00 -64.76 -33.54
 167.00 -67.32 -51.98
 168.00 -75.17 -33.72
 169.00 -53.49 -36.67
 170.00 -59.84 -51.83
 171.00 -67.59 -36.79
 172.00 -76.56 -41.02
 173.00 -67.33 -27.42
 174.00 -76.46 -37.27
 175.00 -63.47 -29.95
 176.00 -62.27 -48.69
 177.00 -70.86 -18.48
 178.00 -76.51 -21.95
 179.00 -58.24 135.21
 180.00 -107.34 -23.28
 181.00 -71.25  29.22
 182.00 -82.47 -17.83
 183.00 -67.80   3.02
 184.00 -75.01 153.32
 185.00 -85.32 -52.30
 186.00 -148.13 158.43
 187.00 -75.61 141.96
 188.00 -87.78 142.33
 189.00 -75.94 -20.97
 190.00 -55.39 -56.25
 191.00 -62.83 -39.29
 192.00 -57.22 -49.42
 193.00 -64.01 -37.70
 194.00 -65.50 -44.14
 195.00 -66.40 -36.82
 196.00 -61.90 -46.62
 197.00 -70.70 -38.25
 198.00 -57.75 -47.90
 199.00 -59.56 -46.82
 200.00 -69.62 -34.72
 201.00 -53.58 -39.91
 202.00 -56.86 -57.22
 203.00 -47.21 -41.18
 204.00 -57.73 -58.01
 205.00 -70.66 -24.00
 206.00 -109.03 -29.73
 207.00 -57.46 -34.79
 208.00 -73.60 -12.80
 209.00 -69.60  -9.64
 210.00 -66.56 -49.22
 211.00 -73.47 -14.97
 212.00 -93.86 -36.28
 213.00 -74.68 -34.39
 214.00 -90.95 -20.00
 215.00 -79.17 -21.79
 216.00 -159.11 -23.34
 217.00 -63.60 107.18
 218.00 -69.95 -20.70
 219.00 -85.82  -5.22
 220.00 -125.05 -18.99
 221.00 -112.32   1.53
 222.00 -154.15 153.32
 223.00  44.57 123.49
 224.00  69.15  52.82
 225.00 -68.14 -25.44
 226.00 -78.22 141.01
 227.00 -151.82 111.91
 228.00 -52.96 147.47
 229.00 -115.41 107.03
 230.00 -86.16 -15.53
 231.00 -71.02 144.33
 232.00 -51.68 -44.90
 233.00 -56.57 -31.82
 234.00 -83.48 -50.16
 235.00 -82.99 -30.97
 236.00 -120.43 -28.39
 237.00 -66.69 -39.03
 238.00 -66.93 -26.65
 239.00 -84.70 -15.37
 240.00 -76.96 -48.70
 241.00 -92.46 -15.88
 242.00 -151.51 -19.90
 243.00 -53.65 -70.81
 244.00 -73.33 -37.23
 245.00 -70.88 -53.59
 246.00 -58.74 -18.24
 247.00 -67.09 -55.53
 248.00 -58.42 -40.24
 249.00 -54.02 -56.03
 250.00 -83.60 -37.52
 251.00 -56.84 -32.35
 252.00 -68.01 -42.81
 253.00 -47.49 -50.20
 254.00 -63.51 -51.64
 255.00 -64.73 -48.63
 256.00 -80.74 -20.22
 257.00 -58.57 -54.22
 258.00 -74.62 -38.91
 259.00 -74.56 -21.29
 260.00 -57.21 -47.60
 261.00 -66.67 -31.43
 262.00 -74.42 -32.42
 263.00 -61.89 -37.74
 264.00 -89.11 -23.17
 1001.00 -66.71 -35.07
 1002.00 -27.97 -36.55
 1003.00 -86.00 -54.98
 1004.00 -74.33 -20.28
 1005.00 -67.78 -34.88
 1006.00 -50.23 -49.79
 1007.00 -65.63 -48.28
 1008.00 -64.54 -31.60
 1009.00 -66.99 -44.63
 1010.00 -70.44 -35.30
 1011.00 -73.12 -34.34
 1012.00 -73.95 -33.12
 1013.00 -62.86 -42.55
 1014.00 -72.62 -30.26
 1015.00 -81.53 -19.34
 1016.00 -61.27 -41.76
 1017.00 -58.58 -43.85
 1018.00 -101.62 -27.04
 1019.00 -64.81  -1.72
 1020.00 -127.23 154.14
 1021.00 -119.16 -23.11
 1022.00 -65.60 138.90
 1023.00 -44.56 -28.23
 1024.00 -61.32 -49.77
 1025.00 -81.31 -32.93
 1026.00 -54.62 -37.40
 1027.00 -66.40 -37.86
 1028.00 -62.09 -55.63
 1029.00 -64.06 -39.56
 1030.00 -72.02 -27.26
 1031.00 -62.02 -45.91
 1032.00 -66.88 -36.23
 1033.00 -68.47 -31.22
 1034.00 -61.82 -38.69
 1035.00 -41.95 -65.07
 1036.00 -66.24 -43.56
 1037.00 -64.04 -43.31
 1038.00 -66.10 -33.14
 1039.00 -69.33 -38.68
 1040.00 -87.28 -39.80
 1041.00  62.40 -29.79
 1042.00  70.14  49.05
 1043.00 -65.12  24.27
 1044.00  56.79 -10.78
 1066.00 -52.56 131.44
 1067.00 -47.67 -13.52
 1068.00 -72.22 -43.78
 1069.00 -67.13 -29.16
 1070.00 -76.54 -34.54
 1071.00 -89.08 -19.51
 1072.00 -60.41 -40.87
 1073.00 -63.89 -37.80
 1074.00 -50.61 -54.10
 1075.00 -77.55 -32.90
 1076.00 -76.61 -27.93
 1077.00 -61.09 -38.72
 1078.00 -70.00 -43.55
 1079.00 -77.11 -35.76
 1080.00 -87.81 -13.19
 1081.00  73.50  -2.58
 1082.00 -75.13   8.04
 1083.00 -66.51  74.27
 1084.00 -49.58 -65.60
 1085.00 -81.67 -33.41
 1086.00 -60.86 -39.64
 1087.00 -71.67 -21.15
 1088.00 -63.52 -46.32
 1089.00 -67.64 -29.07
 1090.00 -59.23 -44.39
 1091.00 -66.62 -32.76
 1092.00 -79.62 -38.00
 1093.00 -49.30 -33.83
 1094.00 -68.14 -40.21
 1095.00 -69.85 -48.31
 1096.00 -80.89 -31.51
 1097.00 -55.92 -43.71
 1098.00 -50.62 -59.99
 1099.00 -72.48 -38.31
 1100.00 -70.51 -42.47
 1101.00 -58.61 -31.57
 1102.00 -62.34 -44.24
 1103.00 -58.50 -43.29
 1104.00 -66.39 -39.04
 1105.00 -49.50 -42.18
 313.00 -51.08 -43.89
 314.00 -78.82 -47.69
 315.00 -56.27 -36.88
 316.00 -80.84 -50.03
 317.00 -58.90 -22.08
 318.00 -71.10 -48.91
 319.00 -72.03 -18.26
 320.00 -57.28 -54.45
 321.00 -59.49 -42.41
 322.00 -64.19 -41.76
 323.00 -75.23 -32.31
 324.00 -47.30 -40.43
 325.00 -62.71 -47.55
 326.00 -75.20 -23.15
 327.00 -54.46 -49.70
 328.00 -60.56 -38.24
 329.00 -56.45 -49.10
 330.00 -65.59 -48.81
 331.00 -57.49 -39.85
 332.00 -62.18 -50.78
 333.00 -73.37 -45.99
 334.00 -78.89 -28.05
 335.00 -82.47 -39.04
 336.00 -46.90 -29.52
 337.00 -62.86 -49.96
 338.00 -68.01 -34.04
 339.00 -66.42 -56.91
 340.00 -72.56 -31.53
 341.00 -63.07 -39.68
 342.00 -68.31 -36.53
 343.00 -67.80 -35.58
 344.00 -62.71 -37.46
 345.00 -54.06 -54.25
 346.00 -82.64 -30.37
 347.00 -100.04 -17.80
 348.00 -82.43 -26.45
 349.00 -137.34 150.36
 350.00 -55.12 -97.82
 351.00 -76.64 -36.98
 352.00 -95.95 -29.02
 353.00 -81.67 133.93
 354.00 -65.03  91.20
 355.00 -53.80 -15.23
 356.00 -71.86 -60.62
 357.00 -75.60 -38.07
 358.00 -66.93 -21.52
 359.00 -50.33 -55.29
 360.00 -71.60 -29.11
 361.00 -48.98 -59.04
 362.00 -62.51 -47.03
 363.00 -75.70 -18.20
 364.00 -71.55 -40.36
 365.00 -68.71 -32.70
 366.00 -75.24 -35.81
 367.00 -67.84 -16.22
 368.00 -59.83 -39.74
 369.00 -78.44 -35.40
 370.00 -66.29  -6.86
 371.00 -60.59 -35.92
 372.00 -54.34 -40.62
 373.00 -103.03 -19.97
 374.00 -68.54 -41.47
 375.00 -45.63 -39.77
 376.00 -68.48 -52.88
 377.00 -60.62 -31.42
 378.00 -63.88 -52.50
 379.00 -56.36 -40.49
 380.00 -64.20 -38.38
 381.00 -77.68 -33.22
 382.00 -96.91 -40.34
 383.00 -126.67 -21.31
 384.00 -78.39 125.61
 385.00 -58.56 -28.57
 386.00 -63.13 -58.79
 387.00 -69.75 -28.81
 388.00 -50.33 -47.50
 389.00 -54.08 -46.34
 390.00 -71.98 -55.69
 391.00 -50.45 -34.13
 392.00 -66.01 -55.75
 393.00 -78.22 -23.84
 394.00 -77.43 -46.10
 395.00 -77.61 -25.34
 396.00  57.17  -1.10
 397.00 -118.65  42.53
 398.00  59.94 -21.99


