 residuo Phi Psi
  69.00 -72.76 146.63
  70.00 -136.41 153.08
  71.00 -67.41 -27.69
  72.00 -75.92 -40.57
  73.00 -64.11 -30.29
  74.00 -71.87 -32.20
  75.00 -57.01 -43.24
  76.00 -60.55 -47.80
  77.00 -69.59 -35.97
  78.00 -80.31 -21.19
  79.00 -77.17 -33.64
  80.00 -61.90 -41.63
  81.00 -61.09 -36.15
  82.00 -55.73 -38.06
  83.00 -73.87 -39.43
  84.00 -68.43 -36.40
  85.00 -67.22 -48.67
  86.00 -65.57 -42.14
  87.00 -55.47 -35.44
  88.00 -78.19 -48.15
  89.00 -68.70 -54.69
  90.00 -58.99 -40.97
  91.00 -64.99 -45.49
  92.00 -58.19 -29.91
  93.00 -68.49 -37.81
  94.00 -67.33 -33.16
  95.00 -53.58 -50.31
  96.00 -69.48 -43.75
  97.00 -74.12 -39.30
  98.00 -86.10 -34.31
  99.00 -86.44 -10.65
 100.00 -128.68  -3.54
 101.00 -79.16 -56.26
 102.00 -68.18 134.11
 103.00 -65.25 -28.97
 104.00 -80.30 -41.56
 105.00 -67.00  -5.03
 106.00 -131.47  76.14
 107.00 -40.02 144.41
 108.00 -53.46 -49.56
 109.00 -69.78 -45.01
 110.00 -67.77 -22.96
 111.00 -57.86 -44.05
 112.00 -70.66 -45.20
 113.00 -61.04 -32.03
 114.00 -74.52 -40.07
 115.00 -68.76 -24.12
 116.00 -66.53 -34.00
 117.00 -65.52 -42.17
 118.00 -53.01 -43.20
 119.00 -68.70 -44.32
 120.00 -54.23 -40.43
 121.00 -72.62 -50.23
 122.00 -62.43 -33.85
 123.00 -60.57 -45.83
 124.00 -70.08 -37.90
 125.00 -107.31 -45.33
 126.00 -94.11 -41.86
 127.00 -62.94 -51.00
 128.00 -68.87 -42.59
 129.00 -74.35 -34.90
 130.00 -63.33 -30.14
 131.00 -66.84 -44.31
 132.00 -59.72 -42.86
 133.00 -56.47 -29.04
 134.00 -55.29 -39.82
 135.00 -68.54 -53.49
 136.00 -77.45 -27.67
 137.00  72.42   6.06
 138.00  65.32  42.69
 139.00 -148.61  35.62
 140.00 -65.74 155.25
 141.00 -73.58 113.53
 142.00 -132.99   3.44
 143.00 -46.90 171.75
 144.00 -73.43 126.57
 145.00 -80.24 -26.83
 146.00 -98.82  16.94
 147.00 -57.84 -20.85
 148.00 -65.74 -45.50
 149.00 -70.81 -35.93
 150.00 -68.50 -32.55
 151.00 -51.97 -53.38
 152.00 -50.31 -41.05
 153.00 -71.92 -45.13
 154.00 -62.45 -41.45
 155.00 -68.05 -37.49
 156.00 -50.66 -51.43
 157.00 -62.28 -57.62
 158.00 -51.10 -52.80
 159.00 -76.47 -35.47
 160.00 -56.47 -45.05
 161.00 -54.38 -45.36
 162.00 -61.22 -49.85
 163.00 -60.92 -49.52
 164.00 -60.64 -32.32
 165.00 -63.26 -47.97
 166.00 -73.84 -33.24
 167.00 -56.10 -53.50
 168.00 -88.90 -29.36
 169.00 -55.17 -32.79
 170.00 -64.15 -48.24
 171.00 -74.87 -40.17
 172.00 -69.91 -29.77
 173.00 -57.33 -37.25
 174.00 -75.61 -39.44
 175.00 -57.91 -34.77
 176.00 -65.73 -55.23
 177.00 -63.51 -15.21
 178.00 -76.73 -27.73
 179.00 -62.38 121.95
 180.00 -110.85  -0.61
 181.00 -68.73   1.83
 182.00 -81.22  -3.85
 183.00 -61.48   5.39
 184.00 -57.94 134.31
 185.00 -59.22 -48.38
 186.00 -144.45 132.22
 187.00 -105.49 164.08
 188.00 -76.35 128.71
 189.00 -50.22 -47.80
 190.00 -61.71 -52.54
 191.00 -56.77 -46.87
 192.00 -59.88 -52.18
 193.00 -54.74 -51.75
 194.00 -72.25 -38.00
 195.00 -59.96 -43.81
 196.00 -59.52 -38.40
 197.00 -58.12 -50.00
 198.00 -65.06 -34.95
 199.00 -56.11 -47.64
 200.00 -52.33 -57.38
 201.00 -56.00 -42.16
 202.00 -56.46 -55.75
 203.00 -57.28 -41.80
 204.00 -67.43 -50.31
 205.00 -76.68 -20.30
 206.00 -82.65 -46.40
 207.00 -52.45 -29.05
 208.00 -61.40 -30.13
 209.00 -62.02 -31.95
 210.00 -64.47 -58.61
 211.00 -70.60 -14.95
 212.00 -101.56 -42.23
 213.00 -70.61 -42.09
 214.00 -61.26 -31.41
 215.00 -147.19  -4.77
 216.00 -146.94  24.05
 217.00 -58.94  78.99
 218.00 -52.44 -10.17
 219.00 -68.90 -46.42
 220.00 -143.52 -15.55
 221.00 -136.03  -3.20
 222.00 -142.07 150.21
 223.00  53.83 106.92
 224.00  94.89  51.52
 225.00 -105.38 -19.74
 226.00 -82.00 146.69
 227.00 -146.46 102.29
 228.00 -43.82 131.17
 229.00 -140.52 127.83
 230.00 -131.26   9.48
 231.00 -61.97 126.84
 232.00 -62.69 -21.00
 233.00 -113.89 -17.50
 234.00 -76.17 -43.51
 235.00 -94.51 -29.09
 236.00 -78.29 -71.98
 237.00 -75.83 -32.14
 238.00 -75.25 -32.47
 239.00 -65.40 -16.31
 240.00 -80.83 -43.71
 241.00 -66.56 -21.01
 242.00 -124.86 -49.63
 243.00 -67.82 -51.06
 244.00 -66.52 -32.98
 245.00 -62.78 -61.23
 246.00 -67.20 -20.48
 247.00 -63.46 -46.57
 248.00 -47.22 -49.49
 249.00 -70.12 -48.70
 250.00 -69.53 -50.22
 251.00 -71.29 -26.98
 252.00 -66.28 -44.48
 253.00 -67.85 -31.89
 254.00 -61.14 -45.08
 255.00 -70.78 -41.37
 256.00 -67.27 -28.12
 257.00 -51.96 -58.59
 258.00 -74.08 -38.88
 259.00 -81.84 -23.41
 260.00 -77.28 -30.91
 261.00 -76.34 -18.36
 262.00 -67.25 -48.07
 263.00 -61.66 -29.36
 264.00 -65.97 -44.69
 1001.00 -84.92 -37.20
 1002.00 -73.64 -17.38
 1003.00 -54.95 -42.64
 1004.00 -73.96 -36.04
 1005.00 -62.57 -41.97
 1006.00 -73.02 -26.05
 1007.00 -53.49 -46.93
 1008.00 -73.59 -34.28
 1009.00 -61.77 -36.57
 1010.00 -73.20 -41.43
 1011.00 -70.22 -31.96
 1012.00 -77.37 -36.48
 1013.00 -53.89 -38.75
 1014.00 -60.58 -37.20
 1015.00 -66.78 -42.28
 1016.00 -68.60 -42.53
 1017.00 -68.38 -36.38
 1018.00 -78.11 -34.00
 1019.00 -52.66 -30.87
 1020.00 -126.74 155.32
 1021.00 -142.69   3.59
 1022.00 -80.64 162.82
 1023.00 -55.64 -27.40
 1024.00 -68.10 -39.88
 1025.00 -69.57 -49.29
 1026.00 -69.51 -33.14
 1027.00 -58.85 -53.94
 1028.00 -64.40 -42.83
 1029.00 -66.64 -48.66
 1030.00 -57.85 -28.34
 1031.00 -73.00 -46.32
 1032.00 -69.56 -26.50
 1033.00 -59.84 -39.01
 1034.00 -64.10 -40.83
 1035.00 -69.39 -46.63
 1036.00 -61.04 -36.83
 1037.00 -55.53 -44.19
 1038.00 -70.29 -38.49
 1039.00 -72.86 -46.43
 1040.00 -78.19 -31.13
 1041.00  60.22 -15.91
 1042.00  61.37  55.07
 1043.00 -71.23  -4.71
 1044.00  67.20  -8.40
 1066.00 -69.72 150.98
 1067.00 -57.10  -0.52
 1068.00 -69.64 -28.76
 1069.00 -57.26 -44.42
 1070.00 -71.28 -50.57
 1071.00 -74.83 -22.90
 1072.00 -68.63 -43.25
 1073.00 -61.64 -27.30
 1074.00 -66.66 -41.31
 1075.00 -53.08 -45.98
 1076.00 -53.95 -46.48
 1077.00 -64.43 -42.89
 1078.00 -70.52 -36.45
 1079.00 -66.35 -42.67
 1080.00 -77.69 -30.22
 1081.00  75.12   5.23
 1082.00 -78.21   1.45
 1083.00 -56.04  62.24
 1084.00 -64.87 -45.82
 1085.00 -75.58 -28.15
 1086.00 -65.52 -39.31
 1087.00 -73.53 -31.72
 1088.00 -57.55 -44.12
 1089.00 -67.31 -29.27
 1090.00 -59.36 -49.23
 1091.00 -65.29 -32.05
 1092.00 -95.16 -25.86
 1093.00 -58.34 -28.11
 1094.00 -61.51 -33.48
 1095.00 -102.40 -23.27
 1096.00 -85.69 -16.22
 1097.00 -65.49 -38.17
 1098.00 -47.28 -49.76
 1099.00 -60.66 -39.46
 1100.00 -64.07 -54.35
 1101.00 -70.14 -39.45
 1102.00 -54.34 -37.07
 1103.00 -71.16 -36.84
 1104.00 -67.53 -45.77
 1105.00 -56.69 -37.26
 313.00 -67.04 -27.62
 314.00 -66.71 -47.71
 315.00 -60.20 -39.34
 316.00 -68.22 -31.67
 317.00 -71.09 -43.91
 318.00 -55.49 -36.88
 319.00 -55.56 -54.97
 320.00 -65.77 -34.92
 321.00 -70.44 -35.44
 322.00 -57.90 -37.91
 323.00 -62.28 -50.41
 324.00 -51.67 -42.17
 325.00 -60.97 -32.88
 326.00 -67.31 -33.34
 327.00 -62.45 -40.10
 328.00 -68.20 -39.28
 329.00 -62.87 -42.97
 330.00 -67.25 -31.05
 331.00 -70.95 -46.52
 332.00 -71.25 -37.47
 333.00 -66.19 -56.60
 334.00 -85.58 -21.92
 335.00 -94.64 -31.71
 336.00 -60.93 -22.89
 337.00 -64.84 -37.83
 338.00 -49.73 -49.19
 339.00 -62.80 -53.65
 340.00 -66.41 -54.44
 341.00 -66.32 -36.52
 342.00 -72.07 -41.64
 343.00 -66.65 -35.46
 344.00 -64.67 -32.37
 345.00 -31.47 -58.05
 346.00 -70.80 -53.36
 347.00 -124.57 -14.12
 348.00 -77.93 -39.21
 349.00 -135.32 145.57
 350.00 -141.74 -22.49
 351.00 -72.39 -29.56
 352.00 -130.56  -4.33
 353.00 -85.58 134.86
 354.00 -65.00 110.68
 355.00 -79.81 -21.60
 356.00 -72.93 -33.62
 357.00 -71.79 -35.97
 358.00 -60.66 -39.45
 359.00 -59.14 -38.93
 360.00 -53.15 -56.78
 361.00 -74.96 -44.06
 362.00 -63.18 -21.02
 363.00 -81.31 -47.97
 364.00 -66.76 -32.18
 365.00 -66.71 -41.21
 366.00 -89.89 -26.23
 367.00 -65.44 -17.13
 368.00 -69.66 -33.10
 369.00 -68.24 -50.06
 370.00 -70.08 -11.31
 371.00 -56.78 -39.27
 372.00 -66.28 -35.15
 373.00 -67.03 -45.41
 374.00 -73.09 -40.64
 375.00 -61.33 -19.98
 376.00 -70.54 -42.75
 377.00 -75.32  -9.77
 378.00 -55.99 -37.51
 379.00 -67.60 -47.01
 380.00 -64.70 -32.34
 381.00 -79.71 -33.35
 382.00 -114.98 -42.76
 383.00 -152.43  13.06
 384.00 -66.36 117.14
 385.00 -70.84 -30.63
 386.00 -49.28 -57.39
 387.00 -72.32 -49.05
 388.00 -75.15 -20.90
 389.00 -53.24 -48.57
 390.00 -55.82 -57.35
 391.00 -63.35 -42.66
 392.00 -69.83 -30.62
 393.00 -72.58 -44.21
 394.00 -60.76 -43.74
 395.00 -91.15 -20.91
 396.00  56.63  11.14
 397.00 -132.80  49.11
 398.00 -146.33 151.83


