 residuo Phi Psi
  69.00 -72.68 121.74
  70.00 -130.44 143.99
  71.00 -33.28 -49.88
  72.00 -77.51 -54.48
  73.00 -65.44 -38.14
  74.00 -78.76 -22.92
  75.00 -73.11 -38.39
  76.00 -55.55 -46.47
  77.00 -66.19 -42.59
  78.00 -67.69 -37.22
  79.00 -67.94 -41.56
  80.00 -75.60 -21.87
  81.00 -59.57 -32.30
  82.00 -78.68 -38.23
  83.00 -72.40 -19.70
  84.00 -72.40 -22.31
  85.00 -72.09 -51.63
  86.00 -70.40 -34.38
  87.00 -67.97 -32.66
  88.00 -60.36 -55.58
  89.00 -59.89 -55.48
  90.00 -60.30 -39.70
  91.00 -76.81 -46.66
  92.00 -60.63 -31.74
  93.00 -54.06 -38.98
  94.00 -69.29 -42.00
  95.00 -53.98 -44.85
  96.00 -66.41 -50.16
  97.00 -55.81 -42.93
  98.00 -68.32 -50.73
  99.00 -79.14 -19.96
 100.00 -104.29 -37.89
 101.00 -85.98 -41.79
 102.00 -67.19 116.76
 103.00 -88.90 -22.37
 104.00 -110.48  -5.95
 105.00 -98.78  32.84
 106.00 -139.28  81.09
 107.00 -44.58 145.11
 108.00 -60.79 -48.59
 109.00 -70.32 -27.26
 110.00 -55.55 -37.23
 111.00 -61.95 -46.20
 112.00 -55.97 -51.08
 113.00 -67.92 -33.05
 114.00 -57.32 -41.31
 115.00 -64.96 -38.70
 116.00 -68.91 -39.53
 117.00 -61.21 -45.82
 118.00 -64.54 -40.77
 119.00 -66.33 -44.33
 120.00 -77.94 -29.71
 121.00 -74.92 -38.11
 122.00 -56.79 -35.90
 123.00 -65.27 -43.69
 124.00 -101.03 -24.11
 125.00 -117.35 -32.37
 126.00 -102.52 -28.15
 127.00 -60.19 -61.38
 128.00 -75.37 -30.32
 129.00 -77.14 -29.53
 130.00 -65.47 -36.79
 131.00 -71.76 -25.14
 132.00 -64.67 -38.99
 133.00 -57.92 -32.57
 134.00 -54.42 -43.36
 135.00 -66.05 -55.45
 136.00 -71.90 -33.24
 137.00  81.36  -7.55
 138.00  59.78  51.58
 139.00 -134.58  39.79
 140.00 -71.86 161.69
 141.00 -83.97 125.11
 142.00 -120.00 -10.64
 143.00 -77.92 -179.90
 144.00 -41.13 150.45
 145.00 -76.19 -36.97
 146.00 -95.44  -5.79
 147.00 -77.97 -15.35
 148.00 -40.12 -64.84
 149.00 -82.80 -35.07
 150.00 -103.90 -12.93
 151.00 -60.44 -32.78
 152.00 -43.84 -31.06
 153.00 -81.17 -35.28
 154.00 -55.22 -42.09
 155.00 -66.24 -47.53
 156.00 -56.38 -50.85
 157.00 -67.59 -54.93
 158.00 -65.84 -41.07
 159.00 -63.52 -40.70
 160.00 -47.68 -54.78
 161.00 -50.17 -46.39
 162.00 -62.75 -59.77
 163.00 -60.85 -46.40
 164.00 -63.60 -26.82
 165.00 -53.08 -56.14
 166.00 -61.87 -40.06
 167.00 -67.18 -53.33
 168.00 -66.49 -44.92
 169.00 -73.83 -24.87
 170.00 -62.72 -47.91
 171.00 -62.76 -41.90
 172.00 -63.08 -48.99
 173.00 -62.78 -32.05
 174.00 -54.89 -54.24
 175.00 -69.20 -42.57
 176.00 -72.18 -31.74
 177.00 -93.02  -5.37
 178.00 -78.77   0.54
 179.00 -69.24 140.06
 180.00 -140.37   6.39
 181.00 -83.59  29.29
 182.00 -87.11  -5.75
 183.00 -72.90   3.41
 184.00 -83.82 125.33
 185.00 -143.92  56.86
 186.00 -144.48 144.35
 187.00 -92.33 156.37
 188.00 -61.33 133.52
 189.00 -66.75 -42.83
 190.00 -62.74 -28.75
 191.00 -79.61 -48.16
 192.00 -53.97 -31.39
 193.00 -61.28 -44.88
 194.00 -67.26 -39.76
 195.00 -63.90 -47.63
 196.00 -68.36 -40.27
 197.00 -49.87 -38.08
 198.00 -59.84 -65.29
 199.00 -60.05 -33.96
 200.00 -66.28 -44.22
 201.00 -67.38 -37.62
 202.00 -63.45 -35.46
 203.00 -72.53 -31.97
 204.00 -51.89 -48.46
 205.00 -59.99 -44.64
 206.00 -81.13 -44.05
 207.00 -61.42 -41.28
 208.00 -54.69 -25.86
 209.00 -66.83 -18.85
 210.00 -66.48 -61.01
 211.00 -81.35 -12.94
 212.00 -67.22 -80.64
 213.00 -66.25 -48.31
 214.00 -84.59 -12.18
 215.00 -83.04 -21.08
 216.00 -141.76 -12.79
 217.00 -67.52 101.29
 218.00 -65.20 -18.22
 219.00 -82.30 -14.65
 220.00 -122.15 -30.24
 221.00 -138.53   7.65
 222.00 -149.01 133.59
 223.00  53.81 124.82
 224.00  79.89  29.37
 225.00 -79.46 -11.92
 226.00 -73.39 154.36
 227.00 -155.53 105.93
 228.00 -67.67 131.09
 229.00 -116.20 128.53
 230.00 -92.03 -10.05
 231.00 -59.02 136.35
 232.00 -62.51 -33.84
 233.00 -112.42 -20.06
 234.00 -82.80 -37.67
 235.00 -108.99 -47.91
 236.00 -109.17 -19.14
 237.00 -41.19 -55.07
 238.00 -69.83 -45.50
 239.00 -69.98 -14.66
 240.00 -72.17 -54.91
 241.00 -80.95 -27.95
 242.00 -116.95 -37.97
 243.00 -83.52 -54.34
 244.00 -70.04 -22.26
 245.00 -64.44 -59.90
 246.00 -63.74 -20.66
 247.00 -72.92 -41.43
 248.00 -78.08 -23.10
 249.00 -73.19 -44.70
 250.00 -59.58 -46.85
 251.00 -58.32 -47.08
 252.00 -72.96 -44.46
 253.00 -49.82 -40.04
 254.00 -60.71 -44.10
 255.00 -57.11 -54.15
 256.00 -73.12 -22.74
 257.00 -71.44 -48.26
 258.00 -62.78 -37.85
 259.00 -66.99 -39.47
 260.00 -63.71 -44.52
 261.00 -70.42 -25.00
 262.00 -57.14 -50.37
 263.00 -60.19 -40.74
 264.00 -82.51 -47.45
 1001.00 -62.64 -37.27
 1002.00 -56.91 -35.01
 1003.00 -70.98 -36.46
 1004.00 -78.84 -31.50
 1005.00 -65.35 -36.05
 1006.00 -62.05 -34.36
 1007.00 -46.92 -55.47
 1008.00 -60.75 -44.96
 1009.00 -50.94 -50.17
 1010.00 -66.04 -44.10
 1011.00 -52.90 -38.27
 1012.00 -63.71 -53.96
 1013.00 -50.50 -49.59
 1014.00 -66.14 -35.48
 1015.00 -67.57 -37.04
 1016.00 -82.35 -28.16
 1017.00 -58.54 -43.35
 1018.00 -78.38 -37.64
 1019.00 -53.26 -18.45
 1020.00 -103.04 134.70
 1021.00 -154.40   9.55
 1022.00 -63.14 140.69
 1023.00 -52.92 -41.11
 1024.00 -68.00 -37.17
 1025.00 -70.50 -46.12
 1026.00 -68.83 -36.10
 1027.00 -62.37 -39.54
 1028.00 -71.82 -49.89
 1029.00 -69.18 -38.24
 1030.00 -56.01 -37.26
 1031.00 -60.22 -47.31
 1032.00 -54.90 -45.14
 1033.00 -56.44 -35.36
 1034.00 -59.10 -48.64
 1035.00 -54.09 -49.34
 1036.00 -70.97 -40.11
 1037.00 -58.99 -34.25
 1038.00 -78.37 -34.68
 1039.00 -64.02 -28.19
 1040.00 -71.82 -44.38
 1041.00  39.00 -27.66
 1042.00  70.00  58.57
 1043.00 -74.80  -9.61
 1044.00  64.02  -9.91
 1066.00 -78.45 149.44
 1067.00 -64.29  12.26
 1068.00 -48.44 -39.42
 1069.00 -69.77 -50.58
 1070.00 -80.35 -17.07
 1071.00 -53.40 -42.72
 1072.00 -57.91 -44.89
 1073.00 -65.63 -48.04
 1074.00 -68.69 -38.02
 1075.00 -52.21 -39.77
 1076.00 -73.69 -36.02
 1077.00 -55.69 -42.19
 1078.00 -80.59 -31.96
 1079.00 -80.47 -23.52
 1080.00 -68.10 -40.31
 1081.00  85.21  -0.21
 1082.00 -78.81  -6.42
 1083.00 -64.15  79.59
 1084.00 -63.40 -43.88
 1085.00 -63.37 -42.40
 1086.00 -73.25 -35.07
 1087.00 -70.22 -33.47
 1088.00 -82.75 -17.11
 1089.00 -54.88 -40.91
 1090.00 -60.42 -40.47
 1091.00 -87.69 -27.51
 1092.00 -64.38 -40.24
 1093.00 -74.45 -30.23
 1094.00 -42.73 -54.05
 1095.00 -57.99 -54.43
 1096.00 -53.32 -59.47
 1097.00 -57.78 -43.28
 1098.00 -60.10 -41.21
 1099.00 -66.41 -44.66
 1100.00 -60.72 -41.71
 1101.00 -68.40 -41.69
 1102.00 -59.36 -34.24
 1103.00 -72.52 -37.69
 1104.00 -62.47 -45.64
 1105.00 -76.02 -38.37
 313.00 -81.77 -24.18
 314.00 -71.42 -40.51
 315.00 -63.52 -26.86
 316.00 -61.69 -41.76
 317.00 -63.12 -41.44
 318.00 -59.34 -39.76
 319.00 -64.37 -59.71
 320.00 -56.45 -36.48
 321.00 -73.39 -36.41
 322.00 -65.53 -45.86
 323.00 -73.94 -19.70
 324.00 -61.39 -44.46
 325.00 -55.46 -39.62
 326.00 -66.23 -21.95
 327.00 -70.76 -39.44
 328.00 -64.11 -37.94
 329.00 -62.10 -60.41
 330.00 -69.17 -48.04
 331.00 -75.43 -17.15
 332.00 -69.76 -44.48
 333.00 -59.92 -47.91
 334.00 -113.74  -9.66
 335.00 -112.15 -14.57
 336.00 -69.70 -17.02
 337.00 -63.94 -40.86
 338.00 -69.65 -27.21
 339.00 -69.63 -55.67
 340.00 -68.99 -32.09
 341.00 -73.88 -41.97
 342.00 -75.29 -20.24
 343.00 -77.17 -37.74
 344.00 -58.18 -44.16
 345.00 -57.76 -44.97
 346.00 -79.34 -34.65
 347.00 -118.27 -11.90
 348.00 -56.56 -38.14
 349.00 -161.04 137.10
 350.00 -90.42 -29.46
 351.00 -137.70 -23.88
 352.00 -146.84  21.55
 353.00 -126.81 173.99
 354.00 -75.48 132.63
 355.00 -60.11 -27.25
 356.00 -63.32 -45.99
 357.00 -57.54 -51.41
 358.00 -69.80 -34.98
 359.00 -55.47 -35.83
 360.00 -74.88 -37.05
 361.00 -53.56 -45.30
 362.00 -66.46 -34.60
 363.00 -105.07  -9.75
 364.00 -56.98 -56.35
 365.00 -57.59 -28.98
 366.00 -69.09 -50.60
 367.00 -73.29 -17.07
 368.00 -61.16 -35.86
 369.00 -66.46 -51.81
 370.00 -64.44 -24.88
 371.00 -64.43 -24.08
 372.00 -54.31 -32.47
 373.00 -89.70 -31.30
 374.00 -74.40 -25.81
 375.00 -47.43 -37.42
 376.00 -62.33 -44.02
 377.00 -71.29 -35.50
 378.00 -52.66 -43.29
 379.00 -59.41 -57.34
 380.00 -64.23 -29.57
 381.00 -73.21 -47.45
 382.00 -102.27 -39.68
 383.00 -134.27  -9.79
 384.00 -72.91 122.70
 385.00 -62.75 -32.27
 386.00 -65.99 -51.73
 387.00 -50.19 -41.12
 388.00 -69.92 -44.70
 389.00 -61.11 -43.63
 390.00 -59.38 -45.82
 391.00 -68.72 -42.40
 392.00 -71.73 -27.53
 393.00 -54.58 -53.41
 394.00 -55.95 -44.94
 395.00 -102.55 -24.53
 396.00  58.15  11.43
 397.00 -117.40  37.20
 398.00 -149.57 158.17


