 residuo Phi Psi
  69.00 -127.02 153.16
  70.00 -103.48 126.08
  71.00 -48.19 -30.73
  72.00 -75.64 -42.57
  73.00 -78.33 -27.37
  74.00 -69.97 -39.89
  75.00 -67.55 -31.14
  76.00 -58.40 -49.55
  77.00 -70.46 -50.09
  78.00 -84.55 -14.19
  79.00 -65.22 -39.35
  80.00 -86.61 -16.79
  81.00 -63.77 -28.75
  82.00 -46.85 -36.78
  83.00 -75.02 -45.90
  84.00 -58.93 -36.86
  85.00 -52.55 -56.57
  86.00 -77.15 -51.91
  87.00 -65.53 -21.94
  88.00 -72.68 -42.40
  89.00 -58.30 -70.57
  90.00 -61.27 -33.48
  91.00 -73.91 -53.15
  92.00 -65.13 -19.44
  93.00 -65.63 -46.12
  94.00 -55.07 -39.77
  95.00 -59.88 -48.54
  96.00 -52.07 -49.02
  97.00 -61.63 -53.15
  98.00 -60.86 -49.79
  99.00 -75.12 -27.25
 100.00 -122.44 -27.06
 101.00 -68.95 -32.98
 102.00 -60.64 118.71
 103.00 -64.29 -35.85
 104.00 -105.44 -18.08
 105.00 -80.17   6.88
 106.00 -145.88  79.47
 107.00 -60.67 146.22
 108.00 -61.05 -32.37
 109.00 -78.77 -33.50
 110.00 -63.43 -30.61
 111.00 -67.42 -37.02
 112.00 -72.81 -35.23
 113.00 -70.34 -31.28
 114.00 -66.01 -34.52
 115.00 -64.19 -32.89
 116.00 -58.79 -51.90
 117.00 -54.69 -43.43
 118.00 -70.58 -41.68
 119.00 -71.63 -36.01
 120.00 -60.56 -54.21
 121.00 -63.82 -45.71
 122.00 -51.73 -38.16
 123.00 -56.12 -51.02
 124.00 -105.01 -28.61
 125.00 -104.29 -30.35
 126.00 -117.53 -20.19
 127.00 -56.92 -54.40
 128.00 -66.66 -44.90
 129.00 -85.02 -27.26
 130.00 -75.48 -24.30
 131.00 -95.37 -15.18
 132.00 -56.66 -43.19
 133.00 -55.68 -31.75
 134.00 -63.06 -36.46
 135.00 -69.69 -42.72
 136.00 -83.03 -27.93
 137.00  59.70   4.40
 138.00  59.98  55.01
 139.00 -148.48  63.33
 140.00 -76.90 148.88
 141.00 -73.42 118.07
 142.00 -146.55   7.32
 143.00 -42.89 171.23
 144.00 -69.61 133.09
 145.00 -63.56 -24.30
 146.00 -127.42   9.79
 147.00 -67.78  -5.40
 148.00 -49.86 -38.03
 149.00 -79.65 -49.59
 150.00 -76.35 -18.46
 151.00 -62.04 -35.76
 152.00 -49.02 -34.88
 153.00 -54.66 -53.94
 154.00 -57.74 -48.36
 155.00 -74.41 -45.72
 156.00 -56.35 -47.72
 157.00 -68.99 -52.55
 158.00 -63.32 -46.93
 159.00 -65.86 -38.47
 160.00 -63.19 -45.09
 161.00 -58.35 -32.27
 162.00 -66.57 -56.42
 163.00 -52.73 -51.68
 164.00 -71.87 -32.46
 165.00 -63.46 -46.56
 166.00 -65.97 -34.79
 167.00 -84.61 -33.19
 168.00 -53.57 -40.64
 169.00 -64.64 -37.32
 170.00 -63.04 -53.34
 171.00 -51.77 -49.07
 172.00 -55.15 -62.44
 173.00 -64.08 -36.02
 174.00 -60.53 -51.54
 175.00 -75.28 -39.59
 176.00 -73.62 -28.77
 177.00 -97.34  -6.47
 178.00 -135.88  30.94
 179.00 -56.41 128.61
 180.00 -74.42 -27.35
 181.00 -65.47  12.14
 182.00 -89.08 -20.58
 183.00 -72.27  26.91
 184.00 -74.88 145.34
 185.00 -88.72  -6.30
 186.00 -172.88 140.84
 187.00 -75.32 140.98
 188.00 -70.73 133.44
 189.00 -58.35 -39.54
 190.00 -65.68 -49.22
 191.00 -65.85 -31.55
 192.00 -49.44 -58.25
 193.00 -56.30 -41.93
 194.00 -67.45 -39.66
 195.00 -53.70 -42.89
 196.00 -63.64 -48.13
 197.00 -70.21 -30.28
 198.00 -54.99 -54.71
 199.00 -60.49 -40.58
 200.00 -63.38 -50.46
 201.00 -69.97 -34.60
 202.00 -80.58 -38.46
 203.00 -67.51 -18.39
 204.00 -45.52 -53.43
 205.00 -61.01 -54.34
 206.00 -91.02 -30.88
 207.00 -50.09 -29.41
 208.00 -52.20 -33.79
 209.00 -59.28 -29.16
 210.00 -74.33 -60.37
 211.00 -72.81 -17.83
 212.00 -87.64 -45.01
 213.00 -89.29 -45.62
 214.00 -66.63 -20.04
 215.00 -101.81 -23.50
 216.00 -148.32   4.02
 217.00 -62.20  67.99
 218.00 -64.07  -7.45
 219.00 -64.05 -38.30
 220.00 -124.25 -32.60
 221.00 -128.50  11.00
 222.00 -163.36 147.01
 223.00  44.47 146.21
 224.00  99.42  24.77
 225.00 -120.79   5.20
 226.00 -72.64 147.81
 227.00 -156.84 103.38
 228.00 -60.82 145.49
 229.00 -114.49 111.19
 230.00 -77.47 -29.24
 231.00 -65.45 144.22
 232.00 -53.68 -22.56
 233.00 -80.44 -37.81
 234.00 -62.71 -43.34
 235.00 -97.43 -34.68
 236.00 -114.24 -38.60
 237.00 -60.83 -25.19
 238.00 -58.58 -61.33
 239.00 -59.13 -18.03
 240.00 -96.73 -34.82
 241.00 -83.96 -36.12
 242.00 -151.48  -2.82
 243.00 -81.07 -48.56
 244.00 -49.28 -39.46
 245.00 -65.98 -63.86
 246.00 -59.11 -37.05
 247.00 -65.75 -39.92
 248.00 -62.38 -50.42
 249.00 -55.66 -42.32
 250.00 -79.40 -51.91
 251.00 -77.14 -35.69
 252.00 -62.58 -30.97
 253.00 -68.77 -28.83
 254.00 -59.39 -49.30
 255.00 -66.98 -39.00
 256.00 -61.41 -41.80
 257.00 -60.24 -54.37
 258.00 -61.95 -39.75
 259.00 -84.73 -26.65
 260.00 -66.57 -33.39
 261.00 -79.69 -22.36
 262.00 -73.18 -40.94
 263.00 -57.35 -34.51
 264.00 -82.35 -35.16
 1001.00 -57.24 -38.69
 1002.00 -58.49 -36.68
 1003.00 -86.17 -37.81
 1004.00 -75.45 -11.96
 1005.00 -62.04 -34.87
 1006.00 -58.87 -40.83
 1007.00 -67.39 -43.73
 1008.00 -62.31 -34.04
 1009.00 -49.09 -44.62
 1010.00 -69.09 -50.20
 1011.00 -55.67 -29.48
 1012.00 -80.52 -39.21
 1013.00 -63.03 -35.63
 1014.00 -64.11 -39.22
 1015.00 -66.93 -41.32
 1016.00 -65.11 -40.79
 1017.00 -75.77 -29.40
 1018.00 -75.61 -31.94
 1019.00 -72.06 -15.42
 1020.00 -95.35 122.59
 1021.00 -136.48 -26.02
 1022.00 -59.33 166.98
 1023.00 -56.07 -44.54
 1024.00 -64.78 -37.34
 1025.00 -59.94 -52.65
 1026.00 -51.40 -49.86
 1027.00 -70.72 -43.77
 1028.00 -72.40 -44.10
 1029.00 -60.95 -42.51
 1030.00 -65.30 -34.49
 1031.00 -80.48 -38.30
 1032.00 -70.95 -23.01
 1033.00 -47.72 -53.79
 1034.00 -58.28 -49.30
 1035.00 -90.50 -32.74
 1036.00 -67.08 -23.36
 1037.00 -51.88 -37.32
 1038.00 -71.61 -52.32
 1039.00 -59.40 -36.51
 1040.00 -75.36 -32.78
 1041.00  21.03  -1.44
 1042.00  75.10  57.53
 1043.00 -71.23   5.24
 1044.00  70.41 -26.33
 1066.00 -75.36 148.77
 1067.00 -51.02   9.70
 1068.00 -69.89 -41.84
 1069.00 -67.48 -29.03
 1070.00 -66.17 -38.62
 1071.00 -77.15 -28.28
 1072.00 -57.75 -38.50
 1073.00 -60.33 -45.37
 1074.00 -49.24 -49.61
 1075.00 -80.54 -45.64
 1076.00 -56.62 -25.10
 1077.00 -70.23 -45.01
 1078.00 -56.10 -42.44
 1079.00 -52.48 -44.70
 1080.00 -66.87 -53.72
 1081.00  86.32  -3.73
 1082.00 -82.12   1.07
 1083.00 -67.21  73.93
 1084.00 -81.68 -36.52
 1085.00 -64.68 -34.81
 1086.00 -63.19 -45.71
 1087.00 -69.08 -30.59
 1088.00 -66.40 -47.94
 1089.00 -71.38 -30.02
 1090.00 -61.87 -44.71
 1091.00 -69.22 -37.43
 1092.00 -68.26 -41.89
 1093.00 -61.16 -30.20
 1094.00 -42.69 -38.90
 1095.00 -93.18 -44.79
 1096.00 -69.94 -22.20
 1097.00 -56.17 -28.40
 1098.00 -63.45 -39.00
 1099.00 -65.37 -35.54
 1100.00 -67.80 -41.21
 1101.00 -57.52 -49.09
 1102.00 -64.36 -35.70
 1103.00 -70.78 -41.79
 1104.00 -67.83 -44.24
 1105.00 -49.72 -39.42
 313.00 -66.59 -33.15
 314.00 -64.96 -41.26
 315.00 -63.44 -34.38
 316.00 -60.99 -48.84
 317.00 -69.88 -31.17
 318.00 -69.42 -40.95
 319.00 -64.44 -30.49
 320.00 -62.58 -42.74
 321.00 -75.95 -28.91
 322.00 -67.71 -33.60
 323.00 -62.73 -35.26
 324.00 -66.70 -41.60
 325.00 -53.01 -33.52
 326.00 -76.35 -26.35
 327.00 -60.03 -42.74
 328.00 -55.36 -49.56
 329.00 -61.02 -55.00
 330.00 -59.87 -53.76
 331.00 -73.19 -39.18
 332.00 -70.68 -35.34
 333.00 -73.11 -57.56
 334.00 -72.14 -26.32
 335.00 -81.00 -35.41
 336.00 -52.81 -21.97
 337.00 -56.37 -51.39
 338.00 -60.68 -36.33
 339.00 -66.87 -49.72
 340.00 -43.10 -46.24
 341.00 -75.65 -56.31
 342.00 -65.31 -33.72
 343.00 -54.84 -41.32
 344.00 -65.83 -48.43
 345.00 -50.36 -44.26
 346.00 -87.01 -32.70
 347.00 -90.30 -16.35
 348.00 -79.15 -38.99
 349.00 -146.07 141.94
 350.00 -76.80 -59.58
 351.00 -82.53 -56.03
 352.00 -146.77   9.46
 353.00 -104.54 158.11
 354.00 -62.28 125.51
 355.00 -68.08 -23.19
 356.00 -60.78 -54.10
 357.00 -75.16 -43.04
 358.00 -65.85 -29.97
 359.00 -71.49 -39.98
 360.00 -68.90 -25.63
 361.00 -55.46 -56.11
 362.00 -76.47 -36.32
 363.00 -141.39  16.91
 364.00 -68.48 -23.13
 365.00 -61.05 -34.17
 366.00 -84.07 -37.35
 367.00 -64.14 -26.75
 368.00 -68.01 -28.73
 369.00 -60.00 -51.23
 370.00 -51.70 -38.31
 371.00 -65.35 -37.42
 372.00 -78.49 -10.43
 373.00 -63.13 -47.04
 374.00 -84.75 -24.01
 375.00 -57.55 -20.19
 376.00 -63.76 -34.72
 377.00 -70.05 -34.88
 378.00 -56.86 -43.21
 379.00 -74.97 -38.70
 380.00 -58.85 -29.88
 381.00 -87.41 -31.74
 382.00 -94.85 -46.47
 383.00 -130.46  -1.97
 384.00 -53.41 108.68
 385.00 -48.31 -51.02
 386.00 -75.27 -45.44
 387.00 -60.14 -46.68
 388.00 -79.87 -34.81
 389.00 -73.92 -28.80
 390.00 -70.65 -36.87
 391.00 -57.59 -39.61
 392.00 -69.20 -33.13
 393.00 -53.60 -49.05
 394.00 -57.87 -57.16
 395.00 -79.39 -27.82
 396.00  58.69   0.64
 397.00 -90.48  12.92
 398.00 -148.66 -174.69


