 residuo Phi Psi
  69.00 -79.31 128.69
  70.00 -143.04 147.34
  71.00 -67.32 -29.98
  72.00 -69.11 -37.62
  73.00 -67.46 -30.53
  74.00 -58.26 -46.78
  75.00 -67.09 -31.14
  76.00 -68.39 -42.51
  77.00 -64.50 -30.00
  78.00 -59.32 -49.42
  79.00 -62.83 -54.16
  80.00 -91.18  -9.60
  81.00 -74.72 -30.26
  82.00 -56.14 -17.85
  83.00 -66.81 -31.16
  84.00 -56.21 -48.01
  85.00 -49.72 -50.92
  86.00 -56.35 -58.50
  87.00 -67.11 -41.61
  88.00 -53.05 -50.21
  89.00 -66.23 -47.09
  90.00 -71.19 -49.91
  91.00 -58.79 -48.12
  92.00 -59.43 -34.22
  93.00 -66.09 -31.94
  94.00 -56.44 -51.17
  95.00 -64.03 -53.94
  96.00 -55.33 -38.56
  97.00 -72.39 -53.24
  98.00 -63.94 -51.16
  99.00 -64.78 -33.03
 100.00 -115.14 -22.44
 101.00 -66.80 -52.36
 102.00 -57.93 115.80
 103.00 -60.71 -41.82
 104.00 -90.37 -24.30
 105.00 -71.76  -3.86
 106.00 -128.52  49.00
 107.00 -38.90 155.44
 108.00 -79.20 -33.12
 109.00 -64.25 -45.24
 110.00 -53.15 -30.35
 111.00 -68.49 -48.56
 112.00 -57.52 -42.15
 113.00 -60.80 -42.40
 114.00 -62.24 -48.28
 115.00 -70.98 -34.44
 116.00 -62.52 -32.48
 117.00 -69.52 -42.83
 118.00 -63.43 -26.50
 119.00 -70.55 -45.69
 120.00 -77.41 -21.46
 121.00 -60.06 -35.47
 122.00 -76.05 -34.64
 123.00 -67.78 -34.27
 124.00 -83.79 -32.34
 125.00 -75.76 -61.53
 126.00 -101.25 -46.59
 127.00 -54.62 -60.21
 128.00 -75.34 -41.08
 129.00 -70.99 -27.69
 130.00 -54.43 -41.79
 131.00 -81.20 -34.70
 132.00 -49.86 -56.13
 133.00 -47.52 -37.30
 134.00 -59.21 -34.95
 135.00 -52.41 -53.80
 136.00 -68.63 -41.11
 137.00  64.24  10.99
 138.00  65.58  30.14
 139.00 -69.37   7.48
 140.00 -77.20 165.14
 141.00 -91.40 131.40
 142.00 -107.39 -17.98
 143.00 -55.92 173.26
 144.00 -57.45 161.74
 145.00 -63.58 -35.65
 146.00 -106.94 -18.90
 147.00 -56.71 -14.05
 148.00 -51.00 -52.73
 149.00 -59.34 -42.94
 150.00 -70.90 -42.84
 151.00 -45.81 -48.93
 152.00 -63.68 -46.49
 153.00 -58.13 -42.93
 154.00 -59.96 -48.66
 155.00 -67.11 -45.52
 156.00 -74.00 -41.01
 157.00 -67.02 -51.43
 158.00 -75.26 -28.95
 159.00 -54.73 -44.91
 160.00 -67.24 -44.50
 161.00 -62.14 -41.98
 162.00 -75.77 -45.32
 163.00 -71.42 -35.66
 164.00 -72.21 -18.03
 165.00 -61.40 -48.93
 166.00 -78.48 -30.21
 167.00 -63.51 -47.10
 168.00 -68.66 -33.85
 169.00 -65.39 -47.25
 170.00 -63.79 -43.35
 171.00 -65.03 -42.78
 172.00 -77.79 -40.19
 173.00 -57.44 -31.04
 174.00 -72.15 -49.01
 175.00 -65.93 -41.75
 176.00 -69.94 -33.29
 177.00 -78.50  -8.18
 178.00 -84.76  -9.13
 179.00 -63.14 136.99
 180.00 -102.86 -23.70
 181.00 -77.25  25.78
 182.00 -86.06  -8.36
 183.00 -47.79   1.17
 184.00 -56.20 143.22
 185.00 -93.93 -26.45
 186.00 -136.29 131.97
 187.00 -74.74 136.42
 188.00 -72.15 120.98
 189.00 -60.25 -47.91
 190.00 -56.18 -43.45
 191.00 -73.54 -47.76
 192.00 -42.35 -41.22
 193.00 -77.05 -50.50
 194.00 -59.85 -31.27
 195.00 -69.31 -45.45
 196.00 -55.58 -36.11
 197.00 -73.51 -39.24
 198.00 -53.74 -36.37
 199.00 -60.83 -47.10
 200.00 -69.68 -35.86
 201.00 -65.52 -39.01
 202.00 -60.81 -50.51
 203.00 -55.91 -48.67
 204.00 -60.83 -44.11
 205.00 -91.10 -16.59
 206.00 -87.97 -37.27
 207.00 -35.27 -23.60
 208.00 -73.81 -49.53
 209.00 -71.95  -5.60
 210.00 -76.28 -47.19
 211.00 -77.08 -11.25
 212.00 -94.67 -46.55
 213.00 -64.33 -31.46
 214.00 -64.33 -50.01
 215.00 -81.26 -14.61
 216.00 -157.83 -28.15
 217.00 -52.00  96.86
 218.00 -77.50 -18.49
 219.00 -90.55  -4.96
 220.00 -118.43 -30.45
 221.00 -127.23  -6.86
 222.00 -138.64 151.60
 223.00  54.73 111.89
 224.00 101.72  29.57
 225.00 -87.71 -12.82
 226.00 -80.08 142.51
 227.00 -150.21 103.81
 228.00 -61.48 141.39
 229.00 -114.59 110.88
 230.00 -89.07 -19.73
 231.00 -63.14 119.84
 232.00 -61.51 -29.33
 233.00 -64.77 -21.97
 234.00 -80.42 -38.54
 235.00 -86.75 -45.62
 236.00 -109.24 -19.26
 237.00 -79.20 -51.30
 238.00 -70.52 -23.76
 239.00 -71.22 -24.97
 240.00 -59.78 -56.45
 241.00 -91.22 -34.04
 242.00 -144.35 -14.65
 243.00 -77.76 -58.07
 244.00 -69.43 -34.37
 245.00 -71.56 -51.60
 246.00 -61.06 -30.35
 247.00 -68.64 -38.58
 248.00 -70.18 -37.67
 249.00 -59.90 -39.05
 250.00 -73.22 -51.41
 251.00 -79.65 -34.28
 252.00 -70.29 -31.76
 253.00 -57.56 -37.89
 254.00 -56.04 -45.49
 255.00 -61.61 -44.34
 256.00 -70.03 -35.48
 257.00 -67.77 -50.38
 258.00 -75.60 -33.19
 259.00 -50.57 -47.46
 260.00 -69.35 -36.59
 261.00 -56.11 -40.52
 262.00 -67.07 -34.57
 263.00 -73.12 -37.41
 264.00 -63.78 -28.34
 1001.00 -70.64 -30.00
 1002.00 -72.69 -23.30
 1003.00 -68.97 -35.71
 1004.00 -67.60 -27.79
 1005.00 -74.54 -35.80
 1006.00 -58.77 -33.16
 1007.00 -64.83 -52.58
 1008.00 -66.34 -32.55
 1009.00 -50.06 -52.46
 1010.00 -66.86 -46.83
 1011.00 -63.65 -35.15
 1012.00 -89.45 -30.29
 1013.00 -68.30 -31.59
 1014.00 -73.90 -21.63
 1015.00 -67.52 -31.95
 1016.00 -52.86 -47.45
 1017.00 -53.73 -47.97
 1018.00 -80.69 -60.11
 1019.00 -65.38   1.10
 1020.00 -107.12 138.38
 1021.00 -147.05   9.65
 1022.00 -66.01 143.64
 1023.00 -60.00 -35.40
 1024.00 -65.19 -41.88
 1025.00 -60.98 -39.86
 1026.00 -65.52 -44.36
 1027.00 -53.50 -52.08
 1028.00 -85.51 -33.37
 1029.00 -71.09 -37.89
 1030.00 -55.91 -30.68
 1031.00 -64.28 -53.14
 1032.00 -59.05 -36.40
 1033.00 -50.37 -47.16
 1034.00 -72.59 -43.92
 1035.00 -63.36 -45.55
 1036.00 -61.50 -36.80
 1037.00 -70.75 -36.97
 1038.00 -66.01 -41.79
 1039.00 -75.09 -25.54
 1040.00 -68.79 -49.90
 1041.00  48.04  -3.25
 1042.00 107.73  39.84
 1043.00 -46.81  -7.26
 1044.00  84.32 -43.77
 1066.00 -64.97 160.67
 1067.00 -44.46 -14.29
 1068.00 -53.27 -59.08
 1069.00 -74.95 -44.53
 1070.00 -70.88 -15.86
 1071.00 -61.40 -50.42
 1072.00 -60.96 -27.18
 1073.00 -70.63 -42.46
 1074.00 -65.51 -38.17
 1075.00 -70.57 -37.02
 1076.00 -72.63 -27.61
 1077.00 -71.87 -37.05
 1078.00 -71.11 -25.97
 1079.00 -73.61 -31.94
 1080.00 -76.88 -24.05
 1081.00  77.03  -9.22
 1082.00 -79.68  -4.41
 1083.00 -48.47  71.17
 1084.00 -69.88 -44.13
 1085.00 -70.33 -38.18
 1086.00 -64.17 -37.62
 1087.00 -66.72 -37.01
 1088.00 -65.13 -42.74
 1089.00 -74.65 -34.24
 1090.00 -72.34 -32.20
 1091.00 -67.93 -41.95
 1092.00 -47.67 -38.15
 1093.00 -72.82 -30.12
 1094.00 -50.51 -24.40
 1095.00 -68.38 -55.20
 1096.00 -41.64 -49.22
 1097.00 -63.77 -51.64
 1098.00 -65.58 -42.47
 1099.00 -57.08 -42.05
 1100.00 -77.32 -29.19
 1101.00 -40.90 -49.37
 1102.00 -49.25 -49.36
 1103.00 -59.62 -57.77
 1104.00 -78.26 -32.22
 1105.00 -66.51 -39.76
 313.00 -81.59 -28.57
 314.00 -62.25 -38.51
 315.00 -64.00 -37.75
 316.00 -53.93 -46.08
 317.00 -65.90 -48.20
 318.00 -61.70 -37.88
 319.00 -62.67 -41.26
 320.00 -59.52 -48.88
 321.00 -52.24 -47.12
 322.00 -63.71 -50.36
 323.00 -61.30 -34.20
 324.00 -64.28 -53.90
 325.00 -82.26 -11.33
 326.00 -74.13  -4.17
 327.00 -70.90 -43.58
 328.00 -66.74 -31.77
 329.00 -63.70 -57.03
 330.00 -56.54 -44.50
 331.00 -65.48 -35.87
 332.00 -58.91 -49.80
 333.00 -61.27 -58.04
 334.00 -76.72 -31.63
 335.00 -101.47 -33.40
 336.00 -59.89 -18.11
 337.00 -60.54 -41.15
 338.00 -54.87 -40.82
 339.00 -65.15 -58.30
 340.00 -73.68 -33.80
 341.00 -75.46 -31.86
 342.00 -64.98 -47.47
 343.00 -75.82 -16.85
 344.00 -54.37 -46.57
 345.00 -67.52 -48.33
 346.00 -92.31 -18.75
 347.00 -80.66 -24.30
 348.00 -81.22 -35.75
 349.00 -164.56 151.61
 350.00 -82.63 -40.10
 351.00 -85.33 -50.68
 352.00 -80.97 -40.09
 353.00 -125.16 165.80
 354.00 -63.87 132.75
 355.00 -54.46 -35.82
 356.00 -77.22 -40.14
 357.00 -62.51 -34.02
 358.00 -64.12 -49.26
 359.00 -52.11 -41.31
 360.00 -81.28 -39.76
 361.00 -61.21 -35.11
 362.00 -63.28 -35.55
 363.00 -66.02 -36.16
 364.00 -62.48 -67.53
 365.00 -71.06 -30.02
 366.00 -76.76 -34.41
 367.00 -90.45   5.36
 368.00 -64.10 -29.80
 369.00 -69.73 -48.10
 370.00 -65.89 -27.50
 371.00 -56.38 -39.04
 372.00 -54.32 -37.61
 373.00 -115.89  -2.01
 374.00 -85.37  -1.44
 375.00 -46.00 -37.20
 376.00 -60.15 -43.02
 377.00 -65.73 -39.03
 378.00 -60.43 -44.44
 379.00 -87.16 -24.63
 380.00 -86.84 -14.97
 381.00 -64.27 -50.90
 382.00 -131.12 -25.86
 383.00 -146.94   6.79
 384.00 -75.85 132.97
 385.00 -54.20 -43.09
 386.00 -52.82 -55.10
 387.00 -51.17 -60.77
 388.00 -65.84 -35.84
 389.00 -66.72 -48.06
 390.00 -56.71 -47.56
 391.00 -60.11 -40.40
 392.00 -65.95 -47.28
 393.00 -62.92 -43.34
 394.00 -70.17 -34.15
 395.00 -118.63  -6.96
 396.00  54.79  19.27
 397.00 -68.57  13.32
 398.00 -60.72  40.95


