 residuo Phi Psi
  69.00 -62.95 139.35
  70.00 -125.00 138.98
  71.00 -79.41   3.73
  72.00 -77.34 -42.44
  73.00 -68.55 -32.56
  74.00 -66.21 -36.69
  75.00 -66.48 -40.32
  76.00 -68.80 -41.21
  77.00 -59.18 -41.65
  78.00 -64.28 -34.77
  79.00 -45.52 -57.61
  80.00 -73.30 -40.12
  81.00 -75.86 -22.58
  82.00 -59.38 -11.51
  83.00 -57.02 -43.38
  84.00 -60.00 -54.45
  85.00 -71.42 -38.06
  86.00 -68.37 -47.28
  87.00 -72.81 -28.25
  88.00 -66.45 -48.55
  89.00 -59.57 -57.44
  90.00 -69.01 -46.14
  91.00 -90.84 -24.66
  92.00 -62.87 -37.18
  93.00 -58.39 -40.23
  94.00 -63.79 -42.54
  95.00 -65.28 -46.85
  96.00 -57.52 -43.03
  97.00 -82.08 -37.31
  98.00 -63.20 -33.95
  99.00 -74.22 -29.58
 100.00 -117.61 -29.88
 101.00 -87.19 -26.72
 102.00 -57.82 121.88
 103.00 -67.27 -39.41
 104.00 -118.37  -8.80
 105.00 -70.94  12.82
 106.00 -150.89  82.37
 107.00 -58.91 167.55
 108.00 -65.53 -38.09
 109.00 -67.19 -52.49
 110.00 -75.91 -14.36
 111.00 -72.13 -37.31
 112.00 -68.89 -39.41
 113.00 -70.19 -31.34
 114.00 -77.91 -33.46
 115.00 -54.64 -36.72
 116.00 -86.82 -27.82
 117.00 -65.86 -32.84
 118.00 -64.60 -32.10
 119.00 -72.30 -48.20
 120.00 -62.46 -32.24
 121.00 -63.83 -47.51
 122.00 -59.47 -35.37
 123.00 -57.40 -39.36
 124.00 -103.32 -41.21
 125.00 -131.32 -20.53
 126.00 -90.22 -26.86
 127.00 -66.53 -56.28
 128.00 -84.07 -29.00
 129.00 -86.78 -13.27
 130.00 -66.94 -31.57
 131.00 -62.99 -34.30
 132.00 -76.91 -43.18
 133.00 -67.25 -14.87
 134.00 -69.33 -28.15
 135.00 -86.62 -29.73
 136.00 -75.36 -31.12
 137.00  78.15   7.35
 138.00  60.81  51.56
 139.00 -153.93  58.42
 140.00 -75.87 166.87
 141.00 -79.77 111.17
 142.00 -127.26   6.42
 143.00 -51.88 169.81
 144.00 -66.09 135.33
 145.00 -68.97 -24.98
 146.00 -79.80 -13.46
 147.00 -62.48 -12.66
 148.00 -66.37 -40.24
 149.00 -62.41 -49.83
 150.00 -106.17  -2.04
 151.00 -52.27 -41.86
 152.00 -55.48 -33.70
 153.00 -64.79 -33.13
 154.00 -58.77 -52.25
 155.00 -58.57 -53.89
 156.00 -75.67 -42.09
 157.00 -72.42 -42.36
 158.00 -75.06 -32.25
 159.00 -63.06 -45.19
 160.00 -65.62 -29.18
 161.00 -71.72 -43.68
 162.00 -70.98 -37.93
 163.00 -81.32 -29.15
 164.00 -68.99 -25.66
 165.00 -70.81 -43.13
 166.00 -62.84 -36.88
 167.00 -70.57 -41.54
 168.00 -75.33 -40.51
 169.00 -47.77 -35.43
 170.00 -67.92 -48.83
 171.00 -65.23 -42.69
 172.00 -74.97 -43.06
 173.00 -66.99 -24.30
 174.00 -69.30 -43.39
 175.00 -77.40 -28.89
 176.00 -76.61 -32.93
 177.00 -78.97 -11.62
 178.00 -78.35 -12.96
 179.00 -60.81 138.47
 180.00 -122.31 -25.98
 181.00 -71.98  28.91
 182.00 -97.00  -0.20
 183.00 -58.20  23.88
 184.00 -91.68 150.30
 185.00 -141.70  13.96
 186.00 -155.01 159.45
 187.00 -62.37 147.37
 188.00 -82.31 129.63
 189.00 -55.72 -28.77
 190.00 -39.33 -60.73
 191.00 -60.64 -53.82
 192.00 -50.52 -59.10
 193.00 -62.70 -52.06
 194.00 -108.67  -7.51
 195.00 -47.79 -45.53
 196.00 -72.08 -47.71
 197.00 -70.58 -30.97
 198.00 -63.16 -42.13
 199.00 -56.54 -39.73
 200.00 -61.30 -49.51
 201.00 -60.22 -39.92
 202.00 -61.40 -56.83
 203.00 -66.68 -27.67
 204.00 -59.19 -49.55
 205.00 -67.34 -29.32
 206.00 -92.37 -43.02
 207.00 -36.15 -37.53
 208.00 -59.50 -30.40
 209.00 -71.33 -21.93
 210.00 -62.63 -53.48
 211.00 -68.14 -45.24
 212.00 -85.93 -43.24
 213.00 -101.92 -24.88
 214.00 -69.09 -30.48
 215.00 -110.11 -16.49
 216.00 -144.13  17.68
 217.00 -50.81  74.89
 218.00 -46.14 -36.95
 219.00 -74.54 -20.89
 220.00 -114.08 -39.24
 221.00 -124.59  -4.03
 222.00 -144.25 135.64
 223.00  58.49 107.57
 224.00  74.96  38.08
 225.00 -87.24  -4.64
 226.00 -84.59 145.16
 227.00 -154.69 104.06
 228.00 -60.07 133.04
 229.00 -132.32 130.05
 230.00 -66.90 -23.55
 231.00 -67.25 122.33
 232.00 -75.84 -17.42
 233.00 -68.79 -35.74
 234.00 -75.26 -45.60
 235.00 -77.79 -57.84
 236.00 -126.14 -21.23
 237.00 -58.22 -48.59
 238.00 -65.25 -41.03
 239.00 -65.88 -16.30
 240.00 -70.64 -61.86
 241.00 -75.60 -21.22
 242.00 -160.86 -10.02
 243.00 -57.96 -67.45
 244.00 -58.81 -41.52
 245.00 -67.66 -65.32
 246.00 -58.19 -29.62
 247.00 -52.07 -51.95
 248.00 -58.46 -57.54
 249.00 -65.37 -37.21
 250.00 -60.95 -49.67
 251.00 -77.78 -31.83
 252.00 -63.88 -46.26
 253.00 -73.00 -21.30
 254.00 -53.09 -49.52
 255.00 -72.59 -39.04
 256.00 -75.74 -29.82
 257.00 -64.78 -56.50
 258.00 -65.37 -22.12
 259.00 -70.38 -46.22
 260.00 -74.43 -31.23
 261.00 -66.29 -34.19
 262.00 -56.79 -39.59
 263.00 -63.19 -45.64
 264.00 -77.56 -26.76
 1001.00 -66.95 -30.52
 1002.00 -54.90 -28.98
 1003.00 -69.44 -37.64
 1004.00 -56.10 -47.99
 1005.00 -72.94 -42.17
 1006.00 -65.51 -38.89
 1007.00 -65.46 -37.75
 1008.00 -79.89 -25.17
 1009.00 -63.74 -38.52
 1010.00 -45.24 -54.12
 1011.00 -58.18 -50.07
 1012.00 -61.83 -58.55
 1013.00 -69.13 -31.08
 1014.00 -70.56 -39.60
 1015.00 -75.64 -22.44
 1016.00 -49.44 -49.11
 1017.00 -65.13 -49.12
 1018.00 -124.74 -15.63
 1019.00 -56.60 -10.67
 1020.00 -85.18 153.47
 1021.00 -146.13 -31.56
 1022.00 -56.83 163.83
 1023.00 -59.08 -33.71
 1024.00 -48.56 -50.35
 1025.00 -81.52 -38.41
 1026.00 -58.49 -35.40
 1027.00 -49.34 -56.75
 1028.00 -62.52 -51.02
 1029.00 -75.27 -46.20
 1030.00 -66.14 -20.66
 1031.00 -62.26 -50.95
 1032.00 -50.64 -39.53
 1033.00 -45.30 -46.06
 1034.00 -57.56 -49.46
 1035.00 -75.70 -41.64
 1036.00 -76.23 -23.90
 1037.00 -50.38 -44.17
 1038.00 -76.77 -41.24
 1039.00 -77.40 -37.08
 1040.00 -76.66 -40.84
 1041.00  55.06 -22.02
 1042.00 114.03  22.38
 1043.00 -59.23   5.25
 1044.00  80.53 -34.20
 1066.00 -78.50 147.40
 1067.00 -70.55  15.90
 1068.00 -77.25 -30.76
 1069.00 -74.39 -32.81
 1070.00 -64.88 -26.13
 1071.00 -66.07 -41.33
 1072.00 -69.74 -36.77
 1073.00 -68.81 -36.12
 1074.00 -65.61 -45.34
 1075.00 -74.07 -32.69
 1076.00 -58.21 -31.02
 1077.00 -77.46 -36.61
 1078.00 -64.03 -34.68
 1079.00 -61.67 -39.85
 1080.00 -79.55 -31.11
 1081.00  76.68  -9.47
 1082.00 -68.86  -1.74
 1083.00 -55.68  69.64
 1084.00 -62.25 -42.76
 1085.00 -69.19 -32.80
 1086.00 -60.44 -49.51
 1087.00 -61.35 -47.99
 1088.00 -67.52 -53.64
 1089.00 -55.84 -36.11
 1090.00 -74.48 -34.98
 1091.00 -69.23 -35.40
 1092.00 -78.01 -27.06
 1093.00 -67.29 -20.94
 1094.00 -53.13 -36.13
 1095.00 -63.39 -59.03
 1096.00 -78.95 -30.02
 1097.00 -53.55 -46.77
 1098.00 -55.39 -33.16
 1099.00 -78.35 -38.87
 1100.00 -54.85 -46.35
 1101.00 -60.85 -40.03
 1102.00 -74.32 -40.42
 1103.00 -62.44 -23.44
 1104.00 -69.56 -56.87
 1105.00 -56.52 -31.55
 313.00 -80.65 -21.73
 314.00 -66.95 -41.29
 315.00 -71.30 -32.68
 316.00 -59.66 -32.94
 317.00 -66.17 -48.19
 318.00 -60.17 -40.91
 319.00 -68.45 -41.47
 320.00 -60.85 -37.88
 321.00 -68.97 -41.88
 322.00 -70.44 -36.44
 323.00 -64.16 -41.85
 324.00 -56.55 -43.38
 325.00 -61.26 -36.19
 326.00 -63.86 -33.80
 327.00 -63.04 -38.87
 328.00 -78.34 -34.21
 329.00 -58.01 -45.60
 330.00 -60.47 -57.41
 331.00 -64.96 -34.29
 332.00 -65.21 -59.34
 333.00 -59.05 -42.28
 334.00 -75.13 -32.64
 335.00 -83.40 -31.17
 336.00 -50.72 -21.94
 337.00 -55.11 -47.89
 338.00 -57.09 -42.92
 339.00 -58.20 -57.05
 340.00 -46.77 -53.06
 341.00 -58.53 -57.09
 342.00 -73.75 -44.92
 343.00 -71.95 -41.01
 344.00 -58.74 -42.99
 345.00 -50.39 -38.04
 346.00 -99.23 -29.17
 347.00 -72.53 -29.06
 348.00 -86.02 -46.18
 349.00 -137.39 141.49
 350.00 -111.04 -36.36
 351.00 -104.49 -31.55
 352.00 -130.42   8.93
 353.00 -91.29 152.30
 354.00 -61.64 120.65
 355.00 -55.87 -31.91
 356.00 -92.92 -38.12
 357.00 -60.83 -43.22
 358.00 -59.32 -25.58
 359.00 -59.56 -62.85
 360.00 -86.18 -22.57
 361.00 -65.29 -33.15
 362.00 -73.21 -45.43
 363.00 -115.24   4.50
 364.00 -52.39 -59.87
 365.00 -62.97 -25.32
 366.00 -81.61 -42.86
 367.00 -60.12 -24.18
 368.00 -55.96 -41.35
 369.00 -62.56 -60.52
 370.00 -70.58 -27.97
 371.00 -66.33 -14.17
 372.00 -66.20 -34.57
 373.00 -84.07 -28.11
 374.00 -84.42 -31.75
 375.00 -52.11 -28.66
 376.00 -61.16 -44.63
 377.00 -77.94 -24.99
 378.00 -72.49 -27.75
 379.00 -71.33 -38.27
 380.00 -76.71 -14.85
 381.00 -74.54 -46.13
 382.00 -128.02 -37.44
 383.00 -142.03  16.23
 384.00 -59.22 108.05
 385.00 -69.22 -26.05
 386.00 -72.52 -36.09
 387.00 -55.49 -52.04
 388.00 -63.45 -42.91
 389.00 -82.11 -30.95
 390.00 -62.48 -48.44
 391.00 -62.70 -35.96
 392.00 -70.96 -36.42
 393.00 -69.02 -48.19
 394.00 -60.38 -39.35
 395.00 -83.42 -35.12
 396.00  52.22  13.87
 397.00 -97.79  29.50
 398.00 -135.77 175.38


