 residuo Phi Psi
  69.00 -74.57 141.03
  70.00 -57.85  22.59
  71.00 -65.00 -52.61
  72.00 -72.06 -34.69
  73.00 -65.43 -31.46
  74.00 -71.99 -51.13
  75.00 -72.12 -31.74
  76.00 -71.20 -32.52
  77.00 -62.55 -37.70
  78.00 -87.84 -16.84
  79.00 -59.24 -40.78
  80.00 -65.59 -41.35
  81.00 -63.15 -32.77
  82.00 -48.64 -53.07
  83.00 -76.61 -32.58
  84.00 -75.08 -27.59
  85.00 -56.54 -46.41
  86.00 -76.08 -41.83
  87.00 -56.46 -35.18
  88.00 -62.88 -42.09
  89.00 -74.18 -47.61
  90.00 -51.60 -38.97
  91.00 -89.33 -36.90
  92.00 -72.70 -23.65
  93.00 -58.30 -34.06
  94.00 -64.61 -49.89
  95.00 -57.75 -41.82
  96.00 -55.66 -53.13
  97.00 -63.80 -49.37
  98.00 -76.47 -43.14
  99.00 -73.59 -19.97
 100.00 -114.13 -34.86
 101.00 -91.94 -27.10
 102.00 -55.90 118.88
 103.00 -64.13 -33.39
 104.00 -82.07 -25.48
 105.00 -75.16  -7.86
 106.00 -143.39  77.35
 107.00 -60.35 164.59
 108.00 -58.56 -37.44
 109.00 -95.40 -25.63
 110.00 -67.51 -30.47
 111.00 -54.25 -38.67
 112.00 -69.87 -50.27
 113.00 -76.64 -20.64
 114.00 -63.14 -32.52
 115.00 -64.42 -29.31
 116.00 -68.59 -38.16
 117.00 -66.31 -38.57
 118.00 -80.15 -29.80
 119.00 -80.93 -24.26
 120.00 -77.82 -24.03
 121.00 -63.77 -42.47
 122.00 -51.33 -38.16
 123.00 -60.59 -49.00
 124.00 -72.11 -33.89
 125.00 -115.08 -49.46
 126.00 -102.99 -26.37
 127.00 -66.66 -54.58
 128.00 -58.93 -32.60
 129.00 -68.05 -45.70
 130.00 -57.61 -40.28
 131.00 -70.50 -47.68
 132.00 -78.10 -31.09
 133.00 -64.49 -25.77
 134.00 -58.71 -47.22
 135.00 -55.65 -53.97
 136.00 -68.45 -44.24
 137.00 123.82 -10.36
 138.00  61.01  36.75
 139.00 -152.93  38.33
 140.00 -52.12 144.55
 141.00 -97.29 128.25
 142.00 -131.52   0.81
 143.00 -48.24 167.48
 144.00 -58.98 139.10
 145.00 -76.08 -47.80
 146.00 -91.24   8.02
 147.00 -79.11  -7.34
 148.00 -65.40 -39.97
 149.00 -72.96 -37.07
 150.00 -99.34  -8.02
 151.00 -68.95 -48.13
 152.00 -37.08 -27.86
 153.00 -75.84 -35.65
 154.00 -72.39 -33.00
 155.00 -58.68 -44.79
 156.00 -64.83 -50.03
 157.00 -70.93 -49.47
 158.00 -75.86 -26.87
 159.00 -62.16 -42.21
 160.00 -60.26 -40.77
 161.00 -65.15 -38.09
 162.00 -74.26 -46.48
 163.00 -65.01 -33.77
 164.00 -58.73 -38.58
 165.00 -63.62 -35.65
 166.00 -70.33 -33.52
 167.00 -65.60 -48.58
 168.00 -75.02 -38.51
 169.00 -66.19 -34.34
 170.00 -68.71 -39.79
 171.00 -77.00 -31.87
 172.00 -60.66 -43.12
 173.00 -67.66 -49.03
 174.00 -56.67 -40.61
 175.00 -65.29 -45.58
 176.00 -55.57 -48.74
 177.00 -78.67  -6.55
 178.00 -55.72 -37.65
 179.00 -58.97 133.45
 180.00 -114.90 -21.97
 181.00 -62.55  38.16
 182.00 -75.16 -15.85
 183.00 -58.96 -11.90
 184.00 -67.60 149.72
 185.00 -114.11 -31.04
 186.00 -152.52 157.80
 187.00 -94.80 164.45
 188.00 -86.24 133.64
 189.00 -48.69 -42.81
 190.00 -66.68 -54.18
 191.00 -69.28 -33.08
 192.00 -56.87 -43.18
 193.00 -49.80 -57.03
 194.00 -66.70 -50.61
 195.00 -63.20 -37.88
 196.00 -74.19 -43.54
 197.00 -54.81 -31.98
 198.00 -62.95 -54.13
 199.00 -64.19 -32.43
 200.00 -58.91 -47.59
 201.00 -57.15 -45.20
 202.00 -62.39 -50.77
 203.00 -49.68 -47.99
 204.00 -72.83 -45.08
 205.00 -51.43 -33.27
 206.00 -71.15 -54.99
 207.00 -46.72 -23.42
 208.00 -62.66 -37.67
 209.00 -68.49 -20.10
 210.00 -60.39 -53.30
 211.00 -66.15 -28.09
 212.00 -72.49 -54.15
 213.00 -73.75 -29.17
 214.00 -73.65 -55.30
 215.00 -94.36  -2.35
 216.00 -150.15 -31.30
 217.00 -66.98 114.51
 218.00 -65.70 -31.03
 219.00 -84.47   6.32
 220.00 -122.59 -29.49
 221.00 -131.40   2.40
 222.00 -127.71 128.25
 223.00  64.74 114.27
 224.00  76.64  49.92
 225.00 -107.64  -9.22
 226.00 -55.67 150.05
 227.00 -152.70 105.80
 228.00 -58.54 136.90
 229.00 -91.06  84.68
 230.00 -63.64 -30.82
 231.00 -47.95 130.70
 232.00 -56.85 -49.07
 233.00 -58.64 -32.04
 234.00 -74.83 -59.35
 235.00 -74.08 -36.93
 236.00 -119.46 -38.28
 237.00 -73.95 -38.60
 238.00 -52.72 -28.45
 239.00 -76.69 -16.06
 240.00 -62.02 -65.23
 241.00 -83.53 -21.28
 242.00 -153.77 -14.43
 243.00 -53.92 -78.87
 244.00 -70.08 -31.86
 245.00 -57.67 -56.63
 246.00 -61.34 -36.81
 247.00 -61.61 -55.46
 248.00 -68.77 -37.49
 249.00 -46.81 -49.97
 250.00 -77.78 -54.11
 251.00 -79.51 -15.59
 252.00 -70.46 -42.09
 253.00 -56.43 -36.79
 254.00 -54.39 -44.38
 255.00 -66.78 -48.52
 256.00 -79.29 -23.22
 257.00 -59.77 -52.83
 258.00 -67.54 -33.47
 259.00 -82.93 -32.13
 260.00 -71.42 -32.02
 261.00 -60.53 -35.37
 262.00 -45.42 -60.30
 263.00 -57.42 -42.54
 264.00 -63.06 -48.81
 1001.00 -60.59 -28.39
 1002.00 -63.95 -28.78
 1003.00 -55.99 -33.40
 1004.00 -82.64 -42.39
 1005.00 -58.35 -28.51
 1006.00 -62.47 -46.29
 1007.00 -55.04 -43.53
 1008.00 -70.13 -45.16
 1009.00 -58.27 -36.86
 1010.00 -79.13 -38.14
 1011.00 -55.00 -32.53
 1012.00 -50.37 -59.80
 1013.00 -71.62 -36.78
 1014.00 -69.19 -23.91
 1015.00 -64.28 -38.38
 1016.00 -73.24 -35.50
 1017.00 -70.46 -27.52
 1018.00 -89.30 -40.44
 1019.00 -52.92 -24.06
 1020.00 -90.89 137.86
 1021.00 -140.50 -18.59
 1022.00 -73.72 165.37
 1023.00 -59.38 -30.28
 1024.00 -69.57 -30.61
 1025.00 -61.89 -44.48
 1026.00 -65.92 -44.21
 1027.00 -63.53 -38.01
 1028.00 -62.24 -58.91
 1029.00 -69.71 -35.52
 1030.00 -60.46 -36.97
 1031.00 -56.82 -44.12
 1032.00 -65.79 -42.10
 1033.00 -62.85 -29.92
 1034.00 -69.84 -47.44
 1035.00 -65.57 -38.57
 1036.00 -71.76 -46.24
 1037.00 -72.41 -20.75
 1038.00 -61.57 -36.87
 1039.00 -69.70 -31.21
 1040.00 -70.54 -57.79
 1041.00  53.58 -33.74
 1042.00  79.12  57.79
 1043.00 -68.37  15.36
 1044.00  76.79 -47.76
 1066.00 -47.97 154.98
 1067.00 -52.44 -23.03
 1068.00 -72.74 -37.17
 1069.00 -54.44 -41.96
 1070.00 -66.08 -43.12
 1071.00 -61.36 -38.78
 1072.00 -59.01 -45.16
 1073.00 -70.03 -47.17
 1074.00 -71.85 -29.04
 1075.00 -63.63 -33.64
 1076.00 -70.56 -29.93
 1077.00 -69.50 -35.33
 1078.00 -59.44 -50.77
 1079.00 -60.69 -40.31
 1080.00 -80.75 -37.15
 1081.00  69.72   9.18
 1082.00 -82.77   6.86
 1083.00 -57.95  64.66
 1084.00 -80.80 -37.11
 1085.00 -76.12 -28.19
 1086.00 -75.14 -30.53
 1087.00 -56.10 -42.85
 1088.00 -77.75 -36.25
 1089.00 -62.73 -31.56
 1090.00 -50.93 -47.06
 1091.00 -50.93 -48.36
 1092.00 -64.01 -38.16
 1093.00 -63.57 -48.28
 1094.00 -48.49 -32.54
 1095.00 -90.84 -49.24
 1096.00 -57.31 -29.48
 1097.00 -49.42 -52.01
 1098.00 -69.25 -31.29
 1099.00 -72.88 -26.82
 1100.00 -72.88 -34.92
 1101.00 -56.09 -49.23
 1102.00 -71.27 -33.94
 1103.00 -71.26 -42.78
 1104.00 -62.43 -31.94
 1105.00 -50.26 -47.27
 313.00 -79.58 -28.44
 314.00 -81.33 -27.48
 315.00 -66.20 -35.43
 316.00 -63.20 -30.10
 317.00 -59.81 -45.06
 318.00 -64.69 -38.33
 319.00 -73.47 -40.08
 320.00 -70.36 -35.83
 321.00 -76.24 -42.10
 322.00 -55.33 -34.76
 323.00 -67.84 -46.96
 324.00 -61.13 -31.20
 325.00 -72.30 -33.98
 326.00 -59.94 -38.90
 327.00 -66.39 -44.50
 328.00 -64.42 -36.45
 329.00 -48.12 -56.97
 330.00 -55.79 -46.69
 331.00 -75.42 -27.98
 332.00 -64.56 -40.31
 333.00 -62.83 -56.29
 334.00 -72.72 -30.06
 335.00 -95.22 -33.82
 336.00 -46.43 -22.86
 337.00 -56.14 -56.51
 338.00 -56.48 -42.71
 339.00 -66.68 -67.78
 340.00 -67.87 -35.35
 341.00 -79.32 -26.63
 342.00 -68.68 -26.98
 343.00 -62.51 -42.73
 344.00 -58.45 -34.82
 345.00 -56.77 -53.43
 346.00 -70.43 -22.11
 347.00 -78.60 -38.67
 348.00 -90.22 -43.88
 349.00 -166.96 166.71
 350.00 -99.30 -62.73
 351.00 -85.07 -27.36
 352.00 -139.96  -0.78
 353.00 -110.89 139.41
 354.00 -69.51 136.91
 355.00 -57.78 -31.46
 356.00 -83.35 -35.22
 357.00 -54.80 -37.56
 358.00 -80.73 -38.29
 359.00 -65.92 -36.85
 360.00 -82.83 -19.53
 361.00 -63.90 -59.14
 362.00 -68.97 -32.14
 363.00 -100.74 -12.90
 364.00 -64.26 -42.35
 365.00 -65.99 -28.26
 366.00 -88.77 -30.58
 367.00 -73.19 -15.93
 368.00 -58.72 -43.86
 369.00 -56.42 -46.95
 370.00 -65.36  -9.55
 371.00 -56.28 -36.22
 372.00 -70.34 -30.26
 373.00 -144.40  -3.36
 374.00 -109.52  16.81
 375.00 -59.77 -16.61
 376.00 -43.45 -55.47
 377.00 -68.66 -42.51
 378.00 -64.16 -37.81
 379.00 -76.43 -44.05
 380.00 -77.98 -13.67
 381.00 -70.19 -46.54
 382.00 -98.31 -47.40
 383.00 -142.99   3.94
 384.00 -74.94 133.95
 385.00 -65.06 -45.73
 386.00 -84.10 -34.21
 387.00 -60.18 -39.09
 388.00 -78.92 -36.94
 389.00 -59.87 -30.17
 390.00 -65.88 -43.43
 391.00 -51.69 -48.23
 392.00 -65.10 -47.16
 393.00 -68.25 -48.78
 394.00 -69.37 -37.18
 395.00 -99.43 -19.97
 396.00  62.34  14.81
 397.00 -97.67  12.20
 398.00 -20.11  37.54


