 residuo Phi Psi
  69.00 -76.50 130.24
  70.00 -70.15 118.69
  71.00 -80.14 -35.80
  72.00 -71.29 -18.12
  73.00 -94.47 -25.55
  74.00 -66.31 -30.17
  75.00 -70.06 -28.89
  76.00 -48.99 -47.28
  77.00 -73.40 -42.34
  78.00 -69.77 -33.86
  79.00 -66.04 -40.76
  80.00 -70.73 -36.06
  81.00 -64.88 -46.43
  82.00 -47.67 -27.61
  83.00 -70.14 -42.76
  84.00 -72.81 -27.56
  85.00 -60.22 -51.50
  86.00 -54.01 -41.85
  87.00 -68.15 -45.73
  88.00 -65.60 -47.13
  89.00 -54.81 -68.25
  90.00 -65.79 -39.14
  91.00 -62.08 -55.43
  92.00 -63.64 -23.26
  93.00 -63.83 -40.76
  94.00 -67.66 -35.58
  95.00 -64.33 -41.98
  96.00 -58.29 -42.89
  97.00 -56.23 -54.36
  98.00 -67.90 -56.83
  99.00 -81.62 -20.41
 100.00 -123.53 -18.75
 101.00 -95.23 -30.34
 102.00 -42.82 121.25
 103.00 -73.83 -45.07
 104.00 -106.81   0.27
 105.00 -72.01  -8.66
 106.00 -141.16  83.44
 107.00 -47.25 159.22
 108.00 -67.36 -36.71
 109.00 -73.69 -39.72
 110.00 -66.20 -22.80
 111.00 -63.85 -40.30
 112.00 -67.64 -38.05
 113.00 -70.28 -29.70
 114.00 -76.02 -28.66
 115.00 -63.78 -29.61
 116.00 -64.22 -39.86
 117.00 -56.13 -42.81
 118.00 -66.83 -40.49
 119.00 -50.29 -51.36
 120.00 -73.35 -36.25
 121.00 -81.54 -38.74
 122.00 -62.75 -32.20
 123.00 -67.49 -38.91
 124.00 -94.21 -22.98
 125.00 -105.14 -37.81
 126.00 -91.44 -39.45
 127.00 -59.46 -50.83
 128.00 -70.04 -52.50
 129.00 -65.96 -31.05
 130.00 -63.58 -37.03
 131.00 -70.64 -30.33
 132.00 -54.23 -45.96
 133.00 -55.70 -36.64
 134.00 -53.47 -41.75
 135.00 -90.24 -40.39
 136.00 -77.78 -31.58
 137.00  80.21  25.70
 138.00  53.90  34.01
 139.00 -116.84  32.52
 140.00 -68.89 159.62
 141.00 -63.55 106.98
 142.00 -123.72  -9.90
 143.00 -52.12 176.30
 144.00 -66.88 139.25
 145.00 -43.10 -42.62
 146.00 -90.17 -26.75
 147.00 -65.18 -15.88
 148.00 -65.42 -44.35
 149.00 -68.98 -49.42
 150.00 -86.35 -14.33
 151.00 -59.49 -38.43
 152.00 -38.59 -42.91
 153.00 -78.32 -45.63
 154.00 -69.68 -29.98
 155.00 -72.34 -46.38
 156.00 -68.42 -41.55
 157.00 -56.65 -63.94
 158.00 -73.60 -33.44
 159.00 -69.41 -42.51
 160.00 -55.11 -34.60
 161.00 -51.72 -48.45
 162.00 -77.80 -47.12
 163.00 -60.88 -35.87
 164.00 -70.16 -32.86
 165.00 -52.02 -46.35
 166.00 -72.24 -45.72
 167.00 -51.27 -46.07
 168.00 -70.05 -46.05
 169.00 -68.44 -31.80
 170.00 -50.48 -44.69
 171.00 -72.99 -54.22
 172.00 -64.23 -35.77
 173.00 -65.46 -37.30
 174.00 -65.63 -46.06
 175.00 -56.62 -30.92
 176.00 -79.83 -49.65
 177.00 -84.06  -5.34
 178.00 -77.69  -4.37
 179.00 -48.10 136.92
 180.00 -109.28 -38.02
 181.00 -59.49  18.29
 182.00 -67.68 -22.52
 183.00 -68.44  -2.67
 184.00 -77.65 131.69
 185.00 -62.84 -24.66
 186.00 -158.04 129.76
 187.00 -104.10 151.17
 188.00 -81.38 131.35
 189.00 -54.15 -39.39
 190.00 -80.42 -38.34
 191.00 -68.82 -30.51
 192.00 -65.56 -47.55
 193.00 -57.96 -42.27
 194.00 -73.37 -41.53
 195.00 -61.11 -41.38
 196.00 -80.75 -37.86
 197.00 -67.22 -28.18
 198.00 -61.34 -42.85
 199.00 -77.95 -31.33
 200.00 -51.48 -40.04
 201.00 -66.87 -43.76
 202.00 -72.08 -52.98
 203.00 -57.32 -30.29
 204.00 -63.30 -52.21
 205.00 -70.78 -23.40
 206.00 -95.47 -38.70
 207.00 -52.81 -23.22
 208.00 -43.20 -30.62
 209.00 -76.44 -36.40
 210.00 -62.53 -52.54
 211.00 -75.53 -31.49
 212.00 -117.19 -50.40
 213.00 -64.22 -33.18
 214.00 -69.76 -35.89
 215.00 -62.83 -21.60
 216.00 -152.15 -11.23
 217.00 -54.22 112.87
 218.00 -56.75 -31.17
 219.00 -72.10 -24.82
 220.00 -114.86 -18.00
 221.00 -123.04  -3.58
 222.00 -136.98 141.41
 223.00  59.00  91.97
 224.00  72.98  45.04
 225.00 -76.69  -8.31
 226.00 -69.62 133.14
 227.00 -145.11  97.49
 228.00 -61.08 147.13
 229.00 -97.60 116.17
 230.00 -80.89 -27.56
 231.00 -60.82 112.54
 232.00 -49.16 -24.39
 233.00 -71.81 -46.95
 234.00 -61.01 -42.18
 235.00 -99.32 -39.73
 236.00 -91.26 -49.84
 237.00 -70.69 -44.52
 238.00 -56.54 -35.60
 239.00 -67.08 -23.43
 240.00 -59.00 -64.48
 241.00 -70.95 -28.26
 242.00 -144.98 -33.39
 243.00 -56.05 -60.71
 244.00 -63.89 -37.83
 245.00 -58.74 -67.10
 246.00 -57.73 -26.59
 247.00 -60.21 -49.04
 248.00 -66.33 -48.22
 249.00 -69.46 -38.66
 250.00 -66.49 -39.61
 251.00 -63.88 -44.21
 252.00 -74.02 -41.03
 253.00 -77.82 -20.17
 254.00 -65.82 -38.32
 255.00 -72.73 -35.15
 256.00 -76.06 -26.00
 257.00 -71.56 -49.87
 258.00 -59.97 -37.46
 259.00 -85.39 -30.01
 260.00 -81.76 -23.06
 261.00 -56.56 -30.30
 262.00 -67.12 -44.75
 263.00 -69.65 -37.33
 264.00 -52.18 -49.35
 1001.00 -70.20 -40.28
 1002.00 -55.64 -21.31
 1003.00 -85.08 -38.74
 1004.00 -56.16 -38.79
 1005.00 -59.25 -50.05
 1006.00 -60.80 -42.00
 1007.00 -46.23 -58.42
 1008.00 -72.23 -34.63
 1009.00 -58.43 -43.20
 1010.00 -70.67 -39.89
 1011.00 -73.50 -26.93
 1012.00 -79.63 -45.73
 1013.00 -88.62 -18.36
 1014.00 -69.15 -14.74
 1015.00 -79.55 -27.75
 1016.00 -75.16 -36.25
 1017.00 -68.00 -21.60
 1018.00 -143.46 -10.15
 1019.00 -92.03  35.02
 1020.00 -79.63 142.51
 1021.00 -165.40 -27.57
 1022.00 -72.28 164.29
 1023.00 -56.79 -39.04
 1024.00 -59.90 -39.22
 1025.00 -61.52 -44.20
 1026.00 -53.53 -52.12
 1027.00 -61.45 -48.45
 1028.00 -73.24 -44.18
 1029.00 -60.06 -33.15
 1030.00 -70.75 -38.64
 1031.00 -55.87 -44.81
 1032.00 -56.48 -46.97
 1033.00 -53.99 -38.25
 1034.00 -64.70 -47.25
 1035.00 -66.28 -57.72
 1036.00 -59.34 -33.62
 1037.00 -79.39 -36.55
 1038.00 -73.67 -31.02
 1039.00 -90.32 -22.57
 1040.00 -85.31 -22.80
 1041.00  56.02 -24.07
 1042.00 100.40  37.57
 1043.00 -63.31 -18.08
 1044.00  87.88 -20.22
 1066.00 -80.50 164.94
 1067.00 -36.67  -5.57
 1068.00 -68.30 -58.70
 1069.00 -64.46 -30.95
 1070.00 -86.25 -29.16
 1071.00 -69.64 -21.04
 1072.00 -63.77 -43.56
 1073.00 -62.74 -32.40
 1074.00 -92.17 -24.76
 1075.00 -72.57 -25.83
 1076.00 -52.12 -30.88
 1077.00 -71.20 -32.01
 1078.00 -63.35 -51.64
 1079.00 -64.18 -40.18
 1080.00 -113.47 -10.23
 1081.00  70.78  20.12
 1082.00 -86.48   8.03
 1083.00 -56.94  72.36
 1084.00 -53.68 -48.26
 1085.00 -59.50 -59.09
 1086.00 -73.59 -42.08
 1087.00 -68.65 -34.73
 1088.00 -84.62 -22.05
 1089.00 -72.34 -28.48
 1090.00 -63.16 -42.06
 1091.00 -74.30 -33.48
 1092.00 -76.80 -35.60
 1093.00 -64.29 -34.63
 1094.00 -41.40 -30.74
 1095.00 -72.98 -53.32
 1096.00 -65.71 -35.55
 1097.00 -65.13 -43.60
 1098.00 -62.77 -48.20
 1099.00 -76.69 -33.29
 1100.00 -74.95 -38.13
 1101.00 -71.41 -22.57
 1102.00 -58.33 -39.95
 1103.00 -47.39 -51.92
 1104.00 -73.60 -55.26
 1105.00 -36.97 -35.74
 313.00 -67.42 -28.67
 314.00 -69.33 -26.86
 315.00 -50.66 -42.60
 316.00 -67.45 -43.00
 317.00 -55.28 -44.67
 318.00 -77.49 -36.74
 319.00 -64.48 -31.35
 320.00 -84.89 -26.42
 321.00 -61.33 -38.33
 322.00 -67.19 -31.84
 323.00 -76.21 -33.34
 324.00 -61.56 -51.64
 325.00 -54.08 -25.28
 326.00 -69.35 -29.93
 327.00 -58.60 -44.61
 328.00 -71.40 -42.44
 329.00 -66.99 -25.13
 330.00 -58.69 -54.28
 331.00 -52.87 -58.31
 332.00 -71.44 -50.46
 333.00 -72.92 -42.37
 334.00 -92.19 -11.25
 335.00 -93.49 -30.63
 336.00 -68.96 -21.43
 337.00 -60.58 -47.71
 338.00 -42.69 -50.19
 339.00 -66.60 -55.33
 340.00 -64.13 -41.60
 341.00 -63.80 -43.46
 342.00 -71.90 -40.51
 343.00 -72.54 -31.69
 344.00 -57.61 -44.89
 345.00 -57.12 -42.47
 346.00 -74.82 -22.19
 347.00 -93.92 -33.55
 348.00 -69.57 -38.66
 349.00 -156.99 148.69
 350.00 -96.90 -51.98
 351.00 -83.76 -41.75
 352.00 -100.10 -33.40
 353.00 -148.98 179.64
 354.00 -69.42 132.41
 355.00 -79.51 -24.62
 356.00 -73.69 -23.43
 357.00 -55.69 -41.41
 358.00 -60.53 -42.55
 359.00 -72.68 -28.76
 360.00 -72.77 -35.50
 361.00 -64.54 -40.56
 362.00 -73.99 -27.51
 363.00 -93.40 -27.02
 364.00 -63.88 -41.61
 365.00 -70.44 -14.49
 366.00 -78.17 -44.23
 367.00 -82.20 -10.80
 368.00 -48.90 -46.46
 369.00 -61.71 -64.18
 370.00 -74.30  -3.23
 371.00 -62.23 -31.97
 372.00 -82.20 -19.27
 373.00 -91.17 -24.97
 374.00 -75.11 -26.79
 375.00 -58.26 -24.19
 376.00 -60.01 -46.55
 377.00 -63.07 -20.83
 378.00 -60.20 -43.29
 379.00 -63.38 -43.84
 380.00 -67.42 -36.18
 381.00 -84.44 -38.89
 382.00 -126.29 -19.30
 383.00 -146.26   4.88
 384.00 -75.16 127.06
 385.00 -64.00 -35.81
 386.00 -53.86 -53.23
 387.00 -37.10 -63.89
 388.00 -72.97 -52.91
 389.00 -70.88 -32.97
 390.00 -55.65 -46.26
 391.00 -61.94 -40.87
 392.00 -70.46 -27.45
 393.00 -67.49 -54.36
 394.00 -62.33 -34.37
 395.00 -94.04 -14.73
 396.00  55.85   5.66
 397.00 -122.14  36.96
 398.00 -146.01 137.06


