 residuo Phi Psi
  69.00 -75.01 110.75
  70.00 -67.96  61.70
  71.00 -80.72 -12.86
  72.00 -61.18 -25.14
  73.00 -91.79 -29.08
  74.00 -68.05 -20.87
  75.00 -61.06 -42.65
  76.00 -53.82 -42.21
  77.00 -60.21 -56.26
  78.00 -71.47 -28.34
  79.00 -58.70 -50.27
  80.00 -72.34 -33.60
  81.00 -73.37 -21.54
  82.00 -65.03 -20.51
  83.00 -65.13 -39.63
  84.00 -71.03 -43.34
  85.00 -62.19 -40.62
  86.00 -80.89 -46.38
  87.00 -61.93 -31.79
  88.00 -87.47 -34.82
  89.00 -75.33 -43.42
  90.00 -89.96 -11.07
  91.00 -76.90 -48.32
  92.00 -68.15 -18.26
  93.00 -67.76 -42.96
  94.00 -63.28 -30.31
  95.00 -51.55 -44.93
  96.00 -72.24 -44.95
  97.00 -63.00 -39.88
  98.00 -69.95 -43.16
  99.00 -65.64 -34.87
 100.00 -116.43 -35.55
 101.00 -89.12 -38.71
 102.00 -67.20 127.43
 103.00 -52.04 -55.85
 104.00 -113.35  -7.91
 105.00 -85.09  -2.76
 106.00 -157.82  91.96
 107.00 -57.85 169.07
 108.00 -66.51 -37.26
 109.00 -54.59 -52.38
 110.00 -65.70 -29.68
 111.00 -67.34 -30.61
 112.00 -78.96 -39.76
 113.00 -72.97 -25.33
 114.00 -65.66 -32.17
 115.00 -61.36 -39.37
 116.00 -62.75 -43.83
 117.00 -65.32 -37.41
 118.00 -72.64 -33.29
 119.00 -55.77 -46.88
 120.00 -66.91 -43.91
 121.00 -65.02 -47.31
 122.00 -63.38 -32.26
 123.00 -73.05 -50.38
 124.00 -84.59  -8.83
 125.00 -98.14 -50.44
 126.00 -98.55 -41.41
 127.00 -63.25 -49.83
 128.00 -73.37 -39.08
 129.00 -69.13 -22.61
 130.00 -75.96 -38.75
 131.00 -58.18 -33.03
 132.00 -92.42 -28.35
 133.00 -46.24 -37.89
 134.00 -66.73 -44.89
 135.00 -88.55 -19.40
 136.00 -73.49 -31.03
 137.00  73.46   3.84
 138.00  74.32  19.68
 139.00 -72.11  12.46
 140.00 -72.34 163.98
 141.00 -81.18 122.93
 142.00 -139.82   4.42
 143.00 -62.11 -176.33
 144.00 -47.62 147.00
 145.00 -48.96 -54.57
 146.00 -86.76 -24.18
 147.00 -64.25 -12.04
 148.00 -67.26 -53.22
 149.00 -73.74 -22.83
 150.00 -59.37 -55.44
 151.00 -75.27 -27.23
 152.00 -55.36 -43.69
 153.00 -62.09 -46.68
 154.00 -69.45 -40.89
 155.00 -69.15 -34.30
 156.00 -52.66 -51.87
 157.00 -67.55 -61.64
 158.00 -59.82 -41.84
 159.00 -78.67 -35.07
 160.00 -59.15 -35.26
 161.00 -56.49 -38.88
 162.00 -67.96 -56.16
 163.00 -57.43 -37.72
 164.00 -72.56 -33.48
 165.00 -60.50 -39.33
 166.00 -48.79 -48.07
 167.00 -71.91 -46.06
 168.00 -71.54 -43.00
 169.00 -65.16 -38.94
 170.00 -67.17 -32.50
 171.00 -71.16 -34.93
 172.00 -65.74 -40.34
 173.00 -76.58 -36.61
 174.00 -56.69 -40.30
 175.00 -54.91 -49.46
 176.00 -53.61 -57.83
 177.00 -57.03 -36.76
 178.00 -85.69 -15.11
 179.00 -53.50 132.28
 180.00 -110.08 -15.74
 181.00 -65.56  19.16
 182.00 -62.71 -25.05
 183.00 -71.67 -20.52
 184.00 -93.56 130.23
 185.00 -67.59  -6.19
 186.00 -159.06 141.67
 187.00 -78.51 142.35
 188.00 -68.03 127.86
 189.00 -71.41 -39.02
 190.00 -69.36 -41.62
 191.00 -74.97 -27.64
 192.00 -69.48 -41.49
 193.00 -67.19 -42.61
 194.00 -68.91 -34.71
 195.00 -57.94 -38.47
 196.00 -69.97 -38.73
 197.00 -48.26 -49.26
 198.00 -58.31 -55.13
 199.00 -59.77 -46.63
 200.00 -76.39 -43.37
 201.00 -65.24 -25.05
 202.00 -65.34 -43.88
 203.00 -62.49 -34.86
 204.00 -59.89 -49.86
 205.00 -82.85 -18.55
 206.00 -90.21 -27.97
 207.00 -57.42 -34.28
 208.00 -59.49 -23.72
 209.00 -79.70 -13.09
 210.00 -53.12 -55.57
 211.00 -89.89 -16.85
 212.00 -68.37 -74.12
 213.00 -64.90 -36.55
 214.00 -83.03 -31.14
 215.00 -53.96 -20.91
 216.00 -153.78 -36.05
 217.00 -61.65 145.07
 218.00 -70.73 -40.07
 219.00 -80.52  -1.72
 220.00 -119.20 -38.81
 221.00 -99.33 -32.81
 222.00 -141.38 140.74
 223.00  34.31 127.03
 224.00  75.77  51.11
 225.00 -69.18 -19.48
 226.00 -66.52 136.04
 227.00 -166.63 109.51
 228.00 -61.26 106.95
 229.00 -100.28  95.82
 230.00 -83.34   6.73
 231.00 -67.91 121.85
 232.00 -30.92 -28.87
 233.00 -80.47 -48.36
 234.00 -83.33 -38.63
 235.00 -85.49 -34.80
 236.00 -122.71 -33.82
 237.00 -57.58 -62.00
 238.00 -55.55 -29.20
 239.00 -82.23 -25.45
 240.00 -60.19 -40.81
 241.00 -67.90 -46.64
 242.00 -149.98 -20.11
 243.00 -72.53 -64.18
 244.00 -71.79 -19.10
 245.00 -60.93 -63.04
 246.00 -51.86 -34.06
 247.00 -64.53 -61.02
 248.00 -54.52 -42.20
 249.00 -62.50 -52.53
 250.00 -61.69 -47.71
 251.00 -76.85 -55.11
 252.00 -68.13 -25.14
 253.00 -53.94 -43.05
 254.00 -62.01 -49.70
 255.00 -58.68 -49.68
 256.00 -73.78 -21.64
 257.00 -72.57 -39.83
 258.00 -53.62 -29.95
 259.00 -82.94 -39.94
 260.00 -66.39 -24.96
 261.00 -52.20 -38.98
 262.00 -53.87 -62.12
 263.00 -53.50 -47.66
 264.00 -78.14 -34.42
 1001.00 -77.28 -29.78
 1002.00 -56.85 -37.56
 1003.00 -63.81 -48.45
 1004.00 -71.13 -28.46
 1005.00 -56.17 -41.97
 1006.00 -72.00 -33.55
 1007.00 -65.26 -35.88
 1008.00 -61.80 -31.55
 1009.00 -51.19 -50.97
 1010.00 -60.13 -54.28
 1011.00 -69.03 -41.06
 1012.00 -73.36 -35.87
 1013.00 -57.75 -36.93
 1014.00 -76.86 -38.21
 1015.00 -69.67 -19.32
 1016.00 -73.25 -39.83
 1017.00 -65.14 -32.36
 1018.00 -101.07 -26.73
 1019.00 -76.34  12.64
 1020.00 -93.87 135.16
 1021.00 -134.22 -34.32
 1022.00 -60.57 161.40
 1023.00 -58.13 -35.57
 1024.00 -64.58 -44.13
 1025.00 -58.13 -43.30
 1026.00 -45.94 -47.54
 1027.00 -64.69 -48.00
 1028.00 -72.03 -48.33
 1029.00 -53.52 -42.13
 1030.00 -73.06 -37.76
 1031.00 -70.86 -41.10
 1032.00 -77.98 -19.83
 1033.00 -49.46 -42.09
 1034.00 -58.18 -42.46
 1035.00 -67.55 -60.66
 1036.00 -63.86 -28.59
 1037.00 -70.15 -35.15
 1038.00 -60.04 -47.40
 1039.00 -69.78 -34.09
 1040.00 -99.46 -13.56
 1041.00  50.04 -30.75
 1042.00 106.71  32.88
 1043.00 -58.21   9.18
 1044.00  78.84 -22.55
 1066.00 -66.41 130.07
 1067.00 -50.13  -0.03
 1068.00 -67.10 -31.96
 1069.00 -81.81 -28.13
 1070.00 -79.78 -12.05
 1071.00 -62.69 -37.34
 1072.00 -54.91 -50.60
 1073.00 -62.85 -41.53
 1074.00 -84.33 -25.54
 1075.00 -63.21 -51.28
 1076.00 -64.10 -29.00
 1077.00 -66.21 -38.80
 1078.00 -63.60 -43.73
 1079.00 -66.77 -36.05
 1080.00 -72.16 -32.89
 1081.00  90.76 -26.22
 1082.00 -61.53   3.90
 1083.00 -59.38  82.51
 1084.00 -62.46 -46.22
 1085.00 -71.38 -40.15
 1086.00 -60.54 -39.69
 1087.00 -57.56 -43.07
 1088.00 -63.45 -44.56
 1089.00 -76.70 -32.83
 1090.00 -74.26 -31.79
 1091.00 -62.16 -37.34
 1092.00 -73.57 -42.19
 1093.00 -60.15 -29.58
 1094.00 -53.81 -47.70
 1095.00 -66.84 -42.55
 1096.00 -72.78 -38.79
 1097.00 -60.67 -50.30
 1098.00 -69.89 -39.25
 1099.00 -69.80 -27.95
 1100.00 -70.17 -50.92
 1101.00 -69.73 -13.80
 1102.00 -67.72 -37.49
 1103.00 -57.41 -41.79
 1104.00 -80.91 -34.01
 1105.00 -71.42 -20.76
 313.00 -59.57 -43.10
 314.00 -59.95 -53.10
 315.00 -70.41 -37.43
 316.00 -76.12 -34.04
 317.00 -78.32 -18.68
 318.00 -69.05 -42.12
 319.00 -61.13 -47.69
 320.00 -67.22 -35.87
 321.00 -55.93 -41.20
 322.00 -69.14 -40.05
 323.00 -72.57 -37.82
 324.00 -64.83 -42.64
 325.00 -56.17 -30.55
 326.00 -80.61 -21.37
 327.00 -48.73 -54.79
 328.00 -81.55 -36.09
 329.00 -89.52 -39.59
 330.00 -60.65 -49.95
 331.00 -64.55 -36.16
 332.00 -60.85 -44.01
 333.00 -73.65 -50.19
 334.00 -75.06 -30.62
 335.00 -92.29 -18.64
 336.00 -63.35 -20.86
 337.00 -61.38 -34.29
 338.00 -73.85 -34.25
 339.00 -71.55 -42.72
 340.00 -65.31 -40.91
 341.00 -60.42 -41.00
 342.00 -62.00 -42.21
 343.00 -61.32 -48.79
 344.00 -48.79 -55.15
 345.00 -68.72 -42.96
 346.00 -77.50 -19.38
 347.00 -88.49 -35.61
 348.00 -68.19 -27.15
 349.00 -150.54 160.64
 350.00 -81.51 -53.58
 351.00 -135.05 -22.06
 352.00 -66.56 -18.63
 353.00 -126.38 154.74
 354.00 -79.70 138.48
 355.00 -66.55 -25.53
 356.00 -64.18 -45.11
 357.00 -61.18 -34.47
 358.00 -50.32 -53.93
 359.00 -62.24 -38.58
 360.00 -75.60 -25.30
 361.00 -64.81 -44.44
 362.00 -48.27 -37.64
 363.00 -77.76 -35.40
 364.00 -71.83 -52.38
 365.00 -70.28 -21.36
 366.00 -80.79 -30.64
 367.00 -70.25 -21.60
 368.00 -69.26 -40.15
 369.00 -65.40 -50.77
 370.00 -57.46 -23.01
 371.00 -65.11 -33.69
 372.00 -74.00 -16.29
 373.00 -97.25 -16.15
 374.00 -75.65   0.33
 375.00 -38.79 -62.40
 376.00 -71.28 -51.62
 377.00 -61.71 -21.82
 378.00 -51.64 -55.13
 379.00 -64.95 -44.69
 380.00 -60.58 -34.97
 381.00 -62.77 -47.24
 382.00 -112.92 -50.48
 383.00 -146.80  11.96
 384.00 -68.48 116.52
 385.00 -68.37 -33.74
 386.00 -56.19 -54.24
 387.00 -49.30 -41.45
 388.00 -70.24 -48.72
 389.00 -59.59 -46.65
 390.00 -58.29 -46.77
 391.00 -74.98 -44.68
 392.00 -75.14 -18.87
 393.00 -73.90 -46.17
 394.00 -67.63 -36.44
 395.00 -66.12 -27.51
 396.00  67.05  -8.32
 397.00 -104.56  15.82
 398.00 -149.01 152.80


