 residuo Phi Psi
  69.00 -106.19 122.98
  70.00 -75.14  23.35
  71.00 -92.54 -28.35
  72.00 -70.81 -12.71
  73.00 -63.06 -38.91
  74.00 -62.06 -55.74
  75.00 -54.82 -43.89
  76.00 -59.81 -52.55
  77.00 -65.54 -33.27
  78.00 -54.22 -44.74
  79.00 -70.70 -45.78
  80.00 -88.28 -25.04
  81.00 -57.83 -32.83
  82.00 -55.29 -42.13
  83.00 -57.66 -45.82
  84.00 -65.59 -38.93
  85.00 -58.01 -46.83
  86.00 -73.30 -52.84
  87.00 -64.56 -29.12
  88.00 -50.23 -57.63
  89.00 -78.88 -40.95
  90.00 -65.79 -35.50
  91.00 -82.88 -30.48
  92.00 -54.65 -33.97
  93.00 -48.33 -46.88
  94.00 -67.72 -41.58
  95.00 -62.30 -56.11
  96.00 -61.53 -35.00
  97.00 -61.43 -52.93
  98.00 -79.47 -35.93
  99.00 -82.37 -25.54
 100.00 -113.80 -23.26
 101.00 -64.76 -50.48
 102.00 -53.48 105.91
 103.00 -70.01 -44.54
 104.00 -98.54  -6.47
 105.00 -70.52  -8.04
 106.00 -155.22 101.67
 107.00 -70.45 172.06
 108.00 -71.58 -22.70
 109.00 -88.84 -33.02
 110.00 -56.78 -17.90
 111.00 -75.29 -43.95
 112.00 -78.16 -29.70
 113.00 -62.16 -28.44
 114.00 -62.34 -36.02
 115.00 -66.99 -31.49
 116.00 -62.80 -42.17
 117.00 -65.18 -43.61
 118.00 -62.01 -30.94
 119.00 -86.56 -40.14
 120.00 -89.64 -12.28
 121.00 -53.55 -42.30
 122.00 -68.93 -37.27
 123.00 -79.00 -26.76
 124.00 -85.25 -32.67
 125.00 -101.36 -43.08
 126.00 -87.24 -41.14
 127.00 -65.94 -61.38
 128.00 -65.11 -30.45
 129.00 -79.78 -40.36
 130.00 -71.02 -23.94
 131.00 -63.73 -50.54
 132.00 -65.07 -37.56
 133.00 -63.80 -36.49
 134.00 -56.91 -44.23
 135.00 -68.70 -45.62
 136.00 -75.61 -41.47
 137.00  94.06  -5.99
 138.00  54.26  45.18
 139.00 -119.31  41.21
 140.00 -66.54 145.18
 141.00 -80.82 123.24
 142.00 -140.22   5.63
 143.00 -57.04 166.16
 144.00 -67.21 149.29
 145.00 -82.65 -37.00
 146.00 -84.96   1.80
 147.00 -63.81 -19.09
 148.00 -60.05 -37.78
 149.00 -99.12 -24.54
 150.00 -93.52  -6.81
 151.00 -64.81 -51.93
 152.00 -44.06 -33.00
 153.00 -78.89 -40.62
 154.00 -60.09 -38.71
 155.00 -63.55 -39.26
 156.00 -56.47 -63.39
 157.00 -52.66 -54.23
 158.00 -57.64 -50.09
 159.00 -58.14 -47.63
 160.00 -57.00 -49.96
 161.00 -54.19 -45.24
 162.00 -79.86 -43.28
 163.00 -56.44 -40.53
 164.00 -76.63 -27.33
 165.00 -69.69 -38.09
 166.00 -60.17 -27.99
 167.00 -79.68 -51.60
 168.00 -65.44 -34.51
 169.00 -57.21 -37.64
 170.00 -63.84 -53.77
 171.00 -60.99 -36.32
 172.00 -66.17 -47.48
 173.00 -65.35 -34.60
 174.00 -70.60 -38.31
 175.00 -56.03 -47.65
 176.00 -66.22 -41.82
 177.00 -89.45  -1.69
 178.00 -78.99  -6.10
 179.00 -74.30 144.51
 180.00 -116.83 -16.88
 181.00 -75.16  29.60
 182.00 -93.96   3.09
 183.00 -78.88  14.02
 184.00 -70.79 143.37
 185.00 -65.04 -26.04
 186.00 -157.48 126.23
 187.00 -146.87 165.84
 188.00 -46.69  98.90
 189.00 -56.99 -39.12
 190.00 -62.85 -54.31
 191.00 -68.84 -40.47
 192.00 -45.31 -45.90
 193.00 -67.98 -47.44
 194.00 -85.09 -13.29
 195.00 -53.11 -52.75
 196.00 -66.59 -41.85
 197.00 -71.31 -27.06
 198.00 -58.62 -43.32
 199.00 -56.94 -50.95
 200.00 -66.94 -43.65
 201.00 -60.75 -37.98
 202.00 -63.21 -44.63
 203.00 -76.28 -31.62
 204.00 -66.16 -50.22
 205.00 -70.28 -21.68
 206.00 -89.72 -42.11
 207.00 -54.47 -16.47
 208.00 -57.77 -30.13
 209.00 -67.52 -20.20
 210.00 -65.32 -60.68
 211.00 -84.19  -2.17
 212.00 -62.13 -71.95
 213.00 -67.87 -32.76
 214.00 -79.74 -40.87
 215.00 -87.15  -6.62
 216.00 -166.00 -28.49
 217.00 -73.73 140.61
 218.00 -56.26 -33.99
 219.00 -80.28 -10.29
 220.00 -125.95 -26.96
 221.00 -137.57  13.03
 222.00 -149.02 141.85
 223.00  55.05 137.92
 224.00  89.65  40.77
 225.00 -147.84  -5.02
 226.00 -78.06 175.19
 227.00 -151.47  97.99
 228.00 -68.06 143.60
 229.00 -83.20  85.86
 230.00 -77.24 -22.01
 231.00 -37.59 119.68
 232.00 -60.81 -42.46
 233.00 -58.99 -40.16
 234.00 -87.30 -39.15
 235.00 -86.78 -33.58
 236.00 -122.36 -34.30
 237.00 -63.68 -37.50
 238.00 -72.50 -26.81
 239.00 -63.97 -35.94
 240.00 -84.66 -49.67
 241.00 -93.56 -14.10
 242.00 -154.06  -3.65
 243.00 -72.73 -67.91
 244.00 -60.34 -32.69
 245.00 -56.16 -60.84
 246.00 -61.65 -43.29
 247.00 -59.71 -45.01
 248.00 -77.83 -40.04
 249.00 -66.84 -32.66
 250.00 -57.17 -52.98
 251.00 -81.53 -26.25
 252.00 -64.53 -40.63
 253.00 -57.47 -43.49
 254.00 -45.86 -52.19
 255.00 -53.35 -58.45
 256.00 -80.75 -29.59
 257.00 -64.51 -47.08
 258.00 -65.93 -32.14
 259.00 -51.02 -59.03
 260.00 -74.87 -35.64
 261.00 -64.70 -35.97
 262.00 -55.05 -42.96
 263.00 -59.24 -48.89
 264.00 -87.94 -24.48
 1001.00 -58.66 -44.74
 1002.00 -59.79 -23.10
 1003.00 -70.58 -38.53
 1004.00 -65.97 -40.21
 1005.00 -53.56 -33.43
 1006.00 -66.85 -60.41
 1007.00 -62.86 -37.87
 1008.00 -66.49 -39.69
 1009.00 -61.71 -40.33
 1010.00 -52.00 -50.58
 1011.00 -65.28 -45.94
 1012.00 -63.35 -47.40
 1013.00 -71.42 -32.22
 1014.00 -67.26 -27.66
 1015.00 -72.51 -33.74
 1016.00 -54.59 -45.02
 1017.00 -60.12 -37.53
 1018.00 -72.45 -41.30
 1019.00 -59.95 -28.67
 1020.00 -78.03 120.91
 1021.00 -139.32 -20.72
 1022.00 -66.13 146.09
 1023.00 -66.65 -27.47
 1024.00 -79.70 -27.25
 1025.00 -59.93 -39.22
 1026.00 -64.16 -40.05
 1027.00 -57.36 -46.04
 1028.00 -60.82 -54.44
 1029.00 -57.50 -47.92
 1030.00 -58.13 -38.41
 1031.00 -56.62 -50.93
 1032.00 -76.59 -43.91
 1033.00 -55.72 -27.18
 1034.00 -53.30 -50.00
 1035.00 -65.92 -53.81
 1036.00 -66.18 -38.08
 1037.00 -69.64 -38.65
 1038.00 -70.73 -32.34
 1039.00 -71.54 -38.12
 1040.00 -47.98 -43.92
 1041.00  48.71 -36.43
 1042.00 112.06  20.52
 1043.00 -98.76  22.37
 1044.00  70.15 -29.95
 1066.00 -62.15 148.81
 1067.00 -42.78 -15.02
 1068.00 -70.99 -42.49
 1069.00 -84.08 -35.73
 1070.00 -73.59 -19.85
 1071.00 -62.91 -39.08
 1072.00 -67.55 -38.48
 1073.00 -67.54 -36.68
 1074.00 -55.67 -42.93
 1075.00 -60.83 -41.41
 1076.00 -63.51 -27.42
 1077.00 -60.72 -48.97
 1078.00 -63.00 -45.82
 1079.00 -57.06 -46.67
 1080.00 -71.58 -41.92
 1081.00  97.65 -12.05
 1082.00 -72.83   3.28
 1083.00 -44.40  55.42
 1084.00 -69.54 -54.72
 1085.00 -56.58 -43.94
 1086.00 -77.95 -34.68
 1087.00 -58.75 -37.75
 1088.00 -62.32 -50.23
 1089.00 -68.34 -30.12
 1090.00 -70.03 -43.72
 1091.00 -65.66 -12.23
 1092.00 -68.20 -36.38
 1093.00 -62.00 -37.19
 1094.00 -41.15 -48.92
 1095.00 -77.07 -53.34
 1096.00 -64.76 -38.29
 1097.00 -46.34 -42.34
 1098.00 -69.06 -37.48
 1099.00 -69.00 -26.08
 1100.00 -75.48 -30.59
 1101.00 -62.30 -38.58
 1102.00 -63.68 -39.22
 1103.00 -51.57 -63.35
 1104.00 -63.15 -51.35
 1105.00 -61.71 -32.67
 313.00 -65.19 -41.68
 314.00 -66.37 -36.23
 315.00 -85.12 -37.69
 316.00 -64.87 -16.79
 317.00 -61.41 -40.40
 318.00 -67.77 -47.52
 319.00 -82.38 -28.04
 320.00 -66.45 -39.20
 321.00 -61.60 -34.08
 322.00 -58.67 -51.51
 323.00 -48.90 -46.01
 324.00 -67.53 -42.87
 325.00 -64.92 -36.21
 326.00 -77.99 -20.56
 327.00 -42.99 -49.17
 328.00 -65.17 -43.23
 329.00 -62.22 -46.89
 330.00 -62.66 -54.11
 331.00 -99.50   0.28
 332.00 -47.32 -64.73
 333.00 -67.38 -48.01
 334.00 -74.32 -29.17
 335.00 -91.51 -38.44
 336.00 -54.96 -25.42
 337.00 -61.67 -39.00
 338.00 -61.25 -44.82
 339.00 -68.27 -52.71
 340.00 -65.83 -36.77
 341.00 -67.37 -49.28
 342.00 -71.41 -21.20
 343.00 -64.94 -50.80
 344.00 -53.43 -38.49
 345.00 -61.43 -49.41
 346.00 -80.92 -17.06
 347.00 -77.57 -38.71
 348.00 -96.46 -41.38
 349.00 -158.02 162.25
 350.00 -72.43 -51.98
 351.00 -70.75 -48.02
 352.00 -136.66  -6.49
 353.00 -136.94 174.07
 354.00 -55.72 121.60
 355.00 -73.93 -25.70
 356.00 -104.21 -15.93
 357.00 -73.76 -45.00
 358.00 -74.67 -32.45
 359.00 -59.14 -35.61
 360.00 -65.15 -44.22
 361.00 -57.88 -39.82
 362.00 -67.18 -34.58
 363.00 -86.09 -26.24
 364.00 -66.03 -41.69
 365.00 -66.23 -29.69
 366.00 -58.12 -45.81
 367.00 -73.24 -25.40
 368.00 -52.93 -29.82
 369.00 -67.77 -50.75
 370.00 -75.67  -1.79
 371.00 -55.02 -41.32
 372.00 -68.07 -28.15
 373.00 -146.55   2.67
 374.00 -72.40   1.81
 375.00 -56.55 -42.54
 376.00 -44.61 -36.28
 377.00 -72.57 -34.84
 378.00 -65.68 -48.93
 379.00 -62.08 -44.52
 380.00 -64.49 -33.61
 381.00 -68.44 -40.99
 382.00 -95.48 -53.97
 383.00 -145.33  -9.62
 384.00 -62.56 109.06
 385.00 -64.86 -23.55
 386.00 -64.20 -49.36
 387.00 -48.62 -56.08
 388.00 -66.47 -44.88
 389.00 -51.84 -52.15
 390.00 -62.32 -46.72
 391.00 -62.69 -40.44
 392.00 -47.41 -48.06
 393.00 -78.27 -43.44
 394.00 -68.97 -41.69
 395.00 -71.88 -27.61
 396.00  49.53 -10.44
 397.00 -134.62  46.65
 398.00 -52.20  58.82


