 residuo Phi Psi
  69.00 -80.16 142.94
  70.00 -142.95 140.24
  71.00 -82.99  -4.03
  72.00 -67.36 -36.18
  73.00 -48.45 -49.20
  74.00 -72.84 -44.39
  75.00 -82.61 -35.78
  76.00 -52.16 -34.53
  77.00 -58.60 -49.18
  78.00 -65.89 -41.30
  79.00 -61.57 -40.54
  80.00 -83.95 -33.11
  81.00 -54.10 -17.67
  82.00 -60.74 -45.27
  83.00 -59.41 -34.00
  84.00 -79.32 -36.09
  85.00 -43.57 -54.31
  86.00 -87.31 -46.05
  87.00 -80.31 -20.73
  88.00 -79.90 -25.43
  89.00 -68.42 -63.43
  90.00 -58.03 -33.78
  91.00 -72.62 -51.79
  92.00 -57.94 -32.54
  93.00 -66.51 -34.58
  94.00 -60.90 -41.80
  95.00 -67.09 -40.42
  96.00 -68.14 -39.69
  97.00 -57.03 -38.16
  98.00 -70.91 -58.71
  99.00 -70.00 -20.34
 100.00 -116.63 -35.61
 101.00 -76.14 -38.46
 102.00 -41.00 114.85
 103.00 -74.13 -40.52
 104.00 -85.11 -28.68
 105.00 -79.33   4.83
 106.00 -132.29  45.25
 107.00 -65.28 143.17
 108.00 -57.01 -34.34
 109.00 -59.35 -40.16
 110.00 -72.92 -19.23
 111.00 -48.52 -40.80
 112.00 -65.71 -51.41
 113.00 -61.40 -37.88
 114.00 -70.52 -32.25
 115.00 -52.46 -37.85
 116.00 -56.27 -52.08
 117.00 -66.13 -44.11
 118.00 -68.57 -33.99
 119.00 -70.38 -33.39
 120.00 -66.85 -40.26
 121.00 -74.60 -38.34
 122.00 -62.98 -35.53
 123.00 -58.62 -41.94
 124.00 -80.55 -43.08
 125.00 -101.01 -40.76
 126.00 -118.34 -24.91
 127.00 -50.35 -52.27
 128.00 -60.29 -46.80
 129.00 -72.48 -36.31
 130.00 -72.28 -30.44
 131.00 -71.07 -30.35
 132.00 -56.25 -47.24
 133.00 -63.87 -28.25
 134.00 -74.32 -26.45
 135.00 -51.17 -54.91
 136.00 -74.32 -49.06
 137.00  79.52  29.17
 138.00  68.18  47.88
 139.00 -127.12  16.72
 140.00 -58.17 161.48
 141.00 -71.28 110.12
 142.00 -148.25  15.55
 143.00 -60.26 170.35
 144.00 -66.96 143.23
 145.00 -52.54 -37.91
 146.00 -76.89 -28.80
 147.00 -74.04  -2.21
 148.00 -48.35 -60.24
 149.00 -81.81 -36.81
 150.00 -112.55   0.67
 151.00 -55.48 -34.86
 152.00 -51.31 -35.71
 153.00 -69.49 -50.38
 154.00 -62.81 -37.18
 155.00 -73.63 -46.18
 156.00 -68.87 -40.01
 157.00 -62.42 -58.23
 158.00 -60.07 -48.35
 159.00 -72.71 -35.69
 160.00 -58.47 -46.81
 161.00 -51.76 -34.44
 162.00 -79.15 -53.44
 163.00 -77.86 -25.84
 164.00 -58.02 -30.62
 165.00 -59.33 -49.21
 166.00 -61.81 -41.54
 167.00 -72.88 -39.39
 168.00 -87.94 -30.41
 169.00 -75.47 -15.06
 170.00 -50.73 -49.07
 171.00 -62.47 -47.24
 172.00 -79.56 -43.78
 173.00 -59.66 -37.40
 174.00 -69.46 -40.24
 175.00 -65.21 -37.14
 176.00 -59.67 -53.06
 177.00 -52.20 -19.52
 178.00 -78.18 -26.96
 179.00 -54.00 135.79
 180.00 -95.58 -42.70
 181.00 -69.29  26.50
 182.00 -64.28  -9.54
 183.00 -58.02 -12.58
 184.00 -80.96 141.21
 185.00 -75.46 -13.46
 186.00 -170.63 155.90
 187.00 -119.91 151.22
 188.00 -60.11 131.74
 189.00 -62.26 -50.83
 190.00 -62.52 -35.76
 191.00 -61.36 -43.06
 192.00 -59.29 -55.95
 193.00 -59.63 -33.93
 194.00 -73.17 -41.83
 195.00 -62.76 -41.52
 196.00 -66.39 -43.76
 197.00 -70.71 -36.51
 198.00 -64.26 -39.88
 199.00 -63.25 -34.09
 200.00 -76.65 -39.20
 201.00 -59.67 -31.20
 202.00 -67.20 -49.71
 203.00 -73.99 -35.23
 204.00 -57.21 -31.98
 205.00 -87.27 -17.06
 206.00 -85.28 -48.37
 207.00 -51.75 -38.33
 208.00 -65.57 -20.90
 209.00 -68.55 -29.73
 210.00 -60.12 -44.92
 211.00 -96.49 -15.09
 212.00 -79.20 -63.79
 213.00 -63.63 -30.66
 214.00 -73.62 -20.69
 215.00 -73.86 -14.96
 216.00 -144.09 -40.44
 217.00 -70.30 147.30
 218.00 -62.21 -27.25
 219.00 -79.67 -17.31
 220.00 -134.99 -26.52
 221.00 -150.50  16.50
 222.00 -135.72 154.17
 223.00  46.61 127.28
 224.00  71.84  37.03
 225.00 -83.36   4.13
 226.00 -66.25 133.57
 227.00 -144.23  99.44
 228.00 -48.03 118.05
 229.00 -128.09 117.35
 230.00 -63.02 -28.88
 231.00 -65.66 116.12
 232.00 -53.09 -22.17
 233.00 -83.47 -42.63
 234.00 -76.28 -47.24
 235.00 -102.50 -41.55
 236.00 -94.74 -33.64
 237.00 -70.49 -57.12
 238.00 -73.95 -14.76
 239.00 -57.65 -22.71
 240.00 -79.86 -47.40
 241.00 -79.38 -17.77
 242.00 -157.86  -9.39
 243.00 -61.91 -66.36
 244.00 -69.86 -38.16
 245.00 -65.91 -52.49
 246.00 -66.77 -38.41
 247.00 -55.49 -33.55
 248.00 -61.03 -52.60
 249.00 -61.05 -46.75
 250.00 -73.63 -45.72
 251.00 -70.71 -36.24
 252.00 -61.84 -50.84
 253.00 -57.40 -33.19
 254.00 -36.02 -62.42
 255.00 -65.73 -51.63
 256.00 -66.37 -45.95
 257.00 -64.20 -50.87
 258.00 -61.10 -40.93
 259.00 -66.05 -36.53
 260.00 -84.90 -24.97
 261.00 -54.37 -39.03
 262.00 -79.35 -32.46
 263.00 -61.08 -35.65
 264.00 -66.33 -45.89
 1001.00 -76.55 -21.12
 1002.00 -56.38 -31.14
 1003.00 -67.43 -36.18
 1004.00 -57.56 -53.04
 1005.00 -62.87 -37.52
 1006.00 -57.16 -46.86
 1007.00 -80.03 -40.15
 1008.00 -49.87 -32.16
 1009.00 -70.87 -38.31
 1010.00 -51.60 -46.79
 1011.00 -68.50 -41.05
 1012.00 -81.52 -32.58
 1013.00 -50.60 -41.02
 1014.00 -80.84 -26.56
 1015.00 -81.18 -22.88
 1016.00 -60.82 -36.02
 1017.00 -63.45 -57.74
 1018.00 -71.39 -37.25
 1019.00 -81.08 -21.97
 1020.00 -118.88 150.61
 1021.00 -140.64   3.26
 1022.00 -65.75 153.74
 1023.00 -74.95 -29.66
 1024.00 -62.10 -53.00
 1025.00 -74.53 -29.07
 1026.00 -71.14 -37.82
 1027.00 -69.67 -40.02
 1028.00 -65.49 -50.77
 1029.00 -57.30 -46.26
 1030.00 -76.78 -30.55
 1031.00 -68.86 -32.03
 1032.00 -61.61 -33.39
 1033.00 -54.23 -46.01
 1034.00 -57.45 -47.91
 1035.00 -71.96 -41.51
 1036.00 -81.15 -27.43
 1037.00 -65.90 -31.79
 1038.00 -61.23 -39.69
 1039.00 -67.95 -45.47
 1040.00 -57.53 -33.16
 1041.00  52.74 -51.61
 1042.00 104.86  29.61
 1043.00 -60.06   3.50
 1044.00  74.96 -40.63
 1066.00 -93.94 167.26
 1067.00 -59.29  -2.50
 1068.00 -69.73 -35.90
 1069.00 -66.85 -23.22
 1070.00 -55.64 -50.77
 1071.00 -55.90 -48.30
 1072.00 -58.88 -46.78
 1073.00 -70.91 -37.34
 1074.00 -76.94 -34.33
 1075.00 -51.26 -44.10
 1076.00 -51.23 -42.86
 1077.00 -61.89 -51.44
 1078.00 -67.10 -43.51
 1079.00 -67.98 -26.38
 1080.00 -75.52 -40.19
 1081.00  67.32  16.87
 1082.00 -61.66  -1.63
 1083.00 -87.05  76.58
 1084.00 -64.07 -30.97
 1085.00 -69.51 -42.85
 1086.00 -71.64 -29.47
 1087.00 -68.14 -32.77
 1088.00 -63.39 -31.45
 1089.00 -61.13 -52.22
 1090.00 -70.20 -37.02
 1091.00 -60.97 -32.56
 1092.00 -71.71 -29.59
 1093.00 -70.15 -38.37
 1094.00 -68.29 -34.59
 1095.00 -106.77 -18.02
 1096.00 -133.91  26.30
 1097.00 -72.86 -32.87
 1098.00 -55.47 -46.26
 1099.00 -68.43 -30.39
 1100.00 -71.74 -33.98
 1101.00 -69.09 -37.66
 1102.00 -65.19 -33.31
 1103.00 -63.81 -48.02
 1104.00 -65.05 -42.33
 1105.00 -57.54 -40.31
 313.00 -69.56 -25.73
 314.00 -71.38 -43.22
 315.00 -51.73 -39.84
 316.00 -57.67 -50.01
 317.00 -76.58 -40.16
 318.00 -71.24 -39.08
 319.00 -62.00 -43.86
 320.00 -55.50 -47.70
 321.00 -59.05 -45.36
 322.00 -68.36 -41.09
 323.00 -76.10 -42.11
 324.00 -58.84 -31.49
 325.00 -61.89 -41.15
 326.00 -67.90 -13.79
 327.00 -61.84 -38.56
 328.00 -73.53 -39.88
 329.00 -53.98 -54.21
 330.00 -56.77 -42.22
 331.00 -52.04 -63.36
 332.00 -79.69 -38.42
 333.00 -59.70 -37.16
 334.00 -68.10 -42.30
 335.00 -82.12 -29.57
 336.00 -50.51 -32.32
 337.00 -43.86 -42.92
 338.00 -77.53 -53.57
 339.00 -61.76 -51.40
 340.00 -57.22 -56.81
 341.00 -58.58 -55.02
 342.00 -67.95 -35.31
 343.00 -58.41 -44.61
 344.00 -58.02 -53.64
 345.00 -64.74 -24.97
 346.00 -72.08 -32.51
 347.00 -59.82 -46.66
 348.00 -89.38 -47.05
 349.00 -129.72 161.65
 350.00 -80.12 -69.80
 351.00 -67.20 -40.54
 352.00 -146.35  -1.25
 353.00 -132.63 169.38
 354.00 -60.62 117.00
 355.00 -87.73 -22.84
 356.00 -77.42 -26.24
 357.00 -62.99 -45.71
 358.00 -71.15 -34.27
 359.00 -54.59 -39.73
 360.00 -71.86 -51.58
 361.00 -52.69 -38.47
 362.00 -71.98 -41.25
 363.00 -78.81 -19.71
 364.00 -72.80 -49.86
 365.00 -71.13 -24.08
 366.00 -79.15 -30.65
 367.00 -56.92 -38.42
 368.00 -55.64 -38.49
 369.00 -63.55 -64.83
 370.00 -61.42 -24.96
 371.00 -67.38 -27.86
 372.00 -81.31  -0.93
 373.00 -95.76 -18.53
 374.00 -91.25 -10.39
 375.00 -56.00 -31.32
 376.00 -59.68 -41.96
 377.00 -72.13 -28.01
 378.00 -58.97 -46.96
 379.00 -49.20 -55.06
 380.00 -63.98 -39.41
 381.00 -74.78 -40.56
 382.00 -110.01 -41.03
 383.00 -138.48   4.96
 384.00 -53.18 111.17
 385.00 -59.05 -43.17
 386.00 -65.77 -54.52
 387.00 -63.62 -40.55
 388.00 -61.39 -43.50
 389.00 -77.81 -28.70
 390.00 -53.95 -51.88
 391.00 -69.62 -44.30
 392.00 -54.72 -31.86
 393.00 -70.06 -57.25
 394.00 -69.20 -30.16
 395.00 -94.45 -19.77
 396.00  69.56  10.37
 397.00 -118.60  28.77
 398.00 -136.09 136.22


