 residuo Phi Psi
  69.00 -57.15 152.43
  70.00 -55.97 -57.08
  71.00 -68.71 -33.02
  72.00 -77.94 -33.69
  73.00 -64.77 -36.15
  74.00 -61.42 -35.20
  75.00 -63.58 -46.80
  76.00 -38.65 -49.39
  77.00 -64.74 -43.26
  78.00 -61.69 -47.22
  79.00 -65.49 -33.60
  80.00 -69.56 -41.27
  81.00 -52.56 -32.52
  82.00 -66.13 -35.59
  83.00 -48.25 -57.29
  84.00 -64.16 -33.51
  85.00 -57.25 -53.35
  86.00 -52.66 -46.82
  87.00 -78.16 -33.67
  88.00 -83.91 -28.52
  89.00 -65.89 -57.74
  90.00 -70.94 -29.28
  91.00 -79.34 -28.58
  92.00 -59.12 -34.00
  93.00 -61.93 -43.93
  94.00 -70.28 -37.49
  95.00 -62.03 -42.88
  96.00 -53.30 -43.53
  97.00 -51.08 -62.09
  98.00 -79.44 -43.49
  99.00 -67.43 -21.84
 100.00 -102.00 -40.29
 101.00 -74.60 -57.28
 102.00 -67.86 132.86
 103.00 -57.85 -36.41
 104.00 -101.29 -18.36
 105.00 -69.56  -8.39
 106.00 -155.74  67.80
 107.00 -67.38 146.11
 108.00 -58.51 -35.56
 109.00 -56.59 -42.57
 110.00 -78.71 -25.24
 111.00 -67.52 -22.43
 112.00 -70.19 -41.63
 113.00 -88.45 -25.80
 114.00 -68.38 -22.53
 115.00 -64.12 -39.75
 116.00 -69.98 -35.61
 117.00 -66.84 -42.10
 118.00 -67.04 -34.92
 119.00 -69.46 -35.38
 120.00 -67.80 -35.53
 121.00 -65.93 -44.49
 122.00 -39.61 -46.33
 123.00 -61.17 -44.49
 124.00 -76.74 -36.56
 125.00 -143.84 -19.87
 126.00 -65.64 -44.86
 127.00 -60.35 -52.41
 128.00 -64.16 -45.73
 129.00 -70.66 -41.86
 130.00 -66.05 -35.54
 131.00 -65.04 -38.52
 132.00 -78.41 -28.07
 133.00 -52.66 -35.40
 134.00 -68.15 -43.48
 135.00 -73.37 -37.51
 136.00 -95.61 -26.08
 137.00  92.70 -18.66
 138.00  53.33  67.35
 139.00 -64.14 -25.84
 140.00 -56.65 139.58
 141.00 -90.85 125.58
 142.00 -134.25  -2.52
 143.00 -56.18 171.22
 144.00 -70.76 161.96
 145.00 -78.09 -45.78
 146.00 -77.13  -4.55
 147.00 -57.69 -27.32
 148.00 -43.69 -63.73
 149.00 -81.52 -48.43
 150.00 -87.20 -10.42
 151.00 -60.85 -53.29
 152.00 -41.88 -32.92
 153.00 -87.98 -30.23
 154.00 -72.46 -34.73
 155.00 -69.14 -36.81
 156.00 -51.67 -44.84
 157.00 -77.21 -54.54
 158.00 -52.87 -47.07
 159.00 -60.84 -35.05
 160.00 -50.05 -64.56
 161.00 -79.25 -33.56
 162.00 -74.34 -34.56
 163.00 -76.68 -43.90
 164.00 -79.46 -10.77
 165.00 -69.22 -40.41
 166.00 -51.59 -43.05
 167.00 -54.89 -42.60
 168.00 -65.80 -46.00
 169.00 -48.92 -44.46
 170.00 -56.58 -52.20
 171.00 -77.86 -40.18
 172.00 -63.97 -35.66
 173.00 -73.19 -31.01
 174.00 -87.25 -34.75
 175.00 -69.05 -12.69
 176.00 -66.01 -46.18
 177.00 -64.34 -22.61
 178.00 -64.69 -33.93
 179.00 -79.88 148.60
 180.00 -135.09 -10.88
 181.00 -67.16  30.26
 182.00 -72.49 -24.10
 183.00 -66.59  17.62
 184.00 -54.26 146.34
 185.00 -81.80 -27.41
 186.00 -153.57 145.89
 187.00 -73.66 138.07
 188.00 -81.69 125.40
 189.00 -61.04 -26.86
 190.00 -68.45 -52.19
 191.00 -61.68 -35.60
 192.00 -52.67 -51.60
 193.00 -54.25 -51.65
 194.00 -80.97 -33.66
 195.00 -57.20 -46.27
 196.00 -66.62 -42.98
 197.00 -67.20 -37.61
 198.00 -62.07 -42.10
 199.00 -67.23 -38.95
 200.00 -61.67 -44.95
 201.00 -62.90 -39.95
 202.00 -59.15 -51.99
 203.00 -44.39 -55.27
 204.00 -59.54 -54.39
 205.00 -70.46 -38.49
 206.00 -85.62 -28.63
 207.00 -52.47 -33.22
 208.00 -62.86 -37.29
 209.00 -69.25 -17.14
 210.00 -56.49 -53.92
 211.00 -65.77 -47.45
 212.00 -88.49 -37.89
 213.00 -74.71 -34.34
 214.00 -88.93 -21.60
 215.00 -109.85   5.28
 216.00 -158.73 -18.26
 217.00 -67.58 119.99
 218.00 -53.74 -39.91
 219.00 -76.49 -11.92
 220.00 -109.86 -40.85
 221.00 -128.66   6.01
 222.00 -135.80 153.11
 223.00  46.09 138.50
 224.00  60.91  48.62
 225.00 -90.38   0.24
 226.00 -75.27 139.54
 227.00 -155.10  91.84
 228.00 -61.12 125.58
 229.00 -111.02 125.24
 230.00 -80.66 -22.81
 231.00 -44.11 121.73
 232.00 -61.40 -32.43
 233.00 -106.27 -28.00
 234.00 -77.90 -35.26
 235.00 -122.36 -37.08
 236.00 -114.18 -21.26
 237.00 -42.76 -61.10
 238.00 -50.23 -52.88
 239.00 -100.32 -13.34
 240.00 -79.28 -36.07
 241.00 -86.58 -22.59
 242.00 -158.99  -4.06
 243.00 -67.97 -62.33
 244.00 -71.09 -23.24
 245.00 -56.54 -70.21
 246.00 -58.50 -23.94
 247.00 -72.36 -46.21
 248.00 -63.30 -34.67
 249.00 -73.05 -47.19
 250.00 -65.32 -44.79
 251.00 -64.62 -37.54
 252.00 -74.64 -47.56
 253.00 -61.73 -30.88
 254.00 -62.14 -47.03
 255.00 -56.61 -43.80
 256.00 -60.27 -42.04
 257.00 -57.41 -62.39
 258.00 -66.52 -34.04
 259.00 -71.36 -45.06
 260.00 -69.66 -31.66
 261.00 -65.10 -32.78
 262.00 -70.14 -41.66
 263.00 -59.73 -33.44
 264.00 -64.99 -38.28
 1001.00 -70.29 -29.61
 1002.00 -65.17 -20.98
 1003.00 -69.12 -50.56
 1004.00 -65.67 -29.39
 1005.00 -59.58 -34.81
 1006.00 -60.20 -45.43
 1007.00 -63.62 -46.89
 1008.00 -83.34 -21.93
 1009.00 -63.57 -40.89
 1010.00 -45.93 -48.52
 1011.00 -50.09 -60.70
 1012.00 -69.71 -43.20
 1013.00 -66.37 -32.19
 1014.00 -63.51 -39.60
 1015.00 -64.68 -33.67
 1016.00 -59.35 -51.01
 1017.00 -68.98 -31.45
 1018.00 -78.21 -41.35
 1019.00 -56.89 -32.54
 1020.00 -117.91 152.79
 1021.00 -127.68   2.06
 1022.00 -74.95 149.40
 1023.00 -65.75 -33.83
 1024.00 -59.00 -44.11
 1025.00 -63.65 -45.58
 1026.00 -62.56 -32.29
 1027.00 -64.54 -45.20
 1028.00 -60.94 -51.36
 1029.00 -40.51 -50.78
 1030.00 -60.90 -51.24
 1031.00 -60.46 -46.32
 1032.00 -72.22 -34.47
 1033.00 -62.63 -35.33
 1034.00 -63.15 -46.85
 1035.00 -64.07 -43.61
 1036.00 -59.38 -25.31
 1037.00 -59.14 -49.12
 1038.00 -69.94 -41.26
 1039.00 -70.54 -27.89
 1040.00 -83.77 -45.25
 1041.00  42.55 -20.10
 1042.00 128.10  34.04
 1043.00 -61.09 -14.34
 1044.00  60.04 -38.78
 1066.00 -52.37 149.73
 1067.00 -46.69 -31.27
 1068.00 -53.14 -41.37
 1069.00 -55.07 -52.72
 1070.00 -81.85 -26.99
 1071.00 -75.28 -29.28
 1072.00 -54.32 -36.92
 1073.00 -65.65 -41.02
 1074.00 -81.55 -18.89
 1075.00 -53.24 -44.93
 1076.00 -74.92 -25.46
 1077.00 -48.97 -42.31
 1078.00 -65.85 -48.40
 1079.00 -82.71 -35.60
 1080.00 -79.34 -23.17
 1081.00  63.40  14.49
 1082.00 -78.19   1.43
 1083.00 -63.15  70.63
 1084.00 -70.61 -33.18
 1085.00 -69.54 -43.16
 1086.00 -60.25 -38.69
 1087.00 -58.76 -38.46
 1088.00 -69.73 -40.61
 1089.00 -86.83 -17.45
 1090.00 -47.98 -40.25
 1091.00 -51.87 -52.53
 1092.00 -68.76 -39.31
 1093.00 -72.39 -39.12
 1094.00 -71.37 -21.01
 1095.00 -123.32 -10.92
 1096.00 -61.36 -23.75
 1097.00 -66.38 -37.59
 1098.00 -65.31 -28.05
 1099.00 -52.59 -29.18
 1100.00 -79.84 -44.79
 1101.00 -43.60 -32.79
 1102.00 -59.34 -48.78
 1103.00 -55.25 -47.30
 1104.00 -62.77 -58.90
 1105.00 -59.64 -41.37
 313.00 -69.05 -40.95
 314.00 -80.49 -36.57
 315.00 -71.02 -22.18
 316.00 -57.63 -48.13
 317.00 -63.26 -35.30
 318.00 -52.03 -60.07
 319.00 -53.66 -47.05
 320.00 -66.42 -43.61
 321.00 -70.97 -36.00
 322.00 -81.80 -41.24
 323.00 -63.31 -31.31
 324.00 -61.27 -47.25
 325.00 -52.43 -21.75
 326.00 -72.81 -34.29
 327.00 -64.69 -38.53
 328.00 -55.28 -46.76
 329.00 -69.05 -45.41
 330.00 -66.33 -63.16
 331.00 -66.73 -16.09
 332.00 -49.81 -68.83
 333.00 -62.57 -52.15
 334.00 -98.43 -19.27
 335.00 -120.64  -6.67
 336.00 -36.77 -37.99
 337.00 -64.42 -48.97
 338.00 -62.60 -37.41
 339.00 -64.38 -42.64
 340.00 -64.86 -46.06
 341.00 -61.38 -43.92
 342.00 -67.35 -34.56
 343.00 -68.55 -39.80
 344.00 -57.94 -41.27
 345.00 -61.57 -45.53
 346.00 -105.61 -11.86
 347.00 -59.10 -42.31
 348.00 -65.79 -34.58
 349.00 -139.45 146.60
 350.00 -103.60 -39.53
 351.00 -67.15 -34.17
 352.00 -155.61   3.85
 353.00 -133.48 161.49
 354.00 -82.69 148.60
 355.00 -77.67 -22.74
 356.00 -65.68 -34.28
 357.00 -65.86 -43.92
 358.00 -57.79 -37.62
 359.00 -59.22 -55.17
 360.00 -68.10 -36.72
 361.00 -51.67 -56.27
 362.00 -75.15 -52.74
 363.00 -73.02 -17.45
 364.00 -68.66 -46.11
 365.00 -61.52 -40.04
 366.00 -80.15 -29.57
 367.00 -69.21 -16.29
 368.00 -56.41 -39.62
 369.00 -74.45 -46.58
 370.00 -82.50  -4.87
 371.00 -73.43 -22.58
 372.00 -64.94 -18.43
 373.00 -128.96  -8.72
 374.00 -80.94   5.73
 375.00 -68.38 -35.12
 376.00 -56.68 -34.66
 377.00 -72.87 -33.04
 378.00 -43.72 -53.66
 379.00 -68.56 -55.61
 380.00 -69.93 -34.08
 381.00 -81.77 -29.09
 382.00 -110.55 -41.15
 383.00 -129.88  -5.87
 384.00 -67.71 123.33
 385.00 -75.00 -33.46
 386.00 -68.76 -52.29
 387.00 -50.04 -42.16
 388.00 -60.98 -54.28
 389.00 -55.80 -47.77
 390.00 -70.94 -53.05
 391.00 -62.59 -23.73
 392.00 -58.18 -54.05
 393.00 -54.06 -41.20
 394.00 -73.04 -55.59
 395.00 -87.82 -21.39
 396.00  54.35   4.18
 397.00 -76.16  29.03
 398.00 -56.21  38.11


