 residuo Phi Psi
  69.00 -51.43 147.24
  70.00 -67.95 -44.18
  71.00 -73.85 -31.98
  72.00 -71.08 -20.70
  73.00 -68.61 -32.67
  74.00 -61.74 -44.58
  75.00 -73.90 -24.25
  76.00 -55.03 -45.24
  77.00 -71.77 -28.56
  78.00 -67.50 -33.62
  79.00 -66.49 -47.81
  80.00 -89.22 -17.70
  81.00 -74.63 -28.10
  82.00 -56.42 -14.22
  83.00 -63.53 -52.85
  84.00 -62.15 -37.18
  85.00 -69.00 -47.97
  86.00 -48.77 -39.79
  87.00 -71.43 -49.34
  88.00 -63.63 -34.55
  89.00 -59.45 -54.60
  90.00 -73.18 -38.39
  91.00 -88.57 -34.64
  92.00 -72.69 -19.21
  93.00 -57.86 -31.68
  94.00 -88.65 -26.11
  95.00 -62.66 -41.86
  96.00 -67.58 -38.78
  97.00 -64.34 -55.44
  98.00 -63.23 -43.68
  99.00 -83.27 -27.88
 100.00 -89.55 -41.19
 101.00 -85.56 -36.80
 102.00 -55.90 106.66
 103.00 -65.02 -28.87
 104.00 -99.61  -7.76
 105.00 -85.74  -5.78
 106.00 -164.97  86.29
 107.00 -53.38 155.11
 108.00 -56.80 -57.00
 109.00 -47.47 -41.78
 110.00 -65.64 -34.20
 111.00 -77.70 -38.21
 112.00 -63.30 -27.17
 113.00 -70.30 -38.42
 114.00 -60.71 -29.29
 115.00 -67.01 -36.89
 116.00 -63.05 -44.25
 117.00 -59.11 -46.69
 118.00 -60.79 -37.03
 119.00 -60.72 -42.78
 120.00 -59.07 -50.87
 121.00 -65.82 -46.52
 122.00 -52.42 -43.14
 123.00 -58.51 -43.48
 124.00 -66.83 -42.86
 125.00 -144.96 -37.95
 126.00 -73.36 -32.14
 127.00 -45.41 -68.31
 128.00 -64.53 -46.94
 129.00 -81.65 -32.57
 130.00 -76.79 -15.48
 131.00 -60.99 -41.48
 132.00 -75.96 -39.80
 133.00 -54.51 -35.10
 134.00 -70.56 -47.53
 135.00 -63.16 -41.18
 136.00 -75.21 -30.58
 137.00  73.52   5.16
 138.00  56.47  44.06
 139.00 -124.72  45.01
 140.00 -65.38 136.78
 141.00 -78.51 116.48
 142.00 -96.75 -27.67
 143.00 -69.10 178.32
 144.00 -68.36 149.13
 145.00 -75.04 -32.37
 146.00 -103.16  11.54
 147.00 -53.24 -25.41
 148.00 -55.63 -48.74
 149.00 -80.41 -42.32
 150.00 -102.02 -12.41
 151.00 -71.29 -37.32
 152.00 -63.35  -8.49
 153.00 -70.81 -41.63
 154.00 -69.55 -35.41
 155.00 -54.94 -53.31
 156.00 -63.52 -43.24
 157.00 -82.16 -43.67
 158.00 -62.70 -31.56
 159.00 -71.42 -43.95
 160.00 -63.15 -44.41
 161.00 -73.98 -26.80
 162.00 -69.43 -50.02
 163.00 -72.90 -34.38
 164.00 -66.11 -28.72
 165.00 -49.07 -50.60
 166.00 -55.85 -44.38
 167.00 -74.49 -49.73
 168.00 -63.94 -28.02
 169.00 -57.78 -46.52
 170.00 -61.32 -46.91
 171.00 -69.84 -36.41
 172.00 -62.31 -46.39
 173.00 -66.16 -27.61
 174.00 -76.90 -57.07
 175.00 -55.06 -44.23
 176.00 -69.34 -36.86
 177.00 -76.12 -14.94
 178.00 -89.59  -2.62
 179.00 -61.95 128.94
 180.00 -116.09 -13.58
 181.00 -68.08  33.66
 182.00 -68.83 -18.01
 183.00 -72.78  -7.00
 184.00 -53.98 117.31
 185.00 -69.21 -34.65
 186.00 -151.89 135.06
 187.00 -65.92 136.35
 188.00 -59.80 124.18
 189.00 -64.09 -43.86
 190.00 -63.80 -33.40
 191.00 -51.94 -50.30
 192.00 -56.86 -50.51
 193.00 -61.60 -42.94
 194.00 -55.15 -47.24
 195.00 -67.32 -38.77
 196.00 -81.53 -32.27
 197.00 -58.97 -40.39
 198.00 -53.89 -54.17
 199.00 -64.27 -39.86
 200.00 -66.28 -41.35
 201.00 -55.22 -39.98
 202.00 -75.29 -42.59
 203.00 -63.46 -34.35
 204.00 -62.52 -43.67
 205.00 -60.18 -41.35
 206.00 -91.56 -24.73
 207.00 -61.10 -23.21
 208.00 -72.39 -19.87
 209.00 -57.81 -36.32
 210.00 -49.33 -53.13
 211.00 -67.48 -58.04
 212.00 -77.38 -41.67
 213.00 -51.18 -46.41
 214.00 -72.23 -46.81
 215.00 -86.88  -8.88
 216.00 -134.10 -48.79
 217.00 -65.12 116.99
 218.00 -67.14 -28.25
 219.00 -87.92  -3.34
 220.00 -121.26 -24.81
 221.00 -95.50 -16.21
 222.00 -139.84 139.78
 223.00  50.33 132.49
 224.00  96.86  21.09
 225.00 -101.15   0.70
 226.00 -79.54 162.94
 227.00 -154.62 105.98
 228.00 -56.58 127.89
 229.00 -100.65 124.31
 230.00 -83.69 -39.91
 231.00 -78.58 153.66
 232.00 -53.33 -27.21
 233.00 -100.30 -26.16
 234.00 -69.06 -58.07
 235.00 -126.74 -36.43
 236.00 -120.74 -12.06
 237.00 -56.52 -61.09
 238.00 -54.19 -35.94
 239.00 -64.09 -28.04
 240.00 -70.51 -57.37
 241.00 -79.84 -26.09
 242.00 -149.52 -25.61
 243.00 -66.31 -63.92
 244.00 -71.85 -28.13
 245.00 -63.62 -55.93
 246.00 -59.83 -31.46
 247.00 -81.40 -44.70
 248.00 -52.32 -43.43
 249.00 -72.48 -46.77
 250.00 -53.28 -42.34
 251.00 -70.79 -39.41
 252.00 -47.66 -57.79
 253.00 -56.96 -36.78
 254.00 -67.90 -50.74
 255.00 -62.96 -39.15
 256.00 -71.58 -34.15
 257.00 -65.43 -54.53
 258.00 -74.62 -31.32
 259.00 -67.59 -30.70
 260.00 -86.27 -22.55
 261.00 -61.97 -27.68
 262.00 -60.19 -45.97
 263.00 -62.05 -39.04
 264.00 -60.97 -49.11
 1001.00 -68.00 -37.99
 1002.00 -56.78 -33.54
 1003.00 -62.60 -56.33
 1004.00 -70.82 -30.26
 1005.00 -53.48 -37.92
 1006.00 -63.16 -48.16
 1007.00 -84.07 -30.42
 1008.00 -93.55 -15.10
 1009.00 -62.63 -28.41
 1010.00 -60.86 -44.01
 1011.00 -51.07 -49.54
 1012.00 -72.37 -61.09
 1013.00 -66.99 -26.15
 1014.00 -55.98 -42.64
 1015.00 -63.35 -42.39
 1016.00 -66.09 -43.42
 1017.00 -49.29 -44.44
 1018.00 -87.88 -41.57
 1019.00 -62.33  -6.26
 1020.00 -129.60 170.23
 1021.00 -132.57 -17.94
 1022.00 -59.96 142.51
 1023.00 -60.08 -45.78
 1024.00 -55.43 -29.14
 1025.00 -66.40 -51.28
 1026.00 -57.20 -36.66
 1027.00 -58.97 -46.98
 1028.00 -69.90 -48.68
 1029.00 -64.93 -31.37
 1030.00 -52.44 -45.81
 1031.00 -68.43 -38.17
 1032.00 -73.42 -39.46
 1033.00 -57.09 -30.39
 1034.00 -62.14 -51.93
 1035.00 -67.33 -46.35
 1036.00 -72.09 -34.77
 1037.00 -62.01 -34.26
 1038.00 -63.93 -47.51
 1039.00 -73.08 -30.40
 1040.00 -117.97 -32.24
 1041.00  57.11  28.47
 1042.00  65.06  38.07
 1043.00 -50.16   9.20
 1044.00  92.05 -32.63
 1066.00 -54.82 175.66
 1067.00 -70.76 -26.78
 1068.00 -82.14 -37.13
 1069.00 -55.42 -31.01
 1070.00 -73.70 -40.23
 1071.00 -74.01 -31.00
 1072.00 -55.00 -37.38
 1073.00 -66.73 -47.09
 1074.00 -77.26 -27.71
 1075.00 -55.83 -40.86
 1076.00 -58.45 -37.73
 1077.00 -70.03 -42.09
 1078.00 -52.95 -47.03
 1079.00 -76.72 -39.13
 1080.00 -98.65 -13.75
 1081.00  61.80  26.16
 1082.00 -93.54  17.52
 1083.00 -71.68  76.32
 1084.00 -57.44 -42.84
 1085.00 -74.72 -41.81
 1086.00 -68.55 -32.50
 1087.00 -60.57 -36.25
 1088.00 -62.72 -41.82
 1089.00 -83.09 -34.43
 1090.00 -52.63 -34.55
 1091.00 -79.45 -40.01
 1092.00 -77.74 -21.54
 1093.00 -71.85 -33.53
 1094.00 -59.87 -37.53
 1095.00 -89.76 -30.67
 1096.00 -120.26   9.48
 1097.00 -36.33 -53.28
 1098.00 -60.59 -41.07
 1099.00 -68.13 -27.77
 1100.00 -83.25 -36.60
 1101.00 -63.81 -31.23
 1102.00 -63.96 -43.72
 1103.00 -55.56 -37.48
 1104.00 -70.58 -48.20
 1105.00 -63.91 -36.62
 313.00 -66.49 -36.94
 314.00 -57.92 -55.91
 315.00 -62.04 -41.94
 316.00 -83.19 -20.77
 317.00 -63.81 -43.66
 318.00 -71.53 -36.64
 319.00 -56.79 -46.24
 320.00 -64.02 -47.04
 321.00 -59.27 -35.45
 322.00 -65.19 -50.57
 323.00 -57.35 -42.69
 324.00 -57.64 -47.47
 325.00 -56.91 -33.47
 326.00 -69.17 -36.09
 327.00 -56.36 -48.51
 328.00 -67.26 -35.91
 329.00 -61.09 -50.65
 330.00 -55.57 -45.97
 331.00 -80.58 -24.39
 332.00 -69.06 -38.88
 333.00 -65.14 -38.74
 334.00 -71.98 -43.02
 335.00 -87.15 -40.51
 336.00 -57.58 -19.89
 337.00 -47.60 -57.10
 338.00 -57.92 -41.59
 339.00 -71.53 -47.26
 340.00 -62.91 -43.19
 341.00 -80.20 -33.25
 342.00 -65.77 -34.68
 343.00 -61.07 -45.15
 344.00 -50.53 -51.18
 345.00 -61.11 -50.92
 346.00 -99.99  -6.44
 347.00 -85.05 -19.70
 348.00 -90.88 -17.65
 349.00 -164.45 162.47
 350.00 -91.22 -52.78
 351.00 -67.98 -52.02
 352.00 -92.93 -37.55
 353.00 -134.83 163.51
 354.00 -64.28 133.02
 355.00 -73.43 -23.31
 356.00 -66.86 -43.81
 357.00 -55.77 -45.46
 358.00 -50.35 -41.71
 359.00 -70.90 -53.24
 360.00 -93.22 -11.24
 361.00 -53.90 -52.02
 362.00 -58.57 -41.51
 363.00 -70.06 -31.91
 364.00 -75.95 -42.57
 365.00 -70.42 -25.10
 366.00 -75.16 -36.22
 367.00 -68.45 -19.87
 368.00 -41.60 -49.50
 369.00 -65.84 -61.12
 370.00 -67.72  -1.94
 371.00 -69.37 -21.07
 372.00 -94.77  -6.00
 373.00 -132.83   1.05
 374.00 -125.94  26.70
 375.00 -61.04 -27.97
 376.00 -58.52 -56.20
 377.00 -82.02 -18.19
 378.00 -62.07 -41.75
 379.00 -57.73 -49.44
 380.00 -58.40 -44.60
 381.00 -59.12 -50.79
 382.00 -92.26 -51.42
 383.00 -126.74 -25.75
 384.00 -63.43 117.45
 385.00 -57.89 -41.88
 386.00 -50.55 -52.33
 387.00 -45.98 -62.84
 388.00 -69.07 -38.97
 389.00 -68.96 -46.22
 390.00 -52.65 -40.92
 391.00 -67.30 -48.05
 392.00 -59.77 -34.63
 393.00 -72.76 -48.37
 394.00 -72.80 -35.22
 395.00 -81.15 -23.05
 396.00  47.96   2.49
 397.00 -88.04  40.20
 398.00 -127.69 112.06


