 residuo Phi Psi
  69.00 -53.63  77.26
  70.00 -53.05 -22.09
  71.00 -65.70 -44.00
  72.00 -58.38 -45.01
  73.00 -75.02 -35.60
  74.00 -76.02 -28.03
  75.00 -60.65 -37.29
  76.00 -51.69 -46.58
  77.00 -56.79 -43.73
  78.00 -57.53 -46.63
  79.00 -63.63 -63.00
  80.00 -76.80 -31.18
  81.00 -82.47 -29.13
  82.00 -60.83 -19.78
  83.00 -73.88 -36.03
  84.00 -64.58 -35.23
  85.00 -70.68 -39.37
  86.00 -69.96 -55.92
  87.00 -55.00 -24.36
  88.00 -78.91 -50.90
  89.00 -70.03 -53.49
  90.00 -100.51  -6.92
  91.00 -70.46 -44.21
  92.00 -39.90 -38.29
  93.00 -64.87 -40.51
  94.00 -60.97 -45.05
  95.00 -77.38 -38.13
  96.00 -53.41 -37.04
  97.00 -57.96 -58.43
  98.00 -74.92 -49.94
  99.00 -74.94 -23.09
 100.00 -129.23  -4.80
 101.00 -79.04 -57.07
 102.00 -55.66 100.23
 103.00 -69.13 -21.93
 104.00 -109.88 -18.01
 105.00 -67.86  -9.50
 106.00 -161.65  99.14
 107.00 -59.67 169.80
 108.00 -71.39 -34.72
 109.00 -74.31 -35.17
 110.00 -66.82 -30.72
 111.00 -74.34 -34.57
 112.00 -87.13 -20.06
 113.00 -63.76 -24.83
 114.00 -59.01 -43.42
 115.00 -60.16 -45.64
 116.00 -80.13 -30.21
 117.00 -72.27 -31.95
 118.00 -59.93 -34.84
 119.00 -76.92 -38.66
 120.00 -52.48 -44.20
 121.00 -80.02 -35.44
 122.00 -54.78 -38.91
 123.00 -51.87 -57.82
 124.00 -74.88 -43.55
 125.00 -102.87 -46.28
 126.00 -77.79 -45.66
 127.00 -72.65 -45.60
 128.00 -62.67 -38.36
 129.00 -60.90 -44.91
 130.00 -66.08 -36.53
 131.00 -75.59 -39.18
 132.00 -56.51 -42.36
 133.00 -63.21 -38.03
 134.00 -71.83 -28.83
 135.00 -70.75 -39.17
 136.00 -80.27 -31.81
 137.00  89.49   1.60
 138.00  60.73  31.96
 139.00 -72.90   7.42
 140.00 -66.55 149.28
 141.00 -64.99 119.07
 142.00 -128.72  -6.25
 143.00 -47.60 165.62
 144.00 -76.83 157.91
 145.00 -65.72 -27.17
 146.00 -65.73 -31.73
 147.00 -59.73 -19.11
 148.00 -71.61 -45.68
 149.00 -55.75 -31.96
 150.00 -75.13 -50.78
 151.00 -54.52 -31.98
 152.00 -60.92 -54.82
 153.00 -69.40 -39.89
 154.00 -55.04 -39.47
 155.00 -75.20 -49.04
 156.00 -56.03 -43.08
 157.00 -62.14 -60.21
 158.00 -51.99 -52.01
 159.00 -65.42 -37.43
 160.00 -58.74 -53.17
 161.00 -53.00 -37.32
 162.00 -70.43 -61.62
 163.00 -75.66 -29.11
 164.00 -73.21 -22.93
 165.00 -52.94 -44.29
 166.00 -59.61 -47.40
 167.00 -67.94 -40.56
 168.00 -59.47 -37.21
 169.00 -56.70 -50.44
 170.00 -68.73 -40.37
 171.00 -79.55 -56.87
 172.00 -68.75 -22.90
 173.00 -64.09 -26.28
 174.00 -75.13  -7.21
 175.00 -64.01 -44.38
 176.00 -53.21 -49.83
 177.00 -124.52 -14.59
 178.00 -83.21   7.49
 179.00 -55.27 118.47
 180.00 -117.05 -22.19
 181.00 -64.56  24.30
 182.00 -83.14 -32.10
 183.00 -55.89   5.77
 184.00 -76.84 148.62
 185.00 -111.62   2.06
 186.00 -156.98 126.85
 187.00 -71.03 152.79
 188.00 -112.35 160.13
 189.00 -63.90 -29.23
 190.00 -61.64 -41.43
 191.00 -59.02 -35.81
 192.00 -71.35 -41.57
 193.00 -61.93 -38.27
 194.00 -82.67 -27.14
 195.00 -66.03 -35.60
 196.00 -51.74 -46.08
 197.00 -63.25 -40.96
 198.00 -67.23 -45.49
 199.00 -61.06 -34.34
 200.00 -69.38 -44.05
 201.00 -68.13 -34.79
 202.00 -69.56 -37.44
 203.00 -50.91 -35.71
 204.00 -67.90 -51.22
 205.00 -79.67 -24.60
 206.00 -103.11 -22.95
 207.00 -50.09 -38.31
 208.00 -60.48 -28.22
 209.00 -53.57 -38.01
 210.00 -68.37 -59.84
 211.00 -53.09 -36.18
 212.00 -73.70 -49.83
 213.00 -78.94 -27.70
 214.00 -91.38 -24.65
 215.00 -82.71 -11.51
 216.00 -177.07  -8.04
 217.00 -55.67  98.83
 218.00 -63.26 -21.02
 219.00 -100.43 -15.34
 220.00 -131.00  -7.08
 221.00 -109.11 -13.81
 222.00 -141.42 136.44
 223.00  39.63 130.40
 224.00  87.63  34.59
 225.00 -138.57   5.72
 226.00 -74.01 154.72
 227.00 -160.67 122.28
 228.00 -63.41 152.41
 229.00 -91.03 102.01
 230.00 -78.58 -19.34
 231.00 -76.82 144.50
 232.00 -71.58 -33.69
 233.00 -64.37 -43.37
 234.00 -69.35 -25.23
 235.00 -68.26 -40.28
 236.00 -57.25 -66.25
 237.00 -62.89 -39.45
 238.00 -74.28 -47.79
 239.00 -69.26 -21.10
 240.00 -79.76 -47.21
 241.00 -84.25 -44.56
 242.00 -140.35  -1.36
 243.00 -64.41 -78.88
 244.00 -60.96 -30.68
 245.00 -60.49 -68.06
 246.00 -65.49 -33.90
 247.00 -60.37 -51.68
 248.00 -66.91 -33.51
 249.00 -61.63 -44.67
 250.00 -65.89 -37.80
 251.00 -61.09 -41.15
 252.00 -70.98 -61.98
 253.00 -75.28 -24.34
 254.00 -56.31 -43.93
 255.00 -74.59 -41.64
 256.00 -77.00  -6.63
 257.00 -50.95 -66.99
 258.00 -52.46 -37.94
 259.00 -84.36 -41.89
 260.00 -64.95 -28.22
 261.00 -77.17 -34.36
 262.00 -65.41 -37.05
 263.00 -71.55 -43.73
 264.00 -71.25 -38.73
 1001.00 -67.84 -37.95
 1002.00 -63.75 -24.27
 1003.00 -61.07 -47.66
 1004.00 -83.61 -32.06
 1005.00 -58.44 -32.96
 1006.00 -76.37 -32.89
 1007.00 -54.78 -37.53
 1008.00 -67.70 -36.07
 1009.00 -77.43 -37.32
 1010.00 -76.64 -43.48
 1011.00 -59.03 -31.40
 1012.00 -65.84 -45.69
 1013.00 -46.40 -47.66
 1014.00 -68.66 -47.91
 1015.00 -95.42  -9.07
 1016.00 -45.30 -50.98
 1017.00 -55.28 -48.00
 1018.00 -128.66 -14.92
 1019.00 -64.11  -7.07
 1020.00 -142.54 164.29
 1021.00 -139.88  -5.04
 1022.00 -67.88 160.85
 1023.00 -56.51 -36.20
 1024.00 -69.86 -54.29
 1025.00 -75.30 -27.26
 1026.00 -59.15 -42.81
 1027.00 -55.68 -46.44
 1028.00 -69.51 -54.85
 1029.00 -64.64 -33.25
 1030.00 -67.10 -32.43
 1031.00 -68.18 -38.35
 1032.00 -77.82 -30.26
 1033.00 -47.91 -45.89
 1034.00 -64.79 -45.30
 1035.00 -58.29 -53.97
 1036.00 -68.45 -31.65
 1037.00 -78.13 -36.90
 1038.00 -66.90 -28.78
 1039.00 -48.42 -45.16
 1040.00 -72.93 -40.15
 1041.00  51.37 -23.14
 1042.00  92.82  44.35
 1043.00 -43.17  -8.97
 1044.00  85.09 -43.27
 1066.00 -59.64 171.37
 1067.00 -61.07 -22.37
 1068.00 -59.61 -46.78
 1069.00 -70.81 -36.27
 1070.00 -82.94 -21.97
 1071.00 -59.59 -44.05
 1072.00 -65.46 -33.40
 1073.00 -75.20 -36.90
 1074.00 -70.94 -31.31
 1075.00 -80.41 -31.17
 1076.00 -52.86 -26.94
 1077.00 -66.55 -49.72
 1078.00 -61.58 -40.19
 1079.00 -72.75 -38.06
 1080.00 -79.86 -18.05
 1081.00  63.39   1.74
 1082.00 -76.15  11.19
 1083.00 -58.18  70.00
 1084.00 -70.75 -40.39
 1085.00 -74.78 -39.35
 1086.00 -51.36 -42.30
 1087.00 -70.80 -52.13
 1088.00 -57.09 -30.73
 1089.00 -77.90 -39.73
 1090.00 -62.63 -34.96
 1091.00 -65.91 -39.13
 1092.00 -91.04 -21.08
 1093.00 -67.66 -34.01
 1094.00 -53.25 -23.15
 1095.00 -99.37 -23.84
 1096.00 -58.17 -54.37
 1097.00 -62.07 -29.13
 1098.00 -62.56 -55.10
 1099.00 -70.24 -28.31
 1100.00 -64.55 -47.77
 1101.00 -47.70 -48.16
 1102.00 -53.63 -42.02
 1103.00 -57.77 -49.29
 1104.00 -78.80 -42.80
 1105.00 -46.39 -38.43
 313.00 -57.88 -40.68
 314.00 -71.08 -40.29
 315.00 -62.44 -37.19
 316.00 -82.46 -27.58
 317.00 -72.40 -28.40
 318.00 -68.50 -32.51
 319.00 -53.97 -44.12
 320.00 -52.56 -58.63
 321.00 -66.21 -42.10
 322.00 -63.30 -36.54
 323.00 -79.29 -49.53
 324.00 -63.73 -38.28
 325.00 -61.28 -29.82
 326.00 -72.74 -41.77
 327.00 -53.45 -44.17
 328.00 -58.79 -42.65
 329.00 -67.94 -53.72
 330.00 -64.83 -45.39
 331.00 -69.89 -41.82
 332.00 -58.32 -44.11
 333.00 -71.38 -44.02
 334.00 -82.43 -36.38
 335.00 -97.05 -14.93
 336.00 -57.18 -19.00
 337.00 -53.35 -36.97
 338.00 -71.25 -48.61
 339.00 -64.16 -42.89
 340.00 -88.30 -13.29
 341.00 -63.78 -58.27
 342.00 -70.68 -30.08
 343.00 -76.27 -37.96
 344.00 -64.71 -33.40
 345.00 -79.55 -38.87
 346.00 -94.92   0.52
 347.00 -87.90 -36.36
 348.00 -108.07 -41.71
 349.00 -112.02 136.71
 350.00 -124.61 -40.20
 351.00 -78.68 -30.81
 352.00 -161.18  15.20
 353.00 -78.06 146.16
 354.00 -79.19 121.88
 355.00 -70.33 -22.54
 356.00 -63.85 -42.44
 357.00 -54.56 -50.04
 358.00 -65.89 -42.65
 359.00 -60.78 -50.86
 360.00 -67.58 -39.54
 361.00 -65.58 -48.20
 362.00 -68.25 -30.17
 363.00 -65.44 -50.34
 364.00 -69.59 -45.63
 365.00 -52.89 -32.84
 366.00 -72.82 -48.96
 367.00 -69.95 -34.73
 368.00 -74.22 -28.08
 369.00 -65.26 -54.06
 370.00 -52.08 -25.44
 371.00 -65.74 -45.26
 372.00 -58.56 -18.93
 373.00 -75.38 -30.07
 374.00 -74.60 -15.88
 375.00 -67.31 -34.00
 376.00 -55.68 -39.60
 377.00 -60.86 -41.65
 378.00 -56.45 -48.71
 379.00 -82.96 -35.93
 380.00 -86.50  -1.26
 381.00 -81.35 -48.22
 382.00 -106.26 -42.50
 383.00 -142.09   3.78
 384.00 -59.76 106.32
 385.00 -53.89 -44.92
 386.00 -74.94 -43.31
 387.00 -59.65 -47.56
 388.00 -50.46 -39.85
 389.00 -69.54 -56.44
 390.00 -50.17 -42.04
 391.00 -68.81 -43.80
 392.00 -66.42 -21.49
 393.00 -74.20 -41.55
 394.00 -68.22 -35.66
 395.00 -87.85 -27.62
 396.00  59.82   7.01
 397.00 -109.25  42.65
 398.00 -107.72  94.27


