 residuo Phi Psi
  69.00 -52.29 134.20
  70.00 -56.00 -43.65
  71.00 -68.10 -31.19
  72.00 -78.85 -36.40
  73.00 -53.29 -29.92
  74.00 -79.59 -40.69
  75.00 -69.54 -37.45
  76.00 -75.90 -23.32
  77.00 -58.03 -37.96
  78.00 -80.11 -37.70
  79.00 -86.75 -16.66
  80.00 -68.29 -37.13
  81.00 -65.75 -19.02
  82.00 -51.18 -42.66
  83.00 -69.04 -39.59
  84.00 -73.62 -24.39
  85.00 -64.06 -49.16
  86.00 -50.49 -42.89
  87.00 -61.92 -48.61
  88.00 -50.74 -51.53
  89.00 -46.52 -61.00
  90.00 -61.45 -50.42
  91.00 -79.72 -42.09
  92.00 -54.58 -33.00
  93.00 -61.49 -22.21
  94.00 -53.42 -62.17
  95.00 -60.61 -47.49
  96.00 -63.01 -49.24
  97.00 -65.43 -35.53
  98.00 -74.31 -48.15
  99.00 -64.84 -19.12
 100.00 -104.74 -43.72
 101.00 -80.55 -42.27
 102.00 -60.51 116.47
 103.00 -61.38 -28.04
 104.00 -81.02 -34.10
 105.00 -86.11   7.01
 106.00 -136.95  49.29
 107.00 -57.48 154.63
 108.00 -76.20 -33.25
 109.00 -54.23 -39.48
 110.00 -74.15 -29.36
 111.00 -74.26 -22.19
 112.00 -58.51 -42.21
 113.00 -68.24 -33.30
 114.00 -72.36 -30.09
 115.00 -58.34 -45.65
 116.00 -95.31 -18.11
 117.00 -66.80 -32.30
 118.00 -66.04 -35.38
 119.00 -89.24 -32.43
 120.00 -71.89 -32.85
 121.00 -60.65 -41.71
 122.00 -56.47 -30.94
 123.00 -65.30 -43.26
 124.00 -66.74 -27.64
 125.00 -138.56 -40.58
 126.00 -68.37 -31.11
 127.00 -54.58 -56.60
 128.00 -66.54 -45.58
 129.00 -84.47 -34.41
 130.00 -54.45 -31.67
 131.00 -58.40 -45.93
 132.00 -80.03 -34.35
 133.00 -69.75 -28.92
 134.00 -66.33 -42.25
 135.00 -66.32 -35.61
 136.00 -72.34 -47.01
 137.00 111.23 -14.16
 138.00  75.03  19.53
 139.00 -55.52 -23.55
 140.00 -67.47 153.42
 141.00 -78.05 116.63
 142.00 -137.24  11.43
 143.00 -55.69 168.71
 144.00 -62.88 157.86
 145.00 -79.82 -48.72
 146.00 -83.76  -5.84
 147.00 -57.06 -16.42
 148.00 -73.91 -51.32
 149.00 -72.69 -32.93
 150.00 -86.50 -16.58
 151.00 -59.05 -58.35
 152.00 -42.73 -24.28
 153.00 -59.29 -57.07
 154.00 -54.12 -39.93
 155.00 -69.15 -49.31
 156.00 -51.07 -54.22
 157.00 -67.40 -59.67
 158.00 -57.09 -35.83
 159.00 -68.74 -36.13
 160.00 -49.86 -56.54
 161.00 -48.46 -42.50
 162.00 -66.57 -63.57
 163.00 -69.21 -28.26
 164.00 -81.12 -28.64
 165.00 -66.41 -32.07
 166.00 -61.76 -41.38
 167.00 -75.73 -37.09
 168.00 -51.16 -41.33
 169.00 -62.87 -40.78
 170.00 -65.29 -55.95
 171.00 -59.07 -39.83
 172.00 -79.29 -40.13
 173.00 -104.29 -11.10
 174.00 -60.30 -44.78
 175.00 -64.03 -46.95
 176.00 -57.32 -29.36
 177.00 -79.82 -15.94
 178.00 -93.76  -7.44
 179.00 -59.79 124.30
 180.00 -116.54  -9.47
 181.00 -80.72  22.78
 182.00 -90.29   1.63
 183.00 -63.67 -19.79
 184.00 -74.23 133.86
 185.00 -45.57 -33.59
 186.00 -157.40 122.78
 187.00 -67.63 155.79
 188.00 -74.59 138.01
 189.00 -54.01 -58.85
 190.00 -65.99 -47.81
 191.00 -66.19 -42.40
 192.00 -68.36 -35.44
 193.00 -91.71 -22.58
 194.00 -61.76 -17.60
 195.00 -57.34 -44.08
 196.00 -48.81 -58.50
 197.00 -73.77 -37.22
 198.00 -55.43 -38.23
 199.00 -60.33 -49.30
 200.00 -62.85 -45.41
 201.00 -74.31 -41.80
 202.00 -68.08 -22.36
 203.00 -65.99 -38.41
 204.00 -42.48 -39.39
 205.00 -58.33 -63.57
 206.00 -87.98 -51.40
 207.00 -52.21 -31.29
 208.00 -48.13 -27.39
 209.00 -63.43 -33.11
 210.00 -63.02 -53.25
 211.00 -64.82 -42.58
 212.00 -88.06 -50.30
 213.00 -61.25 -23.38
 214.00 -61.95 -44.73
 215.00 -89.30 -12.36
 216.00 -154.46 -38.88
 217.00 -60.43 107.54
 218.00 -59.81 -29.83
 219.00 -75.78 -20.06
 220.00 -128.87 -25.31
 221.00 -119.15  -6.38
 222.00 -139.35 145.21
 223.00  62.95 108.91
 224.00  63.59  44.32
 225.00 -80.86  -2.86
 226.00 -80.36 141.08
 227.00 -154.71 102.21
 228.00 -56.16 132.36
 229.00 -148.01 142.75
 230.00 -81.14 -24.73
 231.00 -59.51 132.75
 232.00 -58.55 -24.34
 233.00 -96.61 -28.10
 234.00 -71.36 -54.56
 235.00 -125.77 -30.68
 236.00 -79.45 -43.28
 237.00 -74.44 -36.79
 238.00 -46.57 -48.58
 239.00 -53.09 -42.98
 240.00 -90.10 -43.99
 241.00 -65.38 -34.31
 242.00 -153.92 -11.49
 243.00 -72.85 -57.07
 244.00 -56.87 -48.20
 245.00 -64.56 -46.72
 246.00 -52.38 -37.77
 247.00 -55.61 -54.80
 248.00 -74.75 -40.91
 249.00 -57.73 -48.29
 250.00 -79.22 -43.31
 251.00 -59.61 -29.57
 252.00 -75.32 -54.42
 253.00 -50.40 -44.29
 254.00 -55.61 -49.24
 255.00 -60.19 -48.31
 256.00 -59.55 -36.44
 257.00 -62.63 -65.36
 258.00 -59.33 -38.33
 259.00 -54.05 -52.17
 260.00 -72.65 -36.84
 261.00 -69.19 -36.29
 262.00 -67.65 -29.40
 263.00 -65.52 -33.66
 264.00 -58.58 -38.80
 1001.00 -68.49 -31.97
 1002.00 -54.30 -37.00
 1003.00 -75.58 -33.40
 1004.00 -73.28 -27.40
 1005.00 -85.23 -21.10
 1006.00 -61.03 -38.05
 1007.00 -57.92 -47.48
 1008.00 -82.32 -35.65
 1009.00 -68.47 -20.84
 1010.00 -55.80 -58.81
 1011.00 -49.68 -41.92
 1012.00 -76.10 -54.63
 1013.00 -47.53 -38.86
 1014.00 -70.50 -42.01
 1015.00 -54.96 -46.92
 1016.00 -74.92 -37.30
 1017.00 -62.03 -39.87
 1018.00 -59.23 -42.14
 1019.00 -63.03 -22.14
 1020.00 -108.05 131.40
 1021.00 -152.51   0.41
 1022.00 -52.55 123.78
 1023.00 -53.38 -32.05
 1024.00 -100.21 -28.30
 1025.00 -69.54 -22.80
 1026.00 -51.13 -45.52
 1027.00 -67.15 -34.93
 1028.00 -70.91 -43.80
 1029.00 -71.72 -37.70
 1030.00 -68.89 -33.95
 1031.00 -70.23 -42.17
 1032.00 -66.11 -33.31
 1033.00 -60.14 -37.03
 1034.00 -49.14 -55.19
 1035.00 -63.75 -45.00
 1036.00 -77.42 -42.55
 1037.00 -81.77 -25.96
 1038.00 -62.90 -43.82
 1039.00 -65.08 -43.56
 1040.00 -98.21 -26.23
 1041.00  53.58 -14.41
 1042.00  97.29  38.62
 1043.00 -49.54  -2.81
 1044.00  79.25 -22.87
 1066.00 -68.42 151.02
 1067.00 -62.76 -21.27
 1068.00 -60.69 -36.49
 1069.00 -83.29 -29.68
 1070.00 -70.24 -23.51
 1071.00 -62.00 -44.34
 1072.00 -57.48 -39.47
 1073.00 -68.22 -42.33
 1074.00 -62.27 -34.51
 1075.00 -57.02 -46.65
 1076.00 -56.76 -48.64
 1077.00 -62.98 -40.58
 1078.00 -67.00 -40.88
 1079.00 -90.90 -20.72
 1080.00 -57.58 -28.95
 1081.00  84.51 -18.84
 1082.00 -98.02  21.84
 1083.00 -65.98  97.31
 1084.00 -65.47 -44.01
 1085.00 -83.84 -27.61
 1086.00 -64.57 -45.72
 1087.00 -51.42 -37.52
 1088.00 -71.26 -45.70
 1089.00 -64.81 -33.68
 1090.00 -75.35 -36.20
 1091.00 -58.89 -40.05
 1092.00 -57.33 -34.39
 1093.00 -111.14 -18.31
 1094.00 -49.50 -15.33
 1095.00 -85.18 -43.56
 1096.00 -51.17 -44.70
 1097.00 -38.70 -36.98
 1098.00 -55.98 -45.29
 1099.00 -69.46 -41.51
 1100.00 -58.03 -49.94
 1101.00 -77.50 -36.35
 1102.00 -66.77 -29.44
 1103.00 -53.55 -41.81
 1104.00 -60.45 -45.08
 1105.00 -55.87 -47.99
 313.00 -55.74 -46.00
 314.00 -71.50 -40.66
 315.00 -69.13 -38.47
 316.00 -72.24 -33.08
 317.00 -65.83 -39.62
 318.00 -64.18 -32.61
 319.00 -48.54 -53.67
 320.00 -71.07 -50.79
 321.00 -47.90 -42.12
 322.00 -60.99 -68.26
 323.00 -60.67 -24.98
 324.00 -67.20 -40.62
 325.00 -51.27 -32.97
 326.00 -65.38 -40.62
 327.00 -64.38 -37.94
 328.00 -74.82 -29.97
 329.00 -81.89 -38.77
 330.00 -71.25 -42.90
 331.00 -69.41 -12.72
 332.00 -75.02 -57.53
 333.00 -57.48 -44.64
 334.00 -85.20 -39.72
 335.00 -76.96 -33.28
 336.00 -57.92 -39.55
 337.00 -50.68 -47.76
 338.00 -61.90 -35.06
 339.00 -62.35 -53.33
 340.00 -57.65 -33.20
 341.00 -69.37 -48.06
 342.00 -69.16 -36.99
 343.00 -79.77 -26.68
 344.00 -60.35 -40.14
 345.00 -69.02 -23.19
 346.00 -89.28 -27.24
 347.00 -74.97 -36.29
 348.00 -89.26 -41.92
 349.00 -94.64 145.83
 350.00 -120.98 -64.75
 351.00 -74.98 -21.15
 352.00 -139.65  -7.89
 353.00 -88.87 132.45
 354.00 -74.15 137.14
 355.00 -60.76 -36.29
 356.00 -54.71 -49.16
 357.00 -67.55 -55.83
 358.00 -69.85 -21.66
 359.00 -65.72 -53.13
 360.00 -63.41 -30.66
 361.00 -59.95 -46.04
 362.00 -62.83 -33.43
 363.00 -69.81 -43.12
 364.00 -69.46 -48.13
 365.00 -67.84 -29.60
 366.00 -79.23 -29.17
 367.00 -56.54 -17.85
 368.00 -62.93 -50.67
 369.00 -62.01 -44.11
 370.00 -63.04 -21.52
 371.00 -64.51 -33.11
 372.00 -55.07 -27.19
 373.00 -142.83 -11.55
 374.00 -116.97  37.89
 375.00 -57.18 -25.08
 376.00 -65.74 -36.25
 377.00 -62.31 -34.36
 378.00 -56.28 -41.53
 379.00 -83.29 -36.77
 380.00 -57.49 -37.75
 381.00 -75.96 -38.81
 382.00 -139.76 -28.77
 383.00 -134.06   2.51
 384.00 -76.06 121.85
 385.00 -57.32 -33.49
 386.00 -69.23 -43.44
 387.00 -69.76 -46.45
 388.00 -62.52 -26.76
 389.00 -63.65 -51.39
 390.00 -71.69 -47.04
 391.00 -59.66 -33.10
 392.00 -70.32 -31.98
 393.00 -64.91 -53.06
 394.00 -79.22 -34.32
 395.00 -102.04  -7.89
 396.00  63.50   6.22
 397.00 -85.53  20.57
 398.00 -58.63  50.08


