 residuo Phi Psi
  69.00 -106.29 126.95
  70.00 -66.06  86.74
  71.00 -56.08 -32.77
  72.00 -70.41 -33.27
  73.00 -79.42 -37.94
  74.00 -71.71 -30.83
  75.00 -56.05 -39.26
  76.00 -65.12 -49.30
  77.00 -71.45 -34.52
  78.00 -58.96 -44.63
  79.00 -67.16 -39.35
  80.00 -66.59 -40.25
  81.00 -60.52 -25.16
  82.00 -67.06 -49.41
  83.00 -65.57 -38.24
  84.00 -55.42 -38.25
  85.00 -65.82 -53.10
  86.00 -69.29 -39.54
  87.00 -75.75 -27.21
  88.00 -57.82 -43.58
  89.00 -76.67 -50.02
  90.00 -42.34 -39.10
  91.00 -79.34 -47.43
  92.00 -60.28 -35.41
  93.00 -66.80 -34.25
  94.00 -60.18 -34.38
  95.00 -63.82 -43.98
  96.00 -66.66 -36.84
  97.00 -68.68 -46.30
  98.00 -57.00 -54.93
  99.00 -58.34 -35.10
 100.00 -90.08 -53.97
 101.00 -68.41 -50.99
 102.00 -56.55 117.94
 103.00 -65.23 -35.93
 104.00 -103.26 -21.38
 105.00 -72.48   5.33
 106.00 -133.01  77.20
 107.00 -67.24 166.07
 108.00 -73.04 -30.08
 109.00 -57.45 -36.53
 110.00 -62.10 -39.33
 111.00 -63.76 -36.61
 112.00 -74.35 -45.97
 113.00 -71.46 -23.07
 114.00 -58.37 -26.57
 115.00 -71.45 -32.81
 116.00 -77.59 -26.97
 117.00 -65.13 -44.71
 118.00 -65.64 -29.73
 119.00 -58.07 -59.56
 120.00 -56.57 -35.41
 121.00 -69.79 -51.80
 122.00 -55.37 -24.58
 123.00 -58.10 -50.31
 124.00 -82.19 -38.75
 125.00 -131.56 -31.46
 126.00 -82.54 -34.39
 127.00 -59.14 -58.33
 128.00 -65.91 -45.35
 129.00 -81.00 -19.60
 130.00 -65.46 -33.29
 131.00 -55.28 -47.26
 132.00 -69.63 -43.91
 133.00 -44.93 -45.99
 134.00 -62.34 -59.13
 135.00 -58.01 -40.98
 136.00 -72.02 -43.35
 137.00  79.80   9.65
 138.00  62.16  46.28
 139.00 -112.01  24.29
 140.00 -70.58 153.95
 141.00 -100.26 119.87
 142.00 -144.22  31.97
 143.00 -56.48 164.84
 144.00 -80.55 164.90
 145.00 -77.24 -40.47
 146.00 -89.59  -1.60
 147.00 -56.74 -11.41
 148.00 -69.10 -59.66
 149.00 -75.17 -22.89
 150.00 -63.30 -37.94
 151.00 -69.99 -59.74
 152.00 -66.83 -16.07
 153.00 -77.33 -36.93
 154.00 -68.15 -29.17
 155.00 -78.15 -30.51
 156.00 -73.87 -41.20
 157.00 -61.52 -39.79
 158.00 -67.21 -52.08
 159.00 -56.94 -38.67
 160.00 -53.00 -55.21
 161.00 -74.27 -34.06
 162.00 -66.51 -45.62
 163.00 -83.34 -31.79
 164.00 -70.01 -32.09
 165.00 -69.41 -35.23
 166.00 -57.57 -39.46
 167.00 -55.11 -57.69
 168.00 -67.71 -45.13
 169.00 -67.94 -33.11
 170.00 -58.58 -45.24
 171.00 -62.47 -47.79
 172.00 -64.74 -39.46
 173.00 -67.81 -43.33
 174.00 -80.10 -28.12
 175.00 -63.48 -35.14
 176.00 -60.38 -40.88
 177.00 -97.82  -6.64
 178.00 -75.41 -12.86
 179.00 -56.39 141.22
 180.00 -129.98 -16.79
 181.00 -71.50  30.83
 182.00 -75.69 -18.72
 183.00 -49.69   4.13
 184.00 -64.60 139.28
 185.00 -109.52 -21.16
 186.00 -162.20 148.14
 187.00 -115.07 159.61
 188.00 -63.27 119.97
 189.00 -72.26 -25.95
 190.00 -53.15 -61.23
 191.00 -50.81 -45.78
 192.00 -70.45 -42.48
 193.00 -48.19 -51.09
 194.00 -61.78 -40.02
 195.00 -57.91 -50.31
 196.00 -59.62 -45.53
 197.00 -65.83 -46.58
 198.00 -75.99 -19.21
 199.00 -55.14 -51.08
 200.00 -58.17 -42.26
 201.00 -55.28 -50.10
 202.00 -65.64 -44.50
 203.00 -67.49 -37.01
 204.00 -61.65 -43.86
 205.00 -62.01 -39.48
 206.00 -95.04 -39.12
 207.00 -66.78 -22.61
 208.00 -53.02 -11.83
 209.00 -72.12 -29.45
 210.00 -62.45 -64.32
 211.00 -88.39  -9.77
 212.00 -75.60 -47.62
 213.00 -70.48 -29.06
 214.00 -85.30 -36.47
 215.00 -66.70 -19.17
 216.00 -158.05 -42.89
 217.00 -75.32 127.74
 218.00 -67.14 -27.20
 219.00 -79.80 -10.97
 220.00 -116.43 -25.54
 221.00 -129.89   4.35
 222.00 -148.29 134.43
 223.00  40.62 127.38
 224.00  76.75  32.51
 225.00 -144.49  41.92
 226.00 -73.67 146.98
 227.00 -162.98 111.62
 228.00 -55.24 147.35
 229.00 -82.63  90.92
 230.00 -77.01 -18.62
 231.00 -54.49 133.24
 232.00 -58.10 -47.72
 233.00 -55.86 -44.08
 234.00 -113.17 -24.46
 235.00 -77.72 -20.69
 236.00 -122.06 -38.20
 237.00 -49.51 -45.27
 238.00 -61.20 -35.03
 239.00 -61.71 -40.57
 240.00 -75.54 -50.77
 241.00 -86.24 -27.35
 242.00 -153.61  -3.77
 243.00 -68.15 -65.76
 244.00 -74.12 -29.68
 245.00 -68.10 -51.64
 246.00 -61.22 -26.73
 247.00 -60.92 -55.07
 248.00 -74.78 -29.04
 249.00 -48.32 -50.71
 250.00 -74.08 -61.95
 251.00 -60.83 -40.73
 252.00 -63.78 -40.47
 253.00 -59.46 -33.03
 254.00 -48.41 -56.08
 255.00 -65.02 -53.29
 256.00 -63.26 -28.54
 257.00 -61.64 -60.02
 258.00 -64.80 -31.75
 259.00 -58.60 -50.87
 260.00 -63.98 -43.19
 261.00 -59.51 -32.23
 262.00 -77.99 -44.36
 263.00 -53.49 -39.86
 264.00 -71.67 -41.94
 1001.00 -64.63 -41.09
 1002.00 -64.88 -27.31
 1003.00 -66.66 -39.11
 1004.00 -55.36 -40.80
 1005.00 -74.89 -38.66
 1006.00 -54.07 -36.18
 1007.00 -66.30 -31.76
 1008.00 -66.16 -50.27
 1009.00 -68.54 -29.91
 1010.00 -61.19 -37.47
 1011.00 -62.27 -42.00
 1012.00 -76.09 -37.48
 1013.00 -59.02 -28.70
 1014.00 -68.70 -39.35
 1015.00 -58.59 -37.13
 1016.00 -61.82 -50.73
 1017.00 -72.44 -31.16
 1018.00 -67.03 -33.56
 1019.00 -59.14 -44.98
 1020.00 -80.68 143.93
 1021.00 -146.97 -39.51
 1022.00 -46.21 159.23
 1023.00 -71.66 -49.54
 1024.00 -67.71 -23.77
 1025.00 -82.44 -33.35
 1026.00 -56.49 -30.11
 1027.00 -65.15 -50.29
 1028.00 -52.29 -48.44
 1029.00 -59.13 -58.87
 1030.00 -69.54 -31.39
 1031.00 -64.00 -34.19
 1032.00 -47.17 -45.93
 1033.00 -53.38 -51.02
 1034.00 -70.03 -48.01
 1035.00 -59.74 -33.92
 1036.00 -71.40 -50.23
 1037.00 -64.52 -23.28
 1038.00 -72.99 -49.78
 1039.00 -71.53 -25.35
 1040.00 -89.93 -33.08
 1041.00  55.72 -29.65
 1042.00  72.39  27.35
 1043.00 -70.49  19.84
 1044.00  76.62   5.96
 1066.00 -90.51 145.80
 1067.00 -67.87  14.95
 1068.00 -66.21 -32.34
 1069.00 -79.13 -26.31
 1070.00 -58.26 -45.22
 1071.00 -72.33 -27.42
 1072.00 -44.92 -49.16
 1073.00 -71.36 -39.01
 1074.00 -77.66 -28.52
 1075.00 -62.14 -31.61
 1076.00 -55.64 -28.24
 1077.00 -77.42 -45.79
 1078.00 -59.22 -37.39
 1079.00 -72.18 -39.92
 1080.00 -94.23 -10.33
 1081.00  79.50  -3.62
 1082.00 -83.49   3.05
 1083.00 -79.59  79.13
 1084.00 -68.44 -38.24
 1085.00 -69.92 -30.66
 1086.00 -62.49 -40.10
 1087.00 -58.67 -40.65
 1088.00 -76.84 -38.82
 1089.00 -79.68 -19.32
 1090.00 -70.57 -34.07
 1091.00 -67.50 -16.66
 1092.00 -75.79 -40.23
 1093.00 -61.88 -32.15
 1094.00 -59.25 -31.59
 1095.00 -47.94 -65.72
 1096.00 -74.85 -33.08
 1097.00 -61.89 -38.08
 1098.00 -49.56 -50.86
 1099.00 -98.03 -31.52
 1100.00 -78.57 -31.27
 1101.00 -60.02 -43.53
 1102.00 -67.58 -31.49
 1103.00 -64.84 -44.51
 1104.00 -60.00 -35.63
 1105.00 -68.18 -39.40
 313.00 -62.64 -45.98
 314.00 -70.83 -40.86
 315.00 -73.15 -24.70
 316.00 -76.44 -25.82
 317.00 -65.06 -28.47
 318.00 -61.39 -44.31
 319.00 -70.60 -46.25
 320.00 -67.46 -39.61
 321.00 -82.62 -23.81
 322.00 -65.02 -25.79
 323.00 -64.32 -45.29
 324.00 -64.71 -37.11
 325.00 -58.06 -41.19
 326.00 -59.68 -42.97
 327.00 -53.50 -59.08
 328.00 -45.95 -42.58
 329.00 -70.63 -47.34
 330.00 -61.99 -42.97
 331.00 -73.52 -32.17
 332.00 -69.69 -45.14
 333.00 -73.06 -45.75
 334.00 -76.71 -25.15
 335.00 -84.25 -41.56
 336.00 -71.99 -25.09
 337.00 -64.69 -38.03
 338.00 -54.53 -33.33
 339.00 -75.71 -46.58
 340.00 -54.72 -44.55
 341.00 -75.34 -45.89
 342.00 -46.67 -33.72
 343.00 -63.67 -48.33
 344.00 -63.88 -39.53
 345.00 -66.99 -40.85
 346.00 -76.90 -16.25
 347.00 -86.35 -30.08
 348.00 -91.60 -36.38
 349.00 -151.37 149.39
 350.00 -76.52 -58.69
 351.00 -84.93 -32.22
 352.00 -141.64  -4.27
 353.00 -98.35 145.00
 354.00 -69.01 130.42
 355.00 -68.38 -27.74
 356.00 -94.15 -23.18
 357.00 -62.94 -37.55
 358.00 -60.16 -45.33
 359.00 -65.32 -43.60
 360.00 -63.09 -30.60
 361.00 -70.71 -74.47
 362.00 -65.41 -27.55
 363.00 -99.54 -19.47
 364.00 -48.22 -50.95
 365.00 -58.27 -37.95
 366.00 -74.59 -35.57
 367.00 -65.94 -25.84
 368.00 -45.27 -37.96
 369.00 -73.76 -51.77
 370.00 -66.63 -17.26
 371.00 -58.90 -32.69
 372.00 -79.02 -20.54
 373.00 -118.86 -13.28
 374.00 -104.56  10.58
 375.00 -61.85 -40.50
 376.00 -57.85 -27.94
 377.00 -60.43 -41.48
 378.00 -66.50 -52.29
 379.00 -62.92 -38.68
 380.00 -76.57 -33.57
 381.00 -64.10 -36.53
 382.00 -118.19 -55.94
 383.00 -153.61  20.36
 384.00 -62.31 111.70
 385.00 -65.14 -35.55
 386.00 -62.32 -52.64
 387.00 -51.92 -42.50
 388.00 -57.07 -54.83
 389.00 -72.37 -35.61
 390.00 -41.22 -61.97
 391.00 -52.21 -43.07
 392.00 -69.86 -57.62
 393.00 -68.64 -31.65
 394.00 -82.68 -35.20
 395.00 -85.83 -14.83
 396.00  59.68  -0.52
 397.00 -80.89  14.57
 398.00  52.24 -42.85


