 residuo Phi Psi
  69.00 -117.56 134.62
  70.00 -146.02 178.15
  71.00 -63.07 -21.42
  72.00 -65.99 -45.59
  73.00 -64.05 -34.80
  74.00 -59.40 -51.90
  75.00 -75.86 -36.56
  76.00 -62.53 -38.77
  77.00 -70.43 -32.78
  78.00 -47.96 -52.76
  79.00 -65.49 -54.72
  80.00 -69.63 -40.51
  81.00 -48.41 -30.40
  82.00 -70.59 -42.40
  83.00 -66.68 -27.54
  84.00 -68.56 -37.36
  85.00 -66.57 -46.80
  86.00 -44.24 -52.54
  87.00 -61.33 -52.20
  88.00 -66.92 -41.69
  89.00 -55.31 -51.34
  90.00 -63.09 -38.79
  91.00 -70.97 -58.11
  92.00 -69.99 -23.79
  93.00 -62.04 -29.62
  94.00 -54.79 -47.68
  95.00 -57.66 -46.90
  96.00 -58.32 -41.64
  97.00 -56.67 -60.06
  98.00 -70.43 -45.45
  99.00 -75.46 -24.01
 100.00 -99.97 -35.80
 101.00 -113.66 -29.80
 102.00 -59.27 119.89
 103.00 -72.55 -45.57
 104.00 -114.72  10.81
 105.00 -79.41  -3.58
 106.00 -159.45  91.83
 107.00 -58.21 154.99
 108.00 -63.25 -43.76
 109.00 -64.75 -37.82
 110.00 -81.49 -14.21
 111.00 -70.03 -38.27
 112.00 -69.88 -40.12
 113.00 -66.45 -34.63
 114.00 -62.57 -32.19
 115.00 -63.24 -49.36
 116.00 -64.39 -35.99
 117.00 -62.46 -51.21
 118.00 -58.06 -37.57
 119.00 -67.01 -46.93
 120.00 -72.17 -28.30
 121.00 -73.22 -41.58
 122.00 -59.88 -30.27
 123.00 -85.79 -30.80
 124.00 -76.11 -25.68
 125.00 -116.33 -43.78
 126.00 -76.31 -46.05
 127.00 -65.67 -53.35
 128.00 -58.73 -43.12
 129.00 -62.06 -42.86
 130.00 -59.50 -43.08
 131.00 -62.84 -48.48
 132.00 -77.93 -35.87
 133.00 -67.92 -19.54
 134.00 -55.93 -42.84
 135.00 -51.37 -53.83
 136.00 -71.50 -40.20
 137.00  80.12   2.74
 138.00  64.63  48.01
 139.00 -136.34  33.19
 140.00 -57.04 143.02
 141.00 -76.39 112.19
 142.00 -141.35   5.30
 143.00 -50.12 168.13
 144.00 -65.24 145.74
 145.00 -59.87 -37.45
 146.00 -85.53 -17.28
 147.00 -67.46  -1.48
 148.00 -52.32 -57.72
 149.00 -74.70 -44.53
 150.00 -91.48  -5.28
 151.00 -59.41 -39.89
 152.00 -46.98 -34.11
 153.00 -69.88 -47.88
 154.00 -56.63 -32.61
 155.00 -58.41 -63.33
 156.00 -52.20 -42.29
 157.00 -63.69 -62.98
 158.00 -65.50 -27.49
 159.00 -63.23 -52.31
 160.00 -64.06 -47.49
 161.00 -61.36 -27.04
 162.00 -81.35 -64.47
 163.00 -70.55 -24.01
 164.00 -58.99 -36.19
 165.00 -57.86 -44.31
 166.00 -71.67 -36.53
 167.00 -63.43 -39.37
 168.00 -77.38 -41.36
 169.00 -65.77 -24.35
 170.00 -59.60 -52.33
 171.00 -65.74 -37.38
 172.00 -74.55 -35.92
 173.00 -61.96 -40.57
 174.00 -69.56 -39.29
 175.00 -68.71 -40.56
 176.00 -56.50 -46.59
 177.00 -77.37 -28.93
 178.00 -78.23  -9.89
 179.00 -49.71 140.98
 180.00 -131.36 -20.57
 181.00 -72.06  19.49
 182.00 -71.75 -11.38
 183.00 -72.92  17.80
 184.00 -65.53 168.62
 185.00 -93.36 -51.25
 186.00 -153.62 149.65
 187.00 -77.82 153.74
 188.00 -66.45 132.09
 189.00 -59.89 -37.99
 190.00 -67.97 -41.20
 191.00 -64.07 -40.56
 192.00 -69.49 -45.85
 193.00 -54.20 -48.72
 194.00 -79.71 -33.30
 195.00 -49.20 -36.95
 196.00 -72.77 -52.22
 197.00 -55.83 -34.53
 198.00 -61.60 -47.40
 199.00 -54.43 -43.72
 200.00 -71.03 -50.40
 201.00 -67.30 -24.39
 202.00 -58.60 -45.18
 203.00 -51.54 -42.60
 204.00 -49.93 -58.35
 205.00 -78.32 -35.82
 206.00 -77.76 -38.67
 207.00 -40.17 -23.48
 208.00 -57.79 -34.95
 209.00 -76.22 -30.22
 210.00 -64.52 -42.26
 211.00 -55.68 -38.29
 212.00 -89.78 -38.78
 213.00 -64.88 -41.90
 214.00 -84.91 -29.96
 215.00 -109.03  -2.75
 216.00 -148.70 -25.28
 217.00 -48.34 114.83
 218.00 -55.97 -44.11
 219.00 -82.80 -16.96
 220.00 -128.42  -9.97
 221.00 -127.99   0.02
 222.00 -147.84 130.76
 223.00  44.76 122.95
 224.00  62.80  62.13
 225.00 -79.93 -11.94
 226.00 -94.63 154.97
 227.00 -144.30  92.82
 228.00 -74.21 145.77
 229.00 -92.17  90.00
 230.00 -74.40  -8.18
 231.00 -69.51 123.53
 232.00 -56.77 -18.07
 233.00 -66.19 -31.26
 234.00 -114.17 -25.30
 235.00 -84.90 -21.38
 236.00 -138.73 -14.77
 237.00 -59.52 -55.41
 238.00 -64.68 -28.14
 239.00 -72.29 -29.22
 240.00 -69.50 -45.81
 241.00 -91.31 -20.90
 242.00 -147.75 -13.48
 243.00 -65.69 -78.93
 244.00 -75.11 -22.74
 245.00 -60.95 -54.02
 246.00 -54.45 -33.70
 247.00 -80.76 -47.52
 248.00 -57.54 -40.12
 249.00 -58.97 -53.12
 250.00 -59.46 -50.29
 251.00 -83.54 -35.47
 252.00 -66.60 -33.11
 253.00 -62.82 -30.82
 254.00 -57.21 -54.59
 255.00 -74.65 -42.88
 256.00 -72.78 -15.11
 257.00 -63.72 -59.15
 258.00 -57.37 -35.05
 259.00 -57.62 -53.03
 260.00 -82.78 -32.22
 261.00 -55.92 -41.64
 262.00 -68.90 -36.03
 263.00 -62.27 -39.94
 264.00 -72.67 -38.08
 1001.00 -69.72 -35.76
 1002.00 -64.91 -19.43
 1003.00 -66.84 -29.80
 1004.00 -73.12 -41.59
 1005.00 -62.18 -32.11
 1006.00 -58.40 -45.20
 1007.00 -67.85 -40.53
 1008.00 -67.76 -34.37
 1009.00 -72.72 -32.56
 1010.00 -78.68 -42.62
 1011.00 -76.46 -22.77
 1012.00 -70.98 -38.34
 1013.00 -62.92 -30.35
 1014.00 -66.02 -46.88
 1015.00 -60.91 -23.53
 1016.00 -65.49 -59.32
 1017.00 -44.99 -40.75
 1018.00 -97.83 -45.33
 1019.00 -59.32 -11.57
 1020.00 -73.54 120.51
 1021.00 -103.32 -49.78
 1022.00 -62.25 151.49
 1023.00 -57.69 -36.00
 1024.00 -64.75 -40.04
 1025.00 -51.28 -49.98
 1026.00 -72.25 -35.35
 1027.00 -57.58 -44.65
 1028.00 -62.96 -47.69
 1029.00 -68.05 -35.75
 1030.00 -73.96 -32.13
 1031.00 -49.69 -40.50
 1032.00 -60.25 -57.41
 1033.00 -77.05 -28.35
 1034.00 -64.79 -48.71
 1035.00 -70.83 -24.04
 1036.00 -72.93 -45.85
 1037.00 -80.60 -23.79
 1038.00 -53.04 -35.07
 1039.00 -48.81 -52.71
 1040.00 -53.35 -63.09
 1041.00  54.25 -53.56
 1042.00 121.24  51.11
 1043.00 -94.50   6.12
 1044.00  55.91 -21.88
 1066.00 -67.90 155.75
 1067.00 -49.99 -24.85
 1068.00 -59.51 -40.92
 1069.00 -76.48 -21.14
 1070.00 -64.69 -44.18
 1071.00 -74.62 -25.82
 1072.00 -64.05 -40.65
 1073.00 -63.47 -39.21
 1074.00 -65.16 -31.54
 1075.00 -59.37 -51.38
 1076.00 -62.30 -23.41
 1077.00 -69.02 -50.61
 1078.00 -64.22 -35.73
 1079.00 -69.38 -49.10
 1080.00 -85.62 -18.12
 1081.00  74.19   3.97
 1082.00 -81.54   4.72
 1083.00 -51.92  59.35
 1084.00 -67.56 -47.52
 1085.00 -65.49 -36.49
 1086.00 -50.37 -43.85
 1087.00 -71.55 -44.32
 1088.00 -58.04 -34.77
 1089.00 -75.51 -42.75
 1090.00 -79.27 -28.37
 1091.00 -63.00 -42.64
 1092.00 -56.43 -32.51
 1093.00 -73.45 -23.22
 1094.00 -47.84 -19.44
 1095.00 -60.91 -54.96
 1096.00 -60.56 -47.67
 1097.00 -51.02 -44.05
 1098.00 -65.24 -46.08
 1099.00 -80.50 -43.65
 1100.00 -61.58 -25.88
 1101.00 -59.24 -53.37
 1102.00 -57.15 -41.81
 1103.00 -84.00 -35.52
 1104.00 -47.55 -41.63
 1105.00 -57.67 -51.48
 313.00 -67.03 -38.89
 314.00 -80.53 -34.11
 315.00 -52.31 -36.40
 316.00 -74.64 -30.54
 317.00 -61.81 -32.21
 318.00 -75.75 -32.65
 319.00 -47.14 -52.93
 320.00 -63.75 -45.55
 321.00 -63.85 -43.37
 322.00 -66.32 -35.70
 323.00 -68.66 -41.46
 324.00 -63.31 -33.76
 325.00 -61.91 -46.66
 326.00 -68.99 -26.30
 327.00 -70.86 -37.06
 328.00 -58.48 -35.90
 329.00 -84.66 -35.57
 330.00 -72.16 -45.31
 331.00 -65.58 -27.81
 332.00 -57.72 -56.74
 333.00 -61.78 -49.45
 334.00 -72.42 -34.35
 335.00 -94.25 -37.78
 336.00 -58.65 -15.48
 337.00 -54.92 -45.07
 338.00 -55.77 -43.35
 339.00 -69.68 -52.62
 340.00 -62.17 -43.33
 341.00 -55.82 -49.06
 342.00 -70.30 -28.30
 343.00 -66.83 -40.78
 344.00 -52.11 -47.27
 345.00 -65.95 -45.71
 346.00 -87.40 -15.28
 347.00 -83.77 -34.47
 348.00 -93.73 -39.71
 349.00 -154.42 147.90
 350.00 -80.69 -50.97
 351.00 -77.28 -34.41
 352.00 -151.39  -4.97
 353.00 -115.78 157.92
 354.00 -60.05 128.47
 355.00 -59.69 -14.24
 356.00 -72.65 -57.08
 357.00 -54.56 -34.67
 358.00 -41.65 -53.99
 359.00 -64.28 -57.96
 360.00 -70.20 -34.43
 361.00 -68.89 -41.32
 362.00 -77.67 -28.58
 363.00 -99.03  -6.18
 364.00 -59.93 -45.73
 365.00 -74.84 -35.01
 366.00 -73.69 -36.52
 367.00 -80.76 -15.84
 368.00 -54.44 -32.83
 369.00 -79.02 -44.89
 370.00 -61.62 -19.04
 371.00 -63.35 -36.74
 372.00 -69.55 -26.24
 373.00 -82.67 -28.31
 374.00 -82.19 -16.79
 375.00 -63.04 -28.47
 376.00 -51.46 -39.89
 377.00 -64.85 -43.82
 378.00 -53.48 -48.07
 379.00 -74.18 -38.32
 380.00 -49.18 -43.28
 381.00 -62.61 -41.63
 382.00 -111.25 -53.13
 383.00 -114.47 -19.02
 384.00 -60.67 101.31
 385.00 -54.87 -36.64
 386.00 -59.89 -52.45
 387.00 -54.61 -48.11
 388.00 -62.19 -47.19
 389.00 -60.78 -44.54
 390.00 -68.27 -39.22
 391.00 -60.94 -40.52
 392.00 -66.71 -36.70
 393.00 -66.01 -39.15
 394.00 -59.11 -49.71
 395.00 -96.14 -26.27
 396.00  47.58  17.56
 397.00 -82.02  22.49
 398.00 -55.68  37.17


