 residuo Phi Psi
 669.00 -58.99  86.37
 670.00 -85.09 152.49
 671.00 -68.96  60.94
 672.00 -70.80  -1.27
 673.00 -60.10 -22.89
 674.00 -84.08 -27.22
 675.00 -80.46 -12.03
 676.00 -67.35 -51.20
 677.00 -61.19 -42.14
 678.00 -65.14 -42.70
 679.00 -96.61 -24.74
 680.00 -62.11   3.91
 681.00 -66.81 145.51
 682.00 -58.26 134.32
 683.00 -69.66 -163.51
 684.00 -140.08 151.09
 685.00 -90.08 119.84
 686.00 -84.18 149.47
 687.00  76.51 -16.41
 688.00 -82.72  31.00
 689.00 -83.83 143.36
 690.00 -118.25 134.54
 691.00 -82.52  -0.01
 692.00 -55.53 -32.31
 693.00 -73.58 160.18
 694.00 -76.97 148.24
 695.00 -161.67 151.69
 696.00 -65.71 167.07
 697.00 -62.72 -44.53
 698.00 -74.46 -49.28
 699.00 -68.62 -36.42
 700.00 -69.54 -51.37
 701.00 -66.96 -37.64
 702.00 -72.27 -34.35
 703.00 -61.33 -41.06
 704.00 -69.95 -35.97
 705.00 -74.55 -36.76
 706.00 -71.13 -26.56
 707.00 -67.16 -34.07
 708.00 -71.00 -30.04
 709.00 -60.82 -45.37
 710.00 -65.98 -41.40
 711.00 -73.15 -27.78
 712.00 -51.52 -43.54
 713.00 -66.80 -49.37
 714.00 -71.10 -34.27
 715.00 -63.66 -39.12
 716.00 -61.56 -44.92
 717.00 -76.90 -34.38
 718.00 -66.94 -36.82
 719.00 -58.72 -35.37
 720.00 -91.25 -39.32
 721.00 -63.36 -10.85
 722.00 -76.60 146.32
 723.00  86.09 136.89
 724.00 -49.08 -12.66
 725.00 -78.78 -32.57
 726.00 -72.66  10.18
 727.00 -82.59 -23.80
 728.00 -63.19 143.15
 729.00 -48.62 141.34
 730.00 -62.58 -36.15
 731.00 -58.39 -47.92
 732.00 -72.10 -34.46
 733.00 -67.09 -46.40
 734.00 -58.47 -34.14
 735.00 -61.52 -64.74
 736.00 -60.06 -30.80
 737.00 -80.80 -37.50
 738.00 -112.37  -3.35
 739.00 -89.57 -20.96
 740.00 -67.67  -6.12
 741.00 -72.73 -38.52
 742.00 -49.44 -49.42
 743.00 -57.15 -53.35
 744.00 -71.04 -50.56
 745.00 -63.85 -35.44
 746.00 -50.51 -47.46
 747.00 -72.81 -42.28
 748.00 -61.39 -47.36
 749.00 -58.88 -38.82
 750.00 -67.06 -48.71
 751.00 -70.69 -33.27
 752.00 -75.61 -25.37
 753.00 -63.27 -37.84
 754.00 -90.59 -44.30
 755.00 -131.11  -1.22
 756.00 -149.69 -26.56
 757.00  43.58  27.82
 758.00  64.30  29.76
 759.00 -84.53  11.94
 760.00 -138.88 -11.57
 761.00 -124.94 164.68
 762.00 -109.54 130.63
 763.00 -53.88  53.74
 764.00 -161.05 -43.81
 765.00 -59.56 151.38
 766.00 -90.59 -30.07
 767.00 -140.20   1.62
 768.00 -81.86  55.27
 769.00 -72.42 121.98
 770.00 -139.78 161.66
 771.00 -49.03 -179.59
 772.00 -64.20 -45.45
 773.00 -69.34 -37.89
 774.00 -64.14 -28.13
 775.00 -74.39 -44.40
 776.00 -75.77 -40.22
 777.00 -91.91 -17.81
 778.00  42.37   1.89
 779.00 -123.77  40.99
 780.00 -59.62  41.38
 781.00 -69.07 -48.01
 782.00 -60.43 -38.53
 783.00 -63.41 -36.55
 784.00 -52.63 -50.60
 785.00 -63.00 -49.73
 786.00 -75.38 -30.92
 787.00 -67.11 -34.20
 788.00 -70.00 -27.36
 789.00 -69.99 -46.63
 790.00 -64.47 -43.90
 791.00 -64.45 -43.94
 792.00 -49.51 -16.01
 793.00 -58.88 -40.22
 794.00 -75.40 -45.77
 795.00 -60.03 -45.05
 796.00 -86.51 -37.94
 797.00  64.22 -11.25
 798.00 -55.26  32.56
 799.00 -92.33 142.70
 800.00 -57.17 162.41
 801.00 -68.25 -37.40
 802.00 -63.52 -39.87
 803.00 -58.73 -46.94
 804.00 -50.09 -56.90
 805.00 -81.59 -37.23
 806.00 -68.16 -38.25
 807.00 -57.17 -36.07
 808.00 -60.89 -45.63
 809.00 -87.29 -20.91
 810.00 -60.60 -25.97
 811.00 -58.65 -21.84
 812.00 -111.79 -32.70
 813.00 -125.81  29.05
 814.00 -163.24  19.13
 815.00 -165.25 132.29
 816.00 -61.90 159.86
 817.00 -59.89 159.51
 818.00 -84.89 -28.74
 819.00  68.93  -0.51
 820.00 -87.36 -174.83
 821.00 -66.42 163.48
 822.00 -118.09 -25.06
 823.00 -77.12 108.41
 824.00 -61.48 -38.95
 825.00 -54.62 -31.93
 826.00 -59.69 -50.59
 827.00 -58.00 -43.59
 828.00 -65.64 -48.32
 829.00 -70.66 -35.26
 830.00 -55.19 -43.92
 831.00 -65.00 -46.77
 832.00 -54.09 -42.56
 833.00 -79.56 -40.45
 834.00 -62.63 -28.08
 835.00 -70.18 -39.68
 836.00 -86.98 -21.81
 837.00 -66.99 -28.88
 838.00 -53.56 -61.94
 839.00 -59.06 -25.70
 840.00 -128.27 -29.40
 841.00 -58.84   8.28
 842.00 -74.04 145.67
 843.00 -143.29  93.35
 844.00 -62.21 149.58
 845.00 -62.06  90.15
 846.00 -69.00  -4.35
 847.00 -124.81 -34.43
 848.00 -47.61 103.66
 849.00 -51.22 -28.80
 850.00 -70.76 -30.14
 851.00 -68.23 -41.26
 852.00 -64.34 -32.94
 853.00 -35.02 -47.13
 854.00 -62.41 -71.83
 855.00 -55.59 -40.86
 856.00 -65.64 -35.62
 857.00 -72.58 -34.67
 858.00 -75.87 -30.16
 859.00 -69.97 -43.61
 860.00 -63.88 -32.74
 861.00 -63.35 -37.76
 862.00 -64.21 -53.47
 863.00 -67.16 -29.18
 864.00 -49.51 -44.15
 865.00 -82.41 -13.20
 866.00 -49.05 -50.37
 867.00 -79.86 -34.63
 868.00 -71.13 -25.79
 869.00 -67.57 -34.39
 870.00 -60.56 -48.26
 871.00 -52.77 -47.46
 872.00 -69.40 -47.78
 873.00 -59.90 -32.38
 874.00 -81.87 -35.60
 875.00 -72.25 -36.17
 876.00 -75.51 -36.22
 877.00 -66.74 -29.39
 878.00 -57.75 -50.97
 879.00 -103.57 -13.91
 880.00 -56.32 -45.81
 881.00 -53.64 -44.77
 882.00 -109.25 -23.80
 883.00 -57.11  14.13
 884.00 -76.95 -31.46
 885.00 -55.28 -42.69
 886.00 -102.51 -38.51
 887.00  56.01  -5.73
 888.00 -91.78  41.84
 889.00 -88.55 118.61
 890.00 -122.77 139.65
 891.00 -60.54 126.23
 892.00 -66.33 148.65
 893.00 -55.89 -33.33
 894.00 -73.37 -48.91
 895.00 -57.09 -45.88
 896.00 -75.37 -29.38
 897.00 -56.77 -49.48
 898.00 -78.15 -34.67
 899.00 -77.91 -42.97
 900.00 -127.93 -20.71
 901.00 -74.66 -55.49
 902.00 -58.10 -41.03
 903.00 -69.09 -40.25
 904.00 -63.43 -11.40
 905.00 -76.94 -34.40
 906.00 -58.38 -48.94
 907.00 -82.15 -39.50
 908.00  78.57   6.69
 909.00 -73.32   7.53
 910.00 -121.85 -18.01
 911.00 -121.42 138.74
 912.00 -74.02 149.15
 913.00 -85.28 140.10
 914.00 -111.88 138.05
 915.00 -61.33 140.44
 916.00 -72.75 -66.10
 917.00 -163.06 130.18


