 residuo Phi Psi
 669.00 -67.78 155.26
 670.00 -67.15 174.52
 671.00 -72.37 143.29
 672.00 -51.16 -20.38
 673.00 -76.42 -37.88
 674.00 -85.35 -19.46
 675.00 -65.79 -29.62
 676.00 -70.13 -44.71
 677.00 -73.34 -23.57
 678.00 -75.93 -45.24
 679.00 -119.59   4.94
 680.00 -70.15  -3.57
 681.00 -62.60 139.08
 682.00 -72.73 131.68
 683.00 -76.71 177.14
 684.00 -147.29 159.83
 685.00 -71.62 131.22
 686.00 -83.04 152.66
 687.00  85.87 -23.68
 688.00 -74.18  23.63
 689.00 -96.67 133.75
 690.00 -66.70 110.57
 691.00 -93.37  -7.26
 692.00 -94.29 -12.82
 693.00 -62.04 142.49
 694.00 -81.11 148.00
 695.00 -159.73 147.42
 696.00 -60.43 144.58
 697.00 -64.47 -59.62
 698.00 -76.46 -26.79
 699.00 -53.90 -49.96
 700.00 -68.52 -54.20
 701.00 -76.37 -33.87
 702.00 -65.17 -38.26
 703.00 -76.62 -17.40
 704.00 -61.81 -43.99
 705.00 -57.80 -44.32
 706.00 -59.21 -53.64
 707.00 -52.96 -39.35
 708.00 -78.89 -40.85
 709.00 -74.30 -19.31
 710.00 -68.11 -47.82
 711.00 -53.46 -34.73
 712.00 -75.11 -33.70
 713.00 -65.89 -45.29
 714.00 -57.00 -42.30
 715.00 -61.28 -50.99
 716.00 -52.77 -52.31
 717.00 -68.55 -42.50
 718.00 -59.77 -41.97
 719.00 -61.25 -41.82
 720.00 -75.36 -33.20
 721.00 -68.39 -24.12
 722.00 -64.88 156.31
 723.00  86.95 131.83
 724.00 -71.46 -17.49
 725.00 -64.35 -26.49
 726.00 -62.40 -13.15
 727.00 -77.38 -25.48
 728.00 -61.35 140.70
 729.00 -55.16 143.29
 730.00 -62.44 -31.22
 731.00 -66.95 -44.19
 732.00 -57.93 -38.53
 733.00 -46.57 -56.65
 734.00 -72.91 -28.03
 735.00 -61.45 -62.05
 736.00 -60.15 -34.48
 737.00 -59.83 -64.69
 738.00 -86.28 -34.36
 739.00 -91.79 -18.61
 740.00 -40.41 -26.36
 741.00 -56.14 -58.99
 742.00 -69.26 -44.73
 743.00 -64.53 -35.60
 744.00 -55.96 -53.12
 745.00 -83.60 -32.05
 746.00 -63.07 -45.82
 747.00 -59.10 -43.77
 748.00 -67.96 -38.09
 749.00 -54.99 -41.50
 750.00 -50.98 -54.17
 751.00 -57.18 -56.66
 752.00 -68.90 -36.90
 753.00 -45.92 -49.28
 754.00 -72.48 -57.57
 755.00 -91.97 -39.87
 756.00 -134.71 -34.71
 757.00  49.21  15.99
 758.00  57.16  40.49
 759.00 -75.94  20.77
 760.00 -133.97 -29.14
 761.00 -73.85 154.90
 762.00 -99.59 118.29
 763.00 -59.74  60.28
 764.00 -147.74 -47.23
 765.00 -58.09 162.90
 766.00 -89.31 -21.99
 767.00 -67.09 -61.24
 768.00 -79.65  48.09
 769.00 -115.35 137.35
 770.00 -90.13 111.83
 771.00 -46.11 167.16
 772.00 -74.21 -30.07
 773.00 -73.91 -40.31
 774.00 -48.04 -35.34
 775.00 -67.95 -51.57
 776.00 -74.51 -44.41
 777.00 -67.87 -33.75
 778.00  59.93   2.24
 779.00 -118.21  18.24
 780.00 -68.96  30.01
 781.00 -44.72 -46.38
 782.00 -70.60 -45.16
 783.00 -60.60 -48.01
 784.00 -58.50 -33.09
 785.00 -61.54 -49.81
 786.00 -75.81 -29.33
 787.00 -53.78 -42.69
 788.00 -66.99 -52.02
 789.00 -50.18 -41.55
 790.00 -63.15 -48.83
 791.00 -59.97 -41.78
 792.00 -68.48 -33.49
 793.00 -57.48 -28.64
 794.00 -90.19 -38.42
 795.00 -65.66 -29.95
 796.00 -91.20 -28.41
 797.00  61.54 -11.62
 798.00 -75.37  51.89
 799.00 -99.44 134.77
 800.00 -70.03 161.06
 801.00 -67.58 -27.11
 802.00 -65.73 -34.30
 803.00 -64.97 -43.51
 804.00 -65.65 -43.79
 805.00 -77.82 -45.16
 806.00 -67.89 -31.51
 807.00 -61.58 -48.13
 808.00 -57.04 -33.97
 809.00 -65.68 -45.11
 810.00 -72.96 -25.96
 811.00 -63.16 -22.16
 812.00 -107.25 -32.53
 813.00 -126.37  41.08
 814.00 -151.05  -0.87
 815.00 -140.91 119.88
 816.00 -56.70 165.68
 817.00 -59.47 164.36
 818.00 -74.21 -37.15
 819.00  86.32 -23.18
 820.00 -76.25 -165.14
 821.00 -66.88 168.89
 822.00 -80.59 -55.31
 823.00 -65.79  35.36
 824.00 -57.40 -22.27
 825.00 -86.05 -43.12
 826.00 -60.19 -24.91
 827.00 -77.60 -43.98
 828.00 -70.75 -21.87
 829.00 -83.86 -29.04
 830.00 -52.52 -47.18
 831.00 -66.48 -41.83
 832.00 -68.69 -41.71
 833.00 -64.18 -30.57
 834.00 -52.66 -60.96
 835.00 -67.22 -42.28
 836.00 -68.78 -35.45
 837.00 -57.51 -47.10
 838.00 -51.44 -48.21
 839.00 -132.64  -2.02
 840.00 -126.86   2.91
 841.00 -60.07  -2.57
 842.00 -93.02 140.55
 843.00 -124.68  60.24
 844.00 -74.34 157.99
 845.00 -52.87 120.83
 846.00 -66.32 -33.46
 847.00 -138.68 -12.96
 848.00 -61.37  67.57
 849.00 -78.96 -17.38
 850.00 -68.71 -32.19
 851.00 -44.56 -45.60
 852.00 -67.70 -43.49
 853.00 -53.74 -45.71
 854.00 -69.56 -42.00
 855.00 -55.49 -47.87
 856.00 -58.30 -48.37
 857.00 -63.96 -48.96
 858.00 -66.64 -36.83
 859.00 -70.93 -46.50
 860.00 -61.62 -42.33
 861.00 -69.15 -28.77
 862.00 -62.11 -42.72
 863.00 -69.52 -35.64
 864.00 -82.71 -14.17
 865.00 -73.54 -20.12
 866.00 -57.52 -37.13
 867.00 -59.90 -51.45
 868.00 -73.46 -39.31
 869.00 -58.20 -42.25
 870.00 -82.12 -31.79
 871.00 -71.75 -27.00
 872.00 -72.72 -39.19
 873.00 -58.15 -37.91
 874.00 -61.72 -52.54
 875.00 -64.32 -41.91
 876.00 -85.80 -32.57
 877.00 -66.04 -30.10
 878.00 -75.47 -30.83
 879.00 -96.66 -12.58
 880.00 -67.64 -40.67
 881.00 -63.43 -29.75
 882.00 -149.34 -12.00
 883.00 -63.17  46.03
 884.00 -68.70 -46.02
 885.00 -66.05 -32.71
 886.00 -105.32 -20.52
 887.00  77.23  -7.92
 888.00 -71.16  -9.23
 889.00 -94.02 148.44
 890.00 -116.62 137.76
 891.00 -67.30 124.76
 892.00 -59.32 139.11
 893.00 -70.60 -34.38
 894.00 -76.37 -41.27
 895.00 -57.17 -34.94
 896.00 -69.56 -45.97
 897.00 -63.19 -34.33
 898.00 -68.07 -44.88
 899.00 -57.38 -44.33
 900.00 -108.24 -38.69
 901.00 -86.75 -61.30
 902.00 -62.69 -32.81
 903.00 -63.08 -43.60
 904.00 -71.40 -12.49
 905.00 -62.73 -44.04
 906.00 -69.58 -51.58
 907.00 -86.71 -34.12
 908.00  79.47   4.68
 909.00 -79.92  19.21
 910.00 -149.40  -5.66
 911.00 -129.35 118.87
 912.00 -65.87 137.58
 913.00 -115.82 178.77
 914.00 -118.90 134.25
 915.00 -83.28 124.29
 916.00 -124.84 -12.69
 917.00 -117.69 179.60


