 residuo Phi Psi
 669.00 -53.86 160.22
 670.00 -53.20 142.81
 671.00 -129.16 138.29
 672.00 -54.92   0.22
 673.00 -56.07 -54.18
 674.00 -69.87 -35.63
 675.00 -61.47 -35.31
 676.00 -54.22 -40.41
 677.00 -65.48 -49.12
 678.00 -75.41 -27.02
 679.00 -92.32 -24.06
 680.00 -76.55  -0.34
 681.00 -77.90 121.00
 682.00 -68.19 169.75
 683.00 -69.38 146.50
 684.00 -77.09 118.60
 685.00 -87.84 130.48
 686.00 -76.89 126.71
 687.00  85.15  -6.11
 688.00 -70.49  26.83
 689.00 -123.39 137.78
 690.00 -69.00 127.56
 691.00 -58.45  -4.97
 692.00 -74.00 -32.02
 693.00 -70.41 133.94
 694.00 -79.05 162.37
 695.00 -131.88  78.28
 696.00 -52.45 147.39
 697.00 -64.08 -48.29
 698.00 -60.90 -39.53
 699.00 -61.31 -58.93
 700.00 -75.81 -44.35
 701.00 -52.72 -44.59
 702.00 -72.08 -29.90
 703.00 -73.95 -42.79
 704.00 -68.26 -20.25
 705.00 -67.11 -34.21
 706.00 -71.06 -44.98
 707.00 -56.30 -31.98
 708.00 -61.51 -43.38
 709.00 -71.05 -54.75
 710.00 -68.24 -28.11
 711.00 -60.23 -51.74
 712.00 -83.84 -32.11
 713.00 -83.39 -22.41
 714.00 -70.53 -20.64
 715.00 -56.49 -40.16
 716.00 -59.84 -52.73
 717.00 -59.35 -46.72
 718.00 -67.98 -49.52
 719.00 -54.33 -36.61
 720.00 -109.12 -11.46
 721.00 -62.78 -15.28
 722.00 -53.96 134.84
 723.00  80.84 146.08
 724.00 -68.44 -24.65
 725.00 -55.95 -31.19
 726.00 -71.61 -17.02
 727.00 -71.58 -27.44
 728.00 -53.04 133.40
 729.00 -62.13 146.28
 730.00 -60.57 -36.98
 731.00 -77.38 -30.04
 732.00 -42.57 -54.28
 733.00 -40.42 -59.03
 734.00 -61.29 -60.64
 735.00 -79.53 -31.32
 736.00 -64.20 -33.41
 737.00 -68.56 -40.01
 738.00 -90.53 -40.47
 739.00 -104.21 -16.11
 740.00 -66.31  -6.13
 741.00 -67.08 -42.64
 742.00 -58.30 -36.87
 743.00 -61.31 -52.09
 744.00 -73.59 -49.02
 745.00 -63.87 -37.84
 746.00 -71.13 -42.13
 747.00 -69.13 -24.56
 748.00 -75.13 -44.27
 749.00 -42.76 -35.79
 750.00 -62.32 -61.56
 751.00 -63.17 -39.70
 752.00 -65.10 -41.60
 753.00 -62.67 -45.43
 754.00 -81.20 -42.29
 755.00 -122.12 -11.78
 756.00 -134.46 -24.78
 757.00  47.98  21.82
 758.00  62.90  40.32
 759.00 -79.23 -12.83
 760.00 -76.11 -41.26
 761.00 -87.57 148.01
 762.00 -77.93 108.85
 763.00 -53.91  58.81
 764.00 -156.62 -47.75
 765.00 -67.60 155.61
 766.00 -81.44 -26.78
 767.00 -135.00 -28.24
 768.00 -86.24  80.32
 769.00 -110.29 151.04
 770.00 -64.82  99.58
 771.00 -70.46 166.35
 772.00 -67.03 -20.28
 773.00 -81.70 -28.87
 774.00 -59.43 -22.06
 775.00 -74.31 -44.04
 776.00 -66.23 -42.67
 777.00 -81.59 -27.80
 778.00  60.49 -19.23
 779.00 -76.75  -0.55
 780.00 -99.05  56.13
 781.00 -40.40 -38.77
 782.00 -66.16 -52.31
 783.00 -60.76 -42.22
 784.00 -67.95 -47.64
 785.00 -66.19 -39.51
 786.00 -59.76 -35.08
 787.00 -52.22 -51.29
 788.00 -64.16 -39.60
 789.00 -69.68 -37.56
 790.00 -64.62 -38.03
 791.00 -58.06 -43.33
 792.00 -53.44 -34.53
 793.00 -75.25 -31.80
 794.00 -79.64 -20.20
 795.00 -67.16 -44.24
 796.00 -70.98 -49.80
 797.00  58.90 -20.24
 798.00 -83.68  72.56
 799.00 -84.87 140.64
 800.00 -46.98 147.56
 801.00 -68.83 -34.37
 802.00 -79.60 -34.86
 803.00 -70.73 -15.32
 804.00 -64.84 -54.65
 805.00 -69.87 -38.94
 806.00 -56.46 -47.17
 807.00 -54.69 -46.53
 808.00 -72.91 -45.42
 809.00 -70.19 -29.66
 810.00 -70.62 -33.92
 811.00 -63.97 -22.52
 812.00 -112.19 -27.67
 813.00 -145.55  53.59
 814.00 -151.12   2.86
 815.00 -155.47 141.08
 816.00 -60.37 165.20
 817.00 -68.54 160.40
 818.00 -71.86 -41.36
 819.00  79.87   4.23
 820.00 -61.61 160.55
 821.00 -58.07 160.66
 822.00 -111.51 -46.21
 823.00 -57.67  62.45
 824.00 -76.61 -25.86
 825.00 -75.41 -15.54
 826.00 -80.80 -31.78
 827.00 -57.11 -33.96
 828.00 -59.48 -45.64
 829.00 -87.65 -37.26
 830.00 -61.66 -30.57
 831.00 -68.36 -47.54
 832.00 -52.50 -25.35
 833.00 -59.94 -67.99
 834.00 -53.36 -30.11
 835.00 -64.75 -61.13
 836.00 -71.24 -30.93
 837.00 -58.29 -40.52
 838.00 -68.59 -41.04
 839.00 -69.25 -18.46
 840.00 -122.98 -36.10
 841.00 -66.02  12.50
 842.00 -83.92 136.74
 843.00 -143.58 102.15
 844.00 -81.76 162.14
 845.00 -53.14  90.31
 846.00 -62.99 -30.61
 847.00 -121.04 -10.84
 848.00 -50.91 102.36
 849.00 -51.04 -37.24
 850.00 -64.79 -40.11
 851.00 -61.77 -56.21
 852.00 -69.17 -44.91
 853.00 -63.15 -35.22
 854.00 -58.85 -48.15
 855.00 -61.07 -43.00
 856.00 -60.22 -50.27
 857.00 -68.17 -32.80
 858.00 -78.84 -34.81
 859.00 -72.98 -31.67
 860.00 -59.55 -37.91
 861.00 -57.18 -41.99
 862.00 -47.61 -59.15
 863.00 -60.06 -47.21
 864.00 -78.92 -25.29
 865.00 -75.37 -11.02
 866.00 -64.54 -40.30
 867.00 -76.98 -31.03
 868.00 -71.04 -18.80
 869.00 -45.74 -53.43
 870.00 -70.10 -45.04
 871.00 -63.45 -34.03
 872.00 -61.94 -48.54
 873.00 -61.84 -36.92
 874.00 -66.18 -41.00
 875.00 -64.49 -38.65
 876.00 -64.15 -48.94
 877.00 -69.71 -37.41
 878.00 -60.74 -43.81
 879.00 -68.59 -38.41
 880.00 -60.98 -44.66
 881.00 -61.59 -35.72
 882.00 -81.33 -49.55
 883.00 -38.93 -23.80
 884.00 -72.33 -33.74
 885.00 -70.60 -39.47
 886.00 -138.95  -3.34
 887.00  58.91   5.73
 888.00 -93.24  28.89
 889.00 -88.18 122.23
 890.00 -120.86 134.90
 891.00 -62.13 140.60
 892.00 -55.61 154.09
 893.00 -68.11 -36.05
 894.00 -80.61 -40.95
 895.00 -60.17 -38.76
 896.00 -77.03 -27.75
 897.00 -72.64 -52.71
 898.00 -68.92 -40.84
 899.00 -84.71 -30.91
 900.00 -111.86 -27.43
 901.00 -106.47 -36.21
 902.00 -53.74 -43.49
 903.00 -56.19 -35.41
 904.00 -75.20 -27.32
 905.00 -72.75 -25.68
 906.00 -61.34 -56.32
 907.00 -82.85 -23.52
 908.00  89.01 -25.01
 909.00 -60.84   5.09
 910.00 -122.28 -13.44
 911.00 -137.05 130.58
 912.00 -60.49 132.53
 913.00 -101.27 160.30
 914.00 -134.86 139.52
 915.00 -78.22 137.87
 916.00 -114.47 -24.68
 917.00 -106.55 175.62


