 residuo Phi Psi
 669.00 -57.36 102.80
 670.00 -62.43 133.89
 671.00 -150.78 119.94
 672.00 -51.19 -31.13
 673.00 -66.69 -36.10
 674.00 -68.78 -41.75
 675.00 -57.63 -36.11
 676.00 -68.61 -51.07
 677.00 -72.45 -31.48
 678.00 -105.30 -18.84
 679.00 -77.72 -31.42
 680.00 -67.32  -8.26
 681.00 -73.17 121.75
 682.00 -74.78 165.36
 683.00 -103.92 175.09
 684.00 -108.56 128.68
 685.00 -69.88 144.39
 686.00 -72.67 145.33
 687.00 108.25 -32.79
 688.00 -85.47  33.05
 689.00 -118.23 148.89
 690.00 -61.16 138.09
 691.00 -68.10 -30.04
 692.00 -70.86  -9.18
 693.00 -72.74 152.93
 694.00 -91.70 151.82
 695.00 -87.58  53.65
 696.00 -31.97 154.05
 697.00 -70.37 -56.90
 698.00 -79.34 -36.46
 699.00 -62.25 -50.27
 700.00 -67.07 -50.84
 701.00 -73.83 -39.92
 702.00 -63.04 -27.44
 703.00 -70.41 -44.75
 704.00 -61.04 -33.19
 705.00 -62.85 -33.61
 706.00 -43.58 -54.10
 707.00 -47.78 -43.51
 708.00 -58.91 -55.16
 709.00 -62.36 -48.57
 710.00 -76.19 -42.41
 711.00 -57.34 -33.77
 712.00 -45.37 -49.20
 713.00 -70.75 -43.77
 714.00 -68.58 -41.00
 715.00 -69.84 -32.17
 716.00 -58.22 -42.98
 717.00 -82.57 -31.13
 718.00 -61.35 -44.50
 719.00 -65.27 -33.00
 720.00 -111.65  -4.05
 721.00 -64.15 -20.35
 722.00 -73.47 145.18
 723.00  77.33 146.98
 724.00 -48.04 -41.55
 725.00 -71.40 -32.91
 726.00 -64.33   4.65
 727.00 -73.31 -26.64
 728.00 -53.73 147.81
 729.00 -67.82 150.35
 730.00 -75.09 -29.86
 731.00 -76.90 -19.12
 732.00 -61.28 -36.68
 733.00 -75.28 -39.13
 734.00 -71.79 -26.07
 735.00 -64.24 -60.25
 736.00 -59.18 -27.73
 737.00 -72.11 -51.57
 738.00 -80.10 -22.38
 739.00 -89.60 -36.68
 740.00 -52.93 -15.13
 741.00 -63.79 -54.15
 742.00 -58.33 -47.67
 743.00 -62.67 -52.15
 744.00 -69.75 -41.91
 745.00 -69.48 -39.52
 746.00 -53.23 -47.44
 747.00 -65.09 -35.46
 748.00 -57.52 -53.84
 749.00 -77.52 -29.51
 750.00 -62.43 -29.53
 751.00 -68.65 -41.72
 752.00 -71.92 -37.97
 753.00 -62.44 -37.64
 754.00 -62.26 -56.97
 755.00 -74.30 -50.35
 756.00 -143.72 -40.92
 757.00  56.44  25.98
 758.00  58.79  43.53
 759.00 -65.96   3.47
 760.00 -144.39 -27.79
 761.00 -97.67 157.07
 762.00 -87.21 116.22
 763.00 -52.08  46.66
 764.00 -153.16 -45.70
 765.00 -54.29 146.68
 766.00 -78.02 -36.22
 767.00 -123.05 -29.61
 768.00 -94.15  91.72
 769.00 -86.85 127.58
 770.00 -61.04 101.64
 771.00 -72.26 170.97
 772.00 -56.56 -32.61
 773.00 -77.71 -30.67
 774.00 -56.88 -38.14
 775.00 -71.37 -41.83
 776.00 -72.73 -53.82
 777.00 -79.58 -26.63
 778.00  58.82   3.23
 779.00 -130.19  28.24
 780.00 -58.77  32.60
 781.00 -52.94 -52.08
 782.00 -69.74 -42.45
 783.00 -71.40 -34.99
 784.00 -66.28 -31.77
 785.00 -54.36 -44.21
 786.00 -62.04 -46.84
 787.00 -51.90 -44.84
 788.00 -71.50 -43.69
 789.00 -60.50 -29.46
 790.00 -61.31 -47.80
 791.00 -57.98 -43.29
 792.00 -78.08 -24.51
 793.00 -47.43 -40.01
 794.00 -80.42 -44.75
 795.00 -79.29 -32.43
 796.00 -73.47 -34.12
 797.00  49.86 -12.37
 798.00 -77.78  70.88
 799.00 -83.92 140.68
 800.00 -64.13 156.26
 801.00 -76.85 -26.74
 802.00 -54.21 -44.72
 803.00 -65.53 -39.91
 804.00 -56.77 -54.14
 805.00 -73.47 -47.68
 806.00 -74.45 -18.30
 807.00 -73.77 -38.94
 808.00 -64.57 -35.58
 809.00 -73.16 -34.18
 810.00 -69.35 -27.78
 811.00 -66.13 -19.77
 812.00 -117.02 -15.21
 813.00 -127.41  35.36
 814.00 -146.74  -4.45
 815.00 -155.68 133.98
 816.00 -58.04 157.56
 817.00 -66.00 151.22
 818.00 -78.58 -36.07
 819.00  66.68   0.02
 820.00 -80.54 173.45
 821.00 -70.75 -175.78
 822.00 -111.81 -43.45
 823.00 -50.14  37.53
 824.00 -68.40 -39.96
 825.00 -59.82 -40.95
 826.00 -64.89 -46.43
 827.00 -62.81 -43.26
 828.00 -72.72 -39.35
 829.00 -76.35 -25.23
 830.00 -67.48 -44.51
 831.00 -53.39 -40.24
 832.00 -56.26 -51.95
 833.00 -56.23 -54.86
 834.00 -76.82 -31.27
 835.00 -58.10 -48.22
 836.00 -77.11 -37.50
 837.00 -59.16 -30.66
 838.00 -61.14 -49.50
 839.00 -65.62 -13.07
 840.00 -122.01 -33.73
 841.00 -63.54   5.60
 842.00 -88.34 147.38
 843.00 -152.15  92.39
 844.00 -73.57 151.60
 845.00 -44.17  80.92
 846.00 -63.29 -30.31
 847.00 -133.49 -10.92
 848.00 -73.96  63.11
 849.00 -53.35  -4.99
 850.00 -69.75 -30.26
 851.00 -60.88 -46.58
 852.00 -60.42 -44.97
 853.00 -71.80 -39.04
 854.00 -61.42 -34.33
 855.00 -48.36 -60.64
 856.00 -55.87 -44.35
 857.00 -64.18 -54.12
 858.00 -54.42 -40.96
 859.00 -62.08 -44.05
 860.00 -65.82 -40.83
 861.00 -61.56 -44.93
 862.00 -48.09 -47.57
 863.00 -80.64 -36.37
 864.00 -57.52 -39.12
 865.00 -81.02 -28.97
 866.00 -60.86 -26.73
 867.00 -57.17 -42.17
 868.00 -73.10 -33.37
 869.00 -66.68 -39.96
 870.00 -58.65 -36.68
 871.00 -57.86 -43.38
 872.00 -73.40 -44.85
 873.00 -67.61 -27.19
 874.00 -50.13 -50.90
 875.00 -76.27 -44.22
 876.00 -69.80 -45.62
 877.00 -70.60 -21.67
 878.00 -66.47 -45.37
 879.00 -68.38 -25.49
 880.00 -66.82 -51.25
 881.00 -52.63 -31.72
 882.00 -140.74 -18.17
 883.00 -61.45  32.71
 884.00 -69.41 -25.73
 885.00 -58.00 -54.72
 886.00 -94.70 -40.84
 887.00  59.26   7.67
 888.00 -106.20  36.12
 889.00 -111.00 135.40
 890.00 -124.49 128.63
 891.00 -70.43 132.09
 892.00 -57.64 144.80
 893.00 -64.38 -36.26
 894.00 -60.88 -44.61
 895.00 -60.55 -40.22
 896.00 -77.82 -37.79
 897.00 -58.49 -30.73
 898.00 -74.98 -49.11
 899.00 -87.40 -35.07
 900.00 -93.39 -36.00
 901.00 -90.06 -57.25
 902.00 -55.69 -47.49
 903.00 -60.30 -20.14
 904.00 -66.73 -28.40
 905.00 -70.25 -45.47
 906.00 -53.63 -44.96
 907.00 -85.69 -47.94
 908.00  71.80   2.27
 909.00 -75.07  21.86
 910.00 -124.41 -23.88
 911.00 -152.31 136.92
 912.00 -54.67 144.83
 913.00 -87.17 140.02
 914.00 -79.56  97.64
 915.00 -70.46 139.68
 916.00 -99.78 -40.22
 917.00 -122.06 132.46


