 residuo Phi Psi
 669.00 -62.47 163.45
 670.00 -72.46 135.54
 671.00 -150.88 146.71
 672.00 -76.92 -25.63
 673.00 -49.52 -46.96
 674.00 -70.25 -39.88
 675.00 -62.16 -41.50
 676.00 -59.36 -43.63
 677.00 -68.07 -42.91
 678.00 -63.71 -29.71
 679.00 -97.64 -42.66
 680.00 -69.48   4.91
 681.00 -70.46 138.89
 682.00 -69.23 163.64
 683.00 -82.79 168.25
 684.00 -130.89 143.09
 685.00 -126.05 146.94
 686.00 -79.87 150.15
 687.00  75.08 -13.76
 688.00 -68.47  27.26
 689.00 -100.45 146.01
 690.00 -52.97  96.59
 691.00 -72.04 -25.63
 692.00 -82.66 -30.00
 693.00 -63.79 156.17
 694.00 -70.68 158.37
 695.00 -153.41 130.77
 696.00 -52.68 137.64
 697.00 -57.25 -65.33
 698.00 -58.53 -40.68
 699.00 -58.78 -42.21
 700.00 -61.65 -62.74
 701.00 -73.22 -31.41
 702.00 -67.04 -36.69
 703.00 -73.41 -24.43
 704.00 -63.68 -38.69
 705.00 -64.74 -46.52
 706.00 -66.64 -40.57
 707.00 -71.49 -33.74
 708.00 -73.11 -32.07
 709.00 -60.09 -48.86
 710.00 -74.20 -37.56
 711.00 -59.34 -40.61
 712.00 -60.23 -38.43
 713.00 -51.60 -51.70
 714.00 -56.57 -47.93
 715.00 -69.94 -35.88
 716.00 -53.01 -48.86
 717.00 -70.81 -34.09
 718.00 -59.22 -46.62
 719.00 -68.94 -37.45
 720.00 -119.62 -12.20
 721.00 -44.74  -6.29
 722.00 -64.24 138.05
 723.00  82.86 127.44
 724.00 -55.96 -18.54
 725.00 -65.68 -42.98
 726.00 -65.16 -11.57
 727.00 -91.04  -1.67
 728.00 -62.31 146.61
 729.00 -52.29 148.81
 730.00 -77.42 -35.75
 731.00 -75.43 -30.69
 732.00 -58.51 -38.17
 733.00 -68.13 -47.67
 734.00 -58.53 -38.61
 735.00 -76.74 -48.27
 736.00 -60.56 -26.10
 737.00 -78.37 -42.61
 738.00 -70.64 -42.65
 739.00 -84.01 -26.89
 740.00 -53.04  -2.23
 741.00 -71.85 -54.95
 742.00 -65.95 -40.00
 743.00 -66.22 -43.43
 744.00 -62.69 -55.80
 745.00 -51.40 -42.45
 746.00 -70.83 -44.73
 747.00 -61.74 -42.03
 748.00 -64.73 -40.33
 749.00 -64.19 -42.51
 750.00 -66.58 -43.15
 751.00 -55.51 -54.08
 752.00 -62.97 -30.52
 753.00 -57.76 -45.26
 754.00 -69.47 -40.88
 755.00 -80.70 -48.62
 756.00 -140.55 -44.29
 757.00  48.51  30.85
 758.00  64.22  33.15
 759.00 -70.20   0.83
 760.00 -105.58 -42.73
 761.00 -78.08 154.22
 762.00 -98.67 123.03
 763.00 -59.57  61.64
 764.00 -146.57 -50.18
 765.00 -68.39 164.78
 766.00 -91.78 -24.00
 767.00 -140.40  -5.68
 768.00 -78.81  47.75
 769.00 -83.12 120.68
 770.00 -70.83 108.57
 771.00 -61.32 164.40
 772.00 -55.16 -39.81
 773.00 -53.98 -47.27
 774.00 -51.46 -45.18
 775.00 -61.84 -46.78
 776.00 -66.28 -51.47
 777.00 -60.07 -21.04
 778.00  69.61 -30.27
 779.00 -107.86   5.48
 780.00 -55.58  38.71
 781.00 -67.19 -42.95
 782.00 -65.58 -40.63
 783.00 -67.85 -32.07
 784.00 -72.51 -34.83
 785.00 -51.52 -42.45
 786.00 -64.99 -52.37
 787.00 -55.38 -35.19
 788.00 -69.31 -43.66
 789.00 -65.07 -32.44
 790.00 -61.14 -44.52
 791.00 -72.30 -33.45
 792.00 -79.17 -14.60
 793.00 -57.85 -45.38
 794.00 -54.61 -33.71
 795.00 -56.19 -64.32
 796.00 -99.97 -24.79
 797.00  44.33  -4.46
 798.00 -62.21  46.19
 799.00 -81.63 130.55
 800.00 -39.75 134.42
 801.00 -64.14 -36.65
 802.00 -54.81 -54.65
 803.00 -54.48 -44.10
 804.00 -64.28 -49.09
 805.00 -82.69 -32.22
 806.00 -84.22 -20.75
 807.00 -56.68 -35.92
 808.00 -67.83 -38.10
 809.00 -78.76 -31.04
 810.00 -71.63 -20.85
 811.00 -79.49 -21.27
 812.00 -125.85  -5.81
 813.00 -143.78  50.13
 814.00 -152.68   7.00
 815.00 -150.35 131.16
 816.00 -54.82 140.68
 817.00 -67.97 152.43
 818.00 -89.73 -37.35
 819.00  62.48  11.30
 820.00 -110.35 -162.33
 821.00 -75.65 165.29
 822.00 -106.44 -24.75
 823.00 -59.20  35.38
 824.00 -50.79 -46.69
 825.00 -90.84 -28.60
 826.00 -58.86 -37.98
 827.00 -66.78 -43.31
 828.00 -64.39 -35.28
 829.00 -69.75 -48.86
 830.00 -51.96 -42.40
 831.00 -64.17 -45.14
 832.00 -86.53 -26.10
 833.00 -58.19 -34.80
 834.00 -88.97 -18.80
 835.00 -46.17 -59.46
 836.00 -73.32 -41.78
 837.00 -65.89 -30.34
 838.00 -54.46 -41.94
 839.00 -64.99 -30.88
 840.00 -138.76 -21.68
 841.00 -64.00  14.18
 842.00 -85.96 144.41
 843.00 -168.57 108.11
 844.00 -82.00 172.66
 845.00 -52.12 109.73
 846.00 -72.62 -37.93
 847.00 -146.16 -11.95
 848.00 -67.37  92.01
 849.00 -65.47 -15.24
 850.00 -59.91 -36.96
 851.00 -78.02 -32.51
 852.00 -75.06 -41.92
 853.00 -64.87 -28.84
 854.00 -61.15 -43.60
 855.00 -52.86 -48.86
 856.00 -58.99 -48.66
 857.00 -72.15 -46.46
 858.00 -68.45 -21.93
 859.00 -61.11 -51.08
 860.00 -65.84 -28.30
 861.00 -71.00 -33.64
 862.00 -40.60 -54.83
 863.00 -76.04 -38.61
 864.00 -69.37 -33.08
 865.00 -78.45 -26.72
 866.00 -60.52 -31.29
 867.00 -68.81 -35.80
 868.00 -61.11 -35.87
 869.00 -49.70 -52.52
 870.00 -74.92 -40.97
 871.00 -67.96 -40.15
 872.00 -73.43 -30.88
 873.00 -65.17 -37.57
 874.00 -58.57 -43.84
 875.00 -72.22 -32.43
 876.00 -79.25 -47.32
 877.00 -68.20 -36.15
 878.00 -56.51 -41.37
 879.00 -74.77 -24.40
 880.00 -65.10 -40.11
 881.00 -71.25 -40.00
 882.00 -143.84  -3.53
 883.00 -53.89  30.87
 884.00 -76.18 -26.40
 885.00 -63.26 -36.98
 886.00 -75.70 -58.50
 887.00  67.08 -11.77
 888.00 -88.75  19.50
 889.00 -94.65 129.06
 890.00 -103.80 123.53
 891.00 -55.01 117.17
 892.00 -52.21 137.97
 893.00 -70.41 -42.71
 894.00 -50.66 -45.21
 895.00 -45.44 -58.98
 896.00 -58.11 -41.25
 897.00 -67.84 -49.33
 898.00 -81.01 -32.71
 899.00 -69.11 -38.12
 900.00 -128.60 -26.72
 901.00 -86.91 -43.98
 902.00 -58.66 -37.62
 903.00 -53.11 -37.96
 904.00 -70.31 -30.87
 905.00 -87.50 -20.73
 906.00 -67.52 -44.92
 907.00 -74.04 -48.25
 908.00  92.73 -19.51
 909.00 -66.49  13.14
 910.00 -138.11 -13.20
 911.00 -129.20 119.11
 912.00 -71.43 140.44
 913.00 -85.23 144.67
 914.00 -84.47 115.64
 915.00 -86.60 152.42
 916.00 -128.33 -27.60
 917.00 -145.29 173.87


