 residuo Phi Psi
 669.00 -79.04 148.37
 670.00 -71.23 129.94
 671.00 -156.40 149.10
 672.00 -59.50 -10.07
 673.00 -56.41 -43.48
 674.00 -67.45 -43.00
 675.00 -69.63 -31.78
 676.00 -46.10 -57.81
 677.00 -69.58 -45.99
 678.00 -84.51 -37.14
 679.00 -82.13 -30.39
 680.00 -53.81 -26.63
 681.00 -73.29 119.99
 682.00 -71.38 167.48
 683.00 -68.82 166.91
 684.00 -79.81 126.00
 685.00 -81.64 130.06
 686.00 -86.25 151.34
 687.00  77.82 -16.74
 688.00 -88.53  36.57
 689.00 -75.00 142.99
 690.00 -83.14 116.42
 691.00 -77.06 -11.36
 692.00 -49.79 -63.04
 693.00 -65.99 151.01
 694.00 -66.87 142.69
 695.00 -158.94 144.48
 696.00 -72.34 176.13
 697.00 -63.58 -69.67
 698.00 -77.57 -22.03
 699.00 -76.15 -36.60
 700.00 -68.66 -36.22
 701.00 -78.16 -33.80
 702.00 -70.52 -32.59
 703.00 -55.27 -38.68
 704.00 -60.21 -49.72
 705.00 -83.60 -30.77
 706.00 -63.54 -36.26
 707.00 -55.76 -29.07
 708.00 -58.01 -54.86
 709.00 -64.19 -47.15
 710.00 -89.37 -28.36
 711.00 -66.82 -29.98
 712.00 -53.32 -48.38
 713.00 -67.04 -43.53
 714.00 -77.57 -27.27
 715.00 -59.63 -35.15
 716.00 -39.77 -59.05
 717.00 -73.20 -50.79
 718.00 -49.87 -44.67
 719.00 -63.19 -49.24
 720.00 -95.58 -17.15
 721.00 -62.32 -15.20
 722.00 -67.42 127.60
 723.00  93.91 135.01
 724.00 -61.32 -14.85
 725.00 -60.89 -42.43
 726.00 -83.49  -3.37
 727.00 -75.90 -32.30
 728.00 -69.38 166.62
 729.00 -58.21 150.42
 730.00 -84.06 -41.03
 731.00 -88.00  -8.82
 732.00 -73.26 -33.99
 733.00 -75.19 -34.10
 734.00 -60.44 -41.52
 735.00 -59.78 -52.47
 736.00 -59.69 -41.47
 737.00 -64.27 -52.01
 738.00 -94.77 -24.25
 739.00 -88.49 -25.03
 740.00 -61.50  -8.22
 741.00 -48.32 -56.87
 742.00 -60.48 -51.18
 743.00 -56.04 -53.58
 744.00 -76.70 -41.90
 745.00 -64.07 -43.84
 746.00 -61.35 -39.53
 747.00 -73.01 -44.11
 748.00 -55.82 -37.10
 749.00 -57.77 -42.02
 750.00 -65.40 -49.26
 751.00 -61.32 -41.94
 752.00 -49.62 -48.96
 753.00 -62.07 -50.51
 754.00 -81.21 -46.83
 755.00 -96.82 -30.83
 756.00 -136.79 -35.29
 757.00  67.10  11.30
 758.00  56.78  38.06
 759.00 -70.67  -4.32
 760.00 -109.39 -42.52
 761.00 -89.35 153.07
 762.00 -86.40 107.84
 763.00 -55.25  59.61
 764.00 -142.28 -48.29
 765.00 -60.40 171.68
 766.00 -93.31 -26.07
 767.00 -121.46  -3.06
 768.00 -49.35  21.38
 769.00 -90.56 117.14
 770.00 -69.79  97.54
 771.00 -58.63 174.84
 772.00 -72.67 -22.73
 773.00 -62.38 -46.43
 774.00 -52.36 -39.06
 775.00 -60.47 -49.68
 776.00 -60.49 -52.87
 777.00 -78.71 -32.05
 778.00  60.38   1.88
 779.00 -131.27  15.93
 780.00 -55.57  44.50
 781.00 -58.86 -51.92
 782.00 -64.83 -42.01
 783.00 -60.91 -40.91
 784.00 -57.28 -42.12
 785.00 -69.40 -53.07
 786.00 -76.20 -21.74
 787.00 -65.26 -42.06
 788.00 -57.50 -28.22
 789.00 -80.98 -21.76
 790.00 -52.95 -48.78
 791.00 -61.60 -42.06
 792.00 -73.13 -37.33
 793.00 -47.72 -27.45
 794.00 -87.31 -35.69
 795.00 -69.79 -24.01
 796.00 -108.53 -27.89
 797.00  50.05 -11.85
 798.00 -71.42  61.43
 799.00 -78.86 126.87
 800.00 -69.40 157.11
 801.00 -61.81 -35.33
 802.00 -65.12 -42.44
 803.00 -59.90 -40.37
 804.00 -59.28 -49.83
 805.00 -56.74 -57.80
 806.00 -68.18 -36.46
 807.00 -66.52 -47.05
 808.00 -52.65 -36.70
 809.00 -70.77 -50.14
 810.00 -76.68 -21.90
 811.00 -64.96 -11.42
 812.00 -107.04 -37.13
 813.00 -139.98  45.91
 814.00 -140.64   6.98
 815.00 -139.28 125.57
 816.00 -72.41 170.59
 817.00 -61.90 166.14
 818.00 -57.80 -36.88
 819.00  66.20 -26.68
 820.00 -99.77 -166.55
 821.00 -67.02 157.67
 822.00 -107.07 -40.67
 823.00 -77.62  96.00
 824.00 -53.59 -36.77
 825.00 -76.54 -41.35
 826.00 -68.31 -28.75
 827.00 -54.62 -55.10
 828.00 -62.20 -45.41
 829.00 -58.54 -59.68
 830.00 -62.10 -40.92
 831.00 -74.43 -38.75
 832.00 -61.06 -31.13
 833.00 -70.14 -40.54
 834.00 -68.74 -26.41
 835.00 -67.32 -57.45
 836.00 -87.51 -33.74
 837.00 -78.09 -11.92
 838.00 -41.55 -53.43
 839.00 -62.63 -37.36
 840.00 -128.70 -16.85
 841.00 -78.96  11.96
 842.00 -63.12 144.27
 843.00 -158.31 101.84
 844.00 -85.83 145.41
 845.00 -58.66 116.61
 846.00 -66.58 -28.92
 847.00 -86.69 -32.71
 848.00 -61.99 104.21
 849.00 -120.63  -8.85
 850.00 -52.26   1.34
 851.00 -77.29 -36.42
 852.00 -55.22 -46.37
 853.00 -68.00 -40.67
 854.00 -68.46 -40.22
 855.00 -64.17 -43.36
 856.00 -63.79 -32.94
 857.00 -56.80 -57.04
 858.00 -79.22 -20.16
 859.00 -60.97 -50.59
 860.00 -63.58 -29.66
 861.00 -62.72 -38.46
 862.00 -68.28 -45.15
 863.00 -76.98 -32.46
 864.00 -71.48 -32.76
 865.00 -67.88 -15.54
 866.00 -89.33 -18.41
 867.00 -68.99 -36.94
 868.00 -69.61 -26.20
 869.00 -49.41 -45.04
 870.00 -65.09 -48.06
 871.00 -52.29 -38.20
 872.00 -64.41 -57.90
 873.00 -63.82 -37.94
 874.00 -67.88 -47.41
 875.00 -69.92 -40.75
 876.00 -71.38 -39.28
 877.00 -64.98 -28.75
 878.00 -65.43 -38.57
 879.00 -63.70 -40.57
 880.00 -80.35 -23.07
 881.00 -66.29 -42.59
 882.00 -79.01 -35.86
 883.00 -70.50   8.19
 884.00 -63.29 -36.30
 885.00 -70.67 -41.25
 886.00 -115.50 -19.48
 887.00  56.06   3.81
 888.00 -81.89  22.59
 889.00 -94.36 131.05
 890.00 -116.87 139.66
 891.00 -62.08 138.91
 892.00 -75.75 145.13
 893.00 -47.26 -33.04
 894.00 -74.95 -51.52
 895.00 -75.35 -35.03
 896.00 -56.32 -31.60
 897.00 -68.73 -44.84
 898.00 -64.74 -53.74
 899.00 -91.97 -30.59
 900.00 -109.38 -18.83
 901.00 -106.01 -42.19
 902.00 -64.87 -45.44
 903.00 -53.04 -41.63
 904.00 -55.62 -31.44
 905.00 -72.45 -42.00
 906.00 -73.68 -42.71
 907.00 -88.74 -25.46
 908.00  69.28   9.59
 909.00 -57.81  10.16
 910.00 -138.05 -17.51
 911.00 -157.33 146.87
 912.00 -63.67 160.54
 913.00 -80.90 155.45
 914.00 -58.22  73.25
 915.00 -72.93 129.39
 916.00 -79.06 -48.53
 917.00 -76.08 153.37


