 residuo Phi Psi
 669.00 -83.49 -37.03
 670.00 -78.65 140.37
 671.00 -68.55 153.41
 672.00 -52.69 -29.36
 673.00 -70.74 -25.15
 674.00 -80.39 -27.45
 675.00 -73.96 -26.59
 676.00 -80.11 -36.89
 677.00 -67.15 -43.09
 678.00 -65.21 -35.45
 679.00 -107.32 -15.11
 680.00 -66.59  -9.13
 681.00 -72.41 122.96
 682.00 -57.97 138.55
 683.00 -60.85 159.44
 684.00 -125.31 157.36
 685.00 -68.52 122.07
 686.00 -74.29 154.18
 687.00  88.80 -33.82
 688.00 -88.36  17.20
 689.00 -78.16 126.12
 690.00 -84.97 111.27
 691.00 -81.00  -7.76
 692.00 -87.89 -14.73
 693.00 -56.49 157.31
 694.00 -64.44 137.71
 695.00 -139.63 137.90
 696.00 -27.73 126.23
 697.00 -63.03 -84.18
 698.00 -73.98 -11.08
 699.00 -69.48 -39.30
 700.00 -65.96 -46.41
 701.00 -65.88 -36.43
 702.00 -72.19 -42.55
 703.00 -69.17 -26.07
 704.00 -66.84 -41.48
 705.00 -72.23 -40.71
 706.00 -70.24 -27.35
 707.00 -70.99 -30.28
 708.00 -61.39 -39.33
 709.00 -59.93 -48.40
 710.00 -68.48 -43.47
 711.00 -63.05 -38.26
 712.00 -50.36 -43.97
 713.00 -61.44 -52.40
 714.00 -69.50 -38.93
 715.00 -77.50 -32.99
 716.00 -60.61 -30.20
 717.00 -71.53 -38.12
 718.00 -71.75 -34.23
 719.00 -83.03 -29.80
 720.00 -145.86  18.77
 721.00 -61.73   4.01
 722.00 -44.00 136.65
 723.00  42.07 144.72
 724.00 -64.26   6.66
 725.00 -73.84 -21.32
 726.00 -62.26  -7.55
 727.00 -76.10 -26.31
 728.00 -69.95 145.90
 729.00 -62.38 149.50
 730.00 -75.73 -28.14
 731.00 -79.86 -24.75
 732.00 -67.59 -30.56
 733.00 -66.75 -56.56
 734.00 -65.59 -17.45
 735.00 -60.15 -64.74
 736.00 -59.74 -30.72
 737.00 -51.21 -64.50
 738.00 -76.45 -38.71
 739.00 -81.79 -42.92
 740.00 -51.60 -19.43
 741.00 -54.97 -53.40
 742.00 -71.65 -36.08
 743.00 -66.42 -43.77
 744.00 -62.63 -36.05
 745.00 -70.36 -45.49
 746.00 -72.60 -41.78
 747.00 -71.30 -41.15
 748.00 -64.77 -37.39
 749.00 -60.33 -34.12
 750.00 -69.46 -38.76
 751.00 -63.32 -49.59
 752.00 -63.36 -34.92
 753.00 -57.94 -52.28
 754.00 -66.38 -59.89
 755.00 -71.56 -50.66
 756.00 -128.81 -51.10
 757.00  58.12  53.86
 758.00  66.53  13.25
 759.00 -83.45   6.92
 760.00 -142.71 -19.63
 761.00 -94.67 153.63
 762.00 -85.33 108.88
 763.00 -57.98  63.52
 764.00 -162.56 -46.00
 765.00 -50.47 166.88
 766.00 -85.90 -48.13
 767.00 -129.72  -0.33
 768.00 -92.82  68.88
 769.00 -73.43 113.17
 770.00 -83.94 123.25
 771.00 -58.84 166.85
 772.00 -76.78 -27.55
 773.00 -68.05 -36.04
 774.00 -60.60 -30.25
 775.00 -63.66 -40.77
 776.00 -71.24 -52.54
 777.00 -77.10 -26.19
 778.00  58.47  -7.06
 779.00 -115.27  24.16
 780.00 -67.76  24.52
 781.00 -54.43 -50.36
 782.00 -60.86 -48.43
 783.00 -70.89 -35.19
 784.00 -57.05 -37.61
 785.00 -67.03 -43.00
 786.00 -68.62 -40.31
 787.00 -75.88 -22.88
 788.00 -49.68 -44.64
 789.00 -82.67 -36.01
 790.00 -57.24 -39.61
 791.00 -68.40 -31.75
 792.00 -85.83 -18.97
 793.00 -50.07 -37.71
 794.00 -70.81 -46.98
 795.00 -71.68 -31.02
 796.00 -83.27 -31.43
 797.00  42.82 -10.03
 798.00 -50.02  44.54
 799.00 -74.39 122.22
 800.00 -56.68 147.56
 801.00 -58.53 -32.47
 802.00 -65.97 -45.42
 803.00 -68.80 -38.60
 804.00 -51.29 -42.94
 805.00 -70.98 -47.95
 806.00 -68.79 -39.17
 807.00 -65.09 -36.65
 808.00 -63.26 -47.08
 809.00 -68.55 -31.01
 810.00 -69.07 -34.86
 811.00 -54.15 -33.17
 812.00 -89.66 -47.22
 813.00 -144.58  47.91
 814.00 -157.26  15.97
 815.00 -129.95 114.73
 816.00 -65.08 170.45
 817.00 -54.75 161.88
 818.00 -76.60 -37.41
 819.00  66.25  -6.38
 820.00 -88.78 -166.98
 821.00 -71.54 161.13
 822.00 -93.98 -31.66
 823.00 -55.94  34.71
 824.00 -64.39 -33.58
 825.00 -64.52 -33.10
 826.00 -74.34 -46.72
 827.00 -61.33 -32.70
 828.00 -86.16 -36.57
 829.00 -69.22 -30.07
 830.00 -57.98 -49.32
 831.00 -56.22 -47.75
 832.00 -72.05 -38.69
 833.00 -57.04 -44.73
 834.00 -61.69 -39.30
 835.00 -76.19 -37.91
 836.00 -71.31 -39.68
 837.00 -67.61 -26.04
 838.00 -58.59 -48.96
 839.00 -79.10 -27.71
 840.00 -122.24 -11.74
 841.00 -78.92   2.42
 842.00 -89.10 152.73
 843.00 -166.75 103.17
 844.00 -70.02 156.65
 845.00 -57.14  92.35
 846.00 -76.10 -44.03
 847.00 -55.59 -36.40
 848.00 -61.95 133.84
 849.00 -127.76 -22.64
 850.00 -57.20  -0.43
 851.00 -84.00 -35.04
 852.00 -76.61 -16.91
 853.00 -50.96 -51.68
 854.00 -63.75 -46.87
 855.00 -63.79 -45.09
 856.00 -48.12 -44.86
 857.00 -76.01 -42.23
 858.00 -67.96 -44.29
 859.00 -67.00 -35.91
 860.00 -52.51 -44.07
 861.00 -60.88 -46.12
 862.00 -70.27 -40.39
 863.00 -56.41 -43.16
 864.00 -99.75 -19.20
 865.00 -66.28  -0.26
 866.00 -52.02 -44.90
 867.00 -72.93 -38.32
 868.00 -70.83 -34.17
 869.00 -52.54 -35.97
 870.00 -51.79 -61.39
 871.00 -53.35 -45.68
 872.00 -75.57 -40.52
 873.00 -62.73 -37.54
 874.00 -51.87 -50.35
 875.00 -64.63 -43.73
 876.00 -67.65 -63.08
 877.00 -82.76 -20.63
 878.00 -57.79 -37.79
 879.00 -59.76 -39.13
 880.00 -60.45 -41.25
 881.00 -64.06 -37.53
 882.00 -93.81 -42.85
 883.00 -60.09   1.31
 884.00 -60.91 -38.95
 885.00 -67.25 -52.24
 886.00 -81.79 -38.44
 887.00  57.03  -0.91
 888.00 -81.01  25.75
 889.00 -77.19 111.70
 890.00 -129.52 149.51
 891.00 -60.02 137.86
 892.00 -64.84 137.43
 893.00 -65.65 -43.97
 894.00 -81.96 -26.83
 895.00 -51.70 -37.47
 896.00 -57.12 -46.65
 897.00 -58.30 -44.29
 898.00 -74.08 -42.79
 899.00 -75.14 -32.27
 900.00 -107.25 -34.03
 901.00 -106.15 -26.89
 902.00 -69.93 -31.67
 903.00 -59.23 -29.25
 904.00 -57.99 -43.66
 905.00 -83.60 -30.25
 906.00 -77.31 -28.38
 907.00 -111.07 -18.27
 908.00  68.94  -5.29
 909.00 -63.39  15.31
 910.00 -119.71 -25.33
 911.00 -121.75 136.65
 912.00 -62.03 130.89
 913.00 -85.55 140.64
 914.00 -109.25 141.19
 915.00 -67.42 135.29
 916.00 -133.29 -20.58
 917.00 -143.99 133.31


