 residuo Phi Psi
 669.00 -94.87 145.48
 670.00 -71.99 157.96
 671.00 -58.02 164.65
 672.00 -52.79 -40.49
 673.00 -71.57 -41.73
 674.00 -80.27 -11.93
 675.00 -74.46 -37.03
 676.00 -61.11 -39.22
 677.00 -76.19 -34.65
 678.00 -76.47 -23.65
 679.00 -90.45 -25.33
 680.00 -75.58  -2.85
 681.00 -82.09 128.11
 682.00 -87.06 -175.53
 683.00 -62.01 150.48
 684.00 -88.11 129.52
 685.00 -86.58 146.04
 686.00 -100.42 165.76
 687.00  82.72 -17.71
 688.00 -77.20  21.55
 689.00 -136.04 163.08
 690.00 -66.10  93.49
 691.00 -62.17 -15.22
 692.00 -99.51 -19.25
 693.00 -58.58 149.56
 694.00 -77.79 143.09
 695.00 -152.81 154.47
 696.00 -49.17 165.76
 697.00 -68.09 -66.19
 698.00 -85.00 -17.36
 699.00 -55.40 -50.95
 700.00 -83.42 -29.14
 701.00 -60.30 -33.76
 702.00 -77.97 -43.14
 703.00 -66.86 -30.87
 704.00 -72.00 -31.40
 705.00 -57.69 -43.80
 706.00 -69.41 -41.56
 707.00 -30.19 -43.94
 708.00 -68.04 -61.74
 709.00 -71.81 -27.73
 710.00 -64.53 -37.95
 711.00 -68.89 -25.74
 712.00 -52.50 -47.74
 713.00 -58.20 -55.10
 714.00 -65.49 -41.66
 715.00 -53.97 -50.83
 716.00 -62.94 -48.04
 717.00 -63.29 -33.13
 718.00 -51.99 -58.37
 719.00 -55.59 -41.23
 720.00 -89.17 -26.95
 721.00 -67.46 -12.65
 722.00 -45.76 126.71
 723.00  75.64 135.20
 724.00 -66.88 -13.03
 725.00 -46.67 -29.58
 726.00 -77.03 -22.98
 727.00 -82.29 -22.00
 728.00 -68.48 133.65
 729.00 -56.65 151.70
 730.00 -68.55 -29.82
 731.00 -74.87 -29.90
 732.00 -64.67 -39.76
 733.00 -62.03 -44.95
 734.00 -63.95 -35.09
 735.00 -63.62 -61.01
 736.00 -72.80 -20.98
 737.00 -56.59 -59.64
 738.00 -97.74  -9.73
 739.00 -98.93 -32.93
 740.00 -52.81 -15.63
 741.00 -80.38 -37.09
 742.00 -51.20 -48.86
 743.00 -56.85 -45.15
 744.00 -51.28 -66.31
 745.00 -85.18 -32.80
 746.00 -64.56 -38.07
 747.00 -82.38 -35.41
 748.00 -49.94 -31.71
 749.00 -61.77 -53.60
 750.00 -42.05 -51.77
 751.00 -61.78 -58.97
 752.00 -71.65 -30.04
 753.00 -60.80 -43.21
 754.00 -87.11 -42.61
 755.00 -136.42   0.86
 756.00 -126.03 -27.81
 757.00  47.71  25.36
 758.00  54.50  29.91
 759.00 -70.88  27.83
 760.00 -140.13 -35.98
 761.00 -74.12 152.30
 762.00 -83.65 112.80
 763.00 -65.42  62.09
 764.00 -127.43 -55.32
 765.00 -63.52 158.77
 766.00 -90.45 -18.87
 767.00 -73.71 -72.47
 768.00 -81.46  80.79
 769.00 -109.46 139.25
 770.00 -73.55 107.66
 771.00 -70.97 175.30
 772.00 -56.78 -30.93
 773.00 -69.28 -45.19
 774.00 -64.61 -33.40
 775.00 -77.67 -31.33
 776.00 -54.94 -61.84
 777.00 -67.37 -25.22
 778.00  62.39 -15.25
 779.00 -90.82   2.43
 780.00 -63.57  30.94
 781.00 -52.10 -41.85
 782.00 -65.68 -50.70
 783.00 -65.11 -42.05
 784.00 -69.88 -34.10
 785.00 -79.19 -28.49
 786.00 -64.10 -38.31
 787.00 -66.29 -33.59
 788.00 -68.27 -48.58
 789.00 -71.16 -26.27
 790.00 -55.92 -39.58
 791.00 -83.15 -32.35
 792.00 -59.94 -32.17
 793.00 -51.81 -39.09
 794.00 -85.09 -48.41
 795.00 -61.26 -16.92
 796.00 -72.75 -63.10
 797.00  54.55  -8.88
 798.00 -77.45  63.97
 799.00 -85.46 134.31
 800.00 -68.65 157.82
 801.00 -58.29 -33.56
 802.00 -70.03 -37.57
 803.00 -56.14 -47.19
 804.00 -64.44 -47.98
 805.00 -75.86 -34.41
 806.00 -57.51 -44.80
 807.00 -71.22 -33.80
 808.00 -55.05 -39.09
 809.00 -84.38 -36.66
 810.00 -78.14 -11.60
 811.00 -74.24 -15.10
 812.00 -101.53 -28.35
 813.00 -114.52  18.41
 814.00 -156.49  10.83
 815.00 -149.17 132.62
 816.00 -52.63 152.45
 817.00 -55.56 141.03
 818.00 -83.55 -26.03
 819.00  64.94  -3.17
 820.00 -79.09 164.36
 821.00 -77.03 165.35
 822.00 -96.12 -35.39
 823.00 -72.50  55.15
 824.00 -83.84 -21.28
 825.00 -80.15 -25.51
 826.00 -70.24 -23.59
 827.00 -64.81 -48.78
 828.00 -57.14 -39.82
 829.00 -60.91 -55.36
 830.00 -64.81 -42.43
 831.00 -56.65 -57.05
 832.00 -62.36 -32.37
 833.00 -73.51 -54.55
 834.00 -59.29 -22.66
 835.00 -66.84 -58.63
 836.00 -81.30 -22.09
 837.00 -79.30 -27.10
 838.00 -38.68 -47.63
 839.00 -76.38 -41.79
 840.00 -120.26 -12.92
 841.00 -69.95  -1.44
 842.00 -72.85 160.23
 843.00 -149.68  81.97
 844.00 -78.19 164.52
 845.00 -56.54 110.46
 846.00 -89.07 -27.62
 847.00 -127.16  -9.64
 848.00 -51.61  73.57
 849.00 -64.15 -29.24
 850.00 -76.93 -37.59
 851.00 -66.99 -34.77
 852.00 -54.75 -41.02
 853.00 -73.01 -42.61
 854.00 -55.78 -44.88
 855.00 -53.48 -45.18
 856.00 -52.07 -51.15
 857.00 -65.09 -42.86
 858.00 -71.90 -30.63
 859.00 -67.33 -48.27
 860.00 -56.47 -35.39
 861.00 -67.06 -43.12
 862.00 -70.74 -36.49
 863.00 -64.03 -40.32
 864.00 -70.19 -32.54
 865.00 -87.28 -10.76
 866.00 -47.16 -47.27
 867.00 -70.48 -39.86
 868.00 -46.30 -48.52
 869.00 -71.97 -37.45
 870.00 -39.73 -60.46
 871.00 -61.96 -46.46
 872.00 -66.87 -48.51
 873.00 -72.09 -30.44
 874.00 -54.73 -44.18
 875.00 -65.92 -39.48
 876.00 -72.74 -48.31
 877.00 -65.97 -37.52
 878.00 -51.42 -45.17
 879.00 -97.04 -12.22
 880.00 -64.84 -45.19
 881.00 -54.52 -29.13
 882.00 -116.20 -35.44
 883.00 -63.56   1.24
 884.00 -79.50 -30.44
 885.00 -64.09 -28.34
 886.00 -90.91 -50.80
 887.00  60.78  -0.63
 888.00 -81.31  30.50
 889.00 -97.38 147.17
 890.00 -131.89 149.37
 891.00 -55.85 131.17
 892.00 -72.47 144.52
 893.00 -83.49 -33.18
 894.00 -62.33 -32.74
 895.00 -51.00 -53.82
 896.00 -67.49 -29.36
 897.00 -62.25 -38.40
 898.00 -61.10 -48.42
 899.00 -77.97 -40.02
 900.00 -125.46 -29.75
 901.00 -89.66 -41.67
 902.00 -60.75 -37.95
 903.00 -66.77 -39.66
 904.00 -68.91 -23.21
 905.00 -73.74 -31.39
 906.00 -71.58 -44.25
 907.00 -89.12 -34.69
 908.00  71.14  20.98
 909.00 -77.28  13.19
 910.00 -119.85 -21.35
 911.00 -127.17 147.13
 912.00 -65.64 139.36
 913.00 -116.09 162.64
 914.00 -85.13 110.94
 915.00 -80.75 143.05
 916.00 -96.16 -32.25
 917.00 -70.09 124.69


