 residuo Phi Psi
 669.00 -57.57 170.83
 670.00 -75.43 143.45
 671.00 -153.26 133.86
 672.00 -66.40 -13.99
 673.00 -73.05 -41.82
 674.00 -63.40 -26.53
 675.00 -55.70 -45.34
 676.00 -61.88 -48.98
 677.00 -74.35 -35.37
 678.00 -70.43 -32.90
 679.00 -101.78 -23.21
 680.00 -89.12  -0.18
 681.00 -72.03 111.96
 682.00 -61.11 158.70
 683.00 -76.83 159.80
 684.00 -69.01 111.28
 685.00 -83.21 131.99
 686.00 -80.73 146.47
 687.00  80.85 -16.12
 688.00 -58.17  18.63
 689.00 -92.14 126.54
 690.00 -57.04 122.33
 691.00 -76.15 -16.91
 692.00 -91.35  -6.24
 693.00 -70.08 135.56
 694.00 -80.05 167.21
 695.00 -131.98  88.58
 696.00 -52.88 159.67
 697.00 -58.04 -49.82
 698.00 -84.89 -48.00
 699.00 -69.42 -31.04
 700.00 -77.46 -46.15
 701.00 -63.62 -26.12
 702.00 -53.00 -42.34
 703.00 -65.50 -47.81
 704.00 -76.10 -27.31
 705.00 -66.79 -37.61
 706.00 -75.08 -32.09
 707.00 -60.34 -39.74
 708.00 -69.29 -38.70
 709.00 -74.33 -38.22
 710.00 -67.18 -26.18
 711.00 -65.94 -43.65
 712.00 -47.70 -41.14
 713.00 -73.54 -44.00
 714.00 -62.54 -38.70
 715.00 -77.45 -34.90
 716.00 -59.81 -40.21
 717.00 -63.86 -40.57
 718.00 -48.65 -59.83
 719.00 -59.15 -41.21
 720.00 -88.56 -41.73
 721.00 -67.33  12.86
 722.00 -65.07 151.37
 723.00  81.67 141.50
 724.00 -63.99 -23.36
 725.00 -63.67 -12.79
 726.00 -69.91 -18.33
 727.00 -73.47 -29.64
 728.00 -74.79 145.36
 729.00 -53.22 144.29
 730.00 -78.52 -31.42
 731.00 -78.20 -27.83
 732.00 -48.91 -33.22
 733.00 -71.50 -43.81
 734.00 -52.39 -46.82
 735.00 -54.74 -58.80
 736.00 -67.39 -37.10
 737.00 -68.72 -49.76
 738.00 -107.50 -14.60
 739.00 -97.33 -23.43
 740.00 -30.90 -10.67
 741.00 -57.81 -67.88
 742.00 -71.84 -49.15
 743.00 -45.75 -50.36
 744.00 -67.05 -59.05
 745.00 -65.80 -41.14
 746.00 -58.54 -43.82
 747.00 -64.59 -43.60
 748.00 -63.86 -37.32
 749.00 -61.36 -42.04
 750.00 -62.54 -42.31
 751.00 -56.47 -47.94
 752.00 -67.74 -45.07
 753.00 -59.10 -42.22
 754.00 -73.66 -47.15
 755.00 -72.55 -50.52
 756.00 -141.00 -43.18
 757.00  45.31  35.11
 758.00  64.66  40.69
 759.00 -66.77 -21.97
 760.00 -111.62 -24.61
 761.00 -102.51 155.75
 762.00 -83.43 101.83
 763.00 -51.67  57.64
 764.00 -155.08 -48.77
 765.00 -60.98 158.05
 766.00 -83.06 -28.85
 767.00 -162.75   6.85
 768.00 -95.37  90.96
 769.00 -87.66 136.02
 770.00 -84.07 107.53
 771.00 -64.97 170.95
 772.00 -52.48 -44.18
 773.00 -71.58 -41.69
 774.00 -53.47 -38.46
 775.00 -90.60 -32.65
 776.00 -64.83 -34.52
 777.00 -72.96 -47.25
 778.00  57.07   2.45
 779.00 -83.56 -13.83
 780.00 -48.10  29.69
 781.00 -55.23 -44.61
 782.00 -76.46 -50.48
 783.00 -69.69 -27.61
 784.00 -60.92 -42.81
 785.00 -71.41 -37.90
 786.00 -65.85 -34.76
 787.00 -70.66 -32.67
 788.00 -70.07 -38.24
 789.00 -74.45 -23.03
 790.00 -65.00 -44.82
 791.00 -69.33 -24.57
 792.00 -71.74 -29.50
 793.00 -51.12 -45.65
 794.00 -76.86 -36.27
 795.00 -59.10 -51.36
 796.00 -64.40 -42.52
 797.00  48.70 -28.50
 798.00 -76.74  65.55
 799.00 -91.08 138.19
 800.00 -45.08 152.49
 801.00 -60.29 -48.78
 802.00 -65.56 -38.75
 803.00 -49.27 -47.41
 804.00 -64.96 -50.77
 805.00 -75.99 -35.00
 806.00 -74.17 -33.08
 807.00 -65.11 -43.63
 808.00 -68.32 -31.26
 809.00 -64.78 -45.12
 810.00 -58.13 -30.11
 811.00 -67.74 -26.99
 812.00 -97.79 -40.05
 813.00 -120.14  41.89
 814.00 -160.69  12.50
 815.00 -130.31 129.42
 816.00 -66.17 153.28
 817.00 -71.24 159.02
 818.00 -82.60 -31.85
 819.00  77.07  14.58
 820.00 -77.59 172.54
 821.00 -56.86 155.33
 822.00 -113.92 -37.08
 823.00 -46.31  60.12
 824.00 -61.92 -31.11
 825.00 -57.59 -58.96
 826.00 -52.52 -40.88
 827.00 -51.67 -54.69
 828.00 -70.93 -48.53
 829.00 -65.82 -40.77
 830.00 -64.41 -37.50
 831.00 -69.03 -45.78
 832.00 -58.64 -35.78
 833.00 -73.97 -44.61
 834.00 -72.19 -25.00
 835.00 -80.79 -31.73
 836.00 -79.54 -25.65
 837.00 -63.10 -26.78
 838.00 -68.71 -43.27
 839.00 -53.56 -31.08
 840.00 -101.72 -49.44
 841.00 -53.56   1.57
 842.00 -77.03 129.81
 843.00 -157.30  95.56
 844.00 -60.27 144.05
 845.00 -69.37 105.42
 846.00 -59.93 -24.32
 847.00 -102.52 -25.17
 848.00 -50.65  84.35
 849.00 -74.19 -40.96
 850.00 -71.48 -20.35
 851.00 -64.99 -37.90
 852.00 -65.13 -33.97
 853.00 -73.67 -37.74
 854.00 -62.53 -37.28
 855.00 -61.87 -50.23
 856.00 -53.61 -39.27
 857.00 -57.59 -53.32
 858.00 -81.23 -24.74
 859.00 -81.06 -26.78
 860.00 -62.35 -31.09
 861.00 -57.00 -49.23
 862.00 -63.97 -44.71
 863.00 -54.06 -47.60
 864.00 -61.97 -33.12
 865.00 -77.82 -19.62
 866.00 -57.66 -33.24
 867.00 -68.23 -47.92
 868.00 -64.49 -33.84
 869.00 -55.94 -47.94
 870.00 -64.34 -46.42
 871.00 -57.73 -37.88
 872.00 -73.98 -47.84
 873.00 -55.74 -36.56
 874.00 -62.09 -47.75
 875.00 -67.80 -35.92
 876.00 -74.69 -49.76
 877.00 -67.23 -28.59
 878.00 -63.21 -43.96
 879.00 -63.54 -36.03
 880.00 -72.62 -43.22
 881.00 -60.63 -37.87
 882.00 -83.24 -40.13
 883.00 -50.57   9.94
 884.00 -65.45 -52.73
 885.00 -66.24 -36.86
 886.00 -107.73 -20.13
 887.00  63.08  -8.29
 888.00 -95.22  31.06
 889.00 -91.08 120.61
 890.00 -115.87 136.55
 891.00 -66.52 122.02
 892.00 -51.66 153.14
 893.00 -72.94 -40.56
 894.00 -64.23 -44.34
 895.00 -65.87 -32.43
 896.00 -64.58 -39.51
 897.00 -67.83 -36.19
 898.00 -73.00 -46.60
 899.00 -91.45 -33.06
 900.00 -109.70 -22.62
 901.00 -91.03 -44.53
 902.00 -58.60 -47.80
 903.00 -64.68 -48.04
 904.00 -75.96  -9.77
 905.00 -76.75 -30.40
 906.00 -73.89 -44.69
 907.00 -137.86  11.62
 908.00  58.03  20.00
 909.00 -79.07  26.63
 910.00 -147.82   9.87
 911.00 -149.44 147.94
 912.00 -54.54 120.05
 913.00 -88.22 144.89
 914.00 -83.17 117.71
 915.00 -72.63 135.09
 916.00 -99.89 -40.85
 917.00 -61.23 135.25


