 residuo Phi Psi
 669.00 -90.72 138.52
 670.00 -59.94 157.68
 671.00 -138.02 148.84
 672.00 -68.30 -18.32
 673.00 -66.88 -30.94
 674.00 -66.98 -42.94
 675.00 -67.03 -34.79
 676.00 -71.61 -41.11
 677.00 -68.84 -31.25
 678.00 -86.35 -24.18
 679.00 -68.41 -51.46
 680.00 -66.06  -9.46
 681.00 -69.71 120.40
 682.00 -57.35 168.75
 683.00 -54.50 149.18
 684.00 -100.05 140.11
 685.00 -80.94 113.50
 686.00 -82.22 154.27
 687.00  69.99  -4.51
 688.00 -86.63  24.34
 689.00 -133.66 157.11
 690.00 -64.48 116.22
 691.00 -76.64   0.75
 692.00 -69.91 -10.43
 693.00 -68.56 151.51
 694.00 -88.32 130.85
 695.00 -155.89 135.36
 696.00 -54.26 169.22
 697.00 -58.70 -72.27
 698.00 -49.41 -40.75
 699.00 -68.12 -52.84
 700.00 -62.79 -38.70
 701.00 -55.25 -44.63
 702.00 -57.62 -46.96
 703.00 -72.07 -39.87
 704.00 -65.52 -33.95
 705.00 -61.57 -45.60
 706.00 -66.81 -43.36
 707.00 -69.64 -25.28
 708.00 -81.50 -32.14
 709.00 -63.69 -32.64
 710.00 -75.12 -41.21
 711.00 -62.21 -33.39
 712.00 -54.08 -41.02
 713.00 -70.13 -46.57
 714.00 -69.95 -38.68
 715.00 -67.08 -35.99
 716.00 -54.87 -38.69
 717.00 -73.84 -35.22
 718.00 -60.41 -51.31
 719.00 -67.19 -24.24
 720.00 -102.50 -28.21
 721.00 -68.43   2.26
 722.00 -53.68 115.71
 723.00  88.57 125.85
 724.00 -52.11 -12.79
 725.00 -79.84 -35.75
 726.00 -67.64   7.27
 727.00 -79.76 -25.44
 728.00 -54.44 142.32
 729.00 -63.97 150.68
 730.00 -74.37 -27.23
 731.00 -81.03 -16.49
 732.00 -62.23 -31.62
 733.00 -50.96 -49.18
 734.00 -66.12 -42.89
 735.00 -79.17 -48.27
 736.00 -59.44 -28.68
 737.00 -68.71 -45.50
 738.00 -80.61 -27.82
 739.00 -92.11 -32.56
 740.00 -55.26 -16.17
 741.00 -70.66 -42.09
 742.00 -70.78 -54.55
 743.00 -66.77 -25.39
 744.00 -73.48 -49.02
 745.00 -60.42 -30.18
 746.00 -65.58 -50.97
 747.00 -61.36 -42.01
 748.00 -79.30 -34.08
 749.00 -73.76 -34.72
 750.00 -63.40 -27.74
 751.00 -50.82 -63.01
 752.00 -66.36 -35.19
 753.00 -72.01 -34.63
 754.00 -67.77 -41.02
 755.00 -88.83 -51.22
 756.00 -125.90 -45.70
 757.00  53.41  19.89
 758.00  65.94  38.18
 759.00 -54.72  -9.59
 760.00 -133.81 -36.87
 761.00 -89.40 159.78
 762.00 -82.38 108.95
 763.00 -66.03  70.74
 764.00 -144.89 -43.51
 765.00 -56.61 164.16
 766.00 -94.46 -34.83
 767.00 -76.13 -54.02
 768.00 -77.70  62.93
 769.00 -106.96 146.11
 770.00 -83.68 101.90
 771.00 -52.35 163.78
 772.00 -53.70 -32.33
 773.00 -70.51 -45.50
 774.00 -65.17 -30.43
 775.00 -68.10 -48.22
 776.00 -70.17 -39.06
 777.00 -100.93 -21.00
 778.00  54.91   8.51
 779.00 -90.74 -11.67
 780.00 -53.44  41.85
 781.00 -63.40 -46.28
 782.00 -78.80 -29.46
 783.00 -58.42 -53.64
 784.00 -81.74 -28.65
 785.00 -55.33 -37.72
 786.00 -65.01 -39.17
 787.00 -57.30 -45.45
 788.00 -77.67 -38.01
 789.00 -70.83 -14.80
 790.00 -75.25 -48.08
 791.00 -59.40 -25.80
 792.00 -65.98 -42.48
 793.00 -54.21 -37.44
 794.00 -82.04 -38.33
 795.00 -62.71 -41.88
 796.00 -68.14 -37.81
 797.00  56.48 -34.52
 798.00 -59.30  55.06
 799.00 -82.40 129.81
 800.00 -57.09 146.16
 801.00 -74.02 -15.64
 802.00 -60.09 -54.57
 803.00 -47.11 -42.16
 804.00 -62.87 -52.66
 805.00 -63.61 -39.73
 806.00 -78.21 -34.74
 807.00 -66.49 -38.89
 808.00 -66.45 -34.26
 809.00 -83.46 -27.13
 810.00 -54.75 -33.94
 811.00 -57.12 -38.87
 812.00 -120.20 -13.22
 813.00 -120.93  36.06
 814.00 -155.19  20.24
 815.00 -145.16 127.84
 816.00 -54.22 164.88
 817.00 -70.36 160.22
 818.00 -90.23 -23.61
 819.00  84.79  -2.10
 820.00 -81.95 172.82
 821.00 -51.07 155.55
 822.00 -120.99 -26.61
 823.00 -59.20  42.54
 824.00 -66.39 -32.85
 825.00 -70.85 -38.02
 826.00 -67.56 -28.16
 827.00 -81.17 -35.35
 828.00 -71.66 -30.13
 829.00 -61.43 -43.16
 830.00 -58.07 -50.90
 831.00 -68.25 -43.36
 832.00 -50.83 -45.70
 833.00 -73.18 -44.74
 834.00 -73.19 -27.92
 835.00 -73.55 -40.95
 836.00 -63.02 -26.96
 837.00 -48.53 -50.43
 838.00 -58.71 -56.17
 839.00 -55.27 -33.04
 840.00 -133.30 -34.59
 841.00 -64.10  17.36
 842.00 -72.17 135.19
 843.00 -154.44  99.26
 844.00 -76.64 164.84
 845.00 -60.74  95.37
 846.00 -74.44 -25.66
 847.00 -130.86 -13.12
 848.00 -57.78  75.66
 849.00 -60.05  -7.76
 850.00 -76.81 -23.74
 851.00 -77.48 -38.83
 852.00 -65.54 -34.60
 853.00 -70.04 -31.97
 854.00 -63.06 -45.95
 855.00 -61.47 -38.06
 856.00 -65.84 -37.67
 857.00 -58.58 -52.85
 858.00 -79.48 -31.50
 859.00 -74.56 -37.90
 860.00 -62.56 -26.30
 861.00 -70.98 -35.20
 862.00 -54.39 -40.69
 863.00 -51.53 -58.53
 864.00 -66.56 -36.25
 865.00 -87.27  -5.92
 866.00 -60.78 -42.40
 867.00 -72.16 -28.63
 868.00 -66.25 -42.19
 869.00 -43.23 -45.52
 870.00 -73.23 -47.59
 871.00 -63.08 -32.66
 872.00 -48.62 -55.11
 873.00 -58.26 -46.58
 874.00 -67.62 -48.82
 875.00 -75.35 -25.84
 876.00 -71.43 -40.09
 877.00 -64.09 -40.66
 878.00 -56.06 -42.93
 879.00 -83.77 -23.29
 880.00 -67.72 -45.63
 881.00 -85.53 -40.03
 882.00 -115.96  -2.91
 883.00 -52.25  13.53
 884.00 -53.41 -29.28
 885.00 -115.98 -30.93
 886.00 -83.11 -36.23
 887.00  48.18 -11.43
 888.00 -83.27  32.21
 889.00 -85.36 128.84
 890.00 -124.68 137.60
 891.00 -66.55 138.12
 892.00 -62.81 150.38
 893.00 -65.07 -35.57
 894.00 -62.06 -46.06
 895.00 -64.50 -32.05
 896.00 -69.67 -47.95
 897.00 -61.12 -26.53
 898.00 -65.25 -66.07
 899.00 -71.68 -34.68
 900.00 -111.24 -25.05
 901.00 -86.17 -54.58
 902.00 -66.46 -37.78
 903.00 -66.21 -45.22
 904.00 -75.08 -17.58
 905.00 -80.97 -21.24
 906.00 -65.02 -44.90
 907.00 -82.51 -26.72
 908.00  79.31  -5.95
 909.00 -72.09  11.35
 910.00 -133.90 -17.47
 911.00 -124.08 130.49
 912.00 -72.42 135.10
 913.00 -102.74 158.24
 914.00 -96.11 111.25
 915.00 -71.71 150.26
 916.00 -138.26 -41.46
 917.00 -132.41 144.90


