 residuo Phi Psi
 669.00 -66.56 126.02
 670.00 -90.13 145.12
 671.00 -70.83  69.93
 672.00 -57.15  -8.82
 673.00 -66.45 -34.92
 674.00 -80.41 -22.49
 675.00 -74.81 -30.00
 676.00 -58.36 -47.11
 677.00 -80.26 -39.98
 678.00 -83.42 -12.14
 679.00 -95.53 -24.30
 680.00 -85.59  -2.06
 681.00 -79.65 130.87
 682.00 -67.73 169.24
 683.00 -71.68 168.34
 684.00 -122.24 135.21
 685.00 -95.95 132.35
 686.00 -77.79 147.29
 687.00  81.52  -5.60
 688.00 -92.92  15.04
 689.00 -134.97 157.29
 690.00 -79.17 120.08
 691.00 -69.48 -10.24
 692.00 -91.81 -16.83
 693.00 -49.50 147.94
 694.00 -69.28 148.40
 695.00 -153.76 128.93
 696.00 -38.40 159.28
 697.00 -75.67 -57.32
 698.00 -56.74 -44.79
 699.00 -87.87 -28.29
 700.00 -65.64 -45.58
 701.00 -59.09 -39.57
 702.00 -73.04 -32.98
 703.00 -61.31 -38.02
 704.00 -69.31 -42.03
 705.00 -58.72 -43.20
 706.00 -74.20 -37.47
 707.00 -65.83 -27.57
 708.00 -70.03 -40.48
 709.00 -57.83 -48.70
 710.00 -55.65 -55.58
 711.00 -73.46 -27.14
 712.00 -52.62 -45.30
 713.00 -74.01 -38.53
 714.00 -61.24 -47.02
 715.00 -67.49 -27.01
 716.00 -58.71 -48.16
 717.00 -53.21 -50.19
 718.00 -52.82 -51.08
 719.00 -60.64 -55.69
 720.00 -107.40 -11.85
 721.00 -67.65  -3.31
 722.00 -72.19 136.56
 723.00  91.32 123.87
 724.00 -51.86  -4.71
 725.00 -54.70 -36.90
 726.00 -81.22 -12.63
 727.00 -87.17 -19.68
 728.00 -59.98 157.58
 729.00 -72.68 156.90
 730.00 -70.84 -31.21
 731.00 -50.68 -52.27
 732.00 -60.39 -45.64
 733.00 -77.19 -38.45
 734.00 -68.56 -20.73
 735.00 -69.94 -55.62
 736.00 -72.61 -28.24
 737.00 -66.40 -44.75
 738.00 -96.55 -18.84
 739.00 -78.55 -33.60
 740.00 -60.73 -23.42
 741.00 -58.91 -45.82
 742.00 -73.60 -46.02
 743.00 -72.41 -32.02
 744.00 -80.43 -32.67
 745.00 -64.36 -37.61
 746.00 -57.99 -49.36
 747.00 -79.10 -36.58
 748.00 -52.12 -41.88
 749.00 -63.97 -42.05
 750.00 -71.02 -36.74
 751.00 -48.94 -44.31
 752.00 -65.23 -48.71
 753.00 -69.44 -36.20
 754.00 -68.93 -44.93
 755.00 -62.18 -72.34
 756.00 -140.94 -36.02
 757.00  44.93  27.73
 758.00  59.97  32.83
 759.00 -59.17  -6.98
 760.00 -113.26 -35.68
 761.00 -81.87 145.79
 762.00 -92.37 128.47
 763.00 -54.08  64.01
 764.00 -151.52 -54.49
 765.00 -57.49 152.49
 766.00 -88.01 -33.16
 767.00 -124.43 -15.99
 768.00 -99.61  78.66
 769.00 -94.29 135.48
 770.00 -80.41 110.03
 771.00 -55.18 172.47
 772.00 -62.09 -45.65
 773.00 -61.50 -41.53
 774.00 -59.98 -37.62
 775.00 -83.63 -37.48
 776.00 -63.82 -46.36
 777.00 -73.64 -14.85
 778.00  53.08 -13.11
 779.00 -130.67  16.18
 780.00 -76.13  60.83
 781.00 -58.37 -43.57
 782.00 -64.31 -44.40
 783.00 -67.24 -35.39
 784.00 -56.61 -42.36
 785.00 -67.16 -47.27
 786.00 -66.24 -45.31
 787.00 -64.37 -25.56
 788.00 -43.66 -57.16
 789.00 -76.73 -45.78
 790.00 -82.07 -17.70
 791.00 -51.23 -36.62
 792.00 -59.71 -30.75
 793.00 -62.09 -43.77
 794.00 -87.90 -21.50
 795.00 -55.53 -42.68
 796.00 -89.34 -36.79
 797.00  49.79 -19.31
 798.00 -81.23  67.61
 799.00 -79.59 136.21
 800.00 -55.88 153.33
 801.00 -83.57 -28.51
 802.00 -64.68 -38.59
 803.00 -57.46 -33.59
 804.00 -55.28 -61.10
 805.00 -86.27 -34.81
 806.00 -59.00 -37.27
 807.00 -67.13 -42.56
 808.00 -73.84 -23.97
 809.00 -72.62 -41.17
 810.00 -59.63 -24.46
 811.00 -73.95 -22.65
 812.00 -113.01 -25.89
 813.00 -137.42  47.55
 814.00 -143.15   7.99
 815.00 -148.32 131.09
 816.00 -63.49 144.89
 817.00 -69.37 152.94
 818.00 -69.14 -30.15
 819.00  71.21 -13.49
 820.00 -63.84 159.66
 821.00 -64.41 153.47
 822.00 -131.36 -33.25
 823.00 -75.45  90.26
 824.00 -59.42 -16.50
 825.00 -78.77 -43.19
 826.00 -61.11 -32.27
 827.00 -63.28 -60.35
 828.00 -64.01 -27.82
 829.00 -64.14 -55.34
 830.00 -55.54 -40.15
 831.00 -63.65 -46.47
 832.00 -59.53 -39.34
 833.00 -63.49 -45.57
 834.00 -66.07 -37.86
 835.00 -68.49 -49.90
 836.00 -58.84 -40.56
 837.00 -63.48 -39.17
 838.00 -65.32 -42.49
 839.00 -53.06 -33.71
 840.00 -114.71 -31.33
 841.00 -54.94  -5.33
 842.00 -79.54 147.71
 843.00 -176.73 107.59
 844.00 -113.19 169.20
 845.00 -49.41 100.70
 846.00 -61.07 -31.16
 847.00 -106.79 -27.58
 848.00 -68.66  92.93
 849.00 -58.28 -28.06
 850.00 -58.02 -36.62
 851.00 -72.60 -39.59
 852.00 -66.76 -36.03
 853.00 -56.12 -49.46
 854.00 -53.00 -58.10
 855.00 -62.40 -47.45
 856.00 -64.55 -37.57
 857.00 -72.55 -40.27
 858.00 -80.48 -22.07
 859.00 -72.73 -33.24
 860.00 -49.35 -40.04
 861.00 -54.12 -56.21
 862.00 -58.22 -53.62
 863.00 -58.79 -46.46
 864.00 -63.19 -32.39
 865.00 -85.08 -19.51
 866.00 -59.89 -34.20
 867.00 -63.84 -37.65
 868.00 -71.49 -43.16
 869.00 -54.76 -41.77
 870.00 -60.58 -48.37
 871.00 -64.73 -36.50
 872.00 -63.80 -40.09
 873.00 -61.28 -40.17
 874.00 -78.26 -42.24
 875.00 -73.27 -33.19
 876.00 -65.20 -43.06
 877.00 -67.80 -28.81
 878.00 -51.35 -56.56
 879.00 -64.05 -45.74
 880.00 -59.00 -42.04
 881.00 -68.47 -39.51
 882.00 -85.18 -39.39
 883.00 -40.01  -8.61
 884.00 -64.08 -50.07
 885.00 -65.37 -42.23
 886.00 -116.01 -25.17
 887.00  47.96  18.36
 888.00 -85.20  27.93
 889.00 -109.51 132.59
 890.00 -117.97 144.74
 891.00 -55.34 133.96
 892.00 -69.18 155.86
 893.00 -77.64 -37.48
 894.00 -75.95 -29.07
 895.00 -60.65 -48.91
 896.00 -63.70 -39.05
 897.00 -57.12 -44.36
 898.00 -75.58 -48.14
 899.00 -91.82 -25.12
 900.00 -129.28 -12.18
 901.00 -95.71 -42.94
 902.00 -68.98 -33.63
 903.00 -64.26 -34.11
 904.00 -65.42 -20.18
 905.00 -72.53 -28.29
 906.00 -61.48 -51.46
 907.00 -85.81 -30.56
 908.00  85.52   0.79
 909.00 -57.74  -7.10
 910.00 -100.16 -33.28
 911.00 -120.46 141.96
 912.00 -53.16 131.11
 913.00 -94.46 156.01
 914.00 -86.46 102.29
 915.00 -82.17 133.98
 916.00 -112.40 -38.61
 917.00 -52.04 152.84


