 residuo Phi Psi
 669.00 -65.16 157.23
 670.00 -74.07 132.24
 671.00 -140.13 149.34
 672.00 -61.61 -23.50
 673.00 -79.64 -41.21
 674.00 -61.90 -32.77
 675.00 -61.37 -35.20
 676.00 -57.07 -52.79
 677.00 -61.01 -46.69
 678.00 -60.98 -44.49
 679.00 -66.50 -43.69
 680.00 -67.57 -11.82
 681.00 -60.98 123.46
 682.00 -64.47 175.59
 683.00 -70.04 153.70
 684.00 -107.96 127.12
 685.00 -65.12 133.34
 686.00 -68.47 143.06
 687.00  96.06 -24.69
 688.00 -64.68  -5.00
 689.00 -78.97 128.82
 690.00 -55.77 103.78
 691.00 -80.46   2.66
 692.00 -66.25 -16.28
 693.00 -78.46 139.88
 694.00 -91.32 155.38
 695.00 -97.31  70.01
 696.00 -62.46 166.10
 697.00 -65.91 -36.32
 698.00 -74.97 -43.59
 699.00 -58.07 -53.89
 700.00 -80.69 -35.78
 701.00 -57.67 -34.80
 702.00 -74.71 -36.18
 703.00 -72.05 -38.40
 704.00 -65.07 -41.12
 705.00 -58.29 -36.14
 706.00 -56.28 -57.02
 707.00 -55.10 -33.74
 708.00 -60.84 -54.62
 709.00 -69.00 -35.84
 710.00 -54.43 -56.89
 711.00 -64.07 -46.55
 712.00 -69.43 -33.89
 713.00 -84.56 -25.69
 714.00 -47.28 -41.54
 715.00 -68.10 -47.97
 716.00 -83.03 -19.54
 717.00 -76.12 -29.98
 718.00 -66.44 -41.39
 719.00 -55.54 -36.56
 720.00 -91.65 -30.73
 721.00 -79.06   3.08
 722.00 -55.86 138.51
 723.00  75.85 131.39
 724.00 -64.95 -14.17
 725.00 -59.72 -38.85
 726.00 -79.55 -12.56
 727.00 -66.11 -20.65
 728.00 -60.45 147.77
 729.00 -60.53 138.27
 730.00 -78.00 -26.99
 731.00 -70.64 -25.91
 732.00 -45.48 -45.79
 733.00 -59.55 -47.48
 734.00 -73.05 -36.57
 735.00 -64.88 -49.21
 736.00 -55.41 -45.92
 737.00 -66.83 -49.82
 738.00 -87.83 -33.15
 739.00 -82.33 -27.00
 740.00 -51.76  -9.44
 741.00 -63.51 -50.98
 742.00 -61.99 -47.31
 743.00 -54.25 -45.56
 744.00 -74.32 -50.00
 745.00 -63.84 -40.85
 746.00 -62.37 -31.67
 747.00 -62.05 -55.98
 748.00 -69.43 -32.80
 749.00 -64.93 -40.63
 750.00 -54.67 -37.67
 751.00 -48.56 -62.75
 752.00 -68.79 -33.91
 753.00 -60.38 -45.93
 754.00 -64.59 -44.77
 755.00 -74.02 -69.89
 756.00 -126.40 -38.21
 757.00  55.55  12.80
 758.00  61.65  38.42
 759.00 -61.34   5.05
 760.00 -109.32 -49.65
 761.00 -78.92 156.32
 762.00 -84.31 109.66
 763.00 -75.07  85.00
 764.00 -133.24 -64.83
 765.00 -70.99 168.05
 766.00 -101.42 -15.95
 767.00 -139.53 -15.24
 768.00 -122.73 107.99
 769.00 -98.17 152.03
 770.00 -62.05 100.82
 771.00 -54.99 -178.05
 772.00 -64.53 -42.86
 773.00 -75.11 -45.73
 774.00 -70.01 -18.38
 775.00 -83.94 -30.75
 776.00 -62.56 -46.46
 777.00 -78.13 -30.54
 778.00  62.24 -11.30
 779.00 -139.13  34.98
 780.00 -67.10  39.70
 781.00 -66.44 -39.39
 782.00 -58.94 -40.18
 783.00 -64.18 -40.01
 784.00 -60.71 -43.12
 785.00 -53.92 -55.66
 786.00 -64.14 -39.07
 787.00 -73.24 -33.15
 788.00 -58.78 -45.01
 789.00 -72.38 -28.12
 790.00 -73.14 -37.22
 791.00 -73.83 -36.52
 792.00 -73.74 -10.94
 793.00 -67.08 -25.80
 794.00 -73.49 -39.50
 795.00 -49.31 -40.98
 796.00 -106.11 -38.74
 797.00  60.43  -4.72
 798.00 -74.74  50.82
 799.00 -97.72 141.24
 800.00 -44.58 156.81
 801.00 -64.43 -40.53
 802.00 -66.59 -47.92
 803.00 -50.11 -46.20
 804.00 -56.15 -49.88
 805.00 -82.88 -50.87
 806.00 -69.82 -21.46
 807.00 -70.39 -34.92
 808.00 -66.24 -35.03
 809.00 -70.10 -45.06
 810.00 -64.40 -28.26
 811.00 -71.22 -19.24
 812.00 -81.04 -40.51
 813.00 -131.08  40.68
 814.00 -142.38   8.43
 815.00 -157.44 130.94
 816.00 -52.78 165.88
 817.00 -73.18 148.10
 818.00 -66.08 -26.56
 819.00  88.04 -21.08
 820.00 -73.98 -176.34
 821.00 -70.00 175.90
 822.00 -133.24 -20.11
 823.00 -67.69  65.66
 824.00 -62.24 -24.72
 825.00 -55.35 -41.04
 826.00 -78.84 -34.77
 827.00 -68.72 -43.76
 828.00 -88.35 -14.51
 829.00 -66.18 -42.55
 830.00 -58.03 -56.38
 831.00 -57.67 -44.09
 832.00 -75.51 -39.63
 833.00 -72.18 -29.95
 834.00 -74.83 -20.18
 835.00 -59.35 -44.34
 836.00 -68.22 -42.49
 837.00 -57.33 -45.46
 838.00 -63.82 -50.12
 839.00 -75.99 -13.65
 840.00 -111.30 -29.61
 841.00 -57.62   5.17
 842.00 -75.54 143.08
 843.00 -148.11  97.03
 844.00 -61.49 153.74
 845.00 -54.40 111.16
 846.00 -52.21 -49.16
 847.00 -128.07 -27.77
 848.00 -42.53  80.72
 849.00 -49.71 -36.86
 850.00 -68.93 -38.45
 851.00 -72.62 -46.44
 852.00 -59.41 -47.62
 853.00 -71.31 -40.08
 854.00 -64.17 -38.42
 855.00 -57.28 -29.63
 856.00 -61.88 -48.64
 857.00 -62.30 -31.49
 858.00 -63.03 -42.18
 859.00 -73.84 -40.98
 860.00 -62.18 -35.85
 861.00 -69.85 -34.27
 862.00 -64.05 -42.77
 863.00 -80.57 -29.86
 864.00 -68.42 -17.18
 865.00 -64.24 -26.45
 866.00 -64.41 -46.53
 867.00 -69.23 -39.27
 868.00 -76.28 -29.97
 869.00 -52.47 -38.34
 870.00 -59.47 -52.33
 871.00 -64.28 -42.07
 872.00 -86.12 -32.02
 873.00 -56.95 -35.79
 874.00 -57.85 -46.90
 875.00 -69.89 -43.52
 876.00 -65.36 -46.45
 877.00 -58.66 -41.86
 878.00 -66.22 -44.33
 879.00 -97.11 -11.49
 880.00 -56.77 -46.47
 881.00 -56.08 -40.32
 882.00 -99.56 -47.87
 883.00 -60.74  11.75
 884.00 -67.80 -35.01
 885.00 -83.91 -26.90
 886.00 -88.65 -36.89
 887.00  55.38   9.40
 888.00 -80.73  15.13
 889.00 -80.37 118.09
 890.00 -115.54 129.35
 891.00 -64.12 119.94
 892.00 -62.86 152.69
 893.00 -63.24 -43.44
 894.00 -70.75 -38.84
 895.00 -55.77 -46.13
 896.00 -48.32 -44.87
 897.00 -62.73 -55.08
 898.00 -71.75 -45.07
 899.00 -84.97 -34.45
 900.00 -101.13 -39.68
 901.00 -96.65 -47.72
 902.00 -58.35 -39.64
 903.00 -61.62 -43.40
 904.00 -75.81 -20.56
 905.00 -74.75 -25.58
 906.00 -64.45 -45.94
 907.00 -81.06 -30.43
 908.00  96.79 -14.41
 909.00 -65.52   0.63
 910.00 -119.28 -29.88
 911.00 -154.20 141.02
 912.00 -62.13 154.95
 913.00 -88.99 152.38
 914.00 -57.21  73.38
 915.00 -80.00 146.06
 916.00 -90.61 -44.66
 917.00 -62.91  43.23


