 residuo Phi Psi
 669.00 -59.49  58.79
 670.00 -72.44 138.91
 671.00 -68.74  40.28
 672.00 -64.91 -33.22
 673.00 -65.35 -37.23
 674.00 -77.41 -36.83
 675.00 -94.71  -4.11
 676.00 -48.65 -62.14
 677.00 -72.10 -46.22
 678.00 -69.17 -33.45
 679.00 -102.53 -27.07
 680.00 -71.72   3.49
 681.00 -49.89 109.92
 682.00 -61.53 150.88
 683.00 -82.34 178.52
 684.00 -96.73 116.79
 685.00 -71.32 121.49
 686.00 -67.03 134.66
 687.00  78.39 -28.61
 688.00 -96.92  29.30
 689.00 -93.66 142.04
 690.00 -56.95  91.62
 691.00 -82.87  -4.61
 692.00 -86.97   3.03
 693.00 -70.10 169.21
 694.00 -60.78 137.52
 695.00 -153.32 115.03
 696.00 -50.01 139.15
 697.00 -59.81 -64.67
 698.00 -53.53 -44.29
 699.00 -56.02 -59.30
 700.00 -74.05 -44.39
 701.00 -65.38 -31.87
 702.00 -62.61 -37.98
 703.00 -59.05 -45.36
 704.00 -62.86 -43.98
 705.00 -60.23 -42.44
 706.00 -63.78 -47.38
 707.00 -75.40 -21.09
 708.00 -59.17 -31.13
 709.00 -65.84 -49.60
 710.00 -70.93 -42.12
 711.00 -68.63 -29.34
 712.00 -54.80 -46.12
 713.00 -76.38 -40.75
 714.00 -55.74 -43.98
 715.00 -69.52 -31.88
 716.00 -57.89 -50.94
 717.00 -67.45 -39.69
 718.00 -54.00 -53.38
 719.00 -66.37 -41.54
 720.00 -83.52 -29.49
 721.00 -52.25 -14.94
 722.00 -52.40 132.65
 723.00  78.03 148.06
 724.00 -60.78 -15.54
 725.00 -54.74 -32.75
 726.00 -64.18 -25.57
 727.00 -80.24 -33.92
 728.00 -75.82 167.22
 729.00 -44.82 143.47
 730.00 -96.72 -37.41
 731.00 -82.32 -10.71
 732.00 -47.39 -40.45
 733.00 -79.04 -34.62
 734.00 -73.66 -31.04
 735.00 -71.34 -42.88
 736.00 -56.08 -36.55
 737.00 -60.39 -66.19
 738.00 -90.97 -19.03
 739.00 -107.49 -14.72
 740.00 -59.43  -0.67
 741.00 -69.28 -43.00
 742.00 -69.15 -50.69
 743.00 -59.44 -41.03
 744.00 -73.26 -50.33
 745.00 -62.72 -30.77
 746.00 -94.49 -27.92
 747.00 -65.97 -31.81
 748.00 -68.67 -36.83
 749.00 -62.66 -41.90
 750.00 -67.49 -34.43
 751.00 -69.26 -46.19
 752.00 -78.55 -22.13
 753.00 -66.44 -37.26
 754.00 -66.20 -54.93
 755.00 -104.10 -46.14
 756.00 -134.03 -27.27
 757.00  43.99  31.12
 758.00  52.98  31.74
 759.00 -80.25  19.20
 760.00 -86.40 -55.71
 761.00 -117.09 174.25
 762.00 -87.45 121.61
 763.00 -41.77  52.50
 764.00 -143.93 -50.63
 765.00 -73.07 161.37
 766.00 -82.65 -29.37
 767.00 -83.81 -58.57
 768.00 -85.29  76.84
 769.00 -85.06 129.53
 770.00 -70.07 100.75
 771.00 -46.50 164.46
 772.00 -47.48 -59.23
 773.00 -74.51 -33.35
 774.00 -58.34 -41.69
 775.00 -59.97 -44.40
 776.00 -84.91 -41.65
 777.00 -67.74 -18.90
 778.00  56.82 -15.86
 779.00 -68.89 -17.65
 780.00 -58.11  28.54
 781.00 -63.77 -49.45
 782.00 -57.78 -48.66
 783.00 -60.79 -29.94
 784.00 -69.83 -43.98
 785.00 -76.07 -27.06
 786.00 -65.67 -40.49
 787.00 -61.50 -39.57
 788.00 -75.27 -39.14
 789.00 -68.15 -41.53
 790.00 -58.49 -36.67
 791.00 -65.05 -37.88
 792.00 -53.79 -25.93
 793.00 -60.80 -35.68
 794.00 -92.06 -25.45
 795.00 -74.95 -36.19
 796.00 -96.86 -31.78
 797.00  62.65   7.55
 798.00 -70.96  32.30
 799.00 -112.15 156.77
 800.00 -58.61 159.92
 801.00 -62.45 -32.72
 802.00 -61.18 -52.29
 803.00 -50.61 -45.46
 804.00 -65.09 -50.96
 805.00 -73.25 -42.77
 806.00 -56.59 -34.11
 807.00 -83.41 -44.51
 808.00 -62.41 -22.55
 809.00 -68.60 -42.10
 810.00 -54.90 -39.27
 811.00 -68.38 -18.77
 812.00 -105.24 -38.74
 813.00 -159.19  64.47
 814.00 -156.42   8.27
 815.00 -143.99 113.68
 816.00 -66.33 168.02
 817.00 -63.36 150.18
 818.00 -77.02 -33.57
 819.00  72.04 -12.20
 820.00 -73.43 178.24
 821.00 -62.89 156.96
 822.00 -115.16 -34.57
 823.00 -71.23  70.24
 824.00 -44.51 -46.15
 825.00 -74.53 -39.63
 826.00 -68.01 -35.28
 827.00 -68.04 -38.29
 828.00 -65.66 -33.08
 829.00 -54.62 -47.01
 830.00 -55.95 -57.95
 831.00 -64.04 -47.10
 832.00 -58.19 -42.91
 833.00 -57.99 -48.45
 834.00 -68.85 -31.81
 835.00 -71.94 -43.77
 836.00 -73.22 -17.30
 837.00 -56.04 -44.60
 838.00 -63.31 -45.87
 839.00 -65.88 -25.32
 840.00 -118.14 -32.51
 841.00 -49.18  -8.61
 842.00 -79.45 144.48
 843.00 -148.34 103.04
 844.00 -83.95 158.57
 845.00 -71.79  99.91
 846.00 -38.69 -15.66
 847.00 -137.58 -40.94
 848.00 -52.04  89.20
 849.00 -57.85 -25.19
 850.00 -52.63 -36.97
 851.00 -83.74 -31.82
 852.00 -61.20 -30.00
 853.00 -59.52 -43.73
 854.00 -69.45 -41.21
 855.00 -62.97 -51.58
 856.00 -49.97 -40.35
 857.00 -57.47 -47.54
 858.00 -76.48 -32.03
 859.00 -57.01 -42.76
 860.00 -69.33 -40.63
 861.00 -59.05 -38.37
 862.00 -67.64 -50.61
 863.00 -74.38 -31.21
 864.00 -72.22 -28.88
 865.00 -60.63 -22.31
 866.00 -70.33 -32.44
 867.00 -55.82 -46.35
 868.00 -80.07 -20.24
 869.00 -68.73 -57.56
 870.00 -66.61 -29.44
 871.00 -64.27 -41.33
 872.00 -79.37 -36.49
 873.00 -53.93 -36.00
 874.00 -61.32 -45.20
 875.00 -61.36 -50.17
 876.00 -69.15 -41.00
 877.00 -79.31 -28.51
 878.00 -57.87 -38.45
 879.00 -68.82 -45.43
 880.00 -70.50 -28.09
 881.00 -41.12 -60.02
 882.00 -88.30 -46.80
 883.00 -52.60   1.07
 884.00 -72.94 -37.36
 885.00 -75.32 -35.68
 886.00 -128.27   3.71
 887.00  66.60  -9.20
 888.00 -91.07  25.77
 889.00 -93.75 131.76
 890.00 -121.59 137.93
 891.00 -65.16 131.17
 892.00 -42.99 134.63
 893.00 -53.45 -42.73
 894.00 -81.52 -46.40
 895.00 -60.14 -35.20
 896.00 -72.21 -38.11
 897.00 -63.50 -38.51
 898.00 -66.47 -50.15
 899.00 -68.09 -48.62
 900.00 -98.78 -36.21
 901.00 -80.48 -57.11
 902.00 -67.77 -47.72
 903.00 -63.30 -32.93
 904.00 -54.59 -29.06
 905.00 -82.62 -28.14
 906.00 -70.85 -44.87
 907.00 -79.83 -23.75
 908.00  92.98 -19.82
 909.00 -75.21  -2.20
 910.00 -132.06  -6.18
 911.00 -150.65 149.91
 912.00 -71.41 149.77
 913.00 -78.46 139.13
 914.00 -58.93  90.97
 915.00 -67.03 136.03
 916.00 -135.08 -36.16
 917.00 -90.13 167.58


