 residuo Phi Psi
 669.00 -78.24 -60.70
 670.00 -56.18 157.83
 671.00 -56.48 144.73
 672.00 -69.97 -53.36
 673.00 -65.65 -23.99
 674.00 -71.93 -37.90
 675.00 -85.00  -8.27
 676.00 -56.70 -54.69
 677.00 -64.98 -34.39
 678.00 -80.60 -35.80
 679.00 -76.81 -36.99
 680.00 -56.98 -12.40
 681.00 -74.26 126.64
 682.00 -58.44 156.06
 683.00 -69.75 158.40
 684.00 -131.68 153.82
 685.00 -65.44 128.71
 686.00 -82.43 156.02
 687.00  93.56 -16.22
 688.00 -78.89   0.59
 689.00 -76.57 113.50
 690.00 -67.02 105.70
 691.00 -76.86 -12.24
 692.00 -80.20 -23.67
 693.00 -60.96 146.13
 694.00 -79.33 152.06
 695.00 -153.56 136.94
 696.00 -48.61 148.35
 697.00 -53.00 -60.04
 698.00 -68.43 -44.15
 699.00 -61.29 -46.38
 700.00 -79.65 -45.72
 701.00 -60.78 -27.89
 702.00 -66.46 -44.11
 703.00 -62.21 -38.55
 704.00 -63.50 -46.64
 705.00 -60.09 -43.66
 706.00 -57.74 -52.16
 707.00 -53.46 -33.94
 708.00 -68.05 -43.65
 709.00 -47.28 -41.52
 710.00 -74.31 -49.58
 711.00 -62.01 -31.52
 712.00 -54.42 -45.29
 713.00 -51.45 -62.65
 714.00 -88.07 -28.68
 715.00 -66.32 -41.55
 716.00 -68.60 -29.92
 717.00 -65.04 -32.66
 718.00 -47.78 -46.26
 719.00 -54.90 -52.64
 720.00 -135.20  -2.81
 721.00 -58.45 -14.56
 722.00 -75.04 138.20
 723.00  53.63 167.02
 724.00 -44.29 -25.46
 725.00 -70.81 -38.61
 726.00 -60.83   2.47
 727.00 -69.73 -38.86
 728.00 -62.15 146.10
 729.00 -42.16 146.27
 730.00 -82.80 -37.36
 731.00 -64.21 -21.72
 732.00 -57.97 -50.50
 733.00 -51.59 -48.82
 734.00 -55.45 -49.79
 735.00 -79.70 -53.30
 736.00 -54.05 -25.60
 737.00 -61.83 -58.18
 738.00 -75.41 -37.42
 739.00 -117.09 -14.42
 740.00 -70.46  -4.31
 741.00 -70.94 -29.37
 742.00 -65.36 -44.13
 743.00 -53.83 -45.41
 744.00 -63.69 -46.45
 745.00 -64.15 -45.36
 746.00 -63.82 -41.62
 747.00 -48.82 -60.72
 748.00 -65.30 -36.32
 749.00 -73.32 -39.22
 750.00 -61.59 -30.51
 751.00 -72.26 -51.89
 752.00 -67.38 -31.61
 753.00 -74.28 -37.99
 754.00 -85.59 -38.03
 755.00 -103.53 -28.23
 756.00 -136.11 -32.50
 757.00  58.88  27.47
 758.00  60.92  27.45
 759.00 -79.46   7.10
 760.00 -95.64 -59.96
 761.00 -87.18 159.41
 762.00 -100.12 118.02
 763.00 -67.54  72.15
 764.00 -147.24 -47.73
 765.00 -75.71 166.50
 766.00 -84.90 -27.69
 767.00 -103.62 -41.06
 768.00 -76.24  66.01
 769.00 -111.25 143.43
 770.00 -67.36  99.78
 771.00 -57.79 172.21
 772.00 -67.13 -31.55
 773.00 -73.60 -33.20
 774.00 -58.33 -35.91
 775.00 -74.78 -43.87
 776.00 -60.39 -47.42
 777.00 -78.50 -41.07
 778.00  56.76   1.15
 779.00 -84.77   1.48
 780.00 -68.00  35.53
 781.00 -75.79 -52.60
 782.00 -62.08 -23.26
 783.00 -64.03 -45.14
 784.00 -53.14 -46.44
 785.00 -73.47 -48.75
 786.00 -55.61 -36.52
 787.00 -61.84 -43.05
 788.00 -70.97 -46.10
 789.00 -47.33 -34.02
 790.00 -68.43 -60.68
 791.00 -71.08 -26.98
 792.00 -80.37  -9.89
 793.00 -71.10 -23.39
 794.00 -77.47 -47.80
 795.00 -76.94 -14.94
 796.00 -53.54 -60.26
 797.00  71.37 -34.30
 798.00 -64.94  40.47
 799.00 -92.85 130.79
 800.00 -60.57 158.42
 801.00 -80.81 -25.77
 802.00 -73.57 -31.17
 803.00 -33.19 -53.12
 804.00 -53.75 -66.94
 805.00 -61.21 -44.41
 806.00 -51.78 -56.06
 807.00 -71.36 -34.66
 808.00 -56.68 -39.74
 809.00 -61.06 -54.09
 810.00 -77.41 -23.24
 811.00 -76.10 -12.52
 812.00 -117.04 -14.82
 813.00 -144.62  49.39
 814.00 -162.65  14.57
 815.00 -138.68 115.63
 816.00 -68.61 170.09
 817.00 -78.49 159.88
 818.00 -66.57 -21.35
 819.00  72.17 -23.73
 820.00 -85.09 172.84
 821.00 -61.05 162.03
 822.00 -97.75 -36.79
 823.00 -59.57  43.62
 824.00 -65.76 -31.30
 825.00 -62.75 -49.09
 826.00 -61.83 -34.35
 827.00 -54.74 -61.10
 828.00 -74.46 -34.60
 829.00 -74.55 -46.54
 830.00 -43.02 -39.00
 831.00 -72.05 -49.97
 832.00 -59.41 -34.99
 833.00 -68.73 -46.02
 834.00 -61.14 -32.55
 835.00 -62.27 -49.17
 836.00 -66.93 -31.36
 837.00 -69.51 -43.48
 838.00 -57.82 -46.99
 839.00 -90.55 -22.55
 840.00 -118.54 -15.00
 841.00 -41.91 -15.02
 842.00 -86.16 139.34
 843.00 -159.87  92.40
 844.00 -86.95 152.36
 845.00 -70.93  86.31
 846.00 -71.17 -17.10
 847.00 -76.52 -31.92
 848.00 -59.57 153.31
 849.00 -141.94 -33.35
 850.00 -61.09  -3.63
 851.00 -78.75 -48.03
 852.00 -71.48 -34.75
 853.00 -79.50 -34.89
 854.00 -57.25 -32.18
 855.00 -64.64 -50.46
 856.00 -58.49 -41.89
 857.00 -67.61 -55.59
 858.00 -69.95 -28.03
 859.00 -59.33 -44.89
 860.00 -66.48 -48.13
 861.00 -59.01 -34.64
 862.00 -72.47 -40.54
 863.00 -56.83 -45.71
 864.00 -79.27 -18.05
 865.00 -59.11 -38.64
 866.00 -59.48 -37.69
 867.00 -56.81 -56.91
 868.00 -69.75 -33.87
 869.00 -59.98 -43.42
 870.00 -77.50 -30.74
 871.00 -55.45 -40.85
 872.00 -72.71 -43.23
 873.00 -64.79 -36.65
 874.00 -64.68 -43.35
 875.00 -57.74 -43.88
 876.00 -75.96 -50.89
 877.00 -64.57 -23.39
 878.00 -64.02 -46.30
 879.00 -73.22 -26.38
 880.00 -57.47 -38.11
 881.00 -93.09 -33.23
 882.00 -132.71   9.66
 883.00 -55.92  11.58
 884.00 -85.41 -43.17
 885.00 -71.51 -19.88
 886.00 -116.17 -27.68
 887.00  62.22  17.23
 888.00 -81.94  21.41
 889.00 -98.73 132.72
 890.00 -114.65 135.60
 891.00 -53.33 134.89
 892.00 -54.93 138.81
 893.00 -63.73 -45.74
 894.00 -82.21 -30.14
 895.00 -65.17 -34.14
 896.00 -79.08 -39.05
 897.00 -68.59 -20.16
 898.00 -57.50 -55.90
 899.00 -78.84 -43.28
 900.00 -106.78 -30.13
 901.00 -91.54 -39.58
 902.00 -61.56 -34.08
 903.00 -53.32 -37.76
 904.00 -67.38 -24.06
 905.00 -73.01 -34.43
 906.00 -64.72 -45.77
 907.00 -77.25 -41.43
 908.00  76.88 -16.02
 909.00 -54.75   7.22
 910.00 -131.29 -22.24
 911.00 -135.68 140.94
 912.00 -78.36 165.51
 913.00 -82.32 141.08
 914.00 -61.52  84.12
 915.00 -75.86 148.23
 916.00 -92.87 -47.88
 917.00 -80.04 140.28


