 residuo Phi Psi
 669.00 -130.64 150.03
 670.00 -56.08 157.45
 671.00 -56.49 166.06
 672.00 -66.59 -53.04
 673.00 -65.88 -45.32
 674.00 -60.04 -33.94
 675.00 -74.58 -34.38
 676.00 -64.11 -43.46
 677.00 -59.62 -34.44
 678.00 -89.71 -35.70
 679.00 -89.70 -31.04
 680.00 -71.35   5.68
 681.00 -74.12 114.19
 682.00 -79.59 152.46
 683.00 -118.47 -164.17
 684.00 -65.34  94.84
 685.00 -75.95 163.11
 686.00 -74.85 162.94
 687.00  80.92 -15.09
 688.00 -64.17   4.73
 689.00 -74.74 119.07
 690.00 -83.86 104.61
 691.00 -78.16  -0.83
 692.00 -74.62 -26.75
 693.00 -73.37 156.66
 694.00 -59.74 146.23
 695.00 -138.57 110.11
 696.00 -42.76 146.75
 697.00 -52.59 -53.78
 698.00 -78.46 -36.46
 699.00 -58.90 -52.95
 700.00 -90.68 -44.52
 701.00 -67.01 -18.30
 702.00 -83.27 -26.26
 703.00 -66.00 -34.54
 704.00 -63.28 -33.09
 705.00 -54.73 -46.82
 706.00 -62.08 -44.11
 707.00 -42.32 -37.61
 708.00 -67.49 -53.71
 709.00 -57.96 -44.66
 710.00 -74.13 -39.68
 711.00 -58.13 -37.40
 712.00 -53.87 -46.34
 713.00 -55.04 -60.40
 714.00 -64.14 -38.52
 715.00 -61.28 -47.78
 716.00 -52.85 -50.69
 717.00 -68.02 -36.69
 718.00 -46.81 -67.56
 719.00 -66.26 -28.23
 720.00 -109.07 -16.11
 721.00 -65.03  -5.29
 722.00 -63.69 124.48
 723.00  87.09 131.15
 724.00 -56.93 -11.70
 725.00 -80.99 -37.66
 726.00 -59.01   2.78
 727.00 -73.83 -28.59
 728.00 -73.04 139.61
 729.00 -50.60 151.12
 730.00 -75.11 -35.99
 731.00 -67.27 -31.12
 732.00 -57.74 -39.31
 733.00 -54.05 -62.25
 734.00 -66.16 -35.06
 735.00 -63.70 -56.40
 736.00 -64.77 -31.64
 737.00 -69.67 -46.24
 738.00 -74.82 -34.23
 739.00 -78.44 -40.43
 740.00 -40.44 -18.52
 741.00 -55.19 -68.96
 742.00 -71.43 -48.47
 743.00 -62.85 -45.54
 744.00 -56.96 -43.35
 745.00 -64.51 -54.31
 746.00 -65.26 -42.63
 747.00 -67.98 -39.33
 748.00 -54.72 -48.15
 749.00 -47.25 -50.74
 750.00 -62.87 -59.45
 751.00 -71.32 -28.43
 752.00 -64.85 -42.64
 753.00 -62.77 -31.60
 754.00 -62.46 -63.78
 755.00 -80.66 -36.18
 756.00 -121.02 -54.71
 757.00  50.91   9.90
 758.00  63.31  31.68
 759.00 -66.99  21.22
 760.00 -136.40 -30.47
 761.00 -89.80 152.88
 762.00 -104.92 124.83
 763.00 -63.42  64.55
 764.00 -151.59 -38.57
 765.00 -51.37 165.95
 766.00 -96.40 -27.84
 767.00 -81.91 -37.93
 768.00 -91.71  68.38
 769.00 -80.67 102.40
 770.00 -90.39 116.04
 771.00 -66.03 176.62
 772.00 -79.09 -21.13
 773.00 -47.74 -46.98
 774.00 -59.38 -48.59
 775.00 -73.06 -29.52
 776.00 -70.05 -41.94
 777.00 -76.42 -34.85
 778.00  57.67  -7.20
 779.00 -135.83  34.09
 780.00 -66.41  46.06
 781.00 -75.89 -39.71
 782.00 -57.21 -40.51
 783.00 -67.50 -41.43
 784.00 -56.79 -41.73
 785.00 -57.85 -41.93
 786.00 -79.95 -38.99
 787.00 -70.34 -21.46
 788.00 -62.42 -50.54
 789.00 -58.77 -27.99
 790.00 -53.64 -56.91
 791.00 -61.27 -42.54
 792.00 -54.48 -38.64
 793.00 -69.35 -32.37
 794.00 -85.61 -32.04
 795.00 -68.25 -26.56
 796.00 -81.89 -38.79
 797.00  63.53 -17.58
 798.00 -73.23  64.45
 799.00 -89.28 138.33
 800.00 -69.64 159.58
 801.00 -61.18 -26.62
 802.00 -73.02 -46.84
 803.00 -49.56 -35.74
 804.00 -61.68 -52.36
 805.00 -74.37 -35.45
 806.00 -63.64 -43.71
 807.00 -59.74 -37.99
 808.00 -72.95 -39.53
 809.00 -76.40 -37.15
 810.00 -76.12 -26.49
 811.00 -60.51 -28.06
 812.00 -120.18 -18.71
 813.00 -135.00  45.38
 814.00 -169.25  18.78
 815.00 -163.70 134.65
 816.00 -63.56 171.42
 817.00 -57.11 153.95
 818.00 -109.27 -25.79
 819.00  75.40  14.55
 820.00 -76.81 -176.40
 821.00 -74.73 169.39
 822.00 -104.06 -28.55
 823.00 -56.78  38.44
 824.00 -61.86 -30.42
 825.00 -80.08 -27.40
 826.00 -60.50 -31.30
 827.00 -62.39 -45.50
 828.00 -50.09 -45.75
 829.00 -53.29 -66.89
 830.00 -46.71 -48.49
 831.00 -68.86 -47.86
 832.00 -64.83 -35.32
 833.00 -88.71 -36.69
 834.00 -60.20 -18.74
 835.00 -64.18 -52.92
 836.00 -66.44 -39.71
 837.00 -69.88 -27.05
 838.00 -61.39 -46.02
 839.00 -61.76 -24.73
 840.00 -125.98 -33.42
 841.00 -50.56  -6.39
 842.00 -69.77 124.86
 843.00 -79.59  29.46
 844.00 -93.89 168.07
 845.00 -64.71 116.67
 846.00 -73.50 -18.92
 847.00 -120.73 -12.64
 848.00 -69.65  76.21
 849.00 -50.18 -30.27
 850.00 -73.20 -36.38
 851.00 -74.17 -17.29
 852.00 -70.95 -54.65
 853.00 -57.60 -40.44
 854.00 -60.66 -42.58
 855.00 -67.60 -40.12
 856.00 -71.78 -36.26
 857.00 -79.63 -35.83
 858.00 -71.63 -26.07
 859.00 -72.22 -36.41
 860.00 -63.37 -33.91
 861.00 -62.12 -36.64
 862.00 -46.38 -55.24
 863.00 -71.50 -42.54
 864.00 -66.36 -30.55
 865.00 -83.88 -20.21
 866.00 -43.34 -38.06
 867.00 -78.77 -48.92
 868.00 -58.91 -27.10
 869.00 -65.43 -38.93
 870.00 -53.89 -44.11
 871.00 -61.55 -45.17
 872.00 -59.33 -51.41
 873.00 -68.46 -36.41
 874.00 -66.35 -44.76
 875.00 -66.98 -35.35
 876.00 -73.35 -41.41
 877.00 -57.71 -35.88
 878.00 -51.53 -50.38
 879.00 -57.97 -50.56
 880.00 -70.96 -33.52
 881.00 -62.89 -35.59
 882.00 -79.87 -49.66
 883.00 -64.31  13.83
 884.00 -68.34 -33.95
 885.00 -76.43 -38.53
 886.00 -91.06 -31.28
 887.00  52.90   7.39
 888.00 -103.99  40.08
 889.00 -93.41 117.73
 890.00 -115.63 133.99
 891.00 -61.30 134.80
 892.00 -52.46 138.08
 893.00 -59.01 -44.01
 894.00 -72.98 -45.57
 895.00 -62.01 -30.44
 896.00 -65.30 -38.75
 897.00 -59.88 -50.03
 898.00 -73.66 -41.46
 899.00 -102.46 -12.77
 900.00 -77.49 -49.85
 901.00 -99.08 -36.27
 902.00 -56.02 -30.89
 903.00 -64.11 -43.72
 904.00 -61.35 -28.58
 905.00 -70.02 -42.04
 906.00 -54.73 -59.01
 907.00 -61.96 -52.43
 908.00  72.59  -9.72
 909.00 -64.64  19.76
 910.00 -118.86 -23.35
 911.00 -134.58 127.36
 912.00 -56.15 138.08
 913.00 -88.53 150.69
 914.00 -66.42  72.55
 915.00 -59.89 109.23
 916.00 -92.06 -49.70
 917.00 -62.62 -26.84


