 residuo Phi Psi
 669.00 -79.10 131.47
 670.00 -61.69 164.37
 671.00 -154.00 129.69
 672.00 -54.89 -18.80
 673.00 -67.68 -39.19
 674.00 -64.85 -35.06
 675.00 -60.82 -34.74
 676.00 -61.88 -57.88
 677.00 -74.81 -33.97
 678.00 -63.78 -37.29
 679.00 -77.02 -44.63
 680.00 -58.77 -15.35
 681.00 -80.69 110.32
 682.00 -75.12 168.05
 683.00 -70.59 170.33
 684.00 -111.57 153.09
 685.00 -100.87 128.69
 686.00 -59.61 133.11
 687.00  78.50 -14.93
 688.00 -73.22  25.75
 689.00 -149.71 159.32
 690.00 -71.53 119.71
 691.00 -58.26   0.74
 692.00 -86.44 -34.45
 693.00 -63.00 126.60
 694.00 -85.33 147.77
 695.00 -155.65 132.60
 696.00 -46.90 167.32
 697.00 -67.97 -49.72
 698.00 -66.37 -45.63
 699.00 -65.37 -53.80
 700.00 -64.37 -51.12
 701.00 -65.53 -29.67
 702.00 -80.01 -36.86
 703.00 -70.40 -26.87
 704.00 -68.47 -34.47
 705.00 -74.39 -35.98
 706.00 -71.10 -34.06
 707.00 -60.50 -25.17
 708.00 -63.19 -57.41
 709.00 -60.40 -36.39
 710.00 -64.67 -42.46
 711.00 -66.10 -43.52
 712.00 -51.62 -40.98
 713.00 -65.34 -50.81
 714.00 -59.26 -43.27
 715.00 -62.25 -46.60
 716.00 -60.98 -29.80
 717.00 -63.27 -46.93
 718.00 -64.87 -42.65
 719.00 -66.17 -27.25
 720.00 -81.20 -47.58
 721.00 -69.55   1.06
 722.00 -66.31 138.75
 723.00  65.90 131.99
 724.00 -65.34   0.03
 725.00 -69.72 -19.45
 726.00 -67.69 -11.35
 727.00 -117.11  -0.90
 728.00 -60.66 134.22
 729.00 -59.94 143.63
 730.00 -66.99 -20.73
 731.00 -67.26 -44.92
 732.00 -37.26 -51.29
 733.00 -59.13 -57.38
 734.00 -73.91 -40.15
 735.00 -68.00 -47.54
 736.00 -63.96 -25.15
 737.00 -67.87 -52.72
 738.00 -88.32 -14.87
 739.00 -106.29 -30.42
 740.00 -66.26 -11.53
 741.00 -65.49 -38.08
 742.00 -62.97 -45.42
 743.00 -70.44 -45.03
 744.00 -84.57 -30.30
 745.00 -71.58 -29.27
 746.00 -60.44 -44.53
 747.00 -68.46 -46.71
 748.00 -57.14 -40.83
 749.00 -57.19 -35.88
 750.00 -51.30 -58.88
 751.00 -58.97 -53.81
 752.00 -76.70 -26.16
 753.00 -75.08 -37.36
 754.00 -58.58 -48.00
 755.00 -89.11 -52.91
 756.00 -132.10 -30.65
 757.00  41.77   5.86
 758.00  79.64  45.48
 759.00 -53.28 -16.48
 760.00 -118.76 -40.36
 761.00 -88.00 160.01
 762.00 -92.42 108.43
 763.00 -73.00  82.89
 764.00 -127.79 -57.79
 765.00 -59.43 170.00
 766.00 -96.50 -28.12
 767.00 -134.19  -5.03
 768.00 -92.88  83.63
 769.00 -111.25 136.11
 770.00 -96.16 115.75
 771.00 -43.78 176.10
 772.00 -70.97 -43.74
 773.00 -68.67 -39.53
 774.00 -65.95 -40.37
 775.00 -78.39 -32.66
 776.00 -63.79 -31.73
 777.00 -60.57 -49.57
 778.00  63.06  -2.04
 779.00 -72.18 -35.07
 780.00 -61.19  38.89
 781.00 -55.59 -41.49
 782.00 -76.82 -37.64
 783.00 -61.10 -41.36
 784.00 -66.89 -30.82
 785.00 -53.23 -54.17
 786.00 -55.19 -42.61
 787.00 -60.30 -51.49
 788.00 -65.79 -34.50
 789.00 -66.14 -28.29
 790.00 -71.42 -44.08
 791.00 -55.93 -37.98
 792.00 -74.77 -30.02
 793.00 -59.63 -25.05
 794.00 -70.10 -42.12
 795.00 -61.25 -44.03
 796.00 -84.57 -40.43
 797.00  57.83 -13.12
 798.00 -80.54  69.53
 799.00 -69.09 135.28
 800.00 -50.20 153.15
 801.00 -58.51 -43.93
 802.00 -70.65 -38.74
 803.00 -57.64 -40.44
 804.00 -67.58 -39.02
 805.00 -73.34 -41.25
 806.00 -61.08 -37.84
 807.00 -53.72 -46.65
 808.00 -72.28 -39.59
 809.00 -78.90 -30.22
 810.00 -65.25 -29.92
 811.00 -71.99 -24.00
 812.00 -124.17 -16.03
 813.00 -135.95  53.06
 814.00 -148.55   2.77
 815.00 -143.15 122.21
 816.00 -69.42 162.10
 817.00 -62.45 149.38
 818.00 -105.62 -21.62
 819.00  79.59  -4.79
 820.00 -74.52 172.73
 821.00 -61.48 160.20
 822.00 -123.64 -11.34
 823.00 -71.15  48.51
 824.00 -78.44 -31.01
 825.00 -74.32 -29.15
 826.00 -63.27 -26.02
 827.00 -58.97 -45.93
 828.00 -57.39 -40.72
 829.00 -65.91 -52.73
 830.00 -61.48 -41.06
 831.00 -76.11 -36.36
 832.00 -68.50 -35.59
 833.00 -68.12 -40.11
 834.00 -87.12 -11.17
 835.00 -53.37 -46.35
 836.00 -66.91 -49.99
 837.00 -84.50 -10.97
 838.00 -48.32 -50.87
 839.00 -65.82 -41.24
 840.00 -131.97 -13.44
 841.00 -65.43   4.46
 842.00 -78.81 131.97
 843.00 -137.65 100.77
 844.00 -79.11 163.09
 845.00 -63.83 111.13
 846.00 -76.04 -17.05
 847.00 -146.12 -14.06
 848.00 -60.67  84.20
 849.00 -66.88 -10.71
 850.00 -53.83 -27.26
 851.00 -75.93 -29.55
 852.00 -68.45 -43.07
 853.00 -49.91 -42.34
 854.00 -53.08 -61.68
 855.00 -62.89 -45.50
 856.00 -52.61 -38.52
 857.00 -67.20 -51.50
 858.00 -60.34 -39.13
 859.00 -71.00 -47.99
 860.00 -61.09 -33.58
 861.00 -66.97 -34.74
 862.00 -62.88 -42.94
 863.00 -66.29 -37.41
 864.00 -65.85 -36.04
 865.00 -62.07 -20.89
 866.00 -67.00 -42.65
 867.00 -56.98 -38.45
 868.00 -77.43 -26.08
 869.00 -56.93 -50.23
 870.00 -57.36 -36.43
 871.00 -55.85 -58.57
 872.00 -79.48 -30.15
 873.00 -44.75 -49.96
 874.00 -43.96 -50.68
 875.00 -62.29 -61.67
 876.00 -73.70 -42.82
 877.00 -63.10 -38.47
 878.00 -50.84 -51.04
 879.00 -71.71 -39.64
 880.00 -72.34 -21.26
 881.00 -69.64 -41.46
 882.00 -131.04  -2.52
 883.00 -59.53  -0.93
 884.00 -65.25 -35.97
 885.00 -127.14   1.05
 886.00 -73.25 -42.27
 887.00  75.88  -6.89
 888.00 -88.05  19.74
 889.00 -81.59 119.28
 890.00 -129.36 147.08
 891.00 -62.06 136.62
 892.00 -58.33 143.46
 893.00 -83.55 -35.17
 894.00 -63.11 -39.22
 895.00 -59.62 -40.10
 896.00 -60.06 -44.77
 897.00 -60.62 -52.06
 898.00 -64.10 -50.86
 899.00 -93.08 -29.05
 900.00 -113.15 -30.69
 901.00 -77.47 -37.70
 902.00 -49.65 -60.85
 903.00 -67.68 -42.38
 904.00 -74.63 -14.35
 905.00 -76.74 -25.07
 906.00 -72.53 -47.11
 907.00 -86.10 -20.37
 908.00  73.02  -5.21
 909.00 -62.98   7.78
 910.00 -125.65 -20.96
 911.00 -129.81 132.13
 912.00 -58.62 134.42
 913.00 -89.53 149.88
 914.00 -98.16 128.34
 915.00 -87.93 155.85
 916.00 -99.32 -48.52
 917.00 -155.96 111.18


