 residuo Phi Psi
 669.00 -70.17 150.09
 670.00 -65.65 156.75
 671.00 -59.11 161.02
 672.00 -71.65 -47.20
 673.00 -60.33 -39.18
 674.00 -82.53 -28.05
 675.00 -67.72 -17.27
 676.00 -49.14 -57.51
 677.00 -71.55 -35.40
 678.00 -75.54 -49.79
 679.00 -61.11 -37.73
 680.00 -64.36 -22.11
 681.00 -84.18 133.27
 682.00 -77.24 153.76
 683.00 -74.64 -167.32
 684.00 -122.16 153.96
 685.00 -97.16 146.38
 686.00 -77.85 144.80
 687.00  59.14   3.34
 688.00 -79.50  28.37
 689.00 -147.63 161.49
 690.00 -70.59 117.67
 691.00 -79.19   9.55
 692.00 -65.70 -34.44
 693.00 -77.48 145.91
 694.00 -85.75 154.40
 695.00 -143.29 144.27
 696.00 -65.18 157.23
 697.00 -66.04 -53.31
 698.00 -65.08 -42.96
 699.00 -75.86 -48.05
 700.00 -74.19 -43.00
 701.00 -68.35 -26.64
 702.00 -78.74 -26.80
 703.00 -80.13 -24.32
 704.00 -73.70 -35.61
 705.00 -67.81 -36.39
 706.00 -52.81 -45.01
 707.00 -82.46 -24.67
 708.00 -76.50 -29.16
 709.00 -63.67 -30.23
 710.00 -78.60 -46.44
 711.00 -54.25 -35.81
 712.00 -68.27 -37.97
 713.00 -71.52 -51.29
 714.00 -71.04 -36.63
 715.00 -64.76 -25.79
 716.00 -71.58 -46.55
 717.00 -62.66 -29.05
 718.00 -56.99 -57.16
 719.00 -70.17 -34.71
 720.00 -82.88 -34.59
 721.00 -70.32 -14.54
 722.00 -65.60 134.56
 723.00  95.58 141.25
 724.00 -58.90 -30.81
 725.00 -59.28 -31.92
 726.00 -66.53 -23.82
 727.00 -99.49 -10.02
 728.00 -72.87 149.23
 729.00 -59.69 153.08
 730.00 -63.97 -35.27
 731.00 -80.14 -33.03
 732.00 -57.42 -29.81
 733.00 -75.79 -43.69
 734.00 -61.73 -29.88
 735.00 -58.56 -56.27
 736.00 -58.27 -40.14
 737.00 -72.87 -49.37
 738.00 -69.07 -29.11
 739.00 -97.17 -38.73
 740.00 -66.68 -13.95
 741.00 -81.49 -24.31
 742.00 -54.44 -43.63
 743.00 -56.56 -57.35
 744.00 -63.16 -40.70
 745.00 -73.09 -45.90
 746.00 -66.02 -41.65
 747.00 -79.50 -33.96
 748.00 -69.27 -30.18
 749.00 -67.96 -37.18
 750.00 -67.24 -30.55
 751.00 -72.48 -46.76
 752.00 -51.64 -45.75
 753.00 -69.91 -40.98
 754.00 -74.47 -50.92
 755.00 -71.53 -42.12
 756.00 -150.82 -37.11
 757.00  52.14  19.98
 758.00  54.76  34.29
 759.00 -67.21  18.76
 760.00 -130.89 -34.88
 761.00 -82.42 145.72
 762.00 -86.09 106.88
 763.00 -62.50  59.03
 764.00 -137.94 -51.66
 765.00 -64.77 166.53
 766.00 -60.12 -36.71
 767.00 -87.67 -61.72
 768.00 -78.88  52.27
 769.00 -117.61 140.76
 770.00 -72.53 101.04
 771.00 -64.67 178.92
 772.00 -61.94 -35.29
 773.00 -66.09 -39.50
 774.00 -73.38 -27.28
 775.00 -71.63 -34.26
 776.00 -54.95 -58.43
 777.00 -97.64 -21.34
 778.00  47.47  -1.23
 779.00 -112.89  29.34
 780.00 -56.83  35.39
 781.00 -52.68 -59.13
 782.00 -68.13 -41.58
 783.00 -59.62 -50.04
 784.00 -62.46 -39.32
 785.00 -55.09 -37.07
 786.00 -60.61 -53.64
 787.00 -62.25 -33.32
 788.00 -65.81 -44.83
 789.00 -45.59 -45.61
 790.00 -83.80 -52.10
 791.00 -57.29 -34.45
 792.00 -76.36 -25.95
 793.00 -66.92 -21.91
 794.00 -83.90 -42.66
 795.00 -75.26 -10.67
 796.00 -66.27 -58.84
 797.00  56.88 -27.91
 798.00 -50.98  58.91
 799.00 -85.79 127.09
 800.00 -64.43 156.91
 801.00 -65.94 -29.34
 802.00 -64.63 -41.75
 803.00 -63.78 -44.14
 804.00 -56.19 -48.67
 805.00 -83.62 -33.39
 806.00 -82.30 -29.83
 807.00 -52.67 -43.98
 808.00 -77.86 -21.69
 809.00 -47.19 -60.97
 810.00 -79.52 -19.56
 811.00 -69.42 -27.34
 812.00 -107.15 -18.81
 813.00 -141.23  42.17
 814.00 -148.55   6.70
 815.00 -144.62 126.07
 816.00 -74.54 170.37
 817.00 -51.01 149.13
 818.00 -72.86 -41.39
 819.00  78.53  -5.90
 820.00 -73.12 169.99
 821.00 -56.60 160.21
 822.00 -95.54 -40.88
 823.00 -53.79  31.94
 824.00 -52.08 -35.77
 825.00 -64.62 -49.02
 826.00 -69.01 -38.71
 827.00 -68.01 -40.59
 828.00 -74.53 -31.73
 829.00 -85.78 -28.15
 830.00 -68.01 -24.12
 831.00 -54.67 -45.63
 832.00 -58.94 -44.85
 833.00 -60.48 -49.86
 834.00 -69.97 -29.71
 835.00 -58.96 -50.92
 836.00 -77.17 -38.91
 837.00 -57.35 -36.50
 838.00 -51.82 -49.15
 839.00 -88.56 -18.89
 840.00 -136.83 -11.46
 841.00 -71.73  17.00
 842.00 -71.65 143.65
 843.00 -133.66  68.37
 844.00 -75.92 157.10
 845.00 -66.69 105.32
 846.00 -67.12 -26.82
 847.00 -125.19 -17.94
 848.00 -53.56  79.33
 849.00 -61.17 -23.89
 850.00 -57.61 -35.41
 851.00 -70.04 -51.01
 852.00 -71.81 -42.64
 853.00 -62.49 -32.17
 854.00 -57.31 -46.48
 855.00 -59.82 -51.41
 856.00 -64.49 -37.37
 857.00 -74.21 -42.01
 858.00 -69.16 -24.25
 859.00 -57.67 -68.66
 860.00 -63.34 -22.23
 861.00 -68.78 -47.86
 862.00 -49.69 -48.25
 863.00 -50.44 -49.06
 864.00 -71.20 -37.84
 865.00 -52.86 -24.37
 866.00 -62.46 -46.52
 867.00 -71.32 -49.15
 868.00 -77.40 -16.44
 869.00 -59.57 -43.60
 870.00 -68.86 -38.81
 871.00 -46.21 -43.25
 872.00 -75.80 -38.29
 873.00 -67.52 -36.53
 874.00 -62.92 -39.36
 875.00 -50.05 -55.17
 876.00 -68.88 -53.84
 877.00 -65.25 -37.11
 878.00 -76.28 -35.44
 879.00 -65.96 -34.00
 880.00 -60.01 -41.07
 881.00 -60.99 -40.39
 882.00 -81.46 -38.56
 883.00 -46.26  -3.58
 884.00 -52.91 -65.47
 885.00 -64.91 -42.90
 886.00 -88.93 -31.41
 887.00  62.65 -11.96
 888.00 -97.04  30.13
 889.00 -90.97 121.76
 890.00 -135.40 153.68
 891.00 -66.21 130.04
 892.00 -65.13 142.54
 893.00 -76.54 -48.80
 894.00 -76.33 -15.87
 895.00 -66.05 -51.37
 896.00 -63.91 -16.73
 897.00 -55.15 -49.48
 898.00 -61.65 -46.85
 899.00 -67.89 -44.59
 900.00 -77.48 -53.29
 901.00 -92.77 -55.28
 902.00 -52.42 -41.68
 903.00 -46.95 -33.46
 904.00 -54.93 -47.73
 905.00 -79.67 -25.99
 906.00 -65.97 -55.33
 907.00 -93.16 -14.63
 908.00  78.02 -27.43
 909.00 -60.12  19.71
 910.00 -103.08 -31.51
 911.00 -139.47 133.45
 912.00 -81.01 141.06
 913.00 -86.04 149.28
 914.00 -125.08 137.17
 915.00 -82.78 141.93
 916.00 -112.16 -19.37
 917.00 -71.23 137.82


