 residuo Phi Psi
 669.00 -76.21 116.99
 670.00 -82.91 156.39
 671.00 -57.30 154.04
 672.00 -43.46 -25.61
 673.00 -71.20 -37.31
 674.00 -67.77 -37.86
 675.00 -75.79 -34.97
 676.00 -69.86 -36.65
 677.00 -84.72 -29.93
 678.00 -68.66 -21.98
 679.00 -73.82 -40.73
 680.00 -65.26 -22.93
 681.00 -54.41 116.97
 682.00 -56.42 136.76
 683.00 -58.47 167.38
 684.00 -138.38 142.32
 685.00 -88.40 138.55
 686.00 -89.92 160.26
 687.00  67.14 -11.13
 688.00 -82.84  30.46
 689.00 -76.72 119.65
 690.00 -80.82 111.55
 691.00 -64.46  -5.51
 692.00 -130.55  -8.08
 693.00 -69.23 152.77
 694.00 -60.87 133.89
 695.00 -152.53 148.67
 696.00 -63.55 168.84
 697.00 -66.29 -65.77
 698.00 -71.96 -16.33
 699.00 -64.70 -52.14
 700.00 -74.33 -39.27
 701.00 -61.95 -41.20
 702.00 -68.97 -36.57
 703.00 -68.87 -29.49
 704.00 -74.93 -41.07
 705.00 -75.82 -26.80
 706.00 -54.91 -46.66
 707.00 -63.81 -25.81
 708.00 -73.10 -39.18
 709.00 -56.23 -43.78
 710.00 -62.88 -54.94
 711.00 -63.72 -40.70
 712.00 -72.54 -34.45
 713.00 -78.27 -34.41
 714.00 -54.26 -32.08
 715.00 -71.10 -44.86
 716.00 -62.26 -41.21
 717.00 -60.79 -49.06
 718.00 -58.18 -38.50
 719.00 -59.87 -35.31
 720.00 -86.01 -34.26
 721.00 -46.76 -29.83
 722.00 -56.43 123.63
 723.00  75.87 140.74
 724.00 -64.69 -32.39
 725.00 -61.12 -23.18
 726.00 -72.97 -14.63
 727.00 -77.51 -29.59
 728.00 -70.67 144.87
 729.00 -60.07 167.20
 730.00 -66.57 -33.14
 731.00 -82.41 -29.86
 732.00 -57.23 -42.57
 733.00 -60.52 -40.49
 734.00 -67.40 -41.08
 735.00 -77.00 -56.42
 736.00 -62.53 -11.91
 737.00 -54.71 -58.09
 738.00 -57.90 -54.10
 739.00 -105.01 -30.01
 740.00 -46.91 -15.63
 741.00 -68.42 -51.12
 742.00 -61.89 -35.38
 743.00 -57.74 -47.36
 744.00 -66.98 -45.64
 745.00 -63.25 -51.20
 746.00 -74.50 -29.32
 747.00 -60.86 -43.70
 748.00 -70.33 -34.60
 749.00 -55.00 -40.45
 750.00 -54.13 -51.19
 751.00 -53.71 -59.82
 752.00 -94.74 -19.62
 753.00 -62.57 -31.72
 754.00 -81.06 -35.53
 755.00 -63.49 -62.33
 756.00 -142.30 -48.21
 757.00  35.09  44.25
 758.00  59.03  45.05
 759.00 -71.44  14.14
 760.00 -129.12 -42.01
 761.00 -92.50 153.78
 762.00 -82.58 107.99
 763.00 -43.47  52.26
 764.00 -127.71 -59.98
 765.00 -75.46 175.85
 766.00 -95.04 -24.28
 767.00 -87.97 -37.04
 768.00 -100.32  67.66
 769.00 -92.72 126.23
 770.00 -57.05  86.42
 771.00 -65.10 168.68
 772.00 -55.47 -37.68
 773.00 -68.08 -43.17
 774.00 -65.43 -29.58
 775.00 -84.27 -33.70
 776.00 -72.79 -36.40
 777.00 -83.51 -27.14
 778.00  49.21   2.99
 779.00 -146.18  55.63
 780.00 -50.06   4.80
 781.00 -55.04 -47.07
 782.00 -76.57 -35.53
 783.00 -65.40 -38.49
 784.00 -71.67 -39.59
 785.00 -66.31 -30.38
 786.00 -67.77 -35.03
 787.00 -67.48 -37.91
 788.00 -61.03 -45.26
 789.00 -61.95 -40.28
 790.00 -66.97 -46.19
 791.00 -66.47 -32.78
 792.00 -63.09 -29.66
 793.00 -61.59 -30.36
 794.00 -72.35 -45.06
 795.00 -65.74 -22.76
 796.00 -68.85 -59.88
 797.00  62.63 -18.86
 798.00 -91.94  74.36
 799.00 -87.54 139.40
 800.00 -55.08 156.32
 801.00 -56.22 -39.80
 802.00 -58.85 -46.61
 803.00 -55.19 -51.49
 804.00 -71.12 -42.49
 805.00 -80.86 -27.48
 806.00 -51.05 -43.57
 807.00 -68.96 -43.26
 808.00 -66.82 -42.29
 809.00 -69.07 -28.84
 810.00 -57.98 -36.91
 811.00 -73.95 -30.64
 812.00 -121.66  -2.06
 813.00 -142.47  54.76
 814.00 -154.41   3.08
 815.00 -142.68 121.50
 816.00 -54.87 168.45
 817.00 -66.33 150.85
 818.00 -86.45 -20.16
 819.00  80.15  -7.61
 820.00 -92.11 175.58
 821.00 -59.14 174.64
 822.00 -117.71 -39.68
 823.00 -51.11  46.51
 824.00 -62.39 -43.99
 825.00 -79.69 -23.18
 826.00 -59.83 -41.60
 827.00 -66.32 -40.03
 828.00 -89.43 -24.21
 829.00 -64.81 -47.17
 830.00 -63.27 -31.72
 831.00 -59.32 -44.71
 832.00 -52.28 -47.54
 833.00 -69.44 -52.26
 834.00 -60.45 -28.09
 835.00 -75.18 -39.73
 836.00 -74.23 -21.34
 837.00 -72.22 -35.05
 838.00 -59.50 -44.39
 839.00 -82.51 -22.84
 840.00 -73.93 -65.78
 841.00 -47.79  -0.44
 842.00 -78.07 129.85
 843.00 -82.47  20.16
 844.00 -81.51 165.63
 845.00 -56.57 105.02
 846.00 -52.82 -23.80
 847.00 -127.01 -25.10
 848.00 -51.21  88.03
 849.00 -70.28 -41.99
 850.00 -84.02 -19.18
 851.00 -68.75 -21.59
 852.00 -65.12 -46.20
 853.00 -55.22 -44.49
 854.00 -69.41 -40.99
 855.00 -64.09 -41.08
 856.00 -64.59 -32.92
 857.00 -69.48 -45.59
 858.00 -77.23 -19.27
 859.00 -79.85 -37.96
 860.00 -48.03 -50.31
 861.00 -63.77 -41.95
 862.00 -61.20 -49.63
 863.00 -61.94 -31.31
 864.00 -71.74 -30.50
 865.00 -73.31 -27.38
 866.00 -54.60 -26.83
 867.00 -69.04 -65.47
 868.00 -71.39 -21.38
 869.00 -72.59 -35.01
 870.00 -65.31 -31.89
 871.00 -74.54 -37.89
 872.00 -71.25 -32.86
 873.00 -59.69 -42.07
 874.00 -59.34 -40.73
 875.00 -64.67 -40.42
 876.00 -73.59 -43.08
 877.00 -76.90 -25.63
 878.00 -74.48 -39.87
 879.00 -89.06  -8.94
 880.00 -57.91 -35.99
 881.00 -54.49 -41.43
 882.00 -127.89 -20.01
 883.00 -47.03   5.51
 884.00 -69.27 -48.49
 885.00 -75.22 -35.05
 886.00 -99.14 -27.99
 887.00  47.45  -0.54
 888.00 -104.45  56.06
 889.00 -97.93 129.26
 890.00 -122.58 133.61
 891.00 -66.28 121.16
 892.00 -64.21 143.59
 893.00 -86.09 -18.70
 894.00 -61.30 -45.75
 895.00 -57.31 -35.72
 896.00 -53.24 -43.46
 897.00 -53.00 -46.39
 898.00 -75.33 -48.81
 899.00 -77.15 -33.27
 900.00 -103.49 -38.37
 901.00 -98.75 -49.75
 902.00 -41.51 -39.14
 903.00 -43.08 -50.31
 904.00 -58.81 -41.51
 905.00 -68.68 -48.01
 906.00 -67.29 -46.71
 907.00 -89.16 -30.02
 908.00  78.22  -4.55
 909.00 -69.23  14.16
 910.00 -106.07 -28.64
 911.00 -138.06 125.26
 912.00 -79.13 149.94
 913.00 -72.27 140.98
 914.00 -64.69  89.43
 915.00 -64.39 121.37
 916.00 -100.04 -32.30
 917.00 -107.66 151.24


