 residuo Phi Psi
 669.00 -100.45 145.54
 670.00 -67.74 153.21
 671.00 -72.88 154.82
 672.00 -56.32 -30.82
 673.00 -81.67 -32.87
 674.00 -68.96 -21.00
 675.00 -81.41 -29.39
 676.00 -51.30 -43.32
 677.00 -80.81 -34.37
 678.00 -55.70 -34.75
 679.00 -73.53 -45.98
 680.00 -60.14 -11.24
 681.00 -56.21 126.88
 682.00 -71.23 138.38
 683.00 -66.07 163.54
 684.00 -147.04 153.05
 685.00 -86.76 138.32
 686.00 -75.39 158.88
 687.00  74.13 -23.20
 688.00 -62.61  14.34
 689.00 -101.89 134.72
 690.00 -76.72  98.50
 691.00 -83.58  -2.36
 692.00 -100.75 -12.22
 693.00 -68.17 158.85
 694.00 -74.32 131.42
 695.00 -145.78 141.00
 696.00 -54.26 147.50
 697.00 -78.88 -50.99
 698.00 -61.66 -26.20
 699.00 -63.70 -52.59
 700.00 -76.63 -40.41
 701.00 -51.71 -43.75
 702.00 -70.06 -42.92
 703.00 -57.99 -42.06
 704.00 -76.56 -36.50
 705.00 -46.62 -45.30
 706.00 -65.01 -55.61
 707.00 -50.36 -30.97
 708.00 -71.11 -47.09
 709.00 -66.28 -35.94
 710.00 -67.93 -46.68
 711.00 -65.29 -36.01
 712.00 -65.67 -41.54
 713.00 -73.98 -29.88
 714.00 -62.05 -40.75
 715.00 -81.25 -36.09
 716.00 -68.09 -25.79
 717.00 -64.43 -41.82
 718.00 -49.80 -51.50
 719.00 -51.81 -40.99
 720.00 -130.16 -15.95
 721.00 -74.89   0.77
 722.00 -44.25 117.07
 723.00  96.88 125.89
 724.00 -81.50  -4.81
 725.00 -63.90 -35.91
 726.00 -51.39 -14.12
 727.00 -71.70 -40.04
 728.00 -69.68 142.69
 729.00 -50.45 143.77
 730.00 -63.80 -31.12
 731.00 -66.78 -44.29
 732.00 -63.52 -29.33
 733.00 -61.21 -54.72
 734.00 -52.90 -38.87
 735.00 -69.28 -54.30
 736.00 -56.26 -33.47
 737.00 -72.29 -52.87
 738.00 -73.77 -30.54
 739.00 -75.67 -43.09
 740.00 -53.16 -16.22
 741.00 -57.13 -64.42
 742.00 -60.47 -41.57
 743.00 -70.37 -44.02
 744.00 -66.20 -41.27
 745.00 -63.71 -45.24
 746.00 -67.23 -39.18
 747.00 -64.12 -37.52
 748.00 -49.41 -52.11
 749.00 -55.25 -46.80
 750.00 -66.34 -46.12
 751.00 -50.60 -47.19
 752.00 -62.71 -50.34
 753.00 -67.43 -34.26
 754.00 -69.31 -49.79
 755.00 -83.76 -39.90
 756.00 -134.16 -50.14
 757.00  65.47  34.15
 758.00  64.52  21.26
 759.00 -77.26  -4.04
 760.00 -100.97 -38.66
 761.00 -113.00 165.27
 762.00 -91.13 108.75
 763.00 -56.85  66.41
 764.00 -146.89 -56.91
 765.00 -51.33 158.98
 766.00 -88.51 -22.99
 767.00 -67.24 -63.35
 768.00 -62.88  32.66
 769.00 -96.12 122.58
 770.00 -90.60 127.20
 771.00 -51.17 -175.88
 772.00 -61.31 -44.00
 773.00 -59.44 -45.75
 774.00 -62.02 -32.94
 775.00 -88.49 -33.59
 776.00 -64.14 -46.61
 777.00 -92.08 -26.80
 778.00  52.37   2.24
 779.00 -124.03  41.25
 780.00 -55.66  27.85
 781.00 -67.55 -54.85
 782.00 -63.94 -36.01
 783.00 -63.42 -39.55
 784.00 -75.31 -27.05
 785.00 -55.22 -43.75
 786.00 -74.27 -40.42
 787.00 -60.67 -32.05
 788.00 -49.20 -56.92
 789.00 -73.88 -37.33
 790.00 -66.54 -33.21
 791.00 -76.63 -29.62
 792.00 -48.55 -36.14
 793.00 -53.59 -38.75
 794.00 -63.44 -43.88
 795.00 -69.53 -51.57
 796.00 -96.28 -16.93
 797.00  58.20 -25.60
 798.00 -53.01  43.63
 799.00 -80.00 117.94
 800.00 -43.64 162.46
 801.00 -57.76 -46.36
 802.00 -81.29 -43.66
 803.00 -65.86 -24.69
 804.00 -57.56 -55.72
 805.00 -78.31 -26.29
 806.00 -52.96 -50.59
 807.00 -74.01 -40.86
 808.00 -80.42 -28.46
 809.00 -72.24 -33.75
 810.00 -74.50 -12.19
 811.00 -83.09 -16.52
 812.00 -129.53  -6.82
 813.00 -124.59  47.24
 814.00 -134.35 -14.03
 815.00 -138.35 127.66
 816.00 -69.27 163.99
 817.00 -60.53 162.43
 818.00 -124.37 -16.53
 819.00  85.74   0.00
 820.00 -72.59 170.22
 821.00 -73.89 164.22
 822.00 -113.84 -10.65
 823.00 -64.43  33.40
 824.00 -69.35 -38.42
 825.00 -68.37 -22.47
 826.00 -70.56 -53.70
 827.00 -62.60 -28.26
 828.00 -86.62 -31.56
 829.00 -73.24 -28.85
 830.00 -60.23 -46.83
 831.00 -54.70 -46.51
 832.00 -69.03 -31.65
 833.00 -47.63 -50.43
 834.00 -54.01 -52.60
 835.00 -74.94 -40.00
 836.00 -76.97 -34.68
 837.00 -63.53 -36.26
 838.00 -48.24 -43.88
 839.00 -76.99 -39.21
 840.00 -81.77 -56.42
 841.00 -54.26  -4.11
 842.00 -79.37 144.06
 843.00 -178.54 111.64
 844.00 -81.54 142.47
 845.00 -58.58 110.42
 846.00 -87.28 -40.43
 847.00 -56.32 -16.45
 848.00 -71.65 126.01
 849.00 -130.14 -11.22
 850.00 -74.11   6.87
 851.00 -85.51 -33.60
 852.00 -60.49 -40.85
 853.00 -56.70 -40.42
 854.00 -59.69 -55.56
 855.00 -54.24 -47.83
 856.00 -77.14 -40.83
 857.00 -61.42 -43.81
 858.00 -71.32 -31.32
 859.00 -75.30 -27.98
 860.00 -64.78 -35.93
 861.00 -68.69 -34.19
 862.00 -55.39 -48.77
 863.00 -70.47 -38.76
 864.00 -72.42 -26.29
 865.00 -55.87 -26.68
 866.00 -85.07 -40.37
 867.00 -66.28 -31.15
 868.00 -79.02 -30.69
 869.00 -51.54 -37.71
 870.00 -66.34 -46.06
 871.00 -58.22 -39.85
 872.00 -84.72 -32.21
 873.00 -50.41 -47.77
 874.00 -50.00 -46.60
 875.00 -55.41 -61.43
 876.00 -77.35 -41.02
 877.00 -72.12 -27.88
 878.00 -63.68 -41.47
 879.00 -60.59 -48.95
 880.00 -63.20 -32.11
 881.00 -60.72 -37.99
 882.00 -110.06 -25.45
 883.00 -54.51  12.13
 884.00 -72.73 -52.15
 885.00 -74.17 -32.73
 886.00 -92.82 -39.02
 887.00  62.77   3.41
 888.00 -99.70  37.93
 889.00 -82.46 125.91
 890.00 -126.00 142.56
 891.00 -70.69 102.79
 892.00 -63.05 133.50
 893.00 -73.63 -35.73
 894.00 -73.80 -29.89
 895.00 -76.11 -32.16
 896.00 -66.36 -28.03
 897.00 -62.91 -29.58
 898.00 -89.23 -32.36
 899.00 -65.18 -42.87
 900.00 -122.07 -26.16
 901.00 -75.29 -56.32
 902.00 -55.91 -37.72
 903.00 -49.73 -45.97
 904.00 -79.94 -19.95
 905.00 -75.81 -38.11
 906.00 -65.39 -42.51
 907.00 -82.41 -45.33
 908.00  72.93  16.40
 909.00 -53.11   1.94
 910.00 -100.33 -51.68
 911.00 -154.74 142.14
 912.00 -72.74 140.36
 913.00 -79.28 155.44
 914.00 -87.98 108.90
 915.00 -79.33 130.16
 916.00 -138.51 -27.02
 917.00 -87.62 165.54


