 residuo Phi Psi
 669.00 -42.05 140.74
 670.00 -50.60 147.99
 671.00 -76.49 141.85
 672.00 -49.41 -27.67
 673.00 -71.22 -38.68
 674.00 -71.07 -17.20
 675.00 -69.75 -39.78
 676.00 -57.56 -41.67
 677.00 -82.96 -32.91
 678.00 -64.37 -30.84
 679.00 -86.37 -36.35
 680.00 -77.02  -0.60
 681.00 -76.13 129.48
 682.00 -68.63 150.45
 683.00 -83.43 171.46
 684.00 -68.40  88.47
 685.00 -63.11 149.65
 686.00 -82.81 141.62
 687.00  71.03 -20.58
 688.00 -79.06  23.80
 689.00 -101.35 157.80
 690.00 -67.07  82.64
 691.00 -72.59 -21.87
 692.00 -136.20  28.52
 693.00 -55.10 161.55
 694.00 -66.43 139.62
 695.00 -150.63 145.59
 696.00 -53.35 148.65
 697.00 -69.13 -43.95
 698.00 -70.29 -36.53
 699.00 -72.06 -49.54
 700.00 -78.42 -35.78
 701.00 -68.63 -31.40
 702.00 -76.33 -33.31
 703.00 -57.23 -33.36
 704.00 -81.20 -37.54
 705.00 -64.37 -37.26
 706.00 -62.10 -44.21
 707.00 -54.23 -45.16
 708.00 -66.80 -47.57
 709.00 -51.94 -49.40
 710.00 -78.15 -36.85
 711.00 -48.16 -43.55
 712.00 -56.30 -43.59
 713.00 -71.19 -43.36
 714.00 -72.44 -28.15
 715.00 -64.20 -42.79
 716.00 -59.52 -36.72
 717.00 -69.33 -53.84
 718.00 -61.38 -32.12
 719.00 -62.81 -39.13
 720.00 -73.05 -48.17
 721.00 -38.61 -34.07
 722.00 -65.66 125.10
 723.00  60.26 160.50
 724.00 -65.54 -13.65
 725.00 -48.01 -31.57
 726.00 -69.23 -26.85
 727.00 -83.33 -14.31
 728.00 -77.18 145.06
 729.00 -51.69 145.13
 730.00 -60.45 -26.93
 731.00 -63.67 -47.97
 732.00 -62.92 -44.02
 733.00 -63.85 -45.39
 734.00 -48.90 -42.92
 735.00 -68.47 -66.30
 736.00 -66.84 -31.58
 737.00 -69.65 -40.40
 738.00 -73.91 -36.19
 739.00 -88.00 -40.01
 740.00 -58.94 -13.53
 741.00 -76.35 -24.40
 742.00 -58.63 -58.03
 743.00 -53.78 -41.97
 744.00 -77.45 -43.02
 745.00 -61.10 -35.18
 746.00 -71.16 -41.36
 747.00 -75.21 -37.24
 748.00 -74.13 -25.64
 749.00 -71.70 -28.85
 750.00 -65.44 -32.75
 751.00 -60.35 -54.08
 752.00 -75.07 -35.38
 753.00 -69.89 -27.56
 754.00 -74.67 -44.34
 755.00 -96.03 -32.66
 756.00 -135.45 -38.66
 757.00  49.08  19.93
 758.00  50.90  42.21
 759.00 -71.69  25.59
 760.00 -125.04 -41.84
 761.00 -86.69 152.25
 762.00 -108.00 120.26
 763.00 -55.52  53.73
 764.00 -149.78 -42.72
 765.00 -52.07 147.42
 766.00 -107.47 -25.34
 767.00 -156.91  17.13
 768.00 -91.24  77.21
 769.00 -89.24 120.89
 770.00 -76.68 100.08
 771.00 -59.44 169.07
 772.00 -70.52 -30.51
 773.00 -65.81 -46.97
 774.00 -60.80 -29.42
 775.00 -77.87 -54.16
 776.00 -66.19 -29.68
 777.00 -85.63 -38.39
 778.00  66.20   3.18
 779.00 -86.91   3.36
 780.00 -68.89  23.15
 781.00 -56.94 -41.00
 782.00 -73.65 -44.48
 783.00 -46.21 -49.60
 784.00 -58.23 -52.92
 785.00 -73.12 -44.39
 786.00 -61.31 -29.83
 787.00 -73.15 -33.78
 788.00 -64.22 -43.25
 789.00 -63.05 -35.65
 790.00 -61.61 -44.08
 791.00 -70.28 -31.37
 792.00 -68.78 -23.99
 793.00 -60.03 -38.19
 794.00 -89.68 -23.34
 795.00 -74.79 -23.57
 796.00 -92.89 -38.48
 797.00  61.90 -14.09
 798.00 -68.95  60.32
 799.00 -87.27 135.19
 800.00 -55.18 149.04
 801.00 -62.18 -29.07
 802.00 -61.18 -45.18
 803.00 -50.36 -57.36
 804.00 -85.22 -39.39
 805.00 -64.37 -31.84
 806.00 -55.36 -45.43
 807.00 -71.62 -41.75
 808.00 -61.11 -34.14
 809.00 -62.99 -49.32
 810.00 -64.72 -37.12
 811.00 -55.45 -30.67
 812.00 -91.98 -41.45
 813.00 -140.17  44.94
 814.00 -142.92   4.86
 815.00 -152.08 129.93
 816.00 -70.28 157.12
 817.00 -74.65 160.68
 818.00 -111.11 -12.81
 819.00  79.00  15.06
 820.00 -85.15 168.12
 821.00 -68.24 160.90
 822.00 -96.17 -44.09
 823.00 -52.67  40.01
 824.00 -71.80 -33.73
 825.00 -69.89 -38.71
 826.00 -58.33 -40.15
 827.00 -65.02 -47.28
 828.00 -62.69 -40.66
 829.00 -56.46 -41.89
 830.00 -63.98 -45.30
 831.00 -73.60 -40.47
 832.00 -58.10 -31.36
 833.00 -68.03 -62.64
 834.00 -64.47 -17.23
 835.00 -72.78 -47.12
 836.00 -67.05 -36.91
 837.00 -75.95 -20.77
 838.00 -66.38 -54.53
 839.00 -53.39 -27.87
 840.00 -105.18 -39.97
 841.00 -63.70  -0.42
 842.00 -95.47 147.37
 843.00 -142.24  78.69
 844.00 -71.04 139.77
 845.00 -61.37 112.22
 846.00 -67.07 -20.75
 847.00 -119.89  -1.48
 848.00 -76.66  80.79
 849.00 -64.89 -21.58
 850.00 -73.25 -39.05
 851.00 -69.51 -32.05
 852.00 -51.64 -50.22
 853.00 -49.05 -46.96
 854.00 -62.89 -47.98
 855.00 -65.54 -48.08
 856.00 -56.84 -38.29
 857.00 -82.19 -40.77
 858.00 -68.15 -24.74
 859.00 -69.44 -41.21
 860.00 -60.49 -35.95
 861.00 -61.17 -47.89
 862.00 -66.22 -39.75
 863.00 -77.87 -34.15
 864.00 -92.54  -9.79
 865.00 -57.78 -46.78
 866.00 -59.96 -32.23
 867.00 -50.54 -48.79
 868.00 -74.82 -38.87
 869.00 -67.53 -40.95
 870.00 -49.50 -37.03
 871.00 -61.71 -51.47
 872.00 -81.03 -32.53
 873.00 -56.74 -29.15
 874.00 -70.79 -52.18
 875.00 -64.68 -32.55
 876.00 -71.22 -42.18
 877.00 -60.09 -42.43
 878.00 -59.19 -50.29
 879.00 -79.49 -23.95
 880.00 -42.00 -52.27
 881.00 -58.27 -48.33
 882.00 -131.56  -7.95
 883.00 -47.26   8.98
 884.00 -69.59 -42.64
 885.00 -65.45 -36.11
 886.00 -112.02 -26.59
 887.00  58.36  10.47
 888.00 -74.55  -0.74
 889.00 -95.19 136.85
 890.00 -124.58 136.56
 891.00 -59.72 114.94
 892.00 -52.12 140.48
 893.00 -85.96 -37.58
 894.00 -89.54 -22.96
 895.00 -53.03 -33.50
 896.00 -60.73 -46.69
 897.00 -69.87 -29.24
 898.00 -76.22 -36.60
 899.00 -69.77 -37.44
 900.00 -124.16 -27.35
 901.00 -80.62 -51.14
 902.00 -59.81 -54.01
 903.00 -55.56 -32.17
 904.00 -57.02 -36.84
 905.00 -80.87 -37.43
 906.00 -80.46 -41.91
 907.00 -79.44 -16.70
 908.00  85.13 -20.28
 909.00 -63.25   9.09
 910.00 -110.67 -35.77
 911.00 -140.57 136.45
 912.00 -72.67 159.36
 913.00 -84.64 157.28
 914.00 -101.30 131.17
 915.00 -62.04 124.70
 916.00 -82.42 -43.18
 917.00 -145.64 135.38


