 residuo Phi Psi
 669.00 -74.17 139.71
 670.00 -50.73 159.25
 671.00 -54.93 137.85
 672.00 -50.51 -22.01
 673.00 -60.06 -37.32
 674.00 -55.07 -60.18
 675.00 -71.47 -23.31
 676.00 -61.26 -39.07
 677.00 -71.90 -31.33
 678.00 -91.59 -21.86
 679.00 -95.93 -28.57
 680.00 -66.39 -17.89
 681.00 -75.21 127.77
 682.00 -72.47 146.98
 683.00 -61.65 174.79
 684.00 -143.46 158.34
 685.00 -75.88 136.16
 686.00 -77.27 150.74
 687.00  88.30 -10.06
 688.00 -73.93  16.97
 689.00 -96.88 142.76
 690.00 -95.32 115.48
 691.00 -73.24  -3.15
 692.00 -79.47 -26.69
 693.00 -62.56 161.61
 694.00 -69.04 129.86
 695.00 -127.99 133.44
 696.00 -53.17 165.91
 697.00 -72.77 -55.11
 698.00 -71.47 -28.12
 699.00 -60.17 -50.58
 700.00 -77.48 -40.78
 701.00 -64.21 -27.71
 702.00 -80.50 -32.07
 703.00 -60.89 -37.02
 704.00 -50.69 -39.99
 705.00 -63.90 -55.67
 706.00 -46.87 -46.70
 707.00 -71.80 -41.88
 708.00 -73.33 -15.86
 709.00 -72.32 -41.78
 710.00 -56.72 -47.04
 711.00 -66.49 -37.14
 712.00 -60.05 -43.42
 713.00 -59.45 -53.76
 714.00 -69.10 -23.07
 715.00 -58.81 -46.85
 716.00 -68.93 -37.23
 717.00 -57.52 -44.55
 718.00 -62.28 -44.45
 719.00 -63.65 -36.85
 720.00 -103.37 -15.88
 721.00 -56.84 -32.04
 722.00 -54.17 113.29
 723.00  70.67 154.20
 724.00 -48.63 -26.56
 725.00 -62.85 -41.99
 726.00 -63.42  -6.58
 727.00 -69.40 -29.39
 728.00 -59.46 149.00
 729.00 -60.28 149.18
 730.00 -72.54 -25.19
 731.00 -76.74 -40.62
 732.00 -53.73 -35.39
 733.00 -68.78 -48.84
 734.00 -54.19 -39.67
 735.00 -61.36 -61.08
 736.00 -64.11 -28.35
 737.00 -56.20 -57.50
 738.00 -55.93 -56.06
 739.00 -90.16 -32.95
 740.00 -48.54  -2.57
 741.00 -37.72 -71.56
 742.00 -63.93 -62.78
 743.00 -67.29 -39.12
 744.00 -64.97 -49.90
 745.00 -66.32 -38.39
 746.00 -73.76 -36.84
 747.00 -69.33 -41.62
 748.00 -63.39 -29.21
 749.00 -58.45 -35.23
 750.00 -48.03 -56.49
 751.00 -57.78 -58.30
 752.00 -57.62 -42.19
 753.00 -67.67 -45.35
 754.00 -85.10 -37.51
 755.00 -110.34 -19.66
 756.00 -134.11 -31.71
 757.00  52.64  27.71
 758.00  60.65  37.36
 759.00 -67.67   8.11
 760.00 -128.61 -38.01
 761.00 -104.96 159.79
 762.00 -94.03 111.38
 763.00 -64.40  69.12
 764.00 -147.71 -45.81
 765.00 -49.07 160.24
 766.00 -90.91 -37.30
 767.00 -139.73  -4.32
 768.00 -68.30  46.14
 769.00 -95.54 115.51
 770.00 -110.16 129.95
 771.00 -59.47 -179.97
 772.00 -71.87 -24.66
 773.00 -48.71 -57.25
 774.00 -65.03 -42.75
 775.00 -70.80 -42.24
 776.00 -64.73 -46.88
 777.00 -68.12 -38.33
 778.00  48.84   4.21
 779.00 -132.46  36.04
 780.00 -72.59  31.91
 781.00 -53.41 -55.89
 782.00 -72.29 -41.83
 783.00 -50.70 -47.18
 784.00 -55.35 -43.49
 785.00 -83.36 -33.14
 786.00 -61.23 -30.92
 787.00 -51.40 -46.67
 788.00 -60.69 -46.11
 789.00 -60.03 -32.35
 790.00 -61.62 -61.41
 791.00 -69.48 -33.03
 792.00 -70.77 -16.88
 793.00 -53.68 -32.74
 794.00 -73.62 -52.36
 795.00 -66.92 -19.19
 796.00 -71.11 -57.17
 797.00  61.45 -25.21
 798.00 -59.63  53.02
 799.00 -83.57 123.75
 800.00 -50.02 156.26
 801.00 -59.57 -39.38
 802.00 -67.42 -44.76
 803.00 -55.93 -46.04
 804.00 -78.08 -45.47
 805.00 -71.67 -30.83
 806.00 -59.14 -39.31
 807.00 -70.55 -39.65
 808.00 -59.46 -42.85
 809.00 -73.93 -40.79
 810.00 -55.12 -23.04
 811.00 -62.85 -28.07
 812.00 -119.76 -25.33
 813.00 -128.55  35.05
 814.00 -168.61  20.04
 815.00 -152.01 122.87
 816.00 -62.59 162.63
 817.00 -68.17 163.18
 818.00 -123.18 -16.76
 819.00  69.80  22.86
 820.00 -63.91 164.75
 821.00 -47.03 149.79
 822.00 -92.86 -44.28
 823.00 -65.96  38.66
 824.00 -62.77 -29.89
 825.00 -61.96 -47.44
 826.00 -76.77 -33.04
 827.00 -70.22 -42.25
 828.00 -52.24 -41.74
 829.00 -79.41 -38.81
 830.00 -57.01 -41.78
 831.00 -66.70 -38.38
 832.00 -54.05 -39.49
 833.00 -76.80 -51.83
 834.00 -76.16 -15.36
 835.00 -72.82 -37.28
 836.00 -54.01 -35.44
 837.00 -76.57 -40.45
 838.00 -58.98 -34.70
 839.00 -70.43 -29.67
 840.00 -136.93 -19.29
 841.00 -47.51   4.32
 842.00 -77.37 145.94
 843.00 -147.17  84.21
 844.00 -76.79 153.63
 845.00 -69.37 122.59
 846.00 -74.62 -15.84
 847.00 -115.78 -17.70
 848.00 -54.98  77.52
 849.00 -72.96 -25.37
 850.00 -64.99 -29.19
 851.00 -55.93 -60.87
 852.00 -69.27 -33.55
 853.00 -72.05 -45.51
 854.00 -61.05 -38.93
 855.00 -50.01 -60.44
 856.00 -48.11 -53.45
 857.00 -63.77 -44.45
 858.00 -54.76 -41.57
 859.00 -65.39 -43.03
 860.00 -78.01 -29.93
 861.00 -54.55 -34.14
 862.00 -83.95 -39.07
 863.00 -53.69 -42.86
 864.00 -74.79 -34.46
 865.00 -76.20 -14.00
 866.00 -62.38 -36.66
 867.00 -64.86 -33.50
 868.00 -68.62 -32.18
 869.00 -68.84 -40.50
 870.00 -54.54 -38.69
 871.00 -55.48 -55.50
 872.00 -86.88 -42.53
 873.00 -61.38 -25.06
 874.00 -62.22 -38.28
 875.00 -70.09 -46.54
 876.00 -81.18 -31.46
 877.00 -58.33 -37.48
 878.00 -84.77 -39.88
 879.00 -73.88 -16.80
 880.00 -64.69 -43.02
 881.00 -69.35 -36.79
 882.00 -130.79 -12.72
 883.00 -53.43  10.59
 884.00 -71.04 -41.84
 885.00 -80.77 -25.48
 886.00 -101.42 -29.03
 887.00  49.57  11.52
 888.00 -85.11  36.82
 889.00 -89.07 131.82
 890.00 -118.69 135.84
 891.00 -54.46 139.71
 892.00 -70.14 146.03
 893.00 -68.81 -33.09
 894.00 -62.57 -35.61
 895.00 -66.59 -37.90
 896.00 -52.56 -33.03
 897.00 -56.74 -57.96
 898.00 -75.29 -47.47
 899.00 -89.63 -29.70
 900.00 -132.22  -8.16
 901.00 -102.34 -44.05
 902.00 -50.93 -48.95
 903.00 -64.50 -48.11
 904.00 -72.57 -16.75
 905.00 -83.78 -24.65
 906.00 -61.64 -42.82
 907.00 -80.41 -40.08
 908.00  68.95   2.75
 909.00 -80.70  17.04
 910.00 -125.29 -14.69
 911.00 -111.95 116.48
 912.00 -70.82 148.78
 913.00 -88.81 149.25
 914.00 -119.65 136.01
 915.00 -72.97 133.31
 916.00 -86.82 -52.49
 917.00 -73.72 177.07


