 residuo Phi Psi
 669.00 -95.15 149.01
 670.00 -59.10 149.50
 671.00 -65.66 161.12
 672.00 -58.99 -43.35
 673.00 -72.30 -32.12
 674.00 -58.82 -39.21
 675.00 -56.32 -38.96
 676.00 -64.95 -52.26
 677.00 -67.57 -30.48
 678.00 -67.02 -34.84
 679.00 -79.21 -42.13
 680.00 -58.28 -16.67
 681.00 -61.88 115.25
 682.00 -81.48 164.32
 683.00 -79.77 -174.55
 684.00 -140.82 162.84
 685.00 -76.92 142.56
 686.00 -81.75 153.38
 687.00  74.23 -20.77
 688.00 -88.99  33.51
 689.00 -92.72 143.11
 690.00 -107.84 137.52
 691.00 -82.57   1.16
 692.00 -124.75  -1.25
 693.00 -59.87 168.28
 694.00 -66.49 149.53
 695.00 -142.24 136.53
 696.00 -59.62 154.08
 697.00 -72.15 -53.59
 698.00 -55.97 -38.52
 699.00 -71.39 -51.12
 700.00 -73.69 -39.21
 701.00 -57.43 -37.65
 702.00 -72.56 -36.24
 703.00 -53.37 -43.43
 704.00 -67.42 -50.44
 705.00 -57.83 -41.89
 706.00 -48.21 -49.26
 707.00 -63.23 -40.20
 708.00 -77.24 -37.77
 709.00 -74.75 -16.80
 710.00 -63.22 -53.89
 711.00 -67.07 -28.22
 712.00 -85.37 -28.71
 713.00 -64.84 -38.07
 714.00 -53.11 -33.56
 715.00 -59.90 -62.21
 716.00 -77.88 -26.27
 717.00 -76.30 -46.39
 718.00 -59.20 -27.30
 719.00 -83.55 -31.12
 720.00 -98.32 -11.62
 721.00 -67.46 -20.00
 722.00 -64.96 134.49
 723.00  68.44 145.24
 724.00 -57.17 -20.20
 725.00 -79.24 -21.87
 726.00 -70.82  -1.75
 727.00 -79.00 -21.31
 728.00 -60.43 149.77
 729.00 -50.74 141.93
 730.00 -59.58 -44.56
 731.00 -69.53 -40.47
 732.00 -47.01 -45.84
 733.00 -65.50 -47.20
 734.00 -46.71 -42.86
 735.00 -68.31 -54.47
 736.00 -56.37 -30.69
 737.00 -60.63 -53.06
 738.00 -84.01 -32.27
 739.00 -76.52 -47.02
 740.00 -45.30 -21.95
 741.00 -70.36 -49.03
 742.00 -64.53 -49.69
 743.00 -72.44 -26.53
 744.00 -59.44 -41.34
 745.00 -57.96 -43.01
 746.00 -63.10 -57.32
 747.00 -72.73 -37.81
 748.00 -75.83 -29.06
 749.00 -60.21 -32.09
 750.00 -74.01 -35.87
 751.00 -77.12 -33.75
 752.00 -64.28 -34.42
 753.00 -48.32 -57.29
 754.00 -94.76 -36.50
 755.00 -81.48 -49.63
 756.00 -142.84 -14.51
 757.00  58.09  19.79
 758.00  72.91  37.21
 759.00 -74.81  -7.78
 760.00 -141.98 -15.89
 761.00 -91.67 160.83
 762.00 -100.23 116.24
 763.00 -59.75  67.99
 764.00 -151.27 -50.33
 765.00 -50.99 159.72
 766.00 -89.39 -23.54
 767.00 -108.68 -32.91
 768.00 -80.80  61.39
 769.00 -109.04 139.74
 770.00 -94.08 130.96
 771.00 -59.62 174.55
 772.00 -69.00 -24.09
 773.00 -58.48 -46.50
 774.00 -66.39 -35.50
 775.00 -81.34 -36.91
 776.00 -71.39 -40.68
 777.00 -78.06 -32.58
 778.00  51.43   4.67
 779.00 -127.17  44.82
 780.00 -60.53  24.37
 781.00 -61.92 -61.28
 782.00 -65.10 -32.34
 783.00 -63.81 -45.10
 784.00 -54.11 -36.88
 785.00 -72.94 -40.34
 786.00 -68.72 -37.43
 787.00 -55.65 -47.77
 788.00 -48.72 -46.52
 789.00 -60.69 -52.44
 790.00 -65.40 -44.87
 791.00 -69.43 -27.27
 792.00 -65.31 -35.01
 793.00 -65.15 -22.35
 794.00 -66.32 -44.25
 795.00 -65.39 -35.01
 796.00 -95.36 -21.64
 797.00  47.91 -15.86
 798.00 -49.03  41.43
 799.00 -75.96 122.01
 800.00 -70.31 160.06
 801.00 -51.79 -28.92
 802.00 -67.28 -52.34
 803.00 -63.46 -48.26
 804.00 -46.52 -50.39
 805.00 -65.84 -53.12
 806.00 -69.49 -43.47
 807.00 -78.35 -20.96
 808.00 -52.42 -44.44
 809.00 -60.43 -53.58
 810.00 -75.42 -19.41
 811.00 -58.41 -29.19
 812.00 -131.44 -10.21
 813.00 -141.43  52.22
 814.00 -149.27  -1.90
 815.00 -147.53 130.54
 816.00 -59.89 160.51
 817.00 -57.91 158.17
 818.00 -118.91 -20.21
 819.00  80.96   0.92
 820.00 -73.91 165.32
 821.00 -73.06 167.15
 822.00 -104.43 -24.08
 823.00 -61.32  31.76
 824.00 -45.24 -35.24
 825.00 -71.78 -55.19
 826.00 -69.42 -25.27
 827.00 -60.43 -48.75
 828.00 -66.79 -44.96
 829.00 -60.87 -39.08
 830.00 -54.14 -49.69
 831.00 -63.85 -50.95
 832.00 -60.29 -38.69
 833.00 -73.15 -44.39
 834.00 -82.69 -17.47
 835.00 -58.55 -38.72
 836.00 -61.77 -41.59
 837.00 -53.21 -53.23
 838.00 -64.50 -37.37
 839.00 -64.28 -32.23
 840.00 -119.17 -36.91
 841.00 -67.67  12.79
 842.00 -61.99 140.81
 843.00 -158.60  93.42
 844.00 -69.41 161.04
 845.00 -53.77  93.26
 846.00 -81.12 -51.13
 847.00 -102.61  18.58
 848.00 -70.76 158.44
 849.00 -116.72 -40.15
 850.00 -45.12 -14.78
 851.00 -72.38 -55.32
 852.00 -54.57 -37.76
 853.00 -74.01 -41.26
 854.00 -55.67 -37.21
 855.00 -60.83 -49.17
 856.00 -65.04 -35.43
 857.00 -69.82 -46.06
 858.00 -79.76 -25.01
 859.00 -79.75 -35.59
 860.00 -57.50 -31.86
 861.00 -68.12 -31.36
 862.00 -68.00 -38.34
 863.00 -61.81 -47.68
 864.00 -86.97 -22.10
 865.00 -70.74 -14.63
 866.00 -62.55 -35.66
 867.00 -66.41 -46.96
 868.00 -60.93 -26.92
 869.00 -67.96 -52.21
 870.00 -60.51 -27.19
 871.00 -72.90 -41.54
 872.00 -78.74 -39.13
 873.00 -57.94 -35.61
 874.00 -56.97 -47.11
 875.00 -55.63 -51.24
 876.00 -69.20 -47.15
 877.00 -59.17 -41.54
 878.00 -53.90 -49.96
 879.00 -64.79 -38.67
 880.00 -79.88 -32.68
 881.00 -55.07 -38.99
 882.00 -82.58 -40.45
 883.00 -53.91 -14.91
 884.00 -63.54 -32.37
 885.00 -80.04 -31.35
 886.00 -123.89 -38.35
 887.00  71.05   9.43
 888.00 -70.78  19.45
 889.00 -71.35 114.17
 890.00 -139.86 156.05
 891.00 -67.15 136.89
 892.00 -56.33 132.10
 893.00 -54.27 -41.25
 894.00 -82.90 -38.57
 895.00 -57.25 -34.79
 896.00 -70.90 -37.87
 897.00 -74.11 -27.03
 898.00 -61.49 -39.62
 899.00 -63.60 -36.43
 900.00 -115.95 -47.19
 901.00 -94.23 -45.88
 902.00 -54.46 -41.53
 903.00 -78.98 -38.81
 904.00 -72.37  -5.96
 905.00 -75.94 -36.34
 906.00 -88.10 -27.35
 907.00 -86.75 -29.55
 908.00  72.97   0.09
 909.00 -66.84   5.19
 910.00 -123.84 -22.32
 911.00 -138.13 144.68
 912.00 -80.14 154.45
 913.00 -99.90 165.05
 914.00 -116.36 125.60
 915.00 -69.85 140.16
 916.00 -114.59 -41.80
 917.00 -75.79 154.94


