 residuo Phi Psi
 669.00 -55.94 151.25
 670.00 -53.42 149.22
 671.00 -70.41  99.82
 672.00 -52.34 -20.16
 673.00 -64.16 -36.89
 674.00 -91.83 -26.81
 675.00 -70.79 -31.45
 676.00 -63.78 -29.96
 677.00 -74.91 -37.14
 678.00 -58.17 -34.54
 679.00 -74.75 -41.56
 680.00 -76.51 -21.23
 681.00 -77.52 117.72
 682.00 -64.09 175.21
 683.00 -47.72 160.75
 684.00 -97.23 131.67
 685.00 -84.94 119.82
 686.00 -66.89 148.29
 687.00  78.89 -22.99
 688.00 -113.59  37.57
 689.00 -91.90 134.02
 690.00 -67.03  88.82
 691.00 -82.08  -0.01
 692.00 -84.14 -12.23
 693.00 -56.96 141.68
 694.00 -65.02 138.50
 695.00 -151.50 130.01
 696.00 -51.35 155.44
 697.00 -70.00 -56.78
 698.00 -58.39 -40.05
 699.00 -67.58 -45.32
 700.00 -75.71 -39.92
 701.00 -62.84 -40.56
 702.00 -82.99 -29.59
 703.00 -58.01 -27.81
 704.00 -65.23 -39.19
 705.00 -62.71 -48.95
 706.00 -56.16 -38.59
 707.00 -54.42 -35.63
 708.00 -49.32 -60.31
 709.00 -54.75 -55.07
 710.00 -71.51 -44.91
 711.00 -54.44 -37.96
 712.00 -57.53 -41.52
 713.00 -70.04 -46.98
 714.00 -60.54 -43.33
 715.00 -71.02 -31.90
 716.00 -52.61 -45.48
 717.00 -66.10 -46.64
 718.00 -61.96 -47.95
 719.00 -74.32 -29.46
 720.00 -115.61 -10.64
 721.00 -55.21  -9.26
 722.00 -56.24 130.17
 723.00  85.20 127.44
 724.00 -59.53 -18.20
 725.00 -77.59 -34.93
 726.00 -73.94  -1.18
 727.00 -73.58 -15.29
 728.00 -65.55 144.67
 729.00 -55.20 149.47
 730.00 -70.84 -38.06
 731.00 -88.21 -25.35
 732.00 -44.95 -34.53
 733.00 -60.50 -54.81
 734.00 -67.36 -31.61
 735.00 -63.65 -57.03
 736.00 -69.46 -29.38
 737.00 -69.92 -45.88
 738.00 -76.42 -30.65
 739.00 -79.07 -40.41
 740.00 -53.12  -3.96
 741.00 -66.11 -57.64
 742.00 -57.41 -39.04
 743.00 -63.73 -67.54
 744.00 -89.33 -31.65
 745.00 -63.89 -25.09
 746.00 -61.72 -42.82
 747.00 -59.59 -49.63
 748.00 -53.15 -43.76
 749.00 -59.18 -40.39
 750.00 -54.27 -48.33
 751.00 -67.50 -44.49
 752.00 -59.94 -42.24
 753.00 -68.23 -41.20
 754.00 -105.38 -29.69
 755.00 -142.65  18.35
 756.00 -128.56 -42.53
 757.00  56.47  27.83
 758.00  58.04  38.85
 759.00 -72.95 -15.49
 760.00 -133.05 -12.66
 761.00 -79.77 149.83
 762.00 -108.65 117.16
 763.00 -54.09  64.65
 764.00 -166.31 -48.10
 765.00 -56.75 156.80
 766.00 -89.93 -31.45
 767.00 -138.68  -4.21
 768.00 -80.69  41.05
 769.00 -93.60 120.48
 770.00 -82.32 112.32
 771.00 -58.90 172.25
 772.00 -72.13 -25.62
 773.00 -58.76 -36.96
 774.00 -86.46 -22.40
 775.00 -74.57 -38.07
 776.00 -63.98 -43.52
 777.00 -74.36 -34.18
 778.00  59.04   0.12
 779.00 -129.24  30.67
 780.00 -60.53  29.96
 781.00 -58.92 -52.31
 782.00 -58.69 -47.61
 783.00 -71.26 -44.69
 784.00 -81.09 -27.12
 785.00 -68.23 -28.16
 786.00 -64.10 -39.21
 787.00 -60.18 -37.66
 788.00 -64.65 -45.06
 789.00 -61.54 -39.76
 790.00 -69.98 -34.79
 791.00 -60.34 -38.67
 792.00 -60.13 -27.94
 793.00 -62.35 -24.25
 794.00 -74.59 -55.15
 795.00 -57.01 -36.38
 796.00 -81.98 -52.01
 797.00  51.09   3.34
 798.00 -59.41  41.75
 799.00 -95.87 130.79
 800.00 -67.98 166.92
 801.00 -96.78 -20.59
 802.00 -72.84 -28.23
 803.00 -61.91 -33.86
 804.00 -66.75 -51.58
 805.00 -62.09 -43.77
 806.00 -83.08 -34.52
 807.00 -64.56 -27.73
 808.00 -61.88 -32.60
 809.00 -59.57 -47.98
 810.00 -59.36 -29.89
 811.00 -64.92 -36.63
 812.00 -118.66 -14.23
 813.00 -109.00  28.85
 814.00 -148.75 -14.54
 815.00 -150.24 123.59
 816.00 -59.67 159.52
 817.00 -66.06 155.46
 818.00 -105.19  -4.90
 819.00  71.20  -0.23
 820.00 -81.79 -173.86
 821.00 -77.63 174.06
 822.00 -116.17 -16.84
 823.00 -64.52  40.80
 824.00 -59.74 -29.70
 825.00 -79.32 -47.09
 826.00 -57.44 -35.37
 827.00 -75.86 -44.21
 828.00 -59.48 -39.49
 829.00 -80.83 -37.61
 830.00 -61.72 -37.74
 831.00 -61.06 -46.44
 832.00 -71.63 -37.39
 833.00 -73.70 -36.93
 834.00 -64.58 -33.84
 835.00 -57.50 -49.08
 836.00 -67.67 -41.65
 837.00 -56.80 -42.80
 838.00 -52.33 -52.14
 839.00 -93.51 -33.59
 840.00 -112.77 -11.81
 841.00 -58.90 -15.54
 842.00 -72.17 141.50
 843.00 -131.39  78.59
 844.00 -90.40 157.06
 845.00 -68.02 127.38
 846.00 -70.95 -21.13
 847.00 -114.17 -26.79
 848.00 -66.32  59.67
 849.00 -54.15 -17.57
 850.00 -69.05 -37.09
 851.00 -52.54 -49.38
 852.00 -58.90 -56.59
 853.00 -76.08 -25.12
 854.00 -63.69 -47.06
 855.00 -50.31 -49.87
 856.00 -54.48 -53.32
 857.00 -69.57 -52.29
 858.00 -77.39 -22.18
 859.00 -67.90 -45.17
 860.00 -86.41 -20.66
 861.00 -66.79 -24.43
 862.00 -67.02 -45.42
 863.00 -80.66 -27.79
 864.00 -75.15 -20.58
 865.00 -80.23  -9.96
 866.00 -67.84 -26.38
 867.00 -63.50 -43.27
 868.00 -82.29 -25.47
 869.00 -57.46 -39.14
 870.00 -62.70 -41.62
 871.00 -56.25 -45.99
 872.00 -83.30 -46.39
 873.00 -58.98 -32.91
 874.00 -55.52 -48.98
 875.00 -75.59 -26.56
 876.00 -64.65 -54.50
 877.00 -66.08 -39.69
 878.00 -64.94 -41.42
 879.00 -60.39 -48.87
 880.00 -70.54 -34.96
 881.00 -72.13 -42.09
 882.00 -96.02 -24.77
 883.00 -36.95   6.38
 884.00 -55.29 -52.65
 885.00 -72.52 -32.51
 886.00 -103.27 -28.82
 887.00  58.32  -8.46
 888.00 -95.32  30.51
 889.00 -90.16 126.49
 890.00 -128.42 142.89
 891.00 -72.83 142.59
 892.00 -58.27 153.69
 893.00 -63.60 -46.24
 894.00 -65.79 -43.03
 895.00 -65.64 -38.19
 896.00 -75.08 -20.60
 897.00 -57.02 -50.72
 898.00 -80.24 -40.07
 899.00 -113.97 -22.51
 900.00 -74.63 -33.59
 901.00 -87.10 -67.44
 902.00 -51.08 -51.10
 903.00 -46.32 -37.26
 904.00 -73.88 -35.48
 905.00 -93.42 -13.68
 906.00 -54.17 -48.92
 907.00 -101.37 -25.56
 908.00  64.57   3.63
 909.00 -84.86  26.96
 910.00 -129.37 -22.45
 911.00 -152.73 139.12
 912.00 -69.57 145.25
 913.00 -85.10 152.54
 914.00 -81.83 103.06
 915.00 -147.05 165.97
 916.00 -109.51  -6.24
 917.00 -112.85 -167.55


