 residuo Phi Psi
 669.00 -55.87 171.31
 670.00 -67.14 150.27
 671.00 -138.76 114.07
 672.00 -47.83 -44.35
 673.00 -73.17 -38.66
 674.00 -75.61 -32.60
 675.00 -77.47 -17.10
 676.00 -61.61 -45.70
 677.00 -74.44 -28.19
 678.00 -81.17 -32.93
 679.00 -119.62  -5.96
 680.00 -53.88  -4.57
 681.00 -67.79 125.65
 682.00 -80.42 158.94
 683.00 -67.40 -172.22
 684.00 -130.13 132.38
 685.00 -82.06 110.26
 686.00 -98.90 166.75
 687.00  77.86  -4.64
 688.00 -57.72  -0.02
 689.00 -104.28 143.31
 690.00 -70.34  92.52
 691.00 -69.75  -1.95
 692.00 -90.61 -23.34
 693.00 -53.37 149.74
 694.00 -84.58 145.75
 695.00 -146.05 143.23
 696.00 -63.10 160.70
 697.00 -80.10 -50.05
 698.00 -67.47 -30.33
 699.00 -57.10 -35.70
 700.00 -63.63 -53.01
 701.00 -68.67 -37.89
 702.00 -60.29 -33.83
 703.00 -73.11 -40.95
 704.00 -64.61 -39.85
 705.00 -44.50 -42.71
 706.00 -66.56 -53.15
 707.00 -46.33 -29.70
 708.00 -63.20 -51.18
 709.00 -45.08 -58.94
 710.00 -57.69 -51.45
 711.00 -48.49 -48.39
 712.00 -53.57 -56.32
 713.00 -77.33 -46.11
 714.00 -57.33 -26.91
 715.00 -63.50 -47.05
 716.00 -72.61 -42.57
 717.00 -58.05 -27.39
 718.00 -64.06 -61.82
 719.00 -69.68 -21.56
 720.00 -107.70 -15.58
 721.00 -46.09 -10.58
 722.00 -79.18 143.12
 723.00  77.51 151.67
 724.00 -41.16 -39.10
 725.00 -57.05 -45.88
 726.00 -41.70 -30.23
 727.00 -58.29 -50.11
 728.00 -58.34 143.76
 729.00 -63.24 141.41
 730.00 -83.17 -25.97
 731.00 -90.38 -16.59
 732.00 -55.68 -30.81
 733.00 -54.99 -45.06
 734.00 -59.21 -50.97
 735.00 -71.11 -55.36
 736.00 -67.67 -16.60
 737.00 -73.99 -52.14
 738.00 -90.50 -18.33
 739.00 -85.16 -31.15
 740.00 -60.22  -3.37
 741.00 -67.51 -45.30
 742.00 -72.43 -43.01
 743.00 -83.61 -23.48
 744.00 -74.74 -43.09
 745.00 -84.15 -28.44
 746.00 -59.23 -30.03
 747.00 -71.86 -44.92
 748.00 -58.67 -42.12
 749.00 -70.55 -41.59
 750.00 -70.34 -39.93
 751.00 -56.94 -42.13
 752.00 -67.82 -32.09
 753.00 -73.15 -35.46
 754.00 -90.52 -34.95
 755.00 -93.74 -20.46
 756.00 -123.35 -50.98
 757.00  56.80  33.37
 758.00  52.12  34.13
 759.00 -69.27  -7.24
 760.00 -142.68 -14.79
 761.00 -111.50 174.88
 762.00 -87.17 101.47
 763.00 -54.51  65.61
 764.00 -165.48 -37.81
 765.00 -64.31 161.72
 766.00 -77.23 -36.89
 767.00 -133.96 -10.48
 768.00 -85.53  75.06
 769.00 -90.28 119.98
 770.00 -116.91 133.04
 771.00 -50.31 175.70
 772.00 -60.22 -36.67
 773.00 -58.76 -57.29
 774.00 -66.61 -29.25
 775.00 -80.41 -31.11
 776.00 -62.95 -46.06
 777.00 -83.42 -36.53
 778.00  61.65  -2.60
 779.00 -135.11  33.48
 780.00 -63.15  38.03
 781.00 -64.81 -38.30
 782.00 -55.63 -45.79
 783.00 -70.49 -45.77
 784.00 -75.81 -29.74
 785.00 -70.41 -43.14
 786.00 -75.13 -22.50
 787.00 -61.06 -44.90
 788.00 -59.99 -41.62
 789.00 -60.54 -41.22
 790.00 -58.88 -49.52
 791.00 -90.89 -22.39
 792.00 -65.31 -20.86
 793.00 -65.25 -26.67
 794.00 -76.28 -30.99
 795.00 -68.90 -46.59
 796.00 -90.96 -30.00
 797.00  56.84 -10.26
 798.00 -105.69  83.44
 799.00 -88.26 131.48
 800.00 -53.82 153.69
 801.00 -64.85 -36.00
 802.00 -70.55 -38.09
 803.00 -55.35 -35.53
 804.00 -48.95 -53.91
 805.00 -86.63 -42.08
 806.00 -64.86 -25.95
 807.00 -47.09 -65.02
 808.00 -66.47 -34.76
 809.00 -69.62 -38.39
 810.00 -57.12 -27.60
 811.00 -69.43 -28.84
 812.00 -122.11 -16.28
 813.00 -138.88  48.59
 814.00 -158.44  11.17
 815.00 -143.96 130.17
 816.00 -61.73 161.60
 817.00 -81.08 151.06
 818.00 -54.01 -35.49
 819.00  74.54 -11.58
 820.00 -64.56 153.84
 821.00 -53.59 156.81
 822.00 -130.39 -19.31
 823.00 -60.80  40.29
 824.00 -52.94 -44.74
 825.00 -69.54 -45.60
 826.00 -58.49 -33.87
 827.00 -68.73 -44.63
 828.00 -60.18 -43.04
 829.00 -63.97 -55.07
 830.00 -62.60 -35.15
 831.00 -64.87 -45.83
 832.00 -69.01 -31.60
 833.00 -74.29 -33.69
 834.00 -59.55 -26.40
 835.00 -57.18 -66.32
 836.00 -89.96 -25.89
 837.00 -60.95 -20.61
 838.00 -56.46 -58.73
 839.00 -52.39 -27.62
 840.00 -121.71 -44.61
 841.00 -74.30   7.97
 842.00 -77.54 162.20
 843.00 -163.86  97.19
 844.00 -82.84 164.04
 845.00 -64.02 121.95
 846.00 -83.09 -31.99
 847.00 -140.95  -2.44
 848.00 -67.94  68.47
 849.00 -59.60  -6.27
 850.00 -54.04 -33.84
 851.00 -81.47 -40.22
 852.00 -77.79 -30.59
 853.00 -55.67 -42.12
 854.00 -54.57 -45.66
 855.00 -60.10 -50.71
 856.00 -45.05 -57.60
 857.00 -63.98 -47.26
 858.00 -58.65 -46.57
 859.00 -69.22 -38.16
 860.00 -62.99 -34.07
 861.00 -64.86 -38.93
 862.00 -53.11 -51.41
 863.00 -62.79 -47.28
 864.00 -76.28 -20.46
 865.00 -61.73 -28.16
 866.00 -73.82 -34.73
 867.00 -64.52 -36.93
 868.00 -83.13 -18.65
 869.00 -62.09 -50.01
 870.00 -56.76 -33.61
 871.00 -79.50 -37.01
 872.00 -64.58 -32.65
 873.00 -54.09 -39.64
 874.00 -65.48 -43.89
 875.00 -62.44 -48.97
 876.00 -75.59 -34.77
 877.00 -58.44 -41.49
 878.00 -59.36 -41.65
 879.00 -51.98 -45.39
 880.00 -64.44 -50.18
 881.00 -78.33 -50.89
 882.00 -156.50  12.07
 883.00 -52.92  21.60
 884.00 -72.01 -27.92
 885.00 -96.91 -16.73
 886.00 -95.92 -28.29
 887.00  54.74  -2.06
 888.00 -81.56  18.23
 889.00 -68.97 109.72
 890.00 -103.17 118.64
 891.00 -51.24 135.67
 892.00 -63.70 142.80
 893.00 -58.64 -37.13
 894.00 -74.26 -43.66
 895.00 -56.14 -44.25
 896.00 -66.44 -39.00
 897.00 -85.26 -24.31
 898.00 -63.74 -43.96
 899.00 -84.04 -35.86
 900.00 -134.54 -13.30
 901.00 -79.51 -52.30
 902.00 -57.79 -45.00
 903.00 -61.79 -45.68
 904.00 -64.50 -22.64
 905.00 -74.96 -32.71
 906.00 -54.57 -54.08
 907.00 -72.80 -47.75
 908.00  80.01   1.40
 909.00 -59.50   5.12
 910.00 -130.30 -22.78
 911.00 -134.56 136.92
 912.00 -67.45 151.16
 913.00 -108.13 169.23
 914.00 -107.88 121.33
 915.00 -88.41 142.22
 916.00 -121.35 -19.55
 917.00 -106.05 156.69


