 residuo Phi Psi
 669.00 -95.60 133.00
 670.00 -61.90 161.74
 671.00 -123.31 143.69
 672.00 -66.19  -5.05
 673.00 -66.30 -42.84
 674.00 -85.37 -13.68
 675.00 -60.49 -38.24
 676.00 -61.63 -44.30
 677.00 -78.43 -30.86
 678.00 -67.71 -38.57
 679.00 -74.13 -32.25
 680.00 -68.61 -27.99
 681.00 -74.51 115.53
 682.00 -71.05 164.47
 683.00 -77.42 162.36
 684.00 -99.27 140.31
 685.00 -81.07 117.06
 686.00 -76.34 141.94
 687.00 100.68 -27.65
 688.00 -98.60  25.49
 689.00 -133.15 146.24
 690.00 -61.70  85.33
 691.00 -73.35  -5.64
 692.00 -79.25 -22.29
 693.00 -69.24 160.14
 694.00 -64.11 125.73
 695.00 -119.15 127.46
 696.00 -58.38 153.29
 697.00 -75.27 -38.63
 698.00 -56.54 -45.26
 699.00 -64.98 -44.15
 700.00 -59.63 -52.02
 701.00 -67.80 -39.71
 702.00 -78.73 -24.30
 703.00 -68.78 -30.84
 704.00 -52.34 -43.10
 705.00 -66.98 -46.17
 706.00 -54.04 -44.88
 707.00 -60.71 -37.76
 708.00 -65.08 -44.84
 709.00 -60.96 -45.90
 710.00 -74.01 -40.99
 711.00 -55.68 -36.08
 712.00 -78.13 -33.64
 713.00 -74.04 -33.12
 714.00 -79.87 -18.33
 715.00 -66.58 -37.09
 716.00 -61.75 -32.68
 717.00 -58.66 -54.58
 718.00 -74.73 -44.98
 719.00 -63.16 -11.87
 720.00 -113.33 -37.83
 721.00 -36.83 -30.74
 722.00 -60.41 127.77
 723.00  73.66 151.96
 724.00 -54.27 -36.39
 725.00 -62.45 -37.06
 726.00 -63.05 -17.10
 727.00 -67.00 -25.63
 728.00 -56.66 131.09
 729.00 -45.41 138.86
 730.00 -79.42 -29.74
 731.00 -85.20 -13.54
 732.00 -53.46 -40.05
 733.00 -53.11 -58.89
 734.00 -73.69 -35.36
 735.00 -57.91 -62.23
 736.00 -52.44 -31.22
 737.00 -84.06 -44.01
 738.00 -91.35 -10.39
 739.00 -93.65 -39.52
 740.00 -48.69 -10.20
 741.00 -68.07 -43.61
 742.00 -74.11 -43.52
 743.00 -60.75 -47.53
 744.00 -69.42 -47.90
 745.00 -64.45 -34.00
 746.00 -72.73 -36.30
 747.00 -60.85 -38.68
 748.00 -68.73 -42.43
 749.00 -55.60 -32.85
 750.00 -66.82 -45.30
 751.00 -70.97 -39.51
 752.00 -71.59 -33.02
 753.00 -60.49 -36.43
 754.00 -82.15 -49.28
 755.00 -102.04 -31.75
 756.00 -136.75 -29.01
 757.00  60.14   9.00
 758.00  68.47  40.78
 759.00 -61.44 -17.50
 760.00 -136.16 -12.87
 761.00 -105.00 167.02
 762.00 -93.95 116.48
 763.00 -57.44  75.17
 764.00 -141.47 -61.37
 765.00 -49.40 162.57
 766.00 -97.69 -29.20
 767.00 -130.94  -7.63
 768.00 -99.47  79.74
 769.00 -96.99 135.35
 770.00 -82.78 103.08
 771.00 -69.75 175.25
 772.00 -72.21 -10.78
 773.00 -61.52 -50.32
 774.00 -64.77 -29.95
 775.00 -109.88 -29.33
 776.00 -71.64 -19.91
 777.00 -78.47 -40.60
 778.00  50.44  14.49
 779.00 -140.57  45.47
 780.00 -74.06  39.56
 781.00 -67.07 -61.46
 782.00 -63.96 -26.79
 783.00 -61.18 -48.56
 784.00 -55.43 -39.15
 785.00 -67.69 -40.68
 786.00 -67.83 -42.85
 787.00 -50.69 -36.78
 788.00 -56.37 -53.75
 789.00 -64.38 -37.08
 790.00 -74.48 -42.12
 791.00 -60.38 -21.86
 792.00 -62.51 -22.26
 793.00 -64.41 -39.39
 794.00 -75.09 -48.62
 795.00 -65.60 -26.68
 796.00 -74.43 -39.48
 797.00  52.99 -25.99
 798.00 -66.66  55.21
 799.00 -86.59 132.28
 800.00 -46.42 160.43
 801.00 -61.91 -36.43
 802.00 -83.17 -43.02
 803.00 -54.19 -22.82
 804.00 -72.13 -50.19
 805.00 -58.52 -34.44
 806.00 -72.01 -52.84
 807.00 -71.40 -26.37
 808.00 -65.50 -37.18
 809.00 -62.93 -39.33
 810.00 -62.96 -24.96
 811.00 -69.58 -30.11
 812.00 -104.66 -25.21
 813.00 -118.12  24.07
 814.00 -153.36   9.56
 815.00 -162.14 137.19
 816.00 -47.75 151.65
 817.00 -72.96 146.49
 818.00 -75.08 -32.39
 819.00 101.65 -18.95
 820.00 -64.49 156.21
 821.00 -61.54 163.72
 822.00 -97.36 -43.34
 823.00 -56.81  37.15
 824.00 -61.46 -45.90
 825.00 -71.70 -34.79
 826.00 -62.67 -42.27
 827.00 -62.62 -39.84
 828.00 -61.52 -40.73
 829.00 -56.05 -56.05
 830.00 -54.71 -56.01
 831.00 -84.34 -36.24
 832.00 -59.42 -30.07
 833.00 -69.87 -40.40
 834.00 -63.00 -43.18
 835.00 -63.78 -39.62
 836.00 -80.35 -28.42
 837.00 -76.59 -25.01
 838.00 -45.54 -50.99
 839.00 -72.22 -32.20
 840.00 -107.06 -31.64
 841.00 -57.47  -8.91
 842.00 -64.63 137.67
 843.00 -142.30  69.37
 844.00 -74.32 160.58
 845.00 -46.58  90.13
 846.00 -71.74 -33.57
 847.00 -136.73  -3.20
 848.00 -64.13  65.28
 849.00 -62.72 -20.07
 850.00 -77.79 -23.87
 851.00 -82.24 -26.27
 852.00 -54.95 -44.57
 853.00 -79.76 -37.57
 854.00 -65.40 -35.22
 855.00 -62.90 -45.70
 856.00 -62.74 -42.81
 857.00 -50.02 -58.23
 858.00 -60.30 -38.68
 859.00 -69.81 -51.65
 860.00 -75.16 -24.63
 861.00 -42.25 -55.77
 862.00 -53.15 -53.51
 863.00 -77.76 -39.18
 864.00 -77.97 -34.17
 865.00 -70.05  -3.18
 866.00 -60.67 -43.15
 867.00 -65.27 -35.93
 868.00 -75.55 -28.99
 869.00 -52.13 -39.54
 870.00 -57.16 -44.34
 871.00 -51.64 -50.85
 872.00 -69.49 -47.75
 873.00 -56.16 -42.03
 874.00 -72.19 -39.96
 875.00 -63.15 -35.53
 876.00 -72.21 -49.91
 877.00 -55.05 -38.69
 878.00 -84.82 -32.07
 879.00 -73.21 -35.75
 880.00 -57.03 -35.17
 881.00 -66.01 -35.86
 882.00 -66.98 -58.76
 883.00 -55.64 -10.66
 884.00 -65.66 -51.53
 885.00 -72.47 -23.45
 886.00 -86.58 -37.36
 887.00  54.34   6.10
 888.00 -85.00  29.46
 889.00 -86.49 123.33
 890.00 -109.13 116.75
 891.00 -70.44 141.87
 892.00 -74.49 147.90
 893.00 -54.92 -29.35
 894.00 -77.45 -38.57
 895.00 -69.52 -33.84
 896.00 -61.57 -45.16
 897.00 -52.17 -55.23
 898.00 -63.57 -46.40
 899.00 -93.46 -43.17
 900.00 -132.43  -6.15
 901.00 -112.03 -28.36
 902.00 -56.06 -43.23
 903.00 -50.33 -34.47
 904.00 -56.17 -38.36
 905.00 -78.52 -36.19
 906.00 -66.22 -44.71
 907.00 -95.05 -24.48
 908.00  51.60  15.25
 909.00 -79.10  19.57
 910.00 -138.28  -7.41
 911.00 -152.01 135.18
 912.00 -60.27 151.12
 913.00 -83.92 149.81
 914.00 -67.90  78.39
 915.00 -75.14 128.98
 916.00 -79.54 -40.38
 917.00 -98.07 141.80


