 residuo Phi Psi
 669.00 -109.03 156.95
 670.00 -62.80 103.35
 671.00 -154.19 153.40
 672.00 -62.95  -2.39
 673.00 -44.70 -47.32
 674.00 -62.08 -59.00
 675.00 -74.77 -26.68
 676.00 -61.43 -43.49
 677.00 -83.29 -24.06
 678.00 -61.93 -40.32
 679.00 -82.67 -39.61
 680.00 -61.91 -22.14
 681.00 -78.98 123.16
 682.00 -66.96 174.74
 683.00 -61.11 153.80
 684.00 -76.59 121.95
 685.00 -83.93 130.31
 686.00 -76.07 143.97
 687.00  80.68 -14.99
 688.00 -76.48  18.69
 689.00 -101.67 131.12
 690.00 -58.27 128.65
 691.00 -94.80  -8.88
 692.00 -64.35 -15.01
 693.00 -75.56 155.34
 694.00 -88.00 142.07
 695.00 -131.28  64.41
 696.00 -48.27 162.74
 697.00 -50.35 -68.08
 698.00 -76.04 -41.22
 699.00 -55.65 -46.21
 700.00 -61.59 -55.98
 701.00 -62.24 -42.53
 702.00 -71.72 -36.70
 703.00 -72.39 -33.07
 704.00 -53.79 -40.81
 705.00 -66.77 -41.17
 706.00 -58.64 -42.29
 707.00 -64.99 -38.04
 708.00 -80.93 -27.62
 709.00 -58.27 -44.24
 710.00 -53.80 -48.36
 711.00 -56.05 -54.49
 712.00 -62.95 -42.55
 713.00 -79.62 -38.49
 714.00 -70.58 -16.52
 715.00 -60.06 -47.61
 716.00 -59.94 -33.73
 717.00 -44.91 -58.49
 718.00 -51.17 -62.76
 719.00 -60.40 -43.97
 720.00 -90.78 -25.70
 721.00 -57.23  -7.78
 722.00 -79.11 130.58
 723.00 100.27 114.99
 724.00 -65.19   2.23
 725.00 -70.86 -24.53
 726.00 -73.12  -7.90
 727.00 -64.96 -33.07
 728.00 -65.04 151.12
 729.00 -63.47 157.40
 730.00 -76.86 -25.77
 731.00 -70.17 -38.99
 732.00 -61.83 -36.96
 733.00 -60.52 -43.25
 734.00 -67.10 -31.36
 735.00 -60.34 -56.61
 736.00 -69.82 -28.85
 737.00 -76.05 -48.74
 738.00 -76.79 -26.65
 739.00 -92.08 -28.60
 740.00 -56.57 -13.73
 741.00 -75.94 -39.35
 742.00 -71.50 -47.71
 743.00 -67.10 -39.11
 744.00 -78.00 -34.98
 745.00 -58.63 -48.10
 746.00 -53.93 -44.51
 747.00 -62.76 -45.11
 748.00 -73.49 -33.68
 749.00 -62.88 -37.22
 750.00 -64.06 -33.04
 751.00 -68.72 -41.45
 752.00 -66.75 -35.72
 753.00 -64.18 -38.88
 754.00 -103.77 -30.69
 755.00 -109.65 -21.22
 756.00 -136.17 -34.59
 757.00  42.92  23.85
 758.00  55.01  42.36
 759.00 -82.15   6.61
 760.00 -113.43 -20.45
 761.00 -81.58 163.06
 762.00 -89.28 115.42
 763.00 -52.42  60.10
 764.00 -148.14 -50.33
 765.00 -64.34 161.23
 766.00 -104.26 -19.73
 767.00 -83.44 -58.89
 768.00 -69.68  68.42
 769.00 -109.15 152.61
 770.00 -81.85  99.83
 771.00 -61.15 161.91
 772.00 -62.27 -24.84
 773.00 -58.70 -44.23
 774.00 -57.53 -47.89
 775.00 -63.82 -43.41
 776.00 -68.35 -49.36
 777.00 -63.90 -43.51
 778.00  54.48  -7.21
 779.00 -145.64  49.82
 780.00 -64.68  33.56
 781.00 -62.09 -33.21
 782.00 -67.53 -48.65
 783.00 -63.41 -27.43
 784.00 -67.08 -50.69
 785.00 -50.25 -36.16
 786.00 -64.00 -53.16
 787.00 -56.88 -38.17
 788.00 -73.25 -34.30
 789.00 -77.94 -19.24
 790.00 -63.56 -33.45
 791.00 -75.91 -42.03
 792.00 -89.88   2.53
 793.00 -57.10 -34.55
 794.00 -93.52 -39.22
 795.00 -63.52 -29.91
 796.00 -102.44 -28.75
 797.00  57.93  -5.60
 798.00 -76.44  53.95
 799.00 -77.45 122.58
 800.00 -72.87 157.19
 801.00 -74.74 -12.48
 802.00 -60.01 -41.57
 803.00 -63.86 -39.31
 804.00 -58.68 -50.86
 805.00 -80.17 -32.97
 806.00 -75.99 -38.65
 807.00 -79.06 -15.46
 808.00 -65.98 -38.10
 809.00 -76.12 -31.56
 810.00 -63.21 -36.42
 811.00 -65.91 -19.80
 812.00 -105.74 -38.52
 813.00 -116.93  34.79
 814.00 -153.47   3.49
 815.00 -150.20 119.76
 816.00 -57.33 158.99
 817.00 -66.14 159.67
 818.00 -117.45 -26.32
 819.00  74.94  23.34
 820.00 -68.34 164.95
 821.00 -67.37 166.08
 822.00 -129.73 -39.78
 823.00 -47.86  59.91
 824.00 -75.71 -26.93
 825.00 -49.40 -36.43
 826.00 -72.15 -44.28
 827.00 -59.85 -35.72
 828.00 -64.29 -52.41
 829.00 -72.11 -32.79
 830.00 -62.67 -53.35
 831.00 -72.47 -37.12
 832.00 -46.72 -40.58
 833.00 -76.40 -41.34
 834.00 -54.80 -30.56
 835.00 -65.76 -53.86
 836.00 -69.10 -37.01
 837.00 -52.50 -42.50
 838.00 -75.53 -40.44
 839.00 -59.60 -22.88
 840.00 -107.79 -36.98
 841.00 -61.06  -4.30
 842.00 -78.81 146.50
 843.00 -132.89  90.75
 844.00 -68.47 162.46
 845.00 -58.14  86.33
 846.00 -62.06 -36.63
 847.00 -131.69   2.70
 848.00 -53.79  85.18
 849.00 -55.58 -27.56
 850.00 -66.60 -45.92
 851.00 -71.31 -28.91
 852.00 -73.66 -30.02
 853.00 -58.08 -34.46
 854.00 -59.09 -42.79
 855.00 -54.53 -57.38
 856.00 -63.38 -36.16
 857.00 -62.99 -36.57
 858.00 -74.32 -43.82
 859.00 -63.14 -35.99
 860.00 -65.11 -45.32
 861.00 -59.34 -42.38
 862.00 -59.33 -45.80
 863.00 -67.72 -45.76
 864.00 -76.71 -12.95
 865.00 -76.35 -15.23
 866.00 -52.71 -38.38
 867.00 -65.81 -50.74
 868.00 -71.32 -31.60
 869.00 -62.91 -41.68
 870.00 -53.77 -33.56
 871.00 -62.47 -57.92
 872.00 -87.13 -20.84
 873.00 -46.28 -48.09
 874.00 -62.73 -34.45
 875.00 -59.52 -56.44
 876.00 -62.51 -52.84
 877.00 -67.18 -35.63
 878.00 -64.01 -51.39
 879.00 -55.12 -36.26
 880.00 -63.72 -49.39
 881.00 -64.68 -44.63
 882.00 -104.51 -22.51
 883.00 -47.81   7.29
 884.00 -62.37 -54.01
 885.00 -100.43 -11.94
 886.00 -76.74 -35.45
 887.00  63.16 -15.52
 888.00 -81.03  30.66
 889.00 -89.84 123.43
 890.00 -123.45 133.35
 891.00 -66.44 129.80
 892.00 -58.68 146.22
 893.00 -59.53 -44.22
 894.00 -62.40 -43.38
 895.00 -65.05 -37.93
 896.00 -82.53 -29.08
 897.00 -68.79 -32.70
 898.00 -76.63 -39.72
 899.00 -87.82 -39.49
 900.00 -127.31 -13.24
 901.00 -97.85 -37.89
 902.00 -52.74 -48.22
 903.00 -54.98 -36.24
 904.00 -71.04 -37.22
 905.00 -75.71 -24.43
 906.00 -53.61 -54.63
 907.00 -80.82 -28.32
 908.00  88.29 -24.09
 909.00 -62.19   8.35
 910.00 -115.95 -33.28
 911.00 -159.35 143.02
 912.00 -76.26 161.41
 913.00 -84.96 147.58
 914.00 -90.51 118.17
 915.00 -67.92 134.98
 916.00 -110.26 -40.35
 917.00 -86.19  99.86


