 residuo Phi Psi
 669.00 -69.59 149.43
 670.00 -56.07 152.77
 671.00 -62.95 159.24
 672.00 -71.83 -40.08
 673.00 -62.79 -54.38
 674.00 -58.06 -27.69
 675.00 -74.43 -40.78
 676.00 -56.49 -49.63
 677.00 -72.48 -40.79
 678.00 -77.05 -38.04
 679.00 -87.19 -24.46
 680.00 -61.30 -15.24
 681.00 -66.25 121.63
 682.00 -69.44 158.21
 683.00 -124.47 -141.14
 684.00 -144.36 147.35
 685.00 -94.15 144.32
 686.00 -87.71 151.48
 687.00  55.33   2.55
 688.00 -79.58  31.61
 689.00 -75.93 124.15
 690.00 -43.14  75.15
 691.00 -78.95 -15.23
 692.00 -93.51 -13.45
 693.00 -48.96 158.17
 694.00 -60.50 130.13
 695.00 -154.45 123.50
 696.00 -43.45 157.80
 697.00 -51.37 -85.96
 698.00 -69.90 -28.21
 699.00 -57.54 -55.82
 700.00 -77.75 -37.24
 701.00 -59.27 -40.94
 702.00 -59.55 -47.53
 703.00 -67.25 -33.70
 704.00 -65.14 -44.54
 705.00 -61.55 -35.89
 706.00 -53.78 -42.54
 707.00 -52.68 -43.25
 708.00 -77.30 -32.58
 709.00 -63.25 -48.87
 710.00 -82.99 -35.31
 711.00 -70.73 -23.81
 712.00 -58.05 -39.26
 713.00 -73.99 -43.28
 714.00 -68.17 -31.86
 715.00 -59.88 -43.65
 716.00 -66.29 -46.11
 717.00 -77.63 -30.88
 718.00 -63.26 -50.10
 719.00 -45.28 -36.08
 720.00 -99.67 -43.23
 721.00 -57.67  -6.42
 722.00 -72.32 136.62
 723.00  72.27 147.45
 724.00 -56.14 -19.52
 725.00 -87.36 -30.17
 726.00 -83.97  20.40
 727.00 -84.20 -21.17
 728.00 -71.08 128.06
 729.00 -62.14 146.12
 730.00 -66.03 -22.95
 731.00 -93.18 -25.50
 732.00 -57.58 -30.44
 733.00 -61.79 -46.75
 734.00 -75.42 -23.78
 735.00 -66.84 -53.85
 736.00 -64.12 -31.95
 737.00 -63.34 -44.99
 738.00 -81.29 -22.86
 739.00 -98.98 -41.43
 740.00 -54.75  -8.36
 741.00 -64.75 -45.07
 742.00 -57.99 -32.87
 743.00 -52.21 -65.05
 744.00 -78.67 -38.76
 745.00 -58.01 -50.55
 746.00 -64.78 -33.60
 747.00 -73.14 -37.26
 748.00 -64.08 -37.42
 749.00 -67.61 -41.49
 750.00 -82.58 -28.91
 751.00 -58.73 -48.45
 752.00 -75.35 -30.54
 753.00 -63.98 -31.38
 754.00 -65.12 -54.35
 755.00 -79.68 -44.37
 756.00 -144.07 -43.25
 757.00  57.03  21.28
 758.00  65.80  26.68
 759.00 -62.76  12.89
 760.00 -137.96 -37.88
 761.00 -89.68 156.83
 762.00 -75.38 101.82
 763.00 -54.56  65.70
 764.00 -147.17 -54.81
 765.00 -76.18 173.48
 766.00 -75.65 -33.08
 767.00 -86.08 -49.72
 768.00 -58.94  27.61
 769.00 -103.20 129.36
 770.00 -127.72 146.46
 771.00 -55.46 173.52
 772.00 -67.20 -35.40
 773.00 -70.53 -39.46
 774.00 -60.58 -35.66
 775.00 -70.73 -36.52
 776.00 -77.02 -46.13
 777.00 -108.48 -13.47
 778.00  58.10   9.26
 779.00 -142.06  36.69
 780.00 -50.03  39.90
 781.00 -65.47 -38.89
 782.00 -75.55 -37.85
 783.00 -64.02 -44.07
 784.00 -76.77 -36.62
 785.00 -55.56 -31.53
 786.00 -67.85 -45.59
 787.00 -61.56 -28.64
 788.00 -65.69 -44.30
 789.00 -75.35 -33.39
 790.00 -60.88 -39.81
 791.00 -36.26 -55.09
 792.00 -75.95 -36.60
 793.00 -62.05 -34.30
 794.00 -73.66 -28.89
 795.00 -61.42 -52.71
 796.00 -83.02 -36.29
 797.00  45.74  -2.49
 798.00 -69.22  63.06
 799.00 -69.02 120.28
 800.00 -72.77 159.79
 801.00 -50.31 -34.68
 802.00 -72.00 -42.02
 803.00 -67.48 -36.67
 804.00 -57.70 -50.29
 805.00 -71.18 -38.71
 806.00 -56.21 -42.63
 807.00 -64.37 -34.91
 808.00 -68.49 -42.99
 809.00 -66.11 -37.57
 810.00 -65.11 -28.63
 811.00 -65.01 -38.54
 812.00 -98.85 -29.21
 813.00 -138.57  41.45
 814.00 -150.43  25.59
 815.00 -140.31 125.92
 816.00 -76.41 169.57
 817.00 -56.28 142.75
 818.00 -81.04 -33.91
 819.00  76.25   2.81
 820.00 -73.99 165.41
 821.00 -71.45 153.33
 822.00 -119.78 -14.62
 823.00 -66.08  43.39
 824.00 -50.00 -32.34
 825.00 -85.27 -41.09
 826.00 -64.89 -22.61
 827.00 -68.12 -33.11
 828.00 -57.52 -50.66
 829.00 -65.10 -60.00
 830.00 -57.45 -39.03
 831.00 -65.62 -41.05
 832.00 -57.40 -46.52
 833.00 -57.59 -45.37
 834.00 -62.83 -39.79
 835.00 -73.43 -41.66
 836.00 -79.05 -23.11
 837.00 -60.34 -30.87
 838.00 -59.84 -39.48
 839.00 -69.75 -18.92
 840.00 -122.67 -31.82
 841.00 -72.69   9.65
 842.00 -78.54 125.84
 843.00 -84.14   9.48
 844.00 -75.43 158.72
 845.00 -62.58  96.80
 846.00 -64.60 -22.42
 847.00 -118.07  -9.74
 848.00 -45.74  87.07
 849.00 -72.98 -40.56
 850.00 -65.61 -31.92
 851.00 -56.34 -52.12
 852.00 -80.66 -43.73
 853.00 -67.76 -25.72
 854.00 -74.28 -33.91
 855.00 -53.69 -36.05
 856.00 -53.07 -50.76
 857.00 -73.72 -47.84
 858.00 -70.50 -21.15
 859.00 -71.56 -34.13
 860.00 -72.42 -32.10
 861.00 -75.37 -28.27
 862.00 -58.68 -43.48
 863.00 -66.20 -38.93
 864.00 -63.92 -33.19
 865.00 -83.34 -22.23
 866.00 -70.29 -26.25
 867.00 -76.92 -35.64
 868.00 -74.37 -21.67
 869.00 -79.37 -35.20
 870.00 -38.91 -37.30
 871.00 -64.42 -59.42
 872.00 -67.09 -41.70
 873.00 -66.37 -41.11
 874.00 -54.23 -36.57
 875.00 -60.64 -54.27
 876.00 -60.66 -51.08
 877.00 -77.88 -29.43
 878.00 -72.00 -31.32
 879.00 -88.57 -26.41
 880.00 -60.16 -36.48
 881.00 -51.27 -37.10
 882.00 -94.97 -44.82
 883.00 -44.82  14.32
 884.00 -59.24 -53.76
 885.00 -68.66 -39.10
 886.00 -96.12 -33.78
 887.00  70.93 -15.68
 888.00 -93.07  32.39
 889.00 -72.87 121.26
 890.00 -139.07 150.26
 891.00 -69.15 135.12
 892.00 -65.17 138.85
 893.00 -62.85 -44.63
 894.00 -73.15 -42.81
 895.00 -71.98 -43.71
 896.00 -57.25 -23.30
 897.00 -60.16 -55.73
 898.00 -58.69 -41.72
 899.00 -72.15 -43.18
 900.00 -113.95 -45.87
 901.00 -98.19 -33.38
 902.00 -54.63 -42.75
 903.00 -63.35 -30.00
 904.00 -66.10 -29.35
 905.00 -83.48 -33.37
 906.00 -71.54 -40.87
 907.00 -70.23 -40.22
 908.00  72.47  -4.52
 909.00 -68.02  13.20
 910.00 -121.07 -23.80
 911.00 -142.71 142.14
 912.00 -72.56 154.00
 913.00 -79.68 141.33
 914.00 -93.86 104.24
 915.00 -124.07 166.50
 916.00 -111.17 -21.95
 917.00 -63.20  -5.60


