 residuo Phi Psi
 669.00 -149.93 -55.28
 670.00 -77.61 154.76
 671.00 -55.97 145.32
 672.00 -52.49 -36.30
 673.00 -70.13 -34.64
 674.00 -74.14 -31.04
 675.00 -59.12 -38.85
 676.00 -67.36 -44.66
 677.00 -86.73 -24.44
 678.00 -66.30 -36.27
 679.00 -104.02 -13.97
 680.00 -78.90  -1.47
 681.00 -72.69 124.24
 682.00 -77.20 149.02
 683.00 -53.23 162.44
 684.00 -138.32 156.02
 685.00 -83.46 131.89
 686.00 -82.11 156.03
 687.00  62.94 -22.03
 688.00 -76.03  28.81
 689.00 -79.94 116.44
 690.00 -68.63 107.14
 691.00 -108.37   4.27
 692.00 -74.85  -9.89
 693.00 -59.78 157.49
 694.00 -70.05 161.69
 695.00 -143.41 133.65
 696.00 -62.91 151.07
 697.00 -64.59 -56.37
 698.00 -66.07 -33.58
 699.00 -65.17 -53.95
 700.00 -71.03 -41.43
 701.00 -58.97 -40.59
 702.00 -75.67 -45.47
 703.00 -78.16 -20.56
 704.00 -67.94 -39.51
 705.00 -59.68 -34.41
 706.00 -57.80 -51.19
 707.00 -53.11 -39.04
 708.00 -72.83 -41.96
 709.00 -70.49 -28.92
 710.00 -77.24 -40.16
 711.00 -63.46 -34.23
 712.00 -63.70 -32.64
 713.00 -66.43 -51.56
 714.00 -83.64 -20.56
 715.00 -89.23 -30.07
 716.00 -51.29 -26.63
 717.00 -80.83 -39.73
 718.00 -60.38 -32.30
 719.00 -71.97 -45.36
 720.00 -128.55   0.57
 721.00 -57.48  -7.97
 722.00 -45.83 123.00
 723.00  81.00 136.07
 724.00 -50.45 -33.73
 725.00 -58.61 -42.35
 726.00 -78.32 -15.77
 727.00 -94.67  -2.26
 728.00 -68.75 149.51
 729.00 -44.92 144.54
 730.00 -61.28 -43.44
 731.00 -74.83 -45.03
 732.00 -69.22 -23.86
 733.00 -63.32 -47.71
 734.00 -75.30 -23.70
 735.00 -69.20 -54.21
 736.00 -56.38 -24.90
 737.00 -85.94 -48.63
 738.00 -105.73  -6.94
 739.00 -74.46 -32.02
 740.00 -61.28 -29.56
 741.00 -63.26 -42.96
 742.00 -51.30 -46.78
 743.00 -61.58 -51.38
 744.00 -63.80 -40.88
 745.00 -59.28 -43.81
 746.00 -62.59 -50.72
 747.00 -61.49 -54.27
 748.00 -73.73 -30.86
 749.00 -57.83 -33.00
 750.00 -67.32 -47.97
 751.00 -59.32 -48.39
 752.00 -64.67 -41.52
 753.00 -43.69 -48.49
 754.00 -73.11 -66.14
 755.00 -116.49 -13.71
 756.00 -127.32 -26.81
 757.00  49.98   8.61
 758.00  65.16  39.99
 759.00 -64.58   5.31
 760.00 -135.77 -23.44
 761.00 -95.43 169.69
 762.00 -72.32  94.49
 763.00 -65.51  73.81
 764.00 -154.44 -46.61
 765.00 -59.75 167.15
 766.00 -92.52 -29.74
 767.00 -111.61 -13.51
 768.00 -98.12  70.97
 769.00 -82.76 115.05
 770.00 -68.65  92.18
 771.00 -62.58 164.80
 772.00 -65.42 -27.85
 773.00 -72.59 -34.59
 774.00 -49.63 -42.85
 775.00 -73.15 -48.27
 776.00 -69.21 -37.28
 777.00 -68.59 -49.97
 778.00  55.95  -3.45
 779.00 -132.51  51.32
 780.00 -57.27  34.92
 781.00 -65.83 -60.49
 782.00 -73.95 -29.93
 783.00 -68.96 -38.24
 784.00 -57.55 -44.46
 785.00 -69.06 -37.63
 786.00 -73.51 -30.76
 787.00 -70.89 -27.21
 788.00 -58.38 -52.81
 789.00 -74.09 -24.66
 790.00 -64.98 -46.02
 791.00 -56.31 -24.04
 792.00 -52.64 -42.92
 793.00 -65.63 -40.75
 794.00 -78.08 -52.87
 795.00 -67.43 -11.46
 796.00 -86.46 -39.67
 797.00  51.11 -13.01
 798.00 -68.10  62.63
 799.00 -75.79 123.00
 800.00 -57.14 152.84
 801.00 -64.04 -34.01
 802.00 -63.12 -38.39
 803.00 -35.93 -53.49
 804.00 -60.04 -59.61
 805.00 -55.39 -46.08
 806.00 -69.14 -53.15
 807.00 -50.19 -52.43
 808.00 -77.28 -28.26
 809.00 -58.72 -39.39
 810.00 -76.36 -23.04
 811.00 -74.74 -17.08
 812.00 -106.36 -30.84
 813.00 -142.63  45.13
 814.00 -160.95   4.76
 815.00 -145.27 119.42
 816.00 -55.64 167.14
 817.00 -53.64 146.52
 818.00 -69.75 -21.57
 819.00  89.86 -29.50
 820.00 -73.43 173.21
 821.00 -60.67 164.09
 822.00 -93.29 -33.58
 823.00 -69.87  37.72
 824.00 -51.72 -38.84
 825.00 -77.08 -43.91
 826.00 -52.97 -39.93
 827.00 -67.32 -45.44
 828.00 -87.10 -27.45
 829.00 -64.41 -34.45
 830.00 -71.53 -31.69
 831.00 -48.30 -40.95
 832.00 -53.91 -57.19
 833.00 -79.21 -40.40
 834.00 -69.18 -26.66
 835.00 -63.68 -40.09
 836.00 -66.05 -50.71
 837.00 -72.68 -31.36
 838.00 -60.64 -40.40
 839.00 -81.24 -18.57
 840.00 -129.78 -25.01
 841.00 -46.32  -5.44
 842.00 -82.09 145.76
 843.00 -154.19 102.40
 844.00 -78.48 153.29
 845.00 -57.34  71.56
 846.00 -67.77 -21.17
 847.00 -86.24 -28.83
 848.00 -74.68 152.84
 849.00 -133.73 -13.54
 850.00 -70.85   8.21
 851.00 -62.36 -51.14
 852.00 -52.04 -44.21
 853.00 -61.25 -47.50
 854.00 -63.64 -41.05
 855.00 -44.51 -48.86
 856.00 -50.64 -56.18
 857.00 -64.23 -48.73
 858.00 -92.07 -26.62
 859.00 -71.13 -35.96
 860.00 -59.14 -35.29
 861.00 -75.10 -32.64
 862.00 -64.26 -44.43
 863.00 -70.39 -35.30
 864.00 -61.32 -21.40
 865.00 -64.57 -29.97
 866.00 -54.45 -39.76
 867.00 -60.35 -56.13
 868.00 -74.93 -30.48
 869.00 -42.80 -51.77
 870.00 -70.01 -53.44
 871.00 -53.32 -36.13
 872.00 -62.24 -50.56
 873.00 -45.45 -48.14
 874.00 -67.21 -50.76
 875.00 -75.91 -34.56
 876.00 -71.42 -44.80
 877.00 -48.57 -55.76
 878.00 -68.04 -37.31
 879.00 -65.99 -44.79
 880.00 -54.02 -40.77
 881.00 -59.42 -43.20
 882.00 -89.12 -44.29
 883.00 -47.38   5.02
 884.00 -71.44 -37.24
 885.00 -65.52 -54.15
 886.00 -96.90 -19.17
 887.00  51.79   4.94
 888.00 -103.41  31.39
 889.00 -92.08 129.75
 890.00 -140.00 143.43
 891.00 -60.82 116.38
 892.00 -55.08 154.06
 893.00 -70.76 -50.79
 894.00 -66.21 -34.77
 895.00 -54.94 -48.72
 896.00 -63.28 -33.89
 897.00 -57.11 -48.99
 898.00 -54.68 -68.19
 899.00 -60.71 -52.08
 900.00 -108.72 -28.52
 901.00 -90.92 -39.46
 902.00 -66.25 -29.09
 903.00 -59.80 -31.76
 904.00 -65.57 -24.89
 905.00 -71.32 -35.37
 906.00 -68.61 -49.48
 907.00 -85.23 -24.75
 908.00  80.02 -22.88
 909.00 -61.32   9.56
 910.00 -106.66 -32.72
 911.00 -130.77 127.05
 912.00 -70.10 142.56
 913.00 -88.36 147.20
 914.00 -62.03 101.70
 915.00 -70.77 129.16
 916.00 -111.40 -37.75
 917.00 -85.16 124.29


