 residuo Phi Psi
 669.00 -121.82 170.96
 670.00 -57.22 153.29
 671.00 -52.17 157.56
 672.00 -82.94 -50.38
 673.00 -86.56 -17.81
 674.00 -63.96 -19.02
 675.00 -72.57 -40.15
 676.00 -66.98 -52.16
 677.00 -88.55 -22.76
 678.00 -61.07 -32.22
 679.00 -84.19 -32.75
 680.00 -75.97  -3.09
 681.00 -77.94 120.04
 682.00 -68.49 151.07
 683.00 -72.00 162.45
 684.00 -132.67 159.52
 685.00 -67.89 135.95
 686.00 -71.34 143.49
 687.00  87.32 -20.91
 688.00 -76.85  15.42
 689.00 -94.41 117.60
 690.00 -75.18 105.21
 691.00 -64.47   1.91
 692.00 -73.59 -39.96
 693.00 -58.12 143.24
 694.00 -72.89 145.87
 695.00 -146.00 141.08
 696.00 -57.34 162.82
 697.00 -64.94 -57.73
 698.00 -74.12 -19.43
 699.00 -63.63 -43.92
 700.00 -72.60 -45.68
 701.00 -66.00 -35.73
 702.00 -72.30 -38.24
 703.00 -65.15 -37.00
 704.00 -52.98 -44.59
 705.00 -74.86 -44.25
 706.00 -61.94 -36.04
 707.00 -63.17 -33.30
 708.00 -68.33 -32.66
 709.00 -68.58 -49.57
 710.00 -65.25 -28.69
 711.00 -46.91 -53.08
 712.00 -65.31 -43.87
 713.00 -77.89 -32.30
 714.00 -43.45 -42.15
 715.00 -73.25 -44.29
 716.00 -71.72 -32.26
 717.00 -83.51 -26.41
 718.00 -61.14 -40.47
 719.00 -67.66 -21.12
 720.00 -92.77 -32.61
 721.00 -78.15 -11.64
 722.00 -52.62 112.32
 723.00  79.58 140.15
 724.00 -65.61 -17.16
 725.00 -80.19 -20.51
 726.00 -65.61   5.42
 727.00 -76.04 -26.93
 728.00 -59.27 141.14
 729.00 -53.41 136.49
 730.00 -62.09 -31.94
 731.00 -74.56 -45.66
 732.00 -50.92 -30.99
 733.00 -61.23 -58.22
 734.00 -68.11 -22.21
 735.00 -66.62 -59.03
 736.00 -67.52 -26.13
 737.00 -60.55 -50.40
 738.00 -71.40 -38.26
 739.00 -80.75 -42.75
 740.00 -56.14  -8.36
 741.00 -52.56 -52.37
 742.00 -55.23 -54.40
 743.00 -58.79 -49.68
 744.00 -74.85 -59.05
 745.00 -61.58 -31.15
 746.00 -62.54 -48.02
 747.00 -65.40 -31.99
 748.00 -55.54 -51.66
 749.00 -47.45 -41.13
 750.00 -56.11 -56.21
 751.00 -65.73 -51.11
 752.00 -70.01 -42.95
 753.00 -60.28 -36.40
 754.00 -74.07 -56.55
 755.00 -83.22 -51.05
 756.00 -149.00 -24.88
 757.00  54.75  26.05
 758.00  54.50  38.62
 759.00 -83.12   0.35
 760.00 -117.57 -25.80
 761.00 -91.49 157.41
 762.00 -104.55 115.21
 763.00 -61.54  77.20
 764.00 -140.33 -66.02
 765.00 -65.21 168.04
 766.00 -80.13 -35.11
 767.00 -161.88  -0.57
 768.00 -127.10  99.06
 769.00 -99.65 145.23
 770.00 -95.99 135.35
 771.00 -59.08 172.38
 772.00 -67.44 -25.66
 773.00 -64.06 -44.70
 774.00 -54.69 -37.64
 775.00 -70.80 -43.49
 776.00 -67.00 -38.56
 777.00 -63.94 -45.02
 778.00  53.60  -5.91
 779.00 -136.99  39.00
 780.00 -62.19  29.70
 781.00 -59.76 -49.28
 782.00 -68.49 -43.58
 783.00 -65.89 -32.39
 784.00 -64.43 -44.67
 785.00 -60.99 -39.40
 786.00 -61.83 -41.01
 787.00 -55.64 -48.58
 788.00 -75.01 -28.28
 789.00 -75.12 -27.88
 790.00 -61.84 -43.55
 791.00 -66.49 -30.98
 792.00 -70.69 -21.87
 793.00 -55.96 -27.69
 794.00 -75.42 -52.98
 795.00 -67.86 -25.71
 796.00 -68.50 -49.11
 797.00  52.52 -32.54
 798.00 -69.84  60.74
 799.00 -88.43 129.27
 800.00 -63.37 161.29
 801.00 -58.17 -28.46
 802.00 -71.64 -42.12
 803.00 -60.63 -52.82
 804.00 -71.66 -34.73
 805.00 -83.89 -29.90
 806.00 -64.02 -34.55
 807.00 -92.04 -22.18
 808.00 -61.04 -33.44
 809.00 -64.17 -36.29
 810.00 -75.76 -27.45
 811.00 -86.04 -11.16
 812.00 -119.81 -12.83
 813.00 -136.58  49.71
 814.00 -145.87 -10.28
 815.00 -161.45 140.61
 816.00 -67.19 166.45
 817.00 -58.88 154.55
 818.00 -93.22 -34.31
 819.00  81.38   4.43
 820.00 -66.64 167.89
 821.00 -67.26 160.25
 822.00 -128.69  -6.78
 823.00 -70.97  36.79
 824.00 -54.98 -30.77
 825.00 -74.34 -40.53
 826.00 -41.03 -51.23
 827.00 -61.37 -53.21
 828.00 -75.48 -35.01
 829.00 -66.51 -40.24
 830.00 -53.56 -52.47
 831.00 -65.63 -44.63
 832.00 -59.28 -40.06
 833.00 -70.93 -42.75
 834.00 -49.90 -40.34
 835.00 -69.80 -44.35
 836.00 -63.40 -38.27
 837.00 -50.22 -47.01
 838.00 -82.99 -46.92
 839.00 -97.21   6.79
 840.00 -111.23 -19.27
 841.00 -55.58 -12.31
 842.00 -73.96 140.81
 843.00 -144.72  87.06
 844.00 -70.27 149.24
 845.00 -50.50  95.35
 846.00 -65.12 -51.09
 847.00 -73.45 -30.46
 848.00 -63.13 125.75
 849.00 -88.87 -36.94
 850.00 -69.24  -6.48
 851.00 -88.01 -41.67
 852.00 -67.88 -33.09
 853.00 -66.05 -38.22
 854.00 -45.29 -45.65
 855.00 -67.48 -49.00
 856.00 -58.63 -41.01
 857.00 -70.17 -40.38
 858.00 -74.43 -32.37
 859.00 -58.42 -52.27
 860.00 -70.11 -34.23
 861.00 -71.14 -34.02
 862.00 -81.54 -16.53
 863.00 -64.45 -44.10
 864.00 -57.18 -35.18
 865.00 -69.90 -20.42
 866.00 -43.90 -47.88
 867.00 -70.68 -41.94
 868.00 -92.82 -23.19
 869.00 -68.10 -34.15
 870.00 -59.24 -37.32
 871.00 -61.14 -46.48
 872.00 -82.11 -44.99
 873.00 -66.88 -19.37
 874.00 -67.10 -39.20
 875.00 -66.28 -40.24
 876.00 -74.48 -41.33
 877.00 -66.60 -23.87
 878.00 -46.50 -59.74
 879.00 -64.37 -50.03
 880.00 -61.51 -42.75
 881.00 -61.01 -45.90
 882.00 -117.02 -26.97
 883.00 -43.06  16.27
 884.00 -82.42 -38.00
 885.00 -51.77 -41.06
 886.00 -77.55 -52.32
 887.00  59.20  -9.05
 888.00 -85.39  22.61
 889.00 -102.80 146.82
 890.00 -144.22 158.15
 891.00 -63.91 140.47
 892.00 -66.71 135.47
 893.00 -69.16 -32.99
 894.00 -67.70 -35.67
 895.00 -66.77 -44.10
 896.00 -60.72 -37.86
 897.00 -57.10 -27.19
 898.00 -70.71 -45.23
 899.00 -94.36 -27.27
 900.00 -100.58 -27.81
 901.00 -85.28 -60.10
 902.00 -60.24 -39.75
 903.00 -57.60 -41.22
 904.00 -68.98 -29.84
 905.00 -81.62 -23.35
 906.00 -67.19 -37.57
 907.00 -76.53 -43.69
 908.00  81.55  -0.94
 909.00 -77.26  13.38
 910.00 -113.23 -16.39
 911.00 -139.32 130.59
 912.00 -72.13 148.88
 913.00 -74.96 143.79
 914.00 -79.39 110.63
 915.00 -66.46 123.49
 916.00 -102.91 -34.44
 917.00 -95.79 153.62


