 residuo Phi Psi
 669.00 -79.72 148.75
 670.00 -56.08 138.92
 671.00 -58.04 148.35
 672.00 -49.24 -33.46
 673.00 -71.21 -28.82
 674.00 -68.98 -26.01
 675.00 -86.67 -27.05
 676.00 -57.65 -36.80
 677.00 -69.32 -31.71
 678.00 -68.67 -33.26
 679.00 -81.91 -44.23
 680.00 -65.34   0.19
 681.00 -64.20 125.99
 682.00 -70.79 154.93
 683.00 -67.91 167.71
 684.00 -117.08 132.88
 685.00 -54.65 127.89
 686.00 -63.91 134.25
 687.00  90.42 -24.67
 688.00 -53.49   6.62
 689.00 -123.55 150.67
 690.00 -56.97  82.02
 691.00 -61.42 -11.27
 692.00 -103.71 -29.03
 693.00 -60.16 164.00
 694.00 -82.95 152.12
 695.00 -143.39 146.73
 696.00 -64.69 160.31
 697.00 -65.92 -41.12
 698.00 -68.75 -46.84
 699.00 -64.69 -43.64
 700.00 -85.76 -35.46
 701.00 -55.34 -25.16
 702.00 -66.03 -54.53
 703.00 -77.49 -26.01
 704.00 -70.37 -27.80
 705.00 -63.30 -48.68
 706.00 -71.49 -32.73
 707.00 -49.08 -35.15
 708.00 -67.73 -53.79
 709.00 -59.22 -42.56
 710.00 -64.08 -41.65
 711.00 -63.10 -38.77
 712.00 -56.71 -34.72
 713.00 -63.74 -51.65
 714.00 -70.96 -40.15
 715.00 -84.46 -32.81
 716.00 -51.98 -31.96
 717.00 -76.61 -49.95
 718.00 -69.06 -31.92
 719.00 -55.97 -41.24
 720.00 -68.41 -42.84
 721.00 -75.31 -11.80
 722.00 -59.23 136.14
 723.00  67.33 131.35
 724.00 -53.06 -16.33
 725.00 -67.66 -22.09
 726.00 -81.52 -13.98
 727.00 -72.24 -19.22
 728.00 -71.51 156.49
 729.00 -49.35 152.91
 730.00 -65.20 -44.82
 731.00 -74.49 -28.70
 732.00 -52.67 -49.37
 733.00 -65.02 -49.70
 734.00 -70.88 -29.50
 735.00 -72.08 -50.63
 736.00 -63.88 -39.66
 737.00 -90.80 -33.00
 738.00 -88.60 -18.06
 739.00 -86.89 -28.21
 740.00 -55.67 -27.97
 741.00 -64.81 -39.30
 742.00 -39.44 -43.72
 743.00 -55.66 -64.78
 744.00 -71.34 -26.64
 745.00 -68.08 -63.06
 746.00 -62.53 -25.44
 747.00 -57.14 -61.47
 748.00 -61.84 -35.23
 749.00 -59.70 -49.29
 750.00 -62.97 -37.57
 751.00 -62.58 -56.30
 752.00 -68.12 -41.68
 753.00 -87.07 -21.12
 754.00 -58.80 -49.56
 755.00 -117.53 -22.47
 756.00 -148.37 -29.56
 757.00  52.21  25.57
 758.00  57.63  33.82
 759.00 -61.83  12.03
 760.00 -149.01 -29.40
 761.00 -91.45 149.31
 762.00 -83.91 111.86
 763.00 -53.87  60.08
 764.00 -161.49 -41.37
 765.00 -70.79 172.73
 766.00 -84.61 -33.52
 767.00 -115.41 -33.02
 768.00 -122.18 100.18
 769.00 -83.84 123.51
 770.00 -79.97 118.19
 771.00 -62.62 179.11
 772.00 -57.23 -35.21
 773.00 -69.40 -33.34
 774.00 -49.56 -46.01
 775.00 -81.70 -38.33
 776.00 -77.19 -44.43
 777.00 -77.98 -23.16
 778.00  63.39  -6.42
 779.00 -129.36  41.99
 780.00 -62.30  15.53
 781.00 -57.33 -51.20
 782.00 -86.11 -27.99
 783.00 -66.96 -35.22
 784.00 -55.39 -55.66
 785.00 -66.99 -28.37
 786.00 -75.21 -41.98
 787.00 -65.43 -21.77
 788.00 -61.82 -54.67
 789.00 -78.50 -26.34
 790.00 -61.49 -33.09
 791.00 -55.64 -50.17
 792.00 -56.51 -31.93
 793.00 -66.98 -40.04
 794.00 -75.47 -25.46
 795.00 -74.13 -41.82
 796.00 -62.43 -48.72
 797.00  56.48 -21.33
 798.00 -76.67  77.05
 799.00 -99.85 135.43
 800.00 -62.87 150.61
 801.00 -65.85 -26.37
 802.00 -68.37 -40.91
 803.00 -46.51 -54.51
 804.00 -66.42 -41.26
 805.00 -65.17 -44.55
 806.00 -59.02 -40.41
 807.00 -66.07 -51.60
 808.00 -61.79 -33.63
 809.00 -68.23 -43.40
 810.00 -77.37 -20.82
 811.00 -65.41 -28.37
 812.00 -87.69 -28.68
 813.00 -135.49  30.31
 814.00 -143.88  -5.27
 815.00 -134.80 124.14
 816.00 -70.43 176.13
 817.00 -55.39 144.51
 818.00 -81.55 -31.58
 819.00  79.29  -3.69
 820.00 -88.50 160.11
 821.00 -69.59 153.01
 822.00 -97.95 -33.92
 823.00 -59.82  53.83
 824.00 -76.23 -39.58
 825.00 -83.12 -35.74
 826.00 -56.17 -34.69
 827.00 -53.41 -50.00
 828.00 -65.63 -57.64
 829.00 -74.48 -32.32
 830.00 -57.22 -36.69
 831.00 -66.55 -48.60
 832.00 -75.63 -18.81
 833.00 -65.98 -50.20
 834.00 -55.89 -29.54
 835.00 -53.37 -52.01
 836.00 -69.62 -31.34
 837.00 -61.90 -58.87
 838.00 -54.42 -38.97
 839.00 -83.60 -35.49
 840.00 -90.49 -56.46
 841.00 -69.29  11.87
 842.00 -86.05 151.47
 843.00 -130.94  89.22
 844.00 -75.70 158.25
 845.00 -69.38 121.66
 846.00 -66.02 -21.78
 847.00 -118.75 -15.93
 848.00 -41.39  72.90
 849.00 -72.51 -27.85
 850.00 -51.69 -43.24
 851.00 -68.61 -42.47
 852.00 -63.61 -48.10
 853.00 -51.76 -50.74
 854.00 -60.54 -46.55
 855.00 -45.64 -53.90
 856.00 -50.91 -46.64
 857.00 -61.19 -57.20
 858.00 -68.91 -40.05
 859.00 -76.85 -31.89
 860.00 -73.12 -25.41
 861.00 -55.65 -33.22
 862.00 -70.93 -52.43
 863.00 -57.74 -35.57
 864.00 -97.55 -26.84
 865.00 -63.62 -24.00
 866.00 -61.85 -42.10
 867.00 -58.94 -40.32
 868.00 -63.44 -39.56
 869.00 -70.06 -35.91
 870.00 -54.55 -32.11
 871.00 -57.37 -49.09
 872.00 -94.77 -33.43
 873.00 -59.62 -26.17
 874.00 -71.56 -49.41
 875.00 -58.42 -31.02
 876.00 -79.48 -36.70
 877.00 -75.81 -27.44
 878.00 -64.40 -34.35
 879.00 -74.05 -26.45
 880.00 -60.38 -46.58
 881.00 -62.61 -43.83
 882.00 -130.36 -15.37
 883.00 -51.85   7.69
 884.00 -60.80 -52.01
 885.00 -69.72 -44.37
 886.00 -90.74 -30.27
 887.00  67.08  -7.19
 888.00 -96.77  39.13
 889.00 -74.49 127.49
 890.00 -139.65 142.58
 891.00 -57.79 116.83
 892.00 -59.17 145.48
 893.00 -67.84 -38.69
 894.00 -81.92 -44.99
 895.00 -54.37 -44.56
 896.00 -63.01 -31.18
 897.00 -56.91 -36.88
 898.00 -57.36 -54.58
 899.00 -82.30 -36.64
 900.00 -94.55 -51.27
 901.00 -101.08 -34.49
 902.00 -46.31 -48.89
 903.00 -39.00 -44.75
 904.00 -61.26 -46.78
 905.00 -62.75 -39.87
 906.00 -77.83 -41.11
 907.00 -87.59 -33.06
 908.00  70.44  -6.85
 909.00 -61.62  20.47
 910.00 -116.49 -17.75
 911.00 -141.29 136.33
 912.00 -74.43 145.31
 913.00 -87.22 143.98
 914.00 -89.68 115.91
 915.00 -60.06 129.26
 916.00 -84.44 -52.25
 917.00 -65.31 160.48


