 residuo Phi Psi
 669.00 -67.18 133.97
 670.00 -69.16 144.15
 671.00 -151.87 147.20
 672.00 -44.88  -7.92
 673.00 -62.03 -52.13
 674.00 -76.84 -34.71
 675.00 -70.79 -27.21
 676.00 -58.07 -34.28
 677.00 -73.78 -35.58
 678.00 -70.42 -33.19
 679.00 -115.27 -10.38
 680.00 -62.57 -18.23
 681.00 -59.76 116.34
 682.00 -80.66 154.02
 683.00 -65.45 166.64
 684.00 -119.84 151.08
 685.00 -94.16 130.59
 686.00 -76.63 149.74
 687.00  69.09  -9.54
 688.00 -64.87  14.79
 689.00 -115.55 145.81
 690.00 -84.31 116.04
 691.00 -75.71   4.13
 692.00 -87.83 -35.60
 693.00 -66.42 157.73
 694.00 -77.06 146.40
 695.00 -155.96 154.51
 696.00 -54.71 159.20
 697.00 -61.82 -52.11
 698.00 -74.97 -31.29
 699.00 -70.94 -42.55
 700.00 -63.51 -45.95
 701.00 -57.57 -45.95
 702.00 -72.80 -34.28
 703.00 -66.89 -22.94
 704.00 -73.43 -33.54
 705.00 -57.20 -45.88
 706.00 -55.47 -52.95
 707.00 -62.24 -21.24
 708.00 -63.86 -51.79
 709.00 -68.59 -43.74
 710.00 -63.31 -41.28
 711.00 -58.34 -44.24
 712.00 -71.98 -36.38
 713.00 -76.01 -38.30
 714.00 -61.47 -31.15
 715.00 -63.85 -43.32
 716.00 -44.09 -47.21
 717.00 -63.12 -42.84
 718.00 -68.35 -58.08
 719.00 -62.59 -30.11
 720.00 -101.29 -19.94
 721.00 -65.28 -12.97
 722.00 -54.67 136.62
 723.00  72.54 134.27
 724.00 -55.05 -21.51
 725.00 -75.24 -29.65
 726.00 -66.46   4.90
 727.00 -73.19 -32.78
 728.00 -61.49 150.30
 729.00 -66.73 152.86
 730.00 -57.60 -40.25
 731.00 -77.80 -27.67
 732.00 -57.77 -34.90
 733.00 -73.12 -40.79
 734.00 -65.69 -32.52
 735.00 -69.88 -56.49
 736.00 -65.04 -21.49
 737.00 -68.01 -46.36
 738.00 -76.44 -35.05
 739.00 -121.97 -19.34
 740.00 -77.25  17.65
 741.00 -60.97 -40.48
 742.00 -71.71 -53.40
 743.00 -56.80 -39.70
 744.00 -76.21 -33.47
 745.00 -64.05 -38.21
 746.00 -68.23 -36.99
 747.00 -66.28 -49.29
 748.00 -62.55 -36.26
 749.00 -54.93 -37.93
 750.00 -57.34 -56.23
 751.00 -69.28 -39.81
 752.00 -66.12 -38.11
 753.00 -61.92 -39.44
 754.00 -77.67 -54.84
 755.00 -97.59 -29.87
 756.00 -128.87 -45.26
 757.00  54.31  26.66
 758.00  54.20  31.12
 759.00 -78.01   2.83
 760.00 -75.23 -60.46
 761.00 -88.87 155.12
 762.00 -86.95 107.33
 763.00 -44.84  63.12
 764.00 -163.84 -45.60
 765.00 -48.07 156.87
 766.00 -107.66 -35.45
 767.00 -137.57   2.13
 768.00 -90.42  58.64
 769.00 -108.08 134.58
 770.00 -89.92 112.09
 771.00 -66.40 -177.77
 772.00 -56.99 -26.34
 773.00 -66.39 -51.28
 774.00 -66.72 -38.39
 775.00 -66.76 -36.39
 776.00 -52.20 -57.74
 777.00 -68.55 -48.93
 778.00  55.33  -6.98
 779.00 -119.40  39.29
 780.00 -65.25  26.00
 781.00 -61.30 -49.19
 782.00 -66.96 -41.94
 783.00 -58.60 -43.51
 784.00 -51.13 -52.11
 785.00 -66.16 -44.64
 786.00 -58.98 -43.33
 787.00 -59.51 -39.28
 788.00 -64.04 -45.11
 789.00 -51.88 -40.90
 790.00 -62.95 -49.05
 791.00 -65.97 -36.55
 792.00 -93.60   1.04
 793.00 -69.52 -22.59
 794.00 -85.02 -36.71
 795.00 -63.72 -23.43
 796.00 -64.66 -47.95
 797.00  45.37 -34.79
 798.00 -57.15  62.37
 799.00 -66.60 127.21
 800.00 -56.37 150.25
 801.00 -64.95 -33.67
 802.00 -57.88 -38.77
 803.00 -56.78 -57.84
 804.00 -74.89 -33.33
 805.00 -73.66 -36.05
 806.00 -55.64 -39.67
 807.00 -71.83 -47.16
 808.00 -71.19 -29.29
 809.00 -68.69 -41.28
 810.00 -70.55 -23.15
 811.00 -73.32 -18.96
 812.00 -124.05 -16.49
 813.00 -124.18  33.95
 814.00 -154.72  -1.25
 815.00 -120.32  98.85
 816.00 -62.73 158.58
 817.00 -66.44 163.66
 818.00 -110.93 -28.27
 819.00  97.44  -1.12
 820.00 -59.00 145.01
 821.00 -64.12 166.50
 822.00 -136.41  -8.39
 823.00 -42.54  30.32
 824.00 -60.94 -39.96
 825.00 -68.88 -47.58
 826.00 -56.39 -40.78
 827.00 -58.89 -41.29
 828.00 -75.79 -41.38
 829.00 -59.34 -39.95
 830.00 -43.36 -56.68
 831.00 -53.35 -52.34
 832.00 -71.17 -46.78
 833.00 -83.08 -31.75
 834.00 -77.71 -10.79
 835.00 -52.12 -52.11
 836.00 -81.02 -45.92
 837.00 -71.62 -14.84
 838.00 -53.21 -54.90
 839.00 -69.21 -20.50
 840.00 -125.00 -31.78
 841.00 -55.12  -4.86
 842.00 -76.45 150.94
 843.00 -152.25  88.40
 844.00 -86.66 162.05
 845.00 -62.21 109.85
 846.00 -66.42 -28.10
 847.00 -126.74 -15.90
 848.00 -59.90  66.52
 849.00 -54.42 -27.33
 850.00 -80.59 -24.67
 851.00 -67.77 -32.36
 852.00 -60.93 -41.12
 853.00 -59.02 -35.57
 854.00 -56.81 -55.16
 855.00 -60.71 -49.24
 856.00 -56.35 -40.89
 857.00 -72.27 -55.88
 858.00 -81.88 -16.87
 859.00 -71.48 -38.09
 860.00 -57.21 -34.87
 861.00 -72.83 -47.64
 862.00 -68.66 -35.26
 863.00 -61.83 -31.94
 864.00 -65.89 -55.28
 865.00 -71.29 -18.56
 866.00 -83.43 -22.93
 867.00 -44.62 -42.11
 868.00 -74.54 -29.67
 869.00 -51.45 -45.56
 870.00 -48.46 -53.90
 871.00 -78.95 -29.51
 872.00 -75.56 -45.32
 873.00 -54.99 -20.16
 874.00 -60.59 -53.85
 875.00 -75.61 -36.59
 876.00 -63.55 -52.59
 877.00 -73.76 -34.44
 878.00 -63.45 -41.48
 879.00 -74.94 -33.77
 880.00 -91.85 -17.59
 881.00 -76.42 -37.88
 882.00 -114.82  -7.91
 883.00 -51.23   5.48
 884.00 -63.90 -43.74
 885.00 -73.44 -37.32
 886.00 -116.30 -15.19
 887.00  56.38  -1.29
 888.00 -108.70  51.03
 889.00 -91.22 117.30
 890.00 -121.16 142.52
 891.00 -63.55 142.35
 892.00 -58.49 148.60
 893.00 -70.33 -44.14
 894.00 -72.02 -35.30
 895.00 -54.97 -46.70
 896.00 -62.35 -33.65
 897.00 -62.02 -67.03
 898.00 -78.36 -26.97
 899.00 -97.21 -30.15
 900.00 -70.48 -36.88
 901.00 -108.94 -55.28
 902.00 -61.05 -32.81
 903.00 -61.26 -41.39
 904.00 -58.41 -29.78
 905.00 -69.44 -37.18
 906.00 -65.59 -43.82
 907.00 -98.27  -9.94
 908.00  85.17 -10.03
 909.00 -78.29   9.70
 910.00 -112.08 -21.56
 911.00 -142.86 136.54
 912.00 -69.33 142.68
 913.00 -95.50 152.77
 914.00 -64.24  79.52
 915.00 -64.99 138.66
 916.00 -148.21 -51.35
 917.00 -157.37 103.78


