 residuo Phi Psi
 669.00 -57.73 115.18
 670.00 -83.89 138.74
 671.00 -60.50  43.98
 672.00 -81.70 -15.36
 673.00 -65.63 -47.16
 674.00 -61.62 -31.01
 675.00 -73.36 -36.23
 676.00 -53.96 -47.79
 677.00 -64.07 -41.39
 678.00 -69.06 -49.83
 679.00 -90.87 -26.25
 680.00 -54.68 -11.32
 681.00 -75.03 124.71
 682.00 -74.85 153.00
 683.00 -60.76 -171.28
 684.00 -124.13 140.31
 685.00 -101.10 119.27
 686.00 -80.93 144.02
 687.00  63.56 -10.26
 688.00 -94.15  34.40
 689.00 -66.14 105.27
 690.00 -78.17 120.24
 691.00 -84.78  -1.94
 692.00 -66.42 -14.11
 693.00 -61.47 149.63
 694.00 -70.05 128.27
 695.00 -156.63 133.23
 696.00 -46.14 146.19
 697.00 -67.61 -43.80
 698.00 -70.83 -41.58
 699.00 -59.99 -43.88
 700.00 -64.01 -47.02
 701.00 -67.03 -43.63
 702.00 -81.70 -27.95
 703.00 -65.50 -33.54
 704.00 -72.67 -33.96
 705.00 -74.80 -32.53
 706.00 -48.32 -43.69
 707.00 -54.82 -47.91
 708.00 -60.98 -40.08
 709.00 -73.62 -39.40
 710.00 -81.39 -33.16
 711.00 -65.98 -31.41
 712.00 -53.55 -53.09
 713.00 -82.13 -30.27
 714.00 -48.81 -38.82
 715.00 -67.20 -45.22
 716.00 -71.76 -41.07
 717.00 -77.28 -22.66
 718.00 -64.31 -53.76
 719.00 -66.08 -33.00
 720.00 -99.05 -20.91
 721.00 -68.99  -5.82
 722.00 -57.32 143.39
 723.00  61.66 137.89
 724.00 -66.14   5.47
 725.00 -66.11 -29.96
 726.00 -60.64  -8.73
 727.00 -56.73 -51.33
 728.00 -61.95 149.05
 729.00 -63.30 145.98
 730.00 -92.47 -30.89
 731.00 -58.10 -26.00
 732.00 -58.02 -38.45
 733.00 -68.78 -54.51
 734.00 -63.18 -22.03
 735.00 -74.50 -55.57
 736.00 -66.14 -18.05
 737.00 -67.50 -50.52
 738.00 -94.21 -23.50
 739.00 -98.02 -21.59
 740.00 -49.84 -18.80
 741.00 -68.23 -42.11
 742.00 -72.18 -38.34
 743.00 -60.30 -42.57
 744.00 -86.46 -34.86
 745.00 -59.27 -40.75
 746.00 -60.36 -50.85
 747.00 -60.59 -45.70
 748.00 -58.73 -35.99
 749.00 -72.46 -43.46
 750.00 -73.93 -23.88
 751.00 -48.39 -48.21
 752.00 -70.40 -47.75
 753.00 -73.22 -32.83
 754.00 -89.49 -47.86
 755.00 -95.70 -26.61
 756.00 -144.40 -31.93
 757.00  47.17  21.07
 758.00  65.48  44.35
 759.00 -74.47   0.19
 760.00 -128.66 -21.23
 761.00 -83.74 140.30
 762.00 -93.61 115.81
 763.00 -64.23  67.54
 764.00 -153.53 -41.96
 765.00 -75.95 162.66
 766.00 -82.53 -26.35
 767.00 -83.06 -44.81
 768.00 -61.66  43.43
 769.00 -100.29 142.68
 770.00 -86.13 110.56
 771.00 -53.28 178.45
 772.00 -61.83 -47.92
 773.00 -74.70 -34.23
 774.00 -58.18 -39.83
 775.00 -53.99 -50.84
 776.00 -73.99 -53.64
 777.00 -70.42  -2.85
 778.00  63.78 -16.60
 779.00 -132.32  10.00
 780.00 -42.75  35.35
 781.00 -69.50 -43.95
 782.00 -74.92 -28.78
 783.00 -62.56 -35.43
 784.00 -47.08 -53.38
 785.00 -64.07 -44.36
 786.00 -69.96 -43.26
 787.00 -74.30 -25.68
 788.00 -59.60 -41.19
 789.00 -69.33 -37.21
 790.00 -52.49 -44.23
 791.00 -76.27 -26.97
 792.00 -71.94 -15.90
 793.00 -69.72 -14.57
 794.00 -71.92 -40.45
 795.00 -63.01 -43.81
 796.00 -83.37 -36.49
 797.00  52.00 -13.15
 798.00 -90.13  82.91
 799.00 -78.51 134.43
 800.00 -54.43 153.47
 801.00 -72.88 -28.67
 802.00 -65.89 -42.50
 803.00 -57.66 -34.25
 804.00 -67.03 -46.23
 805.00 -77.24 -37.61
 806.00 -69.94 -33.79
 807.00 -57.33 -42.29
 808.00 -65.59 -42.59
 809.00 -75.04 -32.34
 810.00 -65.75 -31.31
 811.00 -74.35 -17.43
 812.00 -114.35 -14.84
 813.00 -146.22  51.54
 814.00 -150.14  18.28
 815.00 -145.71 132.70
 816.00 -75.54 165.54
 817.00 -56.50 157.76
 818.00 -71.53 -38.16
 819.00  74.79 -12.42
 820.00 -74.97 167.27
 821.00 -63.54 170.98
 822.00 -129.33 -31.36
 823.00 -56.59  81.32
 824.00 -55.74 -37.71
 825.00 -66.03 -42.01
 826.00 -45.84 -51.86
 827.00 -58.01 -50.44
 828.00 -63.06 -44.30
 829.00 -62.19 -44.78
 830.00 -61.98 -39.79
 831.00 -61.29 -37.18
 832.00 -53.91 -49.57
 833.00 -73.90 -43.35
 834.00 -78.57 -19.35
 835.00 -60.63 -45.94
 836.00 -74.79 -38.47
 837.00 -47.85 -38.97
 838.00 -61.10 -58.67
 839.00 -77.12 -14.03
 840.00 -119.03 -22.92
 841.00 -61.47  -3.29
 842.00 -73.12 147.39
 843.00 -139.78  85.40
 844.00 -77.65 147.76
 845.00 -45.46  77.15
 846.00 -48.62 -14.33
 847.00 -116.64 -40.74
 848.00 -55.14 100.23
 849.00 -66.20 -29.26
 850.00 -66.50 -21.06
 851.00 -82.38 -24.72
 852.00 -65.50 -42.70
 853.00 -75.94 -31.13
 854.00 -66.10 -34.82
 855.00 -60.51 -49.76
 856.00 -60.63 -34.86
 857.00 -59.54 -46.94
 858.00 -70.75 -34.99
 859.00 -72.17 -42.21
 860.00 -57.15 -26.96
 861.00 -60.28 -46.52
 862.00 -66.56 -50.13
 863.00 -78.67 -32.21
 864.00 -68.69 -34.07
 865.00 -67.16 -15.27
 866.00 -61.10 -38.12
 867.00 -68.37 -44.79
 868.00 -70.27 -26.84
 869.00 -52.26 -49.03
 870.00 -63.31 -47.99
 871.00 -66.98 -40.69
 872.00 -85.22 -35.21
 873.00 -56.43 -30.69
 874.00 -85.53 -31.77
 875.00 -56.73 -38.68
 876.00 -67.65 -52.97
 877.00 -61.93 -25.68
 878.00 -65.81 -55.26
 879.00 -70.38 -29.62
 880.00 -69.43 -42.18
 881.00 -62.23 -35.46
 882.00 -92.20 -41.61
 883.00 -44.52  -6.76
 884.00 -64.90 -48.92
 885.00 -86.17 -37.00
 886.00 -79.98 -36.39
 887.00  67.74   5.00
 888.00 -82.76  16.15
 889.00 -82.58 125.09
 890.00 -110.87 131.91
 891.00 -59.55 131.21
 892.00 -48.21 131.31
 893.00 -47.52 -49.37
 894.00 -74.49 -41.57
 895.00 -59.83 -45.35
 896.00 -63.68 -31.20
 897.00 -83.08 -32.03
 898.00 -64.87 -43.60
 899.00 -79.24 -42.04
 900.00 -85.71 -49.82
 901.00 -94.63 -44.75
 902.00 -46.62 -52.59
 903.00 -46.26 -34.83
 904.00 -56.54 -40.91
 905.00 -56.41 -53.92
 906.00 -76.84 -38.49
 907.00 -83.61 -36.41
 908.00  70.97  12.60
 909.00 -80.29  11.29
 910.00 -139.51  -6.21
 911.00 -96.69 119.45
 912.00 -83.15 135.19
 913.00 -64.31 117.70
 914.00 -81.43  92.35
 915.00 -76.77 142.68
 916.00 -91.43 -56.46
 917.00 -144.33 135.52


