 residuo Phi Psi
 669.00 -61.40 128.02
 670.00 -59.90 148.21
 671.00 -149.58 147.73
 672.00 -55.86  -5.97
 673.00 -87.75 -33.91
 674.00 -81.77 -23.21
 675.00 -73.23 -31.55
 676.00 -61.46 -38.04
 677.00 -83.68 -21.89
 678.00 -67.24 -33.05
 679.00 -74.45 -37.32
 680.00 -64.27 -22.94
 681.00 -57.77 116.07
 682.00 -84.16 162.44
 683.00 -63.81 173.93
 684.00 -89.01 136.52
 685.00 -92.60 120.28
 686.00 -77.31 142.89
 687.00  84.72 -24.73
 688.00 -91.28  32.22
 689.00 -122.01 151.03
 690.00 -61.14 100.65
 691.00 -69.50 -12.04
 692.00 -115.15  -2.98
 693.00 -68.48 142.15
 694.00 -78.12 144.28
 695.00 -118.54 139.18
 696.00 -60.42 152.33
 697.00 -59.13 -59.34
 698.00 -67.25 -37.95
 699.00 -52.34 -54.16
 700.00 -70.59 -41.74
 701.00 -70.26 -40.17
 702.00 -74.33 -26.97
 703.00 -60.14 -33.57
 704.00 -63.62 -48.09
 705.00 -75.36 -25.95
 706.00 -64.77 -47.44
 707.00 -60.62 -30.38
 708.00 -80.74 -39.19
 709.00 -59.00 -42.38
 710.00 -66.94 -43.62
 711.00 -64.43 -38.18
 712.00 -61.74 -35.95
 713.00 -86.52 -35.50
 714.00 -62.62 -31.11
 715.00 -68.32 -35.13
 716.00 -58.37 -41.44
 717.00 -75.15 -36.95
 718.00 -57.84 -48.05
 719.00 -51.83 -43.13
 720.00 -129.59  -7.13
 721.00 -43.32  -5.62
 722.00 -44.79 117.36
 723.00  74.16 140.73
 724.00 -58.18 -20.23
 725.00 -70.47 -28.98
 726.00 -79.84  -2.72
 727.00 -97.30   5.38
 728.00 -75.28 155.95
 729.00 -63.64 150.31
 730.00 -68.19 -19.22
 731.00 -66.59 -43.59
 732.00 -67.64 -33.92
 733.00 -57.09 -49.78
 734.00 -76.36 -28.31
 735.00 -65.24 -57.06
 736.00 -65.00 -25.44
 737.00 -77.90 -38.80
 738.00 -114.29  -6.68
 739.00 -79.73 -24.07
 740.00 -60.56 -22.69
 741.00 -66.84 -50.13
 742.00 -63.06 -46.36
 743.00 -60.31 -45.05
 744.00 -66.50 -50.34
 745.00 -66.89 -42.22
 746.00 -59.93 -27.99
 747.00 -60.99 -51.71
 748.00 -59.37 -44.61
 749.00 -67.26 -36.51
 750.00 -58.77 -37.62
 751.00 -61.09 -57.81
 752.00 -66.87 -36.80
 753.00 -63.60 -40.45
 754.00 -71.37 -47.73
 755.00 -108.66 -30.13
 756.00 -137.23 -22.45
 757.00  48.15  29.34
 758.00  67.94  31.09
 759.00 -78.00   4.43
 760.00 -102.14 -44.79
 761.00 -94.14 161.17
 762.00 -100.34 113.36
 763.00 -60.10  61.97
 764.00 -165.58 -30.60
 765.00 -78.40 160.11
 766.00 -99.93   1.32
 767.00 -114.49 -30.27
 768.00 -78.72  62.04
 769.00 -101.08 128.81
 770.00 -72.90 105.34
 771.00 -68.38 176.79
 772.00 -73.13 -23.69
 773.00 -61.24 -48.13
 774.00 -56.22 -37.27
 775.00 -65.06 -52.65
 776.00 -72.89 -40.74
 777.00 -71.12 -42.05
 778.00  61.48 -15.11
 779.00 -73.19   5.76
 780.00 -65.93  27.17
 781.00 -57.61 -53.72
 782.00 -57.37 -47.97
 783.00 -63.75 -43.25
 784.00 -47.53 -54.28
 785.00 -70.41 -40.40
 786.00 -69.56 -35.36
 787.00 -61.45 -42.42
 788.00 -58.36 -36.92
 789.00 -57.97 -46.12
 790.00 -71.89 -30.82
 791.00 -70.08 -30.82
 792.00 -55.83 -37.66
 793.00 -48.65 -45.01
 794.00 -72.42 -51.90
 795.00 -67.43 -32.33
 796.00 -93.05 -33.14
 797.00  55.53  -2.76
 798.00 -57.01  42.98
 799.00 -73.13 119.79
 800.00 -62.86 156.87
 801.00 -68.31 -34.86
 802.00 -61.64 -39.27
 803.00 -41.84 -52.57
 804.00 -68.59 -47.43
 805.00 -70.65 -38.02
 806.00 -65.24 -39.76
 807.00 -55.67 -50.73
 808.00 -69.15 -40.43
 809.00 -65.70 -31.92
 810.00 -59.77 -36.47
 811.00 -68.06 -18.01
 812.00 -115.76 -32.85
 813.00 -124.30  44.58
 814.00 -155.58   6.36
 815.00 -152.47 127.67
 816.00 -73.52 174.97
 817.00 -66.20 158.07
 818.00 -65.75 -35.40
 819.00  57.38  -1.92
 820.00 -101.23 -177.56
 821.00 -72.84 167.78
 822.00 -100.30 -32.91
 823.00 -52.18  42.68
 824.00 -50.79 -35.14
 825.00 -79.73 -44.01
 826.00 -59.40 -24.08
 827.00 -53.69 -54.70
 828.00 -77.83 -32.40
 829.00 -77.24 -29.58
 830.00 -58.38 -49.90
 831.00 -60.04 -55.85
 832.00 -68.25 -42.79
 833.00 -70.12 -44.99
 834.00 -81.73 -19.79
 835.00 -60.01 -42.51
 836.00 -79.99 -32.70
 837.00 -71.64 -18.78
 838.00 -42.15 -49.57
 839.00 -69.48 -42.20
 840.00 -110.67 -31.97
 841.00 -50.85   0.72
 842.00 -75.67 140.53
 843.00 -99.45  46.49
 844.00 -83.21 162.63
 845.00 -71.07 100.34
 846.00 -75.84 -16.23
 847.00 -109.45 -24.46
 848.00 -49.72  64.58
 849.00 -68.04 -21.93
 850.00 -62.65 -36.80
 851.00 -75.40 -31.85
 852.00 -50.28 -46.37
 853.00 -67.24 -33.16
 854.00 -60.75 -54.77
 855.00 -51.62 -45.03
 856.00 -60.93 -52.36
 857.00 -56.07 -47.69
 858.00 -62.37 -52.79
 859.00 -72.22 -40.01
 860.00 -69.15 -22.28
 861.00 -61.51 -43.67
 862.00 -75.70 -30.32
 863.00 -70.72 -43.51
 864.00 -76.52 -24.02
 865.00 -71.77 -30.85
 866.00 -56.51 -19.91
 867.00 -54.37 -56.27
 868.00 -80.39 -29.93
 869.00 -57.83 -34.96
 870.00 -68.56 -39.81
 871.00 -66.79 -33.89
 872.00 -66.32 -40.71
 873.00 -51.37 -38.46
 874.00 -60.37 -47.78
 875.00 -58.82 -39.01
 876.00 -82.07 -48.87
 877.00 -67.31 -41.83
 878.00 -83.74 -11.96
 879.00 -68.68 -45.61
 880.00 -65.68 -31.07
 881.00 -89.03 -36.00
 882.00 -90.32 -17.76
 883.00 -44.93 -25.93
 884.00 -61.64 -38.35
 885.00 -69.16 -31.26
 886.00 -84.93 -41.83
 887.00  70.46 -10.89
 888.00 -67.41  21.47
 889.00 -83.50 122.28
 890.00 -114.28 132.65
 891.00 -65.28 133.81
 892.00 -53.83 129.29
 893.00 -61.68 -36.98
 894.00 -62.87 -40.05
 895.00 -55.39 -52.23
 896.00 -66.27 -35.49
 897.00 -55.61 -56.43
 898.00 -72.89 -42.27
 899.00 -91.16 -30.50
 900.00 -122.98  -2.00
 901.00 -94.90 -51.57
 902.00 -55.46 -45.31
 903.00 -65.98 -40.02
 904.00 -57.11 -35.97
 905.00 -84.24 -26.83
 906.00 -73.89 -29.69
 907.00 -74.89 -48.52
 908.00  72.53   6.22
 909.00 -70.51  14.11
 910.00 -136.87 -22.84
 911.00 -130.97 127.94
 912.00 -60.89 137.03
 913.00 -115.09 167.99
 914.00 -85.85  94.92
 915.00 -76.02 141.17
 916.00 -142.50 -27.71
 917.00 -45.62 101.74


