 residuo Phi Psi
 669.00 -60.87 169.24
 670.00 -90.36 137.87
 671.00 -114.75 103.04
 672.00 -50.31  -6.02
 673.00 -78.22 -41.15
 674.00 -68.55 -32.09
 675.00 -76.85 -30.65
 676.00 -52.86 -48.11
 677.00 -67.55 -35.41
 678.00 -57.55 -40.10
 679.00 -98.24 -34.47
 680.00 -64.40 -19.19
 681.00 -81.53 124.03
 682.00 -63.13 162.23
 683.00 -74.85 177.24
 684.00 -67.86 125.83
 685.00 -81.98 124.88
 686.00 -69.56 145.90
 687.00  49.10  -3.13
 688.00 -69.68  43.77
 689.00 -108.54 136.91
 690.00 -78.22 137.88
 691.00 -85.27 -12.76
 692.00 -141.19  36.79
 693.00 -61.11 152.05
 694.00 -92.51 166.52
 695.00 -93.11  54.36
 696.00 -48.10 164.73
 697.00 -63.82 -47.66
 698.00 -82.60 -40.38
 699.00 -72.54 -39.60
 700.00 -71.72 -35.47
 701.00 -62.53 -45.58
 702.00 -62.93 -35.44
 703.00 -80.07 -27.30
 704.00 -64.31 -42.20
 705.00 -64.50 -29.07
 706.00 -59.43 -49.63
 707.00 -55.45 -49.83
 708.00 -64.24 -33.98
 709.00 -50.93 -52.27
 710.00 -64.16 -49.02
 711.00 -54.79 -49.19
 712.00 -69.38 -45.80
 713.00 -77.97 -31.12
 714.00 -71.25 -26.06
 715.00 -61.95 -43.06
 716.00 -59.38 -39.98
 717.00 -69.55 -47.08
 718.00 -61.23 -44.97
 719.00 -56.35 -48.54
 720.00 -90.93 -17.56
 721.00 -66.51  -2.05
 722.00 -52.99 137.85
 723.00  93.71 116.87
 724.00 -54.95  -3.02
 725.00 -70.38 -41.40
 726.00 -82.92   2.41
 727.00 -92.10  -9.83
 728.00 -66.73 150.40
 729.00 -68.27 159.36
 730.00 -75.15 -36.75
 731.00 -87.89 -23.41
 732.00 -62.38 -27.37
 733.00 -63.00 -45.08
 734.00 -55.23 -43.63
 735.00 -67.14 -54.67
 736.00 -62.89 -32.57
 737.00 -79.00 -50.12
 738.00 -109.67  -7.91
 739.00 -72.97 -31.59
 740.00 -75.80 -25.54
 741.00 -53.48 -35.25
 742.00 -67.84 -54.16
 743.00 -71.38 -35.05
 744.00 -71.46 -41.58
 745.00 -77.02 -32.06
 746.00 -65.52 -31.84
 747.00 -64.26 -48.76
 748.00 -62.69 -38.19
 749.00 -59.43 -36.44
 750.00 -61.28 -45.37
 751.00 -58.74 -50.96
 752.00 -72.23 -31.38
 753.00 -66.51 -35.20
 754.00 -86.43 -48.28
 755.00 -124.49  -9.29
 756.00 -136.78 -26.95
 757.00  59.06  33.48
 758.00  60.32  32.10
 759.00 -85.30 -14.09
 760.00 -89.71 -36.83
 761.00 -94.15 158.08
 762.00 -96.36 117.96
 763.00 -50.72  58.11
 764.00 -152.81 -46.35
 765.00 -68.66 166.38
 766.00 -95.75 -20.09
 767.00 -145.69 -11.36
 768.00 -84.06  65.64
 769.00 -110.30 144.26
 770.00 -78.00 112.91
 771.00 -65.85 173.12
 772.00 -49.79 -26.29
 773.00 -64.94 -59.99
 774.00 -60.09 -23.71
 775.00 -66.37 -51.03
 776.00 -72.58 -38.96
 777.00 -87.88 -22.36
 778.00  55.07  -8.63
 779.00 -83.98   0.79
 780.00 -64.91  48.23
 781.00 -64.99 -37.43
 782.00 -81.56 -31.41
 783.00 -60.41 -34.11
 784.00 -76.04 -40.49
 785.00 -75.20 -34.86
 786.00 -61.10 -33.42
 787.00 -61.68 -41.11
 788.00 -79.59 -21.05
 789.00 -58.12 -43.35
 790.00 -65.03 -31.44
 791.00 -67.22 -50.92
 792.00 -66.42 -27.63
 793.00 -68.14 -26.82
 794.00 -86.79 -34.53
 795.00 -64.69 -26.66
 796.00 -72.16 -48.17
 797.00  53.33 -12.34
 798.00 -63.94  50.30
 799.00 -103.41 147.82
 800.00 -44.38 162.22
 801.00 -77.95 -41.00
 802.00 -59.51 -36.02
 803.00 -61.02 -45.23
 804.00 -54.28 -49.11
 805.00 -74.34 -43.90
 806.00 -70.54 -32.31
 807.00 -62.26 -40.88
 808.00 -62.51 -38.62
 809.00 -50.02 -57.65
 810.00 -69.22 -38.44
 811.00 -62.20 -16.87
 812.00 -101.18 -40.95
 813.00 -128.16  56.09
 814.00 -162.09  13.53
 815.00 -144.26 127.63
 816.00 -54.54 161.10
 817.00 -66.85 148.85
 818.00 -70.38 -27.04
 819.00  70.56 -15.82
 820.00 -65.58 171.88
 821.00 -70.61 167.44
 822.00 -128.39 -31.39
 823.00 -88.48  88.88
 824.00 -70.78 -24.97
 825.00 -48.50 -40.86
 826.00 -85.05 -38.48
 827.00 -57.79 -51.02
 828.00 -56.70 -45.57
 829.00 -68.64 -39.00
 830.00 -65.26 -39.34
 831.00 -61.27 -44.04
 832.00 -76.49 -26.35
 833.00 -74.23 -39.24
 834.00 -56.41 -31.66
 835.00 -57.46 -57.01
 836.00 -61.94 -50.25
 837.00 -55.11 -40.98
 838.00 -56.00 -57.51
 839.00 -61.67 -22.12
 840.00 -101.18 -47.29
 841.00 -54.44   1.74
 842.00 -84.80 149.36
 843.00 -137.44  78.68
 844.00 -78.93 161.56
 845.00 -55.55  92.35
 846.00 -63.67 -31.05
 847.00 -116.15 -19.73
 848.00 -61.71  89.43
 849.00 -64.13 -26.62
 850.00 -59.95 -33.88
 851.00 -66.42 -40.59
 852.00 -66.90 -40.79
 853.00 -59.16 -43.25
 854.00 -63.75 -38.78
 855.00 -61.53 -41.28
 856.00 -51.52 -54.50
 857.00 -66.12 -33.79
 858.00 -69.52 -41.87
 859.00 -69.47 -39.63
 860.00 -67.96 -39.59
 861.00 -73.65 -22.59
 862.00 -51.92 -52.34
 863.00 -63.18 -46.80
 864.00 -76.79 -34.24
 865.00 -71.32 -14.69
 866.00 -66.65 -34.78
 867.00 -38.48 -42.04
 868.00 -65.08 -59.51
 869.00 -47.42 -47.01
 870.00 -76.45 -40.57
 871.00 -71.39 -26.51
 872.00 -71.80 -40.75
 873.00 -61.70 -25.29
 874.00 -83.49 -38.33
 875.00 -66.64 -22.49
 876.00 -52.56 -53.45
 877.00 -68.81 -43.27
 878.00 -70.85 -34.81
 879.00 -65.87 -37.35
 880.00 -64.37 -41.28
 881.00 -78.05 -43.50
 882.00 -80.84 -25.65
 883.00 -39.47 -13.88
 884.00 -68.40 -60.18
 885.00 -83.21 -32.05
 886.00 -117.99 -10.48
 887.00  65.42  16.18
 888.00 -90.07  23.52
 889.00 -95.53 128.66
 890.00 -128.42 140.58
 891.00 -61.45 127.96
 892.00 -63.07 156.53
 893.00 -67.22 -33.14
 894.00 -69.95 -45.56
 895.00 -62.13 -46.91
 896.00 -72.46 -32.44
 897.00 -64.22 -42.96
 898.00 -75.26 -44.74
 899.00 -84.28 -25.62
 900.00 -94.48 -46.51
 901.00 -86.55 -46.04
 902.00 -65.87 -37.26
 903.00 -62.65 -41.08
 904.00 -71.28  -9.68
 905.00 -73.60 -39.16
 906.00 -61.96 -53.07
 907.00 -59.31 -43.51
 908.00  88.19 -19.39
 909.00 -69.73   9.97
 910.00 -87.33 -57.14
 911.00 -137.21 130.09
 912.00 -69.83 139.18
 913.00 -95.80 163.76
 914.00 -135.17 146.50
 915.00 -77.90 139.99
 916.00 -100.65 -49.51
 917.00 -118.73 127.76


