 residuo Phi Psi
 669.00 -65.53 138.26
 670.00 -61.22 141.81
 671.00 -62.02 150.59
 672.00 -56.41 -32.19
 673.00 -53.74 -31.33
 674.00 -67.16 -29.07
 675.00 -73.77 -16.02
 676.00 -60.64 -60.03
 677.00 -66.61 -31.41
 678.00 -59.79 -43.45
 679.00 -80.10 -36.48
 680.00 -75.67 -11.14
 681.00 -59.25 116.60
 682.00 -68.25 159.54
 683.00 -62.30 144.81
 684.00 -115.86 130.00
 685.00 -83.80 140.11
 686.00 -73.50 152.80
 687.00  68.10 -25.11
 688.00 -93.92  40.37
 689.00 -98.11 136.20
 690.00 -72.80  98.75
 691.00 -82.87   2.27
 692.00 -72.81 -33.89
 693.00 -69.89 161.40
 694.00 -56.11 156.88
 695.00 -118.22 123.63
 696.00 -59.44 160.22
 697.00 -51.95 -48.99
 698.00 -73.38 -45.44
 699.00 -73.43 -43.60
 700.00 -73.77 -35.15
 701.00 -65.83 -36.91
 702.00 -71.97 -31.55
 703.00 -87.56 -24.45
 704.00 -58.98 -29.98
 705.00 -79.97 -37.62
 706.00 -58.21 -47.35
 707.00 -48.76 -51.82
 708.00 -76.59 -35.16
 709.00 -67.33 -29.31
 710.00 -66.13 -38.20
 711.00 -71.29 -35.56
 712.00 -53.26 -42.96
 713.00 -69.92 -45.39
 714.00 -68.88 -33.28
 715.00 -71.23 -47.09
 716.00 -70.70 -29.09
 717.00 -62.64 -52.45
 718.00 -60.90 -38.90
 719.00 -60.58 -48.08
 720.00 -85.13 -33.33
 721.00 -43.69 -22.89
 722.00 -56.58 140.69
 723.00  70.47 135.29
 724.00 -66.50   1.16
 725.00 -51.73 -25.06
 726.00 -82.12 -23.37
 727.00 -61.42 -21.49
 728.00 -54.52 145.71
 729.00 -57.75 139.12
 730.00 -75.33 -36.19
 731.00 -70.84 -19.35
 732.00 -61.11 -41.36
 733.00 -64.20 -48.05
 734.00 -63.02 -33.04
 735.00 -57.81 -66.92
 736.00 -73.46 -29.49
 737.00 -75.63 -49.45
 738.00 -93.83 -27.45
 739.00 -106.01 -16.42
 740.00 -58.92  -2.61
 741.00 -67.75 -47.36
 742.00 -56.29 -45.85
 743.00 -69.12 -39.06
 744.00 -64.27 -51.75
 745.00 -67.40 -44.50
 746.00 -60.76 -31.66
 747.00 -69.67 -45.34
 748.00 -52.74 -38.63
 749.00 -60.15 -49.55
 750.00 -61.13 -43.41
 751.00 -61.80 -48.19
 752.00 -62.66 -49.58
 753.00 -62.31 -36.70
 754.00 -62.31 -64.83
 755.00 -89.50 -33.94
 756.00 -145.72 -36.13
 757.00  50.35  28.06
 758.00  71.44  29.55
 759.00 -53.19  -0.83
 760.00 -152.78 -34.63
 761.00 -86.84 152.54
 762.00 -85.82 109.09
 763.00 -65.24  63.28
 764.00 -143.89 -40.11
 765.00 -75.70 171.67
 766.00 -72.97 -37.04
 767.00 -150.57  -8.22
 768.00 -83.38  80.88
 769.00 -91.67 124.22
 770.00 -64.80  79.90
 771.00 -69.34 176.58
 772.00 -55.52 -35.42
 773.00 -79.36 -42.76
 774.00 -46.25 -33.89
 775.00 -79.52 -43.28
 776.00 -54.00 -43.47
 777.00 -93.50 -35.75
 778.00  63.78  -7.22
 779.00 -130.55  48.35
 780.00 -61.02  10.38
 781.00 -65.32 -41.63
 782.00 -74.69 -29.17
 783.00 -73.16 -27.46
 784.00 -47.59 -46.08
 785.00 -77.34 -39.62
 786.00 -45.39 -44.22
 787.00 -64.39 -45.46
 788.00 -60.79 -58.64
 789.00 -70.77 -31.49
 790.00 -67.20 -35.69
 791.00 -54.91 -40.17
 792.00 -66.34 -31.41
 793.00 -58.94 -31.89
 794.00 -67.39 -50.47
 795.00 -68.59 -34.89
 796.00 -73.75 -39.25
 797.00  54.05 -30.74
 798.00 -65.93  63.78
 799.00 -107.21 151.53
 800.00 -61.53 159.22
 801.00 -79.26 -24.43
 802.00 -58.52 -31.84
 803.00 -67.64 -49.10
 804.00 -53.60 -43.16
 805.00 -73.55 -47.38
 806.00 -61.07 -35.72
 807.00 -74.07 -32.96
 808.00 -49.67 -43.64
 809.00 -64.37 -49.71
 810.00 -67.58 -38.16
 811.00 -62.35 -29.52
 812.00 -116.28 -22.74
 813.00 -152.66  46.95
 814.00 -150.26   6.63
 815.00 -149.50 127.42
 816.00 -76.25 159.67
 817.00 -66.14 154.39
 818.00 -65.43 -34.39
 819.00  70.11  -1.30
 820.00 -100.97 -172.84
 821.00 -71.02 155.95
 822.00 -117.72 -23.30
 823.00 -61.90  42.65
 824.00 -60.68 -32.53
 825.00 -69.88 -49.46
 826.00 -55.98 -33.70
 827.00 -66.98 -53.31
 828.00 -71.17 -30.64
 829.00 -75.00 -28.86
 830.00 -55.08 -39.50
 831.00 -56.50 -59.29
 832.00 -42.48 -40.16
 833.00 -76.52 -60.10
 834.00 -69.59 -14.55
 835.00 -56.17 -50.44
 836.00 -74.84 -39.69
 837.00 -68.22 -29.44
 838.00 -59.07 -43.86
 839.00 -56.17 -37.90
 840.00 -119.14 -29.49
 841.00 -52.00   0.17
 842.00 -87.34 141.13
 843.00 -59.78  18.29
 844.00 -75.93 158.66
 845.00 -58.53  93.88
 846.00 -65.54 -15.81
 847.00 -109.26 -23.84
 848.00 -67.60  79.64
 849.00 -69.10 -22.56
 850.00 -67.54 -36.38
 851.00 -53.28 -37.42
 852.00 -70.44 -38.35
 853.00 -40.69 -51.18
 854.00 -75.34 -40.93
 855.00 -61.50 -46.05
 856.00 -69.50 -34.45
 857.00 -66.62 -49.29
 858.00 -60.54 -35.47
 859.00 -85.25 -42.16
 860.00 -51.97 -32.39
 861.00 -56.95 -41.64
 862.00 -62.77 -56.20
 863.00 -74.14 -33.96
 864.00 -91.17 -23.86
 865.00 -74.59  -5.11
 866.00 -79.00 -27.42
 867.00 -64.84 -37.72
 868.00 -72.93 -21.01
 869.00 -64.11 -53.52
 870.00 -72.25 -26.59
 871.00 -60.50 -38.20
 872.00 -70.71 -41.36
 873.00 -63.38 -35.91
 874.00 -54.69 -46.03
 875.00 -63.08 -46.84
 876.00 -65.45 -52.03
 877.00 -55.78 -38.40
 878.00 -64.79 -48.32
 879.00 -68.31 -36.93
 880.00 -65.08 -38.07
 881.00 -68.41 -33.67
 882.00 -155.12   9.13
 883.00 -74.98  29.97
 884.00 -62.45 -32.46
 885.00 -54.59 -47.49
 886.00 -113.89 -31.44
 887.00  57.29   4.46
 888.00 -81.72  36.09
 889.00 -100.69 128.89
 890.00 -122.97 135.08
 891.00 -69.30 124.45
 892.00 -46.50 117.58
 893.00 -63.31 -44.94
 894.00 -66.07 -43.30
 895.00 -51.97 -45.78
 896.00 -62.95 -33.62
 897.00 -61.83 -36.76
 898.00 -63.67 -48.02
 899.00 -83.91 -33.38
 900.00 -126.74 -28.03
 901.00 -80.14 -38.60
 902.00 -56.13 -47.49
 903.00 -63.52 -38.32
 904.00 -82.16 -14.15
 905.00 -76.18 -24.18
 906.00 -79.82 -39.82
 907.00 -87.12 -32.09
 908.00  63.46  16.25
 909.00 -63.92  10.13
 910.00 -137.60 -24.12
 911.00 -146.67 133.52
 912.00 -66.80 150.37
 913.00 -91.84 152.92
 914.00 -82.73 107.98
 915.00 -64.78 135.19
 916.00 -78.55 -35.58
 917.00 -94.13 153.95


