 residuo Phi Psi
 669.00 -62.46 135.10
 670.00 -80.01 144.91
 671.00 -159.41 150.60
 672.00 -55.75 -28.65
 673.00 -63.91 -48.48
 674.00 -49.17 -45.78
 675.00 -70.69 -44.09
 676.00 -55.45 -45.44
 677.00 -71.29 -38.79
 678.00 -77.88 -39.22
 679.00 -105.26 -11.34
 680.00 -86.30   4.64
 681.00 -80.46 128.94
 682.00 -70.86 154.38
 683.00 -64.24 168.74
 684.00 -131.65 159.35
 685.00 -70.13 131.46
 686.00 -75.35 154.87
 687.00  91.64 -29.59
 688.00 -70.36  12.83
 689.00 -111.67 147.02
 690.00 -54.12 102.13
 691.00 -77.42 -12.73
 692.00 -95.14 -17.95
 693.00 -71.17 136.58
 694.00 -75.11 135.73
 695.00 -155.55 140.43
 696.00 -49.82 159.70
 697.00 -62.03 -55.24
 698.00 -82.78 -40.02
 699.00 -71.81 -31.77
 700.00 -75.23 -41.64
 701.00 -52.43 -38.73
 702.00 -74.84 -38.29
 703.00 -65.86 -36.58
 704.00 -63.18 -47.71
 705.00 -69.16 -37.09
 706.00 -60.52 -43.48
 707.00 -70.35 -37.73
 708.00 -71.10 -24.15
 709.00 -63.08 -48.24
 710.00 -52.33 -41.25
 711.00 -69.57 -37.06
 712.00 -72.79 -33.09
 713.00 -80.36 -32.34
 714.00 -75.98 -28.29
 715.00 -60.21 -35.02
 716.00 -51.80 -48.77
 717.00 -71.67 -42.31
 718.00 -60.85 -49.01
 719.00 -63.30 -26.67
 720.00 -112.95 -24.26
 721.00 -65.37  -1.29
 722.00 -60.66 133.21
 723.00  78.63 118.62
 724.00 -56.59   8.41
 725.00 -73.84 -32.32
 726.00 -76.51   2.57
 727.00 -96.46  -8.86
 728.00 -57.82 150.01
 729.00 -54.88 152.62
 730.00 -75.84 -30.43
 731.00 -62.78 -35.59
 732.00 -44.81 -53.48
 733.00 -76.97 -47.83
 734.00 -70.98 -29.64
 735.00 -65.06 -46.50
 736.00 -76.80 -16.68
 737.00 -45.69 -55.22
 738.00 -89.08 -30.84
 739.00 -82.27 -43.55
 740.00 -45.09  -9.30
 741.00 -84.18 -33.19
 742.00 -63.59 -59.78
 743.00 -54.17 -34.76
 744.00 -60.86 -59.94
 745.00 -62.50 -39.46
 746.00 -62.60 -43.54
 747.00 -70.25 -42.47
 748.00 -63.30 -36.04
 749.00 -52.31 -37.31
 750.00 -64.18 -51.92
 751.00 -46.74 -47.87
 752.00 -50.94 -55.98
 753.00 -59.49 -47.24
 754.00 -87.53 -56.04
 755.00 -117.18  -1.22
 756.00 -139.47 -35.67
 757.00  66.04  29.58
 758.00  71.97  20.20
 759.00 -54.15 -19.51
 760.00 -142.05 -22.37
 761.00 -107.71 165.49
 762.00 -77.09  98.35
 763.00 -46.01  57.61
 764.00 -139.34 -63.38
 765.00 -54.38 155.76
 766.00 -66.89 -45.31
 767.00 -83.08 -57.34
 768.00 -71.29  58.32
 769.00 -112.46 144.34
 770.00 -82.46 112.56
 771.00 -63.46 -177.83
 772.00 -63.40 -29.69
 773.00 -63.77 -52.56
 774.00 -55.77 -30.81
 775.00 -75.36 -42.54
 776.00 -67.50 -42.23
 777.00 -75.15 -37.12
 778.00  63.62  -3.52
 779.00 -82.62  -2.87
 780.00 -66.51  57.57
 781.00 -56.25 -60.81
 782.00 -63.21 -38.03
 783.00 -63.70 -41.92
 784.00 -51.51 -38.47
 785.00 -67.02 -45.71
 786.00 -66.56 -41.64
 787.00 -67.85 -36.10
 788.00 -76.32 -36.73
 789.00 -61.66 -32.06
 790.00 -51.07 -61.04
 791.00 -58.58 -34.14
 792.00 -64.87 -36.27
 793.00 -66.34 -29.70
 794.00 -87.92 -24.92
 795.00 -66.76 -36.82
 796.00 -98.41 -27.02
 797.00  45.45  15.62
 798.00 -58.01  45.27
 799.00 -86.51 126.21
 800.00 -53.75 148.61
 801.00 -69.04 -26.08
 802.00 -62.11 -49.21
 803.00 -65.39 -38.25
 804.00 -77.46 -37.32
 805.00 -84.19 -27.42
 806.00 -86.90 -19.09
 807.00 -61.66 -37.15
 808.00 -55.98 -43.23
 809.00 -75.85 -44.66
 810.00 -63.81 -22.42
 811.00 -64.89 -33.04
 812.00 -109.43 -16.17
 813.00 -116.99  25.03
 814.00 -162.87  13.62
 815.00 -148.12 120.85
 816.00 -65.14 164.41
 817.00 -55.30 165.58
 818.00 -109.45 -31.67
 819.00  67.44  19.55
 820.00 -99.38 -170.69
 821.00 -55.69 166.95
 822.00 -112.44 -36.66
 823.00 -70.13  60.77
 824.00 -54.09 -41.21
 825.00 -83.40 -37.89
 826.00 -45.39 -41.56
 827.00 -57.13 -55.29
 828.00 -79.23 -42.29
 829.00 -59.20 -40.41
 830.00 -48.05 -53.27
 831.00 -59.01 -48.72
 832.00 -60.01 -46.25
 833.00 -74.61 -35.84
 834.00 -72.72 -26.44
 835.00 -62.81 -61.29
 836.00 -69.00 -31.62
 837.00 -63.46 -28.47
 838.00 -58.41 -50.32
 839.00 -54.49 -24.43
 840.00 -130.49 -36.99
 841.00 -68.12  12.10
 842.00 -74.06 143.00
 843.00 -152.67  84.16
 844.00 -84.05 163.53
 845.00 -58.20 107.63
 846.00 -79.85 -39.77
 847.00 -101.10  -7.87
 848.00 -67.96  70.71
 849.00 -64.14 -11.68
 850.00 -74.89 -34.59
 851.00 -64.34 -42.26
 852.00 -66.95 -36.62
 853.00 -74.92 -30.13
 854.00 -49.99 -44.41
 855.00 -63.17 -57.01
 856.00 -50.15 -48.41
 857.00 -65.97 -51.72
 858.00 -64.96 -34.59
 859.00 -64.31 -46.68
 860.00 -71.31 -23.25
 861.00 -54.65 -47.16
 862.00 -60.82 -45.56
 863.00 -76.05 -36.87
 864.00 -86.51 -12.74
 865.00 -70.76 -17.07
 866.00 -52.73 -47.29
 867.00 -66.82 -50.96
 868.00 -62.79 -31.17
 869.00 -53.68 -47.89
 870.00 -72.69 -37.85
 871.00 -66.19 -36.75
 872.00 -72.99 -36.77
 873.00 -52.65 -41.40
 874.00 -63.03 -47.05
 875.00 -49.04 -49.12
 876.00 -73.30 -55.92
 877.00 -65.54 -31.02
 878.00 -71.69 -35.59
 879.00 -60.54 -37.18
 880.00 -65.94 -42.06
 881.00 -82.25 -31.81
 882.00 -136.51   3.69
 883.00 -45.48  15.56
 884.00 -44.59 -70.18
 885.00 -72.08 -42.07
 886.00 -83.43 -43.46
 887.00  72.73  -6.76
 888.00 -83.46  20.13
 889.00 -92.44 129.57
 890.00 -105.91 140.40
 891.00 -64.40 145.81
 892.00 -56.96 138.50
 893.00 -54.83 -37.10
 894.00 -77.77 -43.22
 895.00 -49.26 -39.26
 896.00 -70.65 -40.03
 897.00 -56.44 -49.34
 898.00 -88.77 -37.08
 899.00 -97.41 -30.13
 900.00 -121.13  -6.53
 901.00 -75.38 -61.62
 902.00 -56.08 -50.16
 903.00 -64.17 -38.93
 904.00 -67.33 -20.97
 905.00 -58.42 -46.20
 906.00 -70.03 -52.85
 907.00 -114.01  -1.22
 908.00  75.51  -3.36
 909.00 -77.58  15.35
 910.00 -143.28 -13.04
 911.00 -142.91 131.25
 912.00 -66.47 120.53
 913.00 -120.51 166.26
 914.00 -86.46  99.53
 915.00 -86.83 159.25
 916.00 -93.71 -52.02
 917.00 -89.43 168.93


