 residuo Phi Psi
 669.00 -57.88  94.63
 670.00 -68.33 144.91
 671.00 -57.80  37.16
 672.00 -74.81 -21.37
 673.00 -65.94 -53.65
 674.00 -69.65 -29.74
 675.00 -82.55 -22.48
 676.00 -58.95 -54.29
 677.00 -59.39 -45.36
 678.00 -81.15 -27.19
 679.00 -70.32 -47.04
 680.00 -62.95 -13.44
 681.00 -75.44 130.10
 682.00 -100.89 149.93
 683.00 -60.19 -155.37
 684.00 -137.97 144.42
 685.00 -89.62 103.75
 686.00 -63.36 143.27
 687.00  87.70 -29.83
 688.00 -93.56  27.97
 689.00 -84.60 133.55
 690.00 -64.93 109.29
 691.00 -70.98 -12.94
 692.00 -81.85 -10.91
 693.00 -57.30 143.11
 694.00 -73.54 141.77
 695.00 -153.55 128.77
 696.00 -28.18 133.06
 697.00 -62.71 -61.39
 698.00 -67.76 -46.02
 699.00 -73.47 -35.27
 700.00 -56.38 -56.25
 701.00 -61.21 -38.67
 702.00 -76.69 -32.37
 703.00 -55.54 -35.20
 704.00 -52.62 -53.69
 705.00 -50.76 -55.81
 706.00 -52.66 -55.80
 707.00 -65.21 -46.20
 708.00 -64.88 -28.93
 709.00 -51.63 -51.75
 710.00 -64.65 -43.20
 711.00 -60.28 -39.73
 712.00 -64.64 -42.56
 713.00 -63.55 -38.19
 714.00 -65.31 -44.91
 715.00 -60.44 -37.12
 716.00 -64.93 -47.10
 717.00 -77.01 -28.23
 718.00 -60.11 -38.63
 719.00 -53.40 -51.60
 720.00 -98.91 -26.32
 721.00 -65.28  -7.17
 722.00 -61.92 142.84
 723.00  89.40 122.47
 724.00 -64.06   3.54
 725.00 -60.14 -42.48
 726.00 -65.92 -11.08
 727.00 -61.93 -29.82
 728.00 -70.99 149.59
 729.00 -61.18 161.65
 730.00 -68.97 -42.49
 731.00 -72.94 -32.75
 732.00 -57.07 -33.96
 733.00 -69.85 -54.41
 734.00 -62.45 -22.71
 735.00 -67.43 -62.27
 736.00 -58.75 -27.27
 737.00 -75.86 -50.98
 738.00 -112.97  -1.75
 739.00 -76.14 -40.26
 740.00 -54.20 -20.05
 741.00 -63.95 -42.89
 742.00 -62.92 -51.67
 743.00 -67.95 -47.30
 744.00 -80.72 -36.46
 745.00 -71.48 -32.47
 746.00 -45.76 -50.71
 747.00 -69.68 -54.78
 748.00 -49.85 -38.60
 749.00 -73.67 -43.05
 750.00 -88.13 -12.25
 751.00 -55.41 -55.02
 752.00 -62.98 -34.52
 753.00 -60.59 -50.49
 754.00 -64.74 -50.81
 755.00 -94.79 -50.87
 756.00 -131.55 -25.64
 757.00  50.34  13.21
 758.00  68.68  31.67
 759.00 -66.86  -0.30
 760.00 -81.36 -42.67
 761.00 -99.31 153.88
 762.00 -100.80 127.04
 763.00 -56.20  63.40
 764.00 -149.96 -52.24
 765.00 -64.24 159.29
 766.00 -90.58 -26.07
 767.00 -134.57  -4.18
 768.00 -76.35  52.29
 769.00 -96.01 130.12
 770.00 -77.77 109.77
 771.00 -38.73 177.05
 772.00 -64.00 -56.73
 773.00 -76.80 -31.77
 774.00 -65.67 -36.09
 775.00 -59.77 -40.59
 776.00 -59.81 -63.28
 777.00 -80.25 -17.54
 778.00  66.17  -6.07
 779.00 -78.94 -27.89
 780.00 -74.21  49.76
 781.00 -57.65 -39.75
 782.00 -63.20 -40.45
 783.00 -61.36 -42.73
 784.00 -49.29 -41.91
 785.00 -57.06 -56.54
 786.00 -57.44 -47.49
 787.00 -75.71 -37.52
 788.00 -55.51 -49.06
 789.00 -58.58 -36.29
 790.00 -50.65 -38.37
 791.00 -69.62 -43.69
 792.00 -52.90 -20.13
 793.00 -59.12 -36.02
 794.00 -88.36 -40.68
 795.00 -61.89 -39.95
 796.00 -105.13 -17.40
 797.00  53.36 -10.61
 798.00 -75.14  62.66
 799.00 -74.14 136.72
 800.00 -53.84 152.93
 801.00 -54.01 -41.12
 802.00 -68.00 -44.02
 803.00 -72.88 -26.90
 804.00 -55.53 -52.69
 805.00 -66.33 -47.02
 806.00 -77.31 -29.54
 807.00 -51.78 -45.85
 808.00 -59.67 -43.44
 809.00 -64.05 -50.58
 810.00 -74.55 -18.64
 811.00 -73.01 -17.00
 812.00 -140.53  -1.27
 813.00 -137.31  36.05
 814.00 -153.85  15.33
 815.00 -134.44 115.46
 816.00 -59.85 166.49
 817.00 -59.04 151.30
 818.00 -85.07 -33.30
 819.00  75.58  -3.62
 820.00 -74.77 166.80
 821.00 -67.90 -175.98
 822.00 -125.70 -37.53
 823.00 -86.34 121.70
 824.00 -65.03 -36.92
 825.00 -76.72 -36.59
 826.00 -82.86 -11.25
 827.00 -65.83 -44.18
 828.00 -60.29 -36.91
 829.00 -91.83 -33.28
 830.00 -41.48 -42.59
 831.00 -55.95 -57.05
 832.00 -59.01 -39.66
 833.00 -56.81 -52.10
 834.00 -75.84 -28.29
 835.00 -53.07 -53.14
 836.00 -75.29 -43.09
 837.00 -61.03 -30.00
 838.00 -49.66 -44.95
 839.00 -55.27 -43.16
 840.00 -103.01 -37.27
 841.00 -61.20  -6.14
 842.00 -77.59 169.64
 843.00 -157.51  98.37
 844.00 -96.96 164.52
 845.00 -73.30 110.48
 846.00 -77.96  -5.44
 847.00 -115.08  -6.24
 848.00 -68.65  91.53
 849.00 -51.60 -26.93
 850.00 -55.19 -52.03
 851.00 -70.22 -36.42
 852.00 -67.63 -41.42
 853.00 -60.25 -38.56
 854.00 -56.00 -48.17
 855.00 -47.99 -53.39
 856.00 -58.11 -47.59
 857.00 -66.00 -43.38
 858.00 -67.98 -37.65
 859.00 -73.35 -36.02
 860.00 -58.58 -31.48
 861.00 -64.19 -43.10
 862.00 -56.54 -49.09
 863.00 -63.78 -40.51
 864.00 -50.60 -40.27
 865.00 -70.67 -18.06
 866.00 -62.59 -52.04
 867.00 -64.24 -51.14
 868.00 -80.47 -19.25
 869.00 -52.83 -43.28
 870.00 -60.44 -42.87
 871.00 -66.04 -40.09
 872.00 -76.38 -34.00
 873.00 -63.53 -33.13
 874.00 -67.07 -48.70
 875.00 -61.14 -36.28
 876.00 -67.37 -50.78
 877.00 -67.91 -41.13
 878.00 -58.46 -42.65
 879.00 -64.14 -42.91
 880.00 -61.45 -43.39
 881.00 -53.90 -47.86
 882.00 -119.13 -32.35
 883.00 -44.05  15.42
 884.00 -78.29 -53.80
 885.00 -56.01 -40.50
 886.00 -125.91 -11.51
 887.00  49.56  12.10
 888.00 -86.51  34.53
 889.00 -107.88 136.53
 890.00 -126.22 143.55
 891.00 -60.74 127.52
 892.00 -64.65 150.87
 893.00 -67.98 -37.00
 894.00 -71.03 -42.87
 895.00 -61.81 -30.86
 896.00 -65.83 -45.32
 897.00 -65.24 -44.59
 898.00 -70.77 -48.69
 899.00 -95.67 -21.15
 900.00 -90.83 -35.13
 901.00 -84.13 -52.91
 902.00 -54.98 -45.81
 903.00 -52.53 -37.00
 904.00 -76.08 -30.27
 905.00 -73.30 -29.71
 906.00 -73.55 -45.47
 907.00 -96.16 -18.49
 908.00  79.56  -2.12
 909.00 -55.96   2.51
 910.00 -132.59 -22.81
 911.00 -128.07 136.82
 912.00 -56.26 133.71
 913.00 -91.01 146.19
 914.00 -94.71 115.09
 915.00 -75.56 143.56
 916.00 -111.02 -38.91
 917.00 -68.73 169.41


