 residuo Phi Psi
 669.00 -83.68 151.71
 670.00 -52.99 152.02
 671.00 -54.18 140.28
 672.00 -49.28 -49.84
 673.00 -84.15 -37.18
 674.00 -67.12 -29.16
 675.00 -75.07 -28.45
 676.00 -50.73 -49.86
 677.00 -56.66 -43.60
 678.00 -52.47 -53.11
 679.00 -86.52 -41.25
 680.00 -66.33  -9.46
 681.00 -74.14 114.98
 682.00 -74.70 147.96
 683.00 -66.12 168.85
 684.00 -135.48 158.03
 685.00 -76.94 134.88
 686.00 -63.09 129.29
 687.00  98.22 -24.00
 688.00 -91.59  27.23
 689.00 -121.48 159.34
 690.00 -74.01  99.08
 691.00 -87.54   2.19
 692.00 -80.51 -10.50
 693.00 -64.51 155.45
 694.00 -61.24 136.59
 695.00 -152.20 133.55
 696.00 -50.08 148.31
 697.00 -74.08 -50.64
 698.00 -72.48 -40.52
 699.00 -59.04 -39.39
 700.00 -76.87 -51.91
 701.00 -65.37 -28.38
 702.00 -75.28 -33.49
 703.00 -69.64 -34.85
 704.00 -63.69 -39.29
 705.00 -68.96 -38.76
 706.00 -51.49 -49.40
 707.00 -57.39 -32.51
 708.00 -70.02 -46.05
 709.00 -66.05 -39.03
 710.00 -64.20 -45.01
 711.00 -63.48 -44.03
 712.00 -68.27 -27.24
 713.00 -73.04 -39.03
 714.00 -74.22 -27.25
 715.00 -61.45 -38.84
 716.00 -65.70 -33.27
 717.00 -67.55 -44.99
 718.00 -64.70 -40.60
 719.00 -61.17 -34.69
 720.00 -123.97 -17.04
 721.00 -51.65  -9.17
 722.00 -60.03 131.14
 723.00  62.95 142.93
 724.00 -61.81  -1.94
 725.00 -75.59 -31.70
 726.00 -59.71   0.57
 727.00 -90.89 -31.50
 728.00 -65.75 151.02
 729.00 -62.78 149.77
 730.00 -78.63 -19.01
 731.00 -67.42 -33.15
 732.00 -51.60 -46.48
 733.00 -73.23 -47.23
 734.00 -66.17 -34.19
 735.00 -66.22 -49.64
 736.00 -65.72 -29.52
 737.00 -47.39 -61.49
 738.00 -85.67 -34.56
 739.00 -63.46 -49.21
 740.00 -53.45 -14.73
 741.00 -68.91 -55.96
 742.00 -64.50 -42.28
 743.00 -68.36 -39.57
 744.00 -59.99 -48.18
 745.00 -53.59 -45.80
 746.00 -67.55 -51.60
 747.00 -76.50 -33.51
 748.00 -70.14 -33.81
 749.00 -66.96 -40.10
 750.00 -61.64 -34.69
 751.00 -65.13 -43.31
 752.00 -71.50 -28.97
 753.00 -65.02 -33.28
 754.00 -54.74 -62.75
 755.00 -93.06 -47.29
 756.00 -141.77 -26.11
 757.00  52.69  26.56
 758.00  58.27  35.75
 759.00 -87.00   2.50
 760.00 -81.23 -51.16
 761.00 -113.49 173.16
 762.00 -80.06 100.43
 763.00 -60.16  65.96
 764.00 -150.44 -52.12
 765.00 -71.70 164.33
 766.00 -83.56 -32.64
 767.00 -123.38 -32.25
 768.00 -88.52  86.67
 769.00 -110.36 146.46
 770.00 -61.09  90.11
 771.00 -66.51 168.85
 772.00 -70.08 -21.93
 773.00 -64.08 -37.73
 774.00 -62.71 -35.96
 775.00 -89.48 -34.01
 776.00 -66.10 -36.49
 777.00 -72.24 -44.08
 778.00  52.43   6.81
 779.00 -133.10  36.63
 780.00 -76.41  41.48
 781.00 -54.79 -46.15
 782.00 -54.29 -49.15
 783.00 -63.40 -51.00
 784.00 -74.93 -29.69
 785.00 -66.22 -29.17
 786.00 -61.57 -45.04
 787.00 -57.32 -43.51
 788.00 -54.45 -46.92
 789.00 -61.15 -43.85
 790.00 -74.02 -43.46
 791.00 -58.31 -29.33
 792.00 -64.93 -44.36
 793.00 -66.07 -34.71
 794.00 -89.92 -33.39
 795.00 -62.59 -35.22
 796.00 -72.89 -43.13
 797.00  49.63 -31.12
 798.00 -60.06  60.80
 799.00 -93.79 144.40
 800.00 -59.21 157.47
 801.00 -73.17 -32.48
 802.00 -60.79 -41.60
 803.00 -46.64 -51.09
 804.00 -45.58 -67.41
 805.00 -77.39 -41.25
 806.00 -73.34 -38.59
 807.00 -61.32 -39.97
 808.00 -78.75 -30.00
 809.00 -66.76 -38.82
 810.00 -59.48 -27.67
 811.00 -62.10 -45.08
 812.00 -106.68 -18.12
 813.00 -140.28  43.61
 814.00 -156.26  10.38
 815.00 -149.08 134.60
 816.00 -67.87 178.31
 817.00 -66.25 160.86
 818.00 -106.72 -30.12
 819.00  82.18  13.58
 820.00 -45.06 135.74
 821.00 -71.09 153.96
 822.00 -139.68   1.15
 823.00 -52.61  29.15
 824.00 -46.57 -47.14
 825.00 -65.13 -45.05
 826.00 -58.69 -39.12
 827.00 -76.20 -41.47
 828.00 -61.44 -37.01
 829.00 -89.18 -25.20
 830.00 -53.32 -33.66
 831.00 -46.60 -53.78
 832.00 -64.26 -42.60
 833.00 -61.40 -50.61
 834.00 -73.25 -32.14
 835.00 -70.28 -43.77
 836.00 -61.33 -43.06
 837.00 -61.67 -40.67
 838.00 -51.74 -50.54
 839.00 -81.08 -26.57
 840.00 -114.06 -33.18
 841.00 -43.21  -7.22
 842.00 -75.90 141.99
 843.00 -162.46  89.01
 844.00 -78.66 152.39
 845.00 -78.11 137.75
 846.00 -92.14 -35.22
 847.00 -55.95 -10.98
 848.00 -59.01 132.41
 849.00 -146.12 -32.98
 850.00 -75.12   3.39
 851.00 -54.75 -43.89
 852.00 -63.89 -40.78
 853.00 -75.07 -38.52
 854.00 -58.86 -40.00
 855.00 -64.78 -43.95
 856.00 -68.38 -34.56
 857.00 -55.11 -47.63
 858.00 -68.21 -44.64
 859.00 -85.26 -27.08
 860.00 -67.48 -26.62
 861.00 -51.54 -37.26
 862.00 -70.36 -54.84
 863.00 -72.43 -30.11
 864.00 -91.98 -14.24
 865.00 -60.97 -26.96
 866.00 -69.56 -42.18
 867.00 -63.31 -31.85
 868.00 -78.12 -31.01
 869.00 -69.82 -26.71
 870.00 -65.29 -41.10
 871.00 -58.34 -38.67
 872.00 -73.68 -40.81
 873.00 -57.72 -35.96
 874.00 -65.49 -49.70
 875.00 -64.74 -40.54
 876.00 -84.95 -47.62
 877.00 -56.02 -26.56
 878.00 -63.55 -49.44
 879.00 -51.17 -51.06
 880.00 -65.24 -37.49
 881.00 -69.32 -38.30
 882.00 -92.45 -34.16
 883.00 -38.36  -0.85
 884.00 -71.06 -50.70
 885.00 -64.28 -37.90
 886.00 -84.04 -33.72
 887.00  39.81  -2.87
 888.00 -83.19  29.44
 889.00 -82.52 120.64
 890.00 -105.13 131.84
 891.00 -62.64 136.86
 892.00 -48.73 135.96
 893.00 -67.52 -40.10
 894.00 -82.34 -26.70
 895.00 -55.07 -44.00
 896.00 -61.45 -53.17
 897.00 -48.80 -47.13
 898.00 -71.15 -58.59
 899.00 -71.82 -29.67
 900.00 -111.16 -30.23
 901.00 -74.58 -48.89
 902.00 -63.98 -41.08
 903.00 -49.57 -40.28
 904.00 -73.38 -33.27
 905.00 -71.63 -38.45
 906.00 -62.32 -46.45
 907.00 -122.31 -12.12
 908.00  88.67 -12.49
 909.00 -66.47   6.02
 910.00 -129.56 -21.10
 911.00 -149.16 137.41
 912.00 -59.37 132.62
 913.00 -94.28 160.95
 914.00 -77.43  98.95
 915.00 -76.33 126.26
 916.00 -132.97 -26.31
 917.00 -59.42 146.53


