 residuo Phi Psi
 669.00 -65.71 137.12
 670.00 -64.34 149.06
 671.00 -144.65 142.64
 672.00 -55.50 -17.17
 673.00 -63.91 -37.86
 674.00 -59.99 -45.64
 675.00 -78.64 -24.94
 676.00 -58.62 -40.14
 677.00 -72.09 -33.66
 678.00 -62.43 -40.24
 679.00 -79.19 -46.06
 680.00 -74.05 -10.70
 681.00 -75.41 109.01
 682.00 -52.92 153.12
 683.00 -54.93 168.80
 684.00 -119.57 141.62
 685.00 -70.26 109.51
 686.00 -62.50 138.33
 687.00 102.84 -33.31
 688.00 -74.84  13.12
 689.00 -82.20 137.61
 690.00 -58.37  77.95
 691.00 -63.95 -32.96
 692.00 -63.05 -11.40
 693.00 -60.96 145.78
 694.00 -65.28 137.88
 695.00 -141.66 138.68
 696.00 -51.52 132.07
 697.00 -61.75 -63.41
 698.00 -71.16 -33.19
 699.00 -74.08 -27.65
 700.00 -63.70 -42.24
 701.00 -60.81 -46.21
 702.00 -63.78 -38.00
 703.00 -59.77 -42.41
 704.00 -65.79 -39.56
 705.00 -67.02 -42.07
 706.00 -57.22 -39.25
 707.00 -54.64 -31.97
 708.00 -79.76 -46.68
 709.00 -51.54 -41.86
 710.00 -63.01 -49.51
 711.00 -47.92 -52.05
 712.00 -60.98 -43.37
 713.00 -85.45 -33.33
 714.00 -77.95 -21.45
 715.00 -62.94 -35.18
 716.00 -66.31 -42.36
 717.00 -62.45 -40.86
 718.00 -58.98 -45.67
 719.00 -63.33 -51.57
 720.00 -102.61  -7.36
 721.00 -55.26 -10.94
 722.00 -59.68 137.53
 723.00  84.49 112.94
 724.00 -62.16   2.35
 725.00 -67.50 -15.81
 726.00 -65.67 -21.49
 727.00 -67.60 -27.54
 728.00 -57.88 136.63
 729.00 -53.71 143.05
 730.00 -58.01 -38.32
 731.00 -73.92 -37.30
 732.00 -44.45 -44.58
 733.00 -57.42 -50.12
 734.00 -74.84 -44.74
 735.00 -69.72 -41.02
 736.00 -51.04 -36.39
 737.00 -79.78 -50.09
 738.00 -114.73  -4.31
 739.00 -92.06 -15.45
 740.00 -51.32  -7.80
 741.00 -75.95 -44.20
 742.00 -49.82 -46.39
 743.00 -54.69 -55.68
 744.00 -75.19 -49.65
 745.00 -82.25 -30.01
 746.00 -60.16 -35.55
 747.00 -71.06 -47.69
 748.00 -63.35 -35.27
 749.00 -60.36 -38.56
 750.00 -65.59 -48.41
 751.00 -70.15 -37.35
 752.00 -56.44 -36.60
 753.00 -66.66 -47.82
 754.00 -60.88 -49.93
 755.00 -62.60 -66.06
 756.00 -129.52 -53.75
 757.00  51.59  27.31
 758.00  58.22  42.17
 759.00 -65.67   6.63
 760.00 -106.64 -49.92
 761.00 -78.67 154.96
 762.00 -80.82 103.79
 763.00 -52.16  61.88
 764.00 -163.98 -48.16
 765.00 -69.98 157.55
 766.00 -84.52 -13.74
 767.00 -73.98 -59.91
 768.00 -70.99  45.49
 769.00 -99.64 123.08
 770.00 -61.19  86.52
 771.00 -52.67 169.50
 772.00 -74.12 -38.46
 773.00 -57.13 -38.14
 774.00 -56.36 -47.20
 775.00 -69.00 -41.96
 776.00 -51.66 -53.05
 777.00 -74.03 -43.65
 778.00  58.46  -6.04
 779.00 -78.20 -17.51
 780.00 -69.91  44.14
 781.00 -58.67 -41.44
 782.00 -62.31 -40.53
 783.00 -63.36 -40.22
 784.00 -84.79 -30.48
 785.00 -51.05 -47.25
 786.00 -62.13 -43.57
 787.00 -58.24 -42.57
 788.00 -63.31 -41.41
 789.00 -66.47 -33.72
 790.00 -62.45 -36.53
 791.00 -66.80 -41.59
 792.00 -60.21 -34.16
 793.00 -67.73 -26.04
 794.00 -60.16 -41.20
 795.00 -70.43 -54.58
 796.00 -88.70 -28.41
 797.00  35.56   3.46
 798.00 -91.66  77.69
 799.00 -76.77 121.96
 800.00 -43.10 155.77
 801.00 -73.19 -38.04
 802.00 -60.86 -41.13
 803.00 -56.29 -43.22
 804.00 -66.69 -53.36
 805.00 -79.57 -24.42
 806.00 -57.33 -45.28
 807.00 -61.58 -36.22
 808.00 -62.17 -47.04
 809.00 -59.12 -40.56
 810.00 -69.01 -29.02
 811.00 -62.36 -22.33
 812.00 -123.39 -19.18
 813.00 -101.72  13.49
 814.00 -142.98   8.33
 815.00 -163.16 146.08
 816.00 -66.78 161.07
 817.00 -70.99 171.62
 818.00 -85.70 -44.49
 819.00  63.55  15.58
 820.00 -73.13 -178.21
 821.00 -63.92 147.87
 822.00 -134.53 -16.79
 823.00 -61.64  44.74
 824.00 -51.94 -22.40
 825.00 -75.16 -35.95
 826.00 -63.98 -36.16
 827.00 -52.05 -40.89
 828.00 -62.29 -56.86
 829.00 -64.68 -36.89
 830.00 -50.99 -50.81
 831.00 -63.08 -47.00
 832.00 -60.88 -37.97
 833.00 -68.32 -39.91
 834.00 -68.06 -24.42
 835.00 -56.07 -54.31
 836.00 -84.39 -28.86
 837.00 -57.25 -40.33
 838.00 -66.68 -42.68
 839.00 -66.21 -24.69
 840.00 -126.03 -28.06
 841.00 -51.22  -0.27
 842.00 -70.42 137.78
 843.00 -85.93  33.71
 844.00 -95.83 162.40
 845.00 -113.16 149.23
 846.00 -51.00   4.41
 847.00 -134.14 -36.12
 848.00 -57.57 103.66
 849.00 -62.85 -20.52
 850.00 -52.64 -26.68
 851.00 -80.35 -23.57
 852.00 -73.43 -30.73
 853.00 -57.54 -49.30
 854.00 -59.26 -43.01
 855.00 -55.17 -50.90
 856.00 -66.96 -40.78
 857.00 -63.01 -44.91
 858.00 -65.59 -31.97
 859.00 -62.66 -42.75
 860.00 -69.35 -37.07
 861.00 -82.55 -16.82
 862.00 -73.34 -46.24
 863.00 -59.62 -34.89
 864.00 -97.70 -17.22
 865.00 -81.54  -0.57
 866.00 -60.97 -17.46
 867.00 -69.80 -47.21
 868.00 -72.87 -31.51
 869.00 -64.86 -43.21
 870.00 -75.99 -39.53
 871.00 -51.18 -34.48
 872.00 -83.55 -44.68
 873.00 -64.65 -30.87
 874.00 -56.35 -38.00
 875.00 -52.02 -53.79
 876.00 -80.51 -40.78
 877.00 -73.48 -33.44
 878.00 -72.96 -19.55
 879.00 -52.40 -59.54
 880.00 -62.78 -47.02
 881.00 -58.68 -52.48
 882.00 -110.92 -15.40
 883.00 -67.45  14.83
 884.00 -78.64 -27.77
 885.00 -69.65 -25.57
 886.00 -82.09 -45.52
 887.00  51.52   0.23
 888.00 -99.71  37.96
 889.00 -107.34 145.41
 890.00 -144.63 148.73
 891.00 -61.57 143.26
 892.00 -63.69 148.41
 893.00 -69.67 -32.83
 894.00 -62.61 -42.44
 895.00 -63.26 -48.75
 896.00 -75.57 -22.11
 897.00 -50.65 -51.31
 898.00 -78.69 -37.15
 899.00 -92.39 -35.98
 900.00 -116.01 -11.52
 901.00 -90.06 -52.97
 902.00 -58.67 -41.96
 903.00 -63.19 -42.17
 904.00 -72.52 -15.58
 905.00 -55.12 -52.59
 906.00 -75.33 -47.71
 907.00 -78.81 -26.10
 908.00  84.18 -14.53
 909.00 -68.06  22.25
 910.00 -137.81  -9.62
 911.00 -144.57 155.41
 912.00 -53.35 125.59
 913.00 -88.29 153.88
 914.00 -77.49  99.83
 915.00 -83.69 135.75
 916.00 -126.14 -42.41
 917.00 -69.84 158.53


