 residuo Phi Psi
 669.00 -58.27 135.93
 670.00 -64.42 148.53
 671.00 -56.49 159.73
 672.00 -61.40 -37.09
 673.00 -60.26 -57.68
 674.00 -65.76 -33.38
 675.00 -96.05 -14.36
 676.00 -65.33 -51.08
 677.00 -59.38 -29.91
 678.00 -93.62 -35.67
 679.00 -106.14 -22.26
 680.00 -67.31   2.40
 681.00 -64.20 126.43
 682.00 -93.26 171.27
 683.00 -78.60 163.27
 684.00 -114.91 129.20
 685.00 -80.76 140.24
 686.00 -84.88 147.46
 687.00  61.48  -6.07
 688.00 -57.29  10.74
 689.00 -89.37 138.01
 690.00 -97.46 112.99
 691.00 -72.22   9.48
 692.00 -103.15 -19.65
 693.00 -56.42 150.22
 694.00 -63.46 145.60
 695.00 -149.01 136.57
 696.00 -64.70 162.03
 697.00 -64.32 -63.14
 698.00 -64.58 -34.79
 699.00 -55.00 -47.22
 700.00 -77.24 -43.22
 701.00 -62.07 -40.83
 702.00 -82.51 -31.55
 703.00 -70.33 -27.02
 704.00 -69.40 -42.92
 705.00 -62.14 -31.43
 706.00 -65.36 -49.47
 707.00 -63.35 -31.81
 708.00 -71.29 -45.14
 709.00 -61.42 -37.40
 710.00 -68.69 -45.09
 711.00 -56.60 -41.25
 712.00 -59.96 -46.17
 713.00 -73.82 -37.16
 714.00 -80.97 -18.12
 715.00 -69.74 -32.60
 716.00 -69.52 -39.23
 717.00 -60.02 -35.46
 718.00 -63.96 -52.60
 719.00 -45.21 -44.49
 720.00 -119.68 -25.08
 721.00 -79.62   5.23
 722.00 -63.85 140.24
 723.00  75.62 146.90
 724.00 -49.31 -32.09
 725.00 -75.06 -18.11
 726.00 -78.08 -13.32
 727.00 -69.71 -20.15
 728.00 -77.22 146.52
 729.00 -61.48 159.71
 730.00 -64.34 -27.37
 731.00 -80.42 -39.33
 732.00 -63.45 -27.38
 733.00 -58.89 -46.26
 734.00 -65.44 -43.62
 735.00 -68.31 -57.25
 736.00 -55.67 -24.55
 737.00 -74.49 -60.10
 738.00 -83.52  -9.89
 739.00 -122.26 -25.84
 740.00 -56.39  -3.27
 741.00 -68.47 -43.51
 742.00 -67.66 -41.11
 743.00 -68.79 -39.73
 744.00 -59.00 -54.64
 745.00 -70.31 -41.92
 746.00 -71.46 -38.26
 747.00 -57.63 -40.75
 748.00 -64.29 -49.37
 749.00 -66.55 -37.67
 750.00 -52.16 -46.17
 751.00 -67.74 -51.65
 752.00 -65.73 -27.31
 753.00 -60.19 -44.97
 754.00 -60.71 -55.44
 755.00 -103.57 -38.76
 756.00 -134.27 -34.10
 757.00  48.81  34.95
 758.00  63.79  25.42
 759.00 -82.65  17.52
 760.00 -134.76 -32.20
 761.00 -93.04 154.62
 762.00 -85.18 114.83
 763.00 -64.45  65.85
 764.00 -141.02 -64.57
 765.00 -57.45 157.04
 766.00 -108.37 -19.17
 767.00 -137.13   1.72
 768.00 -91.80  69.40
 769.00 -85.35 125.96
 770.00 -66.97  80.55
 771.00 -62.27 163.14
 772.00 -63.83 -34.88
 773.00 -60.82 -41.02
 774.00 -51.77 -45.74
 775.00 -73.78 -35.09
 776.00 -58.55 -58.75
 777.00 -84.44 -21.04
 778.00  67.28  -8.53
 779.00 -75.84 -17.73
 780.00 -56.40  48.59
 781.00 -68.88 -46.66
 782.00 -63.80 -36.00
 783.00 -64.76 -38.50
 784.00 -62.21 -49.22
 785.00 -63.81 -33.86
 786.00 -59.85 -47.56
 787.00 -65.56 -44.25
 788.00 -70.73 -35.18
 789.00 -66.32 -37.45
 790.00 -64.26 -29.56
 791.00 -69.43 -48.06
 792.00 -71.91 -19.73
 793.00 -57.12 -35.69
 794.00 -66.72 -45.87
 795.00 -68.96 -39.49
 796.00 -77.06 -43.82
 797.00  49.64  -0.63
 798.00 -62.61  46.30
 799.00 -80.01 124.05
 800.00 -49.82 151.43
 801.00 -65.57 -33.48
 802.00 -61.12 -45.36
 803.00 -54.16 -46.77
 804.00 -63.26 -48.68
 805.00 -69.07 -38.18
 806.00 -58.01 -41.90
 807.00 -52.53 -47.87
 808.00 -70.76 -41.11
 809.00 -69.06 -40.50
 810.00 -61.80 -22.31
 811.00 -53.06 -49.89
 812.00 -109.66 -24.80
 813.00 -128.37  31.70
 814.00 -144.10  11.14
 815.00 -153.28 127.07
 816.00 -55.26 179.30
 817.00 -74.81 148.40
 818.00 -62.36 -20.83
 819.00  78.08 -26.04
 820.00 -75.13 157.35
 821.00 -40.60 151.44
 822.00 -91.33 -47.89
 823.00 -68.61  40.27
 824.00 -74.63 -33.75
 825.00 -81.60 -23.39
 826.00 -69.15 -33.29
 827.00 -67.66 -46.41
 828.00 -75.01 -18.48
 829.00 -73.30 -38.18
 830.00 -58.95 -37.33
 831.00 -55.55 -57.53
 832.00 -52.28 -51.38
 833.00 -77.09 -33.85
 834.00 -51.34 -35.87
 835.00 -57.36 -54.14
 836.00 -61.59 -48.96
 837.00 -50.49 -38.67
 838.00 -65.27 -46.18
 839.00 -75.12 -27.78
 840.00 -136.41   3.54
 841.00 -63.32   4.81
 842.00 -80.28 129.22
 843.00 -80.06  27.11
 844.00 -81.61 171.05
 845.00 -57.93 102.10
 846.00 -61.92 -24.06
 847.00 -127.39 -12.05
 848.00 -59.85  95.53
 849.00 -68.33 -28.46
 850.00 -64.59 -42.14
 851.00 -79.54 -32.80
 852.00 -76.30 -34.43
 853.00 -64.24 -35.69
 854.00 -64.47 -35.48
 855.00 -63.58 -44.53
 856.00 -48.83 -33.64
 857.00 -76.07 -40.53
 858.00 -75.94 -30.13
 859.00 -69.52 -38.23
 860.00 -61.52 -31.27
 861.00 -77.54 -45.90
 862.00 -68.59 -27.94
 863.00 -71.06 -39.39
 864.00 -62.99 -28.61
 865.00 -88.54 -29.61
 866.00 -68.17 -21.10
 867.00 -66.68 -40.94
 868.00 -81.58 -20.81
 869.00 -66.49 -44.44
 870.00 -75.42 -29.34
 871.00 -79.72 -30.38
 872.00 -76.34 -33.98
 873.00 -69.99 -25.49
 874.00 -66.97 -44.83
 875.00 -62.42 -33.36
 876.00 -62.68 -46.19
 877.00 -64.41 -40.29
 878.00 -64.96 -45.83
 879.00 -72.26 -32.52
 880.00 -61.60 -32.50
 881.00 -64.95 -48.96
 882.00 -96.09 -34.39
 883.00 -56.12  11.11
 884.00 -64.78 -32.83
 885.00 -71.98 -45.65
 886.00 -84.88 -31.13
 887.00  51.81  -8.82
 888.00 -98.49  39.81
 889.00 -69.71 127.37
 890.00 -140.63 147.90
 891.00 -61.21 103.57
 892.00 -64.59 143.78
 893.00 -57.77 -44.68
 894.00 -83.06 -35.68
 895.00 -53.07 -54.07
 896.00 -70.13 -28.49
 897.00 -62.15 -37.30
 898.00 -59.07 -46.16
 899.00 -65.59 -42.93
 900.00 -135.99 -26.38
 901.00 -92.95 -38.25
 902.00 -69.69 -34.78
 903.00 -57.47 -32.66
 904.00 -58.09 -41.78
 905.00 -79.87 -31.58
 906.00 -65.52 -41.19
 907.00 -93.13 -34.78
 908.00  70.99  -3.55
 909.00 -90.41  38.84
 910.00 -113.67 -21.07
 911.00 -149.39 121.99
 912.00 -76.33 156.19
 913.00 -96.20 168.43
 914.00 -86.83  99.55
 915.00 -98.81 158.56
 916.00 -91.55 -49.00
 917.00 -54.48 -26.80


