 residuo Phi Psi
 669.00 -136.97 174.06
 670.00 -54.98 146.09
 671.00 -132.50 138.89
 672.00 -56.63  -9.23
 673.00 -51.84 -44.99
 674.00 -70.19 -42.07
 675.00 -74.96 -25.02
 676.00 -49.17 -51.11
 677.00 -79.35 -40.63
 678.00 -64.01 -26.06
 679.00 -74.73 -44.66
 680.00 -77.56 -11.86
 681.00 -80.76 121.40
 682.00 -78.89 167.18
 683.00 -66.38 178.39
 684.00 -96.82 133.91
 685.00 -90.87 133.22
 686.00 -78.48 146.42
 687.00  88.10 -32.65
 688.00 -70.51  16.31
 689.00 -94.72 121.97
 690.00 -70.45  90.11
 691.00 -60.47  -1.29
 692.00 -93.34 -28.93
 693.00 -63.61 146.34
 694.00 -78.73 152.74
 695.00 -146.73 126.70
 696.00 -62.33 162.17
 697.00 -71.34 -53.99
 698.00 -68.15 -30.70
 699.00 -68.71 -43.13
 700.00 -58.90 -53.88
 701.00 -59.88 -39.40
 702.00 -64.26 -41.23
 703.00 -62.71 -33.32
 704.00 -64.82 -45.82
 705.00 -60.97 -40.24
 706.00 -59.38 -42.96
 707.00 -51.94 -48.18
 708.00 -66.74 -39.09
 709.00 -64.81 -46.31
 710.00 -65.16 -34.91
 711.00 -64.22 -47.64
 712.00 -50.74 -45.85
 713.00 -87.61 -43.69
 714.00 -75.59 -25.06
 715.00 -73.15 -27.08
 716.00 -61.95 -31.32
 717.00 -70.63 -43.67
 718.00 -66.84 -33.00
 719.00 -66.31 -44.45
 720.00 -114.68 -18.71
 721.00 -71.85  11.31
 722.00 -60.36 128.13
 723.00  65.66 148.50
 724.00 -61.11 -11.73
 725.00 -90.77 -24.78
 726.00 -70.13   7.76
 727.00 -77.15 -23.78
 728.00 -60.73 137.14
 729.00 -54.98 156.33
 730.00 -73.80 -25.62
 731.00 -65.21 -53.52
 732.00 -67.91 -26.78
 733.00 -54.72 -45.05
 734.00 -67.19 -44.37
 735.00 -56.98 -50.30
 736.00 -63.89 -31.80
 737.00 -56.09 -57.14
 738.00 -83.00 -27.44
 739.00 -105.44 -34.94
 740.00 -57.78 -11.15
 741.00 -65.32 -33.62
 742.00 -73.65 -54.35
 743.00 -68.59 -21.70
 744.00 -62.46 -68.07
 745.00 -73.16 -24.19
 746.00 -77.51 -27.40
 747.00 -49.39 -44.77
 748.00 -56.10 -51.63
 749.00 -72.80 -39.57
 750.00 -67.01 -28.59
 751.00 -48.63 -49.33
 752.00 -77.73 -38.45
 753.00 -48.51 -51.04
 754.00 -91.54 -40.19
 755.00 -81.93 -41.46
 756.00 -134.31 -45.86
 757.00  50.69  35.22
 758.00  61.46  27.07
 759.00 -68.16  -3.02
 760.00 -140.59 -13.99
 761.00 -98.90 166.60
 762.00 -93.61 110.57
 763.00 -67.33  76.35
 764.00 -134.77 -64.44
 765.00 -66.96 164.63
 766.00 -111.20 -13.47
 767.00 -131.94  -6.12
 768.00 -102.07  82.58
 769.00 -87.45 134.67
 770.00 -70.03  90.90
 771.00 -73.32 171.38
 772.00 -58.25 -28.60
 773.00 -66.22 -42.95
 774.00 -59.44 -40.48
 775.00 -64.30 -50.85
 776.00 -64.90 -40.85
 777.00 -74.16 -42.54
 778.00  62.03   2.27
 779.00 -74.82 -23.09
 780.00 -57.02  44.92
 781.00 -65.50 -60.06
 782.00 -69.58 -25.17
 783.00 -61.30 -44.45
 784.00 -69.88 -43.14
 785.00 -62.65 -32.69
 786.00 -54.48 -41.83
 787.00 -63.84 -44.51
 788.00 -82.54 -36.92
 789.00 -67.71 -27.24
 790.00 -60.48 -37.85
 791.00 -51.61 -41.73
 792.00 -62.27 -33.53
 793.00 -64.54 -25.98
 794.00 -80.17 -36.66
 795.00 -65.10 -25.00
 796.00 -77.41 -40.02
 797.00  50.68 -21.04
 798.00 -66.22  45.44
 799.00 -91.86 134.91
 800.00 -63.03 148.12
 801.00 -61.24 -22.73
 802.00 -58.79 -49.61
 803.00 -64.60 -31.74
 804.00 -62.60 -58.29
 805.00 -75.97 -31.88
 806.00 -68.10 -30.62
 807.00 -56.91 -42.75
 808.00 -65.71 -33.23
 809.00 -61.57 -52.07
 810.00 -60.83 -29.37
 811.00 -72.11 -28.43
 812.00 -119.60 -18.01
 813.00 -119.84  49.34
 814.00 -143.44  -6.05
 815.00 -132.93 132.13
 816.00 -63.27 142.16
 817.00 -52.89 131.90
 818.00 -70.02 -38.35
 819.00  82.50 -15.30
 820.00 -74.65 153.73
 821.00 -74.40 162.18
 822.00 -89.87 -32.12
 823.00 -59.11  31.76
 824.00 -58.54 -33.63
 825.00 -69.91 -40.94
 826.00 -64.34 -35.00
 827.00 -68.91 -45.58
 828.00 -56.19 -39.37
 829.00 -59.38 -51.16
 830.00 -65.52 -39.80
 831.00 -57.32 -55.68
 832.00 -69.39 -30.65
 833.00 -68.35 -46.61
 834.00 -67.18 -21.11
 835.00 -60.93 -50.34
 836.00 -73.88 -32.25
 837.00 -71.22 -34.85
 838.00 -49.41 -41.18
 839.00 -67.62 -35.98
 840.00 -132.44 -22.60
 841.00 -50.08  -1.26
 842.00 -73.60 144.02
 843.00 -169.09  98.73
 844.00 -79.80 156.62
 845.00 -52.15  96.56
 846.00 -75.32 -46.79
 847.00 -140.43  11.68
 848.00 -72.14  73.84
 849.00 -66.70   1.12
 850.00 -71.63 -16.24
 851.00 -78.30 -35.86
 852.00 -58.97 -37.70
 853.00 -60.72 -44.91
 854.00 -55.79 -44.89
 855.00 -61.55 -46.45
 856.00 -57.26 -44.31
 857.00 -60.97 -50.39
 858.00 -59.44 -45.77
 859.00 -80.77 -46.23
 860.00 -41.96 -25.60
 861.00 -80.58 -33.43
 862.00 -77.47 -35.11
 863.00 -62.39 -34.01
 864.00 -66.53 -41.82
 865.00 -74.19 -31.86
 866.00 -67.95 -17.07
 867.00 -58.18 -47.06
 868.00 -85.28 -27.60
 869.00 -57.62 -31.96
 870.00 -58.07 -47.69
 871.00 -61.03 -38.85
 872.00 -91.83 -37.96
 873.00 -63.78 -26.11
 874.00 -68.06 -36.64
 875.00 -58.35 -50.37
 876.00 -67.57 -48.48
 877.00 -43.54 -48.79
 878.00 -66.82 -51.86
 879.00 -76.28 -11.07
 880.00 -78.92 -40.82
 881.00 -60.44 -44.24
 882.00 -116.56 -19.69
 883.00 -48.28   6.95
 884.00 -70.34 -33.90
 885.00 -53.50 -52.57
 886.00 -102.10 -26.23
 887.00  67.12  -7.74
 888.00 -81.57  17.62
 889.00 -82.91 119.77
 890.00 -116.79 135.95
 891.00 -60.47 130.12
 892.00 -67.00 152.52
 893.00 -51.19 -43.65
 894.00 -70.23 -44.34
 895.00 -52.21 -44.60
 896.00 -64.68 -43.18
 897.00 -74.07 -35.49
 898.00 -74.59 -46.39
 899.00 -81.01 -30.42
 900.00 -97.64 -48.83
 901.00 -105.60 -23.45
 902.00 -72.87 -36.71
 903.00 -46.97 -45.50
 904.00 -72.01 -28.37
 905.00 -68.56 -29.08
 906.00 -87.03 -28.68
 907.00 -78.20 -38.71
 908.00  92.43   2.11
 909.00 -87.46  16.10
 910.00 -122.88 -26.65
 911.00 -139.31 143.07
 912.00 -59.37 120.92
 913.00 -99.56 148.82
 914.00 -93.10 115.91
 915.00 -88.68 142.75
 916.00 -143.91 -32.97
 917.00 -127.28 143.39


