 residuo Phi Psi
 669.00 -71.34  90.86
 670.00 -66.46 156.21
 671.00 -137.35 146.91
 672.00 -57.67   3.99
 673.00 -86.16 -21.63
 674.00 -74.36 -19.21
 675.00 -58.85 -42.48
 676.00 -66.15 -53.25
 677.00 -71.06 -24.21
 678.00 -63.98 -47.09
 679.00 -84.92 -27.77
 680.00 -68.13 -10.57
 681.00 -60.21 120.92
 682.00 -81.18 167.65
 683.00 -76.16 166.35
 684.00 -117.23 148.01
 685.00 -74.31 117.86
 686.00 -74.84 141.88
 687.00  87.51 -22.82
 688.00 -79.22  18.32
 689.00 -138.61 167.01
 690.00 -62.76 104.61
 691.00 -75.67  -2.70
 692.00 -88.39 -26.62
 693.00 -59.95 144.93
 694.00 -68.16 138.78
 695.00 -153.80 143.86
 696.00 -41.28 134.51
 697.00 -79.53 -66.52
 698.00 -82.26 -16.96
 699.00 -68.76 -41.60
 700.00 -61.69 -37.59
 701.00 -62.68 -49.86
 702.00 -58.86 -39.58
 703.00 -59.51 -35.10
 704.00 -57.26 -50.93
 705.00 -72.57 -36.65
 706.00 -59.20 -47.21
 707.00 -54.17 -34.76
 708.00 -63.65 -49.98
 709.00 -75.76 -38.52
 710.00 -63.61 -36.01
 711.00 -60.22 -41.41
 712.00 -64.01 -39.04
 713.00 -73.86 -44.49
 714.00 -50.66 -34.78
 715.00 -59.28 -42.09
 716.00 -70.78 -39.04
 717.00 -56.81 -45.34
 718.00 -67.53 -42.74
 719.00 -58.21 -38.71
 720.00 -77.45 -40.53
 721.00 -74.56 -26.36
 722.00 -70.48 139.20
 723.00  66.53 152.15
 724.00 -64.28 -16.55
 725.00 -67.00 -24.36
 726.00 -54.10 -16.95
 727.00 -78.71 -39.36
 728.00 -66.87 165.51
 729.00 -54.36 143.98
 730.00 -64.90 -30.09
 731.00 -58.71 -47.22
 732.00 -58.13 -47.53
 733.00 -72.58 -43.98
 734.00 -62.32 -32.66
 735.00 -69.00 -50.68
 736.00 -65.98 -30.21
 737.00 -70.23 -41.91
 738.00 -91.93 -13.57
 739.00 -98.55 -28.93
 740.00 -36.61 -23.02
 741.00 -66.97 -52.28
 742.00 -64.92 -41.00
 743.00 -66.15 -37.59
 744.00 -61.83 -56.62
 745.00 -77.66 -30.35
 746.00 -54.39 -41.78
 747.00 -59.98 -50.76
 748.00 -48.98 -56.40
 749.00 -57.44 -45.67
 750.00 -72.21 -40.58
 751.00 -57.61 -31.78
 752.00 -77.10 -33.60
 753.00 -51.51 -43.45
 754.00 -82.18 -63.98
 755.00 -78.35 -34.69
 756.00 -142.79 -43.62
 757.00  52.20  33.77
 758.00  47.94  29.77
 759.00 -74.25   3.57
 760.00 -114.61 -24.74
 761.00 -94.56 152.47
 762.00 -87.42 104.61
 763.00 -64.35  74.04
 764.00 -162.34 -35.54
 765.00 -55.19 160.48
 766.00 -77.32 -27.49
 767.00 -87.07 -55.88
 768.00 -69.60  49.15
 769.00 -84.22 126.51
 770.00 -86.29 120.75
 771.00 -70.35 177.53
 772.00 -70.17 -27.72
 773.00 -53.39 -52.18
 774.00 -59.05 -32.59
 775.00 -72.58 -43.11
 776.00 -73.97 -46.68
 777.00 -78.72 -28.22
 778.00  47.89  -8.65
 779.00 -114.93  36.67
 780.00 -54.54  27.97
 781.00 -61.31 -62.11
 782.00 -63.74 -38.07
 783.00 -63.01 -42.27
 784.00 -65.37 -41.35
 785.00 -55.48 -40.28
 786.00 -71.35 -39.50
 787.00 -65.76 -33.17
 788.00 -57.62 -45.33
 789.00 -74.24 -36.33
 790.00 -74.64 -36.86
 791.00 -68.63 -31.46
 792.00 -59.49 -26.23
 793.00 -53.05 -42.18
 794.00 -67.90 -47.36
 795.00 -69.04 -33.83
 796.00 -71.21 -32.60
 797.00  51.02 -37.04
 798.00 -65.58  63.41
 799.00 -57.83 118.01
 800.00 -70.26 167.55
 801.00 -54.17 -36.15
 802.00 -81.68 -38.18
 803.00 -52.57 -44.34
 804.00 -65.72 -43.72
 805.00 -80.31 -31.91
 806.00 -56.61 -41.25
 807.00 -80.41 -39.56
 808.00 -71.65 -22.57
 809.00 -65.70 -41.97
 810.00 -61.26 -32.47
 811.00 -68.88 -25.25
 812.00 -133.71 -14.14
 813.00 -137.51  58.37
 814.00 -154.80  -7.39
 815.00 -137.79 114.01
 816.00 -53.03 161.58
 817.00 -56.09 157.01
 818.00 -98.98 -29.11
 819.00  66.33   0.85
 820.00 -68.86 171.55
 821.00 -61.29 166.68
 822.00 -81.21 -48.57
 823.00 -61.99  36.55
 824.00 -58.47 -39.88
 825.00 -71.97 -42.93
 826.00 -63.85 -29.13
 827.00 -60.82 -39.57
 828.00 -71.08 -39.60
 829.00 -58.65 -49.25
 830.00 -55.46 -49.20
 831.00 -68.58 -44.31
 832.00 -53.51 -42.36
 833.00 -68.97 -50.57
 834.00 -62.27 -41.67
 835.00 -84.11 -34.51
 836.00 -67.73 -34.14
 837.00 -67.19 -34.39
 838.00 -54.75 -50.35
 839.00 -85.10 -15.89
 840.00 -125.81 -27.56
 841.00 -57.37   5.70
 842.00 -72.40 142.36
 843.00 -129.21  65.29
 844.00 -87.00 165.07
 845.00 -64.24 115.71
 846.00 -70.04 -26.56
 847.00 -136.09 -10.89
 848.00 -51.01  69.03
 849.00 -56.17 -15.95
 850.00 -59.17 -44.41
 851.00 -77.99 -26.42
 852.00 -55.36 -37.02
 853.00 -67.42 -45.58
 854.00 -71.44 -40.44
 855.00 -63.63 -36.99
 856.00 -52.73 -46.86
 857.00 -67.25 -50.59
 858.00 -82.86 -24.60
 859.00 -61.58 -40.28
 860.00 -54.49 -26.12
 861.00 -63.38 -58.01
 862.00 -55.68 -33.55
 863.00 -74.20 -53.82
 864.00 -87.91 -28.00
 865.00 -65.36 -17.26
 866.00 -64.51 -29.15
 867.00 -73.90 -43.77
 868.00 -75.51 -21.71
 869.00 -73.08 -30.35
 870.00 -58.86 -35.10
 871.00 -59.01 -44.04
 872.00 -73.65 -37.51
 873.00 -52.27 -45.82
 874.00 -69.35 -46.64
 875.00 -62.04 -40.54
 876.00 -83.05 -36.11
 877.00 -50.83 -37.38
 878.00 -62.52 -57.43
 879.00 -61.32 -30.85
 880.00 -56.72 -63.21
 881.00 -67.71 -38.01
 882.00 -125.25 -12.44
 883.00 -40.68   2.46
 884.00 -67.29 -46.85
 885.00 -77.21 -32.26
 886.00 -85.68 -32.92
 887.00  56.46   7.88
 888.00 -103.18  30.07
 889.00 -125.98 142.71
 890.00 -133.09 142.74
 891.00 -65.67 144.16
 892.00 -65.92 137.05
 893.00 -64.35 -27.04
 894.00 -79.88 -45.68
 895.00 -57.23 -39.62
 896.00 -70.40 -36.27
 897.00 -48.87 -47.85
 898.00 -77.36 -49.21
 899.00 -90.13 -26.63
 900.00 -116.92 -16.20
 901.00 -115.42 -35.66
 902.00 -55.89 -33.79
 903.00 -54.21 -50.48
 904.00 -74.70 -28.24
 905.00 -82.21 -16.59
 906.00 -58.76 -45.52
 907.00 -83.35 -34.61
 908.00  78.77 -16.44
 909.00 -84.34  32.32
 910.00 -88.88 -39.00
 911.00 -151.34 142.40
 912.00 -54.81 163.01
 913.00 -113.73 170.17
 914.00 -70.16  85.65
 915.00 -94.96 146.08
 916.00 -75.68 -49.21
 917.00 -116.73 167.74


