 residuo Phi Psi
 669.00 -77.39 113.26
 670.00 -71.73 136.06
 671.00 -63.76  49.99
 672.00 -67.19 -35.50
 673.00 -61.67 -44.66
 674.00 -54.58 -34.92
 675.00 -50.35 -45.19
 676.00 -59.30 -54.15
 677.00 -55.60 -42.78
 678.00 -82.00 -34.94
 679.00 -91.85 -31.44
 680.00 -52.35 -22.76
 681.00 -71.34 117.35
 682.00 -86.47 153.88
 683.00 -83.13 -139.66
 684.00 -138.64 145.78
 685.00 -108.58 137.70
 686.00 -72.63 135.84
 687.00  75.03 -15.38
 688.00 -60.55  17.45
 689.00 -93.43 134.54
 690.00 -67.58  89.99
 691.00 -80.57   4.28
 692.00 -82.97 -13.93
 693.00 -72.34 158.81
 694.00 -65.12 144.20
 695.00 -147.24 103.92
 696.00 -43.21 146.05
 697.00 -81.08 -69.97
 698.00 -61.89 -34.91
 699.00 -64.81 -35.24
 700.00 -72.66 -47.40
 701.00 -73.31 -20.58
 702.00 -59.94 -41.07
 703.00 -53.50 -44.70
 704.00 -66.82 -41.33
 705.00 -64.21 -45.29
 706.00 -52.50 -40.88
 707.00 -48.97 -47.01
 708.00 -65.53 -44.43
 709.00 -61.92 -51.31
 710.00 -84.33 -24.06
 711.00 -63.97 -40.39
 712.00 -51.87 -36.87
 713.00 -81.15 -43.44
 714.00 -80.29 -30.29
 715.00 -61.22 -30.64
 716.00 -54.40 -58.16
 717.00 -71.70 -47.94
 718.00 -53.92 -37.59
 719.00 -61.46 -47.03
 720.00 -89.60 -29.39
 721.00 -56.73  -8.71
 722.00 -65.14 136.94
 723.00  87.16 118.73
 724.00 -58.62  -0.89
 725.00 -57.16 -29.20
 726.00 -71.26 -22.08
 727.00 -73.69 -15.80
 728.00 -58.34 148.82
 729.00 -45.54 147.23
 730.00 -87.26 -42.95
 731.00 -73.02 -10.39
 732.00 -59.25 -31.17
 733.00 -75.82 -52.69
 734.00 -58.25 -30.49
 735.00 -66.69 -61.39
 736.00 -72.79 -20.47
 737.00 -75.43 -38.99
 738.00 -85.04 -31.43
 739.00 -81.36 -27.93
 740.00 -40.94 -25.25
 741.00 -60.93 -50.38
 742.00 -49.38 -49.67
 743.00 -47.44 -63.47
 744.00 -68.85 -51.12
 745.00 -66.36 -46.08
 746.00 -71.31 -33.48
 747.00 -61.32 -46.76
 748.00 -66.32 -36.67
 749.00 -67.70 -35.03
 750.00 -65.68 -38.80
 751.00 -57.21 -49.38
 752.00 -48.49 -48.43
 753.00 -54.26 -56.17
 754.00 -75.70 -46.14
 755.00 -77.86 -48.11
 756.00 -131.77 -47.82
 757.00  47.66  10.75
 758.00  72.71  32.50
 759.00 -60.09 -18.39
 760.00 -91.19 -45.48
 761.00 -114.52 156.39
 762.00 -111.53 132.67
 763.00 -49.36  57.57
 764.00 -173.83 -42.25
 765.00 -50.52 145.00
 766.00 -85.18 -40.02
 767.00 -129.71  -7.75
 768.00 -71.93  55.38
 769.00 -90.33 113.72
 770.00 -99.43 118.75
 771.00 -51.95 178.55
 772.00 -69.62 -39.88
 773.00 -53.62 -52.87
 774.00 -59.92 -34.08
 775.00 -62.22 -55.43
 776.00 -67.10 -42.02
 777.00 -73.78 -37.70
 778.00  61.15  11.49
 779.00 -74.56 -38.34
 780.00 -49.81  38.33
 781.00 -60.93 -43.79
 782.00 -65.24 -44.43
 783.00 -69.38 -37.24
 784.00 -66.43 -29.56
 785.00 -54.45 -53.56
 786.00 -57.13 -46.33
 787.00 -57.79 -40.37
 788.00 -65.06 -54.47
 789.00 -59.99 -34.02
 790.00 -89.14 -24.91
 791.00 -50.14 -50.05
 792.00 -41.81 -29.10
 793.00 -62.80 -39.66
 794.00 -71.05 -41.60
 795.00 -60.49 -50.40
 796.00 -86.40 -39.60
 797.00  61.19 -14.44
 798.00 -78.00  62.24
 799.00 -95.43 143.74
 800.00 -43.16 154.29
 801.00 -63.33 -40.45
 802.00 -67.96 -43.01
 803.00 -54.82 -42.25
 804.00 -58.30 -46.36
 805.00 -67.29 -49.71
 806.00 -64.66 -40.50
 807.00 -71.49 -32.13
 808.00 -59.96 -42.81
 809.00 -61.63 -46.42
 810.00 -59.71 -30.13
 811.00 -67.21 -28.01
 812.00 -89.63 -37.24
 813.00 -114.27  28.22
 814.00 -154.86  17.26
 815.00 -133.34 118.71
 816.00 -56.24 157.54
 817.00 -60.78 161.23
 818.00 -90.45 -35.74
 819.00  73.14   4.33
 820.00 -63.10 163.94
 821.00 -61.17 159.04
 822.00 -117.11 -38.39
 823.00 -84.66  92.17
 824.00 -51.40 -17.30
 825.00 -73.53 -62.00
 826.00 -54.12 -35.30
 827.00 -71.34 -44.99
 828.00 -59.49 -38.37
 829.00 -59.67 -50.93
 830.00 -61.52 -46.48
 831.00 -70.01 -41.52
 832.00 -64.65 -33.70
 833.00 -69.65 -40.31
 834.00 -54.53 -36.16
 835.00 -66.53 -56.09
 836.00 -65.99 -29.21
 837.00 -73.59 -26.07
 838.00 -52.44 -46.46
 839.00 -56.14 -36.69
 840.00 -133.68 -29.52
 841.00 -56.66  24.78
 842.00 -88.08 143.81
 843.00 -169.46 114.60
 844.00 -73.77 167.69
 845.00 -75.13 110.94
 846.00 -74.18 -10.68
 847.00 -137.91   4.73
 848.00 -51.20  77.46
 849.00 -66.84 -40.24
 850.00 -76.13 -27.69
 851.00 -88.63 -20.60
 852.00 -61.21 -26.63
 853.00 -66.83 -35.97
 854.00 -49.04 -54.56
 855.00 -63.01 -51.68
 856.00 -59.01 -40.92
 857.00 -63.19 -34.33
 858.00 -62.78 -48.20
 859.00 -72.96 -34.04
 860.00 -54.52 -47.35
 861.00 -67.24 -28.90
 862.00 -62.92 -49.22
 863.00 -73.11 -29.68
 864.00 -63.23 -38.96
 865.00 -75.52  -9.17
 866.00 -42.78 -52.80
 867.00 -65.08 -52.20
 868.00 -67.21 -32.23
 869.00 -66.71 -42.04
 870.00 -62.13 -47.39
 871.00 -71.63 -31.83
 872.00 -73.65 -38.60
 873.00 -58.09 -40.65
 874.00 -59.22 -45.91
 875.00 -44.18 -56.84
 876.00 -78.13 -55.56
 877.00 -56.50 -31.14
 878.00 -52.39 -60.05
 879.00 -80.87 -25.13
 880.00 -70.96 -29.61
 881.00 -54.34 -37.32
 882.00 -67.21 -62.38
 883.00 -31.29 -11.70
 884.00 -79.90 -63.19
 885.00 -87.42 -11.30
 886.00 -98.84 -20.19
 887.00  55.38   2.95
 888.00 -79.55  32.96
 889.00 -102.26 133.53
 890.00 -111.69 127.65
 891.00 -59.18 132.52
 892.00 -55.14 141.40
 893.00 -75.84 -35.16
 894.00 -74.57 -26.39
 895.00 -55.28 -40.65
 896.00 -73.84 -35.66
 897.00 -69.64 -34.44
 898.00 -68.61 -53.10
 899.00 -88.23 -28.29
 900.00 -128.59  -9.15
 901.00 -84.97 -49.99
 902.00 -68.78 -31.85
 903.00 -61.67 -48.15
 904.00 -42.07 -29.51
 905.00 -66.82 -50.89
 906.00 -60.80 -55.06
 907.00 -92.08 -25.30
 908.00  92.34  -0.12
 909.00 -77.54  10.06
 910.00 -147.32 -10.00
 911.00 -118.99 122.99
 912.00 -58.29 132.58
 913.00 -96.71 153.56
 914.00 -131.69 152.07
 915.00 -93.07 141.58
 916.00 -130.91  -6.84
 917.00 -77.38 135.38


