 residuo Phi Psi
 669.00 -66.76 129.73
 670.00 -67.30 159.89
 671.00 -77.15 144.83
 672.00 -65.90 -17.03
 673.00 -58.40 -38.12
 674.00 -78.85 -29.49
 675.00 -61.46 -35.72
 676.00 -57.80 -42.38
 677.00 -80.29 -29.26
 678.00 -61.89 -39.96
 679.00 -60.65 -50.36
 680.00 -87.57 -14.35
 681.00 -56.31 117.79
 682.00 -57.13 145.99
 683.00 -67.88 157.41
 684.00 -112.28 146.71
 685.00 -98.47 138.61
 686.00 -76.08 153.22
 687.00  65.22  -7.42
 688.00 -87.94  29.17
 689.00 -102.24 141.24
 690.00 -66.33  82.53
 691.00 -77.51  -3.27
 692.00 -98.80  -7.14
 693.00 -47.47 150.40
 694.00 -66.42 128.87
 695.00 -141.33 148.84
 696.00 -49.84 154.85
 697.00 -68.14 -54.46
 698.00 -69.33 -31.01
 699.00 -53.32 -48.05
 700.00 -70.88 -48.06
 701.00 -66.22 -40.54
 702.00 -69.54 -40.75
 703.00 -77.02 -26.59
 704.00 -70.00 -28.34
 705.00 -49.95 -47.92
 706.00 -58.77 -49.54
 707.00 -49.97 -39.77
 708.00 -71.71 -40.31
 709.00 -50.51 -52.69
 710.00 -63.13 -48.38
 711.00 -66.38 -34.63
 712.00 -58.20 -41.32
 713.00 -85.14 -34.10
 714.00 -60.11 -26.68
 715.00 -74.68 -41.46
 716.00 -62.36 -31.20
 717.00 -47.74 -51.13
 718.00 -61.56 -60.59
 719.00 -67.00 -30.00
 720.00 -124.75   0.57
 721.00 -52.83 -24.79
 722.00 -51.26 129.84
 723.00  83.46 134.24
 724.00 -49.10 -30.92
 725.00 -91.36 -27.79
 726.00 -57.36   4.18
 727.00 -94.20 -20.66
 728.00 -64.25 154.41
 729.00 -58.88 142.33
 730.00 -73.47 -26.78
 731.00 -67.92 -31.88
 732.00 -53.24 -43.31
 733.00 -66.71 -46.46
 734.00 -63.67 -40.51
 735.00 -74.16 -45.75
 736.00 -54.46 -32.35
 737.00 -79.03 -46.14
 738.00 -67.37 -42.82
 739.00 -70.28 -41.75
 740.00 -32.00 -25.43
 741.00 -44.51 -73.30
 742.00 -60.14 -67.55
 743.00 -64.29 -30.81
 744.00 -68.28 -51.33
 745.00 -70.66 -34.59
 746.00 -68.49 -35.75
 747.00 -49.98 -41.95
 748.00 -60.14 -57.14
 749.00 -46.52 -38.19
 750.00 -71.43 -54.80
 751.00 -54.88 -47.59
 752.00 -58.34 -35.60
 753.00 -68.45 -46.79
 754.00 -84.54 -33.36
 755.00 -75.83 -51.64
 756.00 -143.34 -44.30
 757.00  57.06  30.37
 758.00  64.99  29.64
 759.00 -73.43  13.09
 760.00 -139.99 -30.82
 761.00 -100.03 175.10
 762.00 -89.87  98.96
 763.00 -48.31  52.21
 764.00 -154.15 -49.18
 765.00 -47.20 155.42
 766.00 -95.83 -38.71
 767.00 -121.56 -12.09
 768.00 -107.10  72.84
 769.00 -101.82 121.97
 770.00 -83.55 118.81
 771.00 -68.11 -172.90
 772.00 -72.33 -19.17
 773.00 -59.55 -51.25
 774.00 -60.91 -35.17
 775.00 -67.20 -46.14
 776.00 -75.61 -37.26
 777.00 -68.21 -38.83
 778.00  63.28  -1.33
 779.00 -89.72  -2.16
 780.00 -60.77  31.34
 781.00 -72.29 -45.83
 782.00 -63.42 -41.47
 783.00 -74.74 -33.61
 784.00 -60.83 -35.95
 785.00 -63.92 -35.17
 786.00 -70.77 -34.12
 787.00 -52.11 -47.88
 788.00 -74.86 -42.43
 789.00 -77.98 -15.39
 790.00 -69.08 -41.98
 791.00 -63.00 -33.18
 792.00 -72.40 -21.79
 793.00 -56.08 -38.36
 794.00 -77.48 -47.75
 795.00 -65.62 -34.13
 796.00 -75.47 -37.61
 797.00  54.89 -27.21
 798.00 -74.33  65.81
 799.00 -109.65 143.49
 800.00 -56.45 162.55
 801.00 -78.06 -33.03
 802.00 -72.11 -35.26
 803.00 -72.12 -31.78
 804.00 -74.33 -43.63
 805.00 -68.47 -40.20
 806.00 -56.19 -37.18
 807.00 -65.12 -60.80
 808.00 -60.91 -21.43
 809.00 -62.20 -53.41
 810.00 -61.95 -25.84
 811.00 -60.34 -30.01
 812.00 -99.20 -38.35
 813.00 -132.72  37.23
 814.00 -144.49   3.82
 815.00 -135.06 110.99
 816.00 -74.74 170.52
 817.00 -53.99 150.84
 818.00 -115.10 -29.71
 819.00  88.88  17.00
 820.00 -78.11 162.50
 821.00 -56.02 162.73
 822.00 -101.50 -41.32
 823.00 -49.05  34.66
 824.00 -62.53 -41.58
 825.00 -80.77 -27.26
 826.00 -59.24 -40.30
 827.00 -61.54 -45.45
 828.00 -76.97 -39.58
 829.00 -65.88 -32.41
 830.00 -43.73 -52.29
 831.00 -66.66 -52.40
 832.00 -64.90 -28.51
 833.00 -83.29 -29.10
 834.00 -68.29 -22.17
 835.00 -79.79 -39.97
 836.00 -59.87 -34.91
 837.00 -62.55 -43.59
 838.00 -69.50 -25.82
 839.00 -65.84 -33.60
 840.00 -130.18 -19.58
 841.00 -52.48   1.63
 842.00 -74.10 146.80
 843.00 -156.99  98.74
 844.00 -69.47 154.64
 845.00 -55.78 110.95
 846.00 -60.73 -24.98
 847.00 -124.92 -16.48
 848.00 -64.42  70.71
 849.00 -73.05 -19.17
 850.00 -79.00 -26.95
 851.00 -80.18 -27.03
 852.00 -69.29 -31.01
 853.00 -62.88 -44.10
 854.00 -78.98 -27.97
 855.00 -68.38 -33.20
 856.00 -63.77 -43.08
 857.00 -81.26 -33.64
 858.00 -73.57 -29.54
 859.00 -64.77 -38.78
 860.00 -45.77 -42.22
 861.00 -62.51 -46.48
 862.00 -65.22 -40.53
 863.00 -61.01 -53.55
 864.00 -70.44 -35.65
 865.00 -61.07 -14.72
 866.00 -67.38 -44.01
 867.00 -58.34 -42.78
 868.00 -69.89 -31.97
 869.00 -63.84 -40.31
 870.00 -70.44 -30.17
 871.00 -49.08 -48.40
 872.00 -76.60 -46.72
 873.00 -60.24 -33.34
 874.00 -54.03 -48.87
 875.00 -51.18 -53.29
 876.00 -69.27 -55.32
 877.00 -70.51 -37.85
 878.00 -69.71 -38.36
 879.00 -92.97 -13.10
 880.00 -55.94 -30.30
 881.00 -64.16 -49.73
 882.00 -114.92 -17.10
 883.00 -46.56  -0.78
 884.00 -66.48 -47.10
 885.00 -115.45   0.71
 886.00 -75.21 -42.17
 887.00  68.64  -8.44
 888.00 -96.35  35.94
 889.00 -62.68  86.57
 890.00 -131.01 150.63
 891.00 -59.96 134.88
 892.00 -56.97 135.55
 893.00 -65.28 -34.59
 894.00 -79.29 -37.97
 895.00 -53.76 -38.58
 896.00 -58.00 -45.92
 897.00 -67.42 -45.07
 898.00 -76.93 -37.97
 899.00 -80.09 -41.52
 900.00 -116.98 -12.67
 901.00 -85.44 -48.85
 902.00 -63.38 -43.10
 903.00 -66.81 -31.36
 904.00 -62.74 -29.56
 905.00 -51.81 -45.55
 906.00 -73.81 -59.04
 907.00 -133.39  14.97
 908.00  76.56   9.90
 909.00 -89.91   9.87
 910.00 -116.33 -34.75
 911.00 -130.72 131.44
 912.00 -71.66 130.59
 913.00 -87.33 147.63
 914.00 -95.42 122.23
 915.00 -114.30 154.72
 916.00 -84.75 -44.98
 917.00 -69.84 136.40


