 residuo Phi Psi
 669.00 -86.44 129.77
 670.00 -56.05 155.69
 671.00 -64.84 141.15
 672.00 -59.16 -27.03
 673.00 -62.58 -47.48
 674.00 -66.87 -40.64
 675.00 -64.45 -26.80
 676.00 -72.82 -36.51
 677.00 -73.98 -43.27
 678.00 -79.44 -19.76
 679.00 -79.47 -36.56
 680.00 -66.06 -18.54
 681.00 -92.05 134.51
 682.00 -72.32 176.35
 683.00 -61.53 158.12
 684.00 -87.42 109.78
 685.00 -78.47 136.62
 686.00 -87.42 163.54
 687.00 100.25 -26.08
 688.00 -71.68  13.90
 689.00 -135.98 161.11
 690.00 -64.18 107.33
 691.00 -66.89 -19.72
 692.00 -101.62 -11.30
 693.00 -56.51 162.82
 694.00 -78.79 131.95
 695.00 -135.31 142.28
 696.00 -58.06 170.60
 697.00 -81.24 -54.10
 698.00 -72.87 -26.33
 699.00 -72.19 -37.21
 700.00 -78.81 -37.32
 701.00 -51.80 -43.33
 702.00 -68.75 -46.98
 703.00 -67.12 -36.88
 704.00 -65.95 -29.43
 705.00 -55.53 -47.04
 706.00 -65.69 -49.01
 707.00 -60.59 -33.70
 708.00 -86.39 -27.38
 709.00 -68.94 -36.40
 710.00 -70.82 -30.82
 711.00 -62.43 -42.66
 712.00 -49.32 -37.60
 713.00 -71.49 -49.37
 714.00 -48.97 -38.29
 715.00 -71.06 -44.20
 716.00 -62.64 -41.49
 717.00 -80.25 -37.13
 718.00 -63.25 -33.42
 719.00 -68.11 -33.76
 720.00 -131.25  -0.78
 721.00 -67.90 -17.49
 722.00 -56.53 132.28
 723.00  69.21 140.23
 724.00 -49.15 -16.55
 725.00 -63.93 -39.61
 726.00 -55.50 -33.33
 727.00 -68.57 -28.23
 728.00 -54.31 137.18
 729.00 -73.69 149.55
 730.00 -73.09 -22.52
 731.00 -81.62 -18.86
 732.00 -62.97 -36.78
 733.00 -47.11 -58.33
 734.00 -61.55 -45.40
 735.00 -71.39 -56.96
 736.00 -75.54 -13.71
 737.00 -70.11 -45.42
 738.00 -99.94 -20.61
 739.00 -90.37 -27.28
 740.00 -56.06 -21.35
 741.00 -70.10 -40.76
 742.00 -66.95 -33.95
 743.00 -69.59 -37.42
 744.00 -68.38 -40.10
 745.00 -52.84 -55.46
 746.00 -69.92 -38.05
 747.00 -74.82 -41.53
 748.00 -56.51 -34.62
 749.00 -65.34 -38.51
 750.00 -59.58 -48.98
 751.00 -74.13 -37.26
 752.00 -78.85 -39.48
 753.00 -57.03 -29.58
 754.00 -69.92 -71.99
 755.00 -89.27 -29.93
 756.00 -153.18 -20.82
 757.00  53.70  27.02
 758.00  59.02  30.10
 759.00 -77.74   9.65
 760.00 -134.22 -22.05
 761.00 -104.18 173.66
 762.00 -70.09  98.24
 763.00 -57.66  65.64
 764.00 -156.90 -46.99
 765.00 -79.24 159.79
 766.00 -85.54 -11.32
 767.00 -82.19 -70.68
 768.00 -81.07  68.51
 769.00 -96.57 136.12
 770.00 -90.52 104.04
 771.00 -60.58 168.71
 772.00 -51.61 -41.08
 773.00 -72.80 -47.31
 774.00 -71.21 -14.48
 775.00 -57.46 -46.71
 776.00 -71.72 -46.96
 777.00 -80.75 -40.29
 778.00  54.75 -11.63
 779.00 -114.94  43.43
 780.00 -48.78  26.05
 781.00 -55.73 -52.12
 782.00 -65.65 -44.00
 783.00 -68.67 -34.45
 784.00 -57.61 -37.65
 785.00 -58.19 -46.47
 786.00 -71.88 -44.29
 787.00 -71.69 -30.06
 788.00 -64.26 -35.97
 789.00 -71.23 -27.54
 790.00 -59.86 -40.82
 791.00 -67.24 -49.05
 792.00 -70.54 -29.20
 793.00 -62.00 -33.14
 794.00 -78.10 -34.70
 795.00 -61.12 -42.37
 796.00 -93.01 -26.45
 797.00  50.91 -12.09
 798.00 -51.83  50.84
 799.00 -82.71 134.52
 800.00 -58.02 148.44
 801.00 -73.39 -20.88
 802.00 -49.33 -46.55
 803.00 -59.43 -48.77
 804.00 -76.34 -32.28
 805.00 -78.68 -40.33
 806.00 -43.47 -43.00
 807.00 -62.15 -54.11
 808.00 -74.31 -35.71
 809.00 -74.81 -25.64
 810.00 -54.42 -34.94
 811.00 -79.98 -19.07
 812.00 -123.83  -2.44
 813.00 -132.87  31.93
 814.00 -137.00  -3.23
 815.00 -141.76 142.01
 816.00 -68.50 149.02
 817.00 -74.98 144.32
 818.00 -60.78 -12.19
 819.00  75.32 -24.95
 820.00 -64.64 149.72
 821.00 -85.67 167.36
 822.00 -85.89 -42.74
 823.00 -55.64  37.49
 824.00 -66.27 -34.88
 825.00 -72.51 -37.95
 826.00 -53.82 -46.07
 827.00 -59.87 -46.86
 828.00 -66.30 -37.22
 829.00 -69.43 -46.16
 830.00 -60.12 -32.14
 831.00 -56.77 -55.33
 832.00 -64.83 -37.88
 833.00 -60.47 -67.32
 834.00 -66.75 -16.34
 835.00 -53.46 -53.21
 836.00 -79.77 -41.36
 837.00 -68.86 -28.52
 838.00 -55.48 -39.57
 839.00 -58.54 -37.61
 840.00 -135.97 -18.02
 841.00 -60.99   1.05
 842.00 -65.24 128.54
 843.00 -88.13  36.06
 844.00 -66.91 151.53
 845.00 -48.20  83.70
 846.00 -67.36 -23.90
 847.00 -123.15 -12.22
 848.00 -57.25  88.73
 849.00 -63.73 -32.72
 850.00 -55.93 -45.19
 851.00 -66.16 -44.93
 852.00 -64.21 -42.35
 853.00 -74.94 -35.40
 854.00 -63.95 -28.71
 855.00 -61.99 -46.56
 856.00 -50.83 -39.97
 857.00 -73.81 -55.31
 858.00 -74.01 -24.93
 859.00 -80.85 -31.91
 860.00 -58.24 -29.88
 861.00 -70.75 -43.03
 862.00 -63.35 -39.42
 863.00 -55.48 -37.98
 864.00 -65.62 -45.98
 865.00 -69.39  -1.77
 866.00 -59.94 -46.75
 867.00 -56.74 -46.86
 868.00 -59.79 -42.65
 869.00 -58.08 -54.32
 870.00 -56.91 -38.12
 871.00 -64.41 -48.07
 872.00 -59.04 -37.04
 873.00 -69.09 -42.69
 874.00 -70.32 -43.32
 875.00 -77.59 -27.06
 876.00 -76.64 -35.88
 877.00 -60.75 -38.92
 878.00 -52.08 -47.44
 879.00 -89.11 -25.65
 880.00 -59.26 -40.65
 881.00 -66.13 -44.23
 882.00 -117.34 -19.40
 883.00 -58.61  28.10
 884.00 -77.27 -39.69
 885.00 -76.07 -29.56
 886.00 -75.15 -45.35
 887.00  63.96 -19.75
 888.00 -98.18  40.29
 889.00 -84.25 124.56
 890.00 -126.54 142.33
 891.00 -61.50 134.93
 892.00 -67.00 139.29
 893.00 -66.93 -37.61
 894.00 -74.93 -33.37
 895.00 -63.32 -34.12
 896.00 -60.14 -34.99
 897.00 -61.18 -37.92
 898.00 -69.01 -56.29
 899.00 -70.77 -32.64
 900.00 -138.84 -15.88
 901.00 -95.93 -36.04
 902.00 -67.04 -37.42
 903.00 -64.72 -35.37
 904.00 -74.86 -21.69
 905.00 -69.78 -33.66
 906.00 -74.60 -41.50
 907.00 -77.36 -25.95
 908.00  76.27 -11.79
 909.00 -68.54   8.40
 910.00 -117.36 -22.49
 911.00 -137.06 128.73
 912.00 -72.63 147.96
 913.00 -87.73 154.99
 914.00 -78.89 100.35
 915.00 -72.96 133.87
 916.00 -83.90 -38.66
 917.00 -72.37 159.09


