 residuo Phi Psi
 669.00 -80.44 149.34
 670.00 -65.03 133.69
 671.00 -148.81 153.93
 672.00 -53.10  -0.06
 673.00 -63.01 -48.73
 674.00 -73.64 -26.72
 675.00 -67.86 -42.90
 676.00 -62.54 -38.38
 677.00 -94.39 -21.92
 678.00 -78.35 -24.62
 679.00 -84.64 -29.67
 680.00 -79.71  -3.48
 681.00 -71.39 139.41
 682.00 -74.75 160.50
 683.00 -68.56 -149.73
 684.00 -133.87 153.05
 685.00 -111.35 144.44
 686.00 -64.81 134.78
 687.00 100.86 -16.30
 688.00 -74.22  25.36
 689.00 -73.61 139.54
 690.00 -67.63  59.33
 691.00 -62.77 -20.48
 692.00 -76.26 -33.20
 693.00 -70.95 154.30
 694.00 -70.30 158.45
 695.00 -154.48 149.19
 696.00 -40.24 141.85
 697.00 -74.03 -57.16
 698.00 -62.78 -41.10
 699.00 -58.48 -39.10
 700.00 -71.05 -49.20
 701.00 -66.79 -31.59
 702.00 -75.26 -35.18
 703.00 -61.64 -36.29
 704.00 -57.78 -52.52
 705.00 -53.48 -41.19
 706.00 -58.57 -50.56
 707.00 -62.64 -23.69
 708.00 -74.23 -36.10
 709.00 -53.64 -51.59
 710.00 -62.88 -47.02
 711.00 -67.51 -42.44
 712.00 -65.60 -31.11
 713.00 -73.43 -44.51
 714.00 -52.01 -45.86
 715.00 -65.99 -41.31
 716.00 -65.69 -43.22
 717.00 -71.47 -35.29
 718.00 -62.20 -51.38
 719.00 -51.55 -45.93
 720.00 -87.26 -31.30
 721.00 -61.30   3.43
 722.00 -69.92 134.03
 723.00  82.52 125.43
 724.00 -54.74 -12.91
 725.00 -63.52 -37.32
 726.00 -66.65 -19.48
 727.00 -86.62  -4.45
 728.00 -69.57 148.13
 729.00 -67.70 147.96
 730.00 -62.54 -20.08
 731.00 -72.40 -39.30
 732.00 -68.90 -34.34
 733.00 -83.37 -27.55
 734.00 -64.24 -32.65
 735.00 -64.22 -66.17
 736.00 -60.10 -32.61
 737.00 -65.34 -52.24
 738.00 -92.65 -25.69
 739.00 -85.54 -21.48
 740.00 -43.35 -25.49
 741.00 -53.05 -54.66
 742.00 -67.81 -56.75
 743.00 -66.97 -30.45
 744.00 -80.77 -44.17
 745.00 -72.44 -25.28
 746.00 -78.43 -39.57
 747.00 -58.07 -32.95
 748.00 -69.63 -44.28
 749.00 -54.54 -33.91
 750.00 -61.78 -48.78
 751.00 -65.79 -40.04
 752.00 -57.26 -45.41
 753.00 -64.43 -40.65
 754.00 -75.41 -47.93
 755.00 -102.22 -30.66
 756.00 -142.47 -40.33
 757.00  62.71  38.59
 758.00  58.96   9.21
 759.00 -83.15   0.45
 760.00 -74.33 -58.04
 761.00 -101.79 157.36
 762.00 -97.56 120.34
 763.00 -54.04  60.64
 764.00 -163.56 -34.72
 765.00 -59.51 169.08
 766.00 -94.69 -30.56
 767.00 -102.59 -34.72
 768.00 -81.30  66.43
 769.00 -84.21 115.92
 770.00 -88.82 106.06
 771.00 -68.27 176.58
 772.00 -67.77 -32.41
 773.00 -78.83 -28.03
 774.00 -54.56 -34.94
 775.00 -71.36 -41.46
 776.00 -59.98 -55.26
 777.00 -90.17 -24.25
 778.00  73.54  -7.41
 779.00 -74.32 -15.41
 780.00 -59.68  46.55
 781.00 -61.52 -60.77
 782.00 -61.97 -31.95
 783.00 -64.91 -47.85
 784.00 -69.89 -26.27
 785.00 -72.58 -50.80
 786.00 -70.68 -19.07
 787.00 -70.68 -41.93
 788.00 -70.69 -28.56
 789.00 -53.57 -33.74
 790.00 -52.04 -65.73
 791.00 -57.10 -39.79
 792.00 -78.74 -28.56
 793.00 -63.91 -22.91
 794.00 -77.37 -29.64
 795.00 -61.89 -38.94
 796.00 -89.75 -33.94
 797.00  56.99 -20.42
 798.00 -69.51  64.73
 799.00 -92.75 142.96
 800.00 -56.75 166.04
 801.00 -56.26 -44.16
 802.00 -77.06 -42.86
 803.00 -66.66 -29.79
 804.00 -62.84 -52.49
 805.00 -61.98 -32.87
 806.00 -62.40 -57.87
 807.00 -65.58 -39.22
 808.00 -70.48 -27.85
 809.00 -74.96 -33.72
 810.00 -67.74 -22.34
 811.00 -80.83 -15.40
 812.00 -98.56 -31.35
 813.00 -102.06  31.54
 814.00 -162.50  -1.04
 815.00 -154.24 141.42
 816.00 -49.81 152.41
 817.00 -60.99 151.53
 818.00 -75.78 -31.37
 819.00  70.42  -3.12
 820.00 -85.52 -177.94
 821.00 -64.63 159.72
 822.00 -132.71 -19.35
 823.00 -51.66  50.30
 824.00 -58.47 -33.27
 825.00 -76.25 -21.77
 826.00 -51.93 -45.86
 827.00 -64.78 -55.64
 828.00 -57.43 -37.95
 829.00 -59.23 -49.32
 830.00 -59.94 -47.29
 831.00 -68.91 -42.40
 832.00 -60.19 -35.74
 833.00 -82.76 -33.44
 834.00 -64.54 -25.66
 835.00 -59.36 -46.10
 836.00 -75.20 -38.36
 837.00 -64.49 -31.32
 838.00 -48.56 -50.19
 839.00 -80.71 -30.31
 840.00 -142.82  -0.06
 841.00 -68.67  14.18
 842.00 -79.63 139.39
 843.00 -71.25  26.70
 844.00 -53.94 154.21
 845.00 -68.15 107.92
 846.00 -72.99 -14.11
 847.00 -122.60  -2.69
 848.00 -62.22  67.50
 849.00 -66.47 -21.60
 850.00 -62.09 -43.26
 851.00 -65.88 -29.85
 852.00 -56.28 -50.32
 853.00 -74.99 -35.52
 854.00 -73.62 -33.04
 855.00 -64.48 -39.99
 856.00 -69.19 -34.23
 857.00 -62.81 -48.71
 858.00 -65.55 -29.75
 859.00 -56.17 -59.55
 860.00 -68.02 -34.55
 861.00 -74.91 -29.15
 862.00 -56.85 -36.57
 863.00 -73.19 -48.30
 864.00 -71.67 -16.42
 865.00 -59.02 -27.83
 866.00 -46.36 -44.35
 867.00 -68.90 -55.00
 868.00 -79.10 -22.98
 869.00 -61.73 -42.43
 870.00 -80.30 -33.73
 871.00 -62.17 -33.81
 872.00 -67.86 -40.75
 873.00 -64.71 -42.24
 874.00 -60.68 -30.94
 875.00 -52.58 -61.54
 876.00 -69.89 -45.49
 877.00 -67.40 -35.00
 878.00 -50.83 -47.69
 879.00 -61.25 -42.22
 880.00 -59.95 -43.94
 881.00 -66.46 -32.24
 882.00 -110.97 -26.69
 883.00 -39.32  -1.81
 884.00 -68.21 -47.02
 885.00 -84.27 -26.31
 886.00 -130.04  -3.75
 887.00  55.27  -3.34
 888.00 -91.34  36.84
 889.00 -90.14 126.53
 890.00 -128.63 141.94
 891.00 -61.14 138.10
 892.00 -61.17 149.68
 893.00 -67.07 -37.37
 894.00 -91.28 -34.34
 895.00 -61.71 -29.78
 896.00 -65.35 -36.46
 897.00 -52.41 -45.02
 898.00 -69.75 -50.50
 899.00 -73.83 -39.51
 900.00 -108.73 -32.35
 901.00 -82.45 -49.30
 902.00 -71.31 -28.58
 903.00 -42.50 -46.94
 904.00 -58.87 -34.93
 905.00 -68.72 -40.75
 906.00 -75.37 -40.78
 907.00 -71.60 -40.47
 908.00  89.14 -21.94
 909.00 -73.31  13.24
 910.00 -132.70 -16.16
 911.00 -113.16 128.77
 912.00 -62.01 121.87
 913.00 -101.83 147.61
 914.00 -109.90 129.07
 915.00 -66.65 129.64
 916.00 -129.58 -36.47
 917.00 -113.00 167.25


