 residuo Phi Psi
 669.00 -67.03 109.12
 670.00 -45.67 152.78
 671.00 -138.72 111.22
 672.00 -54.16 -32.90
 673.00 -66.18 -52.46
 674.00 -59.71 -32.99
 675.00 -92.81 -22.60
 676.00 -54.27 -43.30
 677.00 -63.24 -43.94
 678.00 -88.29 -28.11
 679.00 -100.40 -23.58
 680.00 -50.38 -22.11
 681.00 -66.70 125.36
 682.00 -40.49 152.78
 683.00 -51.24 142.28
 684.00 -120.20 149.39
 685.00 -75.69 113.46
 686.00 -78.16 151.40
 687.00  65.87 -14.84
 688.00 -85.16  38.01
 689.00 -145.50 172.94
 690.00 -66.74 108.33
 691.00 -68.80 -17.81
 692.00 -115.65  -3.80
 693.00 -79.21 145.75
 694.00 -59.86 136.72
 695.00 -155.33 156.25
 696.00 -51.48 160.51
 697.00 -54.81 -57.87
 698.00 -77.03 -43.31
 699.00 -65.83 -42.61
 700.00 -62.44 -49.24
 701.00 -62.61 -44.82
 702.00 -70.26 -28.60
 703.00 -76.48 -29.72
 704.00 -67.95 -39.02
 705.00 -65.30 -34.43
 706.00 -56.38 -52.40
 707.00 -69.17 -43.59
 708.00 -77.20 -15.12
 709.00 -60.41 -41.47
 710.00 -77.38 -42.17
 711.00 -54.77 -40.51
 712.00 -58.50 -40.81
 713.00 -59.53 -49.92
 714.00 -75.17 -24.03
 715.00 -44.83 -57.26
 716.00 -57.13 -41.96
 717.00 -61.66 -48.92
 718.00 -49.30 -54.64
 719.00 -56.18 -48.10
 720.00 -109.34 -19.36
 721.00 -79.26   2.33
 722.00 -59.99 123.57
 723.00  94.16 128.41
 724.00 -49.14 -27.87
 725.00 -72.94 -32.25
 726.00 -65.98  -8.51
 727.00 -75.99 -14.11
 728.00 -66.83 128.59
 729.00 -45.82 141.62
 730.00 -61.12 -36.29
 731.00 -72.25 -32.78
 732.00 -53.34 -41.85
 733.00 -56.93 -44.79
 734.00 -62.68 -38.01
 735.00 -66.07 -56.46
 736.00 -61.77 -32.11
 737.00 -91.78 -33.85
 738.00 -72.98 -27.38
 739.00 -82.09 -36.61
 740.00 -42.00 -23.80
 741.00 -66.40 -59.26
 742.00 -67.37 -43.55
 743.00 -63.72 -45.50
 744.00 -77.60 -40.89
 745.00 -51.50 -43.94
 746.00 -67.39 -39.86
 747.00 -65.65 -40.59
 748.00 -64.06 -45.98
 749.00 -64.40 -33.76
 750.00 -65.18 -45.52
 751.00 -59.95 -38.13
 752.00 -77.49 -33.09
 753.00 -60.42 -39.65
 754.00 -90.94 -53.98
 755.00 -121.27   5.77
 756.00 -145.47 -26.30
 757.00  54.12  17.39
 758.00  64.42  34.70
 759.00 -59.64  -1.87
 760.00 -87.33 -51.20
 761.00 -80.36 146.07
 762.00 -99.16 108.21
 763.00 -55.82  68.08
 764.00 -156.20 -42.45
 765.00 -61.42 153.76
 766.00 -102.86 -18.01
 767.00 -146.11  -5.69
 768.00 -117.66  98.24
 769.00 -90.10 126.29
 770.00 -93.06 127.49
 771.00 -49.61 177.41
 772.00 -61.37 -46.21
 773.00 -62.39 -50.97
 774.00 -64.60 -33.20
 775.00 -76.87 -37.05
 776.00 -56.55 -38.27
 777.00 -81.70 -41.59
 778.00  49.43   3.19
 779.00 -121.28  23.29
 780.00 -54.88  40.15
 781.00 -78.03 -61.88
 782.00 -56.62 -24.95
 783.00 -68.40 -40.02
 784.00 -55.56 -43.46
 785.00 -59.23 -44.86
 786.00 -66.08 -41.45
 787.00 -69.40 -30.62
 788.00 -42.69 -62.41
 789.00 -66.18 -46.47
 790.00 -69.89 -42.13
 791.00 -60.72 -31.35
 792.00 -60.52 -48.57
 793.00 -71.06 -19.25
 794.00 -44.03 -44.70
 795.00 -77.54 -50.44
 796.00 -64.71 -36.81
 797.00  50.65 -11.15
 798.00 -63.99  47.43
 799.00 -80.52 129.71
 800.00 -67.46 163.02
 801.00 -57.53 -34.00
 802.00 -55.51 -54.67
 803.00 -52.56 -50.29
 804.00 -52.18 -60.44
 805.00 -65.12 -51.61
 806.00 -50.46 -33.85
 807.00 -71.64 -50.53
 808.00 -71.77 -24.67
 809.00 -65.21 -42.71
 810.00 -57.69 -26.96
 811.00 -82.98 -20.22
 812.00 -129.27  -9.95
 813.00 -132.58  32.96
 814.00 -136.36 -15.18
 815.00 -135.44 120.62
 816.00 -71.94 150.06
 817.00 -71.07 146.56
 818.00 -96.19 -26.43
 819.00 103.46  -9.71
 820.00 -56.85 136.21
 821.00 -72.25 172.32
 822.00 -93.45 -37.03
 823.00 -61.39  31.69
 824.00 -60.34 -31.71
 825.00 -85.43 -32.38
 826.00 -71.12 -22.41
 827.00 -66.75 -34.65
 828.00 -59.46 -37.85
 829.00 -66.28 -53.42
 830.00 -59.54 -42.84
 831.00 -59.35 -44.78
 832.00 -47.66 -49.32
 833.00 -68.01 -55.46
 834.00 -65.04 -25.55
 835.00 -76.70 -46.75
 836.00 -68.61 -33.62
 837.00 -55.54 -32.04
 838.00 -57.42 -60.51
 839.00 -43.60 -39.38
 840.00 -91.48 -47.04
 841.00 -63.77 -10.78
 842.00 -72.41 142.24
 843.00 -165.44 110.06
 844.00 -74.93 161.22
 845.00 -69.05  88.66
 846.00 -62.45 -18.39
 847.00 -131.18 -21.73
 848.00 -54.31  74.96
 849.00 -62.94  -8.76
 850.00 -62.54 -34.18
 851.00 -93.46 -17.57
 852.00 -53.17 -40.74
 853.00 -68.56 -39.02
 854.00 -46.58 -46.88
 855.00 -63.61 -59.14
 856.00 -54.13 -39.74
 857.00 -66.93 -47.34
 858.00 -84.87 -26.16
 859.00 -73.31 -37.96
 860.00 -63.75 -31.78
 861.00 -51.45 -45.57
 862.00 -59.56 -53.53
 863.00 -55.93 -44.81
 864.00 -80.59 -23.61
 865.00 -66.20 -17.42
 866.00 -59.35 -47.73
 867.00 -61.76 -45.69
 868.00 -74.62 -13.43
 869.00 -53.74 -48.06
 870.00 -56.13 -38.42
 871.00 -60.63 -52.98
 872.00 -79.60 -29.86
 873.00 -61.23 -40.17
 874.00 -64.36 -43.69
 875.00 -57.84 -41.48
 876.00 -64.06 -60.79
 877.00 -65.54 -30.69
 878.00 -75.53 -37.36
 879.00 -70.56 -26.84
 880.00 -75.52 -39.11
 881.00 -66.20 -43.05
 882.00 -109.80 -17.89
 883.00 -56.10   7.81
 884.00 -65.36 -35.68
 885.00 -75.01 -52.49
 886.00 -76.15 -41.85
 887.00  54.79  -3.25
 888.00 -86.99  24.70
 889.00 -102.16 136.06
 890.00 -144.11 156.73
 891.00 -62.35 139.40
 892.00 -62.11 144.57
 893.00 -67.50 -33.76
 894.00 -64.26 -47.27
 895.00 -56.55 -47.11
 896.00 -64.91 -42.52
 897.00 -71.80 -30.91
 898.00 -65.72 -45.41
 899.00 -95.68 -33.21
 900.00 -102.75 -29.62
 901.00 -88.40 -52.66
 902.00 -56.04 -43.77
 903.00 -54.41 -55.04
 904.00 -64.50 -16.64
 905.00 -77.59 -40.40
 906.00 -61.52 -38.71
 907.00 -77.40 -46.55
 908.00  67.56   9.89
 909.00 -68.57  -4.58
 910.00 -114.57 -17.52
 911.00 -151.00 140.02
 912.00 -89.35 146.49
 913.00 -85.69 164.21
 914.00 -101.49 131.97
 915.00 -80.70 152.05
 916.00 -144.94 -35.04
 917.00 -131.66 150.28


