 residuo Phi Psi
 669.00 -63.63 137.35
 670.00 -70.20 152.65
 671.00 -58.13 155.61
 672.00 -42.08 -32.02
 673.00 -83.44 -42.17
 674.00 -77.74 -17.01
 675.00 -82.32 -31.04
 676.00 -57.33 -42.64
 677.00 -83.17 -29.55
 678.00 -63.43 -34.76
 679.00 -74.44 -36.73
 680.00 -56.53 -12.15
 681.00 -65.20 124.08
 682.00 -87.83 163.78
 683.00 -75.21 -176.43
 684.00 -131.89 139.50
 685.00 -94.28 127.28
 686.00 -71.89 147.74
 687.00  83.21 -15.87
 688.00 -80.77  19.47
 689.00 -91.21 126.77
 690.00 -64.30  99.50
 691.00 -60.18 -11.78
 692.00 -84.67 -35.31
 693.00 -58.35 151.96
 694.00 -32.21 122.83
 695.00 -141.24 144.22
 696.00 -53.83 153.54
 697.00 -53.59 -47.05
 698.00 -70.94 -58.90
 699.00 -59.73 -32.90
 700.00 -94.21 -36.62
 701.00 -55.06 -31.56
 702.00 -62.71 -46.88
 703.00 -69.45 -37.13
 704.00 -62.46 -37.72
 705.00 -62.20 -50.49
 706.00 -60.05 -37.06
 707.00 -71.51 -35.89
 708.00 -58.08 -39.12
 709.00 -50.68 -57.63
 710.00 -68.98 -42.51
 711.00 -67.56 -31.34
 712.00 -60.38 -43.69
 713.00 -74.74 -31.30
 714.00 -58.14 -36.06
 715.00 -69.00 -45.99
 716.00 -54.41 -47.59
 717.00 -77.60 -41.37
 718.00 -60.42 -44.94
 719.00 -56.31 -37.76
 720.00 -129.07  -8.23
 721.00 -58.57  -7.80
 722.00 -49.07 117.52
 723.00  96.38 110.08
 724.00 -58.69  -2.82
 725.00 -55.61 -17.18
 726.00 -67.75 -32.82
 727.00 -87.27 -30.99
 728.00 -59.92 140.34
 729.00 -52.69 147.41
 730.00 -73.98 -30.16
 731.00 -71.24 -31.83
 732.00 -59.32 -42.79
 733.00 -62.64 -45.49
 734.00 -51.93 -43.79
 735.00 -53.81 -67.56
 736.00 -60.11 -34.71
 737.00 -53.67 -57.58
 738.00 -87.33 -40.53
 739.00 -101.69 -22.82
 740.00 -51.56 -18.24
 741.00 -61.19 -52.89
 742.00 -67.62 -41.43
 743.00 -58.08 -37.23
 744.00 -63.61 -43.81
 745.00 -73.68 -54.65
 746.00 -66.54 -33.38
 747.00 -56.62 -44.87
 748.00 -72.34 -45.33
 749.00 -75.32 -28.07
 750.00 -56.24 -38.52
 751.00 -63.96 -57.46
 752.00 -82.25 -22.36
 753.00 -54.92 -42.72
 754.00 -69.72 -42.91
 755.00 -91.25 -40.40
 756.00 -115.71 -63.48
 757.00  53.17  26.25
 758.00  58.39  27.26
 759.00 -75.65  15.48
 760.00 -137.60 -28.19
 761.00 -90.41 169.80
 762.00 -121.23 137.97
 763.00 -54.15  62.27
 764.00 -149.90 -45.07
 765.00 -69.11 168.44
 766.00 -77.82 -32.69
 767.00 -127.50 -18.84
 768.00 -80.73  69.92
 769.00 -90.07 117.75
 770.00 -66.01  97.96
 771.00 -64.20 173.96
 772.00 -67.38 -33.54
 773.00 -90.13 -30.97
 774.00 -57.12 -28.41
 775.00 -66.80 -40.42
 776.00 -58.37 -61.96
 777.00 -90.63 -18.28
 778.00  63.79 -10.16
 779.00 -102.24  24.94
 780.00 -68.43  22.88
 781.00 -59.93 -46.34
 782.00 -72.00 -39.00
 783.00 -71.07 -35.28
 784.00 -56.45 -41.56
 785.00 -49.84 -57.77
 786.00 -69.65 -40.40
 787.00 -67.39 -32.34
 788.00 -58.84 -46.86
 789.00 -68.35 -35.39
 790.00 -65.90 -32.35
 791.00 -44.59 -49.87
 792.00 -60.49 -34.71
 793.00 -77.52 -30.41
 794.00 -64.70 -42.83
 795.00 -63.91 -46.72
 796.00 -81.75 -48.75
 797.00  61.56  -9.64
 798.00 -70.55  60.58
 799.00 -90.85 132.14
 800.00 -50.04 152.71
 801.00 -60.20 -31.72
 802.00 -68.48 -50.54
 803.00 -63.85 -35.11
 804.00 -65.41 -49.78
 805.00 -70.50 -34.15
 806.00 -73.92 -42.84
 807.00 -59.61 -39.17
 808.00 -69.52 -41.01
 809.00 -71.93 -38.29
 810.00 -57.74 -21.51
 811.00 -46.34 -49.51
 812.00 -104.59 -26.87
 813.00 -126.88  37.08
 814.00 -155.16   1.41
 815.00 -136.06 117.77
 816.00 -57.59 158.94
 817.00 -68.34 138.63
 818.00 -75.56 -30.35
 819.00  90.05  -3.62
 820.00 -70.56 161.84
 821.00 -70.04 162.17
 822.00 -111.06 -29.03
 823.00 -58.98  48.70
 824.00 -64.42 -37.75
 825.00 -71.04 -33.19
 826.00 -68.13 -29.34
 827.00 -60.45 -42.04
 828.00 -56.32 -45.84
 829.00 -49.20 -56.98
 830.00 -65.18 -44.09
 831.00 -77.73 -36.84
 832.00 -58.87 -27.44
 833.00 -71.25 -46.47
 834.00 -65.76 -22.96
 835.00 -46.53 -52.64
 836.00 -66.51 -41.71
 837.00 -59.03 -49.22
 838.00 -62.89 -48.46
 839.00 -79.20 -26.26
 840.00 -79.33 -61.43
 841.00 -33.68 -17.24
 842.00 -65.89 149.00
 843.00 -79.48 -11.43
 844.00 -114.66 163.06
 845.00 -60.21 112.55
 846.00 -68.62 -10.22
 847.00 -131.25  -0.52
 848.00 -66.20  76.08
 849.00 -72.79 -33.28
 850.00 -65.31 -36.25
 851.00 -62.34 -32.62
 852.00 -72.70 -41.15
 853.00 -68.30 -32.84
 854.00 -58.82 -48.75
 855.00 -71.20 -43.55
 856.00 -56.51 -32.41
 857.00 -78.69 -33.73
 858.00 -73.79 -29.34
 859.00 -77.69 -33.02
 860.00 -64.94 -25.27
 861.00 -65.07 -47.58
 862.00 -69.70 -36.91
 863.00 -70.83 -31.45
 864.00 -67.16 -21.47
 865.00 -69.19 -39.47
 866.00 -47.56 -41.62
 867.00 -67.38 -49.08
 868.00 -77.71 -26.71
 869.00 -75.22 -26.90
 870.00 -72.62 -32.43
 871.00 -62.69 -43.49
 872.00 -89.87 -34.52
 873.00 -57.14 -28.34
 874.00 -57.39 -53.25
 875.00 -71.41 -33.63
 876.00 -57.34 -46.81
 877.00 -65.94 -38.02
 878.00 -56.05 -44.55
 879.00 -84.01 -30.58
 880.00 -64.66 -49.78
 881.00 -61.04 -44.68
 882.00 -121.78 -17.84
 883.00 -52.32  26.22
 884.00 -79.28 -48.35
 885.00 -86.11 -10.92
 886.00 -123.70 -26.57
 887.00  65.40  18.74
 888.00 -68.42  -9.59
 889.00 -95.40 126.55
 890.00 -126.09 138.33
 891.00 -61.84 137.37
 892.00 -60.82 135.34
 893.00 -71.90 -38.54
 894.00 -92.46 -20.60
 895.00 -60.33 -34.79
 896.00 -65.92 -30.62
 897.00 -65.77 -44.42
 898.00 -76.27 -45.16
 899.00 -88.05 -24.28
 900.00 -124.33 -24.84
 901.00 -98.47 -26.64
 902.00 -70.68 -38.84
 903.00 -39.47 -30.31
 904.00 -70.85 -45.87
 905.00 -72.46 -36.71
 906.00 -53.62 -49.01
 907.00 -82.50 -43.21
 908.00  60.64   6.85
 909.00 -73.83  16.12
 910.00 -135.13 -24.82
 911.00 -141.48 127.44
 912.00 -70.82 137.68
 913.00 -88.64 156.86
 914.00 -72.04  89.93
 915.00 -54.98 111.86
 916.00 -126.57 -20.78
 917.00 -78.96 152.46


