 residuo Phi Psi
 669.00 -67.78 125.14
 670.00 -54.35 154.60
 671.00 -135.51 157.78
 672.00 -66.18  -8.15
 673.00 -66.18 -36.11
 674.00 -62.76 -32.08
 675.00 -65.45 -38.18
 676.00 -58.87 -50.84
 677.00 -70.74 -33.32
 678.00 -65.71 -38.36
 679.00 -94.25 -39.51
 680.00 -63.80  -9.08
 681.00 -87.88 117.89
 682.00 -71.48 -177.52
 683.00 -65.80 173.42
 684.00 -103.49 148.92
 685.00 -93.74 121.91
 686.00 -85.14 146.28
 687.00  68.73 -19.23
 688.00 -68.95  26.40
 689.00 -96.42 114.09
 690.00 -67.03  95.68
 691.00 -76.61   2.08
 692.00 -81.78 -34.69
 693.00 -64.31 141.78
 694.00 -62.51 133.73
 695.00 -169.97 153.39
 696.00 -56.63 170.39
 697.00 -51.47 -53.66
 698.00 -65.94 -58.29
 699.00 -69.95 -42.35
 700.00 -83.77 -34.50
 701.00 -69.80 -31.25
 702.00 -67.10 -38.34
 703.00 -65.67 -33.28
 704.00 -64.62 -38.54
 705.00 -55.81 -51.06
 706.00 -52.48 -47.81
 707.00 -72.01 -40.99
 708.00 -78.36 -30.45
 709.00 -67.66 -29.73
 710.00 -56.85 -42.54
 711.00 -59.40 -47.09
 712.00 -74.99 -36.81
 713.00 -73.29 -29.03
 714.00 -64.96 -31.05
 715.00 -67.02 -36.46
 716.00 -51.64 -51.93
 717.00 -83.35 -30.77
 718.00 -60.43 -54.02
 719.00 -61.18 -31.17
 720.00 -123.68  -7.60
 721.00 -90.28   7.45
 722.00 -53.23 110.99
 723.00  80.26 136.57
 724.00 -52.13 -27.80
 725.00 -80.28 -29.19
 726.00 -63.36   4.86
 727.00 -90.26 -16.30
 728.00 -73.62 159.87
 729.00 -60.70 159.35
 730.00 -74.78 -31.49
 731.00 -83.94 -26.22
 732.00 -73.29 -21.99
 733.00 -57.22 -48.71
 734.00 -71.63 -40.23
 735.00 -66.48 -43.13
 736.00 -53.83 -43.03
 737.00 -68.03 -47.20
 738.00 -102.77 -21.06
 739.00 -96.94 -26.09
 740.00 -59.13  -7.29
 741.00 -59.34 -36.60
 742.00 -70.47 -68.24
 743.00 -58.04 -26.56
 744.00 -67.44 -52.58
 745.00 -60.73 -43.61
 746.00 -67.83 -38.76
 747.00 -68.00 -37.01
 748.00 -67.73 -35.52
 749.00 -65.50 -31.12
 750.00 -62.51 -50.62
 751.00 -67.71 -38.50
 752.00 -69.29 -35.90
 753.00 -69.82 -33.97
 754.00 -67.31 -57.96
 755.00 -95.93 -37.01
 756.00 -137.18 -27.77
 757.00  51.21  20.02
 758.00  61.09  33.83
 759.00 -77.95   4.26
 760.00 -123.21 -26.56
 761.00 -73.77 154.15
 762.00 -132.36 139.95
 763.00 -64.16  71.05
 764.00 -159.81 -39.71
 765.00 -65.37 164.14
 766.00 -109.92  -9.98
 767.00 -92.79 -33.43
 768.00 -97.01  58.78
 769.00 -114.32 133.43
 770.00 -70.26 102.41
 771.00 -67.42 -179.24
 772.00 -63.15 -23.07
 773.00 -59.64 -53.23
 774.00 -60.18 -29.42
 775.00 -88.23 -44.22
 776.00 -60.15 -28.76
 777.00 -76.52 -34.57
 778.00  43.27   4.26
 779.00 -128.92  44.75
 780.00 -58.75  18.42
 781.00 -58.30 -56.37
 782.00 -68.63 -41.49
 783.00 -59.33 -38.68
 784.00 -70.17 -40.54
 785.00 -53.61 -41.90
 786.00 -65.42 -45.96
 787.00 -73.58 -28.07
 788.00 -54.13 -51.43
 789.00 -65.88 -38.88
 790.00 -64.21 -43.99
 791.00 -66.69 -39.86
 792.00 -75.97 -13.46
 793.00 -67.99 -25.54
 794.00 -39.74 -50.31
 795.00 -83.34 -63.88
 796.00 -80.51 -22.03
 797.00  43.47 -15.05
 798.00 -60.27  56.70
 799.00 -79.56 126.43
 800.00 -61.30 157.33
 801.00 -59.82 -36.56
 802.00 -63.41 -44.59
 803.00 -63.64 -43.25
 804.00 -55.16 -53.01
 805.00 -74.97 -40.63
 806.00 -78.50 -35.57
 807.00 -79.40 -16.91
 808.00 -56.62 -29.98
 809.00 -55.18 -50.82
 810.00 -65.02 -36.57
 811.00 -67.79 -29.72
 812.00 -116.78 -23.97
 813.00 -147.54  56.56
 814.00 -151.85  -8.53
 815.00 -142.79 125.97
 816.00 -52.89 153.98
 817.00 -55.94 141.05
 818.00 -71.13 -44.25
 819.00  81.92  -2.46
 820.00 -87.73 162.83
 821.00 -87.88 -176.27
 822.00 -120.00 -20.34
 823.00 -63.88  48.25
 824.00 -68.54 -36.84
 825.00 -90.05 -10.73
 826.00 -62.51 -33.54
 827.00 -47.27 -43.22
 828.00 -65.96 -58.28
 829.00 -66.71 -39.68
 830.00 -69.04 -36.63
 831.00 -55.38 -39.90
 832.00 -66.88 -33.83
 833.00 -72.40 -49.32
 834.00 -58.26 -28.73
 835.00 -72.86 -47.58
 836.00 -88.76 -26.58
 837.00 -67.75 -18.56
 838.00 -54.35 -53.11
 839.00 -66.12 -39.89
 840.00 -118.06 -12.79
 841.00 -45.58 -14.51
 842.00 -84.79 145.26
 843.00 -126.47  72.90
 844.00 -69.10 151.77
 845.00 -68.52 101.87
 846.00 -72.23 -14.83
 847.00 -115.25 -16.54
 848.00 -72.08  80.08
 849.00 -59.34 -23.31
 850.00 -59.05 -45.32
 851.00 -69.18 -27.48
 852.00 -57.92 -47.89
 853.00 -61.28 -41.18
 854.00 -55.95 -40.97
 855.00 -47.71 -56.60
 856.00 -64.29 -43.49
 857.00 -51.09 -50.43
 858.00 -72.93 -44.58
 859.00 -66.51 -41.65
 860.00 -75.96 -31.22
 861.00 -58.79 -32.37
 862.00 -55.45 -53.53
 863.00 -67.71 -43.67
 864.00 -86.98 -22.27
 865.00 -68.80  -5.29
 866.00 -62.46 -34.50
 867.00 -68.83 -34.59
 868.00 -67.43 -44.82
 869.00 -54.59 -40.03
 870.00 -59.91 -54.37
 871.00 -61.19 -42.23
 872.00 -76.81 -38.48
 873.00 -59.66 -34.36
 874.00 -77.06 -31.41
 875.00 -58.16 -44.65
 876.00 -57.84 -50.41
 877.00 -61.62 -57.21
 878.00 -58.56 -30.79
 879.00 -62.84 -58.11
 880.00 -60.98 -31.74
 881.00 -60.36 -47.08
 882.00 -84.49 -39.92
 883.00 -59.11 -12.22
 884.00 -64.39 -34.42
 885.00 -66.20 -38.22
 886.00 -97.48 -27.54
 887.00  64.16   7.32
 888.00 -76.97  21.64
 889.00 -97.68 132.23
 890.00 -135.97 145.71
 891.00 -72.80 130.81
 892.00 -62.40 141.31
 893.00 -56.92 -44.49
 894.00 -63.23 -43.31
 895.00 -54.93 -47.21
 896.00 -75.19 -37.16
 897.00 -55.56 -40.73
 898.00 -64.34 -56.05
 899.00 -86.62 -28.23
 900.00 -107.38 -30.13
 901.00 -96.14 -34.88
 902.00 -70.36 -39.24
 903.00 -62.28 -36.99
 904.00 -74.14 -17.89
 905.00 -72.95 -29.19
 906.00 -72.92 -49.00
 907.00 -93.96  -7.54
 908.00  86.64  -7.96
 909.00 -73.04   0.69
 910.00 -119.69 -25.01
 911.00 -154.85 135.04
 912.00 -66.76 136.11
 913.00 -103.90 165.58
 914.00 -79.39 101.32
 915.00 -88.10 143.91
 916.00 -123.83 -31.83
 917.00 -99.06 158.89


