 residuo Phi Psi
 669.00 -51.78 134.56
 670.00 -74.51 142.06
 671.00 -65.41 155.30
 672.00 -60.99 -13.49
 673.00 -71.54 -28.54
 674.00 -75.30 -26.49
 675.00 -66.49 -34.63
 676.00 -63.84 -45.21
 677.00 -95.19 -21.40
 678.00 -59.28 -21.77
 679.00 -78.46 -44.77
 680.00 -68.70 -11.56
 681.00 -60.39 130.77
 682.00 -96.43 168.19
 683.00 -72.98 -168.23
 684.00 -135.47 132.65
 685.00 -89.93 142.94
 686.00 -72.41 143.54
 687.00  82.27 -11.72
 688.00 -71.22  -0.50
 689.00 -104.64 145.03
 690.00 -76.88 110.75
 691.00 -71.31  -9.94
 692.00 -81.39 -31.35
 693.00 -67.35 146.73
 694.00 -77.05 156.06
 695.00 -145.87 133.25
 696.00 -50.55 158.64
 697.00 -68.50 -62.99
 698.00 -77.19 -33.44
 699.00 -73.33 -35.36
 700.00 -74.19 -34.56
 701.00 -70.21 -33.09
 702.00 -67.04 -38.95
 703.00 -74.72 -29.15
 704.00 -62.61 -32.72
 705.00 -67.21 -40.36
 706.00 -60.93 -42.92
 707.00 -70.06 -35.24
 708.00 -60.56 -35.79
 709.00 -63.01 -42.40
 710.00 -73.32 -33.01
 711.00 -65.77 -49.49
 712.00 -60.11 -31.58
 713.00 -71.03 -42.09
 714.00 -57.51 -39.81
 715.00 -54.43 -53.96
 716.00 -52.72 -42.81
 717.00 -67.40 -47.23
 718.00 -55.54 -55.19
 719.00 -61.76 -46.23
 720.00 -97.09 -25.02
 721.00 -66.75  -6.25
 722.00 -51.69 131.53
 723.00  65.62 131.37
 724.00 -61.30 -12.68
 725.00 -65.15 -13.00
 726.00 -76.43 -24.45
 727.00 -100.78  -4.80
 728.00 -60.82 143.93
 729.00 -47.03 153.02
 730.00 -80.79 -37.62
 731.00 -71.40 -33.84
 732.00 -63.22 -26.90
 733.00 -62.35 -48.27
 734.00 -68.11 -28.10
 735.00 -69.34 -58.65
 736.00 -62.02 -27.64
 737.00 -69.45 -54.59
 738.00 -68.81 -33.37
 739.00 -85.54 -34.96
 740.00 -66.22 -12.07
 741.00 -76.57 -29.67
 742.00 -55.28 -38.54
 743.00 -58.82 -51.79
 744.00 -71.20 -45.13
 745.00 -65.69 -38.59
 746.00 -59.23 -47.42
 747.00 -62.59 -51.62
 748.00 -66.95 -39.15
 749.00 -37.98 -35.66
 750.00 -70.48 -66.65
 751.00 -64.43 -45.97
 752.00 -84.52 -33.60
 753.00 -56.62 -21.84
 754.00 -78.81 -52.83
 755.00 -95.62 -23.08
 756.00 -125.43 -49.30
 757.00  55.06  14.60
 758.00  57.18  28.15
 759.00 -95.60  29.50
 760.00 -150.77 -12.29
 761.00 -102.71 168.85
 762.00 -99.97 124.11
 763.00 -58.57  70.02
 764.00 -162.33 -50.58
 765.00 -62.06 159.93
 766.00 -109.19 -15.61
 767.00 -121.57 -11.55
 768.00 -87.87  61.95
 769.00 -100.13 124.85
 770.00 -84.13  93.89
 771.00 -63.65 174.08
 772.00 -62.28 -31.94
 773.00 -71.03 -40.48
 774.00 -58.25 -28.94
 775.00 -68.39 -45.06
 776.00 -71.94 -56.59
 777.00 -68.08 -31.87
 778.00  68.37 -23.55
 779.00 -99.73  30.28
 780.00 -68.40  35.31
 781.00 -61.66 -64.48
 782.00 -59.92 -30.43
 783.00 -74.99 -51.95
 784.00 -57.33 -29.12
 785.00 -61.61 -51.73
 786.00 -56.14 -51.13
 787.00 -68.32 -28.16
 788.00 -57.41 -49.76
 789.00 -70.67 -33.23
 790.00 -63.57 -44.23
 791.00 -64.87 -30.81
 792.00 -82.30 -20.31
 793.00 -74.01 -23.31
 794.00 -74.56 -43.86
 795.00 -71.21 -34.72
 796.00 -89.25 -29.57
 797.00  47.55  -3.69
 798.00 -59.00  57.43
 799.00 -78.61 127.78
 800.00 -57.48 159.96
 801.00 -78.98 -30.34
 802.00 -67.63 -37.67
 803.00 -47.58 -58.06
 804.00 -64.90 -55.87
 805.00 -74.47 -30.72
 806.00 -59.38 -48.80
 807.00 -62.27 -34.14
 808.00 -62.74 -45.65
 809.00 -58.52 -38.52
 810.00 -67.28 -28.29
 811.00 -47.85 -46.30
 812.00 -110.26 -28.63
 813.00 -126.65  29.77
 814.00 -150.01  21.02
 815.00 -130.52 108.19
 816.00 -60.93 162.44
 817.00 -62.04 138.69
 818.00 -58.35 -24.71
 819.00  74.36 -20.52
 820.00 -84.59 159.64
 821.00 -74.47 160.14
 822.00 -101.79 -25.81
 823.00 -65.89  45.98
 824.00 -73.74 -37.51
 825.00 -71.63 -33.81
 826.00 -35.97 -46.43
 827.00 -61.99 -60.12
 828.00 -76.04 -36.66
 829.00 -68.12 -31.32
 830.00 -54.68 -43.04
 831.00 -72.29 -47.03
 832.00 -76.42 -26.63
 833.00 -75.44 -41.57
 834.00 -58.51 -21.98
 835.00 -60.96 -56.24
 836.00 -69.55 -25.68
 837.00 -67.26 -52.28
 838.00 -57.31 -40.19
 839.00 -81.47 -34.33
 840.00 -105.54 -34.53
 841.00 -39.73   6.42
 842.00 -67.81 125.66
 843.00 -114.61  52.09
 844.00 -77.31 156.82
 845.00 -67.87 120.97
 846.00 -64.64 -18.74
 847.00 -112.20 -12.53
 848.00 -55.13  79.70
 849.00 -59.68 -52.06
 850.00 -75.59 -20.70
 851.00 -63.19 -33.43
 852.00 -54.59 -51.41
 853.00 -59.77 -40.37
 854.00 -69.69 -49.59
 855.00 -60.05 -52.16
 856.00 -45.47 -52.65
 857.00 -68.86 -44.76
 858.00 -62.23 -33.18
 859.00 -68.14 -42.31
 860.00 -67.49 -26.18
 861.00 -62.82 -38.54
 862.00 -86.54 -34.76
 863.00 -68.68 -35.81
 864.00 -62.65 -17.29
 865.00 -78.17 -39.00
 866.00 -65.72 -29.40
 867.00 -65.72 -41.42
 868.00 -72.87 -24.42
 869.00 -68.92 -36.88
 870.00 -52.62 -38.13
 871.00 -53.18 -57.19
 872.00 -82.70 -43.22
 873.00 -67.10 -27.58
 874.00 -46.84 -41.93
 875.00 -56.59 -53.13
 876.00 -73.02 -39.48
 877.00 -62.88 -43.80
 878.00 -59.64 -45.96
 879.00 -83.76 -27.86
 880.00 -67.68 -38.38
 881.00 -70.37 -23.40
 882.00 -144.20 -11.06
 883.00 -46.37  20.20
 884.00 -74.07 -61.42
 885.00 -91.52 -15.37
 886.00 -123.36  -3.38
 887.00  62.76   3.75
 888.00 -82.54  25.13
 889.00 -95.29 117.85
 890.00 -115.63 124.33
 891.00 -63.63 132.88
 892.00 -60.75 138.75
 893.00 -56.84 -40.50
 894.00 -72.19 -43.00
 895.00 -57.24 -42.34
 896.00 -69.07 -43.58
 897.00 -64.49 -30.28
 898.00 -72.43 -42.13
 899.00 -91.67 -22.55
 900.00 -104.53 -30.55
 901.00 -85.60 -51.38
 902.00 -61.50 -31.34
 903.00 -51.24 -48.43
 904.00 -71.97 -38.02
 905.00 -63.45 -32.05
 906.00 -61.64 -60.93
 907.00 -70.31 -33.43
 908.00  77.81 -10.22
 909.00 -71.65  19.21
 910.00 -101.36 -39.23
 911.00 -132.46 123.37
 912.00 -69.84 137.15
 913.00 -117.32 164.34
 914.00 -66.65  95.16
 915.00 -73.30 143.14
 916.00 -86.49 -61.04
 917.00 -48.85 166.75


