 residuo Phi Psi
 669.00 -64.48 172.22
 670.00 -69.97 122.87
 671.00 -153.17 163.45
 672.00 -65.30   0.51
 673.00 -62.35 -60.40
 674.00 -56.33 -30.61
 675.00 -61.64 -51.62
 676.00 -62.67 -45.71
 677.00 -71.55 -40.15
 678.00 -106.86  -7.10
 679.00 -69.17 -44.72
 680.00 -51.08 -11.47
 681.00 -67.51 114.80
 682.00 -66.45 155.47
 683.00 -59.50 153.99
 684.00 -103.69 150.63
 685.00 -83.07 118.45
 686.00 -78.35 150.00
 687.00  89.83 -21.09
 688.00 -60.87  15.64
 689.00 -97.33 119.09
 690.00 -60.29 126.63
 691.00 -59.93  -6.07
 692.00 -80.71 -11.38
 693.00 -80.09 151.36
 694.00 -85.33 163.24
 695.00 -107.89  71.36
 696.00 -53.34 136.58
 697.00 -64.94 -48.99
 698.00 -65.23 -41.57
 699.00 -63.36 -50.63
 700.00 -69.91 -38.62
 701.00 -62.01 -39.28
 702.00 -63.55 -40.07
 703.00 -65.70 -44.41
 704.00 -55.97 -35.40
 705.00 -83.10 -34.06
 706.00 -64.25 -30.41
 707.00 -72.06 -30.71
 708.00 -62.54 -41.08
 709.00 -65.48 -41.10
 710.00 -60.32 -45.87
 711.00 -68.74 -31.28
 712.00 -73.39 -33.45
 713.00 -70.79 -34.54
 714.00 -76.95 -21.77
 715.00 -55.99 -53.60
 716.00 -67.78 -38.00
 717.00 -77.43 -35.29
 718.00 -53.28 -39.85
 719.00 -52.47 -39.68
 720.00 -90.41 -39.46
 721.00 -70.58  -7.60
 722.00 -60.13 146.93
 723.00  68.38 130.41
 724.00 -53.56 -23.25
 725.00 -65.09 -23.95
 726.00 -67.84  -9.13
 727.00 -80.16 -23.55
 728.00 -71.72 158.40
 729.00 -54.74 146.92
 730.00 -71.64 -29.59
 731.00 -73.56 -26.16
 732.00 -76.05 -31.14
 733.00 -54.28 -47.59
 734.00 -55.42 -54.22
 735.00 -78.65 -44.04
 736.00 -57.89 -27.22
 737.00 -70.38 -50.67
 738.00 -69.48 -38.61
 739.00 -87.56 -39.69
 740.00 -43.35  -4.97
 741.00 -77.20 -42.18
 742.00 -58.45 -54.83
 743.00 -79.95 -23.74
 744.00 -72.00 -56.08
 745.00 -65.28 -31.36
 746.00 -66.40 -42.06
 747.00 -66.43 -44.51
 748.00 -56.66 -37.86
 749.00 -40.24 -48.99
 750.00 -42.63 -63.23
 751.00 -50.59 -58.62
 752.00 -69.43 -41.63
 753.00 -68.27 -41.98
 754.00 -75.85 -39.80
 755.00 -87.86 -41.59
 756.00 -157.22 -34.23
 757.00  43.26  45.38
 758.00  60.30  25.54
 759.00 -73.26  -0.74
 760.00 -83.63 -45.54
 761.00 -115.70 174.60
 762.00 -102.13 120.78
 763.00 -46.13  59.51
 764.00 -158.93 -46.18
 765.00 -56.47 163.11
 766.00 -87.19 -32.82
 767.00 -90.04 -45.95
 768.00 -68.54  39.33
 769.00 -99.70 139.10
 770.00 -73.58 121.09
 771.00 -66.92 179.60
 772.00 -62.76 -30.45
 773.00 -58.99 -51.72
 774.00 -65.71 -35.64
 775.00 -77.99 -35.02
 776.00 -61.56 -45.63
 777.00 -84.91 -23.42
 778.00  46.34   5.56
 779.00 -129.54  31.23
 780.00 -59.44  25.07
 781.00 -57.59 -40.23
 782.00 -72.08 -37.04
 783.00 -54.74 -48.47
 784.00 -70.33 -30.27
 785.00 -69.42 -36.35
 786.00 -65.25 -38.57
 787.00 -62.40 -39.99
 788.00 -58.24 -41.28
 789.00 -58.87 -53.05
 790.00 -67.49 -31.94
 791.00 -60.38 -46.65
 792.00 -64.71 -27.73
 793.00 -65.50 -26.94
 794.00 -75.78 -34.51
 795.00 -53.92 -47.06
 796.00 -77.83 -45.00
 797.00  59.53  -9.96
 798.00 -85.28  56.81
 799.00 -82.84 129.21
 800.00 -60.67 163.29
 801.00 -65.06 -39.24
 802.00 -83.34 -26.62
 803.00 -61.06 -34.40
 804.00 -66.63 -38.50
 805.00 -62.80 -46.75
 806.00 -75.31 -38.33
 807.00 -76.49 -31.86
 808.00 -60.42 -43.21
 809.00 -69.07 -42.84
 810.00 -80.87 -14.57
 811.00 -69.38 -22.34
 812.00 -104.96 -22.35
 813.00 -124.30  31.69
 814.00 -166.10  19.77
 815.00 -145.36 124.11
 816.00 -67.76 166.59
 817.00 -63.79 175.57
 818.00 -72.09 -45.61
 819.00  65.68   3.84
 820.00 -77.59 178.33
 821.00 -68.17 170.89
 822.00 -130.58 -15.56
 823.00 -51.38  54.29
 824.00 -67.61 -37.44
 825.00 -77.41 -29.63
 826.00 -69.80 -36.67
 827.00 -44.86 -41.80
 828.00 -57.32 -44.55
 829.00 -69.42 -51.21
 830.00 -62.40 -42.76
 831.00 -58.91 -44.72
 832.00 -67.52 -41.17
 833.00 -67.92 -44.04
 834.00 -59.34 -31.04
 835.00 -70.69 -46.74
 836.00 -76.76 -33.41
 837.00 -84.94 -13.19
 838.00 -40.72 -51.35
 839.00 -63.42 -38.41
 840.00 -94.18 -50.45
 841.00 -62.58   0.14
 842.00 -84.81 152.17
 843.00 -83.78  34.92
 844.00 -61.67 162.25
 845.00 -56.92  93.71
 846.00 -84.84 -33.26
 847.00 -132.94   3.57
 848.00 -42.03  83.35
 849.00 -42.51 -36.78
 850.00 -75.20 -41.48
 851.00 -84.15 -19.14
 852.00 -75.26 -23.88
 853.00 -63.87 -36.46
 854.00 -59.71 -52.81
 855.00 -69.83 -37.00
 856.00 -77.24 -22.83
 857.00 -67.97 -39.04
 858.00 -57.57 -43.98
 859.00 -67.20 -45.93
 860.00 -68.65 -29.38
 861.00 -71.79 -29.37
 862.00 -67.48 -39.87
 863.00 -61.27 -40.56
 864.00 -78.51 -29.80
 865.00 -66.99 -18.96
 866.00 -59.98 -40.51
 867.00 -64.87 -36.58
 868.00 -65.05 -41.96
 869.00 -68.94 -42.99
 870.00 -51.08 -45.94
 871.00 -60.12 -52.77
 872.00 -64.70 -44.56
 873.00 -62.74 -36.52
 874.00 -53.47 -43.08
 875.00 -58.96 -47.01
 876.00 -82.78 -52.31
 877.00 -73.30 -17.66
 878.00 -57.78 -50.14
 879.00 -74.33 -25.32
 880.00 -55.84 -57.28
 881.00 -66.18 -37.73
 882.00 -122.66 -15.05
 883.00 -56.39  22.30
 884.00 -69.32 -32.45
 885.00 -69.95 -36.53
 886.00 -69.97 -48.60
 887.00  64.03 -12.90
 888.00 -88.67  32.08
 889.00 -82.42 136.57
 890.00 -126.38 137.67
 891.00 -63.43 127.83
 892.00 -55.61 131.52
 893.00 -64.87 -37.47
 894.00 -69.95 -36.02
 895.00 -72.64 -40.97
 896.00 -60.23 -34.65
 897.00 -60.37 -39.67
 898.00 -69.45 -51.92
 899.00 -79.60 -44.10
 900.00 -82.26 -39.26
 901.00 -103.92 -44.36
 902.00 -67.40 -35.72
 903.00 -45.55 -35.16
 904.00 -62.68 -46.27
 905.00 -68.94 -37.53
 906.00 -69.61 -50.82
 907.00 -65.90 -34.24
 908.00  79.31  -7.25
 909.00 -60.42  -3.18
 910.00 -126.76 -21.23
 911.00 -122.65 119.44
 912.00 -74.65 142.96
 913.00 -85.54 150.95
 914.00 -131.48 140.73
 915.00 -82.11 145.65
 916.00 -117.62 -33.57
 917.00 -124.98 158.43


