 residuo Phi Psi
 669.00 -96.47 146.24
 670.00 -78.89 137.68
 671.00 -151.00 147.34
 672.00 -46.59 -30.90
 673.00 -62.30 -42.44
 674.00 -67.65 -26.36
 675.00 -67.91 -39.09
 676.00 -58.70 -44.01
 677.00 -70.79 -33.13
 678.00 -71.56 -40.21
 679.00 -100.58 -27.93
 680.00 -77.90   8.86
 681.00 -79.96 111.55
 682.00 -66.47 169.98
 683.00 -74.19 172.72
 684.00 -115.71 150.42
 685.00 -94.68 132.60
 686.00 -77.59 136.27
 687.00  71.47  -5.98
 688.00 -62.79  12.00
 689.00 -97.51 144.18
 690.00 -62.46 116.53
 691.00 -71.38 -28.74
 692.00 -66.48 -36.23
 693.00 -67.73 139.50
 694.00 -68.92 133.78
 695.00 -122.88 121.70
 696.00 -68.65 142.52
 697.00 -59.97 -42.89
 698.00 -85.13 -27.58
 699.00 -61.71 -33.47
 700.00 -54.41 -53.06
 701.00 -58.51 -51.86
 702.00 -78.08 -27.13
 703.00 -69.73 -27.69
 704.00 -55.81 -52.23
 705.00 -70.64 -38.25
 706.00 -84.28 -33.59
 707.00 -53.21 -37.68
 708.00 -62.20 -38.61
 709.00 -84.75 -41.18
 710.00 -65.29 -27.83
 711.00 -64.85 -38.81
 712.00 -52.45 -37.09
 713.00 -81.02 -45.90
 714.00 -73.07 -17.85
 715.00 -66.55 -45.82
 716.00 -39.35 -52.11
 717.00 -72.30 -46.06
 718.00 -63.67 -54.00
 719.00 -64.60 -31.13
 720.00 -104.10 -24.92
 721.00 -64.88 -10.39
 722.00 -68.55 105.61
 723.00 100.75 135.70
 724.00 -55.84 -36.25
 725.00 -48.94 -28.83
 726.00 -82.62 -13.97
 727.00 -71.54 -25.99
 728.00 -56.65 137.38
 729.00 -57.15 149.33
 730.00 -75.09 -28.68
 731.00 -76.05 -35.60
 732.00 -65.65 -25.45
 733.00 -53.18 -52.33
 734.00 -57.96 -47.61
 735.00 -75.86 -51.49
 736.00 -65.24 -24.60
 737.00 -63.86 -47.72
 738.00 -87.34 -16.69
 739.00 -70.05 -51.05
 740.00 -55.74 -27.05
 741.00 -60.78 -43.94
 742.00 -64.66 -47.21
 743.00 -52.14 -45.44
 744.00 -87.69 -42.38
 745.00 -80.24 -24.99
 746.00 -87.72 -28.59
 747.00 -73.03 -25.45
 748.00 -71.17 -38.50
 749.00 -54.60 -38.50
 750.00 -76.85 -42.02
 751.00 -55.57 -43.58
 752.00 -54.15 -51.93
 753.00 -64.10 -37.34
 754.00 -94.45 -28.91
 755.00 -95.67 -37.73
 756.00 -141.78 -27.80
 757.00  43.17  23.63
 758.00  58.14  39.38
 759.00 -65.77  -3.94
 760.00 -124.66 -19.88
 761.00 -94.59 161.67
 762.00 -96.44 112.82
 763.00 -61.81  59.98
 764.00 -151.92 -36.92
 765.00 -54.56 167.07
 766.00 -99.90 -24.86
 767.00 -85.37 -37.38
 768.00 -62.26  30.37
 769.00 -117.15 136.84
 770.00 -88.25 122.89
 771.00 -60.81 -172.08
 772.00 -72.98 -35.38
 773.00 -73.50 -42.16
 774.00 -66.32 -28.35
 775.00 -66.95 -41.45
 776.00 -84.81 -13.34
 777.00 -70.31 -12.37
 778.00  53.64 -34.35
 779.00 -146.14  22.59
 780.00 -72.42  57.58
 781.00 -57.73 -47.25
 782.00 -74.18 -34.99
 783.00 -66.11 -34.28
 784.00 -70.10 -45.52
 785.00 -66.92 -40.88
 786.00 -74.57 -25.52
 787.00 -63.34 -40.99
 788.00 -65.16 -41.65
 789.00 -67.14 -31.46
 790.00 -54.68 -38.88
 791.00 -69.46 -52.08
 792.00 -83.24  -8.53
 793.00 -66.93 -34.09
 794.00 -79.20 -32.99
 795.00 -75.75 -20.13
 796.00 -73.71 -48.18
 797.00  45.53 -19.88
 798.00 -63.62  75.93
 799.00 -91.76 136.36
 800.00 -65.80 153.62
 801.00 -64.94 -31.37
 802.00 -69.35 -35.33
 803.00 -54.24 -39.68
 804.00 -51.14 -49.45
 805.00 -67.54 -49.25
 806.00 -64.67 -42.31
 807.00 -67.65 -37.88
 808.00 -79.27 -26.95
 809.00 -65.92 -36.03
 810.00 -65.87 -31.47
 811.00 -87.44 -22.53
 812.00 -120.93  -6.21
 813.00 -140.06  54.89
 814.00 -155.77  -9.45
 815.00 -157.82 132.26
 816.00 -63.16 148.73
 817.00 -73.96 171.35
 818.00 -83.17 -23.92
 819.00  86.22 -16.67
 820.00 -69.41 177.41
 821.00 -55.50 153.66
 822.00 -104.92 -29.03
 823.00 -60.56  45.14
 824.00 -58.07 -36.28
 825.00 -56.86 -50.15
 826.00 -65.73 -38.29
 827.00 -57.10 -50.05
 828.00 -75.37 -33.56
 829.00 -69.69 -48.33
 830.00 -61.42 -35.67
 831.00 -51.43 -55.48
 832.00 -68.96 -35.25
 833.00 -69.57 -48.61
 834.00 -77.29 -11.30
 835.00 -58.87 -45.64
 836.00 -79.95 -40.41
 837.00 -74.24 -16.96
 838.00 -53.41 -51.69
 839.00 -66.36 -32.29
 840.00 -136.46 -17.65
 841.00 -60.10   8.04
 842.00 -69.61 132.88
 843.00 -168.70  98.80
 844.00 -96.67 174.00
 845.00 -62.31 118.58
 846.00 -61.90 -26.60
 847.00 -123.21 -28.02
 848.00 -44.64  70.47
 849.00 -63.57 -49.60
 850.00 -75.26 -16.77
 851.00 -63.49 -40.37
 852.00 -57.58 -36.26
 853.00 -65.43 -45.14
 854.00 -60.40 -34.87
 855.00 -68.77 -36.64
 856.00 -56.31 -43.73
 857.00 -51.97 -51.17
 858.00 -69.00 -62.08
 859.00 -67.10 -33.83
 860.00 -72.40 -33.05
 861.00 -73.69 -22.42
 862.00 -49.18 -53.41
 863.00 -68.87 -46.08
 864.00 -69.81 -29.03
 865.00 -70.18 -22.39
 866.00 -58.77 -41.99
 867.00 -66.44 -43.02
 868.00 -73.40 -28.99
 869.00 -45.41 -44.51
 870.00 -61.03 -50.56
 871.00 -58.44 -51.34
 872.00 -70.41 -45.01
 873.00 -51.97 -42.95
 874.00 -62.15 -43.95
 875.00 -47.30 -61.99
 876.00 -72.39 -47.61
 877.00 -49.29 -49.41
 878.00 -77.99 -34.24
 879.00 -65.03 -40.20
 880.00 -63.51 -36.06
 881.00 -64.28 -39.84
 882.00 -127.51  -6.30
 883.00 -74.15  13.00
 884.00 -55.88 -33.40
 885.00 -74.86 -44.88
 886.00 -76.31 -46.69
 887.00  51.70   1.85
 888.00 -76.26  32.04
 889.00 -103.48 141.64
 890.00 -127.01 148.18
 891.00 -81.88 135.71
 892.00 -44.47 147.27
 893.00 -68.70 -34.91
 894.00 -55.79 -58.66
 895.00 -74.20 -38.13
 896.00 -75.97 -27.29
 897.00 -49.99 -46.65
 898.00 -71.61 -49.01
 899.00 -100.94 -28.40
 900.00 -112.22 -20.91
 901.00 -101.01 -47.67
 902.00 -53.04 -35.28
 903.00 -62.40 -44.91
 904.00 -75.23 -14.73
 905.00 -57.87 -44.89
 906.00 -82.61 -37.14
 907.00 -158.00  19.74
 908.00  70.26  12.65
 909.00 -69.65  -3.06
 910.00 -107.07 -28.43
 911.00 -129.12 149.78
 912.00 -67.85 137.23
 913.00 -85.22 141.54
 914.00 -95.35 117.34
 915.00 -79.19 146.98
 916.00 -152.17 -17.00
 917.00 -133.81 136.33


