 residuo Phi Psi
 669.00 -65.43 104.24
 670.00 -85.58 158.34
 671.00 -150.55 133.79
 672.00 -61.42  10.86
 673.00 -68.43 -57.53
 674.00 -61.25 -37.79
 675.00 -78.80 -25.47
 676.00 -61.39 -41.99
 677.00 -62.34 -36.84
 678.00 -91.81 -26.90
 679.00 -80.43 -40.28
 680.00 -71.68  -8.07
 681.00 -71.18 130.84
 682.00 -51.09 159.92
 683.00 -62.00 156.81
 684.00 -91.65 129.84
 685.00 -113.83 135.56
 686.00 -79.88 137.40
 687.00  77.81 -16.85
 688.00 -102.87  36.80
 689.00 -86.55 125.63
 690.00 -78.38 112.90
 691.00 -70.27 -12.19
 692.00 -97.52 -20.72
 693.00 -74.94 147.30
 694.00 -80.97 159.76
 695.00 -157.02 137.44
 696.00 -52.85 155.79
 697.00 -80.65 -58.75
 698.00 -71.12 -22.71
 699.00 -66.52 -37.23
 700.00 -70.87 -39.34
 701.00 -59.46 -39.06
 702.00 -64.05 -40.23
 703.00 -70.35 -34.36
 704.00 -48.56 -51.19
 705.00 -51.65 -51.48
 706.00 -58.79 -54.16
 707.00 -55.67 -35.15
 708.00 -73.30 -49.84
 709.00 -51.26 -33.52
 710.00 -78.44 -47.00
 711.00 -52.28 -43.64
 712.00 -63.77 -38.00
 713.00 -78.06 -45.01
 714.00 -53.05 -35.55
 715.00 -83.27 -31.78
 716.00 -66.40 -31.00
 717.00 -57.72 -45.72
 718.00 -65.40 -55.36
 719.00 -58.56 -33.85
 720.00 -105.92 -24.90
 721.00 -76.27  -0.88
 722.00 -62.00 122.81
 723.00  75.45 141.95
 724.00 -57.47 -19.30
 725.00 -65.24 -34.13
 726.00 -80.36   4.85
 727.00 -86.93  -9.17
 728.00 -71.90 147.58
 729.00 -51.09 142.18
 730.00 -66.63 -22.17
 731.00 -68.69 -46.39
 732.00 -53.51 -38.60
 733.00 -70.12 -49.15
 734.00 -69.97 -27.36
 735.00 -77.17 -46.32
 736.00 -69.52 -17.19
 737.00 -81.38 -46.31
 738.00 -72.29 -18.60
 739.00 -73.41 -50.50
 740.00 -64.34  -5.77
 741.00 -74.60 -37.68
 742.00 -76.66 -45.92
 743.00 -62.65 -39.72
 744.00 -66.14 -50.66
 745.00 -79.85 -31.01
 746.00 -62.82 -39.91
 747.00 -64.28 -37.17
 748.00 -68.68 -42.93
 749.00 -62.70 -35.12
 750.00 -62.53 -43.71
 751.00 -59.62 -44.34
 752.00 -56.13 -41.95
 753.00 -69.33 -42.55
 754.00 -102.42 -28.49
 755.00 -112.33 -16.44
 756.00 -140.76 -33.83
 757.00  55.47  22.55
 758.00  62.19  37.10
 759.00 -65.34 -20.91
 760.00 -117.15 -29.25
 761.00 -92.02 154.02
 762.00 -82.06 102.83
 763.00 -62.30  70.13
 764.00 -150.44 -50.14
 765.00 -56.87 154.90
 766.00 -85.55 -29.06
 767.00 -121.74 -20.89
 768.00 -66.54  46.90
 769.00 -108.45 142.08
 770.00 -83.90 111.32
 771.00 -56.35 159.77
 772.00 -56.33 -27.54
 773.00 -81.49 -33.34
 774.00 -60.49 -34.81
 775.00 -67.17 -36.84
 776.00 -80.71 -58.03
 777.00 -56.29 -20.44
 778.00  59.02 -17.95
 779.00 -69.94 -24.53
 780.00 -65.76  45.98
 781.00 -53.37 -54.54
 782.00 -58.23 -44.17
 783.00 -65.90 -49.70
 784.00 -60.88 -37.14
 785.00 -56.53 -42.52
 786.00 -57.13 -46.62
 787.00 -63.33 -40.64
 788.00 -50.68 -49.14
 789.00 -68.60 -38.64
 790.00 -62.30 -45.29
 791.00 -82.75 -22.38
 792.00 -62.48 -27.26
 793.00 -62.88 -28.89
 794.00 -78.39 -41.55
 795.00 -76.84 -24.53
 796.00 -64.40 -46.54
 797.00  43.21 -13.62
 798.00 -87.30  68.08
 799.00 -84.07 131.76
 800.00 -62.55 158.45
 801.00 -60.43 -33.64
 802.00 -75.85 -32.79
 803.00 -67.94 -33.00
 804.00 -61.51 -38.77
 805.00 -71.17 -48.71
 806.00 -78.65 -28.58
 807.00 -52.67 -43.12
 808.00 -60.69 -45.39
 809.00 -71.50 -46.20
 810.00 -67.29 -22.32
 811.00 -73.43 -22.39
 812.00 -124.49 -11.06
 813.00 -125.58  29.94
 814.00 -145.33   3.71
 815.00 -147.79 134.42
 816.00 -65.73 155.84
 817.00 -56.80 165.97
 818.00 -98.47 -37.75
 819.00  66.94  12.67
 820.00 -78.07 168.86
 821.00 -56.60 163.22
 822.00 -98.06 -38.05
 823.00 -63.15  46.35
 824.00 -81.22 -31.93
 825.00 -71.88 -25.46
 826.00 -58.60 -46.00
 827.00 -61.49 -47.45
 828.00 -58.17 -43.52
 829.00 -59.25 -50.79
 830.00 -65.37 -40.58
 831.00 -61.18 -42.24
 832.00 -65.61 -36.50
 833.00 -65.83 -43.00
 834.00 -72.40 -28.05
 835.00 -65.41 -48.31
 836.00 -76.23 -32.30
 837.00 -59.61 -36.83
 838.00 -60.07 -54.94
 839.00 -65.62 -20.36
 840.00 -119.15 -32.38
 841.00 -65.08  -1.62
 842.00 -76.21 141.76
 843.00 -153.52 102.24
 844.00 -75.56 147.42
 845.00 -60.27  99.60
 846.00 -60.99 -29.76
 847.00 -130.06 -23.19
 848.00 -51.55  73.53
 849.00 -60.94 -10.00
 850.00 -58.24 -29.84
 851.00 -88.36 -35.24
 852.00 -55.97 -38.09
 853.00 -70.66 -37.93
 854.00 -69.47 -42.22
 855.00 -56.91 -40.40
 856.00 -63.42 -43.57
 857.00 -62.15 -51.73
 858.00 -76.60 -35.28
 859.00 -67.02 -39.97
 860.00 -66.07 -31.25
 861.00 -63.53 -39.01
 862.00 -56.60 -45.84
 863.00 -56.72 -46.06
 864.00 -71.89 -32.69
 865.00 -72.24 -19.76
 866.00 -58.52 -38.66
 867.00 -67.48 -43.77
 868.00 -59.26 -30.82
 869.00 -74.01 -37.69
 870.00 -57.71 -45.99
 871.00 -62.86 -37.63
 872.00 -67.40 -52.80
 873.00 -65.70 -31.79
 874.00 -65.35 -44.58
 875.00 -63.43 -41.68
 876.00 -61.45 -53.98
 877.00 -78.67 -34.66
 878.00 -57.79 -35.30
 879.00 -70.29 -38.88
 880.00 -54.06 -52.19
 881.00 -72.58 -35.60
 882.00 -135.00  -6.28
 883.00 -51.77  22.61
 884.00 -69.39 -31.32
 885.00 -99.46 -23.96
 886.00 -110.18 -18.12
 887.00  61.41  -3.86
 888.00 -81.20  18.33
 889.00 -88.02 128.29
 890.00 -125.24 131.80
 891.00 -63.21 125.07
 892.00 -58.42 144.84
 893.00 -71.58 -34.22
 894.00 -69.79 -34.03
 895.00 -63.30 -38.49
 896.00 -83.25 -19.51
 897.00 -51.00 -51.99
 898.00 -59.51 -62.86
 899.00 -108.17 -27.03
 900.00 -130.83   3.97
 901.00 -85.50 -40.86
 902.00 -53.75 -54.16
 903.00 -57.16 -41.94
 904.00 -66.14 -29.26
 905.00 -69.60 -44.92
 906.00 -82.01 -43.99
 907.00 -96.85 -17.82
 908.00  82.92   1.87
 909.00 -66.78   3.89
 910.00 -136.06 -17.05
 911.00 -146.32 133.42
 912.00 -58.95 137.22
 913.00 -121.72 171.71
 914.00 -128.16 132.33
 915.00 -82.05 143.51
 916.00 -140.53 -21.73
 917.00 -127.25 162.11


