 residuo Phi Psi
 669.00 -88.82 164.76
 670.00 -66.68 134.83
 671.00 -144.47 115.77
 672.00 -70.10  -9.70
 673.00 -69.85 -39.07
 674.00 -54.61 -37.33
 675.00 -80.35 -41.12
 676.00 -59.71 -43.73
 677.00 -70.31 -33.92
 678.00 -87.00 -18.39
 679.00 -73.92 -48.19
 680.00 -72.72  -4.53
 681.00 -80.05 114.07
 682.00 -68.34 168.88
 683.00 -68.61 164.55
 684.00 -76.12 130.04
 685.00 -95.64 140.20
 686.00 -78.34 151.10
 687.00  83.38 -35.59
 688.00 -62.04  30.19
 689.00 -129.60 151.52
 690.00 -60.16 105.24
 691.00 -53.34 -16.87
 692.00 -104.19 -18.04
 693.00 -73.05 149.94
 694.00 -96.82 159.15
 695.00 -94.56  69.11
 696.00 -57.37 168.04
 697.00 -58.55 -55.45
 698.00 -70.84 -42.11
 699.00 -79.99 -36.86
 700.00 -70.45 -39.88
 701.00 -53.70 -46.46
 702.00 -72.02 -40.37
 703.00 -73.42 -32.51
 704.00 -61.34 -42.75
 705.00 -76.01 -29.77
 706.00 -66.01 -47.28
 707.00 -53.07 -29.04
 708.00 -54.62 -61.03
 709.00 -56.87 -41.23
 710.00 -75.20 -47.89
 711.00 -58.78 -22.82
 712.00 -59.74 -50.59
 713.00 -59.65 -46.23
 714.00 -60.93 -46.97
 715.00 -69.54 -36.21
 716.00 -77.93 -42.04
 717.00 -61.51 -29.63
 718.00 -75.29 -39.27
 719.00 -61.56 -25.10
 720.00 -92.56 -33.14
 721.00 -48.84 -11.70
 722.00 -58.55 143.29
 723.00  53.75 133.57
 724.00 -61.07   4.16
 725.00 -63.92 -29.21
 726.00 -89.14  -4.40
 727.00 -85.66   0.04
 728.00 -67.92 147.64
 729.00 -66.32 154.33
 730.00 -61.10 -44.09
 731.00 -68.02 -31.06
 732.00 -60.07 -47.25
 733.00 -65.21 -34.40
 734.00 -65.24 -41.74
 735.00 -71.30 -46.25
 736.00 -59.02 -36.66
 737.00 -76.01 -36.72
 738.00 -60.35 -48.00
 739.00 -97.24 -43.94
 740.00 -59.94  17.66
 741.00 -58.24 -61.06
 742.00 -51.36 -56.65
 743.00 -74.52 -44.62
 744.00 -63.08 -42.77
 745.00 -67.02 -42.86
 746.00 -60.22 -40.97
 747.00 -64.72 -39.79
 748.00 -56.77 -46.37
 749.00 -53.08 -38.50
 750.00 -75.22 -45.44
 751.00 -68.28 -31.40
 752.00 -74.62 -32.08
 753.00 -66.37 -29.18
 754.00 -97.57 -45.69
 755.00 -91.51 -34.91
 756.00 -131.64 -35.78
 757.00  48.36  28.36
 758.00  68.05  32.17
 759.00 -67.74  -4.89
 760.00 -133.67 -28.30
 761.00 -88.35 151.47
 762.00 -90.90 107.87
 763.00 -52.49  69.46
 764.00 -158.36 -42.62
 765.00 -63.83 163.20
 766.00 -97.26 -24.84
 767.00 -119.43 -13.52
 768.00 -81.81  75.76
 769.00 -105.17 149.73
 770.00 -79.95 115.29
 771.00 -53.93 -175.09
 772.00 -63.88 -39.02
 773.00 -61.56 -46.35
 774.00 -61.25 -40.13
 775.00 -67.12 -38.04
 776.00 -59.03 -60.24
 777.00 -74.71 -27.33
 778.00  61.58 -11.89
 779.00 -87.47   1.43
 780.00 -57.63  36.84
 781.00 -58.51 -63.15
 782.00 -60.69 -33.51
 783.00 -62.63 -49.64
 784.00 -66.72 -38.28
 785.00 -55.62 -36.61
 786.00 -57.01 -50.02
 787.00 -63.90 -44.16
 788.00 -65.80 -32.86
 789.00 -65.74 -32.07
 790.00 -64.27 -44.85
 791.00 -64.63 -37.06
 792.00 -67.56 -32.49
 793.00 -59.82 -31.56
 794.00 -82.36 -44.08
 795.00 -75.61 -16.00
 796.00 -83.99 -46.08
 797.00  43.90  -1.33
 798.00 -80.32  76.57
 799.00 -73.18 124.18
 800.00 -60.83 153.89
 801.00 -69.65 -33.48
 802.00 -78.58 -33.74
 803.00 -62.04 -31.87
 804.00 -59.43 -43.36
 805.00 -66.37 -55.35
 806.00 -59.01 -38.10
 807.00 -74.28 -39.96
 808.00 -58.59 -35.97
 809.00 -65.01 -49.60
 810.00 -73.75 -13.47
 811.00 -58.81 -26.28
 812.00 -126.53 -11.85
 813.00 -145.18  43.45
 814.00 -144.65   6.05
 815.00 -140.88 126.04
 816.00 -63.52 159.25
 817.00 -69.50 160.89
 818.00 -93.91 -33.59
 819.00  65.60  20.42
 820.00 -74.78 -178.74
 821.00 -60.58 166.21
 822.00 -111.46 -38.58
 823.00 -49.22  45.83
 824.00 -53.44 -41.39
 825.00 -75.80 -39.97
 826.00 -59.46 -42.56
 827.00 -66.33 -47.21
 828.00 -68.44 -28.97
 829.00 -48.31 -59.97
 830.00 -49.47 -55.08
 831.00 -77.48 -51.96
 832.00 -68.68 -25.27
 833.00 -66.56 -39.37
 834.00 -69.07 -29.95
 835.00 -73.74 -49.15
 836.00 -101.07 -10.84
 837.00 -62.00 -20.47
 838.00 -51.27 -56.70
 839.00 -60.80 -33.27
 840.00 -110.91 -38.11
 841.00 -66.04  14.14
 842.00 -79.85 144.25
 843.00 -72.48  15.78
 844.00 -86.04 179.14
 845.00 -55.76  93.24
 846.00 -66.56 -36.87
 847.00 -122.70 -25.09
 848.00 -60.79  82.52
 849.00 -60.27 -12.53
 850.00 -67.62 -29.02
 851.00 -61.56 -38.20
 852.00 -75.09 -44.81
 853.00 -74.25 -29.49
 854.00 -55.19 -40.78
 855.00 -61.03 -40.50
 856.00 -48.81 -49.03
 857.00 -73.26 -46.55
 858.00 -72.07 -26.67
 859.00 -73.64 -43.68
 860.00 -65.32 -31.69
 861.00 -52.98 -46.51
 862.00 -54.88 -53.34
 863.00 -88.97 -32.73
 864.00 -62.56 -21.07
 865.00 -66.17 -27.30
 866.00 -56.92 -45.88
 867.00 -55.29 -45.29
 868.00 -59.17 -39.07
 869.00 -54.33 -51.86
 870.00 -60.25 -43.66
 871.00 -57.18 -46.22
 872.00 -72.71 -45.37
 873.00 -82.43 -19.99
 874.00 -61.11 -40.04
 875.00 -65.97 -46.88
 876.00 -70.91 -36.03
 877.00 -67.35 -38.55
 878.00 -62.41 -44.28
 879.00 -90.48 -21.16
 880.00 -67.09 -35.11
 881.00 -63.30 -33.75
 882.00 -117.80 -23.78
 883.00 -56.44  12.04
 884.00 -61.01 -51.83
 885.00 -64.69 -32.24
 886.00 -103.71 -29.20
 887.00  67.41  13.93
 888.00 -59.50  -0.15
 889.00 -98.04 137.18
 890.00 -140.02 142.52
 891.00 -61.38 132.72
 892.00 -67.09 158.30
 893.00 -67.19 -44.54
 894.00 -94.05 -23.33
 895.00 -66.72 -37.22
 896.00 -52.21 -38.99
 897.00 -61.58 -44.97
 898.00 -77.61 -38.60
 899.00 -99.85 -25.50
 900.00 -112.46 -18.73
 901.00 -89.97 -46.80
 902.00 -58.68 -46.58
 903.00 -63.90 -29.31
 904.00 -56.55 -34.49
 905.00 -60.68 -46.60
 906.00 -72.11 -45.75
 907.00 -96.24 -20.21
 908.00  74.43  -6.06
 909.00 -61.20  11.33
 910.00 -116.62 -31.33
 911.00 -158.64 143.52
 912.00 -53.17 144.70
 913.00 -101.06 150.90
 914.00 -77.83  99.62
 915.00 -66.24 122.74
 916.00 -124.54 -29.60
 917.00 -120.40 151.67


