 residuo Phi Psi
 669.00 -73.70 127.50
 670.00 -48.37 151.66
 671.00 -59.78 154.42
 672.00 -61.77 -34.88
 673.00 -71.95 -36.78
 674.00 -87.75 -24.77
 675.00 -78.49 -30.65
 676.00 -66.39 -36.59
 677.00 -59.58 -44.19
 678.00 -56.23 -43.33
 679.00 -88.51 -43.23
 680.00 -67.22  -7.45
 681.00 -78.66 120.81
 682.00 -61.60 153.03
 683.00 -67.23 150.63
 684.00 -107.67 139.31
 685.00 -78.20 137.47
 686.00 -83.08 147.75
 687.00  64.80   6.75
 688.00 -79.27  23.51
 689.00 -115.21 138.73
 690.00 -59.55 110.00
 691.00 -71.10 -27.63
 692.00 -114.21  11.94
 693.00 -68.27 152.50
 694.00 -64.26 126.97
 695.00 -139.62 133.16
 696.00 -57.07 150.73
 697.00 -63.62 -71.02
 698.00 -78.13 -21.70
 699.00 -51.89 -47.61
 700.00 -59.93 -54.98
 701.00 -69.91 -33.98
 702.00 -75.58 -27.93
 703.00 -69.14 -32.59
 704.00 -67.11 -38.08
 705.00 -49.15 -51.35
 706.00 -57.50 -51.12
 707.00 -63.50 -30.31
 708.00 -64.10 -46.71
 709.00 -58.40 -46.01
 710.00 -65.07 -41.19
 711.00 -75.95 -37.80
 712.00 -57.18 -30.52
 713.00 -71.49 -50.65
 714.00 -71.09 -34.34
 715.00 -48.80 -45.18
 716.00 -62.33 -53.56
 717.00 -70.41 -33.47
 718.00 -69.22 -49.74
 719.00 -61.51 -30.71
 720.00 -122.94  -8.34
 721.00 -54.14 -11.41
 722.00 -49.10 121.43
 723.00  84.45 129.69
 724.00 -58.77 -27.86
 725.00 -64.92 -27.31
 726.00 -70.64 -11.35
 727.00 -74.28 -29.58
 728.00 -63.30 149.87
 729.00 -62.38 148.92
 730.00 -53.95 -36.69
 731.00 -69.17 -48.66
 732.00 -60.24 -37.99
 733.00 -63.33 -45.89
 734.00 -69.91 -37.37
 735.00 -62.56 -54.69
 736.00 -86.99 -23.35
 737.00 -62.53 -41.22
 738.00 -90.98 -26.40
 739.00 -99.45 -20.91
 740.00 -56.90 -11.45
 741.00 -59.25 -43.74
 742.00 -75.77 -43.19
 743.00 -56.11 -40.72
 744.00 -65.45 -41.74
 745.00 -77.38 -49.60
 746.00 -58.25 -35.60
 747.00 -72.94 -44.04
 748.00 -53.73 -42.42
 749.00 -64.04 -51.71
 750.00 -71.62 -33.87
 751.00 -54.72 -36.95
 752.00 -57.79 -49.35
 753.00 -68.34 -39.18
 754.00 -72.54 -44.75
 755.00 -100.21 -43.38
 756.00 -137.31 -22.35
 757.00  39.65  16.64
 758.00  53.21  48.74
 759.00 -60.01  11.81
 760.00 -120.36 -42.79
 761.00 -96.32 165.18
 762.00 -102.90 120.13
 763.00 -56.32  69.70
 764.00 -154.09 -44.07
 765.00 -75.51 164.74
 766.00 -91.86 -18.26
 767.00 -90.37 -45.95
 768.00 -77.51  72.95
 769.00 -95.34 129.78
 770.00 -64.76 101.46
 771.00 -57.77 162.42
 772.00 -43.94 -38.71
 773.00 -61.81 -55.71
 774.00 -59.71 -30.13
 775.00 -64.66 -45.25
 776.00 -87.88 -35.84
 777.00 -85.31 -31.58
 778.00  49.87  -3.78
 779.00 -134.42  60.47
 780.00 -28.95   2.12
 781.00 -55.02 -47.32
 782.00 -68.33 -53.22
 783.00 -64.84 -25.42
 784.00 -60.96 -44.35
 785.00 -46.35 -45.05
 786.00 -66.13 -53.51
 787.00 -65.44 -30.11
 788.00 -71.78 -44.12
 789.00 -67.06 -23.88
 790.00 -45.39 -57.25
 791.00 -71.19 -45.87
 792.00 -63.49 -27.59
 793.00 -60.40 -31.71
 794.00 -105.45 -24.76
 795.00 -52.67 -28.98
 796.00 -79.58 -55.86
 797.00  61.37 -11.60
 798.00 -70.70  48.76
 799.00 -75.20 125.40
 800.00 -60.99 151.15
 801.00 -75.75 -21.63
 802.00 -57.86 -43.08
 803.00 -64.24 -32.29
 804.00 -61.31 -46.38
 805.00 -63.60 -47.85
 806.00 -65.01 -43.64
 807.00 -65.32 -43.92
 808.00 -58.69 -34.89
 809.00 -64.11 -49.40
 810.00 -62.13 -27.16
 811.00 -68.48 -23.55
 812.00 -77.52 -45.79
 813.00 -131.16  31.72
 814.00 -158.68  15.33
 815.00 -158.59 129.36
 816.00 -66.82 153.55
 817.00 -66.78 146.13
 818.00 -61.71 -41.93
 819.00 104.50 -16.26
 820.00 -58.11 148.95
 821.00 -73.15 150.99
 822.00 -130.14 -20.55
 823.00 -51.86  35.78
 824.00 -67.01 -25.38
 825.00 -75.36 -27.64
 826.00 -72.52 -34.69
 827.00 -66.19 -44.18
 828.00 -64.31 -36.83
 829.00 -60.01 -47.97
 830.00 -50.83 -50.23
 831.00 -58.65 -55.12
 832.00 -62.02 -42.21
 833.00 -58.20 -56.54
 834.00 -54.90 -33.03
 835.00 -56.46 -57.67
 836.00 -67.11 -42.36
 837.00 -64.09 -35.52
 838.00 -67.54 -40.41
 839.00 -53.21 -39.86
 840.00 -127.08 -21.60
 841.00 -60.50   3.94
 842.00 -76.81 142.05
 843.00 -147.20  97.44
 844.00 -85.99 164.26
 845.00 -59.51  93.60
 846.00 -57.57 -19.39
 847.00 -130.72 -30.34
 848.00 -64.63  94.01
 849.00 -58.41 -16.43
 850.00 -59.65 -38.35
 851.00 -71.41 -46.79
 852.00 -53.82 -51.09
 853.00 -61.21 -39.41
 854.00 -60.07 -54.97
 855.00 -56.66 -45.03
 856.00 -71.13 -36.67
 857.00 -56.00 -49.38
 858.00 -67.81 -41.08
 859.00 -58.16 -47.52
 860.00 -61.19 -32.17
 861.00 -62.26 -52.66
 862.00 -60.46 -44.04
 863.00 -66.72 -38.92
 864.00 -66.19 -36.95
 865.00 -63.51 -20.29
 866.00 -71.32 -21.11
 867.00 -73.37 -50.35
 868.00 -76.97 -20.79
 869.00 -65.10 -40.07
 870.00 -59.61 -40.22
 871.00 -75.52 -36.44
 872.00 -74.87 -28.73
 873.00 -75.25 -32.02
 874.00 -69.89 -26.38
 875.00 -66.55 -35.93
 876.00 -77.00 -47.64
 877.00 -60.86 -27.47
 878.00 -67.23 -44.24
 879.00 -76.96 -23.41
 880.00 -59.67 -43.83
 881.00 -62.70 -47.27
 882.00 -121.28  -4.78
 883.00 -48.11   0.08
 884.00 -67.73 -43.23
 885.00 -73.75 -33.78
 886.00 -78.09 -39.71
 887.00  57.63 -10.41
 888.00 -75.83  30.18
 889.00 -84.44 130.89
 890.00 -107.15 116.53
 891.00 -61.64 138.17
 892.00 -58.25 147.52
 893.00 -67.04 -49.72
 894.00 -64.90 -32.16
 895.00 -63.13 -49.64
 896.00 -75.18 -28.91
 897.00 -43.83 -52.69
 898.00 -84.46 -43.22
 899.00 -88.72 -21.68
 900.00 -123.39 -21.27
 901.00 -85.99 -54.13
 902.00 -38.56 -50.76
 903.00 -56.93 -56.85
 904.00 -69.44 -18.36
 905.00 -69.50 -30.58
 906.00 -68.82 -41.47
 907.00 -80.72 -39.94
 908.00  83.08   6.62
 909.00 -49.11 -29.00
 910.00 -125.46 -17.03
 911.00 -118.71 132.68
 912.00 -63.95 131.32
 913.00 -79.24 136.18
 914.00 -71.80  82.51
 915.00 -59.99 121.45
 916.00 -84.18 -49.92
 917.00 -144.56 127.47


