 residuo Phi Psi
 669.00 -92.31 122.06
 670.00 -76.86 130.07
 671.00 -136.35 131.08
 672.00 -64.07 -11.32
 673.00 -54.76 -55.21
 674.00 -65.10 -38.31
 675.00 -64.14 -33.50
 676.00 -53.42 -51.62
 677.00 -66.88 -48.17
 678.00 -97.13 -17.10
 679.00 -89.13 -29.26
 680.00 -48.11 -27.59
 681.00 -79.51 116.85
 682.00 -66.77 164.11
 683.00 -83.04 174.62
 684.00 -71.90 119.14
 685.00 -82.67 118.34
 686.00 -77.10 138.46
 687.00  79.77 -17.08
 688.00 -68.56  32.50
 689.00 -143.16 169.31
 690.00 -57.46 118.14
 691.00 -71.71 -16.79
 692.00 -79.84 -22.40
 693.00 -58.09 111.72
 694.00 -71.42 143.79
 695.00 -132.37 114.46
 696.00 -56.16 171.76
 697.00 -70.37 -44.13
 698.00 -64.26 -50.75
 699.00 -74.67 -34.70
 700.00 -74.62 -40.92
 701.00 -60.71 -39.61
 702.00 -60.64 -45.41
 703.00 -59.88 -40.52
 704.00 -66.70 -39.74
 705.00 -60.36 -39.25
 706.00 -70.77 -44.71
 707.00 -57.21 -33.46
 708.00 -66.03 -53.27
 709.00 -52.98 -40.01
 710.00 -75.87 -39.86
 711.00 -57.62 -31.92
 712.00 -48.58 -55.36
 713.00 -82.87 -42.15
 714.00 -79.86 -28.57
 715.00 -66.03 -24.36
 716.00 -58.51 -45.25
 717.00 -62.73 -55.68
 718.00 -59.44 -39.60
 719.00 -62.98 -49.23
 720.00 -77.85 -28.33
 721.00 -65.50  -9.20
 722.00 -65.99 138.02
 723.00  80.32 144.61
 724.00 -55.39 -10.68
 725.00 -61.92 -36.80
 726.00 -66.55  -8.53
 727.00 -99.97 -27.09
 728.00 -80.76 142.46
 729.00 -64.62 167.24
 730.00 -64.26 -31.50
 731.00 -84.58 -30.88
 732.00 -63.24 -32.95
 733.00 -78.92 -38.07
 734.00 -46.49 -34.50
 735.00 -63.15 -59.32
 736.00 -60.67 -40.32
 737.00 -79.52 -47.10
 738.00 -107.18  -3.84
 739.00 -77.23 -36.12
 740.00 -57.85  -4.63
 741.00 -67.08 -56.44
 742.00 -45.71 -49.58
 743.00 -84.82 -51.01
 744.00 -81.98 -34.13
 745.00 -76.90 -30.47
 746.00 -68.40 -28.29
 747.00 -50.14 -47.56
 748.00 -64.82 -42.38
 749.00 -49.59 -42.77
 750.00 -62.33 -44.54
 751.00 -54.73 -53.57
 752.00 -58.06 -43.45
 753.00 -65.10 -47.34
 754.00 -107.53 -24.70
 755.00 -77.70 -38.89
 756.00 -144.67 -37.95
 757.00  56.25  34.06
 758.00  55.44  21.67
 759.00 -50.92  -6.81
 760.00 -145.76 -14.07
 761.00 -88.98 147.17
 762.00 -83.43 104.32
 763.00 -55.37  66.01
 764.00 -142.10 -55.81
 765.00 -62.98 155.65
 766.00 -86.96 -35.18
 767.00 -144.61  -0.02
 768.00 -79.59  62.86
 769.00 -93.30 131.28
 770.00 -69.11 104.94
 771.00 -78.16 -176.50
 772.00 -64.02 -31.64
 773.00 -78.17 -28.23
 774.00 -66.78 -34.60
 775.00 -75.67 -32.32
 776.00 -74.89 -41.37
 777.00 -88.05  -7.10
 778.00  48.97  -8.43
 779.00 -122.47  35.85
 780.00 -52.88  31.40
 781.00 -50.12 -45.76
 782.00 -78.34 -49.57
 783.00 -66.40 -38.60
 784.00 -80.14 -19.20
 785.00 -71.87 -38.28
 786.00 -73.40 -27.21
 787.00 -59.81 -40.31
 788.00 -66.31 -43.78
 789.00 -62.94 -38.84
 790.00 -79.20 -35.77
 791.00 -54.29 -40.78
 792.00 -66.85 -24.40
 793.00 -32.01 -54.34
 794.00 -80.53 -42.92
 795.00 -90.44 -23.03
 796.00 -73.56 -35.31
 797.00  40.33 -16.07
 798.00 -82.82  78.68
 799.00 -92.35 147.92
 800.00 -61.61 149.21
 801.00 -65.77 -35.68
 802.00 -71.00 -39.15
 803.00 -47.93 -44.61
 804.00 -68.41 -43.63
 805.00 -81.62 -35.51
 806.00 -64.36 -30.28
 807.00 -79.21 -36.51
 808.00 -50.84 -39.85
 809.00 -63.65 -39.83
 810.00 -54.74 -43.04
 811.00 -74.62 -23.46
 812.00 -93.58 -44.58
 813.00 -132.97  48.33
 814.00 -160.42  18.42
 815.00 -148.66 129.62
 816.00 -65.47 170.18
 817.00 -63.91 157.01
 818.00 -82.25 -37.90
 819.00  76.98  -5.03
 820.00 -76.59 175.47
 821.00 -65.07 173.08
 822.00 -97.71 -47.92
 823.00 -72.91  37.51
 824.00 -55.36 -31.70
 825.00 -96.65 -31.33
 826.00 -60.83 -19.91
 827.00 -66.32 -35.83
 828.00 -54.25 -50.13
 829.00 -75.05 -35.65
 830.00 -57.00 -49.04
 831.00 -60.41 -37.86
 832.00 -62.43 -53.39
 833.00 -80.67 -35.96
 834.00 -68.65 -17.17
 835.00 -69.83 -50.57
 836.00 -70.38 -21.60
 837.00 -55.34 -43.96
 838.00 -49.72 -59.65
 839.00 -80.28 -11.77
 840.00 -114.44 -40.24
 841.00 -54.84   6.06
 842.00 -76.34 140.84
 843.00 -149.46  96.24
 844.00 -63.70 150.84
 845.00 -67.38  97.51
 846.00 -49.83 -17.64
 847.00 -123.26 -26.33
 848.00 -56.75  89.80
 849.00 -75.14 -18.81
 850.00 -60.55 -37.38
 851.00 -76.14 -31.57
 852.00 -66.81 -37.83
 853.00 -71.91 -36.46
 854.00 -67.56 -33.69
 855.00 -54.16 -45.65
 856.00 -38.23 -50.10
 857.00 -58.22 -54.05
 858.00 -90.62 -29.53
 859.00 -65.64 -39.53
 860.00 -61.14 -37.05
 861.00 -75.23 -36.06
 862.00 -60.45 -41.88
 863.00 -63.10 -45.62
 864.00 -74.60 -24.89
 865.00 -92.25  -9.87
 866.00 -48.48 -45.20
 867.00 -71.35 -45.58
 868.00 -61.48 -34.61
 869.00 -51.32 -49.52
 870.00 -73.99 -41.17
 871.00 -59.19 -33.54
 872.00 -77.37 -46.55
 873.00 -71.10 -24.22
 874.00 -65.00 -41.08
 875.00 -61.47 -44.33
 876.00 -78.54 -39.86
 877.00 -62.43 -43.19
 878.00 -64.37 -35.23
 879.00 -96.60 -23.46
 880.00 -71.40 -21.30
 881.00 -66.00 -51.50
 882.00 -73.72 -37.63
 883.00 -48.62 -21.61
 884.00 -78.64 -30.77
 885.00 -71.05 -32.14
 886.00 -100.06 -27.69
 887.00  57.12   7.56
 888.00 -86.85  30.71
 889.00 -98.83 133.56
 890.00 -109.57 137.16
 891.00 -72.75 137.93
 892.00 -76.98 165.75
 893.00 -64.50 -37.29
 894.00 -61.29 -44.98
 895.00 -45.58 -49.61
 896.00 -65.05 -44.32
 897.00 -68.25 -41.95
 898.00 -79.43 -39.29
 899.00 -81.55 -28.46
 900.00 -110.13 -29.68
 901.00 -80.95 -45.24
 902.00 -52.70 -61.46
 903.00 -58.90 -36.48
 904.00 -52.58 -38.99
 905.00 -73.38 -37.19
 906.00 -55.19 -48.18
 907.00 -72.97 -46.59
 908.00  78.12 -15.31
 909.00 -64.26  16.33
 910.00 -130.80 -19.56
 911.00 -143.22 138.04
 912.00 -60.10 129.05
 913.00 -81.30 144.55
 914.00 -100.00 128.18
 915.00 -101.68 153.09
 916.00 -103.53 -39.30
 917.00 -64.06 145.00


