 residuo Phi Psi
 669.00 -64.25 152.22
 670.00 -66.06 154.66
 671.00 -65.12 151.70
 672.00 -63.43 -32.61
 673.00 -74.33 -33.15
 674.00 -67.24 -31.55
 675.00 -83.48 -34.56
 676.00 -55.05 -42.19
 677.00 -68.17 -44.28
 678.00 -82.57 -20.64
 679.00 -97.51 -30.14
 680.00 -75.51   8.62
 681.00 -78.29 124.02
 682.00 -86.01 171.52
 683.00 -72.39 175.67
 684.00 -109.66 137.13
 685.00 -81.74 133.55
 686.00 -65.57 134.79
 687.00  95.78 -31.98
 688.00 -66.23  11.11
 689.00 -152.64 158.48
 690.00 -56.40 103.13
 691.00 -64.72  -9.85
 692.00 -84.12 -30.07
 693.00 -67.88 137.28
 694.00 -97.28 159.81
 695.00 -134.54 145.05
 696.00 -66.57 162.67
 697.00 -63.96 -52.74
 698.00 -64.91 -39.89
 699.00 -52.05 -48.19
 700.00 -83.42 -37.60
 701.00 -68.39 -36.76
 702.00 -73.75 -28.85
 703.00 -68.13 -29.26
 704.00 -70.24 -43.00
 705.00 -66.14 -40.73
 706.00 -70.61 -41.86
 707.00 -68.86 -33.10
 708.00 -72.96 -24.34
 709.00 -62.26 -43.06
 710.00 -75.11 -36.30
 711.00 -71.05 -32.69
 712.00 -62.24 -37.84
 713.00 -71.09 -45.66
 714.00 -75.82 -29.59
 715.00 -62.92 -46.99
 716.00 -75.90 -29.42
 717.00 -64.13 -37.43
 718.00 -58.84 -46.16
 719.00 -62.25 -41.49
 720.00 -91.13 -25.41
 721.00 -76.52 -22.38
 722.00 -66.63 138.84
 723.00  79.60 154.54
 724.00 -60.60 -35.51
 725.00 -59.23 -23.33
 726.00 -75.54   1.32
 727.00 -69.39 -35.69
 728.00 -70.39 146.94
 729.00 -56.83 155.12
 730.00 -71.35 -27.47
 731.00 -56.78 -44.38
 732.00 -73.01 -35.23
 733.00 -76.99 -40.28
 734.00 -63.30 -19.91
 735.00 -67.86 -66.67
 736.00 -51.30 -30.43
 737.00 -74.83 -52.87
 738.00 -72.46 -40.81
 739.00 -83.65 -37.10
 740.00 -46.56 -10.45
 741.00 -69.62 -54.73
 742.00 -59.86 -34.80
 743.00 -78.65 -34.36
 744.00 -70.64 -39.86
 745.00 -80.37 -32.67
 746.00 -71.73 -35.52
 747.00 -72.75 -29.15
 748.00 -70.05 -36.09
 749.00 -61.74 -31.47
 750.00 -64.79 -36.87
 751.00 -64.13 -45.10
 752.00 -52.16 -50.65
 753.00 -61.40 -42.48
 754.00 -74.74 -56.12
 755.00 -92.81 -40.92
 756.00 -145.79 -26.18
 757.00  58.98  14.43
 758.00  73.90  22.52
 759.00 -81.65  10.68
 760.00 -130.63 -19.51
 761.00 -85.10 151.87
 762.00 -86.49 104.96
 763.00 -54.73  60.37
 764.00 -143.26 -55.33
 765.00 -75.00 175.71
 766.00 -76.66 -33.78
 767.00 -86.25 -54.50
 768.00 -71.58  56.81
 769.00 -84.03 117.48
 770.00 -120.38 132.65
 771.00 -63.42 -165.53
 772.00 -69.59 -33.69
 773.00 -67.36 -41.09
 774.00 -68.91 -29.17
 775.00 -80.39 -36.46
 776.00 -61.48 -57.16
 777.00 -94.37 -29.30
 778.00  64.56   3.65
 779.00 -122.36  32.84
 780.00 -64.86  18.44
 781.00 -56.92 -41.95
 782.00 -68.86 -40.57
 783.00 -48.03 -48.70
 784.00 -52.60 -49.62
 785.00 -57.83 -50.23
 786.00 -55.40 -57.91
 787.00 -63.95 -36.58
 788.00 -76.97 -37.23
 789.00 -50.02 -37.16
 790.00 -61.72 -68.05
 791.00 -64.85 -33.90
 792.00 -77.22 -13.58
 793.00 -55.97 -30.80
 794.00 -84.51 -58.28
 795.00 -58.19 -11.50
 796.00 -86.93 -54.51
 797.00  46.12 -15.92
 798.00 -67.49  75.78
 799.00 -77.51 131.09
 800.00 -62.02 161.66
 801.00 -67.70 -29.24
 802.00 -52.49 -46.87
 803.00 -50.36 -58.92
 804.00 -59.57 -44.69
 805.00 -64.93 -53.40
 806.00 -62.65 -44.51
 807.00 -61.46 -40.30
 808.00 -78.11 -34.21
 809.00 -61.12 -41.28
 810.00 -68.63 -31.69
 811.00 -68.35 -19.16
 812.00 -118.41 -16.30
 813.00 -128.29  33.82
 814.00 -154.84  12.31
 815.00 -161.15 138.41
 816.00 -70.13 168.80
 817.00 -78.94 172.17
 818.00 -66.95 -42.45
 819.00  65.36  11.87
 820.00 -79.61 -164.00
 821.00 -70.98 166.85
 822.00 -81.04 -39.28
 823.00 -66.03  37.04
 824.00 -65.36 -25.92
 825.00 -62.64 -45.69
 826.00 -83.36 -24.16
 827.00 -50.04 -45.00
 828.00 -72.54 -37.34
 829.00 -81.70 -42.92
 830.00 -52.91 -33.17
 831.00 -66.50 -51.92
 832.00 -65.71 -25.26
 833.00 -71.76 -48.79
 834.00 -51.06 -36.06
 835.00 -63.43 -53.56
 836.00 -62.65 -45.03
 837.00 -56.67 -40.79
 838.00 -58.29 -49.54
 839.00 -90.51 -22.24
 840.00 -130.33  -8.98
 841.00 -53.70   5.94
 842.00 -83.27 146.25
 843.00 -156.17 109.53
 844.00 -93.67 163.09
 845.00 -83.87 105.91
 846.00 -69.23 -18.07
 847.00 -72.23 -44.20
 848.00 -79.77 153.87
 849.00 -145.87 -16.33
 850.00 -64.12   2.27
 851.00 -66.95 -47.75
 852.00 -52.46 -51.97
 853.00 -68.22 -44.36
 854.00 -55.75 -45.27
 855.00 -49.54 -56.42
 856.00 -66.48 -47.43
 857.00 -64.26 -39.92
 858.00 -78.38 -29.80
 859.00 -57.21 -44.15
 860.00 -62.23 -36.81
 861.00 -74.31 -29.09
 862.00 -73.51 -35.94
 863.00 -51.98 -48.81
 864.00 -65.91 -41.23
 865.00 -54.02 -36.37
 866.00 -61.80 -36.69
 867.00 -55.60 -37.54
 868.00 -65.43 -39.90
 869.00 -58.95 -48.92
 870.00 -81.48 -35.92
 871.00 -54.11 -36.88
 872.00 -55.19 -52.79
 873.00 -53.98 -46.64
 874.00 -73.62 -34.92
 875.00 -54.33 -48.12
 876.00 -72.85 -51.16
 877.00 -71.47 -28.54
 878.00 -62.41 -41.72
 879.00 -82.20 -27.37
 880.00 -67.87 -33.59
 881.00 -33.90 -46.67
 882.00 -82.29 -65.50
 883.00 -63.76   4.56
 884.00 -59.87 -47.14
 885.00 -67.40 -47.38
 886.00 -71.58 -45.92
 887.00  66.29   5.34
 888.00 -90.35  12.36
 889.00 -92.47 122.90
 890.00 -113.40 127.50
 891.00 -80.14 132.02
 892.00 -72.15 141.38
 893.00 -64.96 -29.53
 894.00 -77.10 -43.81
 895.00 -56.37 -43.75
 896.00 -79.37 -26.72
 897.00 -48.15 -27.93
 898.00 -71.03 -53.48
 899.00 -55.07 -47.07
 900.00 -102.12 -50.99
 901.00 -95.43 -53.43
 902.00 -61.52 -30.41
 903.00 -63.58 -28.78
 904.00 -75.29 -21.78
 905.00 -66.75 -31.93
 906.00 -69.12 -53.66
 907.00 -69.97 -44.11
 908.00  85.34 -11.51
 909.00 -74.24  19.32
 910.00 -128.82  -9.71
 911.00 -130.21 111.36
 912.00 -62.19 137.23
 913.00 -79.82 148.70
 914.00 -86.00 103.91
 915.00 -78.52 119.08
 916.00 -92.76 -29.08
 917.00 -98.91 149.35


