 residuo Phi Psi
 669.00 -72.20 121.95
 670.00 -61.30 141.25
 671.00 -159.13 139.46
 672.00 -69.67 -30.22
 673.00 -73.26 -39.98
 674.00 -75.29 -31.21
 675.00 -61.39 -21.47
 676.00 -58.35 -62.77
 677.00 -74.28 -33.53
 678.00 -73.70 -31.85
 679.00 -115.56 -16.04
 680.00 -71.26  -1.51
 681.00 -72.21 122.91
 682.00 -90.46 -178.09
 683.00 -54.00 169.28
 684.00 -109.71 138.10
 685.00 -82.70 127.49
 686.00 -72.75 154.02
 687.00  73.24 -31.88
 688.00 -72.47  29.77
 689.00 -88.24 136.23
 690.00 -67.64  82.63
 691.00 -84.67  -5.16
 692.00 -95.79  -2.75
 693.00 -52.62 149.61
 694.00 -63.18 135.35
 695.00 -162.61 136.22
 696.00 -44.89 145.97
 697.00 -76.13 -57.22
 698.00 -74.18 -22.16
 699.00 -65.48 -46.36
 700.00 -61.58 -48.98
 701.00 -58.14 -42.64
 702.00 -68.61 -44.46
 703.00 -68.29 -25.63
 704.00 -64.69 -37.12
 705.00 -66.43 -38.52
 706.00 -80.34 -31.24
 707.00 -61.09 -29.98
 708.00 -53.06 -43.15
 709.00 -73.89 -48.73
 710.00 -70.39 -34.37
 711.00 -58.64 -36.41
 712.00 -57.31 -46.11
 713.00 -73.41 -46.37
 714.00 -73.18 -24.86
 715.00 -70.42 -30.49
 716.00 -55.30 -37.56
 717.00 -62.01 -51.91
 718.00 -70.97 -44.17
 719.00 -64.34 -20.37
 720.00 -139.36   3.10
 721.00 -58.81  -7.00
 722.00 -78.94 143.71
 723.00  86.09 118.77
 724.00 -71.12  -1.34
 725.00 -78.33 -30.15
 726.00 -77.88   5.18
 727.00 -87.58 -14.55
 728.00 -61.49 157.78
 729.00 -63.77 151.64
 730.00 -57.24 -41.02
 731.00 -68.76 -41.56
 732.00 -57.03 -42.92
 733.00 -70.51 -43.20
 734.00 -56.83 -45.08
 735.00 -70.86 -47.69
 736.00 -63.20 -24.79
 737.00 -64.31 -51.28
 738.00 -97.82 -17.68
 739.00 -91.66 -35.25
 740.00 -47.48 -14.95
 741.00 -49.01 -54.73
 742.00 -52.30 -66.34
 743.00 -68.37 -44.76
 744.00 -81.42 -45.80
 745.00 -66.75 -25.77
 746.00 -61.75 -45.64
 747.00 -42.75 -45.47
 748.00 -65.20 -53.43
 749.00 -74.07 -31.07
 750.00 -63.28 -43.43
 751.00 -57.71 -53.46
 752.00 -70.94 -26.56
 753.00 -70.16 -38.87
 754.00 -73.82 -37.48
 755.00 -125.91 -15.74
 756.00 -141.91 -35.17
 757.00  44.58  31.08
 758.00  71.55  37.57
 759.00 -62.65 -12.46
 760.00 -87.86 -62.07
 761.00 -94.14 151.93
 762.00 -98.61 107.63
 763.00 -59.50  70.76
 764.00 -153.88 -51.54
 765.00 -52.56 158.55
 766.00 -97.29 -38.96
 767.00 -141.02   2.60
 768.00 -75.89  64.60
 769.00 -93.81 139.40
 770.00 -86.89 117.06
 771.00 -53.98 164.58
 772.00 -50.40 -38.27
 773.00 -73.71 -48.13
 774.00 -66.70 -31.82
 775.00 -75.16 -33.00
 776.00 -65.59 -44.58
 777.00 -77.15 -31.69
 778.00  60.58  -8.36
 779.00 -65.14 -23.57
 780.00 -64.70  34.64
 781.00 -64.46 -54.41
 782.00 -60.89 -36.95
 783.00 -72.42 -34.95
 784.00 -73.23 -29.88
 785.00 -63.08 -39.84
 786.00 -66.86 -43.97
 787.00 -55.10 -37.02
 788.00 -60.98 -55.97
 789.00 -51.73 -36.23
 790.00 -60.37 -48.23
 791.00 -65.94 -41.18
 792.00 -65.34 -20.06
 793.00 -64.33 -37.69
 794.00 -71.57 -38.07
 795.00 -69.81 -38.26
 796.00 -86.03 -26.58
 797.00  53.17  -5.28
 798.00 -66.44  39.72
 799.00 -102.02 151.99
 800.00 -64.32 152.23
 801.00 -71.29 -19.25
 802.00 -62.65 -45.67
 803.00 -62.66 -40.14
 804.00 -60.51 -46.29
 805.00 -53.12 -51.66
 806.00 -72.18 -43.33
 807.00 -60.05 -42.07
 808.00 -61.35 -38.60
 809.00 -64.66 -50.58
 810.00 -71.09 -22.62
 811.00 -70.09 -22.03
 812.00 -92.30 -33.76
 813.00 -117.01  36.16
 814.00 -138.07  -2.17
 815.00 -151.70 131.62
 816.00 -56.04 160.07
 817.00 -63.65 164.27
 818.00 -80.28 -45.97
 819.00  92.64  -5.77
 820.00 -63.25 173.21
 821.00 -74.16 169.78
 822.00 -137.36   2.34
 823.00 -58.19  37.12
 824.00 -53.17 -41.53
 825.00 -68.30 -47.58
 826.00 -60.12 -31.71
 827.00 -69.53 -45.97
 828.00 -72.72 -28.35
 829.00 -77.92 -41.85
 830.00 -65.85 -34.92
 831.00 -65.83 -35.37
 832.00 -58.07 -48.04
 833.00 -61.92 -53.03
 834.00 -54.72 -37.01
 835.00 -64.55 -50.62
 836.00 -64.36 -37.06
 837.00 -53.43 -45.29
 838.00 -60.98 -46.22
 839.00 -61.32 -21.53
 840.00 -128.83 -28.90
 841.00 -60.82   8.46
 842.00 -72.57 143.99
 843.00 -155.81 100.36
 844.00 -96.26 171.51
 845.00 -59.55 123.51
 846.00 -57.94 -47.07
 847.00 -129.55 -31.52
 848.00 -57.65  68.86
 849.00 -60.17  -8.06
 850.00 -48.34 -35.97
 851.00 -85.53 -30.92
 852.00 -47.26 -46.61
 853.00 -62.67 -53.33
 854.00 -58.54 -48.72
 855.00 -52.04 -41.82
 856.00 -57.95 -52.33
 857.00 -66.78 -42.34
 858.00 -80.06 -26.04
 859.00 -67.99 -38.95
 860.00 -81.36 -27.37
 861.00 -59.53 -36.13
 862.00 -68.07 -39.86
 863.00 -67.59 -31.01
 864.00 -83.06 -22.99
 865.00 -74.09 -27.20
 866.00 -62.78 -29.78
 867.00 -54.59 -55.93
 868.00 -68.26 -24.93
 869.00 -61.53 -51.07
 870.00 -57.54 -36.48
 871.00 -71.80 -38.24
 872.00 -100.44 -15.31
 873.00 -67.69 -26.51
 874.00 -73.38 -43.87
 875.00 -68.93 -38.34
 876.00 -74.53 -47.18
 877.00 -54.97 -34.91
 878.00 -59.34 -42.95
 879.00 -69.96 -26.77
 880.00 -61.93 -56.27
 881.00 -63.48 -33.24
 882.00 -132.54 -15.06
 883.00 -44.67  48.83
 884.00 -64.56 -45.35
 885.00 -94.71 -27.30
 886.00 -81.23 -30.92
 887.00  70.04 -20.82
 888.00 -77.84  12.32
 889.00 -80.06 123.97
 890.00 -128.35 140.74
 891.00 -63.35 139.33
 892.00 -42.10 135.22
 893.00 -95.15 -35.27
 894.00 -75.82 -22.80
 895.00 -59.23 -42.50
 896.00 -58.64 -37.92
 897.00 -69.72 -45.34
 898.00 -74.54 -43.28
 899.00 -85.82 -25.57
 900.00 -80.28 -39.80
 901.00 -85.92 -61.56
 902.00 -77.19 -33.56
 903.00 -77.60 -31.87
 904.00 -66.69  -6.55
 905.00 -79.19 -34.76
 906.00 -61.29 -45.27
 907.00 -71.83 -38.83
 908.00  80.33  -8.59
 909.00 -85.87   7.78
 910.00 -125.56 -14.08
 911.00 -140.30 142.50
 912.00 -67.38 153.97
 913.00 -76.90 147.32
 914.00 -88.83 115.82
 915.00 -78.03 129.37
 916.00 -127.63 -28.87
 917.00 -139.96 160.91


