 residuo Phi Psi
 669.00 -67.57 166.55
 670.00 -50.14 146.38
 671.00 -43.68 139.61
 672.00 -50.05 -46.66
 673.00 -72.77 -42.96
 674.00 -58.47 -41.08
 675.00 -70.24 -40.30
 676.00 -60.73 -46.91
 677.00 -66.59 -37.24
 678.00 -59.88 -43.16
 679.00 -81.33 -40.17
 680.00 -69.29 -21.64
 681.00 -69.26 125.10
 682.00 -68.04 144.30
 683.00 -72.53 169.25
 684.00 -140.21 160.64
 685.00 -87.35 146.64
 686.00 -77.20 158.03
 687.00  62.19 -13.36
 688.00 -62.82  16.93
 689.00 -83.39 133.13
 690.00 -63.00  75.64
 691.00 -66.50 -24.54
 692.00 -101.69  -2.32
 693.00 -66.56 153.22
 694.00 -58.81 144.73
 695.00 -166.93 147.35
 696.00 -53.45 152.18
 697.00 -72.45 -64.97
 698.00 -68.96 -16.89
 699.00 -66.86 -47.43
 700.00 -80.16 -38.20
 701.00 -66.65 -35.98
 702.00 -74.41 -33.90
 703.00 -57.98 -31.84
 704.00 -72.11 -36.68
 705.00 -60.79 -42.32
 706.00 -65.76 -48.86
 707.00 -36.87 -36.32
 708.00 -52.60 -63.31
 709.00 -65.36 -50.50
 710.00 -66.58 -35.63
 711.00 -65.17 -39.34
 712.00 -55.33 -44.56
 713.00 -68.25 -48.56
 714.00 -58.59 -33.73
 715.00 -63.23 -46.64
 716.00 -56.13 -45.86
 717.00 -74.65 -31.57
 718.00 -68.42 -38.70
 719.00 -75.53 -31.73
 720.00 -91.42 -22.74
 721.00 -38.84 -31.92
 722.00 -68.47 136.64
 723.00  68.95 151.88
 724.00 -66.12 -26.43
 725.00 -69.23 -26.14
 726.00 -56.85 -21.34
 727.00 -81.72 -30.09
 728.00 -55.76 148.92
 729.00 -60.49 147.96
 730.00 -65.98 -39.50
 731.00 -69.27 -26.01
 732.00 -55.68 -49.73
 733.00 -73.51 -40.15
 734.00 -63.78 -32.67
 735.00 -58.38 -59.89
 736.00 -65.71 -37.15
 737.00 -67.53 -45.05
 738.00 -115.00 -17.96
 739.00 -90.40 -20.68
 740.00 -53.15 -13.29
 741.00 -66.09 -45.64
 742.00 -51.86 -52.31
 743.00 -52.67 -46.80
 744.00 -48.63 -58.21
 745.00 -79.08 -57.29
 746.00 -69.23 -28.33
 747.00 -63.13 -46.57
 748.00 -60.27 -39.28
 749.00 -59.80 -43.41
 750.00 -64.41 -38.74
 751.00 -58.73 -49.19
 752.00 -78.11 -31.82
 753.00 -52.66 -46.67
 754.00 -76.36 -49.46
 755.00 -67.40 -64.96
 756.00 -128.44 -44.92
 757.00  51.69  27.91
 758.00  51.43  48.77
 759.00 -85.47   7.47
 760.00 -138.87 -20.94
 761.00 -69.83 127.90
 762.00 -87.35 111.81
 763.00 -68.87  77.41
 764.00 -161.23 -42.32
 765.00 -47.71 149.06
 766.00 -92.59 -36.19
 767.00 -132.80   1.55
 768.00 -75.44  41.26
 769.00 -93.00 126.94
 770.00 -79.07 109.47
 771.00 -62.90 -178.09
 772.00 -69.89 -34.28
 773.00 -66.00 -49.79
 774.00 -59.51 -26.57
 775.00 -69.10 -38.25
 776.00 -69.11 -47.64
 777.00 -69.60 -39.43
 778.00  60.00 -15.01
 779.00 -129.55  64.80
 780.00 -68.15  13.01
 781.00 -65.49 -37.79
 782.00 -73.09 -37.10
 783.00 -54.93 -37.36
 784.00 -69.16 -32.84
 785.00 -61.54 -43.59
 786.00 -65.59 -41.51
 787.00 -56.89 -39.99
 788.00 -72.61 -37.97
 789.00 -74.67 -30.50
 790.00 -65.72 -37.96
 791.00 -76.31 -39.52
 792.00 -60.66 -29.45
 793.00 -60.32 -31.88
 794.00 -63.94 -52.73
 795.00 -80.44 -29.83
 796.00 -68.58 -45.65
 797.00  60.82 -20.39
 798.00 -68.32  46.38
 799.00 -58.19 118.48
 800.00 -56.99 149.19
 801.00 -70.09 -28.57
 802.00 -69.57 -45.28
 803.00 -54.71 -40.94
 804.00 -61.82 -51.98
 805.00 -61.85 -40.50
 806.00 -67.96 -43.04
 807.00 -63.24 -41.85
 808.00 -66.15 -30.74
 809.00 -65.49 -47.77
 810.00 -66.10 -17.86
 811.00 -54.33 -34.21
 812.00 -75.95 -48.43
 813.00 -114.21  20.86
 814.00 -148.08   8.83
 815.00 -146.63 133.63
 816.00 -55.60 156.04
 817.00 -65.78 155.40
 818.00 -70.55 -47.14
 819.00  82.68  -6.86
 820.00 -72.18 172.05
 821.00 -72.46 154.10
 822.00 -94.25 -31.14
 823.00 -53.75  34.04
 824.00 -77.33 -39.51
 825.00 -81.77 -19.74
 826.00 -61.13 -41.90
 827.00 -62.49 -41.10
 828.00 -71.43 -39.43
 829.00 -55.40 -45.06
 830.00 -48.57 -54.27
 831.00 -69.37 -37.02
 832.00 -48.16 -47.42
 833.00 -61.44 -68.13
 834.00 -58.70 -25.73
 835.00 -73.71 -45.40
 836.00 -61.30 -34.75
 837.00 -68.06 -37.82
 838.00 -54.56 -48.77
 839.00 -61.66 -37.58
 840.00 -127.32 -17.72
 841.00 -56.82   3.11
 842.00 -74.72 140.70
 843.00 -140.26  79.16
 844.00 -83.29 152.12
 845.00 -61.78 109.21
 846.00 -66.23 -39.96
 847.00 -106.40 -13.27
 848.00 -60.75  98.50
 849.00 -82.57 -16.88
 850.00 -53.93 -29.70
 851.00 -64.79 -56.71
 852.00 -58.30 -41.11
 853.00 -68.01 -45.16
 854.00 -58.23 -46.41
 855.00 -58.92 -50.59
 856.00 -71.08 -37.40
 857.00 -52.63 -44.48
 858.00 -76.66 -40.74
 859.00 -58.74 -39.33
 860.00 -60.40 -33.43
 861.00 -66.03 -60.54
 862.00 -54.34 -34.41
 863.00 -84.04 -38.43
 864.00 -85.20 -14.96
 865.00 -78.44 -11.61
 866.00 -56.03 -38.02
 867.00 -68.83 -52.78
 868.00 -79.60 -19.48
 869.00 -60.68 -33.10
 870.00 -55.55 -56.46
 871.00 -61.24 -37.58
 872.00 -74.66 -41.92
 873.00 -65.38 -31.10
 874.00 -59.79 -52.31
 875.00 -66.78 -32.36
 876.00 -79.70 -46.44
 877.00 -70.68 -27.39
 878.00 -61.00 -40.60
 879.00 -82.73 -31.56
 880.00 -64.68 -34.17
 881.00 -60.40 -32.85
 882.00 -93.43 -45.49
 883.00 -38.73 -16.38
 884.00 -68.90 -49.08
 885.00 -58.07 -47.74
 886.00 -113.61 -17.49
 887.00  50.00  19.27
 888.00 -80.47  19.38
 889.00 -96.95 132.04
 890.00 -123.49 148.89
 891.00 -76.27 136.19
 892.00 -53.08 151.68
 893.00 -72.50 -40.04
 894.00 -49.57 -48.78
 895.00 -44.15 -70.27
 896.00 -64.54 -40.74
 897.00 -56.68 -46.87
 898.00 -74.40 -40.56
 899.00 -53.72 -44.58
 900.00 -113.50 -52.90
 901.00 -93.83 -36.93
 902.00 -53.41 -41.78
 903.00 -51.33 -48.68
 904.00 -68.42 -28.26
 905.00 -85.68 -27.56
 906.00 -70.07 -32.33
 907.00 -94.21 -33.19
 908.00  71.29  12.48
 909.00 -88.48  15.35
 910.00 -123.28  -4.26
 911.00 -124.78 143.14
 912.00 -62.74 118.04
 913.00 -113.33 162.65
 914.00 -144.61 147.76
 915.00 -89.86 152.55
 916.00 -81.86 -52.85
 917.00 -82.91 133.78


