 residuo Phi Psi
 669.00 -68.62 117.70
 670.00 -68.76 157.50
 671.00 -154.93 164.45
 672.00 -55.27  -4.51
 673.00 -56.32 -56.07
 674.00 -64.12 -39.32
 675.00 -88.76 -24.31
 676.00 -48.86 -48.37
 677.00 -51.46 -48.22
 678.00 -60.44 -56.12
 679.00 -90.19 -35.46
 680.00 -62.08   4.37
 681.00 -59.14 110.57
 682.00 -72.23 135.97
 683.00 -64.05 175.56
 684.00 -138.50 167.01
 685.00 -93.36 139.96
 686.00 -79.42 144.70
 687.00  72.94 -20.89
 688.00 -73.73  23.53
 689.00 -76.46 119.10
 690.00 -70.93 119.37
 691.00 -79.76  -4.18
 692.00 -81.00 -27.55
 693.00 -56.71 133.63
 694.00 -83.90 165.91
 695.00 -150.54 148.91
 696.00 -61.71 166.56
 697.00 -63.72 -41.24
 698.00 -74.58 -53.28
 699.00 -62.33 -38.88
 700.00 -72.23 -45.39
 701.00 -57.80 -46.01
 702.00 -77.64 -33.86
 703.00 -67.94 -30.61
 704.00 -66.94 -37.79
 705.00 -76.75 -28.56
 706.00 -56.30 -38.43
 707.00 -69.88 -40.20
 708.00 -59.94 -27.98
 709.00 -59.89 -58.87
 710.00 -81.39 -32.73
 711.00 -70.42 -26.87
 712.00 -64.40 -32.99
 713.00 -63.84 -51.79
 714.00 -77.79 -21.45
 715.00 -67.07 -43.25
 716.00 -66.10 -40.39
 717.00 -71.52 -37.18
 718.00 -47.53 -56.34
 719.00 -54.36 -37.87
 720.00 -132.09  -5.55
 721.00 -72.27  -3.28
 722.00 -58.82 127.54
 723.00  72.18 145.66
 724.00 -52.88 -27.60
 725.00 -75.19 -27.89
 726.00 -63.90 -13.58
 727.00 -72.02 -24.28
 728.00 -60.22 132.49
 729.00 -53.13 146.97
 730.00 -74.44 -29.08
 731.00 -61.25 -40.41
 732.00 -70.83 -28.88
 733.00 -58.45 -50.98
 734.00 -77.52 -24.99
 735.00 -76.74 -44.92
 736.00 -51.44 -27.45
 737.00 -78.45 -51.15
 738.00 -90.96 -20.85
 739.00 -81.61 -31.99
 740.00 -59.72 -24.04
 741.00 -63.04 -30.68
 742.00 -60.96 -53.72
 743.00 -64.53 -39.18
 744.00 -82.04 -43.96
 745.00 -65.05 -26.30
 746.00 -65.36 -48.63
 747.00 -71.57 -31.06
 748.00 -60.79 -37.20
 749.00 -66.69 -49.92
 750.00 -63.16 -38.95
 751.00 -56.39 -47.71
 752.00 -76.31 -29.68
 753.00 -72.12 -34.17
 754.00 -69.70 -40.23
 755.00 -82.33 -37.99
 756.00 -149.87 -42.35
 757.00  61.98  36.76
 758.00  58.98  24.63
 759.00 -84.07   8.74
 760.00 -102.37 -43.62
 761.00 -94.97 164.45
 762.00 -90.32 115.80
 763.00 -63.70  61.19
 764.00 -154.73 -46.90
 765.00 -62.72 162.38
 766.00 -100.04 -26.20
 767.00 -154.33   9.18
 768.00 -70.85  35.82
 769.00 -91.94 127.59
 770.00 -84.79 119.03
 771.00 -62.90 -177.37
 772.00 -55.73 -35.96
 773.00 -77.19 -40.11
 774.00 -46.35 -37.20
 775.00 -78.69 -39.38
 776.00 -66.82 -50.78
 777.00 -77.09 -23.62
 778.00  65.55  -8.89
 779.00 -91.74 -13.35
 780.00 -62.49  53.00
 781.00 -58.59 -59.00
 782.00 -63.11 -34.08
 783.00 -75.66 -44.51
 784.00 -78.32 -22.48
 785.00 -59.40 -34.78
 786.00 -71.52 -42.47
 787.00 -58.43 -27.53
 788.00 -53.47 -60.34
 789.00 -64.27 -30.29
 790.00 -74.02 -37.26
 791.00 -65.32 -30.05
 792.00 -67.80 -35.04
 793.00 -58.31 -33.07
 794.00 -60.70 -51.05
 795.00 -81.71 -33.69
 796.00 -85.51 -18.59
 797.00  51.07 -21.05
 798.00 -66.77  64.10
 799.00 -77.26 127.65
 800.00 -53.16 150.10
 801.00 -62.65 -28.67
 802.00 -71.79 -49.89
 803.00 -53.89 -25.86
 804.00 -66.38 -59.16
 805.00 -75.07 -29.36
 806.00 -64.99 -42.99
 807.00 -82.05 -30.40
 808.00 -82.92 -13.26
 809.00 -54.96 -47.06
 810.00 -56.67 -40.17
 811.00 -74.85 -24.64
 812.00 -99.31 -15.86
 813.00 -118.44  21.51
 814.00 -158.50  10.33
 815.00 -147.45 128.45
 816.00 -63.16 164.46
 817.00 -70.68 144.50
 818.00 -106.98 -20.64
 819.00  77.69  20.18
 820.00 -67.49 173.21
 821.00 -66.17 170.17
 822.00 -122.49 -19.30
 823.00 -54.93  36.27
 824.00 -67.76 -30.60
 825.00 -79.75 -41.45
 826.00 -60.84 -22.05
 827.00 -65.87 -48.60
 828.00 -71.06 -37.81
 829.00 -73.72 -33.78
 830.00 -60.64 -38.86
 831.00 -73.29 -42.27
 832.00 -67.29 -28.48
 833.00 -79.74 -46.98
 834.00 -78.84  -8.23
 835.00 -52.68 -48.53
 836.00 -73.50 -44.65
 837.00 -64.73 -34.09
 838.00 -60.74 -48.25
 839.00 -65.83 -26.33
 840.00 -115.58 -36.14
 841.00 -65.90  10.94
 842.00 -69.69 143.09
 843.00 -153.08  92.45
 844.00 -92.83 174.98
 845.00 -40.75 122.67
 846.00 -88.92 -36.30
 847.00 -130.36 -23.75
 848.00 -67.40  83.43
 849.00 -61.74  -3.05
 850.00 -56.95 -42.40
 851.00 -62.50 -34.89
 852.00 -72.19 -33.07
 853.00 -78.68 -37.68
 854.00 -62.93 -35.66
 855.00 -54.72 -49.43
 856.00 -70.10 -41.40
 857.00 -63.10 -42.04
 858.00 -66.24 -34.41
 859.00 -73.29 -38.63
 860.00 -70.35 -25.67
 861.00 -82.27 -26.07
 862.00 -62.43 -36.46
 863.00 -52.05 -48.40
 864.00 -89.57 -16.54
 865.00 -59.77 -30.93
 866.00 -57.16 -48.55
 867.00 -52.27 -56.10
 868.00 -65.08 -44.45
 869.00 -68.55 -33.44
 870.00 -60.20 -48.12
 871.00 -62.76 -39.04
 872.00 -70.88 -46.68
 873.00 -62.13 -25.13
 874.00 -56.34 -52.76
 875.00 -70.06 -40.29
 876.00 -74.27 -42.60
 877.00 -81.27 -31.87
 878.00 -55.78 -37.38
 879.00 -70.89 -31.18
 880.00 -70.64 -50.10
 881.00 -58.78 -44.61
 882.00 -129.03 -13.36
 883.00 -55.16  27.95
 884.00 -71.78 -23.32
 885.00 -69.73 -47.54
 886.00 -98.35 -18.44
 887.00  55.29 -17.60
 888.00 -80.66  15.25
 889.00 -85.41 118.18
 890.00 -117.32 129.02
 891.00 -67.49 135.37
 892.00 -60.05 151.89
 893.00 -89.31 -28.72
 894.00 -57.16 -32.83
 895.00 -57.97 -54.55
 896.00 -63.29 -45.06
 897.00 -63.09 -37.45
 898.00 -66.85 -47.41
 899.00 -97.39 -31.34
 900.00 -90.91 -29.23
 901.00 -111.43 -36.71
 902.00 -63.82 -35.49
 903.00 -62.72 -36.03
 904.00 -62.38 -26.58
 905.00 -76.35 -32.28
 906.00 -58.91 -59.29
 907.00 -107.65 -18.32
 908.00  89.50   0.10
 909.00 -74.76   5.55
 910.00 -129.95 -18.95
 911.00 -139.34 139.38
 912.00 -65.39 142.29
 913.00 -93.69 145.44
 914.00 -108.09 126.00
 915.00 -100.62 147.57
 916.00 -127.98 -16.01
 917.00 -73.30  51.56


