 residuo Phi Psi
 669.00 -64.80 115.71
 670.00 -96.51 171.27
 671.00 -155.28 144.50
 672.00 -56.91 -18.34
 673.00 -66.20 -37.31
 674.00 -69.49 -42.34
 675.00 -69.59 -27.01
 676.00 -58.98 -44.63
 677.00 -69.80 -32.58
 678.00 -59.54 -45.97
 679.00 -77.18 -49.41
 680.00 -64.56  -8.78
 681.00 -82.60 117.83
 682.00 -63.61 179.19
 683.00 -62.06 153.07
 684.00 -89.05 135.56
 685.00 -95.17 139.75
 686.00 -81.72 133.03
 687.00  72.96  -3.00
 688.00 -62.33  15.59
 689.00 -150.29 173.24
 690.00 -81.81 125.78
 691.00 -76.11 -14.55
 692.00 -106.54   0.80
 693.00 -59.48 135.46
 694.00 -71.20 147.47
 695.00 -165.27 155.42
 696.00 -71.31 171.77
 697.00 -42.11 -53.49
 698.00 -70.05 -57.41
 699.00 -66.79 -44.48
 700.00 -71.80 -44.60
 701.00 -50.43 -41.00
 702.00 -81.61 -34.89
 703.00 -80.24 -19.77
 704.00 -55.16 -43.24
 705.00 -81.96 -35.04
 706.00 -46.20 -49.49
 707.00 -69.80 -27.47
 708.00 -65.11 -39.67
 709.00 -56.25 -47.39
 710.00 -67.68 -42.68
 711.00 -60.14 -44.26
 712.00 -69.78 -39.21
 713.00 -69.39 -34.25
 714.00 -66.29 -31.59
 715.00 -67.47 -45.60
 716.00 -76.15 -28.89
 717.00 -60.14 -33.00
 718.00 -58.94 -53.12
 719.00 -49.47 -56.97
 720.00 -117.02 -11.11
 721.00 -64.14   1.68
 722.00 -56.78 123.09
 723.00  92.05 138.55
 724.00 -63.33 -32.96
 725.00 -84.40 -16.44
 726.00 -80.72  10.29
 727.00 -72.12 -20.23
 728.00 -62.84 146.53
 729.00 -55.56 150.68
 730.00 -65.41 -39.28
 731.00 -73.84 -29.32
 732.00 -50.28 -43.41
 733.00 -61.65 -44.95
 734.00 -69.05 -42.64
 735.00 -80.17 -42.99
 736.00 -59.72 -31.31
 737.00 -84.63 -30.37
 738.00 -94.53 -16.37
 739.00 -68.14 -45.94
 740.00 -53.58 -14.52
 741.00 -71.06 -51.78
 742.00 -54.86 -46.69
 743.00 -74.11 -48.79
 744.00 -60.68 -33.19
 745.00 -75.13 -42.16
 746.00 -43.58 -43.65
 747.00 -76.93 -49.61
 748.00 -81.62 -29.88
 749.00 -57.14 -34.21
 750.00 -58.01 -48.48
 751.00 -58.90 -58.02
 752.00 -64.74 -38.95
 753.00 -60.05 -44.04
 754.00 -64.09 -50.43
 755.00 -78.61 -55.85
 756.00 -149.68 -27.80
 757.00  47.12  35.71
 758.00  69.07  34.65
 759.00 -74.50  -7.25
 760.00 -96.05 -48.45
 761.00 -107.93 170.45
 762.00 -84.73 107.25
 763.00 -62.21  66.81
 764.00 -152.44 -54.09
 765.00 -57.91 154.96
 766.00 -81.58 -36.12
 767.00 -146.91 -10.41
 768.00 -99.38  88.66
 769.00 -83.90 132.78
 770.00 -94.34 111.12
 771.00 -48.25 169.68
 772.00 -64.07 -36.05
 773.00 -66.80 -52.80
 774.00 -72.32 -18.12
 775.00 -75.63 -35.81
 776.00 -65.29 -39.72
 777.00 -72.68 -40.50
 778.00  57.61  -7.98
 779.00 -93.08 -10.21
 780.00 -46.22  37.37
 781.00 -58.50 -50.94
 782.00 -82.52 -35.78
 783.00 -74.60 -26.32
 784.00 -72.27 -30.95
 785.00 -49.74 -54.51
 786.00 -61.65 -47.51
 787.00 -67.92 -35.14
 788.00 -68.36 -31.70
 789.00 -81.10 -24.07
 790.00 -67.11 -30.50
 791.00 -66.27 -31.68
 792.00 -57.65 -40.63
 793.00 -59.12 -29.18
 794.00 -77.57 -44.39
 795.00 -70.53 -36.43
 796.00 -82.69 -34.14
 797.00  60.50   3.09
 798.00 -56.71  28.03
 799.00 -76.90 129.55
 800.00 -62.88 158.83
 801.00 -70.99 -38.08
 802.00 -58.65 -33.00
 803.00 -65.12 -40.67
 804.00 -59.04 -42.82
 805.00 -72.87 -48.97
 806.00 -60.03 -33.95
 807.00 -64.00 -39.94
 808.00 -59.56 -45.28
 809.00 -66.95 -38.06
 810.00 -75.95 -25.36
 811.00 -75.84 -14.66
 812.00 -111.00 -17.32
 813.00 -133.54  46.81
 814.00 -159.76 -12.21
 815.00 -149.62 119.60
 816.00 -56.51 161.74
 817.00 -55.35 158.49
 818.00 -88.73 -48.80
 819.00  62.63  20.84
 820.00 -71.87 -176.96
 821.00 -69.76 172.02
 822.00 -64.21 -61.60
 823.00 -66.72  39.77
 824.00 -58.09 -31.15
 825.00 -72.63 -45.78
 826.00 -69.87 -25.39
 827.00 -51.12 -51.84
 828.00 -68.56 -40.78
 829.00 -70.81 -40.65
 830.00 -58.62 -45.65
 831.00 -50.33 -44.26
 832.00 -56.96 -52.41
 833.00 -77.99 -42.93
 834.00 -79.25 -18.06
 835.00 -61.46 -38.10
 836.00 -70.15 -50.01
 837.00 -70.00 -20.24
 838.00 -57.57 -62.03
 839.00 -73.52 -18.08
 840.00 -122.19 -30.46
 841.00 -62.46   9.72
 842.00 -83.81 161.00
 843.00 -139.58  78.58
 844.00 -87.06 164.75
 845.00 -54.43 106.80
 846.00 -71.16 -29.93
 847.00 -138.32 -16.81
 848.00 -49.15  86.19
 849.00 -57.50 -19.64
 850.00 -68.70 -36.48
 851.00 -87.91 -26.19
 852.00 -65.91 -36.02
 853.00 -61.33 -37.72
 854.00 -50.72 -48.55
 855.00 -68.32 -41.25
 856.00 -53.28 -49.18
 857.00 -63.86 -31.76
 858.00 -75.85 -48.09
 859.00 -73.62 -30.21
 860.00 -67.85 -37.83
 861.00 -57.05 -35.47
 862.00 -70.58 -46.03
 863.00 -71.36 -37.75
 864.00 -77.31 -20.06
 865.00 -68.30 -22.46
 866.00 -61.47 -33.19
 867.00 -60.12 -47.34
 868.00 -72.91 -29.49
 869.00 -62.79 -42.24
 870.00 -52.60 -49.67
 871.00 -69.38 -39.55
 872.00 -71.87 -39.96
 873.00 -72.29 -30.49
 874.00 -60.11 -40.14
 875.00 -74.26 -41.76
 876.00 -74.42 -38.61
 877.00 -76.65 -29.75
 878.00 -58.15 -36.77
 879.00 -72.21 -39.95
 880.00 -64.97 -42.74
 881.00 -62.54 -37.09
 882.00 -138.50  -2.11
 883.00 -42.62  18.30
 884.00 -49.88 -46.42
 885.00 -69.03 -51.67
 886.00 -64.56 -38.82
 887.00  52.57 -12.10
 888.00 -105.09  36.35
 889.00 -100.89 124.12
 890.00 -130.19 148.59
 891.00 -59.58 135.89
 892.00 -61.62 152.62
 893.00 -72.73 -34.94
 894.00 -70.90 -37.91
 895.00 -51.38 -44.34
 896.00 -77.02 -33.09
 897.00 -62.24 -35.42
 898.00 -71.55 -40.14
 899.00 -77.63 -46.96
 900.00 -90.66 -40.81
 901.00 -94.44 -50.50
 902.00 -61.18 -40.03
 903.00 -52.75 -40.48
 904.00 -70.77 -34.39
 905.00 -59.39 -41.83
 906.00 -78.25 -35.67
 907.00 -67.66 -48.61
 908.00  78.93  -2.91
 909.00 -60.09   9.29
 910.00 -103.81 -49.45
 911.00 -136.96 150.16
 912.00 -66.08 138.10
 913.00 -80.79 153.81
 914.00 -111.00 135.08
 915.00 -60.17 132.13
 916.00 -92.34 -48.10
 917.00 -157.60 112.89


