 residuo Phi Psi
 669.00 -66.67 154.81
 670.00 -69.06 145.96
 671.00 -57.69 104.26
 672.00 -66.86 -43.78
 673.00 -56.62 -20.78
 674.00 -71.15 -38.92
 675.00 -73.50 -32.62
 676.00 -55.37 -39.02
 677.00 -59.11 -54.83
 678.00 -81.40 -26.67
 679.00 -73.52 -47.05
 680.00 -49.48 -18.89
 681.00 -64.45 122.85
 682.00 -66.47 132.47
 683.00 -66.84 -170.47
 684.00 -112.66 124.58
 685.00 -96.66 133.88
 686.00 -80.09 154.58
 687.00  76.32 -12.63
 688.00 -95.20  23.33
 689.00 -87.43 123.99
 690.00 -67.10 101.36
 691.00 -90.58   8.16
 692.00 -69.23 -24.58
 693.00 -74.36 163.85
 694.00 -73.98 142.59
 695.00 -89.82  48.74
 696.00 -51.90 143.16
 697.00 -58.92 -42.62
 698.00 -71.08 -36.76
 699.00 -58.55 -51.01
 700.00 -77.86 -48.75
 701.00 -67.94 -28.85
 702.00 -57.75 -42.09
 703.00 -56.41 -47.80
 704.00 -55.56 -47.82
 705.00 -67.14 -40.37
 706.00 -55.51 -46.70
 707.00 -54.56 -33.08
 708.00 -64.30 -58.69
 709.00 -46.42 -47.14
 710.00 -67.97 -58.17
 711.00 -66.19 -29.42
 712.00 -55.65 -39.94
 713.00 -79.16 -39.89
 714.00 -59.13 -37.39
 715.00 -69.16 -36.67
 716.00 -57.91 -40.83
 717.00 -64.70 -43.35
 718.00 -60.27 -51.78
 719.00 -50.69 -45.80
 720.00 -78.65 -29.35
 721.00 -42.32 -41.09
 722.00 -63.24 130.47
 723.00  67.45 145.44
 724.00 -61.17  -9.33
 725.00 -66.66 -35.92
 726.00 -94.66  11.34
 727.00 -68.36 -27.49
 728.00 -76.10 159.95
 729.00 -48.33 127.18
 730.00 -70.02 -45.72
 731.00 -67.17 -27.20
 732.00 -77.85 -34.21
 733.00 -66.73 -31.91
 734.00 -67.74 -40.62
 735.00 -61.54 -50.31
 736.00 -65.19 -41.80
 737.00 -73.74 -41.73
 738.00 -89.72 -22.14
 739.00 -96.87 -28.02
 740.00 -54.10 -12.11
 741.00 -62.04 -43.05
 742.00 -59.12 -49.85
 743.00 -63.03 -41.60
 744.00 -72.00 -46.76
 745.00 -67.56 -30.88
 746.00 -76.22 -42.45
 747.00 -62.13 -39.48
 748.00 -55.16 -45.66
 749.00 -62.52 -31.57
 750.00 -58.45 -47.62
 751.00 -61.77 -46.33
 752.00 -60.86 -44.13
 753.00 -67.62 -33.33
 754.00 -88.18 -46.28
 755.00 -80.10 -43.19
 756.00 -141.00 -38.99
 757.00  39.87  38.63
 758.00  60.47  37.76
 759.00 -92.72  28.96
 760.00 -139.01 -32.34
 761.00 -103.57 174.27
 762.00 -101.58 119.08
 763.00 -54.93  58.21
 764.00 -157.31 -44.81
 765.00 -73.99 168.03
 766.00 -83.18 -31.02
 767.00 -131.04 -16.28
 768.00 -84.29  84.68
 769.00 -110.04 149.48
 770.00 -70.64 101.97
 771.00 -49.67 176.09
 772.00 -62.99 -48.31
 773.00 -62.79 -41.82
 774.00 -58.76 -44.36
 775.00 -69.33 -36.82
 776.00 -73.71 -51.07
 777.00 -61.78  -9.37
 778.00  53.38 -21.13
 779.00 -146.51  30.71
 780.00 -54.50  40.47
 781.00 -61.44 -40.51
 782.00 -62.53 -47.03
 783.00 -79.26 -24.39
 784.00 -50.97 -40.88
 785.00 -76.12 -44.09
 786.00 -55.35 -46.84
 787.00 -65.02 -35.78
 788.00 -56.05 -47.05
 789.00 -64.79 -43.91
 790.00 -64.84 -30.87
 791.00 -68.67 -40.53
 792.00 -57.33 -29.59
 793.00 -52.45 -34.31
 794.00 -60.18 -45.33
 795.00 -73.83 -49.07
 796.00 -86.90 -34.09
 797.00  52.57  -7.87
 798.00 -94.13  68.98
 799.00 -82.22 126.86
 800.00 -52.25 145.66
 801.00 -57.47 -31.93
 802.00 -69.68 -52.46
 803.00 -41.86 -37.66
 804.00 -60.94 -56.77
 805.00 -65.74 -50.32
 806.00 -57.18 -42.32
 807.00 -64.16 -39.21
 808.00 -51.75 -48.20
 809.00 -68.31 -39.79
 810.00 -58.04 -32.40
 811.00 -66.38 -30.73
 812.00 -112.85 -17.83
 813.00 -124.93  29.27
 814.00 -157.77  11.23
 815.00 -146.27 135.02
 816.00 -63.15 160.37
 817.00 -71.61 150.66
 818.00 -75.64 -28.09
 819.00  85.97  -5.51
 820.00 -75.13 159.58
 821.00 -69.66 156.83
 822.00 -150.62 -14.12
 823.00 -66.05  77.95
 824.00 -69.98 -29.97
 825.00 -66.09 -41.47
 826.00 -66.42 -31.84
 827.00 -58.09 -49.17
 828.00 -58.90 -59.96
 829.00 -61.80 -34.25
 830.00 -64.65 -41.49
 831.00 -60.45 -39.50
 832.00 -72.70 -38.98
 833.00 -75.71 -34.35
 834.00 -63.75 -14.77
 835.00 -72.17 -44.10
 836.00 -50.11 -53.33
 837.00 -67.86 -41.72
 838.00 -69.41 -33.34
 839.00 -67.02 -29.37
 840.00 -128.66 -14.67
 841.00 -63.44  12.58
 842.00 -78.73 136.18
 843.00 -157.06 103.20
 844.00 -97.72 169.03
 845.00 -58.55  99.46
 846.00 -58.35 -37.48
 847.00 -104.78 -23.25
 848.00 -55.30  93.44
 849.00 -63.30 -29.51
 850.00 -64.04 -39.68
 851.00 -67.03 -42.27
 852.00 -72.46 -31.32
 853.00 -54.52 -49.01
 854.00 -65.37 -40.49
 855.00 -54.90 -51.34
 856.00 -63.44 -42.35
 857.00 -67.81 -40.66
 858.00 -69.05 -29.52
 859.00 -65.86 -46.89
 860.00 -53.62 -39.68
 861.00 -66.48 -33.39
 862.00 -63.54 -48.49
 863.00 -61.33 -38.89
 864.00 -66.75 -29.59
 865.00 -78.61 -15.20
 866.00 -55.35 -28.93
 867.00 -84.76 -41.02
 868.00 -60.29 -24.37
 869.00 -64.04 -48.99
 870.00 -53.46 -48.08
 871.00 -63.91 -51.40
 872.00 -84.63 -29.62
 873.00 -54.45 -29.71
 874.00 -76.44 -38.61
 875.00 -69.47 -36.83
 876.00 -75.33 -30.63
 877.00 -62.78 -33.96
 878.00 -74.10 -50.54
 879.00 -71.82 -20.36
 880.00 -67.60 -46.91
 881.00 -67.08 -18.93
 882.00 -93.77 -47.12
 883.00 -55.57   5.71
 884.00 -65.27 -53.03
 885.00 -79.54 -29.71
 886.00 -112.10 -10.21
 887.00  58.03   2.70
 888.00 -90.75  35.02
 889.00 -92.56 118.92
 890.00 -96.09 117.16
 891.00 -75.47 137.93
 892.00 -71.63 162.60
 893.00 -78.34 -37.26
 894.00 -56.70 -42.65
 895.00 -51.55 -50.91
 896.00 -79.60 -37.55
 897.00 -85.22 -20.46
 898.00 -53.52 -50.04
 899.00 -71.88 -51.17
 900.00 -143.65   1.76
 901.00 -86.01 -40.53
 902.00 -56.68 -41.52
 903.00 -55.29 -45.26
 904.00 -67.35 -27.05
 905.00 -73.74 -39.77
 906.00 -68.97 -44.77
 907.00 -69.13 -48.44
 908.00  63.13  12.95
 909.00 -73.31   3.31
 910.00 -122.83  -7.31
 911.00 -143.94 139.94
 912.00 -54.97 136.80
 913.00 -82.13 143.34
 914.00 -60.48  86.91
 915.00 -71.67 127.45
 916.00 -150.69 -18.35
 917.00 -58.93 150.27


