 residuo Phi Psi
 669.00 -91.29 170.98
 670.00 -65.93 153.47
 671.00 -141.68 160.42
 672.00 -50.39  -4.39
 673.00 -75.90 -28.64
 674.00 -61.85 -35.75
 675.00 -73.58 -39.44
 676.00 -55.75 -40.74
 677.00 -69.58 -42.15
 678.00 -70.45 -38.80
 679.00 -79.42 -32.53
 680.00 -84.08  -4.59
 681.00 -56.15 124.86
 682.00 -69.12 147.62
 683.00 -56.53 -170.02
 684.00 -121.67 140.58
 685.00 -78.70 111.99
 686.00 -81.78 164.21
 687.00  73.02 -15.59
 688.00 -68.49  14.45
 689.00 -65.44 142.82
 690.00 -57.87  58.86
 691.00 -91.90 -14.89
 692.00 -81.57 -14.34
 693.00 -62.24 161.08
 694.00 -70.15 144.96
 695.00 -145.25 125.18
 696.00 -54.64 143.95
 697.00 -71.25 -50.66
 698.00 -70.15 -34.02
 699.00 -64.89 -46.89
 700.00 -70.03 -40.46
 701.00 -64.00 -40.22
 702.00 -65.24 -37.86
 703.00 -54.61 -47.64
 704.00 -57.03 -39.16
 705.00 -56.10 -55.18
 706.00 -56.83 -49.32
 707.00 -52.95 -41.19
 708.00 -63.88 -40.80
 709.00 -71.01 -40.33
 710.00 -76.31 -38.49
 711.00 -69.27 -23.62
 712.00 -66.86 -39.88
 713.00 -84.18 -34.10
 714.00 -76.93 -29.74
 715.00 -70.58 -23.99
 716.00 -63.24 -52.40
 717.00 -73.60 -32.19
 718.00 -60.78 -43.36
 719.00 -69.41 -35.79
 720.00 -98.32 -23.91
 721.00 -60.36  -6.21
 722.00 -68.15 134.53
 723.00  98.69 142.31
 724.00 -64.71 -31.15
 725.00 -65.20 -31.79
 726.00 -70.93  -5.79
 727.00 -113.49  -2.65
 728.00 -62.91 136.50
 729.00 -50.43 140.68
 730.00 -65.24 -33.08
 731.00 -89.47 -30.67
 732.00 -48.93 -39.10
 733.00 -66.06 -53.14
 734.00 -61.79 -27.46
 735.00 -61.01 -66.77
 736.00 -64.00 -35.86
 737.00 -67.65 -47.04
 738.00 -100.87  -7.48
 739.00 -82.49 -30.46
 740.00 -46.31 -32.65
 741.00 -67.58 -44.39
 742.00 -62.99 -45.11
 743.00 -61.20 -40.53
 744.00 -78.29 -47.91
 745.00 -63.69 -30.76
 746.00 -72.37 -46.91
 747.00 -63.68 -36.63
 748.00 -55.72 -40.85
 749.00 -55.24 -42.50
 750.00 -65.31 -43.83
 751.00 -58.07 -49.75
 752.00 -63.45 -31.83
 753.00 -72.24 -38.00
 754.00 -67.81 -49.97
 755.00 -102.58 -35.11
 756.00 -140.55 -31.14
 757.00  62.11  21.05
 758.00  60.29  26.05
 759.00 -66.12   3.53
 760.00 -118.11 -41.87
 761.00 -87.66 167.59
 762.00 -116.27 146.93
 763.00 -57.61  70.84
 764.00 -165.39 -47.72
 765.00 -61.03 163.20
 766.00 -98.05 -19.22
 767.00 -147.23   8.67
 768.00 -64.38  31.09
 769.00 -93.19 117.36
 770.00 -73.26  99.14
 771.00 -61.37 170.79
 772.00 -70.19 -23.68
 773.00 -57.22 -43.57
 774.00 -61.86 -33.88
 775.00 -52.26 -53.63
 776.00 -52.60 -64.81
 777.00 -78.36 -29.73
 778.00  41.66   2.41
 779.00 -76.73 -12.01
 780.00 -61.54  32.42
 781.00 -53.27 -42.18
 782.00 -69.08 -49.68
 783.00 -68.45 -33.12
 784.00 -66.34 -42.53
 785.00 -56.38 -46.47
 786.00 -62.34 -40.79
 787.00 -59.31 -46.32
 788.00 -66.21 -34.83
 789.00 -66.65 -36.83
 790.00 -73.88 -30.71
 791.00 -55.02 -41.21
 792.00 -55.44 -31.36
 793.00 -64.96 -31.63
 794.00 -61.68 -49.38
 795.00 -46.50 -44.01
 796.00 -76.18 -61.54
 797.00  43.93  -8.14
 798.00 -44.04  50.50
 799.00 -89.79 129.36
 800.00 -50.84 153.71
 801.00 -66.13 -37.41
 802.00 -66.14 -46.50
 803.00 -52.81 -34.42
 804.00 -57.94 -55.23
 805.00 -74.41 -41.24
 806.00 -61.49 -45.48
 807.00 -64.18 -37.08
 808.00 -59.23 -34.58
 809.00 -61.24 -48.28
 810.00 -61.55 -39.66
 811.00 -72.74 -17.83
 812.00 -105.72 -18.70
 813.00 -106.92  18.09
 814.00 -148.37   1.91
 815.00 -143.79 126.87
 816.00 -65.81 166.57
 817.00 -62.03 168.89
 818.00 -109.35 -34.15
 819.00  61.10  18.85
 820.00 -57.76 -173.33
 821.00 -48.73 141.67
 822.00 -136.11 -28.20
 823.00 -74.99  83.60
 824.00 -37.85 -27.02
 825.00 -73.17 -41.45
 826.00 -64.57 -38.83
 827.00 -65.07 -46.72
 828.00 -65.19 -38.25
 829.00 -61.11 -44.39
 830.00 -60.87 -47.96
 831.00 -59.96 -51.11
 832.00 -72.99 -27.98
 833.00 -73.45 -33.27
 834.00 -58.30 -34.83
 835.00 -67.77 -47.50
 836.00 -64.28 -40.30
 837.00 -58.34 -32.14
 838.00 -43.29 -62.26
 839.00 -71.08 -29.63
 840.00 -104.19 -28.97
 841.00 -66.69 -11.13
 842.00 -64.41 139.95
 843.00 -158.52 112.12
 844.00 -94.78 -179.21
 845.00 -79.20 110.11
 846.00 -70.98 -23.10
 847.00 -118.95 -16.22
 848.00 -57.97  61.87
 849.00 -48.94 -25.29
 850.00 -67.75 -37.90
 851.00 -69.73 -32.62
 852.00 -59.08 -39.88
 853.00 -52.17 -44.59
 854.00 -59.41 -49.68
 855.00 -64.74 -36.69
 856.00 -61.39 -51.13
 857.00 -51.56 -47.99
 858.00 -67.47 -36.62
 859.00 -64.39 -49.40
 860.00 -71.03 -30.02
 861.00 -71.02 -36.07
 862.00 -54.35 -42.18
 863.00 -74.34 -41.11
 864.00 -67.77 -29.21
 865.00 -72.72 -12.09
 866.00 -63.06 -32.91
 867.00 -75.22 -39.58
 868.00 -58.24 -38.80
 869.00 -63.52 -44.76
 870.00 -65.55 -46.02
 871.00 -66.76 -36.56
 872.00 -83.49 -37.07
 873.00 -58.23 -28.07
 874.00 -60.77 -50.45
 875.00 -77.40 -30.53
 876.00 -63.66 -45.63
 877.00 -75.24 -40.24
 878.00 -63.00 -39.63
 879.00 -82.12 -20.69
 880.00 -86.82 -19.20
 881.00 -59.66 -28.25
 882.00 -81.70 -55.91
 883.00 -57.76  10.99
 884.00 -72.60 -42.49
 885.00 -76.80 -25.11
 886.00 -116.09 -24.62
 887.00  53.32  -1.10
 888.00 -68.52  20.87
 889.00 -72.83 111.05
 890.00 -132.46 138.61
 891.00 -79.30 131.13
 892.00 -63.69 154.55
 893.00 -70.67 -33.50
 894.00 -92.23 -32.09
 895.00 -64.76 -37.27
 896.00 -68.32 -28.25
 897.00 -53.42 -44.08
 898.00 -67.26 -52.76
 899.00 -85.91 -33.68
 900.00 -119.83 -23.70
 901.00 -71.36 -58.41
 902.00 -64.13 -44.01
 903.00 -50.05 -42.71
 904.00 -79.86 -15.65
 905.00 -63.02 -36.26
 906.00 -50.84 -50.76
 907.00 -94.70 -47.09
 908.00  79.16   8.95
 909.00 -69.40  -6.90
 910.00 -114.61 -13.19
 911.00 -100.88 132.97
 912.00 -61.78 148.06
 913.00 -102.04 154.21
 914.00 -97.34 114.62
 915.00 -75.58 139.03
 916.00 -132.46 -23.39
 917.00 -149.37 149.41


