 residuo Phi Psi
 669.00 -69.86 156.91
 670.00 -53.77 146.68
 671.00 -52.11 150.01
 672.00 -51.59 -38.60
 673.00 -69.05 -40.97
 674.00 -76.66 -25.56
 675.00 -78.71 -20.67
 676.00 -63.23 -40.46
 677.00 -67.88 -34.26
 678.00 -63.92 -41.39
 679.00 -107.70  -7.98
 680.00 -54.53 -20.93
 681.00 -53.36 132.00
 682.00 -74.36 141.55
 683.00 -72.34 155.97
 684.00 -120.69 139.00
 685.00 -68.08 135.97
 686.00 -76.33 149.22
 687.00  80.41 -13.43
 688.00 -69.73   0.71
 689.00 -148.85 169.25
 690.00 -68.54 120.91
 691.00 -81.48 -11.04
 692.00 -143.97  30.66
 693.00 -71.12 167.30
 694.00 -86.15 139.38
 695.00 -135.14 138.40
 696.00 -58.65 165.21
 697.00 -62.12 -43.80
 698.00 -72.61 -53.19
 699.00 -60.61 -43.18
 700.00 -94.15 -33.15
 701.00 -64.29 -24.65
 702.00 -72.24 -44.22
 703.00 -69.13 -23.55
 704.00 -77.97 -33.85
 705.00 -58.91 -40.91
 706.00 -51.94 -51.53
 707.00 -64.32 -32.96
 708.00 -65.65 -40.61
 709.00 -61.32 -40.75
 710.00 -73.81 -48.16
 711.00 -54.83 -31.02
 712.00 -58.76 -58.18
 713.00 -68.37 -42.33
 714.00 -71.33 -31.01
 715.00 -67.64 -42.26
 716.00 -58.90 -42.89
 717.00 -66.23 -46.63
 718.00 -61.87 -38.61
 719.00 -76.05 -40.09
 720.00 -94.40 -12.55
 721.00 -54.98 -20.35
 722.00 -67.34 138.20
 723.00  71.04 145.76
 724.00 -56.66 -16.50
 725.00 -63.99 -40.09
 726.00 -63.09  -5.23
 727.00 -68.26 -44.39
 728.00 -64.32 140.19
 729.00 -72.95 151.65
 730.00 -50.79 -23.29
 731.00 -87.28 -40.92
 732.00 -55.24 -35.68
 733.00 -47.36 -50.10
 734.00 -71.49 -38.05
 735.00 -72.95 -55.34
 736.00 -65.96 -29.13
 737.00 -59.43 -55.22
 738.00 -87.53 -39.46
 739.00 -79.14 -23.29
 740.00 -50.37 -27.89
 741.00 -56.76 -48.56
 742.00 -44.12 -49.87
 743.00 -64.25 -50.67
 744.00 -61.07 -43.48
 745.00 -78.73 -41.64
 746.00 -77.48 -25.26
 747.00 -60.48 -47.51
 748.00 -52.59 -46.40
 749.00 -57.36 -48.07
 750.00 -65.28 -38.89
 751.00 -63.07 -49.06
 752.00 -67.15 -32.14
 753.00 -65.77 -40.98
 754.00 -73.35 -50.22
 755.00 -92.09 -50.73
 756.00 -141.97 -18.58
 757.00  56.05  24.99
 758.00  49.61  29.95
 759.00 -76.65  17.49
 760.00 -121.57 -32.42
 761.00 -82.32 163.17
 762.00 -96.63 113.95
 763.00 -61.00  65.40
 764.00 -152.69 -44.60
 765.00 -64.51 164.97
 766.00 -92.45 -27.66
 767.00 -68.49 -61.48
 768.00 -76.31  48.87
 769.00 -97.77 128.87
 770.00 -72.94 104.02
 771.00 -73.02 -175.02
 772.00 -65.12 -21.04
 773.00 -56.48 -47.83
 774.00 -63.18 -36.40
 775.00 -81.97 -40.30
 776.00 -78.90 -36.92
 777.00 -73.11 -29.81
 778.00  50.91   8.23
 779.00 -129.84  40.81
 780.00 -63.63  16.90
 781.00 -48.23 -45.86
 782.00 -70.73 -46.15
 783.00 -64.54 -36.05
 784.00 -64.60 -42.40
 785.00 -64.00 -40.44
 786.00 -64.26 -37.78
 787.00 -56.70 -49.48
 788.00 -74.52 -44.00
 789.00 -69.71 -31.42
 790.00 -67.82 -35.07
 791.00 -69.09 -39.68
 792.00 -65.37 -19.12
 793.00 -49.62 -42.48
 794.00 -93.39 -42.00
 795.00 -69.39 -26.83
 796.00 -105.93 -18.75
 797.00  65.94 -14.59
 798.00 -66.62  49.29
 799.00 -90.15 137.69
 800.00 -58.62 150.00
 801.00 -77.95 -24.59
 802.00 -79.88 -19.42
 803.00 -64.23 -49.32
 804.00 -62.66 -32.74
 805.00 -64.95 -51.66
 806.00 -66.26 -39.11
 807.00 -64.56 -38.17
 808.00 -66.27 -34.88
 809.00 -70.84 -31.35
 810.00 -71.80 -30.10
 811.00 -63.86 -27.70
 812.00 -121.41 -15.23
 813.00 -141.52  52.35
 814.00 -158.98  10.74
 815.00 -143.09 124.59
 816.00 -61.21 152.93
 817.00 -57.79 147.30
 818.00 -54.03 -34.27
 819.00  87.08 -31.49
 820.00 -75.31 155.93
 821.00 -73.00 161.55
 822.00 -91.60 -29.23
 823.00 -58.65  21.77
 824.00 -54.47 -46.59
 825.00 -71.15 -41.26
 826.00 -67.63 -27.66
 827.00 -56.37 -51.99
 828.00 -62.76 -34.64
 829.00 -85.57 -46.13
 830.00 -50.54 -32.50
 831.00 -69.67 -52.54
 832.00 -64.00 -35.89
 833.00 -69.63 -40.98
 834.00 -46.52 -39.91
 835.00 -76.18 -53.67
 836.00 -69.62 -34.39
 837.00 -55.06 -41.89
 838.00 -63.02 -39.88
 839.00 -77.45 -31.81
 840.00 -130.03 -20.16
 841.00 -38.34  -1.36
 842.00 -75.60 118.91
 843.00 -60.51  37.94
 844.00 -73.85 174.54
 845.00 -63.70  94.83
 846.00 -70.60 -27.21
 847.00 -133.20  -8.36
 848.00 -66.16  81.13
 849.00 -62.73 -11.95
 850.00 -64.89 -38.80
 851.00 -72.12 -36.87
 852.00 -63.94 -50.45
 853.00 -65.85 -35.69
 854.00 -61.43 -36.89
 855.00 -64.37 -51.71
 856.00 -53.61 -43.26
 857.00 -79.37 -44.32
 858.00 -69.60 -26.19
 859.00 -63.86 -40.63
 860.00 -57.94 -39.41
 861.00 -64.67 -40.08
 862.00 -64.77 -51.01
 863.00 -72.40 -28.05
 864.00 -74.36 -21.69
 865.00 -61.33 -25.43
 866.00 -61.88 -35.60
 867.00 -63.81 -59.05
 868.00 -75.82 -25.69
 869.00 -66.09 -36.50
 870.00 -63.38 -43.60
 871.00 -43.15 -49.24
 872.00 -75.09 -42.51
 873.00 -60.54 -42.14
 874.00 -81.73 -27.00
 875.00 -49.79 -41.75
 876.00 -58.48 -62.17
 877.00 -63.96 -36.68
 878.00 -62.20 -51.59
 879.00 -83.74 -25.38
 880.00 -57.41 -47.03
 881.00 -64.88 -30.71
 882.00 -126.53 -23.37
 883.00 -47.62  26.88
 884.00 -77.61 -50.43
 885.00 -70.32 -25.32
 886.00 -89.69 -40.62
 887.00  68.06  -4.21
 888.00 -81.47  15.08
 889.00 -102.78 126.20
 890.00 -133.71 152.64
 891.00 -64.03 123.08
 892.00 -61.46 145.95
 893.00 -72.87 -33.84
 894.00 -66.34 -39.81
 895.00 -69.11 -38.96
 896.00 -70.54 -26.38
 897.00 -64.96 -37.34
 898.00 -63.46 -57.98
 899.00 -59.65 -38.86
 900.00 -97.89 -53.18
 901.00 -83.21 -49.43
 902.00 -67.73 -41.88
 903.00 -50.48 -41.26
 904.00 -80.65 -14.75
 905.00 -65.97 -32.84
 906.00 -74.23 -54.60
 907.00 -85.64 -33.27
 908.00  86.23   5.76
 909.00 -76.38  -0.79
 910.00 -112.84 -16.08
 911.00 -128.81 143.99
 912.00 -75.43 140.44
 913.00 -108.31 165.15
 914.00 -73.79  88.05
 915.00 -66.85 129.53
 916.00 -96.97 -40.53
 917.00 -73.57 173.76


