 residuo Phi Psi
 669.00 -53.89 132.74
 670.00 -62.17 130.46
 671.00 -129.24 115.34
 672.00 -51.53  -9.46
 673.00 -63.55 -52.11
 674.00 -64.62 -24.73
 675.00 -82.82 -29.78
 676.00 -59.92 -41.73
 677.00 -73.38 -45.84
 678.00 -69.95 -25.45
 679.00 -85.89 -47.12
 680.00 -79.82  17.68
 681.00 -67.85 115.64
 682.00 -74.88 163.06
 683.00 -70.13 177.24
 684.00 -85.75 121.55
 685.00 -76.55 137.32
 686.00 -73.72 145.94
 687.00  86.77 -29.18
 688.00 -71.93  31.10
 689.00 -106.52 131.68
 690.00 -51.53 126.49
 691.00 -70.13 -31.18
 692.00 -70.04 -21.07
 693.00 -76.00 138.96
 694.00 -65.10 139.74
 695.00 -109.34  57.47
 696.00 -57.91 174.61
 697.00 -71.06 -64.62
 698.00 -70.21 -33.32
 699.00 -59.45 -46.08
 700.00 -74.36 -38.22
 701.00 -64.14 -38.04
 702.00 -74.05 -27.50
 703.00 -58.33 -45.84
 704.00 -64.46 -38.91
 705.00 -60.94 -43.18
 706.00 -70.98 -43.02
 707.00 -63.10 -22.05
 708.00 -70.41 -44.08
 709.00 -57.31 -48.30
 710.00 -65.36 -37.55
 711.00 -45.98 -57.88
 712.00 -58.51 -48.46
 713.00 -64.66 -44.27
 714.00 -76.54 -28.70
 715.00 -60.91 -33.14
 716.00 -63.81 -56.34
 717.00 -71.71 -28.13
 718.00 -50.59 -54.36
 719.00 -51.79 -56.00
 720.00 -109.77 -20.86
 721.00 -65.66   8.57
 722.00 -63.43 144.60
 723.00  76.47 148.93
 724.00 -50.57 -19.84
 725.00 -68.21 -38.99
 726.00 -75.70 -11.01
 727.00 -87.15 -20.42
 728.00 -67.66 148.66
 729.00 -65.98 162.30
 730.00 -83.08 -27.24
 731.00 -85.31 -26.65
 732.00 -65.42 -34.07
 733.00 -70.30 -43.37
 734.00 -69.61 -21.11
 735.00 -51.38 -60.19
 736.00 -69.08 -36.09
 737.00 -79.62 -56.16
 738.00 -92.13  -6.29
 739.00 -96.04 -27.87
 740.00 -58.83 -19.31
 741.00 -66.35 -30.88
 742.00 -71.90 -60.76
 743.00 -58.10 -36.30
 744.00 -69.49 -56.08
 745.00 -62.41 -38.29
 746.00 -64.15 -35.43
 747.00 -76.36 -36.87
 748.00 -67.17 -25.04
 749.00 -64.83 -42.45
 750.00 -73.96 -30.51
 751.00 -54.13 -51.41
 752.00 -61.70 -37.47
 753.00 -52.16 -52.40
 754.00 -63.69 -60.41
 755.00 -80.59 -49.87
 756.00 -146.24 -26.76
 757.00  57.73  31.81
 758.00  66.06  24.75
 759.00 -67.91  -0.84
 760.00 -111.02 -39.15
 761.00 -82.43 158.64
 762.00 -85.51 111.36
 763.00 -62.95  71.65
 764.00 -151.12 -39.44
 765.00 -60.64 167.17
 766.00 -85.05 -40.17
 767.00 -145.15  -3.11
 768.00 -62.38  53.97
 769.00 -94.13 131.35
 770.00 -75.62  89.27
 771.00 -62.58 174.39
 772.00 -56.03 -35.61
 773.00 -57.43 -47.55
 774.00 -64.35 -38.05
 775.00 -50.82 -58.71
 776.00 -59.89 -51.26
 777.00 -61.10 -41.52
 778.00  53.96 -11.72
 779.00 -118.86  28.65
 780.00 -69.72  41.24
 781.00 -61.38 -37.83
 782.00 -65.94 -45.69
 783.00 -60.08 -38.31
 784.00 -67.32 -41.57
 785.00 -69.35 -40.47
 786.00 -73.68 -30.60
 787.00 -63.25 -35.46
 788.00 -65.06 -40.06
 789.00 -55.01 -39.67
 790.00 -92.16 -43.85
 791.00 -59.49 -38.64
 792.00 -48.06 -28.94
 793.00 -61.73 -41.01
 794.00 -73.28 -37.29
 795.00 -59.03 -36.18
 796.00 -74.45 -46.65
 797.00  48.68 -27.08
 798.00 -61.96  67.79
 799.00 -105.80 141.99
 800.00 -61.43 151.28
 801.00 -53.78 -29.48
 802.00 -65.18 -56.25
 803.00 -53.72 -40.18
 804.00 -66.58 -56.74
 805.00 -58.32 -36.64
 806.00 -64.22 -53.22
 807.00 -53.16 -47.76
 808.00 -64.33 -41.89
 809.00 -77.71 -34.79
 810.00 -67.59 -25.99
 811.00 -76.31 -25.96
 812.00 -98.71 -22.91
 813.00 -120.21  34.46
 814.00 -152.54   7.80
 815.00 -143.09 130.33
 816.00 -62.95 165.38
 817.00 -68.51 168.25
 818.00 -79.80 -40.99
 819.00  88.61   4.55
 820.00 -85.94 -173.65
 821.00 -57.18 166.00
 822.00 -111.50 -39.19
 823.00 -77.06  76.69
 824.00 -69.06 -21.65
 825.00 -58.20 -43.92
 826.00 -77.02 -34.15
 827.00 -58.25 -43.28
 828.00 -65.40 -33.78
 829.00 -78.89 -46.06
 830.00 -58.92 -32.79
 831.00 -63.11 -46.83
 832.00 -66.81 -38.06
 833.00 -63.15 -42.93
 834.00 -81.33 -30.71
 835.00 -64.50 -33.87
 836.00 -78.73 -39.74
 837.00 -69.54 -25.84
 838.00 -53.19 -53.77
 839.00 -64.93 -36.22
 840.00 -110.43 -30.91
 841.00 -68.44   4.32
 842.00 -68.43 147.74
 843.00 -156.69 110.60
 844.00 -73.42 160.04
 845.00 -53.06  89.99
 846.00 -59.87 -31.84
 847.00 -107.50 -26.26
 848.00 -51.97  89.56
 849.00 -65.40 -41.86
 850.00 -61.60 -28.66
 851.00 -81.72 -26.98
 852.00 -55.84 -38.48
 853.00 -53.49 -46.94
 854.00 -63.09 -48.88
 855.00 -57.58 -43.35
 856.00 -61.78 -47.86
 857.00 -68.69 -39.30
 858.00 -69.96 -28.88
 859.00 -78.67 -40.22
 860.00 -63.39 -25.79
 861.00 -59.31 -42.97
 862.00 -50.68 -53.88
 863.00 -66.12 -53.08
 864.00 -80.27 -22.11
 865.00 -74.95 -11.58
 866.00 -61.17 -37.23
 867.00 -65.18 -41.64
 868.00 -67.86 -29.21
 869.00 -67.07 -43.36
 870.00 -54.29 -43.81
 871.00 -66.68 -49.47
 872.00 -65.13 -35.19
 873.00 -47.45 -48.20
 874.00 -66.44 -48.04
 875.00 -51.51 -44.16
 876.00 -82.41 -51.39
 877.00 -53.74 -35.13
 878.00 -71.38 -49.68
 879.00 -59.89 -31.85
 880.00 -59.03 -42.35
 881.00 -50.31 -49.77
 882.00 -110.82 -38.89
 883.00 -63.16  13.32
 884.00 -79.34 -26.75
 885.00 -67.38 -27.19
 886.00 -139.91 -19.13
 887.00  60.73  15.94
 888.00 -75.11  23.30
 889.00 -74.55 117.91
 890.00 -111.76 120.15
 891.00 -58.14 119.16
 892.00 -56.42 140.89
 893.00 -58.46 -49.98
 894.00 -55.78 -47.77
 895.00 -71.35 -43.73
 896.00 -71.63 -20.92
 897.00 -65.84 -50.49
 898.00 -80.97 -39.46
 899.00 -113.61  -7.88
 900.00 -103.47 -31.00
 901.00 -95.99 -46.99
 902.00 -64.80 -43.11
 903.00 -72.35 -39.13
 904.00 -76.74  -3.73
 905.00 -58.07 -35.89
 906.00 -70.35 -48.76
 907.00 -84.45 -27.47
 908.00  77.93  -0.51
 909.00 -72.83  -2.15
 910.00 -114.45 -23.01
 911.00 -150.93 148.70
 912.00 -80.21 140.18
 913.00 -97.55 162.40
 914.00 -113.41 126.10
 915.00 -62.45 122.65
 916.00 -87.56 -44.75
 917.00 -105.93 157.12


