 residuo Phi Psi
 669.00 -74.12 112.97
 670.00 -84.92 129.95
 671.00 -57.08 161.50
 672.00 -58.24 -31.36
 673.00 -81.72 -27.79
 674.00 -69.28 -31.07
 675.00 -65.98 -33.97
 676.00 -55.18 -47.71
 677.00 -64.55 -46.67
 678.00 -79.63 -29.80
 679.00 -94.43  -8.83
 680.00 -55.72 -25.00
 681.00 -69.94 123.38
 682.00 -84.27 163.87
 683.00 -63.35 154.32
 684.00 -137.05 142.71
 685.00 -83.05 150.96
 686.00 -84.05 159.39
 687.00  87.40 -16.61
 688.00 -81.16  11.46
 689.00 -149.22 172.47
 690.00 -70.56 112.44
 691.00 -66.74  -9.56
 692.00 -104.71 -10.69
 693.00 -61.40 140.90
 694.00 -77.72 139.25
 695.00 -146.91 125.04
 696.00 -58.68 148.47
 697.00 -66.58 -63.17
 698.00 -82.07 -16.47
 699.00 -51.48 -46.10
 700.00 -62.80 -48.15
 701.00 -61.35 -44.05
 702.00 -75.60 -44.21
 703.00 -66.03 -27.41
 704.00 -66.25 -40.61
 705.00 -57.07 -38.47
 706.00 -60.56 -47.01
 707.00 -49.05 -35.58
 708.00 -57.41 -57.54
 709.00 -63.07 -51.19
 710.00 -65.33 -47.21
 711.00 -58.20 -40.64
 712.00 -51.13 -40.63
 713.00 -81.15 -46.54
 714.00 -54.01 -37.29
 715.00 -59.87 -45.26
 716.00 -77.91 -38.88
 717.00 -69.76 -31.50
 718.00 -47.24 -62.74
 719.00 -55.08 -37.26
 720.00 -93.35 -36.79
 721.00 -80.24   3.91
 722.00 -60.73 142.32
 723.00  60.36 140.64
 724.00 -59.46 -20.02
 725.00 -71.26 -22.96
 726.00 -67.96 -13.99
 727.00 -78.58 -20.88
 728.00 -66.43 142.08
 729.00 -56.35 141.53
 730.00 -72.72 -31.73
 731.00 -85.01 -23.46
 732.00 -50.70 -40.55
 733.00 -67.70 -36.37
 734.00 -58.17 -39.59
 735.00 -71.88 -53.24
 736.00 -69.77 -23.65
 737.00 -91.28 -38.37
 738.00 -84.18 -15.69
 739.00 -111.31 -23.69
 740.00 -48.54  -5.96
 741.00 -48.22 -61.43
 742.00 -59.49 -45.56
 743.00 -57.45 -52.83
 744.00 -60.83 -38.05
 745.00 -64.91 -63.42
 746.00 -76.93 -30.06
 747.00 -74.15 -37.73
 748.00 -67.73 -32.22
 749.00 -53.41 -35.93
 750.00 -63.78 -52.21
 751.00 -70.59 -39.80
 752.00 -51.41 -39.92
 753.00 -68.89 -42.80
 754.00 -61.97 -64.42
 755.00 -88.31 -41.71
 756.00 -116.29 -48.23
 757.00  61.55   6.88
 758.00  56.67  41.47
 759.00 -70.91  13.27
 760.00 -151.00 -26.77
 761.00 -86.20 168.27
 762.00 -119.26 141.19
 763.00 -68.13  75.06
 764.00 -158.78 -49.72
 765.00 -59.36 169.07
 766.00 -64.42 -37.40
 767.00 -75.10 -75.60
 768.00 -74.40  60.47
 769.00 -115.84 134.68
 770.00 -96.26 106.96
 771.00 -52.26 172.86
 772.00 -71.34 -31.37
 773.00 -62.00 -40.05
 774.00 -68.90 -27.37
 775.00 -67.55 -52.16
 776.00 -83.75 -34.24
 777.00 -84.53 -28.20
 778.00  54.90  -8.46
 779.00 -94.88  30.22
 780.00 -54.94  24.61
 781.00 -64.54 -49.83
 782.00 -72.43 -39.19
 783.00 -71.20 -36.41
 784.00 -64.40 -21.32
 785.00 -59.53 -50.34
 786.00 -63.09 -42.37
 787.00 -77.55 -32.38
 788.00 -59.39 -41.45
 789.00 -64.77 -37.00
 790.00 -64.44 -42.53
 791.00 -61.26 -34.36
 792.00 -69.52 -34.80
 793.00 -62.06 -33.32
 794.00 -80.14 -32.98
 795.00 -48.57 -52.52
 796.00 -88.38 -51.32
 797.00  45.99   9.84
 798.00 -77.06  49.93
 799.00 -90.84 139.53
 800.00 -50.47 157.12
 801.00 -75.32 -35.17
 802.00 -63.45 -33.88
 803.00 -54.00 -47.68
 804.00 -58.45 -48.41
 805.00 -69.01 -42.47
 806.00 -65.70 -48.20
 807.00 -55.26 -37.99
 808.00 -65.30 -43.21
 809.00 -79.86 -27.92
 810.00 -65.47 -23.11
 811.00 -61.65 -36.93
 812.00 -123.67 -21.00
 813.00 -120.91  37.66
 814.00 -147.47   0.26
 815.00 -146.34 133.81
 816.00 -58.98 165.13
 817.00 -73.41 159.53
 818.00 -73.00 -29.78
 819.00  57.22  -5.60
 820.00 -75.45 169.77
 821.00 -74.50 167.91
 822.00 -92.43 -36.23
 823.00 -68.39  42.41
 824.00 -60.93 -40.12
 825.00 -94.15 -24.49
 826.00 -54.66 -38.15
 827.00 -68.34 -43.02
 828.00 -65.46 -37.05
 829.00 -80.02 -35.42
 830.00 -59.19 -36.13
 831.00 -54.99 -47.61
 832.00 -53.48 -58.89
 833.00 -75.33 -41.95
 834.00 -75.70 -16.93
 835.00 -52.45 -45.62
 836.00 -83.90 -41.05
 837.00 -66.98 -23.86
 838.00 -66.03 -52.53
 839.00 -58.78 -25.43
 840.00 -97.19 -58.67
 841.00 -54.95  10.68
 842.00 -92.07 145.57
 843.00 -147.04  98.71
 844.00 -72.14 166.73
 845.00 -58.03 120.77
 846.00 -93.02 -32.53
 847.00 -135.49   9.55
 848.00 -46.42  88.07
 849.00 -72.84 -38.59
 850.00 -54.35 -28.94
 851.00 -83.68 -42.96
 852.00 -68.87 -32.17
 853.00 -61.16 -45.01
 854.00 -72.01 -39.39
 855.00 -58.69 -37.71
 856.00 -63.37 -44.48
 857.00 -78.64 -37.95
 858.00 -56.63 -37.74
 859.00 -68.01 -49.10
 860.00 -58.57 -32.59
 861.00 -75.08 -39.88
 862.00 -48.11 -39.31
 863.00 -80.63 -44.30
 864.00 -77.64 -15.77
 865.00 -63.77 -28.55
 866.00 -74.65 -27.93
 867.00 -73.78 -40.90
 868.00 -73.36 -35.77
 869.00 -65.64 -33.22
 870.00 -64.03 -50.77
 871.00 -66.17 -26.90
 872.00 -67.42 -47.47
 873.00 -73.01 -36.92
 874.00 -62.13 -30.97
 875.00 -59.77 -49.66
 876.00 -72.26 -48.38
 877.00 -61.12 -29.83
 878.00 -66.68 -50.28
 879.00 -80.96 -19.44
 880.00 -56.78 -49.65
 881.00 -78.03 -39.92
 882.00 -118.76   0.07
 883.00 -50.31  -1.08
 884.00 -73.57 -43.98
 885.00 -42.92 -33.77
 886.00 -113.55 -40.89
 887.00  57.34   1.72
 888.00 -65.06  21.11
 889.00 -101.64 136.13
 890.00 -110.33 133.41
 891.00 -59.18 133.94
 892.00 -57.16 146.25
 893.00 -76.92 -44.54
 894.00 -83.00 -31.48
 895.00 -63.15 -40.45
 896.00 -42.46 -35.24
 897.00 -57.08 -52.81
 898.00 -65.22 -53.01
 899.00 -78.80 -31.80
 900.00 -114.77 -34.06
 901.00 -92.00 -39.14
 902.00 -57.12 -48.74
 903.00 -63.13 -38.53
 904.00 -73.14 -23.90
 905.00 -55.34 -43.44
 906.00 -74.65 -42.26
 907.00 -76.62 -33.51
 908.00  97.14 -18.28
 909.00 -67.17  -9.15
 910.00 -128.55 -16.30
 911.00 -152.55 144.06
 912.00 -68.97 146.10
 913.00 -105.41 167.05
 914.00 -111.52 135.11
 915.00 -105.15 157.45
 916.00 -131.96 -20.47
 917.00 -65.56 158.36


