 residuo Phi Psi
 669.00 -77.79 151.95
 670.00 -61.67 172.74
 671.00 -55.51 152.57
 672.00 -68.97 -49.41
 673.00 -68.55 -46.22
 674.00 -62.66 -35.03
 675.00 -64.68 -38.35
 676.00 -63.27 -46.66
 677.00 -72.94 -26.00
 678.00 -74.30 -42.81
 679.00 -76.22 -39.59
 680.00 -67.11  -3.73
 681.00 -62.74 124.57
 682.00 -80.66 160.94
 683.00 -128.06 -134.97
 684.00 -112.60 137.14
 685.00 -80.22 138.49
 686.00 -75.73 143.07
 687.00  82.80 -19.42
 688.00 -80.38  22.96
 689.00 -105.98 143.09
 690.00 -82.19 106.34
 691.00 -89.38  11.49
 692.00 -105.66 -19.97
 693.00 -58.83 134.03
 694.00 -62.68 149.13
 695.00 -149.98 133.71
 696.00 -53.68 149.84
 697.00 -67.50 -52.67
 698.00 -61.73 -27.42
 699.00 -72.07 -47.74
 700.00 -77.19 -42.86
 701.00 -54.73 -35.84
 702.00 -75.21 -49.94
 703.00 -68.90 -28.83
 704.00 -75.41 -29.76
 705.00 -64.24 -45.33
 706.00 -60.09 -44.97
 707.00 -55.69 -35.48
 708.00 -63.56 -49.46
 709.00 -58.51 -49.02
 710.00 -80.26 -38.11
 711.00 -62.92 -39.89
 712.00 -65.85 -30.53
 713.00 -81.67 -36.09
 714.00 -59.65 -26.28
 715.00 -78.01 -40.05
 716.00 -49.84 -45.06
 717.00 -71.87 -43.76
 718.00 -57.94 -50.95
 719.00 -54.17 -41.77
 720.00 -109.90 -22.37
 721.00 -72.97  -8.97
 722.00 -64.53 127.36
 723.00  89.98 149.69
 724.00 -67.03 -29.49
 725.00 -71.32 -36.03
 726.00 -72.35  -3.59
 727.00 -84.43 -22.68
 728.00 -62.37 161.73
 729.00 -65.22 154.53
 730.00 -75.89 -17.58
 731.00 -77.74 -34.74
 732.00 -56.64 -33.00
 733.00 -67.90 -49.73
 734.00 -70.77 -27.51
 735.00 -58.88 -57.25
 736.00 -53.98 -35.63
 737.00 -66.69 -61.79
 738.00 -71.98 -31.36
 739.00 -115.68 -26.86
 740.00 -58.03 -19.08
 741.00 -69.84 -37.72
 742.00 -69.87 -32.71
 743.00 -57.22 -47.99
 744.00 -85.16 -30.94
 745.00 -65.08 -42.09
 746.00 -52.77 -48.69
 747.00 -73.65 -56.95
 748.00 -73.91 -23.92
 749.00 -60.07 -33.08
 750.00 -57.45 -49.10
 751.00 -66.95 -41.83
 752.00 -66.16 -35.66
 753.00 -53.34 -47.40
 754.00 -73.52 -50.61
 755.00 -79.06 -38.36
 756.00 -142.90 -36.72
 757.00  54.75  25.44
 758.00  58.11  35.14
 759.00 -63.56  25.61
 760.00 -141.20 -40.51
 761.00 -90.13 165.97
 762.00 -85.59 108.80
 763.00 -59.67  60.19
 764.00 -148.65 -51.48
 765.00 -48.45 164.89
 766.00 -114.40 -23.86
 767.00 -141.86   3.04
 768.00 -54.20  27.04
 769.00 -83.93 112.84
 770.00 -73.65 107.20
 771.00 -49.44 166.16
 772.00 -65.64 -33.96
 773.00 -71.13 -42.94
 774.00 -58.21 -26.40
 775.00 -79.16 -39.80
 776.00 -71.73 -38.26
 777.00 -88.11 -20.74
 778.00  64.58  -2.88
 779.00 -129.19  30.52
 780.00 -59.14  32.31
 781.00 -58.60 -37.96
 782.00 -65.07 -33.15
 783.00 -68.70 -54.01
 784.00 -72.93 -30.73
 785.00 -52.00 -41.31
 786.00 -68.05 -46.15
 787.00 -62.61 -32.07
 788.00 -57.86 -43.45
 789.00 -63.99 -47.05
 790.00 -72.33 -37.01
 791.00 -58.68 -37.60
 792.00 -58.99 -34.93
 793.00 -49.42 -41.17
 794.00 -85.69 -38.33
 795.00 -57.18 -38.64
 796.00 -81.91 -34.99
 797.00  57.02 -12.41
 798.00 -49.45  42.94
 799.00 -103.47 135.13
 800.00 -49.86 159.35
 801.00 -88.52 -23.60
 802.00 -71.34 -39.20
 803.00 -61.83 -39.68
 804.00 -68.91 -40.75
 805.00 -70.31 -38.70
 806.00 -58.13 -36.85
 807.00 -59.15 -35.90
 808.00 -51.20 -53.21
 809.00 -59.92 -49.67
 810.00 -78.74 -30.86
 811.00 -71.42 -25.36
 812.00 -111.39 -18.08
 813.00 -126.77  42.78
 814.00 -155.62   2.78
 815.00 -141.45 124.44
 816.00 -67.31 172.84
 817.00 -56.90 146.23
 818.00 -82.89 -27.67
 819.00  78.66 -10.22
 820.00 -60.76 158.83
 821.00 -60.12 166.10
 822.00 -104.63 -39.49
 823.00 -51.42  38.90
 824.00 -66.92 -24.81
 825.00 -57.22 -58.04
 826.00 -60.62 -34.76
 827.00 -60.29 -45.95
 828.00 -81.76 -39.67
 829.00 -78.10 -19.48
 830.00 -45.25 -47.70
 831.00 -61.34 -49.54
 832.00 -55.66 -41.69
 833.00 -65.25 -53.44
 834.00 -60.72 -30.94
 835.00 -67.14 -44.15
 836.00 -68.19 -30.53
 837.00 -60.64 -33.07
 838.00 -57.16 -50.44
 839.00 -75.08 -33.62
 840.00 -115.29 -34.22
 841.00 -56.79  13.29
 842.00 -96.46 133.60
 843.00 -177.21  94.83
 844.00 -94.35 165.39
 845.00 -70.86 123.59
 846.00 -81.16 -24.65
 847.00 -127.87   4.79
 848.00 -54.30  66.11
 849.00 -66.28 -38.05
 850.00 -71.93 -30.01
 851.00 -76.76 -29.93
 852.00 -68.65 -38.64
 853.00 -84.29 -28.48
 854.00 -58.99 -30.68
 855.00 -56.73 -51.28
 856.00 -51.86 -41.53
 857.00 -62.66 -52.41
 858.00 -66.18 -38.61
 859.00 -65.33 -48.71
 860.00 -75.17 -25.79
 861.00 -58.02 -36.72
 862.00 -66.39 -46.56
 863.00 -62.65 -30.47
 864.00 -107.10 -15.49
 865.00 -81.37   7.23
 866.00 -59.53 -47.20
 867.00 -72.29 -34.65
 868.00 -68.30 -38.14
 869.00 -73.73 -37.96
 870.00 -57.45 -33.11
 871.00 -71.87 -44.16
 872.00 -84.42 -30.33
 873.00 -61.78 -31.41
 874.00 -65.51 -43.82
 875.00 -67.28 -33.13
 876.00 -72.36 -45.70
 877.00 -64.71 -37.41
 878.00 -65.58 -34.26
 879.00 -80.79 -27.23
 880.00 -56.12 -22.89
 881.00 -77.50 -52.67
 882.00 -118.00  -1.97
 883.00 -60.24  10.66
 884.00 -62.77 -47.16
 885.00 -73.26 -28.84
 886.00 -84.91 -47.29
 887.00  58.48   4.17
 888.00 -96.21  37.17
 889.00 -76.47 131.66
 890.00 -122.25 133.11
 891.00 -58.91 125.32
 892.00 -62.96 152.74
 893.00 -69.45 -40.10
 894.00 -59.73 -41.49
 895.00 -64.70 -45.49
 896.00 -59.80 -28.34
 897.00 -63.79 -44.24
 898.00 -72.02 -38.53
 899.00 -101.09 -15.37
 900.00 -137.11 -24.64
 901.00 -101.33 -31.27
 902.00 -68.21 -33.60
 903.00 -40.27 -44.41
 904.00 -68.84 -41.43
 905.00 -76.42 -36.18
 906.00 -82.36 -35.87
 907.00 -69.95 -28.77
 908.00  63.52 -16.43
 909.00 -81.04  33.63
 910.00 -118.01 -22.49
 911.00 -140.37 122.97
 912.00 -66.61 149.32
 913.00 -73.24 152.05
 914.00 -75.41  92.79
 915.00 -81.83 122.83
 916.00 -103.28 -24.89
 917.00 -107.46  -8.16


