 residuo Phi Psi
 669.00 -67.66 141.53
 670.00 -70.88 134.20
 671.00 -160.90 140.22
 672.00 -51.52 -29.74
 673.00 -65.74 -55.22
 674.00 -71.64 -32.12
 675.00 -86.54 -17.52
 676.00 -65.21 -38.67
 677.00 -60.15 -37.70
 678.00 -68.88 -47.17
 679.00 -108.22 -16.72
 680.00 -64.55  -3.51
 681.00 -77.79 117.02
 682.00 -58.17 147.61
 683.00 -58.46 148.68
 684.00 -83.01 138.77
 685.00 -94.27 140.77
 686.00 -65.56 139.90
 687.00  95.09 -30.04
 688.00 -69.65  25.90
 689.00 -81.52 110.79
 690.00 -65.48 148.24
 691.00 -58.43 -26.43
 692.00 -73.03 -24.37
 693.00 -73.93 137.15
 694.00 -100.29 165.72
 695.00 -121.34  72.97
 696.00 -65.39 166.53
 697.00 -47.54 -45.35
 698.00 -60.46 -68.93
 699.00 -65.52 -47.48
 700.00 -73.21 -41.26
 701.00 -63.30 -31.21
 702.00 -60.39 -42.50
 703.00 -68.69 -48.49
 704.00 -56.12 -41.15
 705.00 -54.08 -51.11
 706.00 -68.36 -39.78
 707.00 -57.13 -38.00
 708.00 -70.98 -40.25
 709.00 -76.79 -30.91
 710.00 -66.23 -34.95
 711.00 -60.02 -43.47
 712.00 -49.38 -46.44
 713.00 -55.60 -58.15
 714.00 -63.32 -36.87
 715.00 -57.21 -39.14
 716.00 -54.54 -47.98
 717.00 -56.09 -52.65
 718.00 -57.60 -54.39
 719.00 -70.84 -33.66
 720.00 -93.05 -24.01
 721.00 -67.45  -8.67
 722.00 -68.65 148.31
 723.00  59.28 130.07
 724.00 -65.85   0.91
 725.00 -68.75 -22.33
 726.00 -78.39  -3.03
 727.00 -87.88  -8.79
 728.00 -58.14 131.10
 729.00 -62.83 149.08
 730.00 -63.81 -26.93
 731.00 -80.64 -37.16
 732.00 -54.90 -35.46
 733.00 -53.20 -51.75
 734.00 -58.27 -47.64
 735.00 -78.37 -39.72
 736.00 -59.03 -34.83
 737.00 -74.06 -46.66
 738.00 -90.00 -29.43
 739.00 -78.10 -24.99
 740.00 -43.80 -18.75
 741.00 -63.77 -57.63
 742.00 -63.26 -42.94
 743.00 -61.05 -49.75
 744.00 -66.27 -49.12
 745.00 -63.46 -45.01
 746.00 -71.76 -36.16
 747.00 -59.71 -43.01
 748.00 -66.14 -35.09
 749.00 -65.00 -31.70
 750.00 -55.59 -48.72
 751.00 -54.93 -52.80
 752.00 -62.79 -45.52
 753.00 -59.26 -38.42
 754.00 -72.33 -50.03
 755.00 -102.56 -38.68
 756.00 -153.17 -22.34
 757.00  47.58  34.11
 758.00  63.55  26.75
 759.00 -86.27   7.93
 760.00 -77.08 -63.76
 761.00 -105.29 160.32
 762.00 -83.29 111.17
 763.00 -53.95  61.08
 764.00 -153.67 -54.44
 765.00 -56.03 157.73
 766.00 -82.05 -39.67
 767.00 -136.28 -15.06
 768.00 -64.14  59.11
 769.00 -92.27 143.63
 770.00 -90.06 129.07
 771.00 -56.95 178.92
 772.00 -61.17 -36.47
 773.00 -64.84 -48.02
 774.00 -54.91 -34.13
 775.00 -71.63 -45.76
 776.00 -60.17 -46.54
 777.00 -85.38 -31.67
 778.00  60.21   2.76
 779.00 -78.99  -9.86
 780.00 -45.40  21.95
 781.00 -67.84 -57.85
 782.00 -69.50 -27.43
 783.00 -58.31 -44.44
 784.00 -63.36 -37.11
 785.00 -68.32 -38.31
 786.00 -57.83 -37.31
 787.00 -74.94 -37.67
 788.00 -53.50 -40.83
 789.00 -71.16 -35.64
 790.00 -57.57 -47.69
 791.00 -58.34 -43.05
 792.00 -63.43 -40.15
 793.00 -58.29 -32.90
 794.00 -85.97 -39.65
 795.00 -81.79 -18.73
 796.00 -82.72 -43.38
 797.00  48.49   1.42
 798.00 -67.42  58.21
 799.00 -95.46 143.27
 800.00 -58.04 158.41
 801.00 -58.84 -42.02
 802.00 -54.36 -49.00
 803.00 -59.60 -53.24
 804.00 -57.67 -44.29
 805.00 -63.77 -48.53
 806.00 -58.83 -48.72
 807.00 -58.34 -46.82
 808.00 -71.19 -39.32
 809.00 -50.56 -45.50
 810.00 -78.35 -17.39
 811.00 -75.65 -17.79
 812.00 -118.15 -13.45
 813.00 -145.57  63.46
 814.00 -135.21 -20.86
 815.00 -134.51 131.66
 816.00 -65.43 161.96
 817.00 -62.41 156.87
 818.00 -79.25 -33.97
 819.00  81.54 -20.59
 820.00 -82.60 172.76
 821.00 -70.44 176.34
 822.00 -97.50 -37.59
 823.00 -76.32  56.01
 824.00 -65.11 -24.75
 825.00 -71.25 -47.62
 826.00 -70.66 -20.21
 827.00 -59.43 -52.88
 828.00 -80.28 -25.88
 829.00 -74.00 -36.80
 830.00 -60.48 -37.89
 831.00 -55.57 -47.38
 832.00 -60.71 -50.43
 833.00 -71.91 -45.24
 834.00 -67.25 -24.55
 835.00 -63.23 -45.03
 836.00 -79.29 -36.44
 837.00 -78.74 -18.21
 838.00 -52.87 -52.55
 839.00 -70.54 -29.27
 840.00 -106.50 -30.72
 841.00 -49.89 -12.56
 842.00 -80.83 140.55
 843.00 -77.24  31.57
 844.00 -64.10 149.24
 845.00 -66.22  93.96
 846.00 -48.36 -19.78
 847.00 -126.58 -28.84
 848.00 -59.02  78.09
 849.00 -62.03 -19.53
 850.00 -55.25 -41.50
 851.00 -52.18 -41.51
 852.00 -73.47 -46.53
 853.00 -73.57 -32.94
 854.00 -66.35 -36.62
 855.00 -66.16 -39.03
 856.00 -55.86 -42.07
 857.00 -61.74 -47.78
 858.00 -60.48 -43.55
 859.00 -78.27 -35.82
 860.00 -61.33 -30.93
 861.00 -59.29 -42.97
 862.00 -51.75 -53.43
 863.00 -59.57 -52.78
 864.00 -63.69 -33.11
 865.00 -62.90 -23.13
 866.00 -58.34 -45.99
 867.00 -58.19 -50.33
 868.00 -67.52 -31.87
 869.00 -60.51 -44.58
 870.00 -51.27 -54.38
 871.00 -66.93 -46.63
 872.00 -63.38 -37.78
 873.00 -67.35 -35.34
 874.00 -60.00 -41.44
 875.00 -48.25 -45.07
 876.00 -72.17 -54.16
 877.00 -69.73 -37.60
 878.00 -75.14 -32.72
 879.00 -93.56 -16.65
 880.00 -62.53 -39.96
 881.00 -53.62 -39.49
 882.00 -119.47 -33.96
 883.00 -49.31  10.66
 884.00 -66.54 -42.36
 885.00 -78.98 -34.58
 886.00 -107.52  -7.96
 887.00  50.66   3.28
 888.00 -80.64  32.53
 889.00 -81.35 129.24
 890.00 -137.71 140.14
 891.00 -62.60 128.81
 892.00 -64.41 136.35
 893.00 -76.22 -19.13
 894.00 -76.05 -31.49
 895.00 -58.01 -44.26
 896.00 -49.30 -38.33
 897.00 -67.88 -55.68
 898.00 -84.18 -35.56
 899.00 -87.81 -34.69
 900.00 -102.33 -28.77
 901.00 -93.22 -50.19
 902.00 -62.03 -41.13
 903.00 -63.81 -34.36
 904.00 -64.98 -18.61
 905.00 -73.83 -37.62
 906.00 -61.89 -54.17
 907.00 -78.21 -34.83
 908.00  74.40   5.09
 909.00 -79.97   5.59
 910.00 -133.07 -20.96
 911.00 -146.26 134.80
 912.00 -53.82 134.92
 913.00 -87.51 150.86
 914.00 -109.93 132.80
 915.00 -72.95 125.75
 916.00 -137.23 -18.21
 917.00 -74.46 155.84


