 residuo Phi Psi
 669.00 -63.05 127.08
 670.00 -46.93 145.09
 671.00 -120.68 157.29
 672.00 -72.31 -41.28
 673.00 -60.66 -30.51
 674.00 -63.51 -37.85
 675.00 -78.50 -26.22
 676.00 -59.48 -43.04
 677.00 -66.07 -44.38
 678.00 -76.23 -26.71
 679.00 -77.55 -54.91
 680.00 -57.86  -4.32
 681.00 -64.54 121.20
 682.00 -80.26 160.98
 683.00 -77.84 -157.76
 684.00 -106.35 114.51
 685.00 -83.58 120.75
 686.00 -72.18 149.78
 687.00  62.57 -18.66
 688.00 -78.53  32.75
 689.00 -130.04 153.27
 690.00 -58.99 104.99
 691.00 -80.82  -8.92
 692.00 -92.38  -9.01
 693.00 -51.87 149.86
 694.00 -80.16 135.92
 695.00 -140.83 121.84
 696.00 -47.94 157.06
 697.00 -61.70 -48.26
 698.00 -63.72 -48.00
 699.00 -70.93 -43.11
 700.00 -68.14 -41.58
 701.00 -61.91 -46.26
 702.00 -69.41 -33.32
 703.00 -82.46 -23.77
 704.00 -66.14 -35.84
 705.00 -62.69 -41.03
 706.00 -56.79 -50.00
 707.00 -69.65 -28.63
 708.00 -55.59 -45.77
 709.00 -60.92 -53.09
 710.00 -61.37 -42.90
 711.00 -64.49 -37.82
 712.00 -59.76 -42.62
 713.00 -53.72 -54.67
 714.00 -63.39 -39.01
 715.00 -64.83 -36.82
 716.00 -61.74 -38.14
 717.00 -59.50 -52.14
 718.00 -64.41 -44.39
 719.00 -54.97 -42.16
 720.00 -82.48 -34.13
 721.00 -60.71 -20.70
 722.00 -58.86 127.63
 723.00  79.74 138.09
 724.00 -57.27 -11.73
 725.00 -62.66 -42.93
 726.00 -68.69 -23.71
 727.00 -76.42 -13.73
 728.00 -59.09 158.37
 729.00 -69.88 132.85
 730.00 -81.03 -11.46
 731.00 -71.45 -34.54
 732.00 -54.25 -36.69
 733.00 -58.26 -52.94
 734.00 -66.23 -33.45
 735.00 -66.03 -53.69
 736.00 -64.60 -28.91
 737.00 -83.06 -33.95
 738.00 -97.02 -17.94
 739.00 -77.32 -32.03
 740.00 -53.83 -26.33
 741.00 -57.12 -47.01
 742.00 -55.21 -62.06
 743.00 -62.58 -41.18
 744.00 -81.12 -52.01
 745.00 -64.12 -32.17
 746.00 -65.48 -38.32
 747.00 -60.42 -48.38
 748.00 -57.19 -45.85
 749.00 -70.74 -35.45
 750.00 -79.44 -30.22
 751.00 -50.17 -42.61
 752.00 -70.44 -33.03
 753.00 -77.31 -40.01
 754.00 -85.94 -28.86
 755.00 -108.75 -32.99
 756.00 -120.73 -39.53
 757.00  42.37  19.21
 758.00  61.70  39.77
 759.00 -75.09  15.66
 760.00 -96.11 -55.29
 761.00 -103.95 176.46
 762.00 -89.29 109.40
 763.00 -62.06  76.32
 764.00 -154.09 -44.30
 765.00 -64.07 168.80
 766.00 -78.74 -33.89
 767.00 -93.91 -52.15
 768.00 -87.06  63.52
 769.00 -91.77 126.43
 770.00 -68.28  98.05
 771.00 -36.09 161.89
 772.00 -84.99 -40.35
 773.00 -66.01 -29.47
 774.00 -53.37 -43.55
 775.00 -61.69 -52.23
 776.00 -74.22 -45.74
 777.00 -64.15  -1.50
 778.00  57.82 -28.16
 779.00 -132.52  22.46
 780.00 -58.14  35.11
 781.00 -70.59 -32.49
 782.00 -67.76 -42.31
 783.00 -72.72 -27.62
 784.00 -60.51 -39.22
 785.00 -63.56 -49.32
 786.00 -81.62 -27.13
 787.00 -68.90 -29.62
 788.00 -56.28 -53.20
 789.00 -73.09 -27.59
 790.00 -49.88 -42.60
 791.00 -70.01 -32.30
 792.00 -58.60 -21.34
 793.00 -51.81 -42.70
 794.00 -80.30 -49.02
 795.00 -58.43 -35.14
 796.00 -84.25 -38.36
 797.00  59.68 -22.65
 798.00 -70.62  64.75
 799.00 -77.38 130.91
 800.00 -46.50 152.03
 801.00 -66.30 -46.47
 802.00 -73.80 -26.63
 803.00 -70.85 -38.09
 804.00 -65.48 -35.15
 805.00 -65.49 -42.70
 806.00 -74.88 -30.16
 807.00 -62.84 -46.16
 808.00 -63.27 -38.98
 809.00 -70.62 -39.42
 810.00 -57.45 -30.59
 811.00 -67.15 -31.78
 812.00 -94.41 -33.96
 813.00 -128.15  25.39
 814.00 -155.98  27.59
 815.00 -139.13 112.04
 816.00 -53.71 160.35
 817.00 -77.59 148.62
 818.00 -87.49 -25.07
 819.00  77.32   6.15
 820.00 -57.32 155.53
 821.00 -67.50 170.76
 822.00 -123.37 -33.55
 823.00 -72.23  82.13
 824.00 -56.96 -33.31
 825.00 -77.42 -39.52
 826.00 -72.08 -27.07
 827.00 -58.75 -50.01
 828.00 -64.91 -30.99
 829.00 -55.11 -62.25
 830.00 -49.51 -51.53
 831.00 -57.93 -48.83
 832.00 -62.45 -41.18
 833.00 -68.87 -45.03
 834.00 -71.90 -25.70
 835.00 -68.63 -39.25
 836.00 -80.27 -21.87
 837.00 -71.66 -38.93
 838.00 -56.42 -38.97
 839.00 -100.21 -13.76
 840.00 -141.49  -6.81
 841.00 -57.17   9.34
 842.00 -70.25 129.47
 843.00 -128.08  85.19
 844.00 -86.64 165.77
 845.00 -48.67 100.06
 846.00 -64.67 -41.76
 847.00 -128.01 -11.87
 848.00 -68.18  94.28
 849.00 -57.01 -22.34
 850.00 -62.43 -41.18
 851.00 -65.37 -35.37
 852.00 -57.48 -39.61
 853.00 -53.63 -55.79
 854.00 -51.94 -55.62
 855.00 -65.36 -45.63
 856.00 -61.99 -44.72
 857.00 -68.75 -34.15
 858.00 -69.79 -35.91
 859.00 -73.80 -38.11
 860.00 -69.45 -26.71
 861.00 -55.56 -49.04
 862.00 -60.82 -34.32
 863.00 -83.60 -36.36
 864.00 -58.67 -26.98
 865.00 -66.81 -19.53
 866.00 -50.01 -35.89
 867.00 -63.65 -53.38
 868.00 -67.27 -26.63
 869.00 -67.60 -50.56
 870.00 -53.52 -43.05
 871.00 -61.44 -52.15
 872.00 -73.54 -38.11
 873.00 -57.85 -37.07
 874.00 -48.49 -52.94
 875.00 -84.52 -44.16
 876.00 -67.16 -30.23
 877.00 -69.82 -39.19
 878.00 -62.86 -40.25
 879.00 -75.90 -38.49
 880.00 -59.46 -36.71
 881.00 -66.41 -30.03
 882.00 -107.62 -31.32
 883.00 -55.51   7.87
 884.00 -67.58 -54.27
 885.00 -67.61 -32.59
 886.00 -97.78 -27.57
 887.00  53.47   8.36
 888.00 -88.73  30.60
 889.00 -111.77 137.66
 890.00 -120.43 134.83
 891.00 -62.37 134.28
 892.00 -62.45 153.99
 893.00 -67.05 -43.52
 894.00 -70.61 -41.29
 895.00 -60.91 -38.05
 896.00 -64.83 -41.01
 897.00 -46.79 -50.27
 898.00 -81.22 -45.42
 899.00 -77.74 -35.50
 900.00 -113.77 -25.90
 901.00 -91.69 -45.69
 902.00 -57.64 -35.74
 903.00 -62.18 -40.34
 904.00 -69.00 -24.43
 905.00 -84.49 -27.08
 906.00 -72.64 -36.87
 907.00 -83.92 -29.97
 908.00  47.57  -7.59
 909.00 -54.61  25.98
 910.00 -127.48 -26.22
 911.00 -135.79 134.64
 912.00 -70.03 141.00
 913.00 -83.74 147.61
 914.00 -76.08 102.80
 915.00 -77.02 131.20
 916.00 -111.12 -37.16
 917.00 -151.64 147.08


