 residuo Phi Psi
 669.00 -72.13 147.96
 670.00 -54.46 116.47
 671.00 -150.73 122.40
 672.00 -61.88 -15.07
 673.00 -61.63 -47.94
 674.00 -59.74 -33.70
 675.00 -59.74 -41.45
 676.00 -55.18 -55.50
 677.00 -43.43 -50.64
 678.00 -80.06 -45.07
 679.00 -102.80 -27.74
 680.00 -58.05   0.86
 681.00 -52.95 127.74
 682.00 -80.23 121.18
 683.00 -71.89 -157.36
 684.00 -139.13 137.66
 685.00 -83.90 120.16
 686.00 -84.76 150.52
 687.00  87.07 -20.44
 688.00 -105.43  22.71
 689.00 -65.88 122.68
 690.00 -76.53 126.48
 691.00 -116.14  -4.90
 692.00 -138.97  61.33
 693.00 -61.64 162.22
 694.00 -60.99 127.75
 695.00 -138.42 133.20
 696.00 -50.61 134.81
 697.00 -62.87 -43.51
 698.00 -57.96 -60.58
 699.00 -68.44 -31.91
 700.00 -70.72 -47.94
 701.00 -56.41 -37.54
 702.00 -64.80 -48.28
 703.00 -68.44 -35.41
 704.00 -57.17 -44.40
 705.00 -82.54 -33.99
 706.00 -65.39 -36.72
 707.00 -66.98 -33.83
 708.00 -64.21 -42.83
 709.00 -60.80 -53.36
 710.00 -73.76 -40.91
 711.00 -74.56 -23.19
 712.00 -69.63 -36.83
 713.00 -67.06 -25.67
 714.00 -66.47 -39.48
 715.00 -60.32 -43.46
 716.00 -51.26 -47.56
 717.00 -62.05 -48.93
 718.00 -74.09 -41.40
 719.00 -56.17 -33.81
 720.00 -138.26 -10.98
 721.00 -66.89  18.36
 722.00 -83.97 140.78
 723.00  69.90 156.66
 724.00 -70.48 -21.51
 725.00 -59.81 -43.96
 726.00 -63.46  -2.79
 727.00 -80.04 -25.06
 728.00 -71.86 155.70
 729.00 -60.05 154.55
 730.00 -56.25 -29.75
 731.00 -80.64 -45.53
 732.00 -59.95 -26.47
 733.00 -64.07 -50.57
 734.00 -52.74 -41.51
 735.00 -73.59 -53.79
 736.00 -59.96 -36.20
 737.00 -74.54 -36.14
 738.00 -94.66 -26.25
 739.00 -65.81 -40.26
 740.00 -36.46 -17.74
 741.00 -61.82 -63.19
 742.00 -54.91 -59.07
 743.00 -72.67 -36.73
 744.00 -64.54 -52.06
 745.00 -59.73 -39.11
 746.00 -57.72 -50.80
 747.00 -54.82 -47.73
 748.00 -54.77 -46.75
 749.00 -62.65 -35.70
 750.00 -76.97 -39.80
 751.00 -62.26 -39.11
 752.00 -72.23 -34.62
 753.00 -64.06 -45.87
 754.00 -85.58 -39.21
 755.00 -110.38 -11.58
 756.00 -133.20 -39.05
 757.00  52.43  20.96
 758.00  72.64  35.75
 759.00 -60.84 -24.88
 760.00 -136.26 -20.83
 761.00 -103.03 166.92
 762.00 -85.91 100.45
 763.00 -48.38  58.36
 764.00 -146.48 -58.90
 765.00 -62.67 166.30
 766.00 -117.43 -10.43
 767.00 -139.58   1.92
 768.00 -82.94  52.48
 769.00 -94.46 136.95
 770.00 -67.72  85.80
 771.00 -59.90 179.78
 772.00 -76.02 -36.78
 773.00 -68.80 -42.56
 774.00 -66.54 -27.14
 775.00 -67.71 -40.41
 776.00 -55.70 -55.68
 777.00 -76.20 -42.92
 778.00  73.93 -10.05
 779.00 -77.30 -22.39
 780.00 -53.95  34.09
 781.00 -74.98 -40.50
 782.00 -57.78 -40.30
 783.00 -66.24 -38.06
 784.00 -61.00 -44.89
 785.00 -47.84 -51.15
 786.00 -74.23 -35.80
 787.00 -59.00 -44.73
 788.00 -66.08 -32.63
 789.00 -55.26 -44.86
 790.00 -53.50 -48.11
 791.00 -63.59 -47.31
 792.00 -68.17 -19.89
 793.00 -61.30 -43.39
 794.00 -68.69 -49.01
 795.00 -66.77 -33.22
 796.00 -76.00 -43.83
 797.00  57.40   2.63
 798.00 -72.13  42.47
 799.00 -81.76 134.56
 800.00 -63.92 154.09
 801.00 -75.21 -19.41
 802.00 -62.10 -39.88
 803.00 -55.55 -40.65
 804.00 -67.52 -42.57
 805.00 -69.62 -50.07
 806.00 -76.85 -22.13
 807.00 -62.78 -50.16
 808.00 -55.79 -33.85
 809.00 -77.97 -37.53
 810.00 -61.80 -31.84
 811.00 -77.44 -20.82
 812.00 -90.75 -33.24
 813.00 -116.24  22.72
 814.00 -152.60  23.33
 815.00 -141.16 130.72
 816.00 -55.63 147.23
 817.00 -52.18 138.19
 818.00 -66.51 -48.29
 819.00  82.88 -12.29
 820.00 -60.75 151.24
 821.00 -76.23 171.69
 822.00 -117.67 -21.54
 823.00 -61.90  44.08
 824.00 -75.08 -33.05
 825.00 -71.99 -38.42
 826.00 -62.94 -24.98
 827.00 -57.70 -51.57
 828.00 -51.59 -46.19
 829.00 -73.13 -51.98
 830.00 -63.29 -31.70
 831.00 -63.50 -39.06
 832.00 -79.70 -31.87
 833.00 -57.00 -46.86
 834.00 -69.37 -31.61
 835.00 -55.62 -43.48
 836.00 -87.06 -36.38
 837.00 -70.64 -14.36
 838.00 -59.72 -50.46
 839.00 -71.82 -18.02
 840.00 -131.46 -32.57
 841.00 -54.88   9.98
 842.00 -82.49 138.32
 843.00 -152.57 100.80
 844.00 -89.87 158.71
 845.00 -64.81  85.64
 846.00 -69.88 -19.74
 847.00 -133.55 -13.25
 848.00 -56.98  79.93
 849.00 -51.54 -18.91
 850.00 -54.34 -41.34
 851.00 -68.38 -44.55
 852.00 -66.38 -31.60
 853.00 -41.95 -56.08
 854.00 -60.22 -53.89
 855.00 -69.62 -48.10
 856.00 -42.21 -41.27
 857.00 -62.79 -58.43
 858.00 -72.34 -37.64
 859.00 -72.97 -33.52
 860.00 -52.27 -35.07
 861.00 -84.38 -32.47
 862.00 -78.16 -31.24
 863.00 -72.37 -35.38
 864.00 -81.41 -21.87
 865.00 -77.58 -34.00
 866.00 -73.77 -22.04
 867.00 -74.33 -37.86
 868.00 -66.56 -20.46
 869.00 -55.26 -47.11
 870.00 -64.75 -34.22
 871.00 -59.15 -46.99
 872.00 -85.89 -33.47
 873.00 -68.89 -27.03
 874.00 -55.78 -46.88
 875.00 -67.72 -44.18
 876.00 -57.89 -48.94
 877.00 -63.09 -39.39
 878.00 -64.26 -51.59
 879.00 -70.72 -27.26
 880.00 -59.90 -44.64
 881.00 -61.26 -28.43
 882.00 -116.75 -33.93
 883.00 -50.49   0.67
 884.00 -67.24 -34.52
 885.00 -82.94 -32.60
 886.00 -114.50 -21.04
 887.00  67.06   3.09
 888.00 -89.22  23.04
 889.00 -92.69 137.10
 890.00 -118.39 131.37
 891.00 -84.22 122.95
 892.00 -53.49 158.25
 893.00 -65.64 -55.87
 894.00 -66.47 -30.33
 895.00 -51.83 -55.16
 896.00 -60.03 -42.57
 897.00 -66.17 -37.69
 898.00 -80.05 -42.34
 899.00 -91.70 -28.33
 900.00 -108.76 -21.15
 901.00 -88.31 -55.41
 902.00 -55.24 -48.86
 903.00 -55.08 -40.00
 904.00 -56.95 -37.41
 905.00 -57.74 -40.84
 906.00 -62.06 -59.94
 907.00 -91.07 -37.42
 908.00  75.60  11.04
 909.00 -67.18  15.32
 910.00 -99.43 -40.70
 911.00 -126.20 125.02
 912.00 -68.14 150.73
 913.00 -91.33 145.41
 914.00 -95.80  95.87
 915.00 -75.03 132.78
 916.00 -116.35 -22.98
 917.00 -96.14 167.85


