 residuo Phi Psi
 669.00 -69.87 163.15
 670.00 -53.20 150.42
 671.00 -138.00 149.78
 672.00 -41.84 -20.66
 673.00 -66.11 -45.60
 674.00 -88.85 -25.00
 675.00 -58.84 -32.87
 676.00 -60.64 -43.46
 677.00 -69.22 -40.50
 678.00 -70.15 -34.53
 679.00 -66.44 -47.98
 680.00 -69.64 -15.10
 681.00 -75.24 122.14
 682.00 -62.62 166.47
 683.00 -58.05 148.92
 684.00 -92.67 151.59
 685.00 -104.52 137.28
 686.00 -76.67 158.57
 687.00  65.33 -25.45
 688.00 -80.58  24.96
 689.00 -93.55 138.22
 690.00 -69.12 107.38
 691.00 -67.10 -21.00
 692.00 -99.23  -8.02
 693.00 -58.08 143.17
 694.00 -66.80 142.73
 695.00 -152.36 121.29
 696.00 -47.92 151.07
 697.00 -47.75 -62.13
 698.00 -52.85 -57.02
 699.00 -55.34 -45.64
 700.00 -79.58 -46.66
 701.00 -58.10 -35.36
 702.00 -61.80 -43.72
 703.00 -66.49 -42.75
 704.00 -64.94 -39.82
 705.00 -58.66 -39.44
 706.00 -69.23 -37.53
 707.00 -56.52 -43.37
 708.00 -56.19 -40.28
 709.00 -61.75 -59.62
 710.00 -68.30 -34.38
 711.00 -61.81 -46.95
 712.00 -62.20 -32.11
 713.00 -72.50 -38.39
 714.00 -73.84 -33.38
 715.00 -66.30 -38.79
 716.00 -70.31 -32.80
 717.00 -72.80 -39.21
 718.00 -65.55 -35.15
 719.00 -58.92 -45.22
 720.00 -132.89   7.75
 721.00 -77.89  -2.19
 722.00 -48.11 125.22
 723.00  74.02 134.97
 724.00 -72.69   6.53
 725.00 -56.72 -31.94
 726.00 -73.12 -21.22
 727.00 -80.06 -19.64
 728.00 -61.54 137.46
 729.00 -52.26 148.02
 730.00 -66.69 -28.36
 731.00 -76.36 -38.89
 732.00 -53.24 -37.53
 733.00 -70.62 -42.59
 734.00 -69.19 -34.82
 735.00 -73.19 -44.40
 736.00 -59.07 -41.92
 737.00 -61.92 -50.40
 738.00 -64.42 -50.56
 739.00 -68.05 -43.56
 740.00 -43.89 -14.62
 741.00 -58.99 -67.40
 742.00 -66.40 -38.48
 743.00 -56.89 -50.35
 744.00 -67.47 -48.00
 745.00 -75.81 -39.08
 746.00 -74.45 -31.98
 747.00 -68.16 -32.93
 748.00 -64.88 -46.30
 749.00 -71.83 -36.29
 750.00 -57.55 -43.34
 751.00 -56.90 -52.47
 752.00 -70.24 -34.20
 753.00 -61.08 -42.58
 754.00 -83.93 -40.38
 755.00 -103.32 -22.69
 756.00 -148.85 -25.95
 757.00  38.34  29.37
 758.00  73.76  38.28
 759.00 -73.25  -5.21
 760.00 -114.67 -36.76
 761.00 -82.81 147.00
 762.00 -81.11 107.82
 763.00 -64.82  69.71
 764.00 -134.10 -60.61
 765.00 -56.05 152.33
 766.00 -103.13 -29.88
 767.00 -138.95  -1.48
 768.00 -92.11  73.46
 769.00 -97.00 128.43
 770.00 -87.36 119.29
 771.00 -54.23 166.27
 772.00 -56.01 -25.28
 773.00 -63.73 -55.33
 774.00 -63.07 -27.51
 775.00 -73.25 -37.37
 776.00 -64.81 -44.01
 777.00 -74.72 -32.44
 778.00  50.96   2.28
 779.00 -93.96 -17.24
 780.00 -58.76  45.70
 781.00 -63.45 -39.37
 782.00 -61.34 -52.56
 783.00 -71.26 -34.95
 784.00 -50.80 -37.46
 785.00 -53.65 -56.78
 786.00 -76.84 -33.89
 787.00 -64.11 -36.87
 788.00 -50.72 -40.31
 789.00 -63.38 -45.72
 790.00 -73.59 -32.66
 791.00 -55.62 -45.79
 792.00 -66.38 -41.23
 793.00 -62.59 -18.94
 794.00 -79.81 -39.44
 795.00 -53.41 -39.37
 796.00 -72.62 -46.33
 797.00  57.07 -18.96
 798.00 -76.44  57.31
 799.00 -94.73 131.63
 800.00 -59.23 159.63
 801.00 -68.87 -29.69
 802.00 -78.17 -30.02
 803.00 -58.28 -41.05
 804.00 -55.14 -49.28
 805.00 -61.95 -48.46
 806.00 -61.53 -47.77
 807.00 -50.52 -54.49
 808.00 -61.91 -43.07
 809.00 -70.41 -35.28
 810.00 -71.16 -33.53
 811.00 -57.36 -25.02
 812.00 -117.76 -25.80
 813.00 -137.23  52.26
 814.00 -144.18  -9.90
 815.00 -141.31 126.06
 816.00 -53.69 160.71
 817.00 -55.15 149.65
 818.00 -76.35 -32.51
 819.00  87.43 -21.72
 820.00 -49.90 153.37
 821.00 -56.13 155.49
 822.00 -87.93 -48.84
 823.00 -57.78  39.78
 824.00 -46.44 -35.06
 825.00 -76.01 -42.85
 826.00 -65.66 -39.30
 827.00 -69.70 -37.99
 828.00 -59.37 -34.25
 829.00 -76.20 -35.71
 830.00 -54.89 -44.18
 831.00 -70.53 -42.07
 832.00 -72.10 -32.52
 833.00 -72.63 -40.49
 834.00 -61.24 -28.37
 835.00 -80.04 -38.77
 836.00 -79.25 -27.08
 837.00 -69.64 -29.15
 838.00 -52.95 -46.18
 839.00 -78.88 -13.88
 840.00 -142.73 -23.44
 841.00 -74.97  19.06
 842.00 -76.83 149.30
 843.00 -153.37  91.50
 844.00 -104.93 178.54
 845.00 -52.53 114.63
 846.00 -92.70 -26.52
 847.00 -137.04  -1.67
 848.00 -64.65  85.79
 849.00 -51.29 -10.73
 850.00 -66.79 -43.62
 851.00 -76.18 -36.28
 852.00 -80.90 -28.24
 853.00 -56.76 -35.30
 854.00 -56.00 -45.30
 855.00 -61.17 -60.52
 856.00 -56.62 -40.49
 857.00 -62.48 -47.32
 858.00 -79.36 -35.95
 859.00 -65.97 -32.48
 860.00 -73.43 -30.72
 861.00 -69.86 -34.75
 862.00 -57.77 -39.92
 863.00 -57.83 -47.63
 864.00 -67.53 -37.90
 865.00 -66.89  -7.07
 866.00 -71.06 -45.66
 867.00 -66.92 -41.56
 868.00 -91.83 -14.52
 869.00 -46.86 -56.17
 870.00 -67.13 -38.44
 871.00 -63.87 -41.75
 872.00 -67.18 -43.15
 873.00 -66.91 -26.41
 874.00 -67.50 -42.17
 875.00 -66.48 -39.03
 876.00 -74.52 -45.89
 877.00 -64.38 -50.56
 878.00 -71.27 -31.96
 879.00 -81.35 -21.25
 880.00 -61.23 -39.00
 881.00 -62.33 -47.47
 882.00 -125.51 -11.50
 883.00 -65.34  38.67
 884.00 -57.40 -34.09
 885.00 -69.43 -52.49
 886.00 -89.64 -36.35
 887.00  72.14 -16.91
 888.00 -79.18  25.64
 889.00 -110.66 135.39
 890.00 -122.59 143.35
 891.00 -72.32 133.95
 892.00 -70.72 146.26
 893.00 -67.99 -27.06
 894.00 -64.64 -45.83
 895.00 -70.31 -39.84
 896.00 -73.15 -24.87
 897.00 -52.47 -49.60
 898.00 -70.85 -45.06
 899.00 -96.99 -29.78
 900.00 -101.00 -31.22
 901.00 -90.91 -35.64
 902.00 -67.57 -46.11
 903.00 -54.72 -34.78
 904.00 -67.05 -33.04
 905.00 -65.44 -38.91
 906.00 -62.02 -48.06
 907.00 -71.22 -50.59
 908.00  88.32 -12.78
 909.00 -92.77  25.68
 910.00 -116.93 -12.22
 911.00 -142.92 146.78
 912.00 -77.65 132.99
 913.00 -90.71 147.82
 914.00 -120.02 142.16
 915.00 -61.83 119.18
 916.00 -94.30 -45.58
 917.00 -127.04 132.91


