 residuo Phi Psi
 669.00 -65.08 150.52
 670.00 -86.68 138.50
 671.00 -143.59 132.40
 672.00 -44.98 -26.76
 673.00 -58.09 -56.70
 674.00 -73.71 -38.96
 675.00 -76.78 -23.23
 676.00 -54.54 -43.43
 677.00 -76.35 -38.04
 678.00 -76.14 -29.76
 679.00 -83.18 -29.11
 680.00 -61.01 -21.47
 681.00 -85.87 115.98
 682.00 -76.55 151.83
 683.00 -72.06 174.21
 684.00 -86.88 138.59
 685.00 -90.48 134.25
 686.00 -79.97 152.38
 687.00  92.10 -19.48
 688.00 -46.85  12.36
 689.00 -115.77 136.99
 690.00 -56.74 122.13
 691.00 -78.79 -16.41
 692.00 -81.43 -19.38
 693.00 -73.88 149.18
 694.00 -77.04 152.06
 695.00 -89.99  49.45
 696.00 -48.38 154.69
 697.00 -63.58 -50.77
 698.00 -65.59 -49.32
 699.00 -51.19 -53.40
 700.00 -85.23 -44.80
 701.00 -54.85 -32.64
 702.00 -66.75 -39.22
 703.00 -68.24 -40.46
 704.00 -64.00 -33.85
 705.00 -61.55 -42.27
 706.00 -69.21 -36.81
 707.00 -53.39 -43.17
 708.00 -64.22 -46.70
 709.00 -69.86 -37.05
 710.00 -53.23 -44.71
 711.00 -65.75 -45.19
 712.00 -59.80 -39.99
 713.00 -58.72 -50.05
 714.00 -71.81 -27.57
 715.00 -60.33 -57.28
 716.00 -67.47 -38.35
 717.00 -77.49 -30.36
 718.00 -55.17 -44.59
 719.00 -55.67 -49.77
 720.00 -73.84 -40.71
 721.00 -71.92  -3.64
 722.00 -63.11 145.40
 723.00  84.54 109.62
 724.00 -49.41  -6.08
 725.00 -51.05 -53.07
 726.00 -79.93  -9.17
 727.00 -55.79 -18.94
 728.00 -60.76 147.75
 729.00 -47.22 138.57
 730.00 -79.63 -32.25
 731.00 -91.19 -11.15
 732.00 -62.44 -35.80
 733.00 -58.00 -47.62
 734.00 -68.41 -41.08
 735.00 -67.27 -45.39
 736.00 -47.78 -44.97
 737.00 -67.02 -52.87
 738.00 -88.06 -35.32
 739.00 -75.12 -30.23
 740.00 -45.01 -16.27
 741.00 -80.96 -47.82
 742.00 -63.86 -45.86
 743.00 -67.49 -38.76
 744.00 -84.15 -35.45
 745.00 -78.56 -30.53
 746.00 -64.72 -33.24
 747.00 -70.87 -40.55
 748.00 -64.82 -28.57
 749.00 -60.98 -46.41
 750.00 -52.53 -42.57
 751.00 -51.26 -58.28
 752.00 -83.58 -30.08
 753.00 -77.59 -32.53
 754.00 -75.94 -43.46
 755.00 -79.66 -49.45
 756.00 -135.95 -32.56
 757.00  62.79  14.75
 758.00  57.28  27.85
 759.00 -71.43   8.50
 760.00 -93.82 -51.86
 761.00 -91.06 160.53
 762.00 -82.33 103.36
 763.00 -62.28  70.09
 764.00 -123.70 -64.61
 765.00 -45.72 151.83
 766.00 -97.61 -30.21
 767.00 -120.50 -16.06
 768.00 -77.27  61.75
 769.00 -99.47 130.27
 770.00 -79.35 113.84
 771.00 -50.03 174.99
 772.00 -63.37 -47.08
 773.00 -74.43 -40.45
 774.00 -69.58 -28.68
 775.00 -71.94 -30.67
 776.00 -68.87 -45.26
 777.00 -88.06 -29.20
 778.00  56.68  12.34
 779.00 -141.88  31.48
 780.00 -51.07  34.02
 781.00 -77.26 -39.17
 782.00 -52.38 -37.87
 783.00 -69.99 -50.35
 784.00 -60.76 -26.31
 785.00 -58.47 -52.53
 786.00 -70.78 -39.50
 787.00 -68.06 -34.31
 788.00 -59.09 -45.68
 789.00 -64.37 -36.98
 790.00 -58.45 -48.27
 791.00 -71.07 -33.19
 792.00 -65.20 -27.41
 793.00 -64.63 -25.49
 794.00 -74.41 -50.03
 795.00 -74.41 -19.58
 796.00 -82.46 -48.35
 797.00  37.99   9.48
 798.00 -64.68  52.70
 799.00 -83.91 119.37
 800.00 -66.64 164.67
 801.00 -63.00 -30.23
 802.00 -76.03 -33.58
 803.00 -51.56 -45.32
 804.00 -63.09 -44.83
 805.00 -60.27 -60.62
 806.00 -67.06 -32.96
 807.00 -66.21 -38.38
 808.00 -61.98 -39.81
 809.00 -65.11 -52.42
 810.00 -62.78 -27.29
 811.00 -57.32 -24.94
 812.00 -97.78 -44.47
 813.00 -135.54  54.54
 814.00 -142.49  -6.79
 815.00 -150.30 127.55
 816.00 -71.82 177.54
 817.00 -55.77 150.60
 818.00 -72.23 -38.16
 819.00  81.50  -9.03
 820.00 -68.38 168.42
 821.00 -71.73 168.47
 822.00 -127.76 -34.92
 823.00 -53.74  49.24
 824.00 -41.59 -24.07
 825.00 -77.43 -40.32
 826.00 -65.03 -38.89
 827.00 -59.18 -49.26
 828.00 -76.08 -28.42
 829.00 -53.02 -52.25
 830.00 -51.22 -48.22
 831.00 -60.47 -53.71
 832.00 -60.33 -43.11
 833.00 -58.95 -54.34
 834.00 -69.86 -22.54
 835.00 -65.39 -46.83
 836.00 -75.28 -44.18
 837.00 -65.38 -21.82
 838.00 -56.63 -56.35
 839.00 -84.51 -12.05
 840.00 -124.27 -24.25
 841.00 -69.12  12.68
 842.00 -77.32 154.53
 843.00 -87.29  31.32
 844.00 -74.60 160.50
 845.00 -53.45  94.05
 846.00 -56.08 -29.33
 847.00 -123.64 -28.46
 848.00 -69.48  86.94
 849.00 -62.03  -5.78
 850.00 -64.24 -42.78
 851.00 -59.15 -45.00
 852.00 -63.79 -41.30
 853.00 -67.02 -37.13
 854.00 -62.93 -47.70
 855.00 -62.56 -42.10
 856.00 -49.61 -50.04
 857.00 -63.03 -49.09
 858.00 -59.48 -40.72
 859.00 -78.37 -37.40
 860.00 -46.63 -42.30
 861.00 -63.23 -41.50
 862.00 -54.34 -51.48
 863.00 -64.55 -42.28
 864.00 -79.74 -42.47
 865.00 -67.32  -0.65
 866.00 -62.38 -39.11
 867.00 -60.34 -47.78
 868.00 -84.33 -27.13
 869.00 -65.97 -42.28
 870.00 -79.83 -23.82
 871.00 -74.18 -27.32
 872.00 -80.05 -34.12
 873.00 -56.96 -37.03
 874.00 -75.98 -40.32
 875.00 -52.12 -34.68
 876.00 -82.15 -46.75
 877.00 -65.74 -34.54
 878.00 -78.07 -42.90
 879.00 -74.05 -19.85
 880.00 -65.76 -43.44
 881.00 -77.07 -28.79
 882.00 -106.81 -27.09
 883.00 -57.33  15.70
 884.00 -39.24 -46.80
 885.00 -72.45 -38.80
 886.00 -126.57 -15.28
 887.00  67.44  -4.60
 888.00 -76.94  16.33
 889.00 -91.69 127.05
 890.00 -94.40 115.01
 891.00 -81.79 137.85
 892.00 -64.38 148.18
 893.00 -62.28 -39.43
 894.00 -86.01 -37.15
 895.00 -50.81 -42.13
 896.00 -65.77 -35.63
 897.00 -53.17 -42.66
 898.00 -73.12 -45.92
 899.00 -80.07 -38.63
 900.00 -109.33 -25.08
 901.00 -93.85 -50.79
 902.00 -53.20 -48.58
 903.00 -51.11 -34.98
 904.00 -66.06 -43.79
 905.00 -62.46 -31.52
 906.00 -72.26 -52.70
 907.00 -84.73 -22.01
 908.00  80.92  -1.42
 909.00 -66.40  -9.13
 910.00 -135.73  -6.47
 911.00 -153.39 131.93
 912.00 -76.32 153.56
 913.00 -87.45 159.77
 914.00 -74.69  86.82
 915.00 -80.44 141.11
 916.00 -138.18 -31.43
 917.00 -87.15 159.34


