 residuo Phi Psi
 669.00 -145.61 136.03
 670.00 -76.41 148.76
 671.00 -135.55 143.47
 672.00 -60.75   3.73
 673.00 -73.84 -26.90
 674.00 -68.52 -31.79
 675.00 -64.91 -32.98
 676.00 -76.76 -34.62
 677.00 -58.76 -44.09
 678.00 -52.63 -40.44
 679.00 -94.86 -39.66
 680.00 -66.20   4.21
 681.00 -69.56 138.13
 682.00 -76.48 164.66
 683.00 -71.92 -160.80
 684.00 -131.65 136.37
 685.00 -71.41 100.44
 686.00 -64.97 145.86
 687.00  72.19 -25.30
 688.00 -92.33  48.67
 689.00 -73.73 147.03
 690.00 -61.41  55.69
 691.00 -65.64 -26.90
 692.00 -78.72 -35.14
 693.00 -61.34 154.08
 694.00 -73.14 148.87
 695.00 -156.33 162.62
 696.00 -51.97 141.62
 697.00 -62.78 -60.47
 698.00 -73.21 -31.45
 699.00 -63.88 -35.60
 700.00 -78.78 -46.76
 701.00 -57.22 -38.66
 702.00 -86.09 -30.19
 703.00 -53.23 -39.57
 704.00 -73.39 -42.59
 705.00 -70.57 -27.32
 706.00 -65.28 -48.12
 707.00 -57.27 -29.69
 708.00 -65.68 -40.53
 709.00 -57.48 -55.96
 710.00 -81.80 -40.20
 711.00 -65.07 -16.70
 712.00 -54.38 -43.88
 713.00 -79.08 -44.69
 714.00 -73.74 -23.78
 715.00 -65.21 -35.28
 716.00 -51.34 -53.07
 717.00 -63.37 -44.22
 718.00 -55.25 -51.00
 719.00 -66.40 -39.56
 720.00 -133.76   2.88
 721.00 -60.15  -5.79
 722.00 -71.88 151.68
 723.00  70.25 136.74
 724.00 -75.09   2.40
 725.00 -62.64 -29.74
 726.00 -72.59 -11.60
 727.00 -92.36 -20.29
 728.00 -56.31 139.75
 729.00 -63.46 147.20
 730.00 -53.60 -34.94
 731.00 -67.06 -40.11
 732.00 -56.59 -41.40
 733.00 -62.94 -61.12
 734.00 -72.17 -16.41
 735.00 -68.20 -53.34
 736.00 -53.55 -39.64
 737.00 -72.20 -46.53
 738.00 -97.21  -8.27
 739.00 -79.09 -43.99
 740.00 -58.89 -14.37
 741.00 -71.34 -38.50
 742.00 -55.46 -60.10
 743.00 -76.57 -29.60
 744.00 -64.08 -43.22
 745.00 -56.65 -44.14
 746.00 -72.02 -43.04
 747.00 -48.95 -41.06
 748.00 -65.69 -53.46
 749.00 -60.21 -29.60
 750.00 -80.45 -34.54
 751.00 -48.49 -45.64
 752.00 -64.59 -46.48
 753.00 -74.98 -37.57
 754.00 -106.76 -21.06
 755.00 -106.54 -18.60
 756.00 -135.09 -38.00
 757.00  47.94  37.23
 758.00  62.68  26.83
 759.00 -84.84   5.37
 760.00 -112.37 -39.46
 761.00 -100.00 158.17
 762.00 -106.21 117.06
 763.00 -58.54  67.99
 764.00 -137.44 -60.42
 765.00 -75.88 166.29
 766.00 -115.02  -6.72
 767.00 -147.77   8.30
 768.00 -121.81  83.66
 769.00 -86.75 126.39
 770.00 -88.79 131.99
 771.00 -47.69 175.18
 772.00 -52.94 -43.38
 773.00 -62.76 -45.51
 774.00 -80.75 -19.92
 775.00 -84.95 -22.04
 776.00 -79.14 -42.90
 777.00 -76.33 -20.62
 778.00  58.27  -5.66
 779.00 -79.78 -21.70
 780.00 -57.14  47.69
 781.00 -57.33 -54.97
 782.00 -50.78 -51.86
 783.00 -68.72 -48.07
 784.00 -55.44 -47.43
 785.00 -67.13 -37.82
 786.00 -57.15 -40.31
 787.00 -62.86 -37.02
 788.00 -46.80 -55.18
 789.00 -61.94 -42.27
 790.00 -87.64 -35.56
 791.00 -61.81 -34.05
 792.00 -68.30 -20.76
 793.00 -54.28 -28.85
 794.00 -65.10 -50.13
 795.00 -71.66 -39.03
 796.00 -66.39 -47.93
 797.00  50.67 -17.07
 798.00 -62.87  64.42
 799.00 -98.70 138.91
 800.00 -62.43 156.52
 801.00 -72.23 -25.26
 802.00 -63.55 -49.99
 803.00 -45.27 -42.44
 804.00 -56.23 -62.64
 805.00 -53.57 -52.17
 806.00 -75.59 -32.08
 807.00 -63.91 -36.74
 808.00 -71.65 -29.25
 809.00 -69.20 -36.64
 810.00 -61.30 -33.59
 811.00 -70.12 -21.71
 812.00 -102.17 -39.83
 813.00 -136.98  54.64
 814.00 -162.47   7.38
 815.00 -151.82 130.05
 816.00 -60.51 166.09
 817.00 -64.62 170.00
 818.00 -77.19 -42.08
 819.00  64.08   9.95
 820.00 -58.79 172.73
 821.00 -63.60 165.84
 822.00 -123.66 -32.02
 823.00 -46.71  49.36
 824.00 -46.56 -23.88
 825.00 -72.21 -44.90
 826.00 -62.42 -36.96
 827.00 -64.04 -49.08
 828.00 -81.34 -31.89
 829.00 -72.68 -26.71
 830.00 -69.78 -40.70
 831.00 -58.65 -42.93
 832.00 -52.74 -43.30
 833.00 -77.12 -41.59
 834.00 -65.40 -33.74
 835.00 -54.93 -52.56
 836.00 -76.25 -34.31
 837.00 -79.15 -23.47
 838.00 -59.02 -40.47
 839.00 -66.45 -28.92
 840.00 -144.32 -15.47
 841.00 -58.12  12.04
 842.00 -60.18 120.90
 843.00 -159.63 100.77
 844.00 -66.71 154.70
 845.00 -65.08 118.80
 846.00 -66.85 -33.12
 847.00 -132.97  13.31
 848.00 -44.13  80.53
 849.00 -60.17 -53.06
 850.00 -63.26 -42.46
 851.00 -74.72 -27.21
 852.00 -54.31 -50.86
 853.00 -62.74 -42.68
 854.00 -67.15 -35.32
 855.00 -72.77 -30.73
 856.00 -64.05 -45.20
 857.00 -67.25 -36.29
 858.00 -66.30 -43.24
 859.00 -65.89 -46.59
 860.00 -56.74 -33.58
 861.00 -64.12 -44.15
 862.00 -58.75 -53.37
 863.00 -60.56 -44.78
 864.00 -75.60 -28.08
 865.00 -70.80 -17.73
 866.00 -77.04 -30.22
 867.00 -73.66 -24.82
 868.00 -74.17 -24.99
 869.00 -59.14 -31.53
 870.00 -58.70 -53.41
 871.00 -58.92 -43.88
 872.00 -70.18 -50.53
 873.00 -76.37 -18.93
 874.00 -64.63 -38.39
 875.00 -67.96 -42.02
 876.00 -70.66 -60.43
 877.00 -62.11 -31.37
 878.00 -64.32 -38.76
 879.00 -64.65 -39.78
 880.00 -52.93 -47.64
 881.00 -61.27 -56.28
 882.00 -105.07 -24.51
 883.00 -64.44  16.11
 884.00 -56.78 -42.56
 885.00 -70.57 -37.23
 886.00 -82.00 -53.97
 887.00  68.09  -8.90
 888.00 -105.64  46.72
 889.00 -87.70 124.13
 890.00 -122.37 137.21
 891.00 -71.89 139.50
 892.00 -48.10 157.73
 893.00 -68.00 -48.43
 894.00 -78.42 -36.51
 895.00 -59.79 -37.16
 896.00 -73.70 -28.84
 897.00 -51.01 -58.30
 898.00 -67.32 -50.34
 899.00 -93.86 -34.31
 900.00 -110.52 -12.34
 901.00 -95.66 -47.50
 902.00 -71.57 -33.52
 903.00 -64.28 -32.15
 904.00 -62.02 -23.47
 905.00 -76.90 -31.73
 906.00 -56.87 -55.51
 907.00 -81.50 -42.54
 908.00  78.71  -5.55
 909.00 -67.28  12.90
 910.00 -137.43 -12.40
 911.00 -136.60 146.13
 912.00 -69.62 141.90
 913.00 -96.05 145.76
 914.00 -120.37 140.55
 915.00 -71.29 144.63
 916.00 -106.89 -44.14
 917.00 -164.55 146.17


