 residuo Phi Psi
 669.00 -81.87 154.22
 670.00 -71.26 155.41
 671.00 -69.04 157.95
 672.00 -46.95 -19.85
 673.00 -64.36 -43.94
 674.00 -74.78 -25.07
 675.00 -70.72 -32.58
 676.00 -64.56 -47.72
 677.00 -73.59 -28.25
 678.00 -62.10 -34.80
 679.00 -80.42 -42.44
 680.00 -73.71   0.09
 681.00 -62.46 123.81
 682.00 -84.09 156.13
 683.00 -71.37 154.29
 684.00 -136.39 136.12
 685.00 -70.10 147.87
 686.00 -103.49 154.46
 687.00  75.75  -4.00
 688.00 -60.71   8.60
 689.00 -98.71 139.36
 690.00 -114.84 135.63
 691.00 -80.60  -0.97
 692.00 -126.57  12.79
 693.00 -62.22 159.54
 694.00 -79.56 154.27
 695.00 -148.93 141.80
 696.00 -54.24 148.37
 697.00 -66.51 -36.91
 698.00 -82.94 -45.93
 699.00 -56.22 -38.78
 700.00 -65.74 -52.63
 701.00 -61.26 -37.56
 702.00 -67.21 -41.07
 703.00 -56.90 -42.83
 704.00 -56.39 -42.85
 705.00 -60.26 -53.03
 706.00 -49.22 -53.38
 707.00 -57.43 -44.00
 708.00 -71.08 -38.14
 709.00 -66.45 -28.72
 710.00 -84.29 -30.77
 711.00 -54.65 -40.50
 712.00 -69.26 -35.79
 713.00 -65.52 -33.48
 714.00 -74.17 -41.38
 715.00 -69.72 -31.20
 716.00 -73.54 -35.07
 717.00 -70.37 -32.31
 718.00 -62.64 -45.82
 719.00 -59.71 -39.97
 720.00 -83.33 -35.30
 721.00 -35.71 -34.47
 722.00 -63.03 118.09
 723.00 105.88 123.15
 724.00 -45.68 -41.36
 725.00 -66.67 -38.33
 726.00 -62.57  -8.78
 727.00 -65.08 -28.52
 728.00 -76.67 149.41
 729.00 -56.45 154.29
 730.00 -72.26 -19.58
 731.00 -99.07 -24.53
 732.00 -56.43 -40.36
 733.00 -56.66 -50.69
 734.00 -62.25 -36.47
 735.00 -50.75 -60.61
 736.00 -69.26 -41.38
 737.00 -73.97 -36.92
 738.00 -71.13 -40.85
 739.00 -90.28 -35.56
 740.00 -61.87  -3.17
 741.00 -59.06 -50.43
 742.00 -47.58 -47.97
 743.00 -62.22 -53.96
 744.00 -63.81 -41.83
 745.00 -78.25 -44.05
 746.00 -51.51 -41.28
 747.00 -71.39 -49.91
 748.00 -66.31 -34.57
 749.00 -71.85 -41.71
 750.00 -56.88 -35.82
 751.00 -54.48 -66.61
 752.00 -71.88 -30.30
 753.00 -75.10 -28.63
 754.00 -62.58 -54.74
 755.00 -98.19 -28.93
 756.00 -109.47 -61.21
 757.00  50.07  21.70
 758.00  51.68  36.93
 759.00 -66.00  14.30
 760.00 -132.31 -26.47
 761.00 -82.05 155.30
 762.00 -95.18 121.08
 763.00 -63.35  65.15
 764.00 -152.84 -35.62
 765.00 -64.51 170.86
 766.00 -93.51 -25.85
 767.00 -107.63 -25.93
 768.00 -89.03  67.77
 769.00 -126.56 158.31
 770.00 -63.96  94.18
 771.00 -63.52 171.03
 772.00 -77.40 -24.15
 773.00 -53.78 -46.80
 774.00 -52.16 -36.76
 775.00 -74.51 -35.17
 776.00 -67.50 -43.57
 777.00 -79.95 -28.87
 778.00  44.43   0.41
 779.00 -122.98  36.05
 780.00 -50.38  20.50
 781.00 -45.49 -59.89
 782.00 -82.24 -42.71
 783.00 -77.97 -23.82
 784.00 -61.20 -32.08
 785.00 -66.38 -43.73
 786.00 -59.06 -37.69
 787.00 -62.52 -41.69
 788.00 -71.93 -47.47
 789.00 -57.97 -28.03
 790.00 -49.84 -56.24
 791.00 -61.87 -48.98
 792.00 -58.88 -36.38
 793.00 -67.18 -29.20
 794.00 -66.75 -39.98
 795.00 -61.40 -48.25
 796.00 -85.57 -44.98
 797.00  56.92  -3.74
 798.00 -75.08  56.34
 799.00 -82.31 130.59
 800.00 -59.11 149.50
 801.00 -66.69 -27.59
 802.00 -56.38 -52.48
 803.00 -56.80 -46.48
 804.00 -68.16 -49.50
 805.00 -67.68 -31.67
 806.00 -57.74 -51.41
 807.00 -87.21 -26.54
 808.00 -69.68 -22.81
 809.00 -53.36 -49.89
 810.00 -64.23 -40.75
 811.00 -60.80 -34.32
 812.00 -82.22 -33.97
 813.00 -129.24  30.60
 814.00 -161.54  20.57
 815.00 -158.22 130.56
 816.00 -60.96 169.00
 817.00 -68.63 152.61
 818.00 -85.27 -25.13
 819.00  60.50   5.65
 820.00 -69.06 -177.25
 821.00 -57.69 172.34
 822.00 -114.15 -40.07
 823.00 -48.53  46.17
 824.00 -63.73 -32.35
 825.00 -80.30 -31.48
 826.00 -68.57 -29.52
 827.00 -62.93 -43.61
 828.00 -61.27 -40.84
 829.00 -64.62 -41.67
 830.00 -61.47 -53.05
 831.00 -61.60 -41.32
 832.00 -50.56 -58.69
 833.00 -65.25 -37.99
 834.00 -64.59 -48.75
 835.00 -58.80 -46.53
 836.00 -95.50 -15.71
 837.00 -59.90 -37.69
 838.00 -53.46 -47.31
 839.00 -82.08 -20.65
 840.00 -78.86 -57.86
 841.00 -47.65  -7.14
 842.00 -80.72 133.79
 843.00 -158.39  88.47
 844.00 -100.92 162.64
 845.00 -54.66 108.62
 846.00 -54.50 -28.13
 847.00 -128.01 -19.03
 848.00 -55.85  66.02
 849.00 -58.71 -20.92
 850.00 -78.88 -39.68
 851.00 -62.55 -37.07
 852.00 -68.71 -39.66
 853.00 -70.38 -44.12
 854.00 -57.49 -46.61
 855.00 -68.98 -38.03
 856.00 -54.70 -34.41
 857.00 -69.72 -51.65
 858.00 -69.49 -31.74
 859.00 -64.48 -48.26
 860.00 -71.09 -29.54
 861.00 -71.38 -30.81
 862.00 -68.76 -37.06
 863.00 -75.24 -37.63
 864.00 -69.95 -17.48
 865.00 -96.58 -33.10
 866.00 -64.30 -15.66
 867.00 -75.83 -42.26
 868.00 -69.10 -24.88
 869.00 -53.26 -46.98
 870.00 -64.70 -46.30
 871.00 -66.46 -37.89
 872.00 -74.96 -43.24
 873.00 -71.56 -23.97
 874.00 -64.86 -43.71
 875.00 -58.67 -42.97
 876.00 -68.58 -40.61
 877.00 -75.60 -41.04
 878.00 -71.80 -34.74
 879.00 -78.69 -21.03
 880.00 -50.99 -44.25
 881.00 -78.56 -19.95
 882.00 -147.08 -15.85
 883.00 -62.99  16.32
 884.00 -68.27 -44.38
 885.00 -70.75 -27.86
 886.00 -91.59 -27.14
 887.00  63.38   7.07
 888.00 -79.65  20.61
 889.00 -113.94 147.36
 890.00 -124.18 153.52
 891.00 -70.81 129.15
 892.00 -59.60 133.92
 893.00 -64.32 -52.06
 894.00 -92.37 -18.69
 895.00 -66.16 -31.25
 896.00 -61.91 -23.52
 897.00 -68.39 -39.44
 898.00 -73.30 -41.38
 899.00 -69.27 -42.81
 900.00 -111.48 -38.57
 901.00 -86.24 -40.10
 902.00 -60.71 -45.38
 903.00 -46.94 -33.45
 904.00 -64.77 -39.96
 905.00 -75.46 -29.13
 906.00 -64.65 -49.44
 907.00 -84.21 -35.27
 908.00  70.68   2.37
 909.00 -83.43  11.50
 910.00 -114.79 -10.88
 911.00 -135.84 134.45
 912.00 -59.67 122.72
 913.00 -83.94 147.58
 914.00 -67.10  67.13
 915.00 -79.92 119.07
 916.00 -99.22 -30.15
 917.00 -85.97 165.55


