 residuo Phi Psi
 669.00 -65.53 132.23
 670.00 -60.32 143.37
 671.00 -45.86 145.77
 672.00 -65.08 -39.26
 673.00 -67.15 -52.35
 674.00 -58.07 -38.11
 675.00 -68.02 -33.46
 676.00 -45.01 -59.72
 677.00 -76.95 -41.94
 678.00 -74.11 -29.40
 679.00 -78.88 -42.17
 680.00 -69.82  -3.45
 681.00 -65.66 120.63
 682.00 -89.63 148.41
 683.00 -64.78 -170.38
 684.00 -153.37 146.21
 685.00 -73.20 136.45
 686.00 -88.79 156.16
 687.00  90.76 -16.54
 688.00 -81.82  24.83
 689.00 -75.07 112.30
 690.00 -80.19  91.76
 691.00 -65.55   3.05
 692.00 -104.91 -14.50
 693.00 -78.90 141.43
 694.00 -56.39 133.63
 695.00 -160.74 151.70
 696.00 -54.59 155.70
 697.00 -59.64 -48.56
 698.00 -84.03 -39.84
 699.00 -62.00 -32.97
 700.00 -79.75 -54.54
 701.00 -63.88 -24.67
 702.00 -73.77 -41.42
 703.00 -63.47 -32.95
 704.00 -64.39 -44.62
 705.00 -57.57 -43.70
 706.00 -65.34 -43.80
 707.00 -56.39 -32.84
 708.00 -65.14 -39.89
 709.00 -70.29 -38.17
 710.00 -87.19 -27.37
 711.00 -63.49 -24.10
 712.00 -56.85 -43.66
 713.00 -55.65 -47.42
 714.00 -60.55 -45.36
 715.00 -59.29 -40.92
 716.00 -53.73 -57.41
 717.00 -54.11 -43.41
 718.00 -56.78 -67.99
 719.00 -67.63 -37.70
 720.00 -111.37  -7.10
 721.00 -74.21  -6.12
 722.00 -64.15 130.90
 723.00  72.63 152.53
 724.00 -52.33 -38.69
 725.00 -71.59 -34.00
 726.00 -69.35   3.48
 727.00 -99.02 -13.10
 728.00 -57.34 136.44
 729.00 -45.54 145.08
 730.00 -58.89 -38.15
 731.00 -64.16 -44.47
 732.00 -72.06 -33.82
 733.00 -63.45 -45.60
 734.00 -70.83 -22.96
 735.00 -69.41 -62.91
 736.00 -63.86 -27.22
 737.00 -62.61 -53.64
 738.00 -80.60 -25.08
 739.00 -88.49 -41.63
 740.00 -52.09  -3.72
 741.00 -73.36 -52.28
 742.00 -62.83 -36.18
 743.00 -55.44 -50.75
 744.00 -62.51 -50.12
 745.00 -63.03 -44.83
 746.00 -67.13 -41.83
 747.00 -46.21 -56.91
 748.00 -71.80 -37.95
 749.00 -69.10 -34.92
 750.00 -53.57 -45.34
 751.00 -55.96 -57.52
 752.00 -71.56 -36.06
 753.00 -64.48 -33.67
 754.00 -74.77 -47.72
 755.00 -81.20 -39.60
 756.00 -137.85 -44.90
 757.00  60.72  17.41
 758.00  62.49  28.61
 759.00 -59.22   7.72
 760.00 -150.84 -22.11
 761.00 -77.76 157.46
 762.00 -123.16 143.95
 763.00 -66.84  72.27
 764.00 -163.59 -39.68
 765.00 -57.37 150.77
 766.00 -88.31 -24.03
 767.00 -115.29 -15.02
 768.00 -58.70  35.31
 769.00 -131.27 146.22
 770.00 -88.59 106.92
 771.00 -60.00 164.56
 772.00 -53.85 -29.71
 773.00 -67.28 -53.83
 774.00 -63.83 -33.51
 775.00 -73.90 -40.31
 776.00 -59.91 -52.46
 777.00 -95.19 -17.16
 778.00  62.48  -5.11
 779.00 -121.74  21.32
 780.00 -64.81  40.65
 781.00 -63.35 -41.85
 782.00 -68.24 -36.71
 783.00 -65.71 -45.15
 784.00 -74.32 -35.48
 785.00 -52.06 -43.37
 786.00 -65.13 -47.83
 787.00 -59.32 -28.95
 788.00 -68.89 -49.63
 789.00 -57.68 -37.26
 790.00 -63.75 -41.46
 791.00 -55.42 -45.62
 792.00 -69.65 -30.84
 793.00 -59.84 -40.99
 794.00 -71.49 -34.06
 795.00 -66.25 -38.05
 796.00 -83.23 -41.25
 797.00  58.25  -5.64
 798.00 -65.01  53.14
 799.00 -82.55 131.92
 800.00 -50.07 153.47
 801.00 -73.99 -38.61
 802.00 -72.14 -41.68
 803.00 -51.70 -34.56
 804.00 -60.32 -54.77
 805.00 -66.40 -39.53
 806.00 -57.42 -53.09
 807.00 -60.56 -49.57
 808.00 -71.71 -37.43
 809.00 -78.95 -29.23
 810.00 -62.88 -11.34
 811.00 -65.01 -24.00
 812.00 -108.41 -21.27
 813.00 -119.99  18.63
 814.00 -146.93  13.75
 815.00 -144.11 126.69
 816.00 -61.11 165.83
 817.00 -65.76 167.36
 818.00 -89.62 -33.02
 819.00  87.79 -13.63
 820.00 -79.04 178.34
 821.00 -62.37 166.77
 822.00 -99.70 -38.20
 823.00 -61.65  42.76
 824.00 -66.96 -31.65
 825.00 -68.46 -33.37
 826.00 -51.27 -53.44
 827.00 -59.36 -48.60
 828.00 -63.03 -40.59
 829.00 -66.39 -43.19
 830.00 -57.67 -45.19
 831.00 -74.32 -37.59
 832.00 -58.90 -44.23
 833.00 -62.58 -41.84
 834.00 -54.92 -45.59
 835.00 -68.37 -42.21
 836.00 -65.90 -40.30
 837.00 -64.36 -34.07
 838.00 -49.33 -62.57
 839.00 -60.29 -40.29
 840.00 -115.18 -27.98
 841.00 -42.47  12.86
 842.00 -75.79 129.28
 843.00 -152.09  66.66
 844.00 -66.92 137.42
 845.00 -65.61 118.54
 846.00 -58.37 -34.39
 847.00 -110.78 -13.27
 848.00 -64.25  84.23
 849.00 -67.26 -31.95
 850.00 -63.69 -36.07
 851.00 -65.81 -41.53
 852.00 -77.25 -46.42
 853.00 -54.35 -43.11
 854.00 -62.61 -45.49
 855.00 -39.80 -52.49
 856.00 -49.22 -58.69
 857.00 -64.73 -45.78
 858.00 -56.41 -38.86
 859.00 -72.59 -40.13
 860.00 -70.60 -31.81
 861.00 -68.46 -32.73
 862.00 -61.97 -41.31
 863.00 -62.82 -42.87
 864.00 -79.83 -20.09
 865.00 -85.92 -30.00
 866.00 -60.74 -27.17
 867.00 -80.18 -31.83
 868.00 -69.34 -29.60
 869.00 -68.78 -32.56
 870.00 -55.30 -48.89
 871.00 -58.56 -42.44
 872.00 -71.08 -47.36
 873.00 -63.46 -31.46
 874.00 -58.26 -53.69
 875.00 -68.31 -36.62
 876.00 -72.22 -39.80
 877.00 -74.66 -28.32
 878.00 -52.39 -50.54
 879.00 -70.35 -40.07
 880.00 -54.67 -37.84
 881.00 -72.83 -38.19
 882.00 -122.18 -21.62
 883.00 -58.21   3.75
 884.00 -70.51 -36.67
 885.00 -59.15 -49.76
 886.00 -96.89 -28.87
 887.00  60.63  -9.72
 888.00 -120.69  66.03
 889.00 -60.64 126.78
 890.00 -151.18 152.66
 891.00 -65.27 123.52
 892.00 -59.44 133.67
 893.00 -67.27 -45.08
 894.00 -76.00 -27.22
 895.00 -69.24 -39.06
 896.00 -68.84 -25.56
 897.00 -63.19 -30.67
 898.00 -57.94 -55.30
 899.00 -76.89 -41.11
 900.00 -134.67 -13.83
 901.00 -89.78 -55.92
 902.00 -54.86 -38.61
 903.00 -59.81 -45.71
 904.00 -74.22 -27.27
 905.00 -63.89 -37.88
 906.00 -82.81 -43.14
 907.00 -70.10 -34.60
 908.00  84.89  -6.89
 909.00 -88.42  11.46
 910.00 -140.64  -8.02
 911.00 -135.05 124.57
 912.00 -80.10 149.67
 913.00 -76.07 149.40
 914.00 -107.07 107.19
 915.00 -92.06 132.67
 916.00 -74.90 -50.03
 917.00 -76.54 -23.83


