 residuo Phi Psi
 669.00 -162.80  81.33
 670.00 -58.88 161.02
 671.00 -155.03 169.37
 672.00 -49.89  -0.01
 673.00 -73.35 -39.49
 674.00 -74.47 -37.19
 675.00 -72.98 -11.71
 676.00 -54.28 -54.61
 677.00 -67.53 -44.22
 678.00 -68.59 -41.67
 679.00 -83.60 -38.79
 680.00 -46.18 -18.20
 681.00 -66.09 122.51
 682.00 -66.04 166.52
 683.00 -87.07 146.24
 684.00 -86.94 114.56
 685.00 -87.49 147.56
 686.00 -90.90 160.61
 687.00  80.93 -14.87
 688.00 -81.64  18.96
 689.00 -128.70 148.37
 690.00 -65.58 107.85
 691.00 -69.05 -11.35
 692.00 -79.74 -31.71
 693.00 -69.14 143.78
 694.00 -82.07 144.30
 695.00 -138.43 144.54
 696.00 -47.96 152.06
 697.00 -93.66 -55.29
 698.00 -72.30 -12.98
 699.00 -56.05 -45.22
 700.00 -79.84 -44.93
 701.00 -54.83 -36.20
 702.00 -74.91 -40.84
 703.00 -56.73 -41.64
 704.00 -66.05 -35.76
 705.00 -68.90 -46.76
 706.00 -66.76 -36.77
 707.00 -66.09 -32.01
 708.00 -89.19 -30.96
 709.00 -55.11 -26.58
 710.00 -64.68 -50.56
 711.00 -44.65 -43.17
 712.00 -58.66 -57.09
 713.00 -77.68 -35.59
 714.00 -72.23 -24.74
 715.00 -72.07 -33.68
 716.00 -64.37 -41.79
 717.00 -64.34 -39.37
 718.00 -50.80 -40.26
 719.00 -72.22 -44.54
 720.00 -111.84  -5.25
 721.00 -60.66 -16.76
 722.00 -59.35 124.92
 723.00  82.33 147.16
 724.00 -58.11 -22.11
 725.00 -54.71 -26.58
 726.00 -71.79 -12.33
 727.00 -104.03 -15.83
 728.00 -73.45 139.33
 729.00 -51.93 143.54
 730.00 -75.11 -29.71
 731.00 -76.42 -27.17
 732.00 -52.74 -48.12
 733.00 -72.86 -48.53
 734.00 -60.05 -29.44
 735.00 -70.26 -54.32
 736.00 -60.88 -24.98
 737.00 -79.39 -49.97
 738.00 -74.16 -16.29
 739.00 -94.45 -46.68
 740.00 -58.98  -4.63
 741.00 -67.55 -52.69
 742.00 -57.57 -40.88
 743.00 -70.27 -48.23
 744.00 -64.41 -50.15
 745.00 -65.20 -32.63
 746.00 -79.53 -38.54
 747.00 -68.36 -27.61
 748.00 -67.27 -44.23
 749.00 -65.92 -31.43
 750.00 -83.49 -36.50
 751.00 -62.17 -35.72
 752.00 -63.77 -36.20
 753.00 -67.97 -43.18
 754.00 -82.70 -41.99
 755.00 -114.32 -16.05
 756.00 -149.27 -33.61
 757.00  41.99  43.90
 758.00  58.74  32.89
 759.00 -78.08  -1.01
 760.00 -94.81 -40.22
 761.00 -96.06 150.38
 762.00 -96.73 124.91
 763.00 -51.54  53.64
 764.00 -161.92 -43.58
 765.00 -59.54 157.00
 766.00 -92.09 -25.61
 767.00 -72.23 -52.09
 768.00 -66.14  36.82
 769.00 -105.20 143.80
 770.00 -74.56 104.36
 771.00 -75.92 -179.86
 772.00 -63.21 -25.25
 773.00 -63.73 -46.22
 774.00 -44.06 -47.55
 775.00 -69.69 -53.28
 776.00 -53.40 -55.10
 777.00 -74.29 -24.07
 778.00  47.65  -0.86
 779.00 -130.12  28.07
 780.00 -52.98  33.69
 781.00 -82.16 -37.96
 782.00 -56.25 -42.82
 783.00 -69.74 -37.44
 784.00 -48.67 -48.57
 785.00 -74.56 -38.01
 786.00 -69.41 -33.14
 787.00 -68.16 -26.43
 788.00 -45.81 -56.37
 789.00 -63.50 -47.69
 790.00 -72.10 -39.72
 791.00 -68.87 -33.53
 792.00 -78.74 -14.26
 793.00 -51.14 -31.73
 794.00 -80.41 -31.87
 795.00 -89.50 -17.49
 796.00 -84.24 -34.12
 797.00  66.28 -16.59
 798.00 -71.16  55.97
 799.00 -86.99 143.03
 800.00 -54.58 153.03
 801.00 -64.16 -31.42
 802.00 -69.88 -46.86
 803.00 -49.88 -45.43
 804.00 -63.55 -59.08
 805.00 -73.90 -26.94
 806.00 -59.64 -50.36
 807.00 -77.39 -28.90
 808.00 -70.18 -28.99
 809.00 -73.93 -37.03
 810.00 -62.53 -23.71
 811.00 -66.85 -30.44
 812.00 -106.45 -23.51
 813.00 -125.71  26.32
 814.00 -150.71  22.17
 815.00 -146.79 131.53
 816.00 -61.99 167.01
 817.00 -61.53 150.97
 818.00 -95.41 -32.22
 819.00  66.23  10.34
 820.00 -73.92 178.37
 821.00 -57.84 162.06
 822.00 -119.78 -51.46
 823.00 -54.47  68.33
 824.00 -48.02 -27.85
 825.00 -91.06 -20.77
 826.00 -27.90 -58.03
 827.00 -62.81 -56.80
 828.00 -56.99 -53.50
 829.00 -67.68 -39.08
 830.00 -56.41 -49.63
 831.00 -60.00 -39.69
 832.00 -66.37 -46.95
 833.00 -81.20 -27.77
 834.00 -72.67 -23.96
 835.00 -55.99 -48.78
 836.00 -76.06 -34.80
 837.00 -61.75 -41.38
 838.00 -70.16 -37.84
 839.00 -109.74  -8.73
 840.00 -82.68 -36.59
 841.00 -48.38 -11.13
 842.00 -79.68 145.56
 843.00 -164.43 107.74
 844.00 -77.41 153.33
 845.00 -65.84 103.50
 846.00 -76.40 -22.83
 847.00 -130.76 -12.44
 848.00 -61.88  69.88
 849.00 -49.88  -8.58
 850.00 -68.94 -35.83
 851.00 -77.07 -27.33
 852.00 -61.16 -47.71
 853.00 -68.89 -38.56
 854.00 -62.67 -40.35
 855.00 -53.55 -52.70
 856.00 -60.01 -47.26
 857.00 -73.34 -33.88
 858.00 -85.69 -23.80
 859.00 -65.49 -34.31
 860.00 -80.17 -24.32
 861.00 -67.91 -20.80
 862.00 -69.49 -43.68
 863.00 -60.72 -48.51
 864.00 -78.44 -25.56
 865.00 -78.82 -12.69
 866.00 -54.11 -38.51
 867.00 -72.58 -37.53
 868.00 -64.32 -34.48
 869.00 -60.42 -39.70
 870.00 -54.40 -54.02
 871.00 -66.92 -40.45
 872.00 -84.21 -30.87
 873.00 -58.98 -29.51
 874.00 -55.79 -46.51
 875.00 -76.11 -48.62
 876.00 -69.47 -40.90
 877.00 -61.12 -38.28
 878.00 -69.89 -42.83
 879.00 -56.69 -47.46
 880.00 -54.17 -46.52
 881.00 -63.78 -35.87
 882.00 -126.89  -6.44
 883.00 -51.41  12.68
 884.00 -85.02 -26.41
 885.00 -67.74 -42.72
 886.00 -96.81 -22.82
 887.00  53.28 -12.96
 888.00 -109.94  51.22
 889.00 -80.74 131.35
 890.00 -129.49 143.31
 891.00 -61.64 140.03
 892.00 -49.46 126.92
 893.00 -74.00 -36.82
 894.00 -76.44 -32.49
 895.00 -57.69 -42.70
 896.00 -70.37 -26.74
 897.00 -62.81 -49.52
 898.00 -69.52 -39.13
 899.00 -85.73 -40.45
 900.00 -114.65 -13.52
 901.00 -89.57 -46.79
 902.00 -52.49 -54.22
 903.00 -74.86 -28.89
 904.00 -75.23 -24.38
 905.00 -75.99 -28.43
 906.00 -66.52 -44.25
 907.00 -73.05 -36.81
 908.00  75.15  -7.56
 909.00 -72.33  14.26
 910.00 -111.55 -21.37
 911.00 -155.00 132.44
 912.00 -67.09 137.10
 913.00 -103.29 169.51
 914.00 -92.75 122.70
 915.00 -77.53 136.93
 916.00 -116.06 -29.71
 917.00 -93.00 108.28


