 residuo Phi Psi
 669.00 -66.85 149.08
 670.00 -54.28 147.48
 671.00 -53.97 127.76
 672.00 -37.64 -39.42
 673.00 -86.28 -45.81
 674.00 -72.81  -9.73
 675.00 -84.58 -45.46
 676.00 -75.08 -25.92
 677.00 -76.78 -28.94
 678.00 -64.91 -31.54
 679.00 -105.84 -17.47
 680.00 -71.26   5.90
 681.00 -60.55 109.75
 682.00 -59.83 146.69
 683.00 -63.27 145.95
 684.00 -147.76 155.10
 685.00 -62.04 147.04
 686.00 -100.35 163.92
 687.00  78.85 -19.89
 688.00 -70.07  18.94
 689.00 -113.43 147.72
 690.00 -89.79 116.62
 691.00 -69.49   2.50
 692.00 -134.05  -0.44
 693.00 -77.29 160.86
 694.00 -66.13 160.56
 695.00 -158.67 135.41
 696.00 -49.87 165.07
 697.00 -80.69 -45.11
 698.00 -59.54 -36.60
 699.00 -81.76 -39.76
 700.00 -64.00 -45.17
 701.00 -65.95 -46.69
 702.00 -63.31 -30.28
 703.00 -58.18 -55.49
 704.00 -71.84 -23.02
 705.00 -58.05 -46.99
 706.00 -47.55 -53.27
 707.00 -49.03 -48.31
 708.00 -73.40 -42.62
 709.00 -65.04 -36.88
 710.00 -58.03 -50.75
 711.00 -54.38 -41.08
 712.00 -52.78 -52.86
 713.00 -60.27 -44.79
 714.00 -64.24 -38.87
 715.00 -63.04 -49.79
 716.00 -52.94 -48.18
 717.00 -65.90 -44.25
 718.00 -61.69 -40.54
 719.00 -63.12 -38.65
 720.00 -101.54 -19.13
 721.00 -76.30 -17.23
 722.00 -54.33 133.57
 723.00  68.52 136.90
 724.00 -57.65  -9.57
 725.00 -60.71 -30.76
 726.00 -70.30  -1.47
 727.00 -81.65 -11.03
 728.00 -66.36 142.36
 729.00 -50.93 153.48
 730.00 -56.70 -34.67
 731.00 -62.15 -54.76
 732.00 -62.96 -31.13
 733.00 -64.49 -54.39
 734.00 -62.05 -36.27
 735.00 -61.38 -63.64
 736.00 -60.04 -32.79
 737.00 -61.42 -53.50
 738.00 -71.36 -36.87
 739.00 -111.60 -27.60
 740.00 -59.18  -4.39
 741.00 -64.61 -39.27
 742.00 -69.51 -53.09
 743.00 -67.48 -28.09
 744.00 -61.58 -48.41
 745.00 -68.04 -38.64
 746.00 -56.53 -41.72
 747.00 -57.72 -55.54
 748.00 -70.59 -43.65
 749.00 -62.52 -31.08
 750.00 -62.40 -59.59
 751.00 -65.01 -42.60
 752.00 -60.10 -40.47
 753.00 -81.00 -22.31
 754.00 -62.00 -50.38
 755.00 -68.52 -42.67
 756.00 -147.86 -44.62
 757.00  37.33  15.52
 758.00  66.24  56.96
 759.00 -46.50   3.45
 760.00 -142.29 -45.93
 761.00 -84.82 155.11
 762.00 -93.16 112.75
 763.00 -53.46  60.86
 764.00 -152.41 -43.70
 765.00 -58.88 159.15
 766.00 -97.46 -31.06
 767.00 -149.35   3.08
 768.00 -92.39  79.74
 769.00 -89.54 130.06
 770.00 -86.03 102.61
 771.00 -71.32 178.03
 772.00 -63.03 -34.69
 773.00 -58.65 -47.89
 774.00 -72.93 -29.69
 775.00 -48.57 -47.44
 776.00 -61.64 -54.75
 777.00 -72.01 -41.80
 778.00  48.96   1.61
 779.00 -124.88  32.41
 780.00 -60.00  17.82
 781.00 -54.26 -40.15
 782.00 -70.32 -47.26
 783.00 -59.73 -49.06
 784.00 -56.88 -33.39
 785.00 -65.25 -38.68
 786.00 -63.38 -46.27
 787.00 -67.89 -31.88
 788.00 -68.20 -46.08
 789.00 -70.28 -31.73
 790.00 -66.62 -39.39
 791.00 -50.26 -49.62
 792.00 -71.34 -29.99
 793.00 -68.73 -28.97
 794.00 -77.08 -37.20
 795.00 -75.45 -20.02
 796.00 -85.51 -39.11
 797.00  53.80   4.43
 798.00 -61.70  54.09
 799.00 -87.52 134.06
 800.00 -66.67 161.17
 801.00 -55.77 -35.77
 802.00 -81.31 -41.20
 803.00 -53.88 -29.28
 804.00 -65.48 -58.45
 805.00 -74.31 -27.53
 806.00 -64.88 -50.09
 807.00 -60.93 -35.94
 808.00 -51.75 -42.19
 809.00 -61.97 -51.62
 810.00 -57.31 -29.00
 811.00 -64.24 -37.65
 812.00 -100.79 -30.28
 813.00 -108.83  35.42
 814.00 -161.43   1.46
 815.00 -156.04 124.22
 816.00 -51.10 155.36
 817.00 -70.01 150.81
 818.00 -71.46 -29.00
 819.00  66.87 -18.53
 820.00 -97.74 -154.85
 821.00 -66.29 161.35
 822.00 -109.67 -27.39
 823.00 -58.87  39.88
 824.00 -57.34 -40.00
 825.00 -82.75 -32.18
 826.00 -78.20 -24.50
 827.00 -45.31 -54.60
 828.00 -73.69 -43.81
 829.00 -66.43 -40.07
 830.00 -59.11 -35.27
 831.00 -73.65 -47.40
 832.00 -61.79 -28.84
 833.00 -75.58 -44.88
 834.00 -59.44 -33.45
 835.00 -67.18 -50.23
 836.00 -75.69 -22.45
 837.00 -69.68 -35.55
 838.00 -57.20 -36.28
 839.00 -80.79 -30.37
 840.00 -78.30 -56.12
 841.00 -49.88 -14.99
 842.00 -97.24 148.51
 843.00 -146.51  86.81
 844.00 -78.66 156.54
 845.00 -43.66  83.93
 846.00 -76.02 -12.22
 847.00 -129.27  -9.85
 848.00 -59.11  89.73
 849.00 -51.28 -29.48
 850.00 -85.91 -38.51
 851.00 -75.51 -21.98
 852.00 -73.55 -56.66
 853.00 -68.32 -16.21
 854.00 -51.08 -53.19
 855.00 -66.98 -45.72
 856.00 -47.35 -42.47
 857.00 -88.33 -38.52
 858.00 -55.92 -27.43
 859.00 -69.64 -55.04
 860.00 -67.12 -30.35
 861.00 -62.51 -44.50
 862.00 -64.92 -41.32
 863.00 -50.65 -48.63
 864.00 -78.31 -44.62
 865.00 -74.37 -11.19
 866.00 -63.81 -29.14
 867.00 -65.02 -40.11
 868.00 -78.41 -32.59
 869.00 -55.97 -40.80
 870.00 -67.27 -36.69
 871.00 -63.13 -44.67
 872.00 -78.78 -32.88
 873.00 -53.68 -43.71
 874.00 -51.60 -49.03
 875.00 -58.98 -46.94
 876.00 -83.08 -46.62
 877.00 -64.67 -25.81
 878.00 -59.54 -51.17
 879.00 -70.35 -35.37
 880.00 -69.89 -42.45
 881.00 -57.75 -39.05
 882.00 -81.81 -44.08
 883.00 -37.97  -6.23
 884.00 -62.14 -61.29
 885.00 -87.50 -18.55
 886.00 -75.20 -45.02
 887.00  62.96  -9.83
 888.00 -88.34  32.10
 889.00 -97.38 125.75
 890.00 -131.95 142.39
 891.00 -66.29 133.63
 892.00 -63.77 150.40
 893.00 -69.34 -34.47
 894.00 -76.45 -48.84
 895.00 -58.73 -32.58
 896.00 -64.78 -34.26
 897.00 -66.05 -38.87
 898.00 -49.27 -47.27
 899.00 -82.49 -42.60
 900.00 -124.73 -20.94
 901.00 -94.60 -46.25
 902.00 -48.49 -46.67
 903.00 -57.89 -36.07
 904.00 -62.56 -34.20
 905.00 -77.54 -32.19
 906.00 -75.22 -47.83
 907.00 -91.86 -32.93
 908.00  88.24  -4.91
 909.00 -80.93  22.30
 910.00 -112.99 -21.42
 911.00 -144.07 143.37
 912.00 -59.07 147.50
 913.00 -79.43 138.03
 914.00 -70.40  77.22
 915.00 -47.10 126.14
 916.00 -97.83 -54.65
 917.00 -88.17  18.45


