 residuo Phi Psi
 669.00 -50.63 160.55
 670.00 -55.02 142.50
 671.00 -157.04 154.75
 672.00 -49.35 -21.51
 673.00 -80.43 -45.40
 674.00 -79.02 -19.22
 675.00 -67.84 -32.02
 676.00 -59.80 -50.23
 677.00 -71.41 -32.41
 678.00 -84.68 -24.19
 679.00 -82.75 -44.98
 680.00 -66.81  -7.88
 681.00 -79.66 141.32
 682.00 -86.05 169.90
 683.00 -76.12 -172.61
 684.00 -110.93 136.60
 685.00 -96.38 139.88
 686.00 -80.06 158.28
 687.00  89.30 -21.67
 688.00 -65.76  11.89
 689.00 -98.31 129.43
 690.00 -69.51 127.80
 691.00 -67.89 -17.12
 692.00 -61.24 -18.18
 693.00 -67.71 130.38
 694.00 -71.57 135.67
 695.00 -162.94 102.47
 696.00 -64.56 167.29
 697.00 -60.69 -46.73
 698.00 -75.31 -41.08
 699.00 -66.19 -58.29
 700.00 -71.14 -38.86
 701.00 -63.33 -30.23
 702.00 -65.56 -37.26
 703.00 -76.85 -38.44
 704.00 -59.98 -40.74
 705.00 -74.21 -39.73
 706.00 -49.64 -48.69
 707.00 -69.75 -31.03
 708.00 -71.16 -33.64
 709.00 -51.11 -47.56
 710.00 -65.81 -47.36
 711.00 -55.71 -37.25
 712.00 -58.12 -42.21
 713.00 -78.17 -39.47
 714.00 -71.85 -29.88
 715.00 -65.72 -44.51
 716.00 -66.07 -32.20
 717.00 -83.98 -28.77
 718.00 -58.95 -39.98
 719.00 -51.51 -39.90
 720.00 -128.07 -11.28
 721.00 -69.33   6.38
 722.00 -63.06 133.66
 723.00  87.53 130.31
 724.00 -68.75 -15.88
 725.00 -83.64 -17.84
 726.00 -72.82   1.38
 727.00 -80.76 -15.19
 728.00 -56.04 138.45
 729.00 -53.21 147.05
 730.00 -59.80 -31.08
 731.00 -65.29 -50.71
 732.00 -59.65 -37.25
 733.00 -60.97 -51.92
 734.00 -69.76 -34.29
 735.00 -59.53 -50.58
 736.00 -66.51 -36.10
 737.00 -72.86 -44.33
 738.00 -87.66 -16.52
 739.00 -77.16 -46.81
 740.00 -59.97  -5.90
 741.00 -65.76 -45.45
 742.00 -65.87 -47.21
 743.00 -75.83 -37.74
 744.00 -67.88 -48.09
 745.00 -65.12 -34.82
 746.00 -58.99 -51.40
 747.00 -62.77 -36.69
 748.00 -70.53 -45.66
 749.00 -67.02 -30.46
 750.00 -78.24 -42.44
 751.00 -51.49 -40.41
 752.00 -74.31 -40.70
 753.00 -69.85 -32.80
 754.00 -84.13 -37.66
 755.00 -96.98 -34.08
 756.00 -145.32 -20.98
 757.00  48.02  20.16
 758.00  46.49  40.83
 759.00 -67.70   9.62
 760.00 -134.69 -29.46
 761.00 -86.19 153.18
 762.00 -77.18 106.66
 763.00 -60.39  70.18
 764.00 -152.55 -47.56
 765.00 -66.19 163.88
 766.00 -67.86 -37.53
 767.00 -131.77 -39.05
 768.00 -106.77  96.42
 769.00 -99.04 139.87
 770.00 -62.14 104.56
 771.00 -48.11 159.86
 772.00 -59.66 -37.63
 773.00 -68.60 -41.65
 774.00 -76.69 -18.46
 775.00 -76.84 -33.74
 776.00 -74.00 -45.63
 777.00 -63.26 -33.61
 778.00  40.42  -1.56
 779.00 -130.53  37.89
 780.00 -42.98  41.22
 781.00 -60.21 -58.53
 782.00 -58.05 -42.07
 783.00 -60.38 -48.12
 784.00 -72.97 -27.96
 785.00 -57.32 -42.98
 786.00 -68.33 -41.63
 787.00 -61.76 -36.80
 788.00 -62.34 -42.30
 789.00 -55.22 -52.96
 790.00 -78.56 -35.32
 791.00 -59.68 -31.54
 792.00 -57.63 -36.22
 793.00 -62.42 -34.52
 794.00 -94.32 -35.09
 795.00 -82.04  -7.01
 796.00 -85.51 -44.63
 797.00  49.90  -2.97
 798.00 -80.80  60.83
 799.00 -87.34 140.12
 800.00 -71.81 161.61
 801.00 -55.94 -29.64
 802.00 -77.25 -37.05
 803.00 -53.11 -45.96
 804.00 -54.15 -57.69
 805.00 -87.56 -35.12
 806.00 -61.86 -30.20
 807.00 -63.34 -41.98
 808.00 -59.49 -41.00
 809.00 -65.24 -43.80
 810.00 -63.48 -23.48
 811.00 -60.12 -35.86
 812.00 -124.35  -9.20
 813.00 -123.55  31.83
 814.00 -148.76  -1.56
 815.00 -150.80 137.96
 816.00 -54.47 161.53
 817.00 -71.57 160.51
 818.00 -78.22 -33.37
 819.00  89.95 -23.34
 820.00 -74.71 173.36
 821.00 -56.41 166.83
 822.00 -102.40 -38.87
 823.00 -49.37  22.60
 824.00 -64.57 -34.95
 825.00 -91.47 -21.75
 826.00 -68.19 -36.41
 827.00 -57.95 -40.14
 828.00 -67.80 -38.41
 829.00 -60.84 -51.54
 830.00 -66.81 -30.65
 831.00 -69.79 -46.85
 832.00 -69.33 -28.75
 833.00 -67.34 -37.95
 834.00 -52.20 -32.43
 835.00 -57.59 -54.67
 836.00 -64.32 -48.73
 837.00 -71.74 -34.17
 838.00 -57.98 -43.93
 839.00 -57.91 -31.20
 840.00 -113.43 -30.56
 841.00 -84.89  11.93
 842.00 -78.89 148.07
 843.00 -101.81  39.30
 844.00 -81.38 167.46
 845.00 -50.42 101.46
 846.00 -60.71 -40.27
 847.00 -107.59 -23.91
 848.00 -73.40  70.17
 849.00 -81.76  -3.40
 850.00 -70.25 -19.20
 851.00 -80.13 -27.51
 852.00 -51.10 -44.64
 853.00 -66.98 -51.96
 854.00 -64.50 -30.95
 855.00 -62.67 -41.42
 856.00 -53.39 -39.96
 857.00 -63.77 -39.65
 858.00 -76.66 -37.95
 859.00 -58.92 -36.04
 860.00 -60.78 -46.55
 861.00 -68.08 -40.52
 862.00 -71.51 -37.20
 863.00 -66.01 -38.71
 864.00 -63.56 -26.95
 865.00 -100.03 -19.65
 866.00 -56.04 -27.30
 867.00 -71.56 -41.46
 868.00 -77.26 -20.39
 869.00 -47.92 -50.72
 870.00 -61.13 -43.07
 871.00 -49.54 -54.56
 872.00 -75.83 -39.66
 873.00 -52.42 -40.09
 874.00 -61.52 -45.94
 875.00 -70.79 -37.52
 876.00 -66.42 -54.00
 877.00 -72.61 -28.53
 878.00 -74.27 -33.21
 879.00 -76.57 -14.99
 880.00 -59.75 -50.15
 881.00 -56.66 -24.20
 882.00 -114.23 -47.35
 883.00 -48.39  16.68
 884.00 -69.40 -40.60
 885.00 -75.68 -37.04
 886.00 -103.78 -28.55
 887.00  60.30   2.56
 888.00 -74.91  22.13
 889.00 -83.64 119.30
 890.00 -124.12 138.93
 891.00 -65.45 126.49
 892.00 -51.61 144.52
 893.00 -64.86 -34.82
 894.00 -65.90 -55.37
 895.00 -60.17 -41.88
 896.00 -82.31 -16.04
 897.00 -47.61 -51.60
 898.00 -69.47 -53.66
 899.00 -83.66 -42.27
 900.00 -107.01 -17.72
 901.00 -97.22 -53.73
 902.00 -60.61 -36.95
 903.00 -58.78 -36.88
 904.00 -71.79 -24.01
 905.00 -72.93 -30.85
 906.00 -63.35 -43.50
 907.00 -77.18 -32.79
 908.00  86.01  -9.39
 909.00 -64.64  -9.11
 910.00 -119.90 -22.15
 911.00 -157.56 153.29
 912.00 -81.85 154.26
 913.00 -86.64 160.87
 914.00 -71.60  87.74
 915.00 -86.00 143.32
 916.00 -125.37 -25.72
 917.00 -125.14 151.91


