 residuo Phi Psi
 669.00 -69.68 137.43
 670.00 -72.14 154.72
 671.00 -53.76 152.83
 672.00 -59.46 -31.71
 673.00 -78.15 -32.58
 674.00 -67.21 -30.26
 675.00 -62.88 -35.41
 676.00 -60.25 -55.59
 677.00 -57.61 -32.66
 678.00 -68.34 -43.39
 679.00 -77.58 -49.51
 680.00 -55.37  -7.47
 681.00 -77.13 128.33
 682.00 -58.10 141.29
 683.00 -56.03 139.78
 684.00 -115.52 142.32
 685.00 -86.69 141.65
 686.00 -74.94 159.78
 687.00  75.83 -21.23
 688.00 -75.86   8.84
 689.00 -116.48 159.13
 690.00 -69.93  94.49
 691.00 -79.57  -8.39
 692.00 -81.61 -21.76
 693.00 -67.96 166.66
 694.00 -64.98 151.90
 695.00 -139.12 122.21
 696.00 -25.50 125.25
 697.00 -65.51 -71.83
 698.00 -54.54 -41.90
 699.00 -64.88 -45.77
 700.00 -65.82 -51.07
 701.00 -80.30 -26.70
 702.00 -59.68 -40.69
 703.00 -70.35 -28.10
 704.00 -74.14 -36.95
 705.00 -83.57 -21.83
 706.00 -51.33 -43.03
 707.00 -46.94 -40.99
 708.00 -58.21 -59.84
 709.00 -58.79 -44.90
 710.00 -76.99 -40.07
 711.00 -62.88 -33.92
 712.00 -64.01 -35.48
 713.00 -69.79 -50.08
 714.00 -61.31 -32.36
 715.00 -62.45 -55.05
 716.00 -68.73 -25.96
 717.00 -76.17 -34.32
 718.00 -73.38 -32.65
 719.00 -54.68 -44.55
 720.00 -121.80 -17.38
 721.00 -64.34  -1.52
 722.00 -58.89 124.05
 723.00  77.99 130.91
 724.00 -63.78 -10.93
 725.00 -68.29 -13.59
 726.00 -65.94 -12.23
 727.00 -86.78 -19.09
 728.00 -69.17 154.63
 729.00 -55.51 152.89
 730.00 -49.60 -39.41
 731.00 -74.54 -57.03
 732.00 -50.75 -37.70
 733.00 -68.60 -46.13
 734.00 -60.45 -36.71
 735.00 -56.94 -64.86
 736.00 -61.97 -25.33
 737.00 -55.13 -65.17
 738.00 -68.51 -44.11
 739.00 -74.02 -41.90
 740.00 -36.60 -26.71
 741.00 -49.26 -64.55
 742.00 -60.19 -60.90
 743.00 -64.30 -35.03
 744.00 -82.75 -38.34
 745.00 -67.79 -28.12
 746.00 -61.41 -50.95
 747.00 -84.32 -27.55
 748.00 -67.02 -30.68
 749.00 -60.71 -36.01
 750.00 -73.49 -22.60
 751.00 -67.29 -54.83
 752.00 -73.21 -23.67
 753.00 -55.96 -44.48
 754.00 -72.74 -51.85
 755.00 -73.62 -51.92
 756.00 -135.05 -39.64
 757.00  47.81  25.24
 758.00  59.44  46.82
 759.00 -61.26  -4.99
 760.00 -96.71 -52.61
 761.00 -99.38 161.95
 762.00 -88.95  94.23
 763.00 -51.72  61.41
 764.00 -155.08 -35.86
 765.00 -59.42 154.61
 766.00 -100.14 -20.69
 767.00 -95.58 -40.91
 768.00 -69.05  64.26
 769.00 -87.79 125.82
 770.00 -120.16 123.35
 771.00 -68.70 -171.72
 772.00 -68.23 -32.33
 773.00 -54.58 -52.49
 774.00 -59.19 -39.46
 775.00 -64.37 -51.91
 776.00 -77.76 -30.31
 777.00 -83.75 -29.42
 778.00  52.39   5.80
 779.00 -141.06  45.97
 780.00 -66.80  38.87
 781.00 -78.18 -52.35
 782.00 -59.07 -29.60
 783.00 -73.48 -42.26
 784.00 -59.28 -34.37
 785.00 -59.21 -45.74
 786.00 -53.21 -43.66
 787.00 -68.57 -42.54
 788.00 -56.37 -40.27
 789.00 -70.13 -40.51
 790.00 -57.04 -47.36
 791.00 -53.37 -43.03
 792.00 -62.19 -34.17
 793.00 -57.61 -27.17
 794.00 -85.85 -41.34
 795.00 -62.24 -19.94
 796.00 -74.41 -47.59
 797.00  53.60 -25.86
 798.00 -55.03  38.26
 799.00 -79.33 129.11
 800.00 -62.45 149.94
 801.00 -61.55 -25.09
 802.00 -59.87 -36.16
 803.00 -57.59 -53.76
 804.00 -56.81 -43.77
 805.00 -65.99 -49.19
 806.00 -72.64 -37.53
 807.00 -71.83 -38.34
 808.00 -64.47 -32.92
 809.00 -60.48 -41.24
 810.00 -78.52 -26.69
 811.00 -66.40 -16.63
 812.00 -104.63 -24.63
 813.00 -142.78  39.03
 814.00 -153.95   6.10
 815.00 -138.13 131.13
 816.00 -69.33 145.54
 817.00 -53.12 154.83
 818.00 -94.39 -34.70
 819.00  68.04  -2.08
 820.00 -69.29 158.91
 821.00 -70.75 161.30
 822.00 -115.29 -19.81
 823.00 -53.60  20.93
 824.00 -62.53 -45.76
 825.00 -72.29 -29.41
 826.00 -52.24 -47.97
 827.00 -67.97 -46.79
 828.00 -79.25 -36.77
 829.00 -61.37 -24.76
 830.00 -57.61 -49.23
 831.00 -64.42 -47.34
 832.00 -67.24 -31.36
 833.00 -70.59 -52.61
 834.00 -83.04  -9.19
 835.00 -71.06 -51.94
 836.00 -96.60 -22.30
 837.00 -63.89 -28.78
 838.00 -35.40 -57.48
 839.00 -72.55 -39.89
 840.00 -127.67 -18.46
 841.00 -55.00 -15.20
 842.00 -93.83 149.34
 843.00 -160.96  95.98
 844.00 -78.85 165.46
 845.00 -53.54 105.65
 846.00 -69.66 -59.56
 847.00 -82.20 -18.07
 848.00 -59.11 121.17
 849.00 -70.32 -37.60
 850.00 -61.07 -33.26
 851.00 -76.55 -52.52
 852.00 -55.94 -23.39
 853.00 -61.17 -55.72
 854.00 -61.62 -44.74
 855.00 -61.14 -54.06
 856.00 -50.45 -46.90
 857.00 -51.78 -57.70
 858.00 -74.01 -36.23
 859.00 -76.13 -36.91
 860.00 -66.34 -29.35
 861.00 -69.96 -27.18
 862.00 -73.72 -38.21
 863.00 -73.81 -31.20
 864.00 -80.95 -11.33
 865.00 -66.96 -27.45
 866.00 -54.19 -55.67
 867.00 -56.53 -46.13
 868.00 -83.75 -28.40
 869.00 -50.77 -39.76
 870.00 -64.92 -42.18
 871.00 -67.65 -37.96
 872.00 -73.93 -43.76
 873.00 -63.37 -30.41
 874.00 -86.88 -31.25
 875.00 -54.49 -40.39
 876.00 -73.09 -61.96
 877.00 -58.88 -28.92
 878.00 -66.89 -49.30
 879.00 -66.12 -40.18
 880.00 -63.98 -27.20
 881.00 -56.41 -48.84
 882.00 -85.44 -46.71
 883.00 -72.51  26.90
 884.00 -81.14 -28.04
 885.00 -71.97 -28.95
 886.00 -88.55 -31.28
 887.00  64.87 -22.29
 888.00 -65.52  17.29
 889.00 -71.60 111.63
 890.00 -89.08 100.51
 891.00 -63.15 115.43
 892.00 -64.49 156.60
 893.00 -90.06 -26.38
 894.00 -64.75 -43.00
 895.00 -75.88 -31.89
 896.00 -71.22 -35.07
 897.00 -62.41 -29.43
 898.00 -67.54 -55.56
 899.00 -60.10 -40.97
 900.00 -93.52 -43.97
 901.00 -100.16 -46.95
 902.00 -62.67 -36.91
 903.00 -56.76 -46.74
 904.00 -69.56 -22.64
 905.00 -72.11 -32.44
 906.00 -75.70 -38.70
 907.00 -77.99 -28.65
 908.00  97.68 -15.24
 909.00 -75.82  -9.41
 910.00 -143.73  -4.66
 911.00 -135.27 129.26
 912.00 -55.07 129.54
 913.00 -84.01 146.90
 914.00 -84.26 114.55
 915.00 -72.36 142.90
 916.00 -96.36 -49.31
 917.00 -123.02 125.53


