 residuo Phi Psi
 669.00 -59.09 157.22
 670.00 -64.01 169.52
 671.00 -53.81 162.49
 672.00 -64.51 -55.39
 673.00 -53.85 -55.10
 674.00 -63.40 -32.78
 675.00 -61.16 -38.84
 676.00 -62.73 -44.84
 677.00 -62.86 -41.80
 678.00 -79.44 -31.40
 679.00 -81.06 -51.36
 680.00 -62.31   2.60
 681.00 -73.99 121.94
 682.00 -73.63 158.28
 683.00 -69.81 161.42
 684.00 -91.43 116.34
 685.00 -76.08 143.81
 686.00 -88.71 153.18
 687.00  57.67  -2.56
 688.00 -86.06  37.74
 689.00 -86.51 127.18
 690.00 -78.89 104.09
 691.00 -93.47  -0.98
 692.00 -78.87 -16.95
 693.00 -60.04 139.91
 694.00 -68.15 147.87
 695.00 -156.22 139.50
 696.00 -55.59 155.50
 697.00 -83.51 -54.75
 698.00 -60.41 -24.45
 699.00 -79.71 -37.56
 700.00 -75.85 -34.52
 701.00 -55.85 -35.29
 702.00 -77.15 -44.71
 703.00 -64.38 -29.93
 704.00 -46.15 -48.41
 705.00 -61.39 -55.28
 706.00 -49.90 -57.35
 707.00 -48.48 -36.00
 708.00 -73.02 -50.29
 709.00 -60.02 -35.07
 710.00 -68.32 -52.33
 711.00 -50.78 -39.51
 712.00 -77.17 -38.25
 713.00 -66.64 -35.51
 714.00 -62.86 -37.88
 715.00 -61.88 -49.18
 716.00 -65.23 -43.33
 717.00 -71.64 -28.95
 718.00 -61.51 -55.04
 719.00 -67.33 -30.20
 720.00 -124.96 -11.01
 721.00 -68.37   8.78
 722.00 -61.19 127.13
 723.00  96.60 130.93
 724.00 -48.14 -31.62
 725.00 -73.30 -36.00
 726.00 -76.93   9.61
 727.00 -73.82 -24.87
 728.00 -76.02 148.21
 729.00 -50.58 144.55
 730.00 -65.92 -34.10
 731.00 -80.95 -35.79
 732.00 -57.16 -24.78
 733.00 -56.77 -65.22
 734.00 -73.27 -22.73
 735.00 -60.84 -62.29
 736.00 -68.55 -22.46
 737.00 -51.95 -72.07
 738.00 -68.76 -31.37
 739.00 -102.91 -32.74
 740.00 -61.72  -6.22
 741.00 -67.08 -35.71
 742.00 -57.14 -55.57
 743.00 -77.83 -32.21
 744.00 -54.99 -41.69
 745.00 -70.39 -46.15
 746.00 -50.74 -51.38
 747.00 -69.16 -46.61
 748.00 -60.12 -43.58
 749.00 -65.06 -36.74
 750.00 -60.70 -39.71
 751.00 -59.64 -55.56
 752.00 -65.88 -31.05
 753.00 -58.01 -50.80
 754.00 -54.24 -54.98
 755.00 -96.46 -50.88
 756.00 -133.92 -36.25
 757.00  50.41  17.77
 758.00  67.10  40.33
 759.00 -65.57  -0.59
 760.00 -145.09 -22.50
 761.00 -88.35 153.60
 762.00 -79.36 103.55
 763.00 -63.15  58.88
 764.00 -147.71 -48.90
 765.00 -60.98 165.90
 766.00 -85.62 -28.35
 767.00 -90.40 -36.31
 768.00 -71.88  49.35
 769.00 -81.89 125.38
 770.00 -85.40 109.82
 771.00 -56.82 168.86
 772.00 -72.77 -25.69
 773.00 -63.59 -35.47
 774.00 -54.62 -49.80
 775.00 -68.54 -39.18
 776.00 -51.97 -53.77
 777.00 -85.64 -40.07
 778.00  62.96 -10.45
 779.00 -129.59  40.68
 780.00 -51.37  32.82
 781.00 -59.11 -57.26
 782.00 -64.85 -44.72
 783.00 -55.83 -43.18
 784.00 -70.74 -42.73
 785.00 -55.00 -29.77
 786.00 -80.22 -43.25
 787.00 -65.85 -22.88
 788.00 -63.41 -45.92
 789.00 -51.24 -45.97
 790.00 -66.09 -50.31
 791.00 -75.12 -26.51
 792.00 -58.34 -23.00
 793.00 -68.23 -45.66
 794.00 -88.24 -29.73
 795.00 -67.63 -24.97
 796.00 -88.63 -37.58
 797.00  40.23  -0.26
 798.00 -76.18  67.90
 799.00 -83.58 131.95
 800.00 -58.62 148.66
 801.00 -59.92 -30.27
 802.00 -71.50 -45.22
 803.00 -58.13 -37.12
 804.00 -62.84 -46.54
 805.00 -78.38 -30.29
 806.00 -67.23 -39.64
 807.00 -64.24 -29.00
 808.00 -60.12 -54.46
 809.00 -79.91 -33.40
 810.00 -58.50 -27.16
 811.00 -69.03 -29.54
 812.00 -102.56 -28.27
 813.00 -121.74  34.73
 814.00 -160.19  22.09
 815.00 -147.77 121.08
 816.00 -76.27 178.42
 817.00 -71.62 159.37
 818.00 -75.52 -32.93
 819.00  88.29 -13.63
 820.00 -61.90 162.77
 821.00 -63.62 154.73
 822.00 -119.40 -17.71
 823.00 -51.60  23.16
 824.00 -54.09 -30.80
 825.00 -64.63 -43.55
 826.00 -61.41 -35.05
 827.00 -62.87 -49.34
 828.00 -88.65 -13.54
 829.00 -46.80 -61.83
 830.00 -58.18 -46.03
 831.00 -67.28 -46.82
 832.00 -53.02 -32.08
 833.00 -63.47 -54.82
 834.00 -74.56 -32.01
 835.00 -54.95 -38.77
 836.00 -72.30 -39.87
 837.00 -52.68 -39.56
 838.00 -60.23 -54.58
 839.00 -71.14 -18.08
 840.00 -126.22 -31.62
 841.00 -58.69  17.48
 842.00 -72.82 116.75
 843.00 -89.87  52.16
 844.00 -75.25 167.23
 845.00 -53.43  85.25
 846.00 -56.38 -25.62
 847.00 -128.22 -25.09
 848.00 -72.45 105.83
 849.00 -51.15  -5.86
 850.00 -57.34 -41.45
 851.00 -78.12 -41.05
 852.00 -60.00 -39.69
 853.00 -73.24 -37.50
 854.00 -60.44 -42.03
 855.00 -60.80 -48.29
 856.00 -72.79 -25.07
 857.00 -77.91 -31.96
 858.00 -78.15 -21.76
 859.00 -62.91 -47.94
 860.00 -73.88 -33.83
 861.00 -73.17 -32.68
 862.00 -54.35 -40.61
 863.00 -57.41 -52.08
 864.00 -84.80 -31.37
 865.00 -74.27 -21.57
 866.00 -56.17 -31.81
 867.00 -65.57 -45.49
 868.00 -65.72 -29.85
 869.00 -60.74 -40.97
 870.00 -48.69 -47.90
 871.00 -53.92 -58.02
 872.00 -73.71 -45.88
 873.00 -63.32 -37.75
 874.00 -58.01 -45.13
 875.00 -71.71 -43.08
 876.00 -59.71 -42.69
 877.00 -55.49 -38.82
 878.00 -59.49 -48.87
 879.00 -77.44 -35.12
 880.00 -67.11 -39.88
 881.00 -57.18 -31.69
 882.00 -110.87 -32.73
 883.00 -69.10  21.55
 884.00 -75.28 -37.84
 885.00 -67.37 -30.88
 886.00 -112.16 -30.54
 887.00  44.48  14.01
 888.00 -78.08  32.99
 889.00 -73.77 118.87
 890.00 -114.30 120.81
 891.00 -72.18 119.69
 892.00 -57.75 110.51
 893.00 -72.44 -23.16
 894.00 -69.30 -43.22
 895.00 -53.23 -37.29
 896.00 -56.39 -34.12
 897.00 -51.99 -50.92
 898.00 -62.62 -46.69
 899.00 -94.33 -32.60
 900.00 -118.61 -21.82
 901.00 -78.24 -54.02
 902.00 -54.78 -42.14
 903.00 -39.98 -48.18
 904.00 -81.00 -40.16
 905.00 -82.82 -19.39
 906.00 -84.89 -34.68
 907.00 -73.58 -17.84
 908.00  72.31 -21.61
 909.00 -91.99  39.19
 910.00 -88.92 -25.81
 911.00 -144.57 132.84
 912.00 -70.25 145.25
 913.00 -82.24 147.86
 914.00 -90.15 103.81
 915.00 -77.68 127.47
 916.00 -85.72 -48.50
 917.00 -77.93 -19.56


