 residuo Phi Psi
 669.00 -85.17 -36.99
 670.00 -57.95 164.66
 671.00 -49.62 149.57
 672.00 -65.60 -46.06
 673.00 -69.91 -33.76
 674.00 -81.37 -32.21
 675.00 -70.95 -27.53
 676.00 -56.81 -45.26
 677.00 -69.81 -36.17
 678.00 -68.78 -33.96
 679.00 -79.83 -49.82
 680.00 -74.96  -0.67
 681.00 -66.70 127.31
 682.00 -75.48 159.31
 683.00 -76.72 -160.56
 684.00 -119.23 157.25
 685.00 -80.89 143.98
 686.00 -83.31 154.22
 687.00  77.37 -21.71
 688.00 -84.93  38.96
 689.00 -118.50 161.27
 690.00 -86.20 114.15
 691.00 -86.25  -3.37
 692.00 -103.89  -9.26
 693.00 -59.16 147.49
 694.00 -63.54 138.34
 695.00 -145.57 121.80
 696.00 -54.17 144.66
 697.00 -67.88 -49.58
 698.00 -61.05 -36.34
 699.00 -56.78 -49.72
 700.00 -63.08 -55.97
 701.00 -61.12 -39.61
 702.00 -73.35 -38.37
 703.00 -63.15 -31.78
 704.00 -60.99 -44.88
 705.00 -53.18 -49.95
 706.00 -53.87 -58.43
 707.00 -66.18 -33.37
 708.00 -54.67 -47.96
 709.00 -40.51 -56.74
 710.00 -79.14 -43.20
 711.00 -61.81 -35.71
 712.00 -60.17 -37.38
 713.00 -88.59 -28.67
 714.00 -77.38 -26.70
 715.00 -65.10 -36.63
 716.00 -51.08 -36.26
 717.00 -68.59 -53.78
 718.00 -60.30 -46.65
 719.00 -58.82 -44.44
 720.00 -127.47  -5.80
 721.00 -74.56  10.52
 722.00 -61.72 141.71
 723.00  70.82 134.62
 724.00 -59.35  -9.62
 725.00 -65.26 -43.60
 726.00 -81.84   3.58
 727.00 -78.88 -10.00
 728.00 -70.65 139.27
 729.00 -57.32 155.57
 730.00 -63.94 -31.84
 731.00 -96.86 -27.00
 732.00 -47.78 -36.26
 733.00 -63.35 -41.67
 734.00 -68.02 -44.72
 735.00 -81.64 -42.60
 736.00 -70.01 -20.40
 737.00 -65.55 -41.97
 738.00 -98.43 -35.79
 739.00 -105.95  -7.93
 740.00 -55.59 -23.35
 741.00 -64.04 -34.23
 742.00 -60.53 -42.16
 743.00 -63.34 -47.59
 744.00 -69.91 -42.26
 745.00 -66.46 -44.51
 746.00 -62.13 -47.50
 747.00 -69.39 -45.34
 748.00 -79.69 -19.09
 749.00 -59.98 -41.38
 750.00 -54.25 -38.94
 751.00 -72.04 -49.48
 752.00 -52.34 -36.94
 753.00 -71.79 -46.09
 754.00 -76.88 -47.97
 755.00 -102.57 -29.53
 756.00 -137.36 -24.51
 757.00  40.91  16.97
 758.00  49.49  54.49
 759.00 -69.45   2.67
 760.00 -134.62 -28.81
 761.00 -98.32 160.84
 762.00 -81.65 103.94
 763.00 -72.43  72.56
 764.00 -146.94 -47.55
 765.00 -54.04 156.78
 766.00 -79.95 -40.17
 767.00 -115.66 -24.49
 768.00 -92.17  73.43
 769.00 -104.29 136.56
 770.00 -59.65 106.00
 771.00 -69.33 170.04
 772.00 -78.30 -15.59
 773.00 -67.14 -34.81
 774.00 -67.64 -30.33
 775.00 -56.37 -51.60
 776.00 -74.25 -46.97
 777.00 -63.73 -24.37
 778.00  61.15 -10.61
 779.00 -132.81  31.21
 780.00 -49.90  27.29
 781.00 -71.43 -54.57
 782.00 -53.78 -45.49
 783.00 -56.91 -54.21
 784.00 -61.77 -40.02
 785.00 -58.91 -50.03
 786.00 -54.13 -43.21
 787.00 -73.90 -40.56
 788.00 -54.27 -45.98
 789.00 -58.18 -34.69
 790.00 -64.19 -55.17
 791.00 -63.77 -29.67
 792.00 -56.71 -24.33
 793.00 -57.64 -45.29
 794.00 -71.26 -29.00
 795.00 -68.77 -36.43
 796.00 -65.78 -50.96
 797.00  41.97 -27.29
 798.00 -71.24  56.98
 799.00 -87.37 140.07
 800.00 -60.39 164.21
 801.00 -72.12 -27.75
 802.00 -64.03 -42.72
 803.00 -58.11 -44.54
 804.00 -75.28 -48.73
 805.00 -62.45 -29.70
 806.00 -80.00 -39.35
 807.00 -77.96 -29.02
 808.00 -75.86 -25.90
 809.00 -56.93 -42.04
 810.00 -65.99 -31.79
 811.00 -82.48 -15.49
 812.00 -120.61   1.81
 813.00 -145.92  42.91
 814.00 -147.13   3.16
 815.00 -144.38 131.72
 816.00 -57.18 162.68
 817.00 -64.35 164.25
 818.00 -83.40 -35.74
 819.00  92.50   2.21
 820.00 -99.13 -165.35
 821.00 -69.64 176.38
 822.00 -60.33 -61.46
 823.00 -66.09  33.53
 824.00 -59.38 -27.05
 825.00 -76.38 -37.11
 826.00 -67.51 -32.01
 827.00 -56.77 -55.14
 828.00 -65.50 -43.06
 829.00 -65.25 -36.89
 830.00 -56.30 -37.77
 831.00 -56.09 -51.85
 832.00 -66.96 -41.66
 833.00 -55.36 -53.58
 834.00 -81.25 -24.22
 835.00 -52.21 -50.72
 836.00 -71.03 -42.37
 837.00 -61.79 -50.12
 838.00 -58.15 -45.44
 839.00 -76.94 -25.80
 840.00 -118.88 -19.33
 841.00 -59.98   0.92
 842.00 -78.21 135.76
 843.00 -152.41  95.45
 844.00 -113.17 170.92
 845.00 -58.43  82.09
 846.00 -51.92 -14.04
 847.00 -84.17 -44.55
 848.00 -67.71 165.07
 849.00 -141.20 -43.75
 850.00 -58.35   7.76
 851.00 -93.17 -34.76
 852.00 -55.68 -37.04
 853.00 -75.45 -46.55
 854.00 -56.89 -36.02
 855.00 -67.40 -47.94
 856.00 -53.34 -45.53
 857.00 -64.66 -49.28
 858.00 -71.58 -30.65
 859.00 -66.94 -45.84
 860.00 -69.70 -30.05
 861.00 -60.58 -24.62
 862.00 -57.83 -46.97
 863.00 -72.92 -46.45
 864.00 -66.74 -19.63
 865.00 -72.31 -29.80
 866.00 -48.29 -35.73
 867.00 -73.82 -52.03
 868.00 -67.40 -25.31
 869.00 -49.67 -56.06
 870.00 -65.78 -32.94
 871.00 -51.70 -55.15
 872.00 -68.19 -41.48
 873.00 -64.46 -38.98
 874.00 -62.83 -41.79
 875.00 -57.80 -48.63
 876.00 -84.55 -46.81
 877.00 -68.85 -29.70
 878.00 -79.99 -29.95
 879.00 -65.95 -32.04
 880.00 -73.54 -33.31
 881.00 -56.85 -33.88
 882.00 -117.56 -22.58
 883.00 -44.11   2.06
 884.00 -56.93 -55.71
 885.00 -81.04 -28.15
 886.00 -122.01 -14.46
 887.00  58.22  -0.15
 888.00 -88.43  32.57
 889.00 -97.01 115.88
 890.00 -113.55 137.14
 891.00 -75.18 144.05
 892.00 -47.21 149.37
 893.00 -73.60 -52.61
 894.00 -69.86 -33.56
 895.00 -79.77 -35.14
 896.00 -77.02 -21.29
 897.00 -58.63 -45.33
 898.00 -70.95 -42.65
 899.00 -67.61 -41.94
 900.00 -109.69 -27.63
 901.00 -85.51 -56.43
 902.00 -57.25 -37.13
 903.00 -56.27 -41.23
 904.00 -57.51 -36.57
 905.00 -71.32 -40.26
 906.00 -73.26 -39.26
 907.00 -86.38 -26.57
 908.00  91.51 -10.80
 909.00 -69.13   4.82
 910.00 -137.35  -8.97
 911.00 -149.57 132.63
 912.00 -79.79 148.29
 913.00 -75.08 154.67
 914.00 -68.48 102.65
 915.00 -73.14 137.45
 916.00 -86.41 -52.94
 917.00 -70.76 147.70


