 residuo Phi Psi
 669.00 -76.03 118.75
 670.00 -58.25 160.86
 671.00 -133.18 103.52
 672.00 -56.80 -41.89
 673.00 -57.86 -40.80
 674.00 -72.50 -37.00
 675.00 -79.76 -15.17
 676.00 -59.89 -51.16
 677.00 -77.23 -28.96
 678.00 -80.65 -38.30
 679.00 -85.94 -28.99
 680.00 -78.69   5.77
 681.00 -69.30 127.91
 682.00 -68.29 171.72
 683.00 -76.90 166.67
 684.00 -90.46 135.73
 685.00 -121.38 130.84
 686.00 -80.13 134.09
 687.00  82.40 -16.76
 688.00 -76.96  25.73
 689.00 -99.65 135.99
 690.00 -67.23  98.83
 691.00 -76.82  -1.82
 692.00 -92.46 -19.22
 693.00 -42.63 136.38
 694.00 -84.86 144.62
 695.00 -147.03 142.75
 696.00 -44.51 167.89
 697.00 -70.06 -72.69
 698.00 -62.54 -33.43
 699.00 -62.34 -43.77
 700.00 -57.60 -47.67
 701.00 -66.64 -37.87
 702.00 -68.42 -35.86
 703.00 -76.80 -28.99
 704.00 -59.96 -38.65
 705.00 -62.63 -47.05
 706.00 -56.05 -47.08
 707.00 -51.57 -34.25
 708.00 -63.34 -56.11
 709.00 -55.89 -45.59
 710.00 -66.86 -42.34
 711.00 -62.44 -36.18
 712.00 -56.34 -38.29
 713.00 -64.59 -55.01
 714.00 -59.08 -37.12
 715.00 -70.91 -44.25
 716.00 -47.78 -47.51
 717.00 -65.70 -48.75
 718.00 -65.24 -44.77
 719.00 -65.77 -32.72
 720.00 -102.21 -24.44
 721.00 -72.43  -5.12
 722.00 -52.32 143.97
 723.00  81.47 137.49
 724.00 -55.22 -25.00
 725.00 -71.29 -35.28
 726.00 -52.96  -6.73
 727.00 -93.65 -10.71
 728.00 -61.37 137.53
 729.00 -60.36 151.42
 730.00 -74.15 -26.78
 731.00 -78.54 -25.55
 732.00 -59.35 -41.72
 733.00 -63.20 -50.28
 734.00 -77.39 -13.38
 735.00 -68.68 -61.44
 736.00 -57.72 -30.65
 737.00 -76.96 -47.42
 738.00 -72.42 -32.72
 739.00 -101.21 -25.02
 740.00 -58.99  -0.45
 741.00 -78.76 -46.10
 742.00 -69.80 -29.11
 743.00 -78.74 -36.78
 744.00 -76.10 -40.57
 745.00 -67.30 -40.10
 746.00 -66.21 -37.72
 747.00 -62.27 -43.65
 748.00 -69.31 -43.71
 749.00 -75.14 -31.14
 750.00 -66.85 -35.26
 751.00 -60.40 -48.54
 752.00 -66.52 -38.66
 753.00 -73.70 -30.69
 754.00 -69.39 -54.92
 755.00 -128.70   3.84
 756.00 -126.78 -45.32
 757.00  49.89  29.95
 758.00  61.06  49.60
 759.00 -66.29 -26.88
 760.00 -132.77  -7.54
 761.00 -82.82 146.54
 762.00 -69.75  92.30
 763.00 -50.47  63.80
 764.00 -157.78 -48.03
 765.00 -68.07 168.78
 766.00 -89.60 -23.16
 767.00 -77.32 -55.73
 768.00 -105.05  75.08
 769.00 -122.74 153.41
 770.00 -58.70 109.33
 771.00 -53.58 169.96
 772.00 -54.05 -38.31
 773.00 -58.82 -46.04
 774.00 -52.08 -50.38
 775.00 -76.70 -38.45
 776.00 -59.92 -52.26
 777.00 -76.44 -38.70
 778.00  65.82  -5.40
 779.00 -131.68  27.22
 780.00 -51.67  30.70
 781.00 -62.08 -40.86
 782.00 -74.87 -41.59
 783.00 -70.26 -32.74
 784.00 -49.54 -45.53
 785.00 -55.42 -53.19
 786.00 -64.28 -46.85
 787.00 -59.76 -41.42
 788.00 -56.50 -40.27
 789.00 -52.87 -47.66
 790.00 -63.18 -45.22
 791.00 -58.31 -38.50
 792.00 -73.47 -31.83
 793.00 -65.50 -25.71
 794.00 -74.65 -44.23
 795.00 -71.09 -38.91
 796.00 -94.68 -10.77
 797.00  44.90 -22.84
 798.00 -54.82  60.03
 799.00 -97.43 133.33
 800.00 -54.89 154.24
 801.00 -63.29 -36.46
 802.00 -73.03 -36.84
 803.00 -54.01 -45.79
 804.00 -68.43 -47.32
 805.00 -73.99 -34.23
 806.00 -64.53 -32.59
 807.00 -50.11 -53.03
 808.00 -54.28 -42.56
 809.00 -54.64 -58.40
 810.00 -68.64 -30.33
 811.00 -62.74 -31.52
 812.00 -96.94 -27.80
 813.00 -132.87  40.49
 814.00 -148.67  -8.36
 815.00 -142.44 123.51
 816.00 -68.70 156.14
 817.00 -66.78 168.16
 818.00 -77.82 -42.64
 819.00  71.03 -21.11
 820.00 -82.69 175.32
 821.00 -66.84 165.73
 822.00 -119.65 -27.67
 823.00 -61.27  52.11
 824.00 -60.75 -45.16
 825.00 -86.84 -30.40
 826.00 -61.26 -27.43
 827.00 -67.40 -44.37
 828.00 -65.25 -38.22
 829.00 -64.99 -41.42
 830.00 -72.38 -30.62
 831.00 -52.67 -44.86
 832.00 -77.47 -46.66
 833.00 -65.71 -41.52
 834.00 -76.72 -27.91
 835.00 -69.81 -43.39
 836.00 -80.36 -32.25
 837.00 -77.25 -15.32
 838.00 -58.19 -41.46
 839.00 -86.16 -18.99
 840.00 -107.35 -30.27
 841.00 -53.26 -11.80
 842.00 -63.40 140.69
 843.00 -160.76 100.85
 844.00 -99.98 175.96
 845.00 -55.42  98.04
 846.00 -67.08 -48.87
 847.00 -115.31  -4.97
 848.00 -65.75  82.52
 849.00 -49.31 -13.75
 850.00 -52.33 -54.12
 851.00 -80.24 -31.54
 852.00 -60.02 -46.29
 853.00 -42.37 -38.50
 854.00 -60.80 -52.72
 855.00 -51.63 -57.76
 856.00 -46.97 -48.87
 857.00 -60.61 -60.11
 858.00 -84.25 -26.48
 859.00 -68.50 -32.87
 860.00 -72.41 -31.03
 861.00 -72.49 -28.90
 862.00 -67.88 -45.82
 863.00 -70.36 -38.53
 864.00 -75.00 -22.73
 865.00 -58.06 -21.38
 866.00 -73.28 -34.19
 867.00 -63.32 -51.62
 868.00 -63.29 -17.96
 869.00 -52.11 -60.84
 870.00 -63.99 -34.45
 871.00 -68.99 -39.91
 872.00 -64.77 -42.38
 873.00 -57.22 -35.98
 874.00 -61.45 -48.79
 875.00 -68.42 -45.90
 876.00 -86.65 -24.68
 877.00 -65.71 -37.12
 878.00 -75.50 -25.37
 879.00 -72.05 -28.68
 880.00 -58.23 -58.42
 881.00 -60.68 -42.52
 882.00 -135.45 -11.07
 883.00 -42.43  15.07
 884.00 -54.79 -50.59
 885.00 -67.13 -31.59
 886.00 -100.80 -38.34
 887.00  58.98  18.41
 888.00 -64.15  -6.61
 889.00 -91.76 128.34
 890.00 -135.46 140.73
 891.00 -51.81 121.43
 892.00 -51.41 133.49
 893.00 -74.92 -38.76
 894.00 -63.25 -38.14
 895.00 -65.94 -38.66
 896.00 -64.74 -36.92
 897.00 -50.82 -51.91
 898.00 -73.28 -55.81
 899.00 -110.37 -17.13
 900.00 -109.16 -15.31
 901.00 -101.87 -47.30
 902.00 -84.35 -23.42
 903.00 -55.16 -33.55
 904.00 -62.61 -31.65
 905.00 -88.00 -27.76
 906.00 -69.87 -39.64
 907.00 -89.25 -32.00
 908.00  84.97  -2.30
 909.00 -62.59   0.69
 910.00 -137.39 -17.40
 911.00 -148.98 141.91
 912.00 -68.88 151.48
 913.00 -88.92 155.30
 914.00 -87.17  97.96
 915.00 -84.88 146.29
 916.00 -109.99 -30.48
 917.00 -63.04 140.47


