 residuo Phi Psi
 669.00 -42.15 116.48
 670.00 -59.30 156.53
 671.00 -52.37 149.61
 672.00 -35.90 -64.87
 673.00 -87.94 -40.49
 674.00 -65.18 -28.36
 675.00 -62.39 -41.18
 676.00 -61.99 -44.67
 677.00 -64.75 -38.90
 678.00 -69.57 -37.62
 679.00 -74.71 -41.35
 680.00 -77.77  -5.00
 681.00 -41.88 115.30
 682.00 -61.12 131.74
 683.00 -47.29 137.61
 684.00 -109.25 137.06
 685.00 -72.66 134.80
 686.00 -67.72 131.80
 687.00  64.78  -7.77
 688.00 -79.32  21.88
 689.00 -122.41 159.88
 690.00 -80.10 106.33
 691.00 -129.80  35.30
 692.00 -72.77 -42.80
 693.00 -63.10 140.75
 694.00 -55.67 148.20
 695.00 -146.15 117.04
 696.00 -50.59 147.95
 697.00 -71.74 -59.68
 698.00 -55.80 -38.86
 699.00 -57.97 -56.57
 700.00 -76.26 -37.15
 701.00 -63.75 -28.10
 702.00 -70.89 -46.64
 703.00 -72.29 -22.18
 704.00 -53.87 -45.59
 705.00 -72.37 -48.60
 706.00 -58.76 -46.62
 707.00 -55.59 -39.14
 708.00 -66.15 -35.32
 709.00 -69.02 -35.00
 710.00 -69.91 -42.86
 711.00 -55.59 -38.69
 712.00 -51.93 -53.69
 713.00 -78.44 -40.42
 714.00 -66.45 -26.08
 715.00 -82.15 -31.13
 716.00 -64.26 -32.53
 717.00 -60.49 -44.67
 718.00 -65.21 -54.38
 719.00 -66.78 -36.58
 720.00 -110.96  -4.18
 721.00 -52.05 -26.50
 722.00 -57.45 132.01
 723.00  87.16 145.01
 724.00 -52.16 -44.65
 725.00 -57.88 -26.45
 726.00 -79.86 -18.82
 727.00 -85.71 -10.56
 728.00 -73.67 140.43
 729.00 -49.06 148.82
 730.00 -65.61 -36.75
 731.00 -74.00 -38.01
 732.00 -53.95 -40.75
 733.00 -49.80 -57.50
 734.00 -55.95 -50.69
 735.00 -68.10 -54.25
 736.00 -59.79 -26.32
 737.00 -54.96 -63.35
 738.00 -75.89 -36.88
 739.00 -89.43 -37.04
 740.00 -58.53 -21.88
 741.00 -73.87 -31.81
 742.00 -66.70 -35.25
 743.00 -49.12 -51.44
 744.00 -46.15 -53.43
 745.00 -64.52 -62.67
 746.00 -53.83 -42.70
 747.00 -64.06 -59.26
 748.00 -69.62 -39.88
 749.00 -63.39 -31.63
 750.00 -57.48 -41.84
 751.00 -67.71 -45.03
 752.00 -64.42 -39.31
 753.00 -57.98 -48.30
 754.00 -83.04 -52.63
 755.00 -101.45 -28.52
 756.00 -133.12 -32.78
 757.00  53.95  35.93
 758.00  66.15  36.74
 759.00 -73.05   5.90
 760.00 -150.26 -25.57
 761.00 -75.23 157.09
 762.00 -92.28 107.27
 763.00 -63.15  66.60
 764.00 -157.16 -38.58
 765.00 -68.54 169.05
 766.00 -90.35 -28.36
 767.00 -138.35  -9.09
 768.00 -107.45  90.19
 769.00 -82.15 123.04
 770.00 -71.94 101.83
 771.00 -67.43 169.19
 772.00 -64.77 -28.85
 773.00 -59.97 -41.24
 774.00 -57.69 -41.33
 775.00 -72.01 -38.77
 776.00 -77.91 -42.80
 777.00 -69.87 -35.50
 778.00  47.10  -6.09
 779.00 -95.07  39.26
 780.00 -55.71   1.21
 781.00 -56.40 -44.59
 782.00 -71.70 -38.56
 783.00 -62.34 -44.51
 784.00 -56.01 -30.74
 785.00 -53.56 -50.83
 786.00 -67.74 -43.13
 787.00 -63.03 -26.59
 788.00 -53.42 -47.33
 789.00 -58.81 -47.11
 790.00 -71.02 -48.76
 791.00 -67.05 -35.80
 792.00 -65.10 -29.02
 793.00 -50.12 -42.87
 794.00 -60.55 -42.77
 795.00 -60.09 -45.15
 796.00 -98.43 -39.56
 797.00  58.01  -9.01
 798.00 -78.06  53.38
 799.00 -78.47 132.24
 800.00 -49.53 160.64
 801.00 -76.42 -33.49
 802.00 -59.25 -46.88
 803.00 -59.49 -42.53
 804.00 -55.18 -46.53
 805.00 -83.12 -35.25
 806.00 -70.90 -31.37
 807.00 -77.08 -33.84
 808.00 -53.35 -41.16
 809.00 -54.37 -56.17
 810.00 -71.06 -32.09
 811.00 -77.56 -22.00
 812.00 -113.49  -9.74
 813.00 -149.02  42.72
 814.00 -151.42   6.86
 815.00 -151.42 137.16
 816.00 -60.73 162.19
 817.00 -69.90 152.76
 818.00 -70.65 -30.77
 819.00  84.21 -14.76
 820.00 -64.49 153.02
 821.00 -59.83 138.34
 822.00 -101.82 -31.67
 823.00 -51.53  40.55
 824.00 -61.35 -48.32
 825.00 -92.81 -21.26
 826.00 -54.71 -40.27
 827.00 -39.23 -54.88
 828.00 -79.23 -43.54
 829.00 -60.66 -40.51
 830.00 -49.99 -47.41
 831.00 -62.67 -53.39
 832.00 -67.42 -29.50
 833.00 -69.59 -50.71
 834.00 -56.88 -30.43
 835.00 -75.57 -42.84
 836.00 -71.99 -38.53
 837.00 -71.20 -19.34
 838.00 -49.91 -58.06
 839.00 -72.35 -37.78
 840.00 -124.31 -21.12
 841.00 -64.73   9.72
 842.00 -80.66 148.66
 843.00 -149.72 107.57
 844.00 -69.19 171.67
 845.00 -70.49  98.40
 846.00 -70.37 -29.53
 847.00 -131.75  -9.16
 848.00 -52.96  98.44
 849.00 -71.27 -19.28
 850.00 -93.33 -20.88
 851.00 -68.92 -38.65
 852.00 -58.25 -36.86
 853.00 -56.33 -49.27
 854.00 -58.40 -45.52
 855.00 -46.92 -53.75
 856.00 -64.76 -48.49
 857.00 -69.38 -38.51
 858.00 -63.51 -38.39
 859.00 -59.03 -45.53
 860.00 -57.49 -37.52
 861.00 -63.81 -45.50
 862.00 -67.99 -42.78
 863.00 -74.80 -25.75
 864.00 -63.28 -40.56
 865.00 -57.96 -23.33
 866.00 -85.98 -27.10
 867.00 -73.85 -39.56
 868.00 -73.19 -22.06
 869.00 -59.07 -48.25
 870.00 -59.36 -40.56
 871.00 -60.09 -48.08
 872.00 -74.12 -34.58
 873.00 -60.92 -35.69
 874.00 -59.44 -48.38
 875.00 -53.19 -43.59
 876.00 -78.02 -52.12
 877.00 -71.45 -32.49
 878.00 -74.61 -30.35
 879.00 -97.85 -10.11
 880.00 -52.70 -22.63
 881.00 -61.00 -52.67
 882.00 -143.19 -10.09
 883.00 -52.27  23.04
 884.00 -89.42 -49.18
 885.00 -59.62 -28.77
 886.00 -104.90 -36.75
 887.00  66.86   9.50
 888.00 -89.86  27.49
 889.00 -92.39 119.30
 890.00 -109.36 124.56
 891.00 -63.41 133.23
 892.00 -53.19 157.54
 893.00 -63.58 -47.46
 894.00 -76.33 -46.23
 895.00 -57.08 -40.66
 896.00 -76.88 -32.15
 897.00 -63.78 -34.67
 898.00 -82.70 -41.35
 899.00 -74.26 -24.45
 900.00 -97.50 -37.99
 901.00 -86.30 -67.96
 902.00 -66.77 -42.53
 903.00 -62.50 -28.01
 904.00 -61.62 -24.78
 905.00 -78.71 -21.22
 906.00 -80.22 -41.82
 907.00 -97.19  -9.69
 908.00  91.09 -10.74
 909.00 -63.70  -1.38
 910.00 -130.72 -18.03
 911.00 -148.79 140.43
 912.00 -76.24 146.32
 913.00 -83.75 152.23
 914.00 -60.51  82.16
 915.00 -62.02 116.49
 916.00 -72.29 -48.92
 917.00 -150.96 150.78


