 residuo Phi Psi
 669.00 -70.74 168.06
 670.00 -62.93 161.53
 671.00 -160.69 168.65
 672.00 -59.67 -10.93
 673.00 -67.90 -36.71
 674.00 -52.93 -46.58
 675.00 -65.00 -34.23
 676.00 -48.94 -55.21
 677.00 -64.21 -42.18
 678.00 -68.34 -38.74
 679.00 -86.38 -39.80
 680.00 -58.79 -15.57
 681.00 -87.42 130.92
 682.00 -67.42 161.37
 683.00 -76.54 161.93
 684.00 -66.82 107.61
 685.00 -93.43 148.13
 686.00 -78.90 148.69
 687.00  74.40 -10.01
 688.00 -65.15   6.59
 689.00 -151.25 159.49
 690.00 -60.68 106.39
 691.00 -86.89  12.36
 692.00 -96.04 -15.03
 693.00 -63.24 126.63
 694.00 -79.50 160.93
 695.00 -143.16 127.05
 696.00 -39.87 160.30
 697.00 -63.07 -50.75
 698.00 -66.59 -55.27
 699.00 -63.49 -50.46
 700.00 -81.15 -38.29
 701.00 -57.48 -37.83
 702.00 -68.94 -32.78
 703.00 -70.55 -30.00
 704.00 -53.67 -45.53
 705.00 -54.03 -48.60
 706.00 -70.74 -50.76
 707.00 -55.23 -24.47
 708.00 -58.70 -47.99
 709.00 -59.57 -57.31
 710.00 -54.28 -44.64
 711.00 -70.51 -51.33
 712.00 -50.46 -43.31
 713.00 -67.80 -43.70
 714.00 -58.87 -36.86
 715.00 -55.45 -41.37
 716.00 -58.65 -49.57
 717.00 -60.84 -49.41
 718.00 -73.34 -40.46
 719.00 -62.48 -35.69
 720.00 -86.52 -25.41
 721.00 -74.36   1.41
 722.00 -54.33 135.52
 723.00  87.77 118.88
 724.00 -65.27  11.02
 725.00 -66.49 -30.06
 726.00 -67.46 -13.97
 727.00 -75.58 -33.16
 728.00 -71.36 147.96
 729.00 -60.18 145.50
 730.00 -76.14 -27.41
 731.00 -74.28 -27.39
 732.00 -41.49 -51.29
 733.00 -63.99 -54.18
 734.00 -72.72 -35.95
 735.00 -65.10 -50.95
 736.00 -65.24 -28.72
 737.00 -64.22 -49.92
 738.00 -71.38 -39.58
 739.00 -70.55 -40.27
 740.00 -56.07 -12.18
 741.00 -52.75 -57.80
 742.00 -51.89 -56.28
 743.00 -82.14 -36.73
 744.00 -77.06 -43.20
 745.00 -67.00 -25.49
 746.00 -66.55 -39.96
 747.00 -72.24 -36.12
 748.00 -55.21 -46.07
 749.00 -64.87 -37.19
 750.00 -68.16 -46.22
 751.00 -68.35 -35.20
 752.00 -62.01 -37.69
 753.00 -76.13 -40.01
 754.00 -70.06 -47.83
 755.00 -90.91 -36.78
 756.00 -145.16 -30.25
 757.00  56.30  36.25
 758.00  51.96  26.37
 759.00 -74.42  -1.92
 760.00 -137.24  -2.36
 761.00 -97.31 165.40
 762.00 -111.33 117.06
 763.00 -63.30  71.60
 764.00 -158.89 -52.25
 765.00 -54.73 158.16
 766.00 -76.73 -26.47
 767.00 -130.17 -29.34
 768.00 -91.43  76.49
 769.00 -105.61 140.51
 770.00 -70.31 113.03
 771.00 -61.18 175.41
 772.00 -43.68 -38.41
 773.00 -73.06 -44.42
 774.00 -69.00 -26.13
 775.00 -66.08 -46.74
 776.00 -73.23 -38.62
 777.00 -95.80 -27.03
 778.00  74.61   0.01
 779.00 -78.04 -23.51
 780.00 -55.47  39.56
 781.00 -61.57 -44.18
 782.00 -56.37 -43.85
 783.00 -59.25 -48.70
 784.00 -67.19 -47.99
 785.00 -59.24 -36.43
 786.00 -54.29 -44.91
 787.00 -62.40 -47.20
 788.00 -80.80 -32.02
 789.00 -73.36 -25.53
 790.00 -42.93 -46.55
 791.00 -54.08 -50.62
 792.00 -77.55 -24.01
 793.00 -61.41 -27.03
 794.00 -88.89 -27.02
 795.00 -63.46 -44.41
 796.00 -72.33 -35.95
 797.00  48.63 -20.92
 798.00 -63.58  62.26
 799.00 -91.66 133.68
 800.00 -58.07 160.66
 801.00 -63.11 -43.39
 802.00 -62.10 -41.26
 803.00 -60.38 -41.74
 804.00 -60.57 -52.54
 805.00 -60.25 -44.63
 806.00 -67.47 -50.98
 807.00 -49.36 -39.03
 808.00 -59.58 -52.20
 809.00 -71.42 -41.71
 810.00 -78.32 -22.92
 811.00 -66.98 -14.55
 812.00 -87.19 -44.79
 813.00 -142.20  44.45
 814.00 -144.32  16.24
 815.00 -138.91 120.08
 816.00 -55.91 166.35
 817.00 -73.66 157.13
 818.00 -96.62 -22.62
 819.00  76.10   3.74
 820.00 -71.43 173.52
 821.00 -63.65 165.05
 822.00 -128.60 -38.35
 823.00 -52.82  60.71
 824.00 -54.48 -35.00
 825.00 -72.69 -33.18
 826.00 -69.52 -40.25
 827.00 -63.34 -42.77
 828.00 -65.85 -34.30
 829.00 -52.68 -55.04
 830.00 -47.35 -50.86
 831.00 -59.04 -58.92
 832.00 -63.09 -36.30
 833.00 -72.09 -34.48
 834.00 -56.32 -39.70
 835.00 -57.04 -60.77
 836.00 -62.09 -39.35
 837.00 -59.30 -36.75
 838.00 -50.63 -51.59
 839.00 -78.49 -19.22
 840.00 -128.03 -23.23
 841.00 -60.11   8.15
 842.00 -83.23 145.72
 843.00 -136.61  81.62
 844.00 -70.05 164.43
 845.00 -70.67 102.90
 846.00 -62.30 -13.11
 847.00 -125.94 -29.72
 848.00 -60.81  99.25
 849.00 -68.65 -15.84
 850.00 -70.06 -33.15
 851.00 -69.24 -36.13
 852.00 -69.93 -27.26
 853.00 -73.45 -33.24
 854.00 -39.93 -54.09
 855.00 -57.20 -59.07
 856.00 -57.75 -48.09
 857.00 -78.53 -37.65
 858.00 -63.11 -29.59
 859.00 -80.70 -46.26
 860.00 -69.86 -23.73
 861.00 -65.16 -37.76
 862.00 -56.34 -44.57
 863.00 -64.43 -48.79
 864.00 -64.49 -29.56
 865.00 -75.50 -13.00
 866.00 -52.15 -46.38
 867.00 -62.14 -44.41
 868.00 -80.04 -23.69
 869.00 -58.69 -43.03
 870.00 -53.61 -41.41
 871.00 -67.50 -42.71
 872.00 -81.80 -40.33
 873.00 -72.26 -23.47
 874.00 -47.97 -50.39
 875.00 -67.34 -46.32
 876.00 -71.61 -56.48
 877.00 -55.02 -35.14
 878.00 -65.29 -48.75
 879.00 -58.74 -37.74
 880.00 -62.31 -39.28
 881.00 -58.68 -42.44
 882.00 -91.50 -41.14
 883.00 -59.39   5.06
 884.00 -72.93 -44.12
 885.00 -72.88 -34.34
 886.00 -90.24 -35.99
 887.00  56.76  11.20
 888.00 -89.38  19.18
 889.00 -114.62 139.97
 890.00 -110.23 134.05
 891.00 -52.95 130.12
 892.00 -65.56 150.67
 893.00 -56.95 -35.36
 894.00 -61.02 -51.27
 895.00 -62.73 -38.43
 896.00 -74.27 -34.44
 897.00 -50.94 -53.99
 898.00 -70.38 -47.90
 899.00 -83.33 -30.15
 900.00 -116.62 -27.75
 901.00 -89.14 -48.12
 902.00 -69.92 -30.79
 903.00 -56.18 -43.49
 904.00 -61.20 -25.03
 905.00 -75.35 -34.16
 906.00 -60.06 -48.76
 907.00 -83.99 -32.03
 908.00  59.14   6.27
 909.00 -83.75  21.89
 910.00 -124.21 -24.55
 911.00 -108.47 122.13
 912.00 -65.21 138.95
 913.00 -86.01 155.29
 914.00 -99.46 124.37
 915.00 -116.27 167.82
 916.00 -143.44 -10.32
 917.00 -77.03 142.47


