 residuo Phi Psi
 669.00 -92.93 126.01
 670.00 -58.80 146.12
 671.00 -131.20 119.14
 672.00 -61.56 -16.98
 673.00 -67.05 -38.59
 674.00 -57.95 -41.21
 675.00 -88.55 -24.24
 676.00 -54.56 -42.35
 677.00 -70.42 -39.42
 678.00 -77.02 -32.41
 679.00 -73.86 -46.33
 680.00 -80.86   3.20
 681.00 -65.07 123.91
 682.00 -71.47 176.80
 683.00 -61.22 154.63
 684.00 -106.72 141.94
 685.00 -83.31 136.07
 686.00 -75.37 143.55
 687.00 111.99 -35.38
 688.00 -56.41  10.44
 689.00 -98.61 128.22
 690.00 -66.94 111.12
 691.00 -82.21  -0.61
 692.00 -86.31 -24.50
 693.00 -74.09 139.69
 694.00 -77.00 154.26
 695.00 -140.60 128.65
 696.00 -41.17 155.67
 697.00 -62.98 -57.71
 698.00 -61.89 -41.37
 699.00 -66.01 -47.55
 700.00 -71.08 -42.23
 701.00 -71.04 -36.71
 702.00 -71.80 -33.23
 703.00 -64.96 -37.51
 704.00 -67.96 -29.71
 705.00 -60.01 -42.82
 706.00 -66.62 -40.48
 707.00 -57.58 -26.06
 708.00 -66.45 -54.87
 709.00 -73.78 -42.88
 710.00 -59.31 -34.77
 711.00 -57.69 -49.14
 712.00 -72.20 -36.08
 713.00 -73.95 -33.83
 714.00 -57.67 -37.03
 715.00 -73.53 -37.34
 716.00 -59.12 -36.21
 717.00 -68.56 -53.80
 718.00 -49.24 -37.74
 719.00 -53.26 -51.69
 720.00 -97.17 -32.45
 721.00 -68.40  -6.81
 722.00 -49.28 122.74
 723.00  92.91 112.97
 724.00 -57.31  -4.38
 725.00 -33.97 -31.12
 726.00 -50.56 -37.71
 727.00 -72.02 -39.43
 728.00 -73.92 152.73
 729.00 -64.72 149.62
 730.00 -67.68 -28.04
 731.00 -80.04 -32.31
 732.00 -57.17 -34.49
 733.00 -63.71 -53.04
 734.00 -45.77 -33.10
 735.00 -76.29 -62.86
 736.00 -71.33 -27.23
 737.00 -107.44 -20.90
 738.00 -63.86 -23.95
 739.00 -85.19 -45.85
 740.00 -46.63 -10.23
 741.00 -54.59 -66.50
 742.00 -56.95 -56.31
 743.00 -74.81 -35.05
 744.00 -92.45 -37.45
 745.00 -75.41 -19.72
 746.00 -64.81 -44.22
 747.00 -55.67 -46.15
 748.00 -58.79 -50.89
 749.00 -60.28 -46.97
 750.00 -65.01 -40.99
 751.00 -58.90 -48.20
 752.00 -66.89 -39.85
 753.00 -65.62 -38.43
 754.00 -89.26 -37.60
 755.00 -89.96 -22.24
 756.00 -145.75 -35.41
 757.00  57.23  22.91
 758.00  62.49  33.70
 759.00 -69.12 -14.45
 760.00 -105.25 -29.80
 761.00 -116.30 174.70
 762.00 -97.47 119.99
 763.00 -50.96  61.09
 764.00 -146.05 -58.64
 765.00 -66.11 161.45
 766.00 -110.61 -13.23
 767.00 -116.26 -32.14
 768.00 -95.06  81.27
 769.00 -103.89 148.55
 770.00 -68.49 100.13
 771.00 -57.92 170.27
 772.00 -61.18 -33.62
 773.00 -55.40 -53.89
 774.00 -51.33 -41.04
 775.00 -70.26 -54.85
 776.00 -62.98 -40.84
 777.00 -67.81 -15.26
 778.00  57.15 -24.85
 779.00 -138.49  16.53
 780.00 -59.37  36.79
 781.00 -63.15 -46.90
 782.00 -70.05 -28.14
 783.00 -58.43 -46.50
 784.00 -61.47 -37.57
 785.00 -59.45 -39.05
 786.00 -70.90 -34.45
 787.00 -66.35 -31.54
 788.00 -57.56 -47.74
 789.00 -65.39 -40.99
 790.00 -74.30 -44.49
 791.00 -60.22 -31.96
 792.00 -63.21 -26.41
 793.00 -63.80 -33.42
 794.00 -86.94 -27.70
 795.00 -69.66 -28.07
 796.00 -73.09 -48.09
 797.00  43.80  -0.98
 798.00 -80.28  64.37
 799.00 -79.53 130.05
 800.00 -58.37 159.78
 801.00 -61.27 -40.71
 802.00 -47.05 -56.15
 803.00 -50.02 -52.56
 804.00 -52.25 -57.41
 805.00 -68.10 -50.16
 806.00 -68.20 -37.05
 807.00 -71.49 -27.85
 808.00 -47.00 -42.14
 809.00 -64.16 -57.75
 810.00 -72.63 -18.96
 811.00 -70.16 -24.73
 812.00 -118.13 -16.48
 813.00 -120.57  44.85
 814.00 -150.04  -1.11
 815.00 -150.98 121.89
 816.00 -59.77 165.40
 817.00 -61.01 163.40
 818.00 -93.62 -34.00
 819.00  69.28  10.98
 820.00 -76.50 170.25
 821.00 -60.04 173.26
 822.00 -95.78 -43.99
 823.00 -53.68  37.41
 824.00 -75.26 -40.65
 825.00 -82.50 -22.81
 826.00 -67.87 -29.94
 827.00 -52.86 -40.69
 828.00 -73.69 -38.78
 829.00 -70.85 -40.45
 830.00 -54.08 -39.88
 831.00 -69.50 -46.82
 832.00 -66.23 -36.13
 833.00 -66.42 -36.79
 834.00 -62.81 -32.29
 835.00 -66.15 -56.60
 836.00 -71.51 -39.14
 837.00 -79.32 -22.97
 838.00 -63.75 -41.70
 839.00 -67.98 -25.40
 840.00 -103.42 -38.95
 841.00 -50.20  -5.93
 842.00 -93.25 150.38
 843.00 -152.37  98.64
 844.00 -97.60 161.89
 845.00 -58.88 115.39
 846.00 -67.95 -26.84
 847.00 -131.78 -27.69
 848.00 -64.25  88.40
 849.00 -51.91  -8.80
 850.00 -63.46 -33.45
 851.00 -77.56 -31.07
 852.00 -81.36 -29.18
 853.00 -60.44 -32.19
 854.00 -64.59 -47.26
 855.00 -69.86 -44.00
 856.00 -66.76 -26.53
 857.00 -56.93 -55.95
 858.00 -87.03 -32.38
 859.00 -62.59 -41.97
 860.00 -79.93 -17.20
 861.00 -66.92 -28.65
 862.00 -50.53 -40.84
 863.00 -69.09 -43.25
 864.00 -63.11 -36.23
 865.00 -66.95 -25.34
 866.00 -69.49 -44.55
 867.00 -64.46 -40.15
 868.00 -85.18 -20.47
 869.00 -48.60 -43.16
 870.00 -51.18 -45.51
 871.00 -55.34 -48.41
 872.00 -72.33 -48.47
 873.00 -80.94 -23.54
 874.00 -66.23 -40.53
 875.00 -73.43 -32.65
 876.00 -65.64 -45.13
 877.00 -66.21 -40.16
 878.00 -54.77 -52.08
 879.00 -67.45 -37.47
 880.00 -57.66 -41.57
 881.00 -82.62 -37.41
 882.00 -135.80   4.23
 883.00 -42.43  14.48
 884.00 -62.18 -40.61
 885.00 -74.77 -39.07
 886.00 -115.18 -12.95
 887.00  51.56   2.00
 888.00 -91.73  33.37
 889.00 -104.11 134.54
 890.00 -109.23 129.08
 891.00 -50.50 131.44
 892.00 -70.90 155.01
 893.00 -70.96 -32.32
 894.00 -77.88 -28.03
 895.00 -70.38 -41.37
 896.00 -63.57 -24.86
 897.00 -52.56 -53.26
 898.00 -70.83 -48.87
 899.00 -99.88 -27.91
 900.00 -127.61  -8.67
 901.00 -105.32 -39.58
 902.00 -61.26 -38.08
 903.00 -68.74 -32.56
 904.00 -64.70 -34.00
 905.00 -77.05 -27.63
 906.00 -64.04 -46.87
 907.00 -83.92 -24.38
 908.00  86.62 -11.17
 909.00 -72.90   3.24
 910.00 -120.41 -23.17
 911.00 -137.55 142.16
 912.00 -47.01 137.99
 913.00 -93.59 152.11
 914.00 -117.11 143.28
 915.00 -70.75 137.76
 916.00 -144.45 -40.26
 917.00 -137.77 111.76


