 residuo Phi Psi
 669.00 -54.50  44.78
 670.00 -63.97 150.21
 671.00 -58.80 159.11
 672.00 -64.66 -42.42
 673.00 -69.40 -48.91
 674.00 -62.58 -22.70
 675.00 -65.87 -40.64
 676.00 -52.07 -47.87
 677.00 -61.72 -36.92
 678.00 -75.82 -41.04
 679.00 -79.23 -30.64
 680.00 -77.80  -3.99
 681.00 -76.35 119.68
 682.00 -77.60 173.91
 683.00 -67.52 156.04
 684.00 -106.25 130.70
 685.00 -74.78 139.80
 686.00 -76.18 159.23
 687.00  85.70 -16.80
 688.00 -78.21  11.70
 689.00 -96.38 136.43
 690.00 -72.69  95.62
 691.00 -70.22  -7.07
 692.00 -104.46  -8.45
 693.00 -59.71 151.73
 694.00 -60.26 133.75
 695.00 -161.41 156.54
 696.00 -49.60 141.91
 697.00 -84.11 -59.09
 698.00 -57.97 -26.71
 699.00 -63.39 -42.90
 700.00 -69.56 -47.30
 701.00 -64.79 -35.82
 702.00 -58.05 -48.88
 703.00 -67.06 -45.00
 704.00 -70.39 -32.73
 705.00 -73.96 -35.13
 706.00 -60.98 -41.16
 707.00 -59.05 -37.54
 708.00 -68.87 -41.31
 709.00 -67.54 -34.31
 710.00 -65.14 -34.82
 711.00 -63.45 -42.83
 712.00 -62.75 -37.11
 713.00 -58.92 -55.07
 714.00 -82.81 -21.90
 715.00 -63.27 -46.04
 716.00 -66.59 -39.49
 717.00 -67.65 -39.15
 718.00 -63.18 -51.95
 719.00 -59.43 -39.66
 720.00 -77.98 -34.33
 721.00 -69.56  -8.68
 722.00 -53.21 140.70
 723.00  73.97 142.30
 724.00 -53.09 -21.59
 725.00 -65.17 -27.31
 726.00 -59.27 -19.00
 727.00 -80.81 -25.95
 728.00 -61.74 140.99
 729.00 -58.37 156.77
 730.00 -69.35 -34.76
 731.00 -76.97 -36.24
 732.00 -55.58 -42.77
 733.00 -56.10 -42.13
 734.00 -69.42 -44.81
 735.00 -65.93 -49.68
 736.00 -66.27 -28.78
 737.00 -65.57 -64.50
 738.00 -88.98 -19.10
 739.00 -74.98 -37.48
 740.00 -62.78 -10.12
 741.00 -78.62 -32.82
 742.00 -72.59 -29.73
 743.00 -76.41 -31.96
 744.00 -57.85 -45.05
 745.00 -64.68 -56.28
 746.00 -60.66 -39.07
 747.00 -67.41 -46.38
 748.00 -75.36 -33.12
 749.00 -49.87 -41.21
 750.00 -50.19 -59.23
 751.00 -62.18 -44.94
 752.00 -71.33 -40.96
 753.00 -52.32 -42.76
 754.00 -76.14 -49.65
 755.00 -93.64 -30.63
 756.00 -132.14 -36.48
 757.00  46.41  33.76
 758.00  68.57  27.62
 759.00 -76.32   8.75
 760.00 -124.70 -26.94
 761.00 -107.52 167.26
 762.00 -96.93 114.73
 763.00 -57.64  62.59
 764.00 -133.22 -49.05
 765.00 -67.62 175.19
 766.00 -66.38 -42.60
 767.00 -81.71 -60.61
 768.00 -84.28  62.81
 769.00 -91.14 133.25
 770.00 -92.34 120.04
 771.00 -65.21 163.34
 772.00 -69.40 -21.10
 773.00 -59.61 -44.81
 774.00 -63.98 -33.25
 775.00 -85.95 -30.82
 776.00 -70.47 -39.74
 777.00 -77.46 -24.76
 778.00  58.74 -16.94
 779.00 -129.59  39.69
 780.00 -70.78  34.71
 781.00 -57.27 -42.46
 782.00 -76.42 -50.61
 783.00 -73.95 -21.84
 784.00 -65.60 -28.61
 785.00 -67.16 -46.13
 786.00 -77.39 -27.92
 787.00 -69.45 -32.80
 788.00 -59.22 -34.70
 789.00 -65.96 -48.92
 790.00 -58.20 -44.85
 791.00 -73.52 -33.78
 792.00 -68.44 -22.20
 793.00 -54.05 -39.97
 794.00 -74.94 -37.92
 795.00 -65.10 -34.46
 796.00 -88.34 -41.59
 797.00  38.91   1.64
 798.00 -78.67  59.41
 799.00 -104.80 147.21
 800.00 -67.80 173.01
 801.00 -67.06 -35.69
 802.00 -71.29 -36.90
 803.00 -40.96 -48.98
 804.00 -63.81 -65.18
 805.00 -80.06 -28.88
 806.00 -53.66 -46.05
 807.00 -60.45 -43.39
 808.00 -70.13 -41.71
 809.00 -66.30 -38.04
 810.00 -77.20 -21.68
 811.00 -89.18  -9.94
 812.00 -108.18 -21.15
 813.00 -141.40  39.53
 814.00 -162.37  34.21
 815.00 -149.36 122.35
 816.00 -53.34 154.74
 817.00 -67.33 146.59
 818.00 -61.92 -29.95
 819.00  84.88  -7.06
 820.00 -87.24 165.80
 821.00 -73.21 160.58
 822.00 -82.55 -40.93
 823.00 -56.13  46.89
 824.00 -71.02 -40.50
 825.00 -78.50 -27.84
 826.00 -73.49 -33.40
 827.00 -53.47 -48.50
 828.00 -78.27 -38.37
 829.00 -58.33 -37.27
 830.00 -58.95 -50.99
 831.00 -59.18 -53.35
 832.00 -53.64 -43.28
 833.00 -78.44 -39.53
 834.00 -54.62 -30.46
 835.00 -59.15 -57.39
 836.00 -76.01 -33.90
 837.00 -62.57 -32.15
 838.00 -66.49 -40.83
 839.00 -95.51  -1.15
 840.00 -147.24 -11.83
 841.00 -74.91  12.31
 842.00 -94.75 153.18
 843.00 -107.03  66.90
 844.00 -59.90 156.50
 845.00 -44.37  85.27
 846.00 -67.33 -33.83
 847.00 -131.65 -29.85
 848.00 -54.75 100.27
 849.00 -61.74 -28.89
 850.00 -79.12 -23.41
 851.00 -76.83 -35.86
 852.00 -47.86 -45.68
 853.00 -71.95 -54.99
 854.00 -52.62 -51.58
 855.00 -62.88 -40.01
 856.00 -58.39 -43.72
 857.00 -59.44 -45.97
 858.00 -61.42 -45.33
 859.00 -77.60 -35.59
 860.00 -60.08 -32.87
 861.00 -63.43 -38.79
 862.00 -62.17 -41.71
 863.00 -77.51 -40.86
 864.00 -89.72 -13.54
 865.00 -70.89 -15.95
 866.00 -71.20 -29.30
 867.00 -53.84 -44.38
 868.00 -73.74 -36.83
 869.00 -56.69 -54.08
 870.00 -69.91 -34.67
 871.00 -62.84 -46.58
 872.00 -63.58 -40.54
 873.00 -51.80 -41.57
 874.00 -60.71 -48.89
 875.00 -50.53 -49.38
 876.00 -68.69 -51.35
 877.00 -62.22 -36.03
 878.00 -72.26 -34.35
 879.00 -56.93 -40.98
 880.00 -69.28 -41.52
 881.00 -78.64 -36.43
 882.00 -109.38  -8.11
 883.00 -49.25   3.11
 884.00 -70.98 -43.22
 885.00 -70.98 -36.69
 886.00 -98.22 -21.54
 887.00  52.35  -4.95
 888.00 -76.50  21.93
 889.00 -99.11 141.35
 890.00 -129.13 151.35
 891.00 -68.66 132.54
 892.00 -61.33 146.41
 893.00 -60.16 -44.12
 894.00 -73.62 -36.65
 895.00 -65.00 -47.78
 896.00 -62.52 -28.48
 897.00 -60.53 -49.59
 898.00 -64.32 -46.84
 899.00 -70.48 -43.07
 900.00 -106.99 -37.70
 901.00 -93.51 -45.13
 902.00 -51.83 -34.70
 903.00 -54.09 -53.38
 904.00 -74.98 -20.08
 905.00 -70.43 -28.80
 906.00 -67.61 -45.11
 907.00 -82.34 -37.22
 908.00 105.40 -18.47
 909.00 -77.72  -0.04
 910.00 -112.41 -22.48
 911.00 -119.86 133.10
 912.00 -67.00 147.64
 913.00 -96.94 146.94
 914.00 -66.11  88.61
 915.00 -100.49 153.62
 916.00 -112.22 -22.75
 917.00 -94.68 164.73


