 residuo Phi Psi
 669.00 -62.87 115.24
 670.00 -59.29 154.23
 671.00 -135.22 147.49
 672.00 -68.51 -24.83
 673.00 -73.04 -53.05
 674.00 -56.59 -33.53
 675.00 -70.01 -36.26
 676.00 -48.02 -57.99
 677.00 -58.88 -42.35
 678.00 -67.02 -40.82
 679.00 -123.82 -13.84
 680.00 -66.35 -10.83
 681.00 -62.19 109.18
 682.00 -79.06 170.98
 683.00 -62.85 169.81
 684.00 -101.55 139.28
 685.00 -84.02 139.57
 686.00 -96.59 157.36
 687.00  83.93 -20.37
 688.00 -60.67   7.98
 689.00 -84.88 123.35
 690.00 -66.23  88.44
 691.00 -83.39   8.83
 692.00 -94.47 -14.83
 693.00 -80.39 163.72
 694.00 -62.78 160.49
 695.00 -135.43 123.63
 696.00 -58.27 146.26
 697.00 -64.44 -69.91
 698.00 -69.81 -28.73
 699.00 -60.11 -41.11
 700.00 -80.53 -37.88
 701.00 -58.17 -38.03
 702.00 -73.92 -30.49
 703.00 -64.31 -38.03
 704.00 -61.96 -48.55
 705.00 -62.79 -29.13
 706.00 -65.32 -54.97
 707.00 -53.88 -30.74
 708.00 -83.62 -36.21
 709.00 -64.95 -29.15
 710.00 -61.52 -49.51
 711.00 -56.78 -43.97
 712.00 -53.12 -45.06
 713.00 -65.14 -51.04
 714.00 -75.29 -30.67
 715.00 -73.84 -40.46
 716.00 -76.02 -21.91
 717.00 -69.15 -33.74
 718.00 -55.61 -41.94
 719.00 -52.29 -47.77
 720.00 -139.44   3.01
 721.00 -73.68  -4.14
 722.00 -53.92 133.07
 723.00  64.94 124.01
 724.00 -65.10   2.45
 725.00 -75.37 -17.05
 726.00 -59.69 -10.26
 727.00 -71.04 -27.03
 728.00 -77.10 148.11
 729.00 -59.86 142.99
 730.00 -81.62 -15.94
 731.00 -69.85 -26.97
 732.00 -45.76 -50.38
 733.00 -57.71 -54.67
 734.00 -64.94 -43.28
 735.00 -59.04 -51.42
 736.00 -65.53 -28.98
 737.00 -66.66 -46.11
 738.00 -103.04  -9.55
 739.00 -76.19 -42.71
 740.00 -52.47 -24.85
 741.00 -62.85 -44.71
 742.00 -65.37 -60.92
 743.00 -65.08 -35.78
 744.00 -69.85 -45.61
 745.00 -63.03 -35.52
 746.00 -58.02 -41.74
 747.00 -52.34 -51.38
 748.00 -69.01 -45.04
 749.00 -60.44 -35.62
 750.00 -64.65 -42.94
 751.00 -50.03 -47.11
 752.00 -76.57 -36.92
 753.00 -55.41 -47.67
 754.00 -60.66 -62.21
 755.00 -64.07 -81.99
 756.00 -119.06 -35.52
 757.00  56.12  17.44
 758.00  52.36  32.60
 759.00 -67.00   5.83
 760.00 -114.10 -31.73
 761.00 -99.33 169.77
 762.00 -109.11 122.60
 763.00 -60.21  74.35
 764.00 -150.22 -54.43
 765.00 -62.56 166.34
 766.00 -100.27 -16.35
 767.00 -138.83  -3.32
 768.00 -97.95  67.29
 769.00 -104.45 133.93
 770.00 -67.69 111.99
 771.00 -70.25 172.38
 772.00 -75.48  -7.16
 773.00 -64.89 -45.25
 774.00 -52.01 -39.11
 775.00 -61.98 -49.00
 776.00 -57.61 -51.04
 777.00 -64.45 -54.09
 778.00  61.96 -16.11
 779.00 -145.27  55.88
 780.00 -47.52  14.78
 781.00 -61.10 -40.52
 782.00 -76.26 -44.39
 783.00 -66.64 -29.92
 784.00 -65.95 -41.19
 785.00 -57.72 -34.12
 786.00 -58.42 -51.24
 787.00 -60.26 -42.78
 788.00 -66.60 -38.62
 789.00 -66.78 -33.59
 790.00 -68.21 -37.91
 791.00 -55.61 -37.68
 792.00 -61.72 -34.94
 793.00 -62.02 -30.78
 794.00 -62.36 -42.57
 795.00 -62.83 -40.98
 796.00 -69.92 -48.43
 797.00  52.46 -28.58
 798.00 -57.60  48.73
 799.00 -66.01 122.42
 800.00 -42.77 151.59
 801.00 -81.56 -40.53
 802.00 -55.49 -40.87
 803.00 -69.92 -42.90
 804.00 -54.86 -52.00
 805.00 -76.40 -31.99
 806.00 -66.89 -39.90
 807.00 -71.07 -35.19
 808.00 -61.20 -36.58
 809.00 -63.92 -50.01
 810.00 -51.92 -28.98
 811.00 -67.26 -33.23
 812.00 -103.95 -20.89
 813.00 -136.46  35.44
 814.00 -157.52  11.30
 815.00 -137.16 115.71
 816.00 -52.78 158.04
 817.00 -78.38 156.38
 818.00 -68.74 -26.75
 819.00  69.86  -5.44
 820.00 -96.46 -174.85
 821.00 -57.52 155.39
 822.00 -112.08 -34.81
 823.00 -43.28  42.83
 824.00 -71.60 -46.42
 825.00 -63.26 -40.10
 826.00 -70.58 -41.22
 827.00 -70.30 -32.00
 828.00 -71.27 -36.81
 829.00 -65.49 -36.21
 830.00 -57.73 -45.06
 831.00 -67.28 -42.59
 832.00 -62.41 -42.50
 833.00 -72.82 -43.05
 834.00 -57.21 -31.51
 835.00 -53.07 -59.90
 836.00 -69.39 -49.08
 837.00 -67.84 -23.59
 838.00 -62.23 -49.49
 839.00 -52.01 -27.93
 840.00 -102.54 -48.85
 841.00 -38.14 -11.57
 842.00 -81.57 127.57
 843.00 -85.04  52.93
 844.00 -75.90 162.35
 845.00 -41.42  78.44
 846.00 -71.83 -25.35
 847.00 -112.29 -24.47
 848.00 -61.34  98.56
 849.00 -55.10 -11.99
 850.00 -58.08 -52.69
 851.00 -70.49 -37.85
 852.00 -68.77 -39.88
 853.00 -61.84 -35.08
 854.00 -62.32 -47.20
 855.00 -55.93 -42.77
 856.00 -57.77 -53.01
 857.00 -69.14 -45.98
 858.00 -67.36 -46.19
 859.00 -74.54 -37.63
 860.00 -62.54 -28.52
 861.00 -47.83 -55.98
 862.00 -78.25 -32.06
 863.00 -72.49 -32.69
 864.00 -70.76 -32.64
 865.00 -70.78 -20.66
 866.00 -73.72 -24.01
 867.00 -67.64 -37.73
 868.00 -59.19 -35.33
 869.00 -50.55 -50.07
 870.00 -54.50 -45.30
 871.00 -63.89 -48.71
 872.00 -70.92 -33.85
 873.00 -66.51 -36.13
 874.00 -62.59 -40.02
 875.00 -76.53 -30.94
 876.00 -70.48 -45.23
 877.00 -66.48 -33.88
 878.00 -66.14 -45.35
 879.00 -70.06 -29.99
 880.00 -72.95 -38.99
 881.00 -69.29 -42.44
 882.00 -103.63 -18.22
 883.00 -47.84   8.94
 884.00 -65.02 -47.19
 885.00 -80.80 -35.57
 886.00 -67.19 -45.70
 887.00  51.39 -12.19
 888.00 -94.40  37.85
 889.00 -89.07 123.38
 890.00 -118.54 135.60
 891.00 -67.87 128.99
 892.00 -60.61 127.20
 893.00 -72.69 -33.71
 894.00 -71.99 -41.65
 895.00 -65.98 -35.63
 896.00 -59.56 -31.06
 897.00 -49.95 -54.94
 898.00 -68.70 -50.61
 899.00 -89.68 -39.52
 900.00 -129.76  -6.53
 901.00 -103.59 -31.31
 902.00 -49.05 -40.40
 903.00 -51.40 -46.50
 904.00 -71.14 -32.42
 905.00 -85.41 -28.71
 906.00 -72.23 -30.43
 907.00 -97.19 -35.15
 908.00  77.10   6.72
 909.00 -84.28  10.83
 910.00 -119.41 -24.34
 911.00 -156.29 142.93
 912.00 -72.94 161.09
 913.00 -94.45 149.03
 914.00 -87.85  91.13
 915.00 -68.25 152.41
 916.00 -148.14 -34.53
 917.00 -108.14 141.82


