 residuo Phi Psi
 669.00 -72.12 107.05
 670.00 -66.72 152.69
 671.00 -55.07 157.24
 672.00 -72.79 -42.13
 673.00 -66.69 -46.81
 674.00 -66.98 -34.78
 675.00 -73.12 -33.31
 676.00 -58.03 -47.25
 677.00 -76.63 -35.59
 678.00 -58.96 -46.08
 679.00 -74.97 -40.35
 680.00 -76.20   7.11
 681.00 -60.33 118.14
 682.00 -71.96 146.64
 683.00 -64.55 176.17
 684.00 -147.14 150.22
 685.00 -93.09 125.45
 686.00 -100.03 158.47
 687.00  74.90  -9.51
 688.00 -78.43  10.65
 689.00 -85.33 118.94
 690.00 -72.57 111.72
 691.00 -76.17 -14.38
 692.00 -130.36  16.83
 693.00 -65.76 138.64
 694.00 -66.52 142.29
 695.00 -143.75 130.99
 696.00 -63.85 168.35
 697.00 -70.69 -35.33
 698.00 -75.49 -42.11
 699.00 -62.68 -47.71
 700.00 -72.19 -51.72
 701.00 -71.48 -23.79
 702.00 -66.45 -47.20
 703.00 -64.40 -34.14
 704.00 -75.02 -37.41
 705.00 -46.10 -46.24
 706.00 -59.56 -48.28
 707.00 -51.41 -34.78
 708.00 -71.16 -41.67
 709.00 -64.80 -44.44
 710.00 -71.54 -36.60
 711.00 -54.95 -43.95
 712.00 -56.92 -40.60
 713.00 -53.80 -53.54
 714.00 -63.13 -60.23
 715.00 -70.11 -29.88
 716.00 -60.72 -43.92
 717.00 -65.39 -37.76
 718.00 -61.54 -42.63
 719.00 -63.75 -36.94
 720.00 -117.91 -12.00
 721.00 -69.65 -10.01
 722.00 -54.06 117.36
 723.00  76.87 139.36
 724.00 -60.29 -13.95
 725.00 -71.60 -23.00
 726.00 -64.34 -10.50
 727.00 -91.11 -11.39
 728.00 -84.05 155.11
 729.00 -59.47 156.01
 730.00 -63.75 -28.80
 731.00 -64.85 -51.94
 732.00 -69.20 -29.20
 733.00 -61.12 -49.45
 734.00 -58.85 -29.97
 735.00 -61.94 -69.99
 736.00 -53.52 -30.19
 737.00 -62.11 -63.75
 738.00 -86.65 -26.16
 739.00 -87.50 -31.05
 740.00 -61.11  -9.94
 741.00 -67.54 -42.02
 742.00 -58.35 -44.28
 743.00 -63.29 -50.97
 744.00 -71.66 -46.10
 745.00 -63.23 -39.06
 746.00 -54.65 -52.14
 747.00 -67.53 -44.90
 748.00 -59.74 -34.03
 749.00 -61.68 -45.59
 750.00 -66.56 -35.31
 751.00 -56.23 -51.85
 752.00 -69.69 -41.31
 753.00 -72.67 -33.40
 754.00 -81.49 -41.31
 755.00 -71.30 -47.63
 756.00 -155.75 -33.02
 757.00  65.74  36.79
 758.00  52.86  21.06
 759.00 -65.79  10.30
 760.00 -129.54 -33.50
 761.00 -82.73 157.32
 762.00 -98.40 115.47
 763.00 -61.84  67.43
 764.00 -142.71 -46.99
 765.00 -55.84 162.63
 766.00 -97.92 -25.55
 767.00 -92.62 -51.13
 768.00 -82.82  74.62
 769.00 -82.05 126.87
 770.00 -112.58 111.52
 771.00 -55.66 168.71
 772.00 -58.50 -38.37
 773.00 -70.77 -47.39
 774.00 -53.90 -31.74
 775.00 -81.31 -42.79
 776.00 -65.77 -39.75
 777.00 -88.70 -15.31
 778.00  43.48  -8.14
 779.00 -131.59  47.93
 780.00 -57.19  14.81
 781.00 -62.72 -48.46
 782.00 -62.04 -38.77
 783.00 -53.91 -46.73
 784.00 -60.25 -41.80
 785.00 -53.08 -49.96
 786.00 -50.02 -50.02
 787.00 -62.52 -52.19
 788.00 -63.85 -37.77
 789.00 -65.89 -36.82
 790.00 -79.26 -33.06
 791.00 -61.89 -45.96
 792.00 -72.55 -24.21
 793.00 -59.76 -24.98
 794.00 -80.17 -31.70
 795.00 -66.85 -27.92
 796.00 -109.51 -27.16
 797.00  58.16 -17.72
 798.00 -68.78  61.91
 799.00 -86.11 135.72
 800.00 -63.57 158.31
 801.00 -73.20 -26.44
 802.00 -72.55 -37.13
 803.00 -48.74 -49.16
 804.00 -69.66 -52.35
 805.00 -69.57 -29.24
 806.00 -58.67 -48.95
 807.00 -68.55 -41.61
 808.00 -61.14 -33.69
 809.00 -60.00 -59.35
 810.00 -61.29 -19.32
 811.00 -68.20 -46.83
 812.00 -92.43 -21.08
 813.00 -130.73  23.59
 814.00 -154.89  27.22
 815.00 -142.49 111.11
 816.00 -57.12 161.42
 817.00 -77.20 152.39
 818.00 -77.49 -20.10
 819.00  68.69   4.39
 820.00 -71.88 166.74
 821.00 -67.29 170.52
 822.00 -102.05 -36.93
 823.00 -63.69  39.54
 824.00 -57.02 -31.79
 825.00 -81.22 -34.00
 826.00 -67.03 -29.93
 827.00 -66.99 -53.07
 828.00 -53.32 -26.67
 829.00 -69.24 -60.66
 830.00 -49.65 -44.55
 831.00 -68.78 -50.81
 832.00 -76.32 -31.71
 833.00 -63.46 -31.26
 834.00 -59.81 -42.44
 835.00 -73.83 -39.65
 836.00 -79.24 -15.99
 837.00 -56.64 -46.78
 838.00 -61.13 -35.36
 839.00 -74.61 -40.13
 840.00 -75.68 -58.85
 841.00 -49.30  -9.74
 842.00 -83.90 135.75
 843.00 -75.57  19.25
 844.00 -74.51 152.77
 845.00 -59.89 119.18
 846.00 -67.12 -18.04
 847.00 -116.51  -6.62
 848.00 -67.03  61.87
 849.00 -68.60 -26.04
 850.00 -50.21 -44.78
 851.00 -67.54 -39.34
 852.00 -72.16 -45.46
 853.00 -71.50 -29.97
 854.00 -59.97 -49.05
 855.00 -50.31 -50.23
 856.00 -62.46 -44.28
 857.00 -72.98 -38.11
 858.00 -71.29 -26.61
 859.00 -77.55 -35.95
 860.00 -55.49 -36.32
 861.00 -48.62 -43.37
 862.00 -78.54 -47.76
 863.00 -61.08 -38.20
 864.00 -85.48 -23.16
 865.00 -83.42 -10.44
 866.00 -65.68 -26.29
 867.00 -58.35 -50.79
 868.00 -81.83 -16.39
 869.00 -58.47 -49.74
 870.00 -59.07 -32.24
 871.00 -67.86 -45.25
 872.00 -64.71 -43.34
 873.00 -55.12 -41.40
 874.00 -72.33 -43.26
 875.00 -57.76 -38.49
 876.00 -74.74 -39.91
 877.00 -60.11 -32.85
 878.00 -69.17 -43.06
 879.00 -64.37 -42.62
 880.00 -64.48 -32.58
 881.00 -58.92 -48.22
 882.00 -87.08 -42.65
 883.00 -47.98 -11.12
 884.00 -57.12 -49.04
 885.00 -66.76 -39.20
 886.00 -98.24 -36.32
 887.00  59.72  13.77
 888.00 -103.93  32.88
 889.00 -90.14 131.37
 890.00 -120.71 132.75
 891.00 -69.28 130.65
 892.00 -52.11 131.49
 893.00 -63.96 -39.81
 894.00 -73.69 -32.47
 895.00 -79.60 -43.52
 896.00 -64.82 -29.31
 897.00 -69.41 -41.45
 898.00 -68.64 -29.57
 899.00 -81.48 -37.48
 900.00 -113.68 -33.17
 901.00 -87.82 -44.39
 902.00 -55.99 -52.45
 903.00 -49.96 -39.24
 904.00 -63.60 -36.26
 905.00 -78.46 -39.85
 906.00 -81.05 -35.14
 907.00 -92.09 -39.63
 908.00  83.22  23.70
 909.00 -71.10  -4.58
 910.00 -136.99 -18.04
 911.00 -148.58 135.30
 912.00 -61.80 151.00
 913.00 -97.62 159.34
 914.00 -63.05  80.52
 915.00 -84.12 115.98
 916.00 -83.48 -37.40
 917.00 -96.01  11.67


