 residuo Phi Psi
 669.00 -131.81 141.51
 670.00 -58.71 159.75
 671.00 -57.65 163.67
 672.00 -72.20 -52.32
 673.00 -58.26 -50.29
 674.00 -59.35 -31.35
 675.00 -72.62 -25.56
 676.00 -59.22 -53.66
 677.00 -69.14 -35.94
 678.00 -69.93 -36.75
 679.00 -81.94 -44.76
 680.00 -56.96 -17.61
 681.00 -73.62 124.53
 682.00 -42.17 154.42
 683.00 -91.44 154.07
 684.00 -88.82 111.32
 685.00 -85.28 149.04
 686.00 -76.03 151.75
 687.00  59.22 -10.26
 688.00 -81.81  35.27
 689.00 -92.59 136.80
 690.00 -57.90  92.22
 691.00 -69.71 -23.67
 692.00 -95.66  -7.78
 693.00 -73.14 156.11
 694.00 -76.05 151.87
 695.00 -149.33 144.40
 696.00 -47.69 173.34
 697.00 -67.40 -78.58
 698.00 -71.94 -24.28
 699.00 -68.26 -45.10
 700.00 -66.56 -42.33
 701.00 -64.21 -33.11
 702.00 -66.36 -49.86
 703.00 -78.70 -23.39
 704.00 -61.08 -35.92
 705.00 -63.61 -42.88
 706.00 -61.72 -44.20
 707.00 -46.48 -41.97
 708.00 -72.72 -52.99
 709.00 -66.41 -30.61
 710.00 -65.90 -52.04
 711.00 -60.81 -31.46
 712.00 -61.96 -40.64
 713.00 -67.67 -37.76
 714.00 -71.27 -22.77
 715.00 -74.61 -37.24
 716.00 -56.32 -36.08
 717.00 -78.41 -44.56
 718.00 -67.74 -43.38
 719.00 -57.14 -38.66
 720.00 -113.86 -15.11
 721.00 -66.99  -9.80
 722.00 -63.86 118.46
 723.00  85.27 143.77
 724.00 -68.08 -16.85
 725.00 -74.86 -14.55
 726.00 -67.17 -17.05
 727.00 -66.31 -32.17
 728.00 -62.87 129.97
 729.00 -61.88 153.67
 730.00 -58.32 -29.27
 731.00 -77.91 -33.61
 732.00 -53.46 -46.55
 733.00 -71.68 -44.36
 734.00 -61.61 -27.85
 735.00 -58.88 -60.56
 736.00 -57.52 -45.58
 737.00 -64.27 -52.77
 738.00 -88.48 -32.07
 739.00 -108.22 -16.96
 740.00 -53.59 -16.98
 741.00 -63.83 -48.91
 742.00 -65.40 -33.72
 743.00 -64.02 -42.09
 744.00 -70.94 -35.38
 745.00 -45.41 -55.45
 746.00 -65.27 -43.54
 747.00 -76.62 -48.80
 748.00 -55.74 -40.63
 749.00 -62.72 -46.24
 750.00 -59.68 -41.98
 751.00 -67.89 -48.02
 752.00 -63.46 -41.20
 753.00 -67.71 -24.81
 754.00 -59.67 -63.82
 755.00 -103.64 -25.80
 756.00 -141.98 -29.98
 757.00  54.52  25.38
 758.00  57.26  34.65
 759.00 -63.43  -5.29
 760.00 -146.73 -16.88
 761.00 -94.75 155.57
 762.00 -72.18 106.25
 763.00 -47.40  51.43
 764.00 -149.92 -49.30
 765.00 -54.39 147.84
 766.00 -89.16 -18.26
 767.00 -72.45 -62.24
 768.00 -67.48  45.02
 769.00 -106.40 142.04
 770.00 -69.53 108.98
 771.00 -71.26 173.59
 772.00 -80.95 -13.13
 773.00 -56.58 -45.29
 774.00 -57.58 -37.41
 775.00 -77.68 -36.06
 776.00 -68.18 -40.22
 777.00 -87.57 -34.64
 778.00  67.74 -15.69
 779.00 -122.05  28.83
 780.00 -56.39  23.88
 781.00 -52.37 -55.51
 782.00 -67.07 -44.39
 783.00 -56.92 -48.59
 784.00 -70.45 -33.46
 785.00 -62.46 -35.79
 786.00 -87.16 -30.72
 787.00 -72.23 -26.46
 788.00 -68.20 -29.34
 789.00 -60.86 -51.00
 790.00 -80.25 -36.47
 791.00 -67.00 -30.84
 792.00 -57.93 -27.62
 793.00 -61.72 -40.43
 794.00 -81.96 -42.12
 795.00 -72.13 -23.93
 796.00 -71.28 -50.17
 797.00  49.84  -7.61
 798.00 -75.69  71.90
 799.00 -86.19 129.41
 800.00 -60.30 147.48
 801.00 -72.59 -20.45
 802.00 -70.58 -40.53
 803.00 -37.61 -43.52
 804.00 -53.68 -65.54
 805.00 -74.73 -40.70
 806.00 -75.28 -33.65
 807.00 -68.58 -32.51
 808.00 -63.96 -39.85
 809.00 -57.41 -48.11
 810.00 -59.39 -32.59
 811.00 -80.19 -19.54
 812.00 -110.74 -12.93
 813.00 -137.40  39.74
 814.00 -141.20   0.84
 815.00 -139.43 124.74
 816.00 -65.84 154.02
 817.00 -84.11 147.05
 818.00 -78.17 -18.08
 819.00  67.47   3.26
 820.00 -64.76 167.70
 821.00 -79.53 174.85
 822.00 -77.80 -40.04
 823.00 -82.42  38.40
 824.00 -66.33 -26.82
 825.00 -66.46 -41.81
 826.00 -60.87 -37.30
 827.00 -62.03 -46.87
 828.00 -57.09 -44.18
 829.00 -64.10 -46.53
 830.00 -41.70 -52.01
 831.00 -68.63 -56.69
 832.00 -66.63 -33.83
 833.00 -69.94 -42.72
 834.00 -54.90 -35.06
 835.00 -71.52 -43.74
 836.00 -74.31 -27.62
 837.00 -63.13 -39.40
 838.00 -64.54 -41.60
 839.00 -76.22 -22.92
 840.00 -98.58 -47.03
 841.00 -52.06   0.98
 842.00 -90.75 131.46
 843.00 -60.12  20.59
 844.00 -68.92 164.47
 845.00 -54.50  83.90
 846.00 -67.37 -24.06
 847.00 -125.96  -9.97
 848.00 -56.90  88.90
 849.00 -64.55 -28.92
 850.00 -85.04 -27.90
 851.00 -68.11 -36.56
 852.00 -68.07 -38.79
 853.00 -76.33 -20.70
 854.00 -54.44 -49.70
 855.00 -70.28 -41.49
 856.00 -60.87 -33.18
 857.00 -63.46 -47.89
 858.00 -65.45 -39.74
 859.00 -65.91 -37.31
 860.00 -74.82 -39.25
 861.00 -68.38 -29.93
 862.00 -54.20 -40.06
 863.00 -54.36 -58.08
 864.00 -64.07 -36.20
 865.00 -69.46 -11.45
 866.00 -55.15 -61.11
 867.00 -72.57 -33.93
 868.00 -67.78 -39.94
 869.00 -58.76 -45.62
 870.00 -57.60 -39.46
 871.00 -50.97 -55.35
 872.00 -92.68 -31.93
 873.00 -63.17 -31.36
 874.00 -53.78 -45.29
 875.00 -63.42 -45.77
 876.00 -70.13 -45.53
 877.00 -65.76 -33.10
 878.00 -71.66 -43.39
 879.00 -86.04 -11.18
 880.00 -42.49 -56.95
 881.00 -56.45 -44.88
 882.00 -130.83 -16.43
 883.00 -59.86  18.86
 884.00 -78.80 -36.81
 885.00 -59.86 -26.84
 886.00 -98.48 -43.35
 887.00  49.22  12.72
 888.00 -95.61  44.27
 889.00 -96.07 141.36
 890.00 -130.92 141.70
 891.00 -71.25 120.89
 892.00 -54.91 128.87
 893.00 -63.99 -41.39
 894.00 -72.54 -45.99
 895.00 -54.96 -41.22
 896.00 -70.59 -34.77
 897.00 -71.77 -23.85
 898.00 -64.48 -44.63
 899.00 -86.92 -31.49
 900.00 -108.03 -41.71
 901.00 -77.45 -51.21
 902.00 -55.02 -36.89
 903.00 -56.73 -49.77
 904.00 -71.36 -23.56
 905.00 -64.33 -33.10
 906.00 -62.62 -55.38
 907.00 -78.58 -39.87
 908.00  92.16 -14.47
 909.00 -71.07   4.18
 910.00 -136.45 -16.65
 911.00 -134.44 126.61
 912.00 -73.95 139.78
 913.00 -103.34 160.65
 914.00 -76.33  87.73
 915.00 -86.88 139.32
 916.00 -87.03 -45.57
 917.00 -65.32 -41.63


