 residuo Phi Psi
 669.00 -81.42 161.40
 670.00 -64.91 132.10
 671.00 -122.08 144.34
 672.00 -64.68 -17.95
 673.00 -64.68 -45.68
 674.00 -62.86 -36.05
 675.00 -77.98 -30.66
 676.00 -58.44 -46.74
 677.00 -66.87 -41.91
 678.00 -60.92 -43.74
 679.00 -84.27 -44.75
 680.00 -57.88  -7.42
 681.00 -70.88 128.40
 682.00 -66.73 143.91
 683.00 -79.26 173.16
 684.00 -69.48 104.90
 685.00 -117.48 146.07
 686.00 -86.52 149.55
 687.00  82.91 -17.16
 688.00 -63.31  18.49
 689.00 -128.70 145.03
 690.00 -54.22 146.01
 691.00 -72.34 -24.12
 692.00 -74.93 -22.07
 693.00 -91.96 151.44
 694.00 -97.90 166.45
 695.00 -83.37  55.57
 696.00 -61.64 167.15
 697.00 -59.40 -38.58
 698.00 -61.35 -66.77
 699.00 -65.45 -34.57
 700.00 -73.58 -58.12
 701.00 -59.30 -41.12
 702.00 -81.42 -27.98
 703.00 -67.82 -28.23
 704.00 -59.68 -37.42
 705.00 -67.26 -41.36
 706.00 -48.03 -52.85
 707.00 -54.31 -46.35
 708.00 -67.68 -43.73
 709.00 -64.63 -41.10
 710.00 -65.24 -39.67
 711.00 -64.79 -35.26
 712.00 -57.00 -43.84
 713.00 -67.98 -46.26
 714.00 -65.48 -26.74
 715.00 -63.39 -44.01
 716.00 -75.27 -32.40
 717.00 -66.55 -45.11
 718.00 -66.43 -37.34
 719.00 -56.48 -44.49
 720.00 -92.17 -31.46
 721.00 -61.87 -18.91
 722.00 -51.05 110.09
 723.00  88.55 143.12
 724.00 -58.23 -30.17
 725.00 -68.96 -27.56
 726.00 -82.23  -4.49
 727.00 -73.64 -11.63
 728.00 -69.90 153.64
 729.00 -61.50 155.45
 730.00 -70.39 -37.71
 731.00 -64.37 -39.22
 732.00 -70.91 -31.68
 733.00 -62.28 -50.07
 734.00 -55.03 -29.86
 735.00 -70.54 -58.75
 736.00 -64.34 -28.61
 737.00 -77.38 -51.09
 738.00 -82.20 -15.06
 739.00 -88.28 -39.94
 740.00 -43.95 -16.52
 741.00 -65.99 -53.10
 742.00 -59.41 -48.78
 743.00 -59.02 -50.86
 744.00 -69.57 -46.89
 745.00 -73.96 -38.69
 746.00 -65.04 -36.27
 747.00 -70.44 -34.47
 748.00 -78.18 -32.06
 749.00 -61.90 -37.69
 750.00 -59.93 -41.41
 751.00 -54.81 -49.06
 752.00 -67.56 -47.09
 753.00 -64.43 -31.39
 754.00 -82.34 -57.05
 755.00 -116.58  -9.93
 756.00 -146.57 -21.38
 757.00  53.54  30.18
 758.00  62.14  37.21
 759.00 -68.36 -18.15
 760.00 -91.32 -38.54
 761.00 -111.06 171.82
 762.00 -116.65 121.82
 763.00 -58.82  72.63
 764.00 -137.09 -54.35
 765.00 -71.48 172.80
 766.00 -99.25 -25.22
 767.00 -140.49 -12.13
 768.00 -96.62  90.79
 769.00 -102.76 138.62
 770.00 -85.14 118.39
 771.00 -54.28 170.12
 772.00 -51.46 -40.09
 773.00 -56.76 -53.49
 774.00 -60.77 -33.97
 775.00 -63.93 -44.55
 776.00 -60.29 -54.93
 777.00 -74.48 -39.59
 778.00  51.44  -4.38
 779.00 -143.74  45.72
 780.00 -45.05  39.05
 781.00 -61.75 -52.51
 782.00 -65.13 -36.90
 783.00 -65.24 -41.80
 784.00 -63.10 -29.82
 785.00 -59.15 -51.83
 786.00 -51.78 -46.66
 787.00 -69.64 -50.41
 788.00 -70.86 -24.14
 789.00 -64.68 -28.18
 790.00 -73.66 -44.24
 791.00 -74.96 -21.50
 792.00 -80.87 -21.03
 793.00 -56.39 -29.87
 794.00 -76.93 -48.16
 795.00 -75.12 -23.95
 796.00 -99.53 -25.58
 797.00  50.28  -4.83
 798.00 -80.35  65.84
 799.00 -75.56 128.00
 800.00 -61.83 151.74
 801.00 -58.65 -33.01
 802.00 -59.42 -47.57
 803.00 -64.28 -38.32
 804.00 -51.25 -48.88
 805.00 -70.08 -49.90
 806.00 -63.06 -50.37
 807.00 -72.63 -28.13
 808.00 -55.98 -43.34
 809.00 -63.87 -46.39
 810.00 -64.72 -31.52
 811.00 -73.13 -22.05
 812.00 -134.01  -0.81
 813.00 -108.38  30.94
 814.00 -112.36 -27.72
 815.00 -149.88 132.49
 816.00 -67.33 164.55
 817.00 -55.54 160.13
 818.00 -71.59 -43.37
 819.00  91.09 -14.08
 820.00 -77.29 162.67
 821.00 -71.73 155.98
 822.00 -127.88 -13.57
 823.00 -49.42  45.78
 824.00 -67.33 -21.35
 825.00 -77.30 -40.46
 826.00 -44.17 -39.71
 827.00 -60.45 -63.43
 828.00 -81.10 -23.72
 829.00 -84.66 -30.55
 830.00 -60.53 -30.30
 831.00 -55.40 -43.91
 832.00 -62.62 -48.46
 833.00 -63.44 -45.70
 834.00 -84.07 -25.53
 835.00 -63.30 -47.89
 836.00 -81.95 -36.56
 837.00 -62.14 -20.84
 838.00 -57.16 -61.58
 839.00 -56.75 -29.15
 840.00 -125.82 -22.51
 841.00 -52.84   9.69
 842.00 -83.22 141.33
 843.00 -156.49  91.67
 844.00 -83.84 158.86
 845.00 -66.39  98.09
 846.00 -61.70 -27.90
 847.00 -123.01 -17.57
 848.00 -52.54  80.28
 849.00 -61.08 -28.72
 850.00 -54.58 -38.10
 851.00 -88.52 -29.36
 852.00 -67.50 -25.14
 853.00 -84.28 -34.52
 854.00 -67.44 -41.69
 855.00 -58.18 -47.37
 856.00 -58.00 -40.11
 857.00 -64.95 -48.72
 858.00 -70.55 -39.24
 859.00 -56.45 -43.59
 860.00 -53.67 -46.22
 861.00 -67.20 -38.13
 862.00 -55.17 -44.82
 863.00 -63.95 -45.32
 864.00 -71.27 -35.41
 865.00 -68.38 -25.90
 866.00 -57.61 -25.83
 867.00 -56.44 -62.29
 868.00 -66.32 -29.56
 869.00 -69.44 -46.58
 870.00 -48.46 -47.75
 871.00 -70.10 -35.94
 872.00 -69.72 -45.13
 873.00 -60.31 -27.68
 874.00 -67.58 -46.51
 875.00 -69.29 -29.36
 876.00 -58.46 -58.51
 877.00 -66.13 -33.30
 878.00 -72.81 -36.71
 879.00 -71.35 -33.96
 880.00 -61.08 -41.94
 881.00 -63.98 -44.86
 882.00 -85.25 -36.03
 883.00 -42.20  -9.03
 884.00 -67.65 -56.54
 885.00 -60.37 -46.39
 886.00 -69.36 -40.49
 887.00  66.62 -14.85
 888.00 -80.32  32.82
 889.00 -112.90 142.03
 890.00 -126.88 142.31
 891.00 -63.65 124.19
 892.00 -54.07 146.80
 893.00 -67.60 -43.76
 894.00 -75.27 -32.26
 895.00 -53.61 -43.81
 896.00 -66.66 -43.56
 897.00 -51.69 -50.68
 898.00 -70.08 -49.49
 899.00 -102.94 -29.38
 900.00 -142.74  -1.46
 901.00 -101.49 -38.10
 902.00 -59.41 -51.69
 903.00 -61.45 -37.06
 904.00 -78.78 -13.58
 905.00 -62.87 -27.50
 906.00 -71.93 -47.39
 907.00 -82.73 -18.40
 908.00  73.53  -8.75
 909.00 -82.52  12.82
 910.00 -123.62 -20.98
 911.00 -156.53 144.88
 912.00 -63.07 134.89
 913.00 -89.25 159.32
 914.00 -67.62 102.22
 915.00 -74.03 127.30
 916.00 -142.36 -15.77
 917.00 -67.50  76.34


