 residuo Phi Psi
 669.00 -73.88 110.30
 670.00 -79.08 142.20
 671.00 -137.58 126.53
 672.00 -45.78  -9.89
 673.00 -73.35 -42.76
 674.00 -75.36 -30.41
 675.00 -67.60 -32.67
 676.00 -63.46 -48.63
 677.00 -63.81 -34.75
 678.00 -75.90 -40.59
 679.00 -102.28 -24.33
 680.00 -57.25  -5.19
 681.00 -76.70 122.87
 682.00 -72.14 138.28
 683.00 -63.97 178.86
 684.00 -112.50 130.26
 685.00 -77.90 112.30
 686.00 -80.75 138.47
 687.00  87.84 -10.32
 688.00 -87.32  16.40
 689.00 -68.12 112.19
 690.00 -70.52 116.48
 691.00 -65.29 -30.31
 692.00 -85.42 -16.77
 693.00 -72.71 154.85
 694.00 -62.93 139.93
 695.00 -158.24 130.35
 696.00 -55.54 149.19
 697.00 -56.23 -64.80
 698.00 -87.58 -33.30
 699.00 -62.59 -31.78
 700.00 -58.62 -57.08
 701.00 -51.70 -51.79
 702.00 -71.16 -47.68
 703.00 -67.89 -29.67
 704.00 -60.78 -41.66
 705.00 -64.42 -42.49
 706.00 -66.34 -41.67
 707.00 -55.32 -36.39
 708.00 -58.16 -49.00
 709.00 -63.06 -49.73
 710.00 -63.27 -34.84
 711.00 -50.03 -56.48
 712.00 -51.03 -45.82
 713.00 -92.37 -35.60
 714.00 -45.72 -39.15
 715.00 -60.87 -48.60
 716.00 -66.00 -40.27
 717.00 -60.86 -43.50
 718.00 -63.70 -43.36
 719.00 -59.71 -46.34
 720.00 -87.35 -26.12
 721.00 -66.18  -3.46
 722.00 -56.53 134.25
 723.00  92.31 118.14
 724.00 -43.98 -19.48
 725.00 -68.52 -32.27
 726.00 -72.03 -15.86
 727.00 -85.61  -7.21
 728.00 -84.15 172.36
 729.00 -54.92 141.02
 730.00 -67.39 -32.39
 731.00 -76.37 -36.42
 732.00 -60.00 -25.75
 733.00 -65.37 -42.89
 734.00 -60.68 -40.02
 735.00 -66.75 -65.12
 736.00 -62.26 -40.99
 737.00 -77.62 -19.51
 738.00 -63.65 -52.90
 739.00 -75.49 -35.82
 740.00 -54.53  -8.02
 741.00 -54.62 -64.83
 742.00 -60.57 -65.12
 743.00 -65.65 -31.70
 744.00 -59.50 -47.13
 745.00 -68.82 -35.88
 746.00 -68.85 -39.26
 747.00 -58.78 -45.83
 748.00 -66.92 -49.10
 749.00 -70.16 -33.56
 750.00 -75.08 -34.33
 751.00 -65.21 -44.32
 752.00 -68.43 -35.51
 753.00 -69.04 -27.48
 754.00 -68.35 -52.04
 755.00 -85.27 -40.31
 756.00 -146.44 -30.93
 757.00  50.19  25.57
 758.00  58.03  48.33
 759.00 -46.24 -20.62
 760.00 -103.74 -51.97
 761.00 -100.42 156.31
 762.00 -78.96  94.94
 763.00 -50.07  58.69
 764.00 -149.45 -64.05
 765.00 -51.39 156.30
 766.00 -89.30 -33.48
 767.00 -130.14  -4.11
 768.00 -76.03  30.12
 769.00 -89.03 120.07
 770.00 -70.10 107.40
 771.00 -69.15 176.05
 772.00 -62.68 -32.06
 773.00 -70.09 -31.42
 774.00 -55.65 -42.53
 775.00 -63.95 -37.67
 776.00 -74.82 -40.23
 777.00 -70.09 -12.27
 778.00  59.81 -20.92
 779.00 -135.11  19.82
 780.00 -50.08  38.86
 781.00 -59.06 -44.03
 782.00 -65.91 -48.04
 783.00 -56.83 -36.01
 784.00 -68.78 -44.23
 785.00 -66.08 -31.48
 786.00 -66.65 -34.94
 787.00 -48.93 -45.39
 788.00 -55.68 -52.60
 789.00 -52.96 -46.14
 790.00 -76.43 -50.40
 791.00 -71.99 -27.18
 792.00 -78.00 -16.69
 793.00 -55.93 -34.15
 794.00 -69.46 -49.23
 795.00 -73.45 -41.11
 796.00 -77.83 -32.27
 797.00  59.48 -24.44
 798.00 -58.76  62.29
 799.00 -97.07 142.55
 800.00 -55.74 157.43
 801.00 -60.23 -36.50
 802.00 -69.30 -42.09
 803.00 -55.85 -37.91
 804.00 -56.17 -56.65
 805.00 -71.27 -34.16
 806.00 -75.66 -34.65
 807.00 -58.67 -41.21
 808.00 -52.68 -46.87
 809.00 -75.59 -40.26
 810.00 -66.33 -24.95
 811.00 -58.14 -30.71
 812.00 -116.94 -20.08
 813.00 -140.19  43.05
 814.00 -130.89  -3.85
 815.00 -139.30 124.70
 816.00 -55.46 165.67
 817.00 -63.98 155.91
 818.00 -71.52 -43.81
 819.00  82.74 -15.08
 820.00 -74.22 178.72
 821.00 -64.05 173.93
 822.00 -89.50 -48.88
 823.00 -55.90  32.24
 824.00 -54.65 -41.16
 825.00 -59.31 -47.94
 826.00 -67.16 -49.81
 827.00 -56.51 -43.97
 828.00 -65.27 -42.60
 829.00 -71.12 -34.86
 830.00 -54.65 -51.90
 831.00 -67.02 -40.89
 832.00 -67.25 -40.45
 833.00 -59.86 -41.63
 834.00 -74.40 -29.04
 835.00 -64.82 -38.04
 836.00 -62.44 -44.69
 837.00 -68.42 -30.60
 838.00 -57.70 -53.26
 839.00 -63.76 -18.52
 840.00 -126.36 -35.60
 841.00 -65.57   9.10
 842.00 -74.89 140.15
 843.00 -149.96  89.36
 844.00 -77.21 160.17
 845.00 -52.97 104.24
 846.00 -70.47 -29.85
 847.00 -143.79  -0.39
 848.00 -39.72  62.22
 849.00 -55.30 -30.17
 850.00 -66.70 -40.52
 851.00 -82.24 -23.18
 852.00 -61.85 -49.80
 853.00 -60.55 -36.25
 854.00 -70.83 -42.73
 855.00 -57.67 -45.36
 856.00 -49.68 -50.74
 857.00 -58.13 -51.86
 858.00 -81.51 -36.95
 859.00 -60.04 -35.07
 860.00 -63.63 -39.21
 861.00 -76.23 -34.62
 862.00 -52.80 -38.63
 863.00 -58.75 -51.31
 864.00 -78.89 -28.87
 865.00 -60.19 -26.22
 866.00 -75.50 -44.14
 867.00 -70.69 -25.15
 868.00 -83.45 -29.38
 869.00 -58.89 -40.97
 870.00 -53.37 -37.48
 871.00 -66.99 -42.99
 872.00 -61.55 -49.15
 873.00 -64.40 -36.97
 874.00 -62.32 -49.82
 875.00 -65.40 -43.68
 876.00 -62.71 -44.98
 877.00 -60.12 -46.09
 878.00 -68.43 -37.75
 879.00 -56.39 -37.21
 880.00 -66.53 -48.26
 881.00 -68.79 -30.81
 882.00 -141.85  -6.05
 883.00 -58.22  17.69
 884.00 -59.36 -33.16
 885.00 -88.46 -33.95
 886.00 -76.92 -38.33
 887.00  47.12   6.81
 888.00 -87.41  34.95
 889.00 -93.91 146.19
 890.00 -129.62 142.00
 891.00 -67.10 141.05
 892.00 -55.53 147.16
 893.00 -72.84 -44.68
 894.00 -79.40 -34.13
 895.00 -61.22 -32.59
 896.00 -57.52 -37.72
 897.00 -58.63 -53.83
 898.00 -66.45 -53.26
 899.00 -80.54 -31.62
 900.00 -136.51 -17.51
 901.00 -79.30 -39.19
 902.00 -55.13 -42.11
 903.00 -53.49 -50.48
 904.00 -78.71 -23.63
 905.00 -56.72 -34.47
 906.00 -53.20 -64.65
 907.00 -88.20 -35.92
 908.00  79.48  -4.35
 909.00 -69.05  18.74
 910.00 -139.27 -11.34
 911.00 -150.33 138.78
 912.00 -66.56 145.63
 913.00 -85.74 150.60
 914.00 -127.93 138.71
 915.00 -103.00 153.34
 916.00 -89.53 -38.55
 917.00 -145.50 143.06


