 residuo Phi Psi
 669.00 -67.18 154.62
 670.00 -70.19 137.57
 671.00 -161.83 153.19
 672.00 -71.35 -22.08
 673.00 -60.22 -52.59
 674.00 -76.86 -36.82
 675.00 -65.49 -21.36
 676.00 -61.90 -51.43
 677.00 -58.60 -39.81
 678.00 -75.93 -37.51
 679.00 -74.55 -43.29
 680.00 -54.58  -9.97
 681.00 -61.37 114.07
 682.00 -68.77 149.95
 683.00 -63.12 -177.82
 684.00 -98.55 126.76
 685.00 -102.74 130.75
 686.00 -71.28 155.46
 687.00  86.53 -19.85
 688.00 -62.40  20.69
 689.00 -138.39 166.56
 690.00 -54.06 128.52
 691.00 -86.70 -19.05
 692.00 -56.60 -14.19
 693.00 -79.85 140.50
 694.00 -80.43 147.94
 695.00 -83.81  56.35
 696.00 -57.92 157.79
 697.00 -64.05 -33.64
 698.00 -79.22 -44.86
 699.00 -58.24 -47.67
 700.00 -74.47 -48.79
 701.00 -56.22 -36.07
 702.00 -70.80 -44.72
 703.00 -67.70 -37.20
 704.00 -68.00 -42.33
 705.00 -59.45 -35.39
 706.00 -61.18 -41.04
 707.00 -65.72 -39.11
 708.00 -53.02 -43.58
 709.00 -64.35 -51.96
 710.00 -75.28 -32.46
 711.00 -55.35 -41.09
 712.00 -58.70 -40.51
 713.00 -72.38 -43.26
 714.00 -63.61 -31.95
 715.00 -64.74 -44.09
 716.00 -59.26 -38.51
 717.00 -74.67 -39.45
 718.00 -55.32 -39.84
 719.00 -75.03 -39.13
 720.00 -100.85 -24.33
 721.00 -66.35  -0.64
 722.00 -54.62 136.95
 723.00  93.53 120.61
 724.00 -67.18 -24.95
 725.00 -69.00 -24.35
 726.00 -57.75 -20.20
 727.00 -68.28 -29.12
 728.00 -77.21 159.95
 729.00 -66.91 154.07
 730.00 -74.04 -28.78
 731.00 -81.58 -22.30
 732.00 -61.05 -38.00
 733.00 -53.08 -58.52
 734.00 -73.54 -26.09
 735.00 -69.22 -52.63
 736.00 -69.38 -26.91
 737.00 -69.33 -45.80
 738.00 -102.14 -15.26
 739.00 -66.25 -51.25
 740.00 -56.38  -3.88
 741.00 -63.49 -56.10
 742.00 -68.83 -43.26
 743.00 -73.79 -32.56
 744.00 -64.27 -49.67
 745.00 -70.57 -33.98
 746.00 -51.99 -55.58
 747.00 -60.34 -45.48
 748.00 -59.10 -44.53
 749.00 -71.40 -26.41
 750.00 -78.00 -29.61
 751.00 -59.07 -39.88
 752.00 -65.73 -33.72
 753.00 -64.80 -45.98
 754.00 -107.82 -36.35
 755.00 -135.16  13.38
 756.00 -141.80 -20.03
 757.00  49.48  30.65
 758.00  54.23  37.44
 759.00 -65.57   9.29
 760.00 -107.24 -51.17
 761.00 -94.00 171.33
 762.00 -89.73 122.47
 763.00 -65.40  69.24
 764.00 -146.42 -48.66
 765.00 -64.50 164.26
 766.00 -84.69 -27.51
 767.00 -146.69  -4.71
 768.00 -66.75  56.08
 769.00 -103.60 144.43
 770.00 -87.97 113.15
 771.00 -64.25 172.68
 772.00 -54.18 -23.60
 773.00 -73.28 -40.88
 774.00 -65.60 -33.38
 775.00 -63.82 -49.33
 776.00 -79.61 -48.54
 777.00 -79.67 -24.61
 778.00  52.63  10.07
 779.00 -94.79   2.01
 780.00 -65.00  34.35
 781.00 -62.58 -43.70
 782.00 -67.96 -34.21
 783.00 -79.32 -28.78
 784.00 -63.10 -34.46
 785.00 -67.45 -32.78
 786.00 -51.54 -56.88
 787.00 -62.10 -47.90
 788.00 -73.43 -35.00
 789.00 -66.77 -26.70
 790.00 -69.42 -37.49
 791.00 -65.78 -35.89
 792.00 -53.56 -32.34
 793.00 -67.83 -42.89
 794.00 -73.55 -30.63
 795.00 -70.53 -48.90
 796.00 -99.68 -24.28
 797.00  58.34  11.41
 798.00 -56.81  22.93
 799.00 -89.28 115.82
 800.00 -54.53 155.49
 801.00 -72.76 -39.07
 802.00 -64.24 -39.48
 803.00 -64.59 -44.15
 804.00 -68.01 -39.63
 805.00 -75.43 -42.80
 806.00 -73.49 -31.62
 807.00 -49.57 -33.95
 808.00 -63.71 -46.84
 809.00 -68.96 -39.05
 810.00 -67.76 -21.78
 811.00 -80.92 -19.99
 812.00 -109.66 -18.19
 813.00 -130.42  32.81
 814.00 -160.45  23.74
 815.00 -142.89 121.70
 816.00 -58.55 160.97
 817.00 -59.94 156.51
 818.00 -85.02 -25.11
 819.00  66.51   4.55
 820.00 -64.94 162.38
 821.00 -65.03 171.29
 822.00 -80.58 -48.13
 823.00 -58.82  43.95
 824.00 -68.32 -42.06
 825.00 -57.13 -52.94
 826.00 -63.41 -34.63
 827.00 -55.59 -40.44
 828.00 -74.14 -43.24
 829.00 -63.85 -49.04
 830.00 -58.28 -36.59
 831.00 -63.39 -45.93
 832.00 -72.32 -30.85
 833.00 -70.85 -38.74
 834.00 -67.06 -28.53
 835.00 -45.64 -58.06
 836.00 -64.11 -47.65
 837.00 -70.81 -36.18
 838.00 -52.79 -49.59
 839.00 -56.13 -33.75
 840.00 -129.60 -25.21
 841.00 -56.63   8.53
 842.00 -83.50 150.55
 843.00 -107.91  52.51
 844.00 -91.72 160.67
 845.00 -55.60  97.08
 846.00 -59.06 -25.52
 847.00 -117.04 -33.78
 848.00 -70.05  70.50
 849.00 -61.88  -5.61
 850.00 -70.91 -26.82
 851.00 -62.37 -33.69
 852.00 -50.30 -57.05
 853.00 -59.17 -47.79
 854.00 -65.16 -51.29
 855.00 -72.59 -34.41
 856.00 -58.54 -37.88
 857.00 -69.79 -33.88
 858.00 -88.37 -24.83
 859.00 -69.82 -30.04
 860.00 -56.54 -35.88
 861.00 -74.09 -40.99
 862.00 -69.01 -38.61
 863.00 -60.15 -41.72
 864.00 -61.16 -33.77
 865.00 -85.46 -28.84
 866.00 -81.25  -4.54
 867.00 -74.64 -40.86
 868.00 -73.64 -17.63
 869.00 -70.66 -39.16
 870.00 -73.28 -29.89
 871.00 -50.85 -43.30
 872.00 -80.30 -41.44
 873.00 -67.20 -28.25
 874.00 -54.18 -44.92
 875.00 -71.33 -40.66
 876.00 -64.74 -49.11
 877.00 -71.01 -43.54
 878.00 -59.71 -29.17
 879.00 -78.87 -41.23
 880.00 -55.65 -41.14
 881.00 -63.75 -45.77
 882.00 -99.60 -17.54
 883.00 -50.99  -4.42
 884.00 -72.82 -36.69
 885.00 -76.64 -30.99
 886.00 -118.95 -16.48
 887.00  67.12  13.50
 888.00 -88.45  11.36
 889.00 -99.31 126.45
 890.00 -116.26 146.19
 891.00 -65.75 136.80
 892.00 -46.15 139.51
 893.00 -72.07 -46.05
 894.00 -61.76 -35.72
 895.00 -63.70 -45.48
 896.00 -59.43 -38.17
 897.00 -63.44 -39.87
 898.00 -65.87 -52.29
 899.00 -110.68 -25.29
 900.00 -128.01  -3.75
 901.00 -99.47 -38.94
 902.00 -55.77 -44.35
 903.00 -63.12 -44.28
 904.00 -53.68 -26.59
 905.00 -83.14 -32.14
 906.00 -78.76 -29.80
 907.00 -76.46 -32.23
 908.00  88.02  -2.02
 909.00 -52.20 -20.85
 910.00 -132.81 -20.55
 911.00 -139.85 123.40
 912.00 -63.80 136.95
 913.00 -98.53 153.34
 914.00 -74.41  84.07
 915.00 -68.88 136.18
 916.00 -106.55 -42.06
 917.00 -93.40 152.57


