 residuo Phi Psi
 669.00 -156.76 130.70
 670.00 -62.84 131.91
 671.00 -125.64 136.53
 672.00 -62.95   6.27
 673.00 -66.42 -31.28
 674.00 -73.31 -30.11
 675.00 -58.98 -29.94
 676.00 -43.18 -67.69
 677.00 -79.06 -39.00
 678.00 -55.86 -27.83
 679.00 -91.80 -49.93
 680.00 -50.35 -17.20
 681.00 -72.67 148.23
 682.00 -93.93 162.43
 683.00 -73.24 -174.81
 684.00 -137.19 129.75
 685.00 -78.53 126.39
 686.00 -71.06 137.94
 687.00  98.19 -22.87
 688.00 -71.39  14.30
 689.00 -86.31 142.70
 690.00 -66.13  85.50
 691.00 -128.02  26.11
 692.00 -77.64 -14.62
 693.00 -65.48 162.54
 694.00 -70.59 132.15
 695.00 -155.86 137.83
 696.00 -38.14 160.85
 697.00 -66.28 -71.44
 698.00 -66.51 -42.87
 699.00 -70.28 -35.25
 700.00 -62.64 -56.05
 701.00 -67.88 -27.83
 702.00 -57.94 -44.28
 703.00 -64.12 -31.99
 704.00 -49.69 -58.31
 705.00 -75.71 -34.81
 706.00 -55.92 -47.76
 707.00 -54.68 -46.92
 708.00 -60.33 -44.35
 709.00 -62.08 -55.01
 710.00 -69.53 -35.30
 711.00 -74.73 -36.07
 712.00 -60.06 -25.87
 713.00 -76.47 -36.13
 714.00 -50.02 -39.63
 715.00 -79.00 -40.71
 716.00 -72.56 -32.60
 717.00 -79.40 -26.45
 718.00 -67.76 -47.07
 719.00 -57.71 -41.83
 720.00 -89.25 -33.98
 721.00 -72.49  -5.35
 722.00 -62.12 140.74
 723.00  71.93 167.54
 724.00 -58.15 -40.08
 725.00 -73.26 -32.83
 726.00 -70.72  -7.34
 727.00 -75.97 -30.21
 728.00 -74.57 142.16
 729.00 -44.39 154.14
 730.00 -79.68 -29.49
 731.00 -72.61 -39.16
 732.00 -48.74 -39.19
 733.00 -65.46 -50.32
 734.00 -65.34 -46.95
 735.00 -74.98 -53.27
 736.00 -58.04 -18.82
 737.00 -78.41 -54.59
 738.00 -99.18  -5.78
 739.00 -94.88 -30.65
 740.00 -63.90 -14.98
 741.00 -54.99 -35.22
 742.00 -70.31 -63.53
 743.00 -52.51 -32.42
 744.00 -74.78 -55.02
 745.00 -68.65 -33.91
 746.00 -53.86 -47.48
 747.00 -75.17 -30.17
 748.00 -65.58 -37.62
 749.00 -67.25 -31.46
 750.00 -65.51 -40.02
 751.00 -54.72 -46.44
 752.00 -62.63 -46.34
 753.00 -55.75 -45.11
 754.00 -87.66 -49.44
 755.00 -103.75 -26.95
 756.00 -138.75 -27.61
 757.00  51.55  26.94
 758.00  65.68  28.17
 759.00 -65.28 -14.20
 760.00 -125.05 -25.79
 761.00 -84.26 148.32
 762.00 -109.00 138.37
 763.00 -61.91  72.36
 764.00 -162.18 -59.11
 765.00 -56.45 149.15
 766.00 -83.54 -30.67
 767.00 -116.57 -19.48
 768.00 -60.26  32.93
 769.00 -91.78 122.63
 770.00 -84.11 110.18
 771.00 -25.65 162.37
 772.00 -60.51 -55.53
 773.00 -61.96 -42.81
 774.00 -69.20 -43.63
 775.00 -53.28 -45.44
 776.00 -71.46 -44.68
 777.00 -64.25 -48.88
 778.00  43.13  14.27
 779.00 -142.03  36.83
 780.00 -61.07  30.07
 781.00 -40.48 -52.34
 782.00 -58.96 -66.30
 783.00 -66.80 -27.48
 784.00 -57.38 -42.99
 785.00 -63.82 -49.16
 786.00 -79.28 -31.81
 787.00 -44.90 -40.60
 788.00 -67.63 -47.34
 789.00 -63.03 -34.47
 790.00 -57.51 -41.85
 791.00 -60.23 -45.13
 792.00 -62.91 -31.71
 793.00 -60.04 -28.97
 794.00 -75.79 -39.48
 795.00 -74.39 -39.74
 796.00 -67.34 -41.84
 797.00  53.19 -18.42
 798.00 -82.52  65.23
 799.00 -94.49 137.10
 800.00 -60.68 157.57
 801.00 -61.37 -32.69
 802.00 -52.00 -53.66
 803.00 -62.42 -39.49
 804.00 -63.52 -43.97
 805.00 -75.18 -28.77
 806.00 -58.74 -52.04
 807.00 -65.19 -41.68
 808.00 -57.35 -36.54
 809.00 -67.00 -47.68
 810.00 -69.20 -19.40
 811.00 -54.63 -24.09
 812.00 -95.20 -41.57
 813.00 -119.14  41.68
 814.00 -165.90  12.62
 815.00 -143.96 138.33
 816.00 -64.96 175.55
 817.00 -52.58 154.91
 818.00 -105.59 -39.11
 819.00  83.48  20.82
 820.00 -64.19 168.20
 821.00 -54.21 159.02
 822.00 -112.62 -46.13
 823.00 -53.17  56.28
 824.00 -62.16 -24.61
 825.00 -86.48 -30.71
 826.00 -75.90 -24.69
 827.00 -62.37 -37.72
 828.00 -44.21 -52.29
 829.00 -67.92 -53.34
 830.00 -61.33 -39.54
 831.00 -55.82 -46.09
 832.00 -57.17 -40.47
 833.00 -94.82 -37.59
 834.00 -66.68 -10.19
 835.00 -72.48 -49.61
 836.00 -61.05 -25.93
 837.00 -80.25 -40.93
 838.00 -60.07 -34.40
 839.00 -74.70 -28.41
 840.00 -126.53 -19.49
 841.00 -57.73   7.41
 842.00 -74.93 152.49
 843.00 -144.75  73.12
 844.00 -76.44 154.95
 845.00 -60.66 134.15
 846.00 -56.42 -18.46
 847.00 -147.57 -25.96
 848.00 -47.26  71.28
 849.00 -59.73 -27.83
 850.00 -58.82 -46.57
 851.00 -68.54 -32.51
 852.00 -55.78 -53.86
 853.00 -56.55 -37.49
 854.00 -59.03 -57.81
 855.00 -60.55 -41.84
 856.00 -68.06 -31.42
 857.00 -73.60 -41.02
 858.00 -58.36 -35.27
 859.00 -71.92 -36.40
 860.00 -48.87 -51.69
 861.00 -66.13 -41.10
 862.00 -57.04 -42.59
 863.00 -61.09 -55.66
 864.00 -63.86 -30.15
 865.00 -54.14 -22.01
 866.00 -62.22 -49.71
 867.00 -63.57 -44.51
 868.00 -80.60 -23.73
 869.00 -64.18 -32.33
 870.00 -53.33 -44.53
 871.00 -55.13 -49.28
 872.00 -63.29 -60.38
 873.00 -83.42 -15.81
 874.00 -51.69 -48.83
 875.00 -49.28 -50.02
 876.00 -68.55 -56.99
 877.00 -60.62 -35.87
 878.00 -76.11 -43.69
 879.00 -71.17 -21.60
 880.00 -70.88 -35.57
 881.00 -46.26 -49.45
 882.00 -126.47 -18.61
 883.00 -73.77  17.58
 884.00 -63.07 -27.45
 885.00 -84.22 -40.71
 886.00 -81.82 -34.92
 887.00  70.83 -11.43
 888.00 -93.08  28.19
 889.00 -84.98 137.05
 890.00 -129.14 144.52
 891.00 -64.32 136.83
 892.00 -45.08 154.63
 893.00 -63.45 -50.07
 894.00 -81.80 -32.74
 895.00 -54.87 -48.50
 896.00 -61.53 -33.57
 897.00 -52.63 -54.24
 898.00 -68.00 -51.04
 899.00 -74.97 -39.88
 900.00 -114.16 -24.53
 901.00 -85.01 -51.18
 902.00 -56.64 -42.74
 903.00 -53.93 -40.63
 904.00 -74.08 -21.50
 905.00 -74.45 -18.11
 906.00 -73.08 -45.91
 907.00 -93.61 -29.86
 908.00  68.80   7.32
 909.00 -97.84  28.53
 910.00 -157.89   5.48
 911.00 -120.39 120.74
 912.00 -64.90 119.39
 913.00 -80.16 134.72
 914.00 -127.40 143.61
 915.00 -71.12 134.48
 916.00 -106.99 -31.91
 917.00 -68.55 137.18


