 residuo Phi Psi
 669.00 -128.60 122.83
 670.00 -49.60 152.22
 671.00 -58.03 142.87
 672.00 -50.80 -34.33
 673.00 -62.27 -37.20
 674.00 -60.44 -29.81
 675.00 -77.82 -48.75
 676.00 -66.76 -30.97
 677.00 -69.54 -34.13
 678.00 -72.78 -26.35
 679.00 -86.08 -50.01
 680.00 -57.27 -10.23
 681.00 -77.20 130.38
 682.00 -79.15 147.21
 683.00 -63.14 155.82
 684.00 -140.70 159.82
 685.00 -74.85 153.43
 686.00 -82.43 147.05
 687.00  77.27  -8.08
 688.00 -70.01  13.34
 689.00 -111.03 156.25
 690.00 -81.13 111.09
 691.00 -80.97  -1.15
 692.00 -80.33 -25.90
 693.00 -65.97 145.26
 694.00 -69.74 146.81
 695.00 -122.34 122.09
 696.00 -56.46 148.16
 697.00 -75.01 -59.52
 698.00 -55.25 -31.96
 699.00 -60.37 -54.47
 700.00 -83.59 -36.66
 701.00 -62.48 -31.89
 702.00 -67.95 -39.59
 703.00 -60.73 -36.62
 704.00 -69.28 -39.89
 705.00 -58.30 -45.70
 706.00 -70.99 -39.77
 707.00 -72.27 -29.91
 708.00 -65.54 -31.85
 709.00 -60.55 -59.71
 710.00 -67.81 -34.52
 711.00 -65.23 -43.38
 712.00 -47.89 -39.61
 713.00 -74.72 -42.37
 714.00 -63.89 -31.92
 715.00 -60.23 -45.11
 716.00 -68.71 -45.40
 717.00 -75.88 -27.05
 718.00 -60.86 -45.70
 719.00 -73.35 -27.87
 720.00 -101.14 -16.76
 721.00 -47.00 -24.89
 722.00 -66.17 123.65
 723.00  78.67 147.14
 724.00 -50.99 -22.31
 725.00 -54.55 -40.23
 726.00 -73.13  -4.66
 727.00 -111.62  -4.45
 728.00 -61.62 136.41
 729.00 -50.34 149.30
 730.00 -75.35 -34.88
 731.00 -70.01 -28.66
 732.00 -71.99 -37.57
 733.00 -79.47 -32.34
 734.00 -63.75 -25.13
 735.00 -64.94 -56.14
 736.00 -48.88 -40.22
 737.00 -63.67 -73.15
 738.00 -86.91 -25.71
 739.00 -89.24 -34.13
 740.00 -48.51 -15.23
 741.00 -65.01 -48.93
 742.00 -76.37 -35.37
 743.00 -47.49 -48.28
 744.00 -66.31 -39.08
 745.00 -59.89 -43.94
 746.00 -70.64 -49.90
 747.00 -61.48 -37.28
 748.00 -55.62 -46.14
 749.00 -68.00 -38.56
 750.00 -65.63 -39.24
 751.00 -59.45 -50.10
 752.00 -73.85 -35.69
 753.00 -46.82 -52.17
 754.00 -77.16 -55.57
 755.00 -97.12 -36.50
 756.00 -131.95 -29.51
 757.00  46.77  34.19
 758.00  59.24  41.01
 759.00 -65.54  11.44
 760.00 -88.14 -79.12
 761.00 -85.39 150.27
 762.00 -87.44 104.89
 763.00 -58.06  71.17
 764.00 -157.82 -45.80
 765.00 -65.00 169.48
 766.00 -91.30 -24.23
 767.00 -97.13 -46.17
 768.00 -84.15  73.93
 769.00 -108.79 131.02
 770.00 -57.67  90.30
 771.00 -73.36 177.72
 772.00 -70.74 -20.63
 773.00 -55.02 -41.00
 774.00 -48.38 -49.81
 775.00 -80.76 -35.94
 776.00 -66.35 -51.94
 777.00 -71.79 -29.80
 778.00  62.47 -15.33
 779.00 -85.64  11.56
 780.00 -66.16  33.58
 781.00 -62.30 -60.35
 782.00 -52.68 -41.68
 783.00 -48.96 -56.92
 784.00 -71.03 -42.11
 785.00 -51.29 -46.02
 786.00 -66.87 -43.34
 787.00 -61.47 -39.50
 788.00 -58.38 -50.53
 789.00 -57.72 -36.94
 790.00 -63.99 -53.14
 791.00 -49.02 -38.48
 792.00 -69.62 -39.27
 793.00 -56.06 -36.53
 794.00 -62.48 -45.98
 795.00 -63.06 -52.25
 796.00 -69.09 -30.58
 797.00  58.63 -22.02
 798.00 -66.19  38.99
 799.00 -90.15 134.13
 800.00 -61.88 154.02
 801.00 -61.89 -28.18
 802.00 -79.52 -38.23
 803.00 -46.51 -50.03
 804.00 -61.04 -58.24
 805.00 -72.47 -33.06
 806.00 -53.83 -60.58
 807.00 -62.71 -41.64
 808.00 -72.82 -32.94
 809.00 -66.85 -35.10
 810.00 -51.94 -40.42
 811.00 -72.49 -31.34
 812.00 -103.92 -28.22
 813.00 -125.00  49.27
 814.00 -151.99  -1.88
 815.00 -159.23 132.94
 816.00 -54.41 166.12
 817.00 -69.91 170.12
 818.00 -90.46 -42.39
 819.00  75.41  13.43
 820.00 -56.94 155.02
 821.00 -62.19 162.24
 822.00 -92.55 -49.25
 823.00 -58.47  34.92
 824.00 -59.30 -29.19
 825.00 -71.37 -37.50
 826.00 -61.71 -31.87
 827.00 -66.68 -45.28
 828.00 -63.47 -38.72
 829.00 -69.50 -47.15
 830.00 -66.10 -35.29
 831.00 -72.00 -44.97
 832.00 -73.67 -27.66
 833.00 -69.91 -36.56
 834.00 -56.87 -44.01
 835.00 -66.15 -49.38
 836.00 -71.82 -33.52
 837.00 -63.56 -30.55
 838.00 -63.20 -38.71
 839.00 -72.15 -22.51
 840.00 -120.64 -33.00
 841.00 -52.47 -11.24
 842.00 -86.90 140.46
 843.00 -159.35 103.27
 844.00 -81.48 166.61
 845.00 -90.82 127.26
 846.00 -78.96 -37.60
 847.00 -66.08 -35.15
 848.00 -76.53 147.71
 849.00 -114.52 -42.57
 850.00 -56.44  -9.16
 851.00 -70.45 -51.47
 852.00 -57.26 -37.92
 853.00 -80.25 -47.91
 854.00 -60.03 -31.39
 855.00 -55.38 -47.24
 856.00 -54.45 -47.94
 857.00 -76.49 -42.80
 858.00 -88.80 -13.38
 859.00 -78.35 -34.06
 860.00 -60.44 -29.79
 861.00 -57.73 -40.84
 862.00 -48.42 -58.89
 863.00 -70.46 -49.53
 864.00 -76.76 -13.85
 865.00 -60.77 -25.77
 866.00 -62.51 -40.13
 867.00 -51.30 -57.36
 868.00 -79.92 -23.19
 869.00 -63.03 -42.54
 870.00 -60.04 -32.86
 871.00 -68.99 -54.00
 872.00 -80.92 -31.75
 873.00 -58.65 -33.96
 874.00 -47.89 -55.98
 875.00 -58.92 -52.88
 876.00 -80.13 -46.30
 877.00 -73.87 -25.95
 878.00 -69.00 -42.98
 879.00 -64.84 -32.07
 880.00 -75.84 -29.37
 881.00 -54.58 -39.58
 882.00 -84.63 -48.79
 883.00 -33.55   1.46
 884.00 -64.19 -56.45
 885.00 -71.80 -36.58
 886.00 -79.26 -57.13
 887.00  62.33  -6.79
 888.00 -68.79  14.22
 889.00 -84.22 124.98
 890.00 -121.36 141.37
 891.00 -79.02 148.18
 892.00 -52.91 133.25
 893.00 -60.83 -35.17
 894.00 -79.70 -40.62
 895.00 -47.80 -40.31
 896.00 -71.31 -44.42
 897.00 -67.97 -34.40
 898.00 -70.06 -37.91
 899.00 -73.86 -33.87
 900.00 -103.89 -36.99
 901.00 -89.09 -47.91
 902.00 -57.04 -39.95
 903.00 -53.81 -37.03
 904.00 -68.54 -32.74
 905.00 -66.11 -36.27
 906.00 -67.55 -68.61
 907.00 -91.43  -8.69
 908.00  98.94 -12.54
 909.00 -75.39   5.24
 910.00 -97.01 -33.58
 911.00 -150.59 144.59
 912.00 -63.02 134.20
 913.00 -89.98 151.94
 914.00 -118.42 138.99
 915.00 -82.01 142.37
 916.00 -119.14 -30.02
 917.00 -91.59 158.69


