 residuo Phi Psi
 669.00 -64.13 176.32
 670.00 -61.75 145.18
 671.00 -56.54 165.01
 672.00 -41.49 -32.68
 673.00 -64.75 -47.56
 674.00 -87.57 -14.94
 675.00 -57.79 -29.56
 676.00 -60.91 -42.52
 677.00 -86.71 -37.71
 678.00 -61.47 -26.62
 679.00 -79.38 -31.88
 680.00 -83.23 -13.28
 681.00 -69.48 123.26
 682.00 -79.53 133.21
 683.00 -61.72 -165.56
 684.00 -135.30 157.09
 685.00 -94.81 148.23
 686.00 -76.86 148.83
 687.00  76.04 -19.25
 688.00 -81.88  19.53
 689.00 -135.46 161.50
 690.00 -69.29 104.53
 691.00 -101.45  10.38
 692.00 -85.34   0.51
 693.00 -64.04 156.54
 694.00 -78.77 149.05
 695.00 -156.89 150.57
 696.00 -59.95 171.61
 697.00 -72.57 -58.68
 698.00 -69.19 -35.97
 699.00 -58.65 -59.76
 700.00 -76.90 -34.44
 701.00 -54.23 -36.66
 702.00 -69.19 -47.07
 703.00 -56.19 -30.75
 704.00 -76.19 -41.43
 705.00 -59.97 -44.54
 706.00 -66.69 -35.72
 707.00 -43.65 -49.25
 708.00 -70.22 -40.84
 709.00 -54.55 -48.43
 710.00 -72.09 -41.84
 711.00 -76.30 -32.05
 712.00 -67.75 -28.29
 713.00 -75.44 -34.90
 714.00 -56.22 -41.63
 715.00 -70.28 -45.25
 716.00 -57.26 -31.23
 717.00 -54.60 -47.89
 718.00 -76.54 -45.60
 719.00 -68.02 -26.81
 720.00 -102.25 -22.88
 721.00 -57.02 -23.78
 722.00 -49.27 119.13
 723.00  84.44 129.64
 724.00 -63.33 -16.98
 725.00 -72.58 -28.09
 726.00 -62.54   3.48
 727.00 -66.19 -33.54
 728.00 -64.98 145.11
 729.00 -56.41 150.17
 730.00 -57.41 -34.93
 731.00 -77.42 -43.60
 732.00 -51.24 -36.77
 733.00 -71.89 -49.65
 734.00 -49.69 -32.73
 735.00 -56.50 -61.28
 736.00 -64.72 -38.73
 737.00 -69.11 -43.27
 738.00 -70.04 -33.50
 739.00 -85.06 -48.39
 740.00 -55.86  -9.67
 741.00 -76.40 -33.06
 742.00 -69.49 -35.26
 743.00 -65.14 -37.17
 744.00 -66.05 -55.70
 745.00 -63.89 -40.92
 746.00 -59.84 -45.25
 747.00 -73.38 -39.90
 748.00 -73.59 -30.31
 749.00 -43.85 -43.48
 750.00 -62.42 -46.16
 751.00 -68.76 -52.63
 752.00 -57.31 -33.75
 753.00 -70.63 -39.66
 754.00 -83.18 -42.18
 755.00 -110.52 -18.23
 756.00 -148.31 -40.97
 757.00  57.15  25.63
 758.00  57.98  31.09
 759.00 -64.67  -3.76
 760.00 -114.19 -37.98
 761.00 -97.05 147.22
 762.00 -92.97 111.43
 763.00 -51.21  52.20
 764.00 -145.94 -50.10
 765.00 -59.05 165.08
 766.00 -81.93 -29.32
 767.00 -109.49 -38.57
 768.00 -87.84  58.41
 769.00 -83.00 133.37
 770.00 -67.16 113.22
 771.00 -50.53 161.89
 772.00 -60.93 -33.71
 773.00 -75.12 -39.41
 774.00 -66.19 -20.30
 775.00 -50.92 -47.33
 776.00 -64.92 -61.75
 777.00 -71.26 -36.74
 778.00  49.02  -2.00
 779.00 -114.48  33.57
 780.00 -42.11   7.62
 781.00 -70.01 -57.11
 782.00 -63.74 -32.36
 783.00 -60.30 -43.16
 784.00 -59.71 -47.98
 785.00 -72.61 -32.50
 786.00 -78.67 -33.58
 787.00 -69.02 -19.38
 788.00 -64.80 -41.67
 789.00 -57.32 -39.35
 790.00 -62.89 -56.94
 791.00 -64.69 -41.49
 792.00 -68.43 -18.28
 793.00 -69.75 -34.43
 794.00 -71.73 -44.21
 795.00 -65.08 -27.95
 796.00 -82.32 -38.78
 797.00  59.64 -24.85
 798.00 -58.19  45.94
 799.00 -66.06 121.88
 800.00 -71.22 165.00
 801.00 -76.74 -13.44
 802.00 -52.73 -52.65
 803.00 -65.71 -35.85
 804.00 -50.28 -47.67
 805.00 -67.23 -62.21
 806.00 -74.53 -20.25
 807.00 -72.34 -31.38
 808.00 -63.03 -34.76
 809.00 -82.16 -41.34
 810.00 -48.69 -28.94
 811.00 -78.38 -30.34
 812.00 -124.98 -13.63
 813.00 -146.21  53.82
 814.00 -138.84   9.25
 815.00 -152.44 135.19
 816.00 -53.55 151.01
 817.00 -70.31 164.82
 818.00 -111.95 -28.32
 819.00  60.53  31.04
 820.00 -78.96 -168.01
 821.00 -60.70 164.19
 822.00 -98.46 -32.10
 823.00 -67.97  45.56
 824.00 -69.11 -35.11
 825.00 -75.71 -33.81
 826.00 -55.14 -39.17
 827.00 -47.97 -56.66
 828.00 -64.77 -43.16
 829.00 -78.19 -39.89
 830.00 -69.64 -26.58
 831.00 -71.11 -33.83
 832.00 -55.03 -27.39
 833.00 -79.24 -69.44
 834.00 -78.22   5.17
 835.00 -66.22 -58.16
 836.00 -78.34 -22.18
 837.00 -75.07 -25.61
 838.00 -58.61 -47.57
 839.00 -90.80 -11.11
 840.00 -128.55 -14.74
 841.00 -52.67  -9.30
 842.00 -77.51 154.74
 843.00 -147.87  79.22
 844.00 -75.12 152.58
 845.00 -69.11 119.96
 846.00 -58.30 -16.75
 847.00 -115.86 -25.90
 848.00 -56.33  74.71
 849.00 -70.41 -16.99
 850.00 -73.26 -31.32
 851.00 -71.21 -35.14
 852.00 -55.03 -42.99
 853.00 -51.44 -45.20
 854.00 -60.06 -52.97
 855.00 -57.64 -56.43
 856.00 -59.81 -40.37
 857.00 -69.59 -39.15
 858.00 -65.37 -34.94
 859.00 -78.37 -35.06
 860.00 -52.65 -26.39
 861.00 -59.13 -57.32
 862.00 -59.44 -46.11
 863.00 -67.41 -42.47
 864.00 -56.78 -35.58
 865.00 -55.52 -33.76
 866.00 -75.75 -37.82
 867.00 -73.06 -33.23
 868.00 -84.78 -17.65
 869.00 -64.35 -37.45
 870.00 -47.55 -48.63
 871.00 -57.08 -55.44
 872.00 -68.64 -36.79
 873.00 -39.68 -55.43
 874.00 -67.99 -52.12
 875.00 -73.93 -33.39
 876.00 -67.82 -45.71
 877.00 -67.69 -33.59
 878.00 -65.49 -38.96
 879.00 -61.81 -41.37
 880.00 -65.77 -37.00
 881.00 -56.29 -37.12
 882.00 -107.55 -37.84
 883.00 -55.39  17.12
 884.00 -57.61 -48.45
 885.00 -70.68 -44.19
 886.00 -82.63 -43.67
 887.00  69.38  -1.31
 888.00 -81.73  27.29
 889.00 -93.32 137.04
 890.00 -101.97 110.21
 891.00 -45.95 122.67
 892.00 -56.89 130.11
 893.00 -62.18 -33.82
 894.00 -80.09 -31.78
 895.00 -59.68 -46.40
 896.00 -60.68 -34.15
 897.00 -69.72 -33.83
 898.00 -75.11 -43.60
 899.00 -69.44 -50.08
 900.00 -81.15 -31.28
 901.00 -92.75 -55.03
 902.00 -63.90 -30.94
 903.00 -50.14 -45.82
 904.00 -81.75 -32.89
 905.00 -70.28 -26.80
 906.00 -74.63 -61.02
 907.00 -71.43 -29.76
 908.00  94.49   4.54
 909.00 -56.08 -17.86
 910.00 -145.97 -22.85
 911.00 -140.50 127.97
 912.00 -82.99 151.24
 913.00 -78.15 146.06
 914.00 -100.88 112.15
 915.00 -130.73 171.58
 916.00 -93.61 -42.61
 917.00 -67.71 168.12


