 residuo Phi Psi
 669.00 -141.30 146.35
 670.00 -62.95 157.94
 671.00 -166.55 149.63
 672.00 -50.80 -18.39
 673.00 -78.78 -47.05
 674.00 -79.42 -21.13
 675.00 -59.04 -37.75
 676.00 -63.00 -55.88
 677.00 -75.17 -33.56
 678.00 -71.91 -22.30
 679.00 -81.55 -42.83
 680.00 -54.85 -15.38
 681.00 -72.51 119.02
 682.00 -91.71 179.59
 683.00 -73.41 165.44
 684.00 -106.64 156.74
 685.00 -66.84 120.00
 686.00 -74.68 151.71
 687.00  96.87 -37.56
 688.00 -59.76   5.63
 689.00 -96.57 153.26
 690.00 -71.06  94.42
 691.00 -74.34   7.89
 692.00 -87.52 -20.61
 693.00 -70.97 143.02
 694.00 -78.67 151.16
 695.00 -148.65 146.95
 696.00 -56.37 164.35
 697.00 -57.30 -42.41
 698.00 -45.80 -55.59
 699.00 -64.49 -56.85
 700.00 -61.51 -55.49
 701.00 -63.18 -33.25
 702.00 -70.74 -33.76
 703.00 -71.97 -34.32
 704.00 -69.53 -35.92
 705.00 -65.86 -39.08
 706.00 -55.72 -43.91
 707.00 -44.17 -41.61
 708.00 -61.51 -54.52
 709.00 -64.48 -50.69
 710.00 -65.82 -30.39
 711.00 -53.30 -57.86
 712.00 -53.97 -34.44
 713.00 -76.47 -36.74
 714.00 -65.88 -36.39
 715.00 -45.91 -52.72
 716.00 -54.79 -48.42
 717.00 -50.16 -60.86
 718.00 -73.25 -38.15
 719.00 -52.66 -44.33
 720.00 -94.55 -34.55
 721.00 -68.39   2.60
 722.00 -48.55 142.52
 723.00  60.85 124.79
 724.00 -56.48  -3.07
 725.00 -48.22 -28.41
 726.00 -52.95 -34.06
 727.00 -92.76 -27.24
 728.00 -57.56 135.86
 729.00 -61.78 143.48
 730.00 -60.91 -22.67
 731.00 -67.27 -47.65
 732.00 -67.88 -25.61
 733.00 -71.01 -46.83
 734.00 -57.51 -32.09
 735.00 -64.43 -54.58
 736.00 -64.54 -41.20
 737.00 -81.29 -29.80
 738.00 -79.70 -32.23
 739.00 -82.52 -29.23
 740.00 -52.56 -13.05
 741.00 -82.64 -51.38
 742.00 -59.13 -37.01
 743.00 -67.32 -55.20
 744.00 -66.20 -54.99
 745.00 -67.84 -29.94
 746.00 -53.59 -43.98
 747.00 -60.10 -45.28
 748.00 -71.63 -36.37
 749.00 -54.98 -44.00
 750.00 -58.02 -55.83
 751.00 -65.72 -41.50
 752.00 -60.27 -40.78
 753.00 -58.57 -41.00
 754.00 -77.33 -56.15
 755.00 -111.32  -2.07
 756.00 -136.87 -38.33
 757.00  48.55  25.39
 758.00  64.96  42.42
 759.00 -49.15  -7.11
 760.00 -108.41 -48.91
 761.00 -87.77 151.04
 762.00 -86.87 107.11
 763.00 -65.09  69.59
 764.00 -144.41 -50.75
 765.00 -63.92 172.17
 766.00 -102.41 -22.20
 767.00 -134.17   3.60
 768.00 -94.27  63.94
 769.00 -84.18 126.39
 770.00 -53.64  91.26
 771.00 -60.33 173.73
 772.00 -65.79 -38.00
 773.00 -75.48 -41.72
 774.00 -58.63 -33.45
 775.00 -59.89 -48.64
 776.00 -73.96 -47.20
 777.00 -75.88   5.29
 778.00  53.93 -23.26
 779.00 -137.33  16.22
 780.00 -60.99  51.26
 781.00 -52.96 -44.61
 782.00 -64.66 -43.84
 783.00 -70.38 -36.88
 784.00 -61.07 -35.91
 785.00 -53.00 -53.59
 786.00 -59.82 -46.60
 787.00 -74.37 -31.87
 788.00 -64.35 -37.91
 789.00 -76.30 -28.30
 790.00 -70.51 -29.83
 791.00 -72.29 -38.73
 792.00 -78.61 -16.26
 793.00 -53.19 -33.50
 794.00 -78.98 -39.77
 795.00 -84.24 -16.96
 796.00 -82.31 -37.01
 797.00  61.23 -17.15
 798.00 -72.29  50.78
 799.00 -76.31 133.22
 800.00 -50.78 147.27
 801.00 -67.30 -36.89
 802.00 -61.44 -47.51
 803.00 -35.64 -48.82
 804.00 -58.08 -60.81
 805.00 -54.99 -49.60
 806.00 -66.80 -42.66
 807.00 -57.43 -41.57
 808.00 -66.89 -35.24
 809.00 -66.12 -49.10
 810.00 -61.46 -27.60
 811.00 -67.40 -22.80
 812.00 -126.33 -17.25
 813.00 -102.76  26.39
 814.00 -162.46   0.64
 815.00 -149.59 130.57
 816.00 -71.08 168.04
 817.00 -59.11 157.30
 818.00 -92.26 -34.45
 819.00  65.45  15.85
 820.00 -88.74 -176.83
 821.00 -62.90 170.88
 822.00 -112.08 -33.15
 823.00 -50.40  29.68
 824.00 -74.75 -24.78
 825.00 -59.70 -49.96
 826.00 -69.31 -39.30
 827.00 -62.19 -43.83
 828.00 -69.58 -29.01
 829.00 -72.39 -40.97
 830.00 -51.64 -48.06
 831.00 -64.94 -44.27
 832.00 -63.92 -44.43
 833.00 -68.95 -43.18
 834.00 -75.12 -20.93
 835.00 -90.77 -22.02
 836.00 -57.07 -47.25
 837.00 -48.48 -47.58
 838.00 -57.77 -54.22
 839.00 -60.06 -25.06
 840.00 -107.03 -46.46
 841.00 -66.39  16.31
 842.00 -81.59 163.61
 843.00 -154.87 100.29
 844.00 -87.79 171.08
 845.00 -54.29 115.10
 846.00 -78.04 -27.66
 847.00 -145.99  -9.34
 848.00 -50.78  76.24
 849.00 -55.31 -28.88
 850.00 -58.14 -33.54
 851.00 -74.00 -28.97
 852.00 -54.31 -40.36
 853.00 -70.24 -47.02
 854.00 -58.05 -43.70
 855.00 -73.93 -38.37
 856.00 -59.22 -28.61
 857.00 -56.86 -55.12
 858.00 -59.02 -49.73
 859.00 -66.90 -42.60
 860.00 -59.95 -34.93
 861.00 -80.88 -22.68
 862.00 -65.74 -43.46
 863.00 -67.13 -36.40
 864.00 -76.73 -37.80
 865.00 -67.65 -26.24
 866.00 -68.99 -34.43
 867.00 -55.50 -43.96
 868.00 -75.04 -31.31
 869.00 -47.81 -42.04
 870.00 -53.93 -52.51
 871.00 -70.55 -38.54
 872.00 -73.80 -35.73
 873.00 -46.43 -39.70
 874.00 -64.52 -52.06
 875.00 -68.64 -36.38
 876.00 -69.44 -45.20
 877.00 -64.69 -40.45
 878.00 -88.05 -30.57
 879.00 -67.54 -16.00
 880.00 -51.94 -57.28
 881.00 -67.31 -40.11
 882.00 -127.70  -9.18
 883.00 -62.39   9.74
 884.00 -62.90 -29.85
 885.00 -74.04 -32.39
 886.00 -99.14 -38.42
 887.00  64.40   4.10
 888.00 -84.23  19.60
 889.00 -82.85 122.73
 890.00 -135.05 139.38
 891.00 -61.47 126.69
 892.00 -58.96 145.23
 893.00 -63.56 -36.05
 894.00 -80.40 -34.49
 895.00 -65.42 -39.45
 896.00 -67.71 -29.94
 897.00 -57.51 -55.04
 898.00 -72.41 -36.91
 899.00 -84.94 -40.92
 900.00 -117.02 -21.81
 901.00 -82.57 -63.48
 902.00 -56.86 -45.89
 903.00 -51.07 -38.71
 904.00 -73.94 -41.00
 905.00 -48.41 -43.02
 906.00 -58.04 -62.66
 907.00 -69.09 -42.45
 908.00  87.07   8.71
 909.00 -70.93  -3.93
 910.00 -128.29 -18.04
 911.00 -137.73 140.12
 912.00 -78.84 146.38
 913.00 -96.94 162.37
 914.00 -84.79 107.79
 915.00 -69.23 142.60
 916.00 -147.60 -16.04
 917.00 -147.71 148.02


