 residuo Phi Psi
 669.00 -62.92 126.76
 670.00 -68.10 161.73
 671.00 -97.44 130.60
 672.00 -62.81 -17.06
 673.00 -62.49 -54.46
 674.00 -60.04 -34.19
 675.00 -43.80 -47.44
 676.00 -46.45 -65.01
 677.00 -77.73 -45.43
 678.00 -67.70 -36.62
 679.00 -90.48 -24.14
 680.00 -82.65   5.39
 681.00 -74.15 124.99
 682.00 -57.46 142.92
 683.00 -62.50 151.83
 684.00 -72.68 111.78
 685.00 -98.30 138.83
 686.00 -83.52 153.07
 687.00  74.22 -16.08
 688.00 -71.20  26.42
 689.00 -102.35 141.59
 690.00 -70.46  90.10
 691.00 -81.55   6.62
 692.00 -83.76 -16.33
 693.00 -64.26 153.52
 694.00 -82.05 149.52
 695.00 -157.49 150.50
 696.00 -52.76 162.22
 697.00 -59.42 -53.41
 698.00 -60.62 -48.62
 699.00 -75.41 -42.31
 700.00 -76.05 -48.02
 701.00 -62.68 -27.40
 702.00 -84.06 -30.39
 703.00 -56.94 -47.62
 704.00 -70.10 -34.32
 705.00 -73.47 -24.89
 706.00 -57.25 -44.32
 707.00 -68.20 -36.20
 708.00 -46.69 -44.23
 709.00 -64.94 -55.68
 710.00 -57.16 -41.67
 711.00 -62.55 -45.68
 712.00 -53.78 -46.06
 713.00 -80.87 -39.94
 714.00 -59.28 -30.76
 715.00 -71.36 -26.62
 716.00 -57.42 -46.58
 717.00 -57.42 -44.77
 718.00 -67.75 -53.29
 719.00 -60.54 -33.57
 720.00 -117.75 -12.63
 721.00 -45.90 -28.23
 722.00 -58.99 130.15
 723.00  73.36 150.63
 724.00 -72.61  -8.77
 725.00 -72.37 -29.66
 726.00 -68.59  -4.99
 727.00 -81.97 -17.35
 728.00 -66.76 143.94
 729.00 -56.93 147.70
 730.00 -73.19 -29.65
 731.00 -69.28 -34.11
 732.00 -61.54 -31.33
 733.00 -74.95 -46.73
 734.00 -56.35 -34.81
 735.00 -57.36 -67.03
 736.00 -66.58 -26.32
 737.00 -67.28 -53.16
 738.00 -95.27 -13.94
 739.00 -103.71 -21.74
 740.00 -58.11 -19.60
 741.00 -60.23 -41.15
 742.00 -69.49 -47.19
 743.00 -70.36 -41.00
 744.00 -49.94 -51.16
 745.00 -56.88 -53.64
 746.00 -63.49 -45.37
 747.00 -69.62 -46.55
 748.00 -66.41 -32.75
 749.00 -54.52 -37.34
 750.00 -57.58 -48.48
 751.00 -58.62 -41.32
 752.00 -62.17 -52.98
 753.00 -61.16 -39.69
 754.00 -88.68 -41.51
 755.00 -121.42  -8.73
 756.00 -150.06 -22.11
 757.00  45.13  31.64
 758.00  60.75  32.43
 759.00 -78.22   9.46
 760.00 -102.83 -44.58
 761.00 -95.44 163.74
 762.00 -91.09 110.88
 763.00 -57.16  64.98
 764.00 -154.50 -47.79
 765.00 -63.29 163.28
 766.00 -94.99 -21.52
 767.00 -133.18 -22.67
 768.00 -76.06  43.43
 769.00 -92.66 131.83
 770.00 -97.14 125.41
 771.00 -55.27 168.86
 772.00 -53.07 -24.51
 773.00 -59.62 -68.21
 774.00 -66.22 -35.59
 775.00 -77.51 -38.77
 776.00 -58.70 -44.94
 777.00 -67.63 -46.52
 778.00  59.47 -12.54
 779.00 -115.97  42.10
 780.00 -64.95  18.31
 781.00 -59.52 -48.09
 782.00 -58.70 -47.06
 783.00 -62.64 -40.42
 784.00 -56.90 -54.59
 785.00 -58.46 -38.93
 786.00 -50.86 -46.61
 787.00 -63.75 -43.74
 788.00 -57.65 -42.34
 789.00 -61.71 -38.30
 790.00 -85.10 -31.35
 791.00 -65.66 -31.73
 792.00 -72.76 -18.39
 793.00 -67.38 -20.05
 794.00 -64.83 -43.23
 795.00 -59.66 -37.00
 796.00 -72.47 -58.99
 797.00  52.10 -15.88
 798.00 -60.79  48.72
 799.00 -105.97 136.35
 800.00 -55.41 150.09
 801.00 -69.41 -24.56
 802.00 -61.25 -48.68
 803.00 -64.39 -38.16
 804.00 -56.19 -50.06
 805.00 -66.35 -48.89
 806.00 -63.13 -39.17
 807.00 -69.33 -41.70
 808.00 -66.90 -23.06
 809.00 -80.12 -42.51
 810.00 -43.85 -31.29
 811.00 -81.94 -25.84
 812.00 -100.98 -26.54
 813.00 -130.66  40.53
 814.00 -155.18  10.11
 815.00 -146.87 117.13
 816.00 -56.27 150.61
 817.00 -58.79 147.20
 818.00 -67.35 -45.35
 819.00  75.26  -8.33
 820.00 -75.66 176.60
 821.00 -62.32 167.86
 822.00 -97.25 -39.46
 823.00 -57.67  40.17
 824.00 -65.10 -32.78
 825.00 -62.03 -52.69
 826.00 -67.21 -30.71
 827.00 -66.86 -40.92
 828.00 -74.68 -29.57
 829.00 -66.55 -48.15
 830.00 -56.64 -40.33
 831.00 -58.67 -53.53
 832.00 -58.78 -31.30
 833.00 -64.32 -61.26
 834.00 -84.60 -13.68
 835.00 -55.75 -57.15
 836.00 -73.92 -21.33
 837.00 -56.18 -42.07
 838.00 -51.41 -49.22
 839.00 -57.28 -30.14
 840.00 -135.55 -37.03
 841.00 -75.60  26.47
 842.00 -57.05 141.38
 843.00 -164.28  99.31
 844.00 -111.78 176.27
 845.00 -64.97 109.03
 846.00 -58.07 -24.69
 847.00 -131.11 -23.64
 848.00 -65.14  91.92
 849.00 -53.47 -23.22
 850.00 -72.12 -36.89
 851.00 -76.51 -22.41
 852.00 -57.33 -47.07
 853.00 -76.22 -39.71
 854.00 -69.75 -27.25
 855.00 -63.41 -38.86
 856.00 -63.46 -43.95
 857.00 -65.65 -31.73
 858.00 -56.66 -46.48
 859.00 -66.14 -49.49
 860.00 -65.72 -29.48
 861.00 -56.30 -48.74
 862.00 -67.27 -42.60
 863.00 -74.32 -45.65
 864.00 -76.31 -10.80
 865.00 -71.74 -13.95
 866.00 -48.62 -49.95
 867.00 -70.51 -47.46
 868.00 -63.16 -33.38
 869.00 -62.24 -38.25
 870.00 -56.65 -40.08
 871.00 -61.45 -51.19
 872.00 -62.53 -46.43
 873.00 -73.27 -31.11
 874.00 -60.89 -48.05
 875.00 -82.35 -30.02
 876.00 -68.09 -45.35
 877.00 -75.93 -25.26
 878.00 -63.16 -29.45
 879.00 -63.11 -58.70
 880.00 -71.26 -22.49
 881.00 -82.39 -28.41
 882.00 -86.59 -38.82
 883.00 -52.65   1.90
 884.00 -58.46 -42.02
 885.00 -69.92 -46.80
 886.00 -86.88 -30.27
 887.00  53.57   5.28
 888.00 -79.04  17.64
 889.00 -61.09 110.95
 890.00 -130.14 145.59
 891.00 -56.84 123.27
 892.00 -59.78 141.94
 893.00 -56.76 -37.76
 894.00 -71.25 -42.18
 895.00 -54.58 -53.49
 896.00 -48.54 -46.88
 897.00 -69.32 -48.38
 898.00 -83.62 -29.51
 899.00 -106.89 -14.72
 900.00 -89.87 -28.73
 901.00 -82.61 -55.07
 902.00 -54.41 -52.70
 903.00 -64.81 -41.12
 904.00 -69.82 -16.29
 905.00 -78.31 -38.27
 906.00 -75.76 -38.05
 907.00 -82.19 -33.02
 908.00  77.44   9.36
 909.00 -83.38   8.30
 910.00 -124.35 -11.73
 911.00 -149.95 140.80
 912.00 -85.22 154.37
 913.00 -90.03 150.92
 914.00 -121.86 129.24
 915.00 -93.38 139.55
 916.00 -97.53 -26.17
 917.00 -77.62 144.89


