 residuo Phi Psi
 669.00 -67.30 169.04
 670.00 -73.11 148.70
 671.00 -45.65  71.17
 672.00 -54.71 -38.76
 673.00 -70.92 -31.45
 674.00 -66.19 -37.21
 675.00 -69.03 -36.74
 676.00 -57.24 -47.98
 677.00 -68.97 -41.63
 678.00 -66.87 -36.29
 679.00 -76.17 -39.80
 680.00 -67.39 -19.46
 681.00 -61.76 119.87
 682.00 -52.98 150.03
 683.00 -54.23 147.00
 684.00 -76.03 107.25
 685.00 -73.42 120.73
 686.00 -89.33 147.26
 687.00  75.85 -15.48
 688.00 -69.44  19.00
 689.00 -131.15 165.77
 690.00 -67.51  95.30
 691.00 -55.09  -7.65
 692.00 -80.95 -24.05
 693.00 -60.00 152.84
 694.00 -89.66 151.80
 695.00 -131.61 115.44
 696.00 -54.12 161.33
 697.00 -50.58 -54.20
 698.00 -50.37 -55.60
 699.00 -76.55 -51.57
 700.00 -82.98 -34.63
 701.00 -70.02 -22.29
 702.00 -58.17 -43.69
 703.00 -52.46 -55.18
 704.00 -62.90 -37.30
 705.00 -49.96 -55.38
 706.00 -66.57 -41.06
 707.00 -58.21 -28.44
 708.00 -69.78 -33.17
 709.00 -60.18 -51.28
 710.00 -73.96 -41.97
 711.00 -65.11 -41.61
 712.00 -52.95 -38.27
 713.00 -76.47 -45.55
 714.00 -66.76 -30.55
 715.00 -58.68 -49.08
 716.00 -71.10 -38.30
 717.00 -71.35 -34.86
 718.00 -68.85 -35.14
 719.00 -54.64 -49.30
 720.00 -93.10 -15.56
 721.00 -62.49 -23.06
 722.00 -60.32 139.03
 723.00  94.60 131.10
 724.00 -53.22 -28.36
 725.00 -65.48 -31.16
 726.00 -66.54 -14.85
 727.00 -79.50 -15.61
 728.00 -67.63 143.03
 729.00 -56.61 150.26
 730.00 -78.20 -31.65
 731.00 -64.65 -37.79
 732.00 -61.21 -44.07
 733.00 -62.10 -49.23
 734.00 -67.77 -32.09
 735.00 -63.15 -54.52
 736.00 -47.25 -43.95
 737.00 -67.21 -51.37
 738.00 -101.99  -6.97
 739.00 -84.49 -37.30
 740.00 -61.74 -16.22
 741.00 -62.96 -45.31
 742.00 -71.20 -45.70
 743.00 -53.95 -49.06
 744.00 -60.96 -45.42
 745.00 -58.24 -42.91
 746.00 -59.44 -46.19
 747.00 -59.34 -47.66
 748.00 -67.13 -41.96
 749.00 -53.97 -42.89
 750.00 -83.61 -31.58
 751.00 -51.18 -42.79
 752.00 -76.71 -38.34
 753.00 -62.93 -34.55
 754.00 -82.89 -53.64
 755.00 -93.51 -14.57
 756.00 -124.15 -67.47
 757.00  58.45  30.15
 758.00  60.46  37.17
 759.00 -71.76 -13.12
 760.00 -131.11 -17.65
 761.00 -95.36 157.69
 762.00 -108.49 119.45
 763.00 -70.24  76.81
 764.00 -150.82 -43.51
 765.00 -52.27 162.42
 766.00 -100.49 -29.66
 767.00 -139.81   3.96
 768.00 -77.67  47.18
 769.00 -100.07 130.06
 770.00 -67.95 118.14
 771.00 -58.48 175.92
 772.00 -54.07 -44.40
 773.00 -69.46 -47.42
 774.00 -62.77 -31.13
 775.00 -73.85 -37.08
 776.00 -53.93 -47.76
 777.00 -80.56 -40.37
 778.00  48.74   5.84
 779.00 -90.84  -4.74
 780.00 -71.84  37.72
 781.00 -49.89 -41.40
 782.00 -64.55 -51.80
 783.00 -71.33 -31.72
 784.00 -57.42 -36.24
 785.00 -69.73 -43.93
 786.00 -61.94 -41.58
 787.00 -59.17 -39.48
 788.00 -59.44 -43.59
 789.00 -61.53 -39.06
 790.00 -63.33 -39.52
 791.00 -62.40 -47.94
 792.00 -64.76 -33.24
 793.00 -70.05 -18.26
 794.00 -97.76 -24.04
 795.00 -65.73 -24.77
 796.00 -101.85 -25.34
 797.00  57.85 -10.02
 798.00 -71.05  62.11
 799.00 -78.26 121.60
 800.00 -61.23 151.59
 801.00 -56.59 -38.48
 802.00 -80.44 -31.10
 803.00 -59.13 -40.37
 804.00 -58.96 -49.97
 805.00 -74.29 -37.57
 806.00 -68.03 -37.30
 807.00 -62.51 -41.11
 808.00 -71.88 -35.75
 809.00 -66.13 -31.84
 810.00 -70.25 -31.57
 811.00 -58.48 -24.72
 812.00 -102.59 -25.95
 813.00 -119.47  26.96
 814.00 -155.72   3.11
 815.00 -132.36 116.49
 816.00 -64.58 166.79
 817.00 -73.16 155.41
 818.00 -77.37 -29.64
 819.00  70.63  -8.67
 820.00 -64.13 168.76
 821.00 -71.52 169.40
 822.00 -133.39 -15.89
 823.00 -65.69  89.94
 824.00 -57.20 -39.46
 825.00 -67.53 -37.17
 826.00 -73.54 -32.08
 827.00 -58.47 -46.03
 828.00 -57.42 -47.38
 829.00 -70.50 -41.19
 830.00 -43.53 -52.28
 831.00 -63.83 -49.42
 832.00 -67.44 -29.64
 833.00 -66.37 -43.49
 834.00 -56.23 -34.90
 835.00 -79.38 -59.44
 836.00 -82.36  -6.34
 837.00 -51.90 -43.08
 838.00 -55.45 -42.95
 839.00 -107.06 -20.77
 840.00 -88.06 -30.57
 841.00 -56.69 -11.95
 842.00 -87.79 151.87
 843.00 -161.58  95.64
 844.00 -83.79 163.87
 845.00 -78.49 111.72
 846.00 -73.42  -0.10
 847.00 -143.72 -24.96
 848.00 -62.15  69.79
 849.00 -61.44 -12.81
 850.00 -59.89 -27.03
 851.00 -69.79 -51.13
 852.00 -63.74 -39.36
 853.00 -67.77 -46.98
 854.00 -68.07 -35.89
 855.00 -59.20 -51.36
 856.00 -60.88 -39.37
 857.00 -61.96 -44.95
 858.00 -69.70 -37.72
 859.00 -74.48 -45.99
 860.00 -63.10 -19.26
 861.00 -61.34 -48.12
 862.00 -57.91 -39.28
 863.00 -62.44 -44.45
 864.00 -76.88 -27.49
 865.00 -90.71 -17.37
 866.00 -50.28 -22.17
 867.00 -73.68 -46.96
 868.00 -80.50 -23.15
 869.00 -63.35 -43.86
 870.00 -63.30 -42.76
 871.00 -65.72 -40.97
 872.00 -65.97 -38.20
 873.00 -51.85 -44.33
 874.00 -48.09 -62.15
 875.00 -66.89 -34.60
 876.00 -76.47 -51.87
 877.00 -48.38 -35.30
 878.00 -84.67 -44.27
 879.00 -71.08 -18.45
 880.00 -67.08 -29.30
 881.00 -72.59 -39.11
 882.00 -80.58 -36.54
 883.00 -62.76  -1.43
 884.00 -69.39 -41.27
 885.00 -62.08 -43.47
 886.00 -77.94 -43.05
 887.00  63.03   5.55
 888.00 -84.39  10.70
 889.00 -93.50 128.88
 890.00 -116.11 129.31
 891.00 -53.00 125.14
 892.00 -62.12 137.07
 893.00 -56.82 -44.91
 894.00 -84.10 -32.87
 895.00 -49.97 -44.24
 896.00 -62.61 -47.95
 897.00 -51.88 -55.06
 898.00 -81.59 -36.84
 899.00 -136.92  -3.96
 900.00 -126.96   2.22
 901.00 -106.79 -35.74
 902.00 -56.93 -47.14
 903.00 -55.66 -41.16
 904.00 -63.58 -23.88
 905.00 -72.85 -40.92
 906.00 -53.85 -45.77
 907.00 -96.30 -37.24
 908.00  80.42  -5.28
 909.00 -73.91  15.36
 910.00 -131.14 -12.90
 911.00 -156.26 137.74
 912.00 -71.11 152.30
 913.00 -123.51 167.65
 914.00 -92.92 112.35
 915.00 -69.19 140.29
 916.00 -100.66 -45.33
 917.00 -94.46 164.40


