 residuo Phi Psi
 669.00 -60.28 140.86
 670.00 -83.95 130.42
 671.00 -55.59  46.06
 672.00 -59.43 -34.71
 673.00 -76.76 -52.99
 674.00 -60.09 -25.27
 675.00 -77.69 -35.09
 676.00 -50.53 -63.31
 677.00 -73.91 -40.65
 678.00 -83.27 -19.39
 679.00 -97.51 -18.42
 680.00 -49.76 -13.05
 681.00 -50.56 128.04
 682.00 -80.98 153.36
 683.00 -70.85 -178.72
 684.00 -135.79 139.02
 685.00 -103.79 120.54
 686.00 -89.32 158.05
 687.00  95.64 -12.62
 688.00 -77.81  13.46
 689.00 -79.00 129.26
 690.00 -75.47 107.58
 691.00 -67.60 -12.34
 692.00 -66.71 -19.23
 693.00 -63.51 144.97
 694.00 -77.35 153.72
 695.00 -152.19 136.21
 696.00 -43.16 138.71
 697.00 -68.00 -75.10
 698.00 -61.69 -34.00
 699.00 -58.46 -40.42
 700.00 -79.55 -47.39
 701.00 -53.69 -40.63
 702.00 -64.45 -47.85
 703.00 -64.22 -39.15
 704.00 -60.60 -44.06
 705.00 -78.58 -30.95
 706.00 -61.17 -39.05
 707.00 -52.26 -37.90
 708.00 -75.02 -46.19
 709.00 -60.70 -39.34
 710.00 -64.59 -46.73
 711.00 -55.67 -48.77
 712.00 -50.38 -43.49
 713.00 -77.17 -47.14
 714.00 -70.19 -42.08
 715.00 -70.01 -33.86
 716.00 -65.80 -35.84
 717.00 -60.08 -34.31
 718.00 -65.53 -48.55
 719.00 -48.50 -46.75
 720.00 -78.08 -39.20
 721.00 -52.35 -16.46
 722.00 -53.92 140.22
 723.00  74.61 142.97
 724.00 -55.96  -7.97
 725.00 -70.74 -35.09
 726.00 -68.27 -14.95
 727.00 -88.12 -21.51
 728.00 -72.72 156.00
 729.00 -65.57 147.48
 730.00 -96.87 -26.08
 731.00 -70.63 -13.77
 732.00 -54.51 -46.09
 733.00 -71.73 -46.69
 734.00 -72.60 -21.53
 735.00 -60.56 -52.06
 736.00 -57.02 -40.58
 737.00 -65.55 -58.51
 738.00 -92.93 -20.57
 739.00 -86.37 -29.29
 740.00 -41.90 -28.11
 741.00 -59.67 -38.57
 742.00 -65.82 -51.46
 743.00 -77.73 -26.83
 744.00 -76.60 -44.00
 745.00 -68.97 -36.92
 746.00 -77.88 -27.29
 747.00 -71.92 -38.88
 748.00 -68.44 -34.98
 749.00 -45.53 -41.66
 750.00 -72.64 -60.42
 751.00 -62.29 -29.25
 752.00 -76.66 -31.53
 753.00 -61.81 -34.85
 754.00 -82.45 -52.50
 755.00 -67.32 -47.05
 756.00 -149.83 -33.06
 757.00  48.12  24.33
 758.00  60.67  29.41
 759.00 -70.45   6.85
 760.00 -92.92 -50.58
 761.00 -114.49 162.00
 762.00 -74.56 105.62
 763.00 -65.57  74.07
 764.00 -141.79 -50.42
 765.00 -56.08 170.13
 766.00 -81.12 -42.48
 767.00 -130.60 -18.52
 768.00 -86.15  73.68
 769.00 -78.31 131.81
 770.00 -49.86  86.92
 771.00 -69.76 160.31
 772.00 -58.26 -30.29
 773.00 -75.78 -35.03
 774.00 -47.03 -46.07
 775.00 -75.32 -34.05
 776.00 -55.65 -56.83
 777.00 -64.72 -42.40
 778.00  71.02  -0.96
 779.00 -80.35 -35.39
 780.00 -67.32  53.29
 781.00 -65.08 -47.80
 782.00 -62.29 -37.06
 783.00 -74.36 -34.02
 784.00 -67.48 -33.03
 785.00 -54.05 -46.29
 786.00 -73.87 -44.54
 787.00 -67.95 -30.96
 788.00 -57.67 -44.26
 789.00 -71.09 -31.48
 790.00 -60.76 -46.04
 791.00 -71.74 -37.41
 792.00 -56.54 -21.17
 793.00 -61.85 -25.11
 794.00 -96.43 -31.67
 795.00 -62.89 -32.31
 796.00 -80.37 -39.59
 797.00  36.98 -11.26
 798.00 -70.16  72.93
 799.00 -81.48 130.90
 800.00 -57.37 152.19
 801.00 -58.04 -36.04
 802.00 -63.97 -51.75
 803.00 -67.21 -29.33
 804.00 -62.51 -45.58
 805.00 -53.69 -45.11
 806.00 -68.14 -55.66
 807.00 -59.15 -39.54
 808.00 -72.20 -35.63
 809.00 -61.71 -42.63
 810.00 -57.77 -31.32
 811.00 -67.14 -27.06
 812.00 -91.93 -43.52
 813.00 -131.79  43.69
 814.00 -156.27   8.75
 815.00 -151.00 123.57
 816.00 -54.82 158.39
 817.00 -70.48 159.86
 818.00 -87.27 -24.25
 819.00  76.25  -2.36
 820.00 -71.27 171.66
 821.00 -55.53 -179.78
 822.00 -120.04 -50.44
 823.00 -80.73  94.59
 824.00 -55.45 -19.23
 825.00 -65.83 -51.31
 826.00 -76.85 -24.03
 827.00 -49.34 -51.60
 828.00 -77.56 -35.31
 829.00 -54.04 -45.24
 830.00 -60.82 -48.60
 831.00 -69.97 -39.21
 832.00 -54.49 -50.12
 833.00 -73.02 -40.28
 834.00 -55.46 -41.90
 835.00 -66.55 -45.78
 836.00 -75.22 -50.74
 837.00 -71.03 -14.94
 838.00 -61.41 -56.83
 839.00 -56.83 -29.86
 840.00 -107.53 -30.89
 841.00 -47.26 -14.20
 842.00 -77.36 140.55
 843.00 -169.59 106.29
 844.00 -81.12 150.46
 845.00 -71.14 100.20
 846.00 -55.77   3.58
 847.00 -136.40 -31.01
 848.00 -67.81 126.40
 849.00 -60.41 -27.15
 850.00 -73.06 -19.52
 851.00 -71.40 -43.76
 852.00 -67.17 -25.57
 853.00 -61.85 -50.69
 854.00 -58.31 -43.86
 855.00 -63.23 -46.80
 856.00 -62.40 -42.93
 857.00 -58.77 -49.65
 858.00 -65.53 -42.05
 859.00 -77.40 -33.10
 860.00 -65.65 -17.21
 861.00 -50.70 -49.77
 862.00 -56.00 -53.45
 863.00 -51.45 -56.02
 864.00 -72.17 -28.30
 865.00 -71.23 -26.50
 866.00 -51.90 -39.96
 867.00 -76.13 -41.07
 868.00 -81.80 -18.81
 869.00 -66.31 -36.04
 870.00 -70.91 -41.80
 871.00 -65.85 -35.55
 872.00 -69.02 -40.14
 873.00 -56.80 -40.64
 874.00 -66.11 -48.71
 875.00 -65.24 -40.18
 876.00 -78.66 -36.08
 877.00 -66.38 -31.55
 878.00 -48.31 -46.68
 879.00 -71.36 -46.15
 880.00 -58.94 -39.08
 881.00 -65.39 -40.76
 882.00 -81.63 -43.76
 883.00 -56.22   1.43
 884.00 -67.26 -39.90
 885.00 -63.29 -41.62
 886.00 -96.11 -40.26
 887.00  73.46   8.95
 888.00 -82.08  15.37
 889.00 -99.70 140.57
 890.00 -128.57 147.26
 891.00 -71.01 139.76
 892.00 -70.17 155.73
 893.00 -62.28 -38.68
 894.00 -80.61 -37.71
 895.00 -72.81 -34.20
 896.00 -78.93 -42.31
 897.00 -61.96 -26.80
 898.00 -67.27 -55.32
 899.00 -103.24 -25.03
 900.00 -131.46 -11.72
 901.00 -87.16 -48.13
 902.00 -53.43 -39.38
 903.00 -60.47 -43.09
 904.00 -64.73 -25.11
 905.00 -68.90 -33.45
 906.00 -78.33 -57.55
 907.00 -95.42 -17.51
 908.00  89.93   0.35
 909.00 -59.59   2.94
 910.00 -117.77 -25.68
 911.00 -130.97 141.53
 912.00 -57.03 137.72
 913.00 -97.99 153.97
 914.00 -118.98 121.65
 915.00 -74.86 143.03
 916.00 -86.29 -62.99
 917.00 -90.21 168.01


