 residuo Phi Psi
 669.00 -54.05 104.05
 670.00 -75.79 155.32
 671.00 -60.13 147.77
 672.00 -44.56 -26.16
 673.00 -78.02 -44.60
 674.00 -59.70 -29.25
 675.00 -73.74 -44.06
 676.00 -67.38 -38.91
 677.00 -76.39 -34.55
 678.00 -63.68 -42.66
 679.00 -77.12 -33.82
 680.00 -80.71  -8.60
 681.00 -76.97 125.49
 682.00 -72.53 153.04
 683.00 -72.44 171.15
 684.00 -136.39 150.08
 685.00 -85.70 143.92
 686.00 -81.12 150.97
 687.00  68.40  -6.61
 688.00 -68.37  20.01
 689.00 -90.91 122.92
 690.00 -63.76  94.02
 691.00 -87.51  -1.53
 692.00 -121.33  27.42
 693.00 -63.80 141.46
 694.00 -64.78 133.40
 695.00 -116.14 136.19
 696.00 -47.12 158.41
 697.00 -73.82 -44.84
 698.00 -67.40 -37.92
 699.00 -67.72 -40.52
 700.00 -72.28 -53.71
 701.00 -69.06 -34.55
 702.00 -74.23 -31.54
 703.00 -64.57 -33.37
 704.00 -70.62 -33.15
 705.00 -68.99 -37.80
 706.00 -53.28 -43.89
 707.00 -63.28 -43.94
 708.00 -55.47 -42.15
 709.00 -56.82 -53.16
 710.00 -76.60 -38.10
 711.00 -63.88 -35.35
 712.00 -52.79 -47.97
 713.00 -72.19 -40.66
 714.00 -62.38 -41.86
 715.00 -62.89 -52.93
 716.00 -60.50 -31.85
 717.00 -70.63 -44.66
 718.00 -76.31 -40.72
 719.00 -72.74 -27.21
 720.00 -75.85 -30.18
 721.00 -63.25 -22.94
 722.00 -66.91 142.83
 723.00  75.54 137.02
 724.00 -49.16 -17.31
 725.00 -60.58 -34.27
 726.00 -75.33 -23.47
 727.00 -100.39   3.84
 728.00 -70.85 147.03
 729.00 -41.44 145.44
 730.00 -56.26 -46.32
 731.00 -69.21 -42.02
 732.00 -65.78 -42.64
 733.00 -61.30 -43.53
 734.00 -61.14 -41.66
 735.00 -67.73 -55.33
 736.00 -64.53 -32.36
 737.00 -64.57 -47.70
 738.00 -74.48 -44.42
 739.00 -80.75 -40.97
 740.00 -57.73  -5.59
 741.00 -74.63 -42.13
 742.00 -62.71 -31.06
 743.00 -55.24 -54.22
 744.00 -66.88 -41.53
 745.00 -76.82 -46.75
 746.00 -69.83 -31.46
 747.00 -62.96 -47.17
 748.00 -69.28 -37.44
 749.00 -55.34 -43.31
 750.00 -74.91 -42.91
 751.00 -45.86 -46.25
 752.00 -75.38 -38.01
 753.00 -57.69 -43.45
 754.00 -87.02 -34.76
 755.00 -84.82 -46.05
 756.00 -152.74 -22.97
 757.00  59.10  17.71
 758.00  56.61  21.78
 759.00 -64.42  19.19
 760.00 -150.77 -24.64
 761.00 -106.15 172.88
 762.00 -99.70 112.89
 763.00 -60.80  66.30
 764.00 -138.89 -53.47
 765.00 -51.25 157.70
 766.00 -96.23 -33.60
 767.00 -120.45  -8.02
 768.00 -85.48  53.55
 769.00 -114.33 145.86
 770.00 -70.72 108.23
 771.00 -56.65 175.00
 772.00 -71.06 -43.29
 773.00 -80.10 -28.44
 774.00 -56.40 -40.42
 775.00 -73.39 -33.04
 776.00 -63.74 -49.89
 777.00 -78.56 -29.86
 778.00  50.49  -2.14
 779.00 -127.64  37.72
 780.00 -51.63  14.20
 781.00 -65.02 -38.56
 782.00 -50.40 -56.12
 783.00 -57.85 -50.56
 784.00 -82.07 -34.57
 785.00 -68.60 -28.53
 786.00 -77.22 -31.58
 787.00 -84.50 -24.61
 788.00 -55.92 -44.58
 789.00 -65.15 -34.91
 790.00 -59.56 -43.44
 791.00 -59.70 -40.27
 792.00 -64.44 -31.87
 793.00 -51.78 -34.69
 794.00 -88.43 -41.43
 795.00 -73.18 -15.07
 796.00 -89.72 -36.67
 797.00  42.12   1.68
 798.00 -75.23  49.44
 799.00 -92.36 136.71
 800.00 -55.88 158.39
 801.00 -89.61 -23.76
 802.00 -54.04 -44.40
 803.00 -62.33 -40.34
 804.00 -66.69 -55.85
 805.00 -56.88 -32.39
 806.00 -66.93 -49.32
 807.00 -64.52 -39.00
 808.00 -72.76 -25.38
 809.00 -57.43 -41.97
 810.00 -66.19 -32.30
 811.00 -67.58 -25.50
 812.00 -100.05 -33.08
 813.00 -121.81  33.73
 814.00 -155.70   5.72
 815.00 -153.45 133.88
 816.00 -56.98 168.45
 817.00 -73.24 159.24
 818.00 -89.14 -22.68
 819.00  81.14  -1.01
 820.00 -90.28 175.36
 821.00 -70.08 165.39
 822.00 -84.60 -43.48
 823.00 -61.68  31.38
 824.00 -59.76 -36.15
 825.00 -79.73 -36.59
 826.00 -57.87 -37.43
 827.00 -51.51 -57.25
 828.00 -73.59 -37.24
 829.00 -59.28 -46.20
 830.00 -61.62 -46.02
 831.00 -62.36 -44.08
 832.00 -64.09 -34.81
 833.00 -77.95 -46.84
 834.00 -72.92 -12.11
 835.00 -69.51 -63.04
 836.00 -87.95 -24.19
 837.00 -79.73  -9.57
 838.00 -60.94 -46.59
 839.00 -73.04 -16.47
 840.00 -125.88 -29.46
 841.00 -63.76   5.21
 842.00 -75.76 138.62
 843.00 -126.79  58.23
 844.00 -95.02 167.31
 845.00 -64.12 107.17
 846.00 -65.28 -15.33
 847.00 -109.92 -12.76
 848.00 -66.15  72.16
 849.00 -67.01 -33.17
 850.00 -61.70 -39.19
 851.00 -62.14 -42.97
 852.00 -50.79 -50.01
 853.00 -54.51 -42.65
 854.00 -57.23 -50.84
 855.00 -69.78 -42.18
 856.00 -67.34 -33.38
 857.00 -71.32 -49.28
 858.00 -72.57 -27.38
 859.00 -48.81 -44.80
 860.00 -55.76 -45.64
 861.00 -84.58 -28.68
 862.00 -48.84 -53.54
 863.00 -89.96 -26.14
 864.00 -60.63 -35.51
 865.00 -67.12 -27.91
 866.00 -52.75 -32.94
 867.00 -79.51 -48.15
 868.00 -73.56 -20.81
 869.00 -63.27 -34.21
 870.00 -57.43 -35.87
 871.00 -71.24 -40.95
 872.00 -79.21 -30.93
 873.00 -52.77 -36.48
 874.00 -63.36 -51.97
 875.00 -72.64 -30.18
 876.00 -62.71 -50.96
 877.00 -70.19 -27.68
 878.00 -61.77 -48.79
 879.00 -96.80  -8.53
 880.00 -52.76 -49.15
 881.00 -73.98 -42.39
 882.00 -131.83  -3.42
 883.00 -55.30  19.20
 884.00 -77.43 -47.47
 885.00 -60.51 -30.41
 886.00 -84.35 -53.00
 887.00  68.33   8.18
 888.00 -93.83  18.12
 889.00 -97.73 131.19
 890.00 -133.49 150.47
 891.00 -70.72 132.26
 892.00 -55.40 129.99
 893.00 -50.03 -51.82
 894.00 -79.22 -38.96
 895.00 -53.32 -50.94
 896.00 -68.04 -29.31
 897.00 -90.32 -15.43
 898.00 -61.14 -38.81
 899.00 -84.72 -34.65
 900.00 -118.34 -31.26
 901.00 -89.43 -49.05
 902.00 -61.02 -35.37
 903.00 -61.64 -33.85
 904.00 -60.79 -33.46
 905.00 -70.96 -42.68
 906.00 -75.43 -44.19
 907.00 -62.60 -38.79
 908.00  87.11 -22.27
 909.00 -71.89  14.75
 910.00 -118.89 -20.45
 911.00 -142.17 133.76
 912.00 -77.64 152.66
 913.00 -94.09 156.13
 914.00 -58.04  69.76
 915.00 -76.91 131.27
 916.00 -118.19 -25.69
 917.00 -134.53 133.49


