 residuo Phi Psi
 669.00 -83.71 163.14
 670.00 -70.53 148.77
 671.00 -62.71 164.93
 672.00 -51.34 -35.60
 673.00 -73.02 -33.04
 674.00 -72.80 -23.11
 675.00 -75.02 -18.94
 676.00 -42.06 -61.02
 677.00 -65.03 -46.08
 678.00 -76.57 -35.27
 679.00 -85.97 -32.27
 680.00 -83.06  -8.53
 681.00 -67.19 114.25
 682.00 -88.39 167.64
 683.00 -70.83 -173.99
 684.00 -143.96 142.52
 685.00 -78.82 132.43
 686.00 -66.14 145.45
 687.00  82.57 -31.08
 688.00 -78.41  24.96
 689.00 -72.32 121.78
 690.00 -66.95  72.13
 691.00 -75.43   0.95
 692.00 -70.80 -34.14
 693.00 -57.55 154.58
 694.00 -63.57 124.64
 695.00 -136.36 135.31
 696.00 -53.64 160.69
 697.00 -54.90 -58.31
 698.00 -76.80 -35.28
 699.00 -72.59 -49.69
 700.00 -86.24 -30.37
 701.00 -76.73 -23.79
 702.00 -71.58 -39.95
 703.00 -77.74 -20.71
 704.00 -71.32 -32.18
 705.00 -66.98 -41.89
 706.00 -66.02 -34.39
 707.00 -58.54 -37.78
 708.00 -72.02 -32.99
 709.00 -63.88 -40.41
 710.00 -60.06 -42.93
 711.00 -53.19 -44.61
 712.00 -54.06 -44.59
 713.00 -51.52 -65.86
 714.00 -69.07 -37.90
 715.00 -74.31 -40.33
 716.00 -44.79 -39.10
 717.00 -62.36 -48.71
 718.00 -63.41 -53.15
 719.00 -51.12 -42.10
 720.00 -91.41 -40.58
 721.00 -69.53 -19.87
 722.00 -67.16 143.12
 723.00  83.27 140.95
 724.00 -64.84  -2.04
 725.00 -60.08 -28.30
 726.00 -76.43 -29.35
 727.00 -86.59  -5.31
 728.00 -73.45 149.33
 729.00 -46.22 146.70
 730.00 -65.45 -38.85
 731.00 -72.10 -32.22
 732.00 -60.07 -52.00
 733.00 -60.24 -49.59
 734.00 -51.12 -50.37
 735.00 -58.04 -64.12
 736.00 -59.74 -30.33
 737.00 -65.96 -61.33
 738.00 -79.42 -30.74
 739.00 -109.61 -20.03
 740.00 -59.41 -13.55
 741.00 -86.73 -32.09
 742.00 -65.75 -27.19
 743.00 -50.82 -55.55
 744.00 -67.50 -51.12
 745.00 -73.38 -37.12
 746.00 -63.63 -27.84
 747.00 -55.88 -55.67
 748.00 -62.19 -33.39
 749.00 -66.74 -45.23
 750.00 -68.97 -31.57
 751.00 -53.85 -46.60
 752.00 -61.46 -46.85
 753.00 -57.20 -43.02
 754.00 -56.05 -64.15
 755.00 -73.78 -53.30
 756.00 -142.02 -40.39
 757.00  58.59  22.01
 758.00  57.04  22.11
 759.00 -75.58  21.89
 760.00 -138.59 -26.24
 761.00 -94.63 158.68
 762.00 -124.83 143.13
 763.00 -66.66  77.25
 764.00 -148.10 -49.22
 765.00 -60.10 167.02
 766.00 -114.14 -18.96
 767.00 -98.54 -39.59
 768.00 -76.14  57.52
 769.00 -112.59 132.17
 770.00 -64.48  92.89
 771.00 -58.83 167.21
 772.00 -57.69 -30.95
 773.00 -71.46 -43.80
 774.00 -63.43 -32.86
 775.00 -71.28 -42.64
 776.00 -66.64 -52.15
 777.00 -87.83 -30.85
 778.00  59.95  -5.24
 779.00 -116.59  34.83
 780.00 -72.47  36.17
 781.00 -73.32 -33.97
 782.00 -57.50 -39.39
 783.00 -52.65 -53.62
 784.00 -52.35 -50.87
 785.00 -72.88 -46.59
 786.00 -83.42 -18.09
 787.00 -63.24 -34.61
 788.00 -54.40 -41.70
 789.00 -74.50 -28.89
 790.00 -54.45 -43.83
 791.00 -67.00 -38.84
 792.00 -64.77 -29.11
 793.00 -69.83 -30.19
 794.00 -80.69 -24.22
 795.00 -66.38 -47.10
 796.00 -98.82 -32.52
 797.00  48.60   0.22
 798.00 -80.26  60.10
 799.00 -90.57 140.10
 800.00 -46.74 152.36
 801.00 -70.89 -33.97
 802.00 -69.19 -43.75
 803.00 -57.38 -32.28
 804.00 -71.80 -55.63
 805.00 -78.38 -31.66
 806.00 -69.29 -40.17
 807.00 -74.55 -21.14
 808.00 -54.06 -45.65
 809.00 -73.58 -40.97
 810.00 -71.74 -18.11
 811.00 -86.08 -20.53
 812.00 -119.45 -14.57
 813.00 -144.57  47.07
 814.00 -153.78   8.89
 815.00 -127.73 129.13
 816.00 -70.77 152.75
 817.00 -56.50 148.61
 818.00 -44.49 -43.63
 819.00  92.39 -40.35
 820.00 -91.96 158.17
 821.00 -57.32 147.02
 822.00 -97.22 -51.54
 823.00 -73.98  51.51
 824.00 -55.41 -33.09
 825.00 -77.14 -36.75
 826.00 -55.71 -42.39
 827.00 -66.19 -46.47
 828.00 -60.57 -36.57
 829.00 -75.16 -40.54
 830.00 -54.52 -35.54
 831.00 -56.73 -52.86
 832.00 -72.86 -39.05
 833.00 -73.08 -47.89
 834.00 -64.19 -17.61
 835.00 -60.41 -58.94
 836.00 -61.94 -31.94
 837.00 -67.54 -41.33
 838.00 -51.67 -53.61
 839.00 -70.80 -32.03
 840.00 -108.46 -34.55
 841.00 -46.48 -12.90
 842.00 -75.57 129.75
 843.00 -70.81  29.20
 844.00 -74.13 163.24
 845.00 -70.83  97.13
 846.00 -62.11 -15.53
 847.00 -130.21 -24.65
 848.00 -65.29  97.11
 849.00 -65.37  -9.45
 850.00 -69.86 -32.10
 851.00 -67.78 -33.94
 852.00 -80.21 -30.34
 853.00 -55.01 -34.67
 854.00 -58.92 -56.91
 855.00 -59.26 -49.17
 856.00 -67.36 -40.51
 857.00 -69.85 -42.12
 858.00 -71.21 -27.85
 859.00 -81.26 -36.49
 860.00 -62.96 -26.20
 861.00 -62.75 -39.49
 862.00 -62.66 -44.94
 863.00 -72.85 -39.31
 864.00 -123.24   2.71
 865.00 -87.58 -15.12
 866.00 -58.09 -29.21
 867.00 -54.10 -50.30
 868.00 -59.36 -41.78
 869.00 -63.95 -42.35
 870.00 -52.46 -42.58
 871.00 -62.14 -50.40
 872.00 -89.99 -22.05
 873.00 -62.88 -38.35
 874.00 -64.66 -30.04
 875.00 -56.57 -50.31
 876.00 -72.07 -46.63
 877.00 -70.50 -38.59
 878.00 -78.08 -40.62
 879.00 -97.35   3.57
 880.00 -57.15 -50.05
 881.00 -53.57 -35.00
 882.00 -130.99 -14.45
 883.00 -43.40  15.53
 884.00 -66.59 -58.86
 885.00 -66.89 -30.61
 886.00 -81.02 -47.90
 887.00  75.56 -10.40
 888.00 -91.74  34.82
 889.00 -101.60 130.55
 890.00 -151.52 163.54
 891.00 -72.90 129.24
 892.00 -63.96 139.61
 893.00 -78.03 -31.89
 894.00 -91.14 -19.06
 895.00 -77.00 -26.20
 896.00 -56.56 -32.89
 897.00 -68.07 -29.37
 898.00 -66.43 -45.61
 899.00 -63.89 -45.48
 900.00 -100.24 -49.70
 901.00 -87.65 -45.22
 902.00 -67.23 -33.58
 903.00 -60.88 -36.78
 904.00 -74.07 -23.10
 905.00 -69.41 -38.64
 906.00 -58.81 -48.10
 907.00 -89.45 -34.91
 908.00  73.46  -1.08
 909.00 -75.04  10.84
 910.00 -119.41 -18.33
 911.00 -149.37 144.11
 912.00 -52.36 118.87
 913.00 -81.13 144.18
 914.00 -66.39  99.49
 915.00 -84.27 143.10
 916.00 -109.95 -36.63
 917.00 -83.80 160.51


