 residuo Phi Psi
 669.00 -77.33 141.88
 670.00 -66.36 159.33
 671.00 -155.40 142.65
 672.00 -56.31  -9.18
 673.00 -79.01 -46.36
 674.00 -73.37 -15.68
 675.00 -63.14 -44.03
 676.00 -59.17 -50.10
 677.00 -74.09 -37.12
 678.00 -90.21 -21.89
 679.00 -80.47 -37.59
 680.00 -79.20  -0.30
 681.00 -58.14 112.36
 682.00 -69.89 166.33
 683.00 -57.71 167.63
 684.00 -109.16 139.24
 685.00 -99.06 131.50
 686.00 -69.97 157.82
 687.00  57.58 -25.18
 688.00 -68.71  36.59
 689.00 -84.90 156.87
 690.00 -68.82  65.50
 691.00 -73.37  -5.50
 692.00 -97.17 -26.86
 693.00 -65.09 162.91
 694.00 -67.52 152.97
 695.00 -155.76 150.77
 696.00 -52.16 130.41
 697.00 -68.54 -43.93
 698.00 -80.97 -27.36
 699.00 -65.82 -42.19
 700.00 -60.53 -43.83
 701.00 -64.76 -40.89
 702.00 -68.01 -34.24
 703.00 -52.84 -48.77
 704.00 -74.27 -37.86
 705.00 -78.16 -40.19
 706.00 -58.41 -34.26
 707.00 -64.54 -42.60
 708.00 -55.83 -37.38
 709.00 -64.60 -43.73
 710.00 -61.53 -45.24
 711.00 -50.40 -54.92
 712.00 -57.97 -45.41
 713.00 -66.39 -46.80
 714.00 -66.83 -37.13
 715.00 -68.59 -32.49
 716.00 -75.88 -47.76
 717.00 -53.76 -27.14
 718.00 -62.53 -64.27
 719.00 -54.55 -38.48
 720.00 -114.20 -17.06
 721.00 -74.73   9.85
 722.00 -54.46 152.74
 723.00  56.46 144.96
 724.00 -48.50 -18.35
 725.00 -63.47 -43.04
 726.00 -59.86 -11.29
 727.00 -76.50 -24.66
 728.00 -69.57 144.08
 729.00 -56.05 146.51
 730.00 -74.24 -26.28
 731.00 -74.11 -37.29
 732.00 -53.82 -32.30
 733.00 -63.10 -46.31
 734.00 -68.20 -40.93
 735.00 -75.44 -40.06
 736.00 -74.95 -32.71
 737.00 -56.03 -49.22
 738.00 -101.82 -26.04
 739.00 -96.85 -22.95
 740.00 -52.18 -12.68
 741.00 -60.03 -51.79
 742.00 -68.52 -42.96
 743.00 -57.66 -44.69
 744.00 -74.47 -49.45
 745.00 -61.47 -34.31
 746.00 -54.17 -54.02
 747.00 -58.89 -46.80
 748.00 -52.87 -55.21
 749.00 -73.57 -29.43
 750.00 -70.75 -42.38
 751.00 -59.12 -35.20
 752.00 -62.69 -44.50
 753.00 -65.73 -41.30
 754.00 -93.39 -38.39
 755.00 -126.10  -3.98
 756.00 -143.23 -21.60
 757.00  47.41  24.93
 758.00  68.54  35.78
 759.00 -76.86 -18.26
 760.00 -76.71 -45.83
 761.00 -112.22 169.88
 762.00 -121.15 137.48
 763.00 -59.11  73.59
 764.00 -136.17 -63.77
 765.00 -55.69 164.70
 766.00 -91.02 -32.70
 767.00 -125.48  -7.97
 768.00 -83.78  55.93
 769.00 -100.99 123.44
 770.00 -95.15 112.87
 771.00 -65.34 -175.65
 772.00 -69.22 -23.22
 773.00 -60.34 -48.65
 774.00 -54.97 -47.29
 775.00 -64.58 -35.85
 776.00 -79.14 -50.52
 777.00 -80.81 -23.72
 778.00  46.32   6.82
 779.00 -122.65  25.49
 780.00 -69.13  46.80
 781.00 -56.46 -46.89
 782.00 -59.87 -41.86
 783.00 -60.31 -60.48
 784.00 -64.84 -34.32
 785.00 -67.10 -44.93
 786.00 -61.75 -32.23
 787.00 -56.90 -42.63
 788.00 -54.41 -48.85
 789.00 -61.78 -42.18
 790.00 -67.74 -33.83
 791.00 -64.86 -51.78
 792.00 -63.99 -17.91
 793.00 -54.90 -44.52
 794.00 -80.18 -38.48
 795.00 -77.81 -25.03
 796.00 -90.39 -27.43
 797.00  55.20 -22.74
 798.00 -68.12  70.89
 799.00 -93.61 135.66
 800.00 -63.00 159.37
 801.00 -69.34 -26.22
 802.00 -62.73 -47.77
 803.00 -64.31 -36.43
 804.00 -55.68 -49.97
 805.00 -83.32 -28.87
 806.00 -54.47 -49.14
 807.00 -65.65 -38.27
 808.00 -46.70 -51.07
 809.00 -74.14 -34.41
 810.00 -64.63 -38.38
 811.00 -68.48 -23.88
 812.00 -105.52 -26.33
 813.00 -136.68  57.44
 814.00 -158.50   4.72
 815.00 -135.64 122.95
 816.00 -51.23 152.50
 817.00 -69.39 147.76
 818.00 -94.02 -22.02
 819.00  83.75 -10.50
 820.00 -65.85 172.96
 821.00 -70.29 162.19
 822.00 -119.32 -32.18
 823.00 -54.94  73.91
 824.00 -63.40 -29.64
 825.00 -82.54 -26.41
 826.00 -83.53 -15.17
 827.00 -57.27 -47.60
 828.00 -65.32 -36.14
 829.00 -57.61 -51.83
 830.00 -56.53 -48.62
 831.00 -59.37 -42.02
 832.00 -67.89 -41.48
 833.00 -71.03 -43.11
 834.00 -55.44 -27.46
 835.00 -57.21 -55.31
 836.00 -59.93 -45.43
 837.00 -61.60 -40.06
 838.00 -61.71 -42.09
 839.00 -93.61 -17.95
 840.00 -122.67  -9.76
 841.00 -62.66  -5.36
 842.00 -91.29 155.68
 843.00 -100.35  48.17
 844.00 -83.33 163.70
 845.00 -57.93  93.19
 846.00 -49.08 -24.08
 847.00 -108.50 -43.34
 848.00 -53.47 102.18
 849.00 -55.06 -28.35
 850.00 -61.79 -38.05
 851.00 -72.54 -36.48
 852.00 -50.44 -43.92
 853.00 -60.54 -51.55
 854.00 -69.13 -37.89
 855.00 -43.69 -55.77
 856.00 -65.43 -53.34
 857.00 -67.46 -34.30
 858.00 -74.28 -32.58
 859.00 -65.08 -44.61
 860.00 -60.74 -30.39
 861.00 -62.55 -40.36
 862.00 -71.47 -41.96
 863.00 -69.57 -34.02
 864.00 -77.08 -17.84
 865.00 -60.83 -25.57
 866.00 -60.12 -56.59
 867.00 -75.78 -31.05
 868.00 -75.75 -25.18
 869.00 -56.59 -39.85
 870.00 -69.88 -38.03
 871.00 -61.69 -34.78
 872.00 -53.46 -54.51
 873.00 -55.08 -45.91
 874.00 -63.33 -48.05
 875.00 -74.81 -24.88
 876.00 -83.99 -35.11
 877.00 -65.53 -41.43
 878.00 -81.65 -36.76
 879.00 -75.50 -15.48
 880.00 -61.97 -46.95
 881.00 -53.17 -38.22
 882.00 -116.92 -26.15
 883.00 -48.28  13.61
 884.00 -68.30 -33.69
 885.00 -63.34 -38.28
 886.00 -75.10 -50.83
 887.00  68.57  -9.27
 888.00 -99.29  26.52
 889.00 -74.64 125.07
 890.00 -132.60 147.08
 891.00 -61.48 141.43
 892.00 -69.22 154.51
 893.00 -60.47 -46.22
 894.00 -66.80 -45.85
 895.00 -79.02 -36.43
 896.00 -45.42 -36.66
 897.00 -51.07 -69.69
 898.00 -65.46 -47.48
 899.00 -76.66 -42.24
 900.00 -127.73 -20.18
 901.00 -100.62 -34.62
 902.00 -60.08 -45.13
 903.00 -63.87 -44.56
 904.00 -64.61 -17.59
 905.00 -60.26 -38.03
 906.00 -74.93 -47.56
 907.00 -76.03 -32.68
 908.00  80.42 -18.07
 909.00 -58.25   8.59
 910.00 -141.37 -11.54
 911.00 -133.79 138.94
 912.00 -75.96 144.92
 913.00 -90.43 146.74
 914.00 -121.19 140.78
 915.00 -98.39 162.04
 916.00 -141.98 -17.79
 917.00 -120.22 158.05


