 residuo Phi Psi
 669.00 -85.63 159.53
 670.00 -69.96 150.05
 671.00 -57.27 126.74
 672.00 -59.88 -31.86
 673.00 -63.90 -51.34
 674.00 -76.29 -29.66
 675.00 -69.46 -32.70
 676.00 -53.71 -45.34
 677.00 -62.92 -56.56
 678.00 -64.91 -27.99
 679.00 -77.88 -39.73
 680.00 -60.08  -8.34
 681.00 -75.27 120.66
 682.00 -68.70 152.23
 683.00 -70.13 154.49
 684.00 -107.19 134.14
 685.00 -83.54 135.66
 686.00 -58.21 148.18
 687.00  83.24 -33.64
 688.00 -84.72  24.25
 689.00 -124.93 149.21
 690.00 -76.31 104.16
 691.00 -66.55   1.88
 692.00 -89.16 -25.06
 693.00 -71.04 154.16
 694.00 -51.68 138.72
 695.00 -146.65 121.66
 696.00 -54.54 153.17
 697.00 -67.25 -60.52
 698.00 -68.62 -33.23
 699.00 -68.96 -40.41
 700.00 -71.15 -51.84
 701.00 -71.67 -28.20
 702.00 -70.01 -31.58
 703.00 -65.51 -38.31
 704.00 -69.26 -31.20
 705.00 -47.00 -49.98
 706.00 -65.50 -49.44
 707.00 -65.36 -29.77
 708.00 -66.09 -51.60
 709.00 -67.40 -23.13
 710.00 -55.30 -44.52
 711.00 -63.11 -39.48
 712.00 -49.23 -45.04
 713.00 -67.94 -57.83
 714.00 -70.44 -29.79
 715.00 -66.78 -36.12
 716.00 -46.61 -45.00
 717.00 -83.36 -35.23
 718.00 -42.74 -55.42
 719.00 -45.73 -56.23
 720.00 -73.93 -54.35
 721.00 -72.58  -7.36
 722.00 -66.01 130.81
 723.00 111.12 123.16
 724.00 -54.01 -26.08
 725.00 -55.02 -50.26
 726.00 -78.93 -24.57
 727.00 -70.60 -17.21
 728.00 -66.81 148.18
 729.00 -57.24 166.83
 730.00 -82.17 -37.22
 731.00 -83.85 -15.29
 732.00 -60.31 -45.59
 733.00 -63.92 -49.09
 734.00 -61.64 -36.53
 735.00 -65.73 -59.57
 736.00 -63.28 -30.60
 737.00 -66.87 -58.91
 738.00 -91.39 -15.12
 739.00 -93.73 -19.32
 740.00 -40.90 -18.10
 741.00 -71.49 -52.99
 742.00 -69.95 -45.38
 743.00 -56.37 -37.57
 744.00 -60.57 -45.26
 745.00 -67.54 -53.19
 746.00 -54.21 -39.91
 747.00 -64.86 -50.23
 748.00 -65.44 -43.48
 749.00 -53.78 -43.69
 750.00 -74.99 -46.35
 751.00 -71.32 -35.38
 752.00 -61.70 -45.10
 753.00 -69.12 -24.72
 754.00 -74.32 -51.84
 755.00 -85.56 -33.12
 756.00 -139.75 -40.16
 757.00  47.33  16.67
 758.00  42.84  39.17
 759.00 -97.61  32.23
 760.00 -141.69  -6.69
 761.00 -105.74 163.94
 762.00 -107.51 135.15
 763.00 -69.55  70.54
 764.00 -143.56 -44.81
 765.00 -60.71 171.39
 766.00 -93.95 -36.62
 767.00 -135.35   3.56
 768.00 -81.81  56.21
 769.00 -96.08 122.98
 770.00 -80.78 107.66
 771.00 -58.69 165.72
 772.00 -65.23 -30.92
 773.00 -80.00 -28.21
 774.00 -58.08 -39.12
 775.00 -72.09 -36.76
 776.00 -81.65 -44.00
 777.00 -83.22 -25.00
 778.00  54.19  -5.22
 779.00 -134.72  54.24
 780.00 -62.35  24.27
 781.00 -62.15 -40.63
 782.00 -65.12 -46.52
 783.00 -72.74 -32.86
 784.00 -66.57 -44.86
 785.00 -66.38 -30.57
 786.00 -50.21 -61.55
 787.00 -60.28 -39.87
 788.00 -61.17 -48.70
 789.00 -60.24 -37.75
 790.00 -66.17 -37.60
 791.00 -57.30 -37.07
 792.00 -66.17 -34.63
 793.00 -60.56 -29.79
 794.00 -83.25 -34.21
 795.00 -52.71 -39.90
 796.00 -96.69 -38.11
 797.00  34.14  -8.67
 798.00 -59.46  70.79
 799.00 -83.36 136.93
 800.00 -52.30 151.33
 801.00 -68.83 -36.05
 802.00 -71.49 -35.82
 803.00 -57.82 -40.10
 804.00 -82.14 -41.26
 805.00 -77.17 -14.81
 806.00 -56.04 -50.13
 807.00 -56.43 -44.21
 808.00 -63.28 -42.27
 809.00 -65.56 -39.75
 810.00 -64.82 -33.43
 811.00 -84.71 -18.07
 812.00 -119.80  -3.11
 813.00 -141.60  35.83
 814.00 -154.32  -0.76
 815.00 -141.40 130.91
 816.00 -54.83 154.22
 817.00 -57.12 140.10
 818.00 -57.35 -33.26
 819.00  76.98 -17.58
 820.00 -76.40 157.09
 821.00 -80.32 165.68
 822.00 -69.60 -47.73
 823.00 -58.86  35.75
 824.00 -66.33 -45.14
 825.00 -69.11 -39.21
 826.00 -59.67 -42.88
 827.00 -61.46 -46.40
 828.00 -55.89 -41.20
 829.00 -51.79 -62.79
 830.00 -65.77 -29.99
 831.00 -68.95 -48.70
 832.00 -67.36 -27.56
 833.00 -59.87 -47.75
 834.00 -68.90 -38.18
 835.00 -71.51 -34.50
 836.00 -66.41 -37.71
 837.00 -53.71 -37.33
 838.00 -45.15 -63.01
 839.00 -61.83 -44.88
 840.00 -96.44 -38.04
 841.00 -66.06   3.17
 842.00 -70.82 145.10
 843.00 -77.78   8.61
 844.00 -79.36 163.30
 845.00 -66.36  94.77
 846.00 -76.12  -9.74
 847.00 -126.26  -8.21
 848.00 -57.45  70.64
 849.00 -72.66 -37.08
 850.00 -64.60 -30.31
 851.00 -73.16 -45.37
 852.00 -68.33 -25.07
 853.00 -80.29 -43.91
 854.00 -53.08 -35.60
 855.00 -69.08 -48.56
 856.00 -58.29 -38.28
 857.00 -60.48 -42.22
 858.00 -79.61 -27.64
 859.00 -56.14 -48.03
 860.00 -67.41 -34.79
 861.00 -67.32 -37.69
 862.00 -67.69 -45.16
 863.00 -69.52 -33.25
 864.00 -85.26 -29.49
 865.00 -65.44  -5.58
 866.00 -70.41 -44.51
 867.00 -64.72 -35.29
 868.00 -69.07 -37.67
 869.00 -69.10 -33.40
 870.00 -66.36 -36.97
 871.00 -58.44 -42.43
 872.00 -69.88 -44.85
 873.00 -63.09 -35.41
 874.00 -64.85 -39.00
 875.00 -55.86 -47.02
 876.00 -68.72 -41.75
 877.00 -77.44 -42.03
 878.00 -64.11 -32.51
 879.00 -84.69 -17.53
 880.00 -65.90 -40.21
 881.00 -66.24 -35.98
 882.00 -135.10 -17.48
 883.00 -55.32  34.33
 884.00 -58.63 -37.76
 885.00 -69.06 -39.94
 886.00 -72.30 -46.02
 887.00  49.43 -12.39
 888.00 -98.86  45.31
 889.00 -78.60 133.92
 890.00 -140.39 147.85
 891.00 -66.78 103.71
 892.00 -60.46 132.53
 893.00 -69.05 -26.30
 894.00 -78.04 -49.47
 895.00 -41.28 -45.02
 896.00 -70.53 -41.08
 897.00 -61.17 -38.71
 898.00 -68.11 -47.20
 899.00 -73.75 -41.54
 900.00 -121.46 -32.48
 901.00 -103.41 -29.03
 902.00 -63.71 -34.94
 903.00 -64.21 -33.69
 904.00 -73.73 -20.49
 905.00 -69.99 -36.22
 906.00 -65.77 -39.77
 907.00 -62.99 -58.66
 908.00  84.35   5.43
 909.00 -89.82  30.00
 910.00 -125.83  -4.80
 911.00 -139.86 147.72
 912.00 -79.63 149.35
 913.00 -95.72 152.29
 914.00 -60.86  86.63
 915.00 -78.07 136.93
 916.00 -76.45 -52.11
 917.00 -59.90 167.01


