 residuo Phi Psi
 669.00 -61.74 107.43
 670.00 -76.38 154.02
 671.00 -121.79  64.04
 672.00 -66.67   9.45
 673.00 -52.20 -24.78
 674.00 -62.49 -54.77
 675.00 -73.96 -29.13
 676.00 -53.46 -43.89
 677.00 -73.54 -40.65
 678.00 -88.49 -22.09
 679.00 -69.52 -38.56
 680.00 -58.65  -7.13
 681.00 -66.76 129.30
 682.00 -90.46 160.26
 683.00 -48.41 145.84
 684.00 -116.54 124.56
 685.00 -85.58 144.75
 686.00 -78.87 157.14
 687.00  85.94 -21.16
 688.00 -100.28  34.47
 689.00 -135.22 151.08
 690.00 -64.12 109.09
 691.00 -67.34  -6.65
 692.00 -84.02 -17.46
 693.00 -55.12 127.88
 694.00 -77.92 146.62
 695.00 -117.92 123.65
 696.00 -56.12 146.72
 697.00 -61.21 -70.23
 698.00 -66.82 -33.03
 699.00 -64.20 -32.47
 700.00 -86.95 -32.43
 701.00 -66.87 -37.43
 702.00 -85.24 -19.56
 703.00 -58.95 -34.02
 704.00 -62.34 -48.81
 705.00 -69.52 -30.92
 706.00 -47.81 -55.65
 707.00 -60.28 -32.82
 708.00 -67.49 -54.49
 709.00 -67.84 -31.00
 710.00 -68.96 -42.39
 711.00 -61.89 -42.22
 712.00 -75.91 -29.69
 713.00 -61.19 -46.68
 714.00 -68.74 -27.10
 715.00 -60.02 -44.88
 716.00 -61.16 -42.93
 717.00 -74.37 -37.48
 718.00 -61.84 -41.47
 719.00 -57.32 -42.74
 720.00 -87.64 -25.90
 721.00 -51.32 -33.24
 722.00 -61.81 132.01
 723.00  83.49 145.95
 724.00 -62.29 -13.12
 725.00 -74.29 -42.57
 726.00 -72.31   7.57
 727.00 -95.99 -13.54
 728.00 -57.64 136.98
 729.00 -59.37 151.20
 730.00 -68.47 -25.43
 731.00 -86.80 -25.83
 732.00 -63.22 -28.99
 733.00 -68.80 -47.26
 734.00 -55.25 -47.00
 735.00 -67.97 -58.53
 736.00 -68.72 -29.48
 737.00 -67.29 -34.78
 738.00 -109.36 -23.46
 739.00 -100.40 -15.46
 740.00 -51.96 -15.48
 741.00 -50.96 -57.12
 742.00 -65.87 -59.47
 743.00 -62.46 -43.83
 744.00 -53.67 -59.34
 745.00 -76.40 -38.31
 746.00 -59.82 -35.96
 747.00 -65.03 -38.52
 748.00 -67.05 -33.95
 749.00 -66.62 -34.86
 750.00 -55.64 -45.12
 751.00 -46.12 -53.33
 752.00 -61.14 -51.90
 753.00 -59.05 -43.48
 754.00 -70.02 -56.06
 755.00 -126.23 -21.79
 756.00 -151.02 -17.36
 757.00  59.31  41.50
 758.00  66.17  24.69
 759.00 -73.30 -18.62
 760.00 -74.18 -46.62
 761.00 -81.33 144.79
 762.00 -95.41 118.76
 763.00 -58.16  85.95
 764.00 -152.82 -53.56
 765.00 -72.32 176.75
 766.00 -78.39 -33.50
 767.00 -84.55 -48.85
 768.00 -63.16  48.06
 769.00 -98.56 129.94
 770.00 -69.57 111.36
 771.00 -67.33 176.93
 772.00 -53.51 -46.81
 773.00 -51.49 -47.95
 774.00 -64.43 -31.15
 775.00 -65.45 -50.19
 776.00 -63.70 -39.03
 777.00 -78.54 -38.87
 778.00  58.70   8.33
 779.00 -135.51  31.07
 780.00 -63.91  32.93
 781.00 -60.31 -43.60
 782.00 -66.68 -36.75
 783.00 -62.74 -50.47
 784.00 -57.81 -32.22
 785.00 -72.66 -48.58
 786.00 -52.96 -33.83
 787.00 -61.69 -45.39
 788.00 -65.36 -44.04
 789.00 -55.98 -41.40
 790.00 -55.80 -45.04
 791.00 -57.74 -45.77
 792.00 -73.40 -27.93
 793.00 -59.67 -29.03
 794.00 -66.16 -43.22
 795.00 -74.80 -43.92
 796.00 -77.33 -36.41
 797.00  55.91 -18.41
 798.00 -74.16  61.38
 799.00 -83.12 131.40
 800.00 -63.50 160.30
 801.00 -65.01 -29.27
 802.00 -77.59 -42.16
 803.00 -55.93 -42.77
 804.00 -67.85 -41.96
 805.00 -69.29 -37.80
 806.00 -77.78 -30.11
 807.00 -58.06 -44.61
 808.00 -50.78 -38.74
 809.00 -50.34 -63.39
 810.00 -63.12 -29.17
 811.00 -73.15 -16.58
 812.00 -98.24 -30.68
 813.00 -97.72  19.89
 814.00 -149.26  -4.88
 815.00 -136.70 118.26
 816.00 -58.12 166.12
 817.00 -64.87 161.76
 818.00 -78.67 -34.28
 819.00  74.92   0.51
 820.00 -75.79 179.10
 821.00 -43.04 167.45
 822.00 -124.99 -51.45
 823.00 -44.83  56.96
 824.00 -48.55 -33.35
 825.00 -76.50 -33.52
 826.00 -56.69 -39.82
 827.00 -55.71 -46.54
 828.00 -63.96 -43.91
 829.00 -68.66 -41.86
 830.00 -68.05 -42.04
 831.00 -60.77 -43.41
 832.00 -63.60 -40.82
 833.00 -82.59 -21.00
 834.00 -69.50 -31.73
 835.00 -70.49 -37.77
 836.00 -74.13 -30.01
 837.00 -70.88 -23.91
 838.00 -59.62 -50.47
 839.00 -71.03 -27.68
 840.00 -124.41 -15.84
 841.00 -57.26  -8.58
 842.00 -69.28 150.54
 843.00 -71.75  17.60
 844.00 -75.10 153.45
 845.00 -57.85  96.06
 846.00 -70.47 -25.88
 847.00 -129.23 -15.63
 848.00 -68.74  63.64
 849.00 -64.37  -6.78
 850.00 -62.57 -34.00
 851.00 -78.03 -29.49
 852.00 -64.24 -22.53
 853.00 -62.94 -56.86
 854.00 -59.67 -39.89
 855.00 -52.87 -50.38
 856.00 -52.66 -51.21
 857.00 -67.46 -42.07
 858.00 -59.80 -37.10
 859.00 -61.40 -49.24
 860.00 -56.11 -47.45
 861.00 -59.18 -49.43
 862.00 -69.38 -47.08
 863.00 -66.24 -33.90
 864.00 -82.68 -15.67
 865.00 -66.85 -16.72
 866.00 -59.16 -53.73
 867.00 -62.41 -30.24
 868.00 -70.32 -40.45
 869.00 -56.31 -43.56
 870.00 -63.74 -44.94
 871.00 -56.90 -50.11
 872.00 -77.31 -38.94
 873.00 -54.76 -36.84
 874.00 -58.61 -48.42
 875.00 -66.75 -45.05
 876.00 -82.00 -35.03
 877.00 -77.67 -30.22
 878.00 -82.55 -18.06
 879.00 -68.34 -30.63
 880.00 -75.28 -41.60
 881.00 -65.54 -37.44
 882.00 -120.47 -23.72
 883.00 -56.41  27.16
 884.00 -75.14 -29.17
 885.00 -92.61 -12.02
 886.00 -78.05 -52.44
 887.00  58.10 -12.55
 888.00 -102.87  42.54
 889.00 -95.22 135.52
 890.00 -110.03 132.26
 891.00 -71.45 138.83
 892.00 -60.71 126.07
 893.00 -63.34 -47.42
 894.00 -74.71 -33.16
 895.00 -66.84 -44.12
 896.00 -75.40 -13.27
 897.00 -62.24 -46.97
 898.00 -62.11 -46.13
 899.00 -99.78 -26.05
 900.00 -88.70 -39.18
 901.00 -107.91 -38.90
 902.00 -54.26 -39.11
 903.00 -62.05 -43.83
 904.00 -57.79 -27.83
 905.00 -65.11 -38.94
 906.00 -69.21 -48.32
 907.00 -74.54 -38.31
 908.00  77.89  -4.75
 909.00 -61.90  -2.03
 910.00 -129.69 -19.00
 911.00 -134.99 142.34
 912.00 -59.56 128.35
 913.00 -109.02 148.77
 914.00 -113.88 137.62
 915.00 -73.62 131.31
 916.00 -149.51 -12.72
 917.00 -139.12 159.40


