 residuo Phi Psi
 669.00 -60.06 102.88
 670.00 -68.73 154.99
 671.00 -52.99 130.62
 672.00 -54.10 -39.42
 673.00 -79.15 -39.53
 674.00 -64.71 -31.85
 675.00 -64.89 -35.56
 676.00 -68.10 -51.62
 677.00 -60.20 -34.11
 678.00 -75.72 -40.12
 679.00 -74.48 -44.53
 680.00 -70.17  -9.57
 681.00 -80.80 128.55
 682.00 -79.75 170.92
 683.00 -56.54 155.01
 684.00 -105.80 126.91
 685.00 -85.33 141.35
 686.00 -76.71 154.40
 687.00  85.40 -19.43
 688.00 -82.85  20.58
 689.00 -92.53 130.09
 690.00 -60.31  86.74
 691.00 -75.55   6.28
 692.00 -105.47 -10.74
 693.00 -67.40 139.18
 694.00 -72.67 154.03
 695.00 -150.93 129.75
 696.00 -65.43 150.52
 697.00 -65.48 -45.88
 698.00 -66.93 -39.83
 699.00 -57.49 -38.43
 700.00 -69.58 -55.73
 701.00 -67.99 -25.16
 702.00 -63.54 -48.83
 703.00 -54.28 -35.38
 704.00 -66.52 -45.44
 705.00 -79.91 -30.51
 706.00 -49.28 -36.95
 707.00 -54.01 -52.09
 708.00 -67.49 -49.46
 709.00 -81.47 -21.41
 710.00 -66.03 -33.65
 711.00 -43.84 -37.84
 712.00 -59.28 -69.27
 713.00 -62.23 -40.96
 714.00 -55.11 -38.43
 715.00 -65.99 -46.49
 716.00 -63.01 -39.40
 717.00 -64.37 -46.79
 718.00 -66.20 -45.40
 719.00 -71.53 -30.21
 720.00 -129.12   1.65
 721.00 -67.88  -9.94
 722.00 -52.59 132.65
 723.00  65.06 146.37
 724.00 -60.24 -13.46
 725.00 -58.59 -31.86
 726.00 -70.72 -23.52
 727.00 -64.07 -37.46
 728.00 -52.05 140.41
 729.00 -70.55 150.82
 730.00 -74.99 -18.36
 731.00 -70.08 -31.42
 732.00 -70.51 -36.57
 733.00 -55.88 -54.24
 734.00 -73.47 -26.29
 735.00 -73.97 -60.53
 736.00 -62.41 -19.31
 737.00 -57.95 -71.08
 738.00 -91.72 -15.63
 739.00 -88.37 -35.97
 740.00 -49.16 -18.92
 741.00 -56.55 -56.16
 742.00 -53.48 -52.60
 743.00 -60.89 -43.66
 744.00 -64.39 -41.73
 745.00 -69.31 -50.36
 746.00 -65.71 -31.07
 747.00 -60.19 -41.54
 748.00 -78.66 -46.17
 749.00 -47.48 -32.69
 750.00 -60.87 -57.39
 751.00 -72.84 -43.66
 752.00 -65.71 -32.07
 753.00 -54.82 -41.33
 754.00 -59.35 -65.36
 755.00 -96.94 -43.79
 756.00 -148.02 -31.53
 757.00  40.53  22.74
 758.00  49.80  44.89
 759.00 -78.06  24.35
 760.00 -130.03 -28.95
 761.00 -95.21 172.23
 762.00 -78.31 106.93
 763.00 -58.46  69.19
 764.00 -169.41 -43.02
 765.00 -50.00 164.82
 766.00 -80.80 -44.27
 767.00 -129.35 -12.16
 768.00 -66.40  40.15
 769.00 -83.73 110.70
 770.00 -55.66  80.97
 771.00 -62.37 172.13
 772.00 -51.83 -37.22
 773.00 -62.88 -57.52
 774.00 -58.90 -32.90
 775.00 -88.02 -38.49
 776.00 -76.42 -32.33
 777.00 -78.50 -24.36
 778.00  47.57 -12.14
 779.00 -99.30  39.40
 780.00 -56.87  17.61
 781.00 -71.64 -38.71
 782.00 -76.02 -31.95
 783.00 -66.82 -35.14
 784.00 -66.91 -48.83
 785.00 -78.94 -26.21
 786.00 -59.65 -40.92
 787.00 -73.44 -28.78
 788.00 -57.75 -47.09
 789.00 -70.74 -33.61
 790.00 -65.20 -36.07
 791.00 -51.24 -47.04
 792.00 -58.01 -34.47
 793.00 -54.17 -42.24
 794.00 -75.55 -34.44
 795.00 -52.11 -45.49
 796.00 -108.84 -40.69
 797.00  32.56  12.45
 798.00 -82.30  70.78
 799.00 -87.64 138.86
 800.00 -45.41 148.48
 801.00 -71.18 -42.68
 802.00 -69.92 -36.18
 803.00 -46.77 -48.88
 804.00 -59.60 -52.88
 805.00 -82.36 -36.14
 806.00 -61.81 -35.87
 807.00 -59.87 -34.28
 808.00 -58.54 -58.17
 809.00 -72.72 -32.25
 810.00 -65.44 -29.49
 811.00 -75.54 -17.44
 812.00 -117.92 -15.72
 813.00 -138.86  35.79
 814.00 -138.20  -6.25
 815.00 -147.61 134.91
 816.00 -56.71 166.00
 817.00 -63.49 159.94
 818.00 -79.63 -26.00
 819.00  97.28 -24.90
 820.00 -78.71 163.56
 821.00 -65.61 168.78
 822.00 -90.58 -47.02
 823.00 -68.17  52.76
 824.00 -59.33 -46.17
 825.00 -72.85 -32.30
 826.00 -55.53 -50.11
 827.00 -53.96 -46.07
 828.00 -61.00 -40.30
 829.00 -57.15 -55.71
 830.00 -66.48 -40.10
 831.00 -64.20 -47.63
 832.00 -70.00 -31.42
 833.00 -57.61 -48.23
 834.00 -60.26 -37.65
 835.00 -81.45 -49.32
 836.00 -64.32 -25.31
 837.00 -50.42 -55.43
 838.00 -56.11 -39.24
 839.00 -71.41 -43.92
 840.00 -118.87 -10.98
 841.00 -55.61  -8.01
 842.00 -74.21 126.30
 843.00 -73.52  35.95
 844.00 -67.24 155.49
 845.00 -56.79  98.89
 846.00 -59.73 -28.51
 847.00 -115.94 -14.00
 848.00 -45.78  71.79
 849.00 -54.45 -39.23
 850.00 -64.88 -47.57
 851.00 -44.09 -49.22
 852.00 -68.53 -42.51
 853.00 -58.46 -39.19
 854.00 -67.15 -44.77
 855.00 -47.56 -53.17
 856.00 -63.04 -46.39
 857.00 -68.00 -49.45
 858.00 -80.00 -24.31
 859.00 -62.45 -42.39
 860.00 -61.71 -36.26
 861.00 -67.34 -37.86
 862.00 -60.51 -47.02
 863.00 -62.09 -38.76
 864.00 -84.74 -25.11
 865.00 -64.98 -20.74
 866.00 -68.20 -36.37
 867.00 -68.23 -37.57
 868.00 -76.95 -30.48
 869.00 -56.69 -41.21
 870.00 -74.58 -39.65
 871.00 -83.05 -29.51
 872.00 -77.36 -32.83
 873.00 -65.93 -25.65
 874.00 -61.19 -52.42
 875.00 -73.41 -35.88
 876.00 -57.26 -54.98
 877.00 -78.31 -32.56
 878.00 -62.12 -35.07
 879.00 -86.47 -16.91
 880.00 -61.87 -47.67
 881.00 -65.42 -33.95
 882.00 -121.46 -25.42
 883.00 -48.68  16.69
 884.00 -78.60 -38.32
 885.00 -60.41 -33.12
 886.00 -85.61 -41.02
 887.00  65.20 -17.94
 888.00 -96.64  41.56
 889.00 -56.15 125.07
 890.00 -132.12 129.69
 891.00 -54.74  92.58
 892.00 -49.01 132.77
 893.00 -59.57 -47.09
 894.00 -88.02 -34.74
 895.00 -58.91 -36.37
 896.00 -73.11 -34.57
 897.00 -67.14 -15.84
 898.00 -66.98 -52.05
 899.00 -67.27 -40.44
 900.00 -115.31 -36.93
 901.00 -94.78 -35.75
 902.00 -55.56 -53.59
 903.00 -56.99 -32.88
 904.00 -80.30 -24.62
 905.00 -70.92 -24.82
 906.00 -52.66 -55.49
 907.00 -87.00 -39.16
 908.00  78.93  10.16
 909.00 -75.06  -7.75
 910.00 -125.06  -9.25
 911.00 -114.06 116.35
 912.00 -55.56 132.20
 913.00 -86.95 152.50
 914.00 -70.53  90.62
 915.00 -85.98 141.64
 916.00 -95.15 -38.99
 917.00 -71.23 155.37


