 residuo Phi Psi
 669.00 -79.35 164.18
 670.00 -73.29 174.87
 671.00 -53.86 157.17
 672.00 -64.63 -37.98
 673.00 -78.56 -46.04
 674.00 -60.48 -27.32
 675.00 -66.40 -29.96
 676.00 -56.34 -48.76
 677.00 -60.27 -43.44
 678.00 -88.14 -30.72
 679.00 -66.59 -53.97
 680.00 -57.61 -20.58
 681.00 -60.18 107.06
 682.00 -68.77 169.72
 683.00 -70.04 159.01
 684.00 -91.20 130.22
 685.00 -91.20 153.57
 686.00 -95.38 167.22
 687.00  74.40 -24.87
 688.00 -69.63  23.26
 689.00 -91.88 134.83
 690.00 -47.10  78.13
 691.00 -91.39 -11.83
 692.00 -149.96  30.86
 693.00 -75.44 156.50
 694.00 -62.47 149.91
 695.00 -145.20 117.98
 696.00 -50.50 164.26
 697.00 -59.50 -45.92
 698.00 -75.27 -44.05
 699.00 -72.90 -47.54
 700.00 -90.70 -31.51
 701.00 -62.05 -28.85
 702.00 -77.99 -37.48
 703.00 -70.65 -27.09
 704.00 -63.69 -41.27
 705.00 -69.49 -35.21
 706.00 -59.05 -48.50
 707.00 -50.36 -33.00
 708.00 -61.97 -59.15
 709.00 -60.47 -41.99
 710.00 -55.39 -45.67
 711.00 -61.20 -41.97
 712.00 -58.62 -36.89
 713.00 -80.46 -41.52
 714.00 -65.23 -26.73
 715.00 -68.19 -43.66
 716.00 -68.75 -35.55
 717.00 -77.75 -26.75
 718.00 -63.64 -46.24
 719.00 -62.97 -40.43
 720.00 -90.42 -30.60
 721.00 -72.98  -9.89
 722.00 -61.59 123.66
 723.00  85.67 129.53
 724.00 -56.74 -10.23
 725.00 -78.06 -36.50
 726.00 -57.21   7.44
 727.00 -76.01 -29.28
 728.00 -60.69 141.49
 729.00 -52.34 149.45
 730.00 -55.37 -38.39
 731.00 -68.89 -56.00
 732.00 -41.72 -34.73
 733.00 -64.63 -50.18
 734.00 -77.32 -26.68
 735.00 -64.28 -54.64
 736.00 -66.10 -22.09
 737.00 -63.98 -47.98
 738.00 -71.41 -35.90
 739.00 -96.32 -36.86
 740.00 -54.96 -20.61
 741.00 -67.77 -46.14
 742.00 -58.27 -41.70
 743.00 -69.46 -47.10
 744.00 -73.87 -31.90
 745.00 -62.02 -42.61
 746.00 -52.84 -51.41
 747.00 -66.32 -51.89
 748.00 -70.29 -26.62
 749.00 -63.08 -41.96
 750.00 -59.01 -45.03
 751.00 -56.15 -60.13
 752.00 -73.76 -33.93
 753.00 -72.07 -29.52
 754.00 -80.37 -40.25
 755.00 -98.67 -35.51
 756.00 -124.87 -35.59
 757.00  44.89   8.90
 758.00  60.00  44.87
 759.00 -66.10  14.04
 760.00 -138.24 -34.91
 761.00 -75.34 156.03
 762.00 -99.20 110.90
 763.00 -60.50  64.65
 764.00 -151.95 -37.03
 765.00 -68.44 176.88
 766.00 -117.13 -11.99
 767.00 -98.47 -32.67
 768.00 -126.93  86.05
 769.00 -102.14 127.39
 770.00 -78.65 102.70
 771.00 -57.83 -179.86
 772.00 -72.30 -39.17
 773.00 -70.02 -29.00
 774.00 -65.90 -37.03
 775.00 -90.77 -21.76
 776.00 -65.21 -40.84
 777.00 -75.12 -43.14
 778.00  52.75  -0.42
 779.00 -135.23  42.00
 780.00 -64.29  45.77
 781.00 -72.21 -48.81
 782.00 -61.24 -37.97
 783.00 -58.77 -44.22
 784.00 -66.78 -38.63
 785.00 -65.50 -28.16
 786.00 -81.37 -34.26
 787.00 -60.46 -32.51
 788.00 -59.12 -58.83
 789.00 -61.42 -39.14
 790.00 -52.15 -35.62
 791.00 -71.47 -36.28
 792.00 -71.29 -22.70
 793.00 -56.93 -42.32
 794.00 -65.70 -42.57
 795.00 -48.84 -52.79
 796.00 -65.22 -64.20
 797.00  59.17 -17.98
 798.00 -69.62  68.58
 799.00 -74.38 128.42
 800.00 -57.71 156.44
 801.00 -77.08 -38.32
 802.00 -64.24 -31.48
 803.00 -60.23 -43.33
 804.00 -45.06 -58.26
 805.00 -63.92 -50.38
 806.00 -53.53 -46.93
 807.00 -59.54 -37.91
 808.00 -73.82 -42.86
 809.00 -86.41 -27.89
 810.00 -62.53 -24.11
 811.00 -69.89 -23.08
 812.00 -112.31 -22.34
 813.00 -135.87  46.57
 814.00 -158.83  19.34
 815.00 -150.98 118.76
 816.00 -71.93 165.88
 817.00 -56.85 144.64
 818.00 -94.89 -25.56
 819.00  91.54   6.84
 820.00 -58.32 166.70
 821.00 -81.41 172.47
 822.00 -93.54 -26.95
 823.00 -65.39  39.60
 824.00 -51.09 -35.00
 825.00 -78.21 -49.44
 826.00 -61.63 -32.62
 827.00 -52.63 -58.01
 828.00 -79.98 -31.59
 829.00 -56.98 -39.12
 830.00 -51.02 -51.59
 831.00 -60.07 -51.38
 832.00 -69.86 -50.08
 833.00 -75.63 -26.82
 834.00 -58.16 -27.54
 835.00 -63.85 -48.70
 836.00 -69.40 -38.56
 837.00 -51.68 -43.21
 838.00 -52.85 -57.78
 839.00 -81.69 -12.11
 840.00 -136.63 -17.79
 841.00 -53.07  -0.11
 842.00 -91.31 125.49
 843.00 -141.99  90.40
 844.00 -59.66 149.23
 845.00 -62.56  91.61
 846.00 -74.83 -21.36
 847.00 -142.95  -7.07
 848.00 -67.85  83.20
 849.00 -45.84  -9.79
 850.00 -53.41 -50.03
 851.00 -69.03 -42.01
 852.00 -60.91 -44.28
 853.00 -68.24 -42.75
 854.00 -68.42 -35.20
 855.00 -61.36 -43.04
 856.00 -52.49 -42.24
 857.00 -55.70 -48.97
 858.00 -69.97 -39.52
 859.00 -67.04 -39.07
 860.00 -68.23 -32.97
 861.00 -67.17 -33.52
 862.00 -69.25 -44.07
 863.00 -68.67 -30.35
 864.00 -95.07 -13.99
 865.00 -90.27 -14.17
 866.00 -55.31 -36.47
 867.00 -63.82 -44.14
 868.00 -73.67 -30.26
 869.00 -61.61 -38.80
 870.00 -66.94 -34.62
 871.00 -55.85 -45.72
 872.00 -77.99 -39.37
 873.00 -75.64 -34.45
 874.00 -66.14 -28.34
 875.00 -52.13 -47.81
 876.00 -60.35 -56.10
 877.00 -79.10 -33.20
 878.00 -44.75 -46.90
 879.00 -76.99 -41.01
 880.00 -56.72 -45.85
 881.00 -74.32 -21.56
 882.00 -105.74 -28.50
 883.00 -43.48  17.53
 884.00 -83.51 -53.38
 885.00 -78.89 -11.43
 886.00 -106.80 -43.30
 887.00  53.91  13.96
 888.00 -88.71  32.76
 889.00 -88.29 121.08
 890.00 -140.20 138.77
 891.00 -69.12 126.63
 892.00 -42.16 148.10
 893.00 -60.41 -69.33
 894.00 -70.24 -34.79
 895.00 -70.18 -44.42
 896.00 -51.47 -31.82
 897.00 -54.80 -54.68
 898.00 -67.87 -35.92
 899.00 -72.49 -46.20
 900.00 -112.32 -28.53
 901.00 -75.82 -48.38
 902.00 -59.51 -51.08
 903.00 -58.95 -34.91
 904.00 -66.10 -34.81
 905.00 -79.93 -25.32
 906.00 -63.29 -45.25
 907.00 -74.12 -36.39
 908.00  81.20   0.55
 909.00 -91.65   0.41
 910.00 -104.29 -27.26
 911.00 -140.17 131.83
 912.00 -67.48 139.64
 913.00 -89.77 148.72
 914.00 -62.01  74.91
 915.00 -96.02 130.00
 916.00 -97.30 -29.88
 917.00 -99.75  15.54


