 residuo Phi Psi
 669.00 -50.95 146.76
 670.00 -63.86 157.46
 671.00 -147.82 149.85
 672.00 -35.49 -40.64
 673.00 -66.84 -50.44
 674.00 -52.96 -55.48
 675.00 -89.96 -12.71
 676.00 -60.11 -38.76
 677.00 -82.80 -20.08
 678.00 -87.05 -26.19
 679.00 -85.85 -43.75
 680.00 -74.07   5.70
 681.00 -64.67 115.65
 682.00 -62.40 159.47
 683.00 -67.09 142.69
 684.00 -140.16 159.41
 685.00 -84.30 152.57
 686.00 -81.14 144.51
 687.00  91.75 -16.36
 688.00 -99.94  37.37
 689.00 -146.30 154.74
 690.00 -69.71 113.85
 691.00 -74.78   9.54
 692.00 -78.52 -17.42
 693.00 -66.21 154.93
 694.00 -79.74 143.70
 695.00 -159.87 156.08
 696.00 -61.29 161.60
 697.00 -59.52 -40.29
 698.00 -72.88 -37.69
 699.00 -64.27 -50.81
 700.00 -76.22 -46.10
 701.00 -60.47 -41.11
 702.00 -57.53 -38.53
 703.00 -76.92 -32.68
 704.00 -66.20 -34.84
 705.00 -57.24 -40.58
 706.00 -69.75 -49.16
 707.00 -61.87 -34.26
 708.00 -68.22 -20.39
 709.00 -51.76 -62.79
 710.00 -79.61 -34.48
 711.00 -67.25 -40.34
 712.00 -58.46 -36.12
 713.00 -79.83 -39.52
 714.00 -66.46 -29.32
 715.00 -46.42 -46.67
 716.00 -56.74 -47.42
 717.00 -71.41 -53.45
 718.00 -52.14 -44.76
 719.00 -57.73 -43.57
 720.00 -99.07 -28.08
 721.00 -75.17   5.26
 722.00 -51.93 141.42
 723.00  45.77 143.34
 724.00 -61.45  14.44
 725.00 -66.40 -36.68
 726.00 -68.33  -9.93
 727.00 -98.41 -14.71
 728.00 -65.06 146.31
 729.00 -59.42 146.14
 730.00 -73.35 -27.96
 731.00 -76.22 -30.47
 732.00 -49.30 -44.75
 733.00 -56.36 -49.85
 734.00 -66.79 -47.04
 735.00 -73.97 -39.28
 736.00 -67.95 -33.27
 737.00 -50.94 -46.87
 738.00 -80.84 -39.97
 739.00 -77.76 -37.92
 740.00 -67.28  -2.31
 741.00 -54.50 -55.91
 742.00 -59.81 -58.53
 743.00 -65.06 -46.50
 744.00 -75.55 -45.50
 745.00 -86.40 -25.16
 746.00 -50.47 -36.01
 747.00 -73.73 -38.14
 748.00 -63.55 -28.49
 749.00 -69.66 -32.78
 750.00 -63.18 -34.46
 751.00 -52.59 -50.85
 752.00 -62.01 -50.59
 753.00 -74.28 -29.20
 754.00 -62.36 -52.40
 755.00 -81.11 -53.98
 756.00 -135.98 -33.86
 757.00  59.85  37.91
 758.00  55.29  33.92
 759.00 -69.68   5.36
 760.00 -71.40 -75.74
 761.00 -80.65 145.77
 762.00 -102.38 118.29
 763.00 -45.85  55.58
 764.00 -158.11 -46.45
 765.00 -65.38 154.24
 766.00 -94.23 -21.49
 767.00 -110.52 -19.03
 768.00 -106.69  84.57
 769.00 -106.83 148.14
 770.00 -92.77 120.01
 771.00 -51.14 172.78
 772.00 -59.79 -38.65
 773.00 -59.92 -47.02
 774.00 -60.98 -38.68
 775.00 -74.06 -41.57
 776.00 -60.76 -39.24
 777.00 -80.60 -45.02
 778.00  64.47   4.50
 779.00 -145.61  36.31
 780.00 -51.00  29.33
 781.00 -64.80 -34.88
 782.00 -66.22 -53.68
 783.00 -70.07 -26.31
 784.00 -57.83 -50.34
 785.00 -55.01 -47.08
 786.00 -74.20 -43.27
 787.00 -60.80 -27.52
 788.00 -67.79 -44.34
 789.00 -57.34 -31.82
 790.00 -75.11 -42.75
 791.00 -53.35 -33.70
 792.00 -77.70 -37.14
 793.00 -46.55 -35.45
 794.00 -56.14 -60.21
 795.00 -53.44 -57.95
 796.00 -73.08 -41.40
 797.00  63.19 -16.96
 798.00 -65.66  59.58
 799.00 -78.14 128.91
 800.00 -61.98 155.68
 801.00 -74.44 -27.32
 802.00 -68.24 -38.62
 803.00 -64.88 -34.17
 804.00 -60.35 -52.83
 805.00 -80.75 -37.34
 806.00 -66.34 -30.72
 807.00 -60.11 -42.93
 808.00 -50.01 -51.39
 809.00 -70.27 -43.13
 810.00 -61.79 -31.65
 811.00 -82.72 -10.43
 812.00 -127.57  -6.21
 813.00 -148.02  49.32
 814.00 -143.20   6.93
 815.00 -141.28 127.89
 816.00 -52.22 154.27
 817.00 -61.26 156.93
 818.00 -85.81 -31.45
 819.00  73.80 -11.29
 820.00 -92.40 -178.54
 821.00 -56.42 150.79
 822.00 -126.55 -29.07
 823.00 -54.02  72.56
 824.00 -45.08 -26.30
 825.00 -72.88 -41.80
 826.00 -66.49 -37.82
 827.00 -59.82 -51.03
 828.00 -66.68 -36.45
 829.00 -63.19 -53.84
 830.00 -68.62 -42.06
 831.00 -71.23 -36.84
 832.00 -52.17 -43.82
 833.00 -53.41 -54.74
 834.00 -68.46 -37.26
 835.00 -76.83 -36.62
 836.00 -80.88 -20.04
 837.00 -70.40 -27.07
 838.00 -59.91 -46.38
 839.00 -66.97 -20.55
 840.00 -148.78 -27.91
 841.00 -62.50  10.54
 842.00 -75.24 140.47
 843.00 -159.33 107.54
 844.00 -74.47 154.63
 845.00 -62.07  91.49
 846.00 -57.57 -36.21
 847.00 -125.03  -6.07
 848.00 -66.55  86.28
 849.00 -77.82 -12.43
 850.00 -67.71 -21.05
 851.00 -67.37 -45.06
 852.00 -55.48 -36.09
 853.00 -67.37 -50.62
 854.00 -74.51 -31.09
 855.00 -68.46 -29.12
 856.00 -39.38 -58.73
 857.00 -69.71 -50.88
 858.00 -72.75 -27.74
 859.00 -70.03 -42.60
 860.00 -65.37 -26.61
 861.00 -53.06 -49.36
 862.00 -64.86 -45.98
 863.00 -51.79 -57.55
 864.00 -78.46 -25.35
 865.00 -65.70 -19.00
 866.00 -70.38 -26.92
 867.00 -65.83 -46.85
 868.00 -67.01 -33.66
 869.00 -69.73 -28.46
 870.00 -32.12 -66.44
 871.00 -54.31 -58.78
 872.00 -60.97 -54.72
 873.00 -60.79 -39.02
 874.00 -66.32 -38.95
 875.00 -75.93 -36.28
 876.00 -65.03 -43.76
 877.00 -50.03 -41.66
 878.00 -69.00 -57.08
 879.00 -79.92 -18.54
 880.00 -77.33 -26.32
 881.00 -49.54 -46.98
 882.00 -99.24 -31.14
 883.00 -39.12  -0.63
 884.00 -68.62 -63.74
 885.00 -97.70  -1.19
 886.00 -114.59 -18.80
 887.00  66.13  -2.81
 888.00 -84.18  17.03
 889.00 -102.73 114.43
 890.00 -121.76 146.81
 891.00 -60.11 146.68
 892.00 -49.96 145.06
 893.00 -78.65 -37.61
 894.00 -72.81 -23.79
 895.00 -59.14 -41.01
 896.00 -81.85 -33.88
 897.00 -55.48 -53.28
 898.00 -78.31 -38.01
 899.00 -94.02 -28.42
 900.00 -130.70  -7.77
 901.00 -89.68 -46.33
 902.00 -56.73 -39.69
 903.00 -69.83 -42.54
 904.00 -103.36   6.08
 905.00 -63.93 -40.33
 906.00 -72.33 -49.35
 907.00 -75.23 -25.71
 908.00  81.48 -19.79
 909.00 -68.67  16.60
 910.00 -110.32 -30.60
 911.00 -137.44 141.67
 912.00 -67.23 133.76
 913.00 -117.14 161.73
 914.00 -135.08 144.51
 915.00 -84.33 135.55
 916.00 -125.85 -21.85
 917.00 -53.98 156.75


