 residuo Phi Psi
 669.00 -155.13 151.96
 670.00 -79.60 136.02
 671.00 -66.41  53.87
 672.00 -67.13 -30.46
 673.00 -62.54 -49.55
 674.00 -48.15 -49.91
 675.00 -58.76 -49.10
 676.00 -62.26 -46.76
 677.00 -76.73 -44.86
 678.00 -56.14 -28.64
 679.00 -84.08 -43.86
 680.00 -34.80 -23.13
 681.00 -61.04 134.93
 682.00 -74.47 144.55
 683.00 -66.94 178.76
 684.00 -109.52 124.70
 685.00 -90.54 129.94
 686.00 -86.47 156.39
 687.00  85.26 -29.63
 688.00 -59.98  25.83
 689.00 -83.10 121.36
 690.00 -60.59 101.20
 691.00 -66.12   2.70
 692.00 -68.08 -34.39
 693.00 -72.65 143.38
 694.00 -85.68 158.82
 695.00 -155.68 131.76
 696.00 -61.96 161.18
 697.00 -82.03 -51.13
 698.00 -65.93 -26.10
 699.00 -68.76 -51.36
 700.00 -61.40 -48.98
 701.00 -60.83 -35.27
 702.00 -69.64 -36.95
 703.00 -59.00 -37.57
 704.00 -59.27 -53.37
 705.00 -65.86 -39.27
 706.00 -42.64 -56.96
 707.00 -55.18 -41.51
 708.00 -66.28 -49.71
 709.00 -77.35 -34.87
 710.00 -58.79 -42.05
 711.00 -68.44 -39.96
 712.00 -53.20 -47.62
 713.00 -69.95 -47.12
 714.00 -70.71 -26.80
 715.00 -67.24 -43.52
 716.00 -46.77 -42.33
 717.00 -85.56 -38.46
 718.00 -72.25 -38.06
 719.00 -48.93 -49.47
 720.00 -87.09 -30.06
 721.00 -78.14  -2.03
 722.00 -42.40 136.57
 723.00  74.82 133.72
 724.00 -55.39  -4.49
 725.00 -75.11 -43.20
 726.00 -85.11  18.65
 727.00 -76.79 -21.52
 728.00 -49.86 158.53
 729.00 -74.51 147.18
 730.00 -99.05 -18.18
 731.00 -71.58 -17.54
 732.00 -54.84 -36.24
 733.00 -62.50 -46.90
 734.00 -60.42 -41.96
 735.00 -56.48 -69.95
 736.00 -79.27 -16.93
 737.00 -62.99 -44.46
 738.00 -94.06 -15.93
 739.00 -88.22 -37.43
 740.00 -57.82   1.71
 741.00 -74.19 -47.80
 742.00 -59.92 -39.42
 743.00 -63.63 -46.53
 744.00 -75.46 -40.21
 745.00 -71.58 -31.21
 746.00 -70.28 -45.32
 747.00 -60.63 -43.17
 748.00 -68.45 -37.79
 749.00 -55.62 -46.54
 750.00 -62.10 -39.46
 751.00 -65.16 -39.54
 752.00 -74.71 -32.35
 753.00 -61.24 -47.07
 754.00 -77.12 -50.71
 755.00 -71.96 -41.05
 756.00 -139.91 -44.45
 757.00  53.44  24.12
 758.00  58.90  28.21
 759.00 -64.57  -3.41
 760.00 -120.13 -31.60
 761.00 -109.60 152.40
 762.00 -100.30 116.71
 763.00 -64.19  68.08
 764.00 -147.07 -50.48
 765.00 -56.59 166.26
 766.00 -77.16 -43.12
 767.00 -149.25  -1.98
 768.00 -70.40  60.99
 769.00 -105.74 139.28
 770.00 -92.77 121.81
 771.00 -64.60 173.99
 772.00 -56.66 -26.08
 773.00 -64.06 -50.59
 774.00 -67.50 -29.92
 775.00 -79.52 -33.97
 776.00 -72.91 -55.30
 777.00 -58.39 -22.14
 778.00  49.76 -16.49
 779.00 -137.55  39.62
 780.00 -63.66  41.76
 781.00 -51.32 -44.47
 782.00 -65.17 -49.73
 783.00 -63.46 -39.97
 784.00 -72.58 -40.81
 785.00 -53.80 -26.45
 786.00 -59.14 -52.18
 787.00 -74.48 -27.52
 788.00 -52.17 -50.75
 789.00 -75.36 -43.17
 790.00 -82.00 -16.38
 791.00 -69.55 -40.15
 792.00 -46.71 -20.60
 793.00 -53.54 -49.70
 794.00 -75.38 -38.44
 795.00 -60.72 -41.15
 796.00 -79.26 -45.01
 797.00  51.78 -12.36
 798.00 -63.22  55.71
 799.00 -82.03 127.45
 800.00 -50.16 147.48
 801.00 -63.56 -28.40
 802.00 -68.40 -46.81
 803.00 -55.85 -38.11
 804.00 -68.35 -54.46
 805.00 -76.59 -27.36
 806.00 -72.09 -33.56
 807.00 -70.84 -37.85
 808.00 -60.03 -37.51
 809.00 -67.47 -51.59
 810.00 -61.77 -23.20
 811.00 -65.43 -29.72
 812.00 -108.80 -27.18
 813.00 -143.97  55.36
 814.00 -156.99  11.46
 815.00 -138.89 117.53
 816.00 -65.80 171.62
 817.00 -63.14 148.58
 818.00 -71.18 -40.29
 819.00  71.84   3.15
 820.00 -78.62 176.83
 821.00 -58.29 156.27
 822.00 -126.64 -22.72
 823.00 -80.85 109.06
 824.00 -58.38 -34.53
 825.00 -75.52 -38.25
 826.00 -76.41 -28.71
 827.00 -46.84 -49.35
 828.00 -70.81 -41.85
 829.00 -61.00 -51.79
 830.00 -56.04 -45.27
 831.00 -61.38 -45.35
 832.00 -57.06 -35.62
 833.00 -68.10 -50.91
 834.00 -66.68 -27.14
 835.00 -60.62 -50.62
 836.00 -75.97 -34.40
 837.00 -57.13 -37.29
 838.00 -62.96 -42.70
 839.00 -88.69 -18.96
 840.00 -89.06 -50.26
 841.00 -51.16  -4.41
 842.00 -74.31 143.10
 843.00 -148.85 102.05
 844.00 -66.20 158.73
 845.00 -60.45  90.65
 846.00 -72.61 -13.39
 847.00 -120.69 -26.85
 848.00 -67.55  65.42
 849.00 -64.72  -3.05
 850.00 -61.94 -27.88
 851.00 -66.47 -28.16
 852.00 -58.83 -44.11
 853.00 -65.32 -37.07
 854.00 -66.31 -43.86
 855.00 -54.02 -47.86
 856.00 -70.62 -44.78
 857.00 -61.82 -35.05
 858.00 -71.62 -33.96
 859.00 -69.92 -38.23
 860.00 -56.04 -43.45
 861.00 -64.53 -43.60
 862.00 -61.62 -50.27
 863.00 -53.97 -46.66
 864.00 -80.22 -32.93
 865.00 -69.54 -17.00
 866.00 -58.50 -32.66
 867.00 -80.47 -42.36
 868.00 -71.55 -23.12
 869.00 -52.14 -40.53
 870.00 -57.54 -44.35
 871.00 -68.57 -39.09
 872.00 -65.72 -47.05
 873.00 -55.25 -37.81
 874.00 -82.92 -40.15
 875.00 -68.87 -33.27
 876.00 -72.32 -36.34
 877.00 -70.70 -28.30
 878.00 -65.37 -51.18
 879.00 -75.58 -25.43
 880.00 -61.62 -40.11
 881.00 -70.00 -29.32
 882.00 -101.55 -34.23
 883.00 -54.57  11.53
 884.00 -65.27 -54.49
 885.00 -54.30 -44.99
 886.00 -82.32 -41.49
 887.00  46.83  -5.28
 888.00 -103.24  59.12
 889.00 -64.45 109.22
 890.00 -122.42 132.16
 891.00 -72.75 134.35
 892.00 -65.48 146.27
 893.00 -42.21 -36.79
 894.00 -71.84 -52.10
 895.00 -63.51 -42.53
 896.00 -74.46 -39.84
 897.00 -70.86 -13.58
 898.00 -56.42 -58.69
 899.00 -76.37 -47.46
 900.00 -105.57 -29.13
 901.00 -82.04 -56.14
 902.00 -57.09 -46.05
 903.00 -71.03 -40.21
 904.00 -63.44 -23.44
 905.00 -59.50 -42.33
 906.00 -59.01 -60.84
 907.00 -79.72 -38.69
 908.00  74.06   5.17
 909.00 -67.60  12.27
 910.00 -96.13 -42.26
 911.00 -139.08 143.32
 912.00 -62.76 152.19
 913.00 -96.31 153.88
 914.00 -95.44 105.21
 915.00 -60.72 121.37
 916.00 -120.86 -40.16
 917.00 -139.61 141.26


