 residuo Phi Psi
 669.00 -140.87 102.06
 670.00 -52.02 133.67
 671.00 -125.93 133.17
 672.00 -49.50 -21.03
 673.00 -63.03 -52.22
 674.00 -59.19 -41.71
 675.00 -75.77 -34.26
 676.00 -59.61 -38.71
 677.00 -74.94 -34.92
 678.00 -70.61 -36.92
 679.00 -79.25 -35.82
 680.00 -66.53 -17.12
 681.00 -75.67 113.45
 682.00 -77.76 161.06
 683.00 -66.53 -157.98
 684.00 -114.14 136.38
 685.00 -113.41 135.77
 686.00 -76.36 144.08
 687.00  70.03 -17.37
 688.00 -71.40  32.08
 689.00 -66.07 122.72
 690.00 -69.21  70.64
 691.00 -52.90 -17.16
 692.00 -64.02 -30.22
 693.00 -71.19 150.12
 694.00 -78.61 144.08
 695.00 -164.01 139.79
 696.00 -62.77 157.27
 697.00 -82.07 -48.08
 698.00 -55.91 -37.31
 699.00 -60.37 -46.90
 700.00 -65.65 -52.48
 701.00 -61.46 -35.72
 702.00 -73.09 -37.21
 703.00 -50.36 -36.72
 704.00 -74.18 -45.01
 705.00 -68.76 -35.83
 706.00 -63.34 -36.61
 707.00 -47.16 -33.38
 708.00 -65.79 -54.00
 709.00 -60.16 -45.06
 710.00 -66.20 -40.89
 711.00 -65.60 -34.89
 712.00 -55.16 -41.39
 713.00 -75.92 -41.31
 714.00 -73.68 -24.82
 715.00 -65.94 -43.96
 716.00 -67.40 -37.14
 717.00 -61.69 -45.93
 718.00 -64.17 -43.43
 719.00 -55.02 -47.04
 720.00 -95.64 -20.71
 721.00 -73.21  -5.39
 722.00 -52.76 141.88
 723.00  56.45 147.59
 724.00 -61.19  -9.74
 725.00 -57.83 -33.64
 726.00 -65.22 -14.92
 727.00 -82.11 -22.77
 728.00 -64.90 138.00
 729.00 -56.24 152.50
 730.00 -65.45 -36.02
 731.00 -83.61 -30.16
 732.00 -63.29 -29.98
 733.00 -66.33 -46.52
 734.00 -53.41 -38.18
 735.00 -65.30 -60.46
 736.00 -67.55 -29.06
 737.00 -62.15 -55.94
 738.00 -107.18 -13.08
 739.00 -104.27 -23.29
 740.00 -52.33 -12.25
 741.00 -54.48 -50.69
 742.00 -59.71 -58.30
 743.00 -61.81 -40.01
 744.00 -70.68 -47.06
 745.00 -68.56 -38.67
 746.00 -74.66 -44.12
 747.00 -71.60 -23.63
 748.00 -70.16 -42.45
 749.00 -62.30 -31.45
 750.00 -83.46 -30.88
 751.00 -55.85 -39.17
 752.00 -66.65 -45.53
 753.00 -71.10 -41.50
 754.00 -68.93 -52.04
 755.00 -82.80 -40.83
 756.00 -149.65 -33.99
 757.00  51.19  24.97
 758.00  55.12  32.96
 759.00 -82.84  16.78
 760.00 -83.14 -44.89
 761.00 -101.68 167.99
 762.00 -98.28 118.86
 763.00 -53.78  71.09
 764.00 -145.37 -69.88
 765.00 -71.85 161.25
 766.00 -127.48   7.11
 767.00 -145.03   5.65
 768.00 -58.91  21.66
 769.00 -108.41 137.70
 770.00 -61.24 107.59
 771.00 -71.19 171.73
 772.00 -70.91  -7.62
 773.00 -55.53 -56.26
 774.00 -62.66 -41.10
 775.00 -83.58 -30.93
 776.00 -55.41 -45.46
 777.00 -67.02 -39.08
 778.00  56.65 -16.20
 779.00 -139.99  33.40
 780.00 -70.04  38.71
 781.00 -63.67 -41.77
 782.00 -67.40 -38.32
 783.00 -54.34 -43.34
 784.00 -52.57 -45.12
 785.00 -75.40 -47.82
 786.00 -79.38 -18.54
 787.00 -50.09 -44.96
 788.00 -55.89 -48.49
 789.00 -50.84 -51.84
 790.00 -63.92 -46.73
 791.00 -62.68 -47.56
 792.00 -67.79 -23.04
 793.00 -80.41 -19.60
 794.00 -76.54 -21.32
 795.00 -51.48 -57.80
 796.00 -84.13 -43.84
 797.00  53.37 -17.25
 798.00 -87.48  76.16
 799.00 -72.18 119.09
 800.00 -62.01 157.80
 801.00 -71.28 -30.98
 802.00 -73.21 -38.02
 803.00 -55.30 -48.04
 804.00 -44.81 -55.82
 805.00 -61.71 -44.30
 806.00 -75.77 -42.72
 807.00 -52.48 -49.01
 808.00 -58.54 -40.52
 809.00 -81.38 -42.94
 810.00 -74.04 -11.07
 811.00 -72.83  -8.98
 812.00 -96.55 -39.30
 813.00 -118.03  36.10
 814.00 -163.87  22.02
 815.00 -140.61 117.57
 816.00 -46.86 156.94
 817.00 -65.56 157.85
 818.00 -58.71 -40.02
 819.00  60.98 -11.61
 820.00 -61.32 177.79
 821.00 -58.91 159.74
 822.00 -136.97 -24.17
 823.00 -67.17  72.23
 824.00 -49.13 -32.32
 825.00 -79.26 -26.56
 826.00 -64.74 -28.82
 827.00 -68.67 -37.81
 828.00 -60.01 -43.42
 829.00 -67.84 -41.27
 830.00 -82.61 -31.58
 831.00 -65.40 -47.46
 832.00 -75.07 -20.55
 833.00 -64.44 -55.90
 834.00 -62.06 -29.23
 835.00 -67.03 -51.97
 836.00 -85.27 -20.72
 837.00 -84.25 -18.33
 838.00 -67.49 -42.31
 839.00 -99.40   8.54
 840.00 -130.29 -18.70
 841.00 -70.89   5.82
 842.00 -67.36 149.16
 843.00 -162.74 102.56
 844.00 -101.62 160.27
 845.00 -57.29  89.41
 846.00 -51.10 -23.37
 847.00 -125.32 -30.19
 848.00 -50.39  88.48
 849.00 -66.15 -28.88
 850.00 -57.38 -26.49
 851.00 -88.81 -30.19
 852.00 -62.18 -37.43
 853.00 -65.18 -44.60
 854.00 -65.63 -33.85
 855.00 -67.00 -39.32
 856.00 -57.26 -40.34
 857.00 -63.10 -49.76
 858.00 -78.41 -32.47
 859.00 -82.01 -32.00
 860.00 -55.92 -30.29
 861.00 -73.67 -43.81
 862.00 -63.93 -33.45
 863.00 -72.04 -36.14
 864.00 -76.59 -21.49
 865.00 -81.78 -15.49
 866.00 -49.51 -30.06
 867.00 -68.72 -45.31
 868.00 -67.98 -31.74
 869.00 -59.73 -43.82
 870.00 -71.75 -34.79
 871.00 -68.69 -32.10
 872.00 -76.85 -39.55
 873.00 -54.04 -39.13
 874.00 -57.71 -44.68
 875.00 -53.05 -54.36
 876.00 -88.73 -33.97
 877.00 -58.49 -40.91
 878.00 -74.06 -33.10
 879.00 -101.65 -15.26
 880.00 -47.99 -41.99
 881.00 -43.57 -52.88
 882.00 -91.92 -49.91
 883.00 -67.83  -5.58
 884.00 -72.67 -42.85
 885.00 -68.37 -25.66
 886.00 -96.64 -39.11
 887.00  66.72   7.67
 888.00 -74.03  20.54
 889.00 -91.51 136.33
 890.00 -117.63 140.85
 891.00 -58.62 130.89
 892.00 -49.77 140.44
 893.00 -56.22 -43.90
 894.00 -73.09 -47.44
 895.00 -69.64 -33.22
 896.00 -60.04 -37.40
 897.00 -61.38 -53.92
 898.00 -78.00 -44.31
 899.00 -69.20 -30.84
 900.00 -102.77 -39.94
 901.00 -95.12 -60.49
 902.00 -60.28 -35.23
 903.00 -56.82 -42.41
 904.00 -66.57 -18.22
 905.00 -70.95 -31.53
 906.00 -60.86 -55.93
 907.00 -106.17 -19.48
 908.00  70.86  24.49
 909.00 -78.85   4.17
 910.00 -118.14 -31.21
 911.00 -102.57 124.45
 912.00 -64.67 133.81
 913.00 -99.04 154.82
 914.00 -123.34 147.15
 915.00 -92.35 154.31
 916.00 -124.88 -23.21
 917.00 -73.21 167.42


