 residuo Phi Psi
 669.00 -77.73 124.29
 670.00 -70.80 179.33
 671.00 -55.79 139.55
 672.00 -56.74 -43.75
 673.00 -74.81 -43.90
 674.00 -54.37 -39.23
 675.00 -74.05 -42.00
 676.00 -60.34 -38.80
 677.00 -69.86 -39.08
 678.00 -62.93 -42.30
 679.00 -86.69 -24.73
 680.00 -66.82  -5.08
 681.00 -50.86 116.60
 682.00 -82.98 142.21
 683.00 -84.33 -145.60
 684.00 -149.18 137.52
 685.00 -82.50 128.36
 686.00 -91.48 171.77
 687.00  62.23 -18.29
 688.00 -88.94  35.89
 689.00 -67.68 123.97
 690.00 -99.28 116.04
 691.00 -78.07  -1.28
 692.00 -89.04 -20.62
 693.00 -60.14 151.12
 694.00 -88.11 156.28
 695.00 -157.88 139.68
 696.00 -47.13 151.87
 697.00 -74.04 -60.98
 698.00 -62.17 -35.16
 699.00 -56.28 -47.01
 700.00 -74.30 -57.28
 701.00 -77.55 -30.98
 702.00 -75.82 -29.66
 703.00 -71.99 -29.72
 704.00 -74.06 -28.09
 705.00 -63.19 -37.96
 706.00 -59.93 -40.97
 707.00 -70.46 -26.33
 708.00 -66.09 -33.20
 709.00 -59.62 -45.25
 710.00 -63.27 -52.49
 711.00 -71.50 -27.66
 712.00 -74.10 -34.36
 713.00 -54.88 -40.88
 714.00 -69.36 -45.72
 715.00 -72.02 -43.44
 716.00 -76.74 -27.72
 717.00 -69.04 -29.13
 718.00 -66.19 -50.15
 719.00 -60.08 -28.05
 720.00 -124.01  -8.44
 721.00 -75.11  -3.45
 722.00 -57.91 125.47
 723.00  85.21 135.42
 724.00 -57.21 -23.64
 725.00 -71.94 -31.30
 726.00 -79.02  -3.43
 727.00 -60.80 -33.13
 728.00 -71.06 160.10
 729.00 -49.50 152.46
 730.00 -83.94 -25.71
 731.00 -61.87 -44.22
 732.00 -55.29 -41.03
 733.00 -60.80 -66.26
 734.00 -56.11 -31.25
 735.00 -65.18 -62.54
 736.00 -56.99 -33.95
 737.00 -65.75 -56.67
 738.00 -70.67 -31.70
 739.00 -85.52 -44.85
 740.00 -57.15  -2.49
 741.00 -70.22 -44.54
 742.00 -48.25 -51.67
 743.00 -65.21 -46.22
 744.00 -84.23 -40.49
 745.00 -71.73 -33.26
 746.00 -64.44 -42.44
 747.00 -72.20 -32.78
 748.00 -54.76 -46.85
 749.00 -61.47 -38.36
 750.00 -72.37 -43.47
 751.00 -70.10 -34.82
 752.00 -60.92 -41.21
 753.00 -60.71 -44.34
 754.00 -78.62 -46.52
 755.00 -81.64 -24.16
 756.00 -143.77 -56.38
 757.00  34.86  26.09
 758.00  65.63  56.03
 759.00 -71.80  14.42
 760.00 -131.58 -39.42
 761.00 -84.62 149.15
 762.00 -84.74 102.85
 763.00 -55.33  71.37
 764.00 -162.21 -50.50
 765.00 -59.98 154.88
 766.00 -83.31 -33.75
 767.00 -150.75   0.59
 768.00 -61.77  29.41
 769.00 -100.19 124.86
 770.00 -80.70 102.55
 771.00 -71.08 175.66
 772.00 -66.84 -25.95
 773.00 -78.54 -40.64
 774.00 -59.11 -24.05
 775.00 -58.66 -49.55
 776.00 -74.89 -47.59
 777.00 -91.72 -16.61
 778.00  74.59 -22.53
 779.00 -113.34  21.73
 780.00 -63.04  49.83
 781.00 -57.99 -54.14
 782.00 -70.88 -37.00
 783.00 -71.49 -32.41
 784.00 -58.83 -39.49
 785.00 -58.12 -47.98
 786.00 -70.58 -43.00
 787.00 -55.27 -30.63
 788.00 -70.04 -48.91
 789.00 -55.66 -36.30
 790.00 -57.88 -49.69
 791.00 -67.35 -36.99
 792.00 -73.71 -19.70
 793.00 -51.88 -43.17
 794.00 -70.68 -39.68
 795.00 -91.07 -17.66
 796.00 -78.39 -55.04
 797.00  51.52 -12.45
 798.00 -65.38  62.21
 799.00 -89.10 142.27
 800.00 -61.70 158.20
 801.00 -56.86 -33.68
 802.00 -61.95 -43.10
 803.00 -57.35 -45.91
 804.00 -53.93 -49.86
 805.00 -74.33 -40.26
 806.00 -68.88 -34.89
 807.00 -71.95 -42.54
 808.00 -66.24 -22.95
 809.00 -65.29 -49.40
 810.00 -71.83 -16.05
 811.00 -62.82 -34.42
 812.00 -122.66 -21.11
 813.00 -135.47  42.25
 814.00 -146.56  11.31
 815.00 -143.47 125.41
 816.00 -63.91 154.11
 817.00 -63.93 139.94
 818.00 -71.47 -17.58
 819.00  80.33  -7.77
 820.00 -62.02 167.20
 821.00 -66.41 163.50
 822.00 -100.81 -35.07
 823.00 -68.50  48.06
 824.00 -62.43 -20.80
 825.00 -67.94 -50.62
 826.00 -65.49 -31.31
 827.00 -55.78 -54.99
 828.00 -71.32 -39.25
 829.00 -61.61 -41.94
 830.00 -62.46 -43.15
 831.00 -62.44 -38.08
 832.00 -62.16 -46.77
 833.00 -61.28 -47.85
 834.00 -71.99 -30.91
 835.00 -57.25 -52.17
 836.00 -60.28 -38.54
 837.00 -67.95 -45.82
 838.00 -71.91 -31.11
 839.00 -73.18 -27.35
 840.00 -87.02 -48.67
 841.00 -43.16  -6.23
 842.00 -92.16 134.05
 843.00 -134.66  77.32
 844.00 -76.63 152.57
 845.00 -59.57 108.23
 846.00 -59.66 -20.19
 847.00 -123.30 -16.03
 848.00 -45.54  69.06
 849.00 -63.97 -29.08
 850.00 -49.26 -46.89
 851.00 -67.30 -45.01
 852.00 -73.46 -38.22
 853.00 -56.76 -37.05
 854.00 -68.68 -49.22
 855.00 -60.78 -37.85
 856.00 -59.78 -35.44
 857.00 -81.13 -35.33
 858.00 -54.26 -31.26
 859.00 -71.95 -42.94
 860.00 -66.17 -35.05
 861.00 -63.60 -34.87
 862.00 -59.97 -50.67
 863.00 -58.77 -51.01
 864.00 -84.29 -20.36
 865.00 -90.34 -22.47
 866.00 -56.29 -26.50
 867.00 -78.65 -49.18
 868.00 -73.30 -16.60
 869.00 -65.11 -34.56
 870.00 -60.82 -36.67
 871.00 -65.84 -48.54
 872.00 -71.72 -32.19
 873.00 -59.90 -37.03
 874.00 -61.95 -50.11
 875.00 -63.05 -38.69
 876.00 -80.78 -38.21
 877.00 -71.10 -24.02
 878.00 -67.89 -46.19
 879.00 -62.16 -40.41
 880.00 -59.81 -43.73
 881.00 -77.96 -24.67
 882.00 -100.41 -31.36
 883.00 -57.08   5.08
 884.00 -70.79 -50.02
 885.00 -82.43 -21.36
 886.00 -89.20 -39.46
 887.00  59.89   7.10
 888.00 -95.85  41.18
 889.00 -107.63 143.10
 890.00 -147.80 152.99
 891.00 -63.39 126.31
 892.00 -46.29 146.84
 893.00 -66.82 -66.05
 894.00 -81.48 -18.17
 895.00 -62.74 -35.99
 896.00 -68.17 -36.98
 897.00 -53.54 -45.60
 898.00 -70.77 -43.78
 899.00 -57.01 -46.96
 900.00 -108.86 -37.03
 901.00 -87.09 -48.11
 902.00 -48.76 -41.52
 903.00 -62.39 -45.16
 904.00 -55.31 -29.27
 905.00 -66.82 -42.27
 906.00 -66.37 -53.77
 907.00 -71.94 -29.34
 908.00  87.93 -19.13
 909.00 -84.31   1.60
 910.00 -119.31  -2.12
 911.00 -145.08 135.30
 912.00 -65.02 148.82
 913.00 -74.38 143.91
 914.00 -93.66 108.36
 915.00 -104.89 157.14
 916.00 -108.85 -26.27
 917.00 -83.92 -26.20


