 residuo Phi Psi
 669.00 -52.62 126.96
 670.00 -60.71 161.32
 671.00 -156.28 163.41
 672.00 -64.16   0.29
 673.00 -59.87 -36.59
 674.00 -74.15 -34.98
 675.00 -56.98 -39.68
 676.00 -65.52 -51.31
 677.00 -70.89 -32.31
 678.00 -80.01 -19.01
 679.00 -61.08 -49.92
 680.00 -58.99 -21.20
 681.00 -65.46 121.23
 682.00 -60.08 167.90
 683.00 -86.42 169.63
 684.00 -102.79 152.70
 685.00 -85.62 126.53
 686.00 -61.97 136.33
 687.00  82.77 -22.10
 688.00 -92.30  31.96
 689.00 -137.54 150.63
 690.00 -81.27 111.22
 691.00 -67.36   0.95
 692.00 -64.78 -30.93
 693.00 -57.38 132.14
 694.00 -72.06 149.63
 695.00 -139.63 133.18
 696.00 -59.72 157.22
 697.00 -63.17 -74.98
 698.00 -62.45 -23.51
 699.00 -55.85 -56.51
 700.00 -68.85 -47.31
 701.00 -66.11 -32.73
 702.00 -64.17 -31.30
 703.00 -65.36 -41.82
 704.00 -60.13 -45.70
 705.00 -53.77 -49.35
 706.00 -56.59 -43.95
 707.00 -57.86 -43.75
 708.00 -69.66 -42.42
 709.00 -68.68 -33.43
 710.00 -57.87 -52.11
 711.00 -53.39 -45.09
 712.00 -44.34 -55.04
 713.00 -68.14 -46.67
 714.00 -70.01 -31.35
 715.00 -70.43 -43.61
 716.00 -65.73 -36.28
 717.00 -73.70 -29.54
 718.00 -59.00 -42.62
 719.00 -67.62 -33.14
 720.00 -107.10 -14.49
 721.00 -76.39  -8.49
 722.00 -56.04 122.50
 723.00  83.03 126.16
 724.00 -57.12  -3.41
 725.00 -75.91 -36.47
 726.00 -62.50   3.84
 727.00 -80.77 -19.92
 728.00 -57.88 141.64
 729.00 -58.36 144.78
 730.00 -66.72 -32.76
 731.00 -71.97 -31.00
 732.00 -58.37 -34.32
 733.00 -62.59 -51.31
 734.00 -69.26 -33.85
 735.00 -61.70 -60.62
 736.00 -73.61 -17.97
 737.00 -69.43 -50.05
 738.00 -88.63 -14.75
 739.00 -106.14 -22.26
 740.00 -57.41  -8.09
 741.00 -56.03 -39.24
 742.00 -51.97 -62.13
 743.00 -56.67 -52.41
 744.00 -75.80 -54.44
 745.00 -62.12 -33.73
 746.00 -53.92 -43.59
 747.00 -61.49 -50.37
 748.00 -75.41 -37.95
 749.00 -71.11 -24.00
 750.00 -67.36 -40.09
 751.00 -49.60 -43.69
 752.00 -59.18 -53.46
 753.00 -68.87 -38.55
 754.00 -71.38 -48.70
 755.00 -87.36 -44.53
 756.00 -137.21 -31.53
 757.00  60.29  34.14
 758.00  49.41  24.44
 759.00 -71.24  -2.47
 760.00 -118.48 -23.84
 761.00 -94.62 162.46
 762.00 -91.08 111.25
 763.00 -56.18  62.18
 764.00 -139.84 -49.89
 765.00 -58.23 163.50
 766.00 -98.16 -26.44
 767.00 -131.02 -11.13
 768.00 -88.16  69.47
 769.00 -110.26 144.79
 770.00 -72.38 122.15
 771.00 -64.64 170.20
 772.00 -65.68 -33.40
 773.00 -54.70 -45.13
 774.00 -67.03 -31.36
 775.00 -50.71 -45.63
 776.00 -65.27 -66.33
 777.00 -68.39 -32.79
 778.00  47.15  -6.74
 779.00 -111.61  29.36
 780.00 -66.86  25.77
 781.00 -57.48 -58.68
 782.00 -50.49 -44.22
 783.00 -63.83 -50.21
 784.00 -61.60 -36.38
 785.00 -57.63 -40.21
 786.00 -67.14 -39.55
 787.00 -62.16 -39.16
 788.00 -67.02 -46.03
 789.00 -69.30 -27.05
 790.00 -63.81 -34.07
 791.00 -52.69 -38.57
 792.00 -63.64 -29.51
 793.00 -60.44 -36.19
 794.00 -77.66 -34.34
 795.00 -47.15 -53.81
 796.00 -90.63 -35.79
 797.00  46.33 -20.56
 798.00 -65.49  54.23
 799.00 -93.83 134.17
 800.00 -72.08 161.45
 801.00 -50.25 -29.26
 802.00 -66.74 -54.89
 803.00 -48.89 -39.70
 804.00 -54.10 -59.34
 805.00 -73.04 -46.08
 806.00 -67.27 -36.18
 807.00 -70.84 -37.33
 808.00 -68.08 -35.11
 809.00 -63.70 -37.68
 810.00 -63.83 -32.80
 811.00 -65.59 -24.13
 812.00 -120.43 -24.11
 813.00 -137.85  43.94
 814.00 -137.28  -7.63
 815.00 -151.50 125.62
 816.00 -53.62 162.47
 817.00 -68.51 149.68
 818.00 -89.84 -16.77
 819.00  71.18 -14.93
 820.00 -80.19 152.30
 821.00 -59.53 168.72
 822.00 -97.72 -30.42
 823.00 -55.26  23.90
 824.00 -62.84 -43.94
 825.00 -65.73 -34.30
 826.00 -67.94 -36.66
 827.00 -64.94 -45.11
 828.00 -68.73 -41.25
 829.00 -61.61 -35.40
 830.00 -48.19 -56.17
 831.00 -65.49 -51.88
 832.00 -62.47 -45.03
 833.00 -72.45 -36.63
 834.00 -69.02 -20.38
 835.00 -55.62 -48.70
 836.00 -77.61 -36.17
 837.00 -76.62 -20.25
 838.00 -62.99 -47.95
 839.00 -63.59 -36.24
 840.00 -121.63 -23.17
 841.00 -56.97  -2.89
 842.00 -79.98 146.27
 843.00 -152.58  92.98
 844.00 -72.62 165.96
 845.00 -57.03  95.05
 846.00 -68.56 -23.72
 847.00 -129.53  -7.11
 848.00 -49.47  71.58
 849.00 -52.21 -31.36
 850.00 -68.00 -45.66
 851.00 -74.39 -25.41
 852.00 -63.36 -43.83
 853.00 -64.94 -33.87
 854.00 -63.11 -40.68
 855.00 -65.49 -36.02
 856.00 -57.91 -41.39
 857.00 -60.37 -52.57
 858.00 -59.26 -46.91
 859.00 -61.92 -50.62
 860.00 -63.36 -35.22
 861.00 -63.53 -42.64
 862.00 -73.24 -43.21
 863.00 -71.12 -22.33
 864.00 -78.35 -40.06
 865.00 -83.40  -2.42
 866.00 -56.51 -31.11
 867.00 -57.96 -40.99
 868.00 -89.72 -26.52
 869.00 -58.46 -42.17
 870.00 -65.25 -34.95
 871.00 -57.43 -39.89
 872.00 -74.92 -41.13
 873.00 -60.08 -30.58
 874.00 -73.79 -41.83
 875.00 -68.77 -34.40
 876.00 -79.61 -40.13
 877.00 -69.30 -30.95
 878.00 -63.21 -50.02
 879.00 -84.69 -16.70
 880.00 -66.28 -43.21
 881.00 -70.06 -40.69
 882.00 -141.92   3.71
 883.00 -33.51   2.97
 884.00 -78.03 -38.90
 885.00 -91.12 -16.13
 886.00 -78.06 -48.06
 887.00  63.92  -5.38
 888.00 -82.92  16.34
 889.00 -90.84 119.84
 890.00 -125.38 130.73
 891.00 -60.59 127.91
 892.00 -62.21 149.30
 893.00 -70.18 -27.52
 894.00 -82.52 -30.52
 895.00 -63.12 -45.18
 896.00 -60.37 -39.75
 897.00 -64.46 -42.68
 898.00 -65.78 -49.95
 899.00 -87.19 -26.97
 900.00 -114.38 -24.50
 901.00 -87.09 -46.97
 902.00 -66.77 -44.82
 903.00 -59.30 -31.91
 904.00 -68.01 -31.92
 905.00 -80.42 -21.10
 906.00 -80.22 -30.09
 907.00 -61.87 -39.31
 908.00  84.45 -22.96
 909.00 -66.61   7.16
 910.00 -112.35 -20.88
 911.00 -153.96 145.58
 912.00 -73.24 146.29
 913.00 -94.31 152.83
 914.00 -69.61  72.01
 915.00 -70.75 139.20
 916.00 -93.78 -49.20
 917.00 -119.41 151.53


