 residuo Phi Psi
 669.00 -47.70 162.62
 670.00 -66.70 143.16
 671.00 -152.42 154.00
 672.00 -62.12   4.44
 673.00 -76.58 -20.00
 674.00 -74.09 -35.83
 675.00 -57.88 -37.44
 676.00 -66.66 -47.96
 677.00 -72.80 -32.49
 678.00 -72.71 -26.81
 679.00 -90.17 -37.64
 680.00 -66.93   5.18
 681.00 -48.87 116.63
 682.00 -69.55 159.02
 683.00 -58.93 172.85
 684.00 -119.32 133.26
 685.00 -136.50 150.82
 686.00 -95.87 151.79
 687.00  72.77 -15.94
 688.00 -66.83  16.20
 689.00 -71.09 126.39
 690.00 -59.79  65.04
 691.00 -81.65  -1.02
 692.00 -75.70 -13.16
 693.00 -63.10 153.01
 694.00 -69.08 137.89
 695.00 -159.59 134.73
 696.00 -51.40 150.42
 697.00 -75.85 -55.83
 698.00 -74.81 -33.56
 699.00 -64.55 -21.23
 700.00 -78.55 -59.54
 701.00 -64.18 -30.44
 702.00 -72.29 -27.01
 703.00 -82.45 -21.16
 704.00 -60.15 -38.77
 705.00 -77.02 -23.95
 706.00 -58.39 -47.95
 707.00 -65.78 -34.05
 708.00 -54.58 -39.34
 709.00 -58.34 -53.02
 710.00 -63.77 -44.17
 711.00 -66.94 -34.69
 712.00 -57.96 -42.17
 713.00 -72.90 -39.78
 714.00 -62.85 -42.00
 715.00 -59.21 -46.69
 716.00 -72.48 -40.30
 717.00 -71.28 -23.23
 718.00 -69.03 -45.91
 719.00 -49.68 -40.41
 720.00 -75.96 -44.91
 721.00 -70.90  -8.72
 722.00 -80.54 153.89
 723.00  81.45 156.58
 724.00 -58.49 -31.86
 725.00 -61.82 -23.55
 726.00 -65.82 -19.75
 727.00 -79.14 -26.49
 728.00 -50.77 134.74
 729.00 -61.58 150.87
 730.00 -70.69 -22.89
 731.00 -77.27 -33.81
 732.00 -47.69 -46.73
 733.00 -61.40 -52.21
 734.00 -63.82 -39.39
 735.00 -83.94 -52.34
 736.00 -55.75 -17.08
 737.00 -77.50 -52.73
 738.00 -107.53  -2.05
 739.00 -85.13 -30.45
 740.00 -58.40 -11.79
 741.00 -61.00 -39.75
 742.00 -61.19 -57.28
 743.00 -62.96 -38.03
 744.00 -64.12 -46.40
 745.00 -61.55 -52.12
 746.00 -75.91 -32.39
 747.00 -69.55 -38.46
 748.00 -74.77 -23.17
 749.00 -65.62 -38.41
 750.00 -67.53 -43.81
 751.00 -50.99 -46.11
 752.00 -53.29 -55.73
 753.00 -61.37 -44.52
 754.00 -91.88 -39.01
 755.00 -84.47 -34.69
 756.00 -154.95 -23.97
 757.00  37.88  39.52
 758.00  55.14  37.84
 759.00 -80.34   8.69
 760.00 -101.19 -42.91
 761.00 -85.39 154.64
 762.00 -92.46 107.67
 763.00 -59.31  67.22
 764.00 -159.97 -48.62
 765.00 -73.67 150.53
 766.00 -79.23 -28.84
 767.00 -143.25   0.33
 768.00 -77.74  62.42
 769.00 -96.03 127.64
 770.00 -75.76 103.45
 771.00 -56.89 177.25
 772.00 -67.39 -33.79
 773.00 -71.71 -41.12
 774.00 -60.37 -29.80
 775.00 -65.16 -44.50
 776.00 -67.66 -54.81
 777.00 -81.02 -29.80
 778.00  72.16  -8.50
 779.00 -65.06 -25.90
 780.00 -58.13  35.73
 781.00 -52.63 -50.33
 782.00 -65.25 -52.20
 783.00 -76.63 -33.49
 784.00 -55.91 -33.89
 785.00 -59.02 -52.12
 786.00 -61.60 -44.41
 787.00 -59.87 -39.62
 788.00 -54.79 -50.47
 789.00 -62.52 -36.32
 790.00 -66.68 -41.56
 791.00 -72.73 -32.45
 792.00 -72.29 -22.17
 793.00 -46.29 -38.76
 794.00 -70.56 -49.38
 795.00 -73.70 -26.91
 796.00 -109.61 -19.46
 797.00  53.31 -26.47
 798.00 -60.67  66.44
 799.00 -80.57 127.64
 800.00 -40.85 152.05
 801.00 -72.12 -38.02
 802.00 -59.97 -41.05
 803.00 -51.61 -46.69
 804.00 -60.00 -53.75
 805.00 -90.51 -33.97
 806.00 -76.89 -19.77
 807.00 -64.38 -38.64
 808.00 -52.52 -38.44
 809.00 -73.95 -37.57
 810.00 -71.70 -25.24
 811.00 -58.44 -28.16
 812.00 -101.95 -40.62
 813.00 -126.45  38.15
 814.00 -155.65  16.86
 815.00 -146.12 127.32
 816.00 -64.12 176.88
 817.00 -54.10 163.56
 818.00 -100.49 -36.71
 819.00  81.83  10.55
 820.00 -59.10 167.87
 821.00 -48.71 156.57
 822.00 -117.43 -49.46
 823.00 -48.64  64.61
 824.00 -49.20 -26.16
 825.00 -65.02 -47.74
 826.00 -73.45 -41.55
 827.00 -67.00 -42.58
 828.00 -73.18 -34.58
 829.00 -76.23 -34.17
 830.00 -51.35 -41.29
 831.00 -62.41 -50.11
 832.00 -61.81 -27.86
 833.00 -69.28 -53.29
 834.00 -63.25 -23.42
 835.00 -59.30 -52.35
 836.00 -68.78 -28.89
 837.00 -72.24 -36.87
 838.00 -61.03 -40.80
 839.00 -81.61 -23.22
 840.00 -118.19 -22.46
 841.00 -69.98   5.47
 842.00 -72.99 161.97
 843.00 -151.66  80.72
 844.00 -95.66 164.22
 845.00 -57.95 103.45
 846.00 -51.94 -32.66
 847.00 -143.48 -25.34
 848.00 -59.43  69.15
 849.00 -70.56 -10.19
 850.00 -59.88 -21.09
 851.00 -77.99 -29.80
 852.00 -53.36 -46.69
 853.00 -72.80 -53.65
 854.00 -66.72 -33.30
 855.00 -67.80 -41.42
 856.00 -36.51 -49.21
 857.00 -61.59 -57.92
 858.00 -62.04 -42.24
 859.00 -76.49 -39.22
 860.00 -52.49 -30.78
 861.00 -67.18 -42.44
 862.00 -48.75 -48.11
 863.00 -68.34 -50.84
 864.00 -73.14 -27.48
 865.00 -73.97 -11.23
 866.00 -56.56 -32.61
 867.00 -60.47 -47.61
 868.00 -67.16 -35.31
 869.00 -59.41 -51.94
 870.00 -73.45 -38.24
 871.00 -60.60 -37.30
 872.00 -77.48 -41.53
 873.00 -71.26 -25.70
 874.00 -57.39 -36.66
 875.00 -64.07 -47.56
 876.00 -69.93 -46.10
 877.00 -59.56 -33.77
 878.00 -72.79 -46.93
 879.00 -79.79 -22.02
 880.00 -77.96 -33.94
 881.00 -61.80 -41.08
 882.00 -122.58 -22.12
 883.00 -58.82  16.66
 884.00 -66.57 -39.93
 885.00 -67.39 -35.06
 886.00 -76.46 -61.13
 887.00  52.80  13.80
 888.00 -78.70  20.49
 889.00 -130.46 149.71
 890.00 -128.72 153.01
 891.00 -83.23 153.89
 892.00 -64.24 149.70
 893.00 -67.71 -27.48
 894.00 -68.13 -45.60
 895.00 -56.38 -37.22
 896.00 -74.72 -42.03
 897.00 -68.44 -31.87
 898.00 -80.13 -43.35
 899.00 -91.06 -19.40
 900.00 -125.51 -16.73
 901.00 -86.77 -42.50
 902.00 -69.81 -41.80
 903.00 -48.05 -34.24
 904.00 -62.87 -26.67
 905.00 -68.57 -37.79
 906.00 -73.61 -47.15
 907.00 -74.94 -29.07
 908.00  84.04  -5.45
 909.00 -63.24   6.25
 910.00 -142.77 -12.33
 911.00 -110.83 121.28
 912.00 -64.25 135.87
 913.00 -93.07 141.68
 914.00 -121.45 137.36
 915.00 -82.54 133.05
 916.00 -127.18 -25.03
 917.00 -154.19 169.17


