 residuo Phi Psi
 669.00 -59.96 157.43
 670.00 -55.81 138.46
 671.00 -143.01 168.76
 672.00 -62.98 -25.20
 673.00 -48.20 -56.49
 674.00 -74.84 -32.27
 675.00 -70.11 -37.11
 676.00 -54.90 -53.06
 677.00 -68.16 -47.18
 678.00 -65.34 -37.72
 679.00 -81.36 -42.80
 680.00 -64.54  -7.99
 681.00 -53.76 115.13
 682.00 -61.95 150.16
 683.00 -60.05 163.54
 684.00 -75.78 110.01
 685.00 -94.94 137.73
 686.00 -97.06 173.04
 687.00  81.30 -14.48
 688.00 -74.80  26.43
 689.00 -90.70 130.39
 690.00 -65.91 141.20
 691.00 -79.70 -17.48
 692.00 -76.50   2.69
 693.00 -82.53 134.73
 694.00 -91.08 163.25
 695.00 -102.79  59.72
 696.00 -59.09 162.14
 697.00 -48.49 -58.30
 698.00 -82.67 -32.37
 699.00 -67.11 -46.36
 700.00 -61.48 -40.48
 701.00 -64.10 -43.88
 702.00 -66.35 -41.52
 703.00 -69.72 -34.88
 704.00 -67.26 -40.23
 705.00 -61.17 -41.58
 706.00 -75.59 -29.38
 707.00 -64.72 -28.58
 708.00 -51.58 -50.04
 709.00 -53.04 -50.33
 710.00 -73.20 -48.37
 711.00 -70.52 -24.60
 712.00 -62.07 -40.63
 713.00 -63.22 -49.13
 714.00 -64.91 -39.47
 715.00 -67.58 -44.24
 716.00 -61.88 -31.47
 717.00 -69.01 -39.19
 718.00 -65.27 -37.11
 719.00 -65.30 -42.18
 720.00 -92.51 -25.38
 721.00 -65.40 -12.48
 722.00 -60.48 140.46
 723.00  81.94 138.56
 724.00 -43.11 -32.67
 725.00 -84.38 -31.69
 726.00 -71.98   8.29
 727.00 -73.27 -16.63
 728.00 -83.20 159.38
 729.00 -55.12 145.79
 730.00 -67.09 -34.50
 731.00 -76.99 -28.99
 732.00 -53.52 -40.40
 733.00 -68.30 -45.87
 734.00 -68.66 -30.19
 735.00 -55.33 -57.44
 736.00 -67.29 -36.04
 737.00 -66.86 -62.38
 738.00 -96.32  -9.19
 739.00 -68.38 -48.98
 740.00 -33.65 -25.52
 741.00 -53.34 -65.70
 742.00 -61.35 -56.77
 743.00 -50.76 -50.45
 744.00 -74.63 -58.06
 745.00 -74.16 -22.23
 746.00 -61.79 -41.13
 747.00 -68.12 -38.67
 748.00 -63.26 -42.78
 749.00 -62.80 -36.35
 750.00 -60.97 -32.65
 751.00 -61.00 -52.35
 752.00 -62.61 -32.43
 753.00 -61.03 -49.14
 754.00 -101.34 -38.38
 755.00 -92.33 -33.32
 756.00 -156.37 -21.55
 757.00  68.52  30.24
 758.00  57.40  18.03
 759.00 -60.35 -13.26
 760.00 -107.31 -42.05
 761.00 -99.19 171.51
 762.00 -99.35 120.25
 763.00 -47.65  71.55
 764.00 -145.76 -64.65
 765.00 -60.37 162.84
 766.00 -110.16 -23.59
 767.00 -135.56   0.00
 768.00 -86.38  70.64
 769.00 -84.13 117.97
 770.00 -77.31  99.96
 771.00 -67.24 -178.74
 772.00 -59.46 -45.46
 773.00 -65.85 -42.94
 774.00 -58.86 -40.85
 775.00 -58.52 -46.47
 776.00 -55.99 -51.71
 777.00 -63.49 -39.55
 778.00  46.79  -4.37
 779.00 -123.81  24.46
 780.00 -45.45  35.68
 781.00 -61.38 -56.44
 782.00 -61.80 -42.08
 783.00 -70.84 -41.26
 784.00 -49.48 -43.13
 785.00 -75.69 -36.98
 786.00 -65.90 -29.30
 787.00 -62.53 -42.18
 788.00 -70.17 -47.83
 789.00 -59.27 -31.28
 790.00 -59.38 -51.12
 791.00 -67.75 -34.73
 792.00 -65.14 -29.88
 793.00 -44.00 -39.80
 794.00 -85.56 -41.57
 795.00 -73.93 -26.34
 796.00 -85.67 -29.43
 797.00  65.01 -16.95
 798.00 -77.43  57.61
 799.00 -79.59 119.02
 800.00 -43.16 154.48
 801.00 -58.98 -49.94
 802.00 -52.88 -47.39
 803.00 -52.15 -53.80
 804.00 -48.62 -57.81
 805.00 -73.62 -47.11
 806.00 -62.15 -40.66
 807.00 -75.43 -27.20
 808.00 -49.30 -36.41
 809.00 -74.97 -50.22
 810.00 -60.16 -23.88
 811.00 -61.53 -30.29
 812.00 -106.41 -28.03
 813.00 -124.34  44.53
 814.00 -149.91   0.61
 815.00 -148.44 124.37
 816.00 -59.29 175.35
 817.00 -62.42 152.24
 818.00 -79.08 -39.90
 819.00  68.95  -2.32
 820.00 -62.15 178.60
 821.00 -51.58 153.98
 822.00 -121.00 -30.42
 823.00 -52.16  50.88
 824.00 -68.40 -34.79
 825.00 -72.26 -30.90
 826.00 -80.83 -23.75
 827.00 -53.46 -58.22
 828.00 -67.95 -30.09
 829.00 -71.03 -49.67
 830.00 -58.83 -34.67
 831.00 -75.18 -42.93
 832.00 -71.41 -24.03
 833.00 -66.98 -40.64
 834.00 -55.87 -38.86
 835.00 -76.55 -45.41
 836.00 -70.33 -40.63
 837.00 -79.17 -18.50
 838.00 -56.97 -53.54
 839.00 -66.65 -17.44
 840.00 -134.02 -31.40
 841.00 -60.04   4.89
 842.00 -63.23 143.72
 843.00 -157.49 101.20
 844.00 -85.09 174.38
 845.00 -45.71  74.63
 846.00 -62.83 -45.20
 847.00 -117.27 -14.86
 848.00 -51.12  73.06
 849.00 -63.61 -16.03
 850.00 -58.08 -31.15
 851.00 -79.07 -42.07
 852.00 -51.16 -39.53
 853.00 -70.44 -53.47
 854.00 -63.60 -35.51
 855.00 -66.32 -47.26
 856.00 -50.28 -42.44
 857.00 -69.74 -40.70
 858.00 -72.14 -34.69
 859.00 -65.12 -33.97
 860.00 -59.14 -42.72
 861.00 -69.01 -41.11
 862.00 -56.30 -43.87
 863.00 -56.36 -44.64
 864.00 -78.24 -27.70
 865.00 -65.26 -36.35
 866.00 -43.78 -33.52
 867.00 -65.16 -64.36
 868.00 -82.23 -17.97
 869.00 -60.06 -39.00
 870.00 -72.25 -34.35
 871.00 -63.74 -40.97
 872.00 -61.34 -43.84
 873.00 -55.09 -50.78
 874.00 -64.24 -43.36
 875.00 -65.37 -37.94
 876.00 -75.52 -49.90
 877.00 -78.02 -20.59
 878.00 -93.75 -25.51
 879.00 -93.98  -1.30
 880.00 -67.34 -40.11
 881.00 -68.43 -26.48
 882.00 -106.88 -32.00
 883.00 -49.59  10.80
 884.00 -65.65 -42.19
 885.00 -50.25 -55.59
 886.00 -71.19 -46.37
 887.00  66.88 -19.23
 888.00 -78.58  18.50
 889.00 -99.70 137.96
 890.00 -143.42 163.31
 891.00 -65.91 130.28
 892.00 -58.26 136.98
 893.00 -76.93 -21.70
 894.00 -73.60 -36.93
 895.00 -56.85 -41.67
 896.00 -56.66 -42.50
 897.00 -58.80 -56.81
 898.00 -83.01 -30.84
 899.00 -72.06 -46.21
 900.00 -92.08 -38.71
 901.00 -96.17 -41.41
 902.00 -78.95 -38.96
 903.00 -60.78 -30.08
 904.00 -69.93 -18.58
 905.00 -72.94 -35.10
 906.00 -60.09 -49.70
 907.00 -94.68 -26.87
 908.00  74.90  -5.72
 909.00 -54.90   5.87
 910.00 -110.56 -28.56
 911.00 -135.51 142.06
 912.00 -60.15 143.18
 913.00 -78.84 136.63
 914.00 -72.30  96.52
 915.00 -69.93 131.04
 916.00 -132.03 -29.03
 917.00 -144.24 135.62


