 residuo Phi Psi
 669.00 -61.50 135.67
 670.00 -57.39 161.47
 671.00 -139.45 156.10
 672.00 -65.28  -2.46
 673.00 -58.01 -65.17
 674.00 -72.83 -20.74
 675.00 -66.56 -38.64
 676.00 -61.86 -43.70
 677.00 -59.18 -45.41
 678.00 -64.82 -42.47
 679.00 -80.37 -33.02
 680.00 -67.96 -11.98
 681.00 -80.37 116.08
 682.00 -74.42 -179.79
 683.00 -75.89 162.14
 684.00 -135.36 159.55
 685.00 -77.59 119.08
 686.00 -82.06 145.92
 687.00  70.20 -16.87
 688.00 -70.69  17.39
 689.00 -126.75 151.80
 690.00 -65.79  83.38
 691.00 -66.35   8.74
 692.00 -71.73 -38.12
 693.00 -63.95 155.39
 694.00 -69.33 152.38
 695.00 -167.24 148.63
 696.00 -53.30 135.65
 697.00 -79.97 -48.15
 698.00 -66.87 -38.68
 699.00 -57.02 -41.07
 700.00 -65.42 -54.01
 701.00 -73.54 -41.75
 702.00 -66.08 -33.51
 703.00 -74.60 -23.08
 704.00 -73.62 -38.69
 705.00 -61.47 -34.77
 706.00 -55.26 -42.92
 707.00 -40.46 -62.51
 708.00 -66.48 -46.07
 709.00 -60.63 -51.81
 710.00 -71.29 -29.61
 711.00 -59.44 -41.65
 712.00 -63.63 -35.33
 713.00 -71.36 -48.01
 714.00 -61.97 -34.63
 715.00 -65.19 -38.73
 716.00 -47.19 -52.26
 717.00 -56.02 -48.92
 718.00 -74.82 -58.44
 719.00 -45.37 -29.51
 720.00 -104.66 -39.37
 721.00 -75.16  13.71
 722.00 -50.19 138.11
 723.00  75.67 144.23
 724.00 -65.94 -27.65
 725.00 -75.55 -21.93
 726.00 -66.99  -6.04
 727.00 -98.28 -15.34
 728.00 -62.74 132.03
 729.00 -59.15 158.28
 730.00 -82.06 -32.84
 731.00 -80.19 -28.59
 732.00 -51.67 -40.29
 733.00 -59.90 -54.87
 734.00 -70.49 -29.79
 735.00 -59.34 -56.95
 736.00 -70.21 -27.97
 737.00 -59.64 -53.69
 738.00 -94.36 -17.15
 739.00 -91.82 -32.77
 740.00 -64.76  -9.78
 741.00 -54.13 -39.32
 742.00 -68.04 -54.11
 743.00 -62.45 -38.87
 744.00 -68.94 -48.24
 745.00 -58.21 -38.27
 746.00 -62.45 -45.30
 747.00 -47.12 -51.87
 748.00 -78.38 -43.53
 749.00 -49.78 -40.62
 750.00 -65.40 -44.97
 751.00 -52.89 -48.08
 752.00 -68.27 -40.63
 753.00 -62.78 -36.89
 754.00 -81.91 -39.50
 755.00 -118.80 -26.45
 756.00 -144.88 -14.55
 757.00  56.66  28.49
 758.00  62.43  24.58
 759.00 -81.89  11.13
 760.00 -102.97 -41.68
 761.00 -98.59 157.71
 762.00 -87.70 105.54
 763.00 -51.40  62.53
 764.00 -157.84 -47.24
 765.00 -81.04 168.60
 766.00 -85.90 -36.38
 767.00 -139.78  -4.53
 768.00 -71.89  57.25
 769.00 -100.35 145.50
 770.00 -147.71 151.93
 771.00 -49.44 167.96
 772.00 -83.49 -23.91
 773.00 -66.48 -50.01
 774.00 -64.92 -27.48
 775.00 -60.91 -48.76
 776.00 -54.61 -57.41
 777.00 -79.40 -45.83
 778.00  66.94 -14.89
 779.00 -150.00  67.17
 780.00 -77.00  37.33
 781.00 -65.26 -41.55
 782.00 -67.14 -40.43
 783.00 -63.89 -35.02
 784.00 -70.06 -49.06
 785.00 -64.08 -33.45
 786.00 -68.51 -39.59
 787.00 -64.27 -28.85
 788.00 -67.87 -40.79
 789.00 -67.85 -33.56
 790.00 -62.47 -47.83
 791.00 -59.92 -38.75
 792.00 -79.79 -24.00
 793.00 -70.65 -25.14
 794.00 -66.99 -38.23
 795.00 -67.15 -43.44
 796.00 -101.65 -22.12
 797.00  51.84   0.13
 798.00 -64.04  61.11
 799.00 -68.11 122.33
 800.00 -59.80 155.75
 801.00 -72.28 -34.31
 802.00 -57.13 -44.73
 803.00 -55.07 -45.86
 804.00 -65.19 -50.36
 805.00 -79.74 -26.96
 806.00 -70.21 -34.59
 807.00 -49.54 -45.67
 808.00 -61.81 -39.92
 809.00 -53.76 -53.04
 810.00 -60.88 -33.07
 811.00 -61.35 -30.73
 812.00 -116.77 -19.17
 813.00 -117.24  31.38
 814.00 -143.03  -6.28
 815.00 -143.58 135.27
 816.00 -50.55 161.02
 817.00 -63.35 140.03
 818.00 -54.31 -38.62
 819.00  67.71 -14.32
 820.00 -81.18 171.76
 821.00 -67.30 167.53
 822.00 -116.57 -28.77
 823.00 -57.20  38.08
 824.00 -54.61 -45.55
 825.00 -62.32 -39.07
 826.00 -64.93 -43.73
 827.00 -61.26 -41.81
 828.00 -51.48 -48.19
 829.00 -60.05 -57.38
 830.00 -68.09 -34.86
 831.00 -59.40 -49.70
 832.00 -90.42 -17.37
 833.00 -70.45 -46.33
 834.00 -74.29 -17.62
 835.00 -66.29 -40.51
 836.00 -85.43 -28.77
 837.00 -60.43 -28.58
 838.00 -59.14 -49.83
 839.00 -70.20 -28.74
 840.00 -124.60 -22.95
 841.00 -48.72   0.20
 842.00 -73.00 140.35
 843.00 -127.15  67.95
 844.00 -73.82 162.35
 845.00 -61.42  92.30
 846.00 -90.16 -12.65
 847.00 -137.52  -2.27
 848.00 -54.95  68.38
 849.00 -78.21  -9.50
 850.00 -62.75 -10.67
 851.00 -80.00 -37.02
 852.00 -60.16 -39.29
 853.00 -74.84 -33.29
 854.00 -72.38 -36.01
 855.00 -56.47 -38.29
 856.00 -79.10 -35.00
 857.00 -57.92 -48.86
 858.00 -76.74 -33.40
 859.00 -72.07 -38.68
 860.00 -64.19 -29.41
 861.00 -68.82 -43.40
 862.00 -63.82 -39.82
 863.00 -72.04 -40.01
 864.00 -64.97 -26.41
 865.00 -71.71 -25.93
 866.00 -77.66 -26.06
 867.00 -63.54 -37.25
 868.00 -73.36 -29.19
 869.00 -64.89 -44.17
 870.00 -62.10 -28.90
 871.00 -53.99 -49.25
 872.00 -62.94 -54.25
 873.00 -74.65 -26.90
 874.00 -63.98 -40.27
 875.00 -64.11 -40.73
 876.00 -68.59 -45.58
 877.00 -67.76 -36.44
 878.00 -55.72 -45.23
 879.00 -61.56 -42.76
 880.00 -70.50 -35.15
 881.00 -69.39 -44.11
 882.00 -115.94  -6.17
 883.00 -46.67  -2.00
 884.00 -66.87 -45.03
 885.00 -88.37 -22.96
 886.00 -128.66  -5.52
 887.00  54.40  -2.50
 888.00 -95.29  44.29
 889.00 -92.08 123.52
 890.00 -103.13 127.42
 891.00 -56.46 125.63
 892.00 -65.23 154.68
 893.00 -67.97 -27.43
 894.00 -82.68 -32.05
 895.00 -57.77 -43.18
 896.00 -61.54 -35.98
 897.00 -63.63 -53.55
 898.00 -81.83 -46.43
 899.00 -90.57 -24.21
 900.00 -124.97 -12.53
 901.00 -84.96 -39.75
 902.00 -64.93 -51.01
 903.00 -40.75 -35.77
 904.00 -67.54 -42.23
 905.00 -68.03 -27.99
 906.00 -60.21 -54.67
 907.00 -79.91 -41.34
 908.00  71.94  -9.79
 909.00 -77.44  24.49
 910.00 -122.22 -17.40
 911.00 -149.52 134.56
 912.00 -56.07 147.97
 913.00 -110.43 171.61
 914.00 -97.28 120.94
 915.00 -70.68 141.45
 916.00 -123.44 -36.52
 917.00 -83.75 138.66


