 residuo Phi Psi
 669.00 -41.21 104.37
 670.00 -75.16 147.07
 671.00 -170.26 158.36
 672.00 -48.67  -9.13
 673.00 -64.20 -49.27
 674.00 -60.27 -49.60
 675.00 -71.70 -40.33
 676.00 -59.57 -45.88
 677.00 -62.60 -43.16
 678.00 -73.54 -38.03
 679.00 -85.73 -32.28
 680.00 -53.51  -8.65
 681.00 -74.49 124.96
 682.00 -63.24 162.57
 683.00 -52.67 147.44
 684.00 -94.00 145.37
 685.00 -89.28 127.73
 686.00 -66.18 135.44
 687.00  69.90 -10.48
 688.00 -62.71  13.30
 689.00 -96.04 136.15
 690.00 -53.02 140.96
 691.00 -94.20 -27.63
 692.00 -75.53  19.26
 693.00 -88.62 153.74
 694.00 -80.22 146.36
 695.00 -153.86  89.77
 696.00 -59.61 150.90
 697.00 -78.48 -34.74
 698.00 -59.24 -44.87
 699.00 -58.53 -60.33
 700.00 -69.95 -51.58
 701.00 -71.67 -33.35
 702.00 -77.59 -27.79
 703.00 -65.58 -33.47
 704.00 -56.10 -45.81
 705.00 -65.55 -43.93
 706.00 -58.88 -39.94
 707.00 -56.25 -32.31
 708.00 -59.35 -51.34
 709.00 -83.80 -36.65
 710.00 -79.58 -23.63
 711.00 -58.90 -46.28
 712.00 -54.15 -44.54
 713.00 -71.27 -43.95
 714.00 -68.86 -31.82
 715.00 -66.66 -31.25
 716.00 -47.00 -53.17
 717.00 -77.87 -43.41
 718.00 -63.59 -45.38
 719.00 -54.54 -38.41
 720.00 -111.75 -20.75
 721.00 -55.41   0.68
 722.00 -73.41 143.94
 723.00  75.76 138.26
 724.00 -63.99  -6.15
 725.00 -57.23 -37.56
 726.00 -57.96 -17.27
 727.00 -118.83 -11.66
 728.00 -67.94 148.13
 729.00 -65.48 154.90
 730.00 -72.10 -19.34
 731.00 -75.51 -37.64
 732.00 -73.39 -19.51
 733.00 -59.17 -44.15
 734.00 -79.39 -30.83
 735.00 -55.32 -55.36
 736.00 -62.82 -36.30
 737.00 -77.23 -54.04
 738.00 -92.61  -8.35
 739.00 -74.26 -33.67
 740.00 -44.52 -29.74
 741.00 -56.00 -53.47
 742.00 -61.99 -50.29
 743.00 -71.78 -42.09
 744.00 -73.41 -44.47
 745.00 -67.11 -34.42
 746.00 -58.96 -43.31
 747.00 -65.46 -37.79
 748.00 -72.17 -37.23
 749.00 -60.83 -29.47
 750.00 -59.65 -51.92
 751.00 -58.35 -53.51
 752.00 -59.05 -42.73
 753.00 -58.81 -50.36
 754.00 -89.13 -53.55
 755.00 -119.34  -4.59
 756.00 -134.95 -26.85
 757.00  54.95  18.12
 758.00  54.82  34.23
 759.00 -65.73   6.78
 760.00 -142.41 -16.00
 761.00 -83.67 150.80
 762.00 -79.95 107.21
 763.00 -49.73  59.24
 764.00 -154.48 -49.06
 765.00 -67.71 162.50
 766.00 -104.84 -18.71
 767.00 -138.23  -2.05
 768.00 -121.66  85.09
 769.00 -99.70 133.32
 770.00 -69.98 106.47
 771.00 -58.00 161.81
 772.00 -38.87 -42.63
 773.00 -71.83 -52.30
 774.00 -60.41 -35.49
 775.00 -65.02 -39.24
 776.00 -79.59 -32.93
 777.00 -84.59 -20.81
 778.00  64.69  -3.04
 779.00 -77.69 -20.46
 780.00 -63.81  52.53
 781.00 -56.59 -45.70
 782.00 -60.65 -43.90
 783.00 -50.40 -43.70
 784.00 -67.34 -45.39
 785.00 -62.66 -48.13
 786.00 -77.80 -33.90
 787.00 -57.97 -36.05
 788.00 -57.62 -40.88
 789.00 -53.01 -43.40
 790.00 -70.72 -47.14
 791.00 -57.39 -44.66
 792.00 -70.70 -22.72
 793.00 -59.89 -38.10
 794.00 -57.51 -42.26
 795.00 -62.09 -49.77
 796.00 -67.90 -50.16
 797.00  54.82 -15.07
 798.00 -65.25  51.95
 799.00 -93.32 138.40
 800.00 -59.91 163.44
 801.00 -84.65 -25.83
 802.00 -61.97 -36.52
 803.00 -57.59 -46.04
 804.00 -46.82 -53.34
 805.00 -67.23 -53.00
 806.00 -92.47 -22.19
 807.00 -61.39 -34.51
 808.00 -58.96 -49.13
 809.00 -80.04 -34.58
 810.00 -71.73 -23.95
 811.00 -62.99 -18.88
 812.00 -101.67 -38.07
 813.00 -144.57  50.47
 814.00 -163.24  15.73
 815.00 -145.78 126.73
 816.00 -57.48 164.27
 817.00 -63.83 151.26
 818.00 -88.02 -34.12
 819.00  81.95  11.53
 820.00 -67.48 166.70
 821.00 -59.58 165.22
 822.00 -100.53 -46.23
 823.00 -55.77  55.01
 824.00 -57.43 -32.31
 825.00 -81.54 -42.29
 826.00 -69.98 -26.21
 827.00 -61.25 -41.96
 828.00 -76.81 -29.98
 829.00 -68.03 -34.36
 830.00 -56.44 -53.71
 831.00 -57.43 -43.82
 832.00 -73.12 -39.48
 833.00 -65.93 -37.00
 834.00 -71.24 -30.85
 835.00 -72.69 -51.53
 836.00 -81.19 -18.63
 837.00 -50.69 -38.93
 838.00 -64.82 -44.07
 839.00 -77.16 -23.85
 840.00 -115.70 -32.49
 841.00 -77.90  17.95
 842.00 -79.33 150.69
 843.00 -155.78  96.11
 844.00 -77.11 156.50
 845.00 -49.80 101.82
 846.00 -76.23 -40.74
 847.00 -105.93  -6.78
 848.00 -62.11  73.55
 849.00 -59.35 -30.37
 850.00 -63.85 -33.42
 851.00 -76.89 -28.73
 852.00 -62.79 -31.42
 853.00 -66.09 -46.32
 854.00 -61.13 -43.07
 855.00 -58.43 -44.68
 856.00 -59.21 -45.66
 857.00 -79.49 -27.55
 858.00 -63.23 -26.93
 859.00 -70.85 -41.01
 860.00 -74.89 -38.00
 861.00 -71.16 -24.81
 862.00 -60.46 -43.19
 863.00 -53.65 -47.64
 864.00 -72.88 -30.72
 865.00 -78.95 -16.75
 866.00 -48.88 -30.64
 867.00 -76.07 -45.68
 868.00 -76.85 -30.60
 869.00 -45.90 -51.30
 870.00 -54.39 -58.49
 871.00 -52.63 -46.37
 872.00 -70.01 -39.34
 873.00 -49.34 -49.02
 874.00 -62.55 -45.19
 875.00 -62.28 -43.03
 876.00 -78.48 -45.22
 877.00 -58.68 -29.61
 878.00 -60.89 -59.97
 879.00 -64.18 -31.81
 880.00 -70.42 -46.10
 881.00 -57.60 -30.97
 882.00 -117.33 -31.02
 883.00 -35.57  -0.15
 884.00 -73.60 -46.57
 885.00 -79.24 -29.34
 886.00 -98.51 -26.62
 887.00  58.26  -6.94
 888.00 -67.95  13.24
 889.00 -94.92 128.19
 890.00 -119.91 132.98
 891.00 -56.13 116.14
 892.00 -41.38 144.51
 893.00 -65.03 -54.98
 894.00 -70.68 -38.77
 895.00 -57.13 -51.03
 896.00 -62.35 -31.51
 897.00 -58.23 -53.63
 898.00 -82.11 -33.38
 899.00 -95.45 -31.47
 900.00 -109.32 -23.53
 901.00 -78.12 -60.96
 902.00 -44.83 -49.65
 903.00 -42.83 -68.30
 904.00 -54.65 -31.40
 905.00 -74.87 -35.65
 906.00 -56.26 -48.09
 907.00 -79.61 -49.29
 908.00  73.73   8.82
 909.00 -69.34   3.72
 910.00 -121.47 -19.49
 911.00 -135.86 138.22
 912.00 -86.81 147.43
 913.00 -96.69 169.40
 914.00 -104.75 117.60
 915.00 -67.34 128.52
 916.00 -120.72 -30.20
 917.00 -65.54 138.64


