 residuo Phi Psi
 669.00 -64.58 147.01
 670.00 -71.67 163.22
 671.00 -159.71 162.89
 672.00 -75.82  -7.04
 673.00 -65.00 -29.21
 674.00 -56.08 -45.02
 675.00 -68.88 -33.02
 676.00 -57.68 -55.21
 677.00 -74.66 -34.73
 678.00 -76.63 -21.98
 679.00 -95.89 -33.84
 680.00 -53.35 -13.16
 681.00 -77.73 120.58
 682.00 -74.30 154.30
 683.00 -79.02 152.22
 684.00 -97.54 135.11
 685.00 -82.90 152.35
 686.00 -91.68 158.86
 687.00  85.56 -22.76
 688.00 -71.38  25.05
 689.00 -137.19 161.89
 690.00 -68.20  90.54
 691.00 -57.67  -9.64
 692.00 -76.28 -37.95
 693.00 -61.18 150.53
 694.00 -65.56 148.27
 695.00 -161.32 164.85
 696.00 -47.41 141.59
 697.00 -63.33 -63.93
 698.00 -65.23 -32.18
 699.00 -48.61 -67.90
 700.00 -63.72 -48.23
 701.00 -70.78 -44.51
 702.00 -59.88 -28.37
 703.00 -58.91 -51.95
 704.00 -77.95 -26.66
 705.00 -58.25 -43.93
 706.00 -52.26 -47.80
 707.00 -57.68 -46.71
 708.00 -63.27 -34.16
 709.00 -57.06 -53.47
 710.00 -62.80 -43.75
 711.00 -76.08 -41.11
 712.00 -50.09 -36.50
 713.00 -76.12 -49.93
 714.00 -57.13 -28.20
 715.00 -66.86 -46.24
 716.00 -60.44 -44.61
 717.00 -63.11 -39.00
 718.00 -70.34 -37.77
 719.00 -54.82 -40.51
 720.00 -80.39 -42.57
 721.00 -85.31   8.04
 722.00 -59.27 145.88
 723.00  70.74 135.38
 724.00 -55.03 -14.39
 725.00 -63.94 -24.63
 726.00 -58.46 -18.36
 727.00 -73.67 -33.27
 728.00 -61.43 136.36
 729.00 -60.73 150.23
 730.00 -57.52 -28.94
 731.00 -78.50 -46.67
 732.00 -64.18 -23.78
 733.00 -64.16 -45.27
 734.00 -54.39 -36.99
 735.00 -59.63 -68.87
 736.00 -54.05 -31.96
 737.00 -57.80 -65.92
 738.00 -86.99 -26.81
 739.00 -88.45 -32.75
 740.00 -50.50  -7.66
 741.00 -70.08 -50.92
 742.00 -63.93 -45.24
 743.00 -74.26 -35.99
 744.00 -72.65 -48.71
 745.00 -77.78 -26.62
 746.00 -61.44 -41.30
 747.00 -59.50 -44.46
 748.00 -67.89 -42.94
 749.00 -60.34 -35.36
 750.00 -56.99 -49.32
 751.00 -62.33 -47.07
 752.00 -73.45 -38.55
 753.00 -67.75 -36.69
 754.00 -70.21 -45.99
 755.00 -82.73 -53.39
 756.00 -134.45 -35.69
 757.00  49.54  50.53
 758.00  48.64  40.26
 759.00 -78.35  -2.83
 760.00 -86.76 -61.81
 761.00 -101.02 152.00
 762.00 -93.82 110.21
 763.00 -69.71  78.50
 764.00 -160.68 -43.73
 765.00 -64.28 167.31
 766.00 -88.06 -37.00
 767.00 -143.12 -11.91
 768.00 -107.65  86.02
 769.00 -114.46 134.65
 770.00 -92.55 117.47
 771.00 -67.83 178.45
 772.00 -66.40 -30.01
 773.00 -67.38 -40.49
 774.00 -52.99 -31.54
 775.00 -53.48 -57.80
 776.00 -81.91 -50.32
 777.00 -70.94 -20.24
 778.00  66.64 -13.28
 779.00 -135.61  35.29
 780.00 -57.10  42.80
 781.00 -54.65 -50.58
 782.00 -60.90 -45.02
 783.00 -71.36 -37.98
 784.00 -63.59 -43.40
 785.00 -56.27 -47.95
 786.00 -83.97 -23.82
 787.00 -55.45 -40.04
 788.00 -56.55 -42.89
 789.00 -72.14 -35.72
 790.00 -66.28 -40.26
 791.00 -72.22 -39.87
 792.00 -53.03 -29.15
 793.00 -52.25 -41.03
 794.00 -74.11 -51.23
 795.00 -60.74 -32.87
 796.00 -77.45 -46.70
 797.00  62.96 -19.69
 798.00 -80.77  61.64
 799.00 -71.42 128.07
 800.00 -55.22 146.17
 801.00 -52.29 -33.39
 802.00 -67.14 -53.11
 803.00 -49.90 -46.37
 804.00 -62.88 -51.39
 805.00 -68.95 -42.84
 806.00 -70.49 -37.69
 807.00 -57.43 -39.07
 808.00 -59.65 -38.18
 809.00 -70.17 -52.56
 810.00 -45.75 -32.71
 811.00 -78.18 -27.09
 812.00 -113.57  -8.22
 813.00 -140.85  31.73
 814.00 -147.64  10.60
 815.00 -149.02 145.96
 816.00 -60.70 163.05
 817.00 -57.69 159.56
 818.00 -78.12 -51.03
 819.00  63.47  11.10
 820.00 -73.27 178.46
 821.00 -60.37 162.12
 822.00 -112.11 -48.80
 823.00 -32.82  41.85
 824.00 -50.55 -42.66
 825.00 -88.30 -26.30
 826.00 -64.21 -22.90
 827.00 -64.70 -46.20
 828.00 -64.65 -41.92
 829.00 -74.24 -37.59
 830.00 -42.38 -47.49
 831.00 -61.02 -61.52
 832.00 -67.68 -37.47
 833.00 -64.14 -45.82
 834.00 -67.01 -25.14
 835.00 -73.52 -41.32
 836.00 -63.05 -38.80
 837.00 -74.72 -26.68
 838.00 -51.74 -49.76
 839.00 -68.94 -28.55
 840.00 -117.14 -27.26
 841.00 -76.59   5.05
 842.00 -83.28 145.19
 843.00 -158.34 111.25
 844.00 -63.38 153.79
 845.00 -74.15 109.78
 846.00 -68.72 -29.48
 847.00 -130.37 -16.14
 848.00 -53.13  75.15
 849.00 -57.33 -16.93
 850.00 -61.69 -41.60
 851.00 -84.46 -27.02
 852.00 -58.36 -32.02
 853.00 -63.81 -41.77
 854.00 -68.25 -44.32
 855.00 -64.82 -37.71
 856.00 -56.45 -42.90
 857.00 -64.26 -42.63
 858.00 -74.54 -37.01
 859.00 -58.08 -47.63
 860.00 -63.77 -36.67
 861.00 -63.87 -42.62
 862.00 -66.66 -36.25
 863.00 -62.32 -43.50
 864.00 -71.00 -33.98
 865.00 -63.87 -23.54
 866.00 -68.76 -33.83
 867.00 -71.46 -38.00
 868.00 -75.38 -21.95
 869.00 -51.45 -56.06
 870.00 -80.39 -34.28
 871.00 -60.97 -30.37
 872.00 -70.92 -43.61
 873.00 -72.43 -33.19
 874.00 -71.13 -38.12
 875.00 -59.32 -49.08
 876.00 -75.69 -41.38
 877.00 -76.06 -33.13
 878.00 -51.39 -45.30
 879.00 -77.44 -36.95
 880.00 -59.19 -37.31
 881.00 -61.68 -43.30
 882.00 -84.09 -45.40
 883.00 -54.07   5.63
 884.00 -75.58 -20.32
 885.00 -84.26 -36.21
 886.00 -93.28 -29.17
 887.00  52.82  -7.45
 888.00 -95.30  36.32
 889.00 -111.91 141.66
 890.00 -122.83 134.50
 891.00 -56.32 125.02
 892.00 -62.41 138.57
 893.00 -51.20 -41.10
 894.00 -99.82 -32.05
 895.00 -59.55 -26.16
 896.00 -56.12 -46.19
 897.00 -71.23 -27.97
 898.00 -69.53 -52.24
 899.00 -92.42 -28.65
 900.00 -92.45 -47.01
 901.00 -103.30 -36.59
 902.00 -71.74 -30.35
 903.00 -56.06 -44.05
 904.00 -81.95  -6.37
 905.00 -73.16 -32.37
 906.00 -60.77 -54.85
 907.00 -84.06 -34.33
 908.00  82.09   4.75
 909.00 -75.42  12.64
 910.00 -150.43 -11.03
 911.00 -139.70 139.69
 912.00 -78.79 134.76
 913.00 -88.87 153.60
 914.00 -139.39 134.71
 915.00 -95.66 144.32
 916.00 -104.61 -28.42
 917.00 -71.88 140.22


