 residuo Phi Psi
 669.00 -74.97 154.07
 670.00 -62.18 160.15
 671.00 -49.58 144.00
 672.00 -50.89 -50.03
 673.00 -69.70 -51.27
 674.00 -59.70 -40.11
 675.00 -62.51 -41.12
 676.00 -68.86 -49.56
 677.00 -70.96 -28.98
 678.00 -70.14 -33.69
 679.00 -86.43 -25.40
 680.00 -69.41  -8.26
 681.00 -66.40 125.90
 682.00 -58.18 152.61
 683.00 -57.19 147.54
 684.00 -143.23 153.43
 685.00 -85.78 140.97
 686.00 -74.83 161.27
 687.00  83.93 -21.34
 688.00 -88.46  18.55
 689.00 -76.78 120.93
 690.00 -72.87  85.81
 691.00 -57.65  -5.02
 692.00 -81.84 -29.22
 693.00 -60.46 157.29
 694.00 -67.57 152.65
 695.00 -156.98 152.40
 696.00 -47.52 140.48
 697.00 -59.40 -43.87
 698.00 -71.50 -50.54
 699.00 -79.43 -29.62
 700.00 -71.74 -46.39
 701.00 -57.49 -34.88
 702.00 -68.90 -45.46
 703.00 -64.66 -31.97
 704.00 -69.26 -40.60
 705.00 -62.20 -38.59
 706.00 -63.36 -49.21
 707.00 -56.20 -29.58
 708.00 -78.19 -37.10
 709.00 -50.87 -49.88
 710.00 -68.78 -44.65
 711.00 -67.44 -34.61
 712.00 -60.25 -35.24
 713.00 -75.64 -56.51
 714.00 -68.83 -24.27
 715.00 -64.41 -44.92
 716.00 -62.21 -27.58
 717.00 -75.06 -39.48
 718.00 -64.15 -43.62
 719.00 -69.07 -31.99
 720.00 -127.37 -10.84
 721.00 -66.22   9.95
 722.00 -66.69 144.76
 723.00  70.48 139.42
 724.00 -64.11 -11.68
 725.00 -72.92 -25.72
 726.00 -74.75  -0.67
 727.00 -68.05 -28.34
 728.00 -63.74 148.28
 729.00 -70.29 153.73
 730.00 -71.01 -24.25
 731.00 -80.54 -33.78
 732.00 -59.67 -30.18
 733.00 -52.17 -54.71
 734.00 -65.75 -44.39
 735.00 -70.55 -52.83
 736.00 -50.18 -27.94
 737.00 -67.55 -55.30
 738.00 -84.89 -28.92
 739.00 -97.10 -26.06
 740.00 -47.62 -12.81
 741.00 -59.42 -54.10
 742.00 -71.27 -40.01
 743.00 -64.37 -46.62
 744.00 -65.80 -54.65
 745.00 -67.90 -38.20
 746.00 -63.79 -36.50
 747.00 -67.79 -44.07
 748.00 -73.84 -28.63
 749.00 -44.85 -35.19
 750.00 -62.60 -55.98
 751.00 -53.57 -49.62
 752.00 -66.25 -45.76
 753.00 -51.33 -48.98
 754.00 -87.85 -42.76
 755.00 -99.41 -32.09
 756.00 -130.45 -45.61
 757.00  51.81  19.13
 758.00  66.62  31.54
 759.00 -65.67 -12.20
 760.00 -100.49 -37.09
 761.00 -77.31 141.88
 762.00 -97.77 122.11
 763.00 -71.40  82.93
 764.00 -148.06 -52.34
 765.00 -62.72 166.17
 766.00 -95.74 -20.99
 767.00 -141.93   1.31
 768.00 -69.83  40.51
 769.00 -122.29 150.36
 770.00 -75.50 103.65
 771.00 -54.31 179.21
 772.00 -66.92 -42.36
 773.00 -53.49 -44.32
 774.00 -71.82 -31.93
 775.00 -62.54 -34.27
 776.00 -62.97 -51.05
 777.00 -86.73 -32.93
 778.00  52.11 -15.99
 779.00 -133.93  61.43
 780.00 -55.51  25.56
 781.00 -47.64 -56.28
 782.00 -58.51 -54.80
 783.00 -71.71 -49.22
 784.00 -60.34 -34.82
 785.00 -50.75 -57.94
 786.00 -71.71 -36.92
 787.00 -63.67 -36.59
 788.00 -75.31 -32.29
 789.00 -70.00 -30.64
 790.00 -69.92 -36.08
 791.00 -71.78 -22.64
 792.00 -65.17 -29.16
 793.00 -69.29 -23.35
 794.00 -81.60 -36.25
 795.00 -74.97 -18.33
 796.00 -74.50 -47.19
 797.00  55.04 -26.25
 798.00 -52.51  55.07
 799.00 -97.71 140.11
 800.00 -53.98 157.41
 801.00 -68.50 -37.24
 802.00 -77.18 -24.83
 803.00 -51.58 -50.66
 804.00 -53.75 -49.74
 805.00 -85.34 -39.28
 806.00 -67.99 -34.43
 807.00 -74.57 -40.09
 808.00 -69.92 -23.54
 809.00 -59.66 -48.53
 810.00 -69.14 -22.33
 811.00 -78.84 -23.35
 812.00 -138.28  -3.20
 813.00 -142.35  43.39
 814.00 -151.55  14.37
 815.00 -157.46 144.98
 816.00 -64.04 163.90
 817.00 -68.94 155.48
 818.00 -120.57 -10.12
 819.00  90.21  11.61
 820.00 -64.51 172.73
 821.00 -67.14 170.37
 822.00 -96.92 -47.57
 823.00 -63.52  41.41
 824.00 -71.98 -29.32
 825.00 -72.55 -32.12
 826.00 -64.41 -45.44
 827.00 -61.43 -42.18
 828.00 -62.34 -43.53
 829.00 -83.86 -33.99
 830.00 -53.16 -32.65
 831.00 -60.56 -57.19
 832.00 -55.89 -40.36
 833.00 -70.64 -43.49
 834.00 -67.14 -31.97
 835.00 -81.52 -37.92
 836.00 -76.82 -20.09
 837.00 -66.61 -37.45
 838.00 -51.50 -46.80
 839.00 -86.09 -26.87
 840.00 -112.88 -19.83
 841.00 -68.14   6.37
 842.00 -72.92 145.75
 843.00 -141.52  78.50
 844.00 -90.25 160.91
 845.00 -70.74 115.04
 846.00 -63.07 -32.87
 847.00 -91.48 -20.35
 848.00 -72.50 151.00
 849.00 -132.19 -30.97
 850.00 -52.82  -4.05
 851.00 -70.75 -45.74
 852.00 -66.57 -52.97
 853.00 -61.85 -34.81
 854.00 -57.65 -46.25
 855.00 -66.36 -39.94
 856.00 -69.62 -35.86
 857.00 -51.89 -49.39
 858.00 -82.69 -32.41
 859.00 -65.58 -36.31
 860.00 -59.52 -41.10
 861.00 -52.82 -41.28
 862.00 -67.65 -51.59
 863.00 -66.55 -37.76
 864.00 -85.36 -31.04
 865.00 -66.67 -18.01
 866.00 -65.10 -33.91
 867.00 -60.89 -48.19
 868.00 -63.27 -37.15
 869.00 -78.60 -31.09
 870.00 -69.08 -42.07
 871.00 -62.00 -26.77
 872.00 -75.74 -54.43
 873.00 -59.60 -20.39
 874.00 -66.87 -55.55
 875.00 -60.12 -26.02
 876.00 -75.34 -60.51
 877.00 -70.30 -32.92
 878.00 -71.39 -34.39
 879.00 -54.99 -44.11
 880.00 -72.09 -32.25
 881.00 -73.61 -27.11
 882.00 -74.84 -51.96
 883.00 -57.74   1.84
 884.00 -70.19 -38.04
 885.00 -66.34 -46.08
 886.00 -78.62 -37.54
 887.00  59.35  -4.37
 888.00 -81.33  31.93
 889.00 -81.69 127.49
 890.00 -125.36 138.83
 891.00 -64.14 117.76
 892.00 -49.44 134.57
 893.00 -66.12 -46.35
 894.00 -95.13 -33.51
 895.00 -60.73 -29.43
 896.00 -65.97 -26.50
 897.00 -73.25 -31.99
 898.00 -57.08 -45.86
 899.00 -70.05 -55.03
 900.00 -88.30 -46.01
 901.00 -92.99 -44.64
 902.00 -62.03 -39.46
 903.00 -57.88 -27.96
 904.00 -69.75 -26.42
 905.00 -73.42 -35.71
 906.00 -61.83 -47.18
 907.00 -82.26 -37.31
 908.00  62.61   0.61
 909.00 -70.25   2.92
 910.00 -121.09 -16.45
 911.00 -147.76 139.92
 912.00 -68.50 146.49
 913.00 -62.14 134.60
 914.00 -88.84 112.13
 915.00 -85.81 149.96
 916.00 -130.54 -33.23
 917.00 -94.55 168.34


