 residuo Phi Psi
 669.00 -77.24 132.19
 670.00 -77.79 155.87
 671.00 -129.70 138.80
 672.00 -63.20  -9.01
 673.00 -55.24 -54.12
 674.00 -67.93 -31.41
 675.00 -70.29 -32.46
 676.00 -61.11 -43.57
 677.00 -69.16 -34.79
 678.00 -77.72 -43.92
 679.00 -93.94 -27.52
 680.00 -66.89  -2.30
 681.00 -68.33 122.73
 682.00 -79.15 163.74
 683.00 -79.74 173.84
 684.00 -83.79 124.33
 685.00 -78.13 134.96
 686.00 -82.50 158.96
 687.00  85.92 -20.72
 688.00 -91.63  36.91
 689.00 -89.66 141.30
 690.00 -84.97 100.78
 691.00 -92.66   0.24
 692.00 -100.31   0.67
 693.00 -68.88 158.91
 694.00 -79.68 147.78
 695.00 -143.74 149.01
 696.00 -51.25 150.35
 697.00 -72.06 -60.37
 698.00 -65.07 -24.49
 699.00 -60.53 -48.67
 700.00 -83.39 -41.98
 701.00 -54.64 -39.25
 702.00 -67.06 -36.43
 703.00 -57.59 -39.85
 704.00 -63.13 -47.42
 705.00 -68.03 -35.28
 706.00 -61.85 -45.11
 707.00 -57.58 -29.26
 708.00 -72.17 -40.83
 709.00 -53.17 -41.59
 710.00 -56.63 -58.19
 711.00 -49.96 -57.46
 712.00 -68.09 -50.52
 713.00 -75.60 -29.21
 714.00 -62.39 -32.70
 715.00 -66.10 -43.00
 716.00 -53.44 -48.81
 717.00 -66.50 -32.85
 718.00 -65.49 -57.70
 719.00 -54.09 -33.68
 720.00 -115.29 -13.72
 721.00 -68.52  -0.42
 722.00 -52.78 145.99
 723.00  74.18 132.28
 724.00 -60.53 -11.75
 725.00 -63.66 -31.08
 726.00 -68.14 -12.00
 727.00 -71.91 -33.46
 728.00 -60.07 135.44
 729.00 -56.82 146.34
 730.00 -58.98 -31.23
 731.00 -67.27 -46.15
 732.00 -54.54 -42.37
 733.00 -78.17 -39.09
 734.00 -82.45 -38.75
 735.00 -59.02 -44.69
 736.00 -70.79 -23.17
 737.00 -59.15 -56.13
 738.00 -82.07 -30.04
 739.00 -104.66 -28.10
 740.00 -57.49  -4.15
 741.00 -70.84 -46.33
 742.00 -60.26 -46.31
 743.00 -69.92 -36.25
 744.00 -65.86 -58.50
 745.00 -73.89 -23.95
 746.00 -54.39 -48.10
 747.00 -57.25 -46.84
 748.00 -57.71 -49.50
 749.00 -63.20 -32.70
 750.00 -66.13 -41.81
 751.00 -62.43 -45.55
 752.00 -62.13 -44.79
 753.00 -64.30 -38.04
 754.00 -90.36 -46.80
 755.00 -110.47 -11.67
 756.00 -130.07 -39.87
 757.00  59.22  30.41
 758.00  70.86  21.03
 759.00 -94.24  11.90
 760.00 -65.71 -64.83
 761.00 -106.82 155.27
 762.00 -99.11 113.94
 763.00 -65.24  69.86
 764.00 -153.34 -41.71
 765.00 -70.63 168.61
 766.00 -85.97 -21.46
 767.00 -84.96 -51.78
 768.00 -85.99  66.50
 769.00 -87.95 124.37
 770.00 -86.25 110.25
 771.00 -39.06 172.49
 772.00 -46.70 -55.88
 773.00 -71.93 -51.99
 774.00 -56.66 -35.17
 775.00 -63.09 -46.60
 776.00 -68.77 -58.63
 777.00 -91.49 -12.04
 778.00  57.10   1.35
 779.00 -108.44   4.91
 780.00 -42.33  23.90
 781.00 -55.58 -45.22
 782.00 -68.82 -51.68
 783.00 -48.68 -40.08
 784.00 -52.03 -52.35
 785.00 -61.61 -45.81
 786.00 -80.30 -28.99
 787.00 -60.01 -31.52
 788.00 -58.18 -53.24
 789.00 -75.40 -11.90
 790.00 -62.49 -46.77
 791.00 -65.29 -27.52
 792.00 -69.82 -40.65
 793.00 -52.27 -41.36
 794.00 -78.58 -50.70
 795.00 -74.01 -28.88
 796.00 -66.35 -44.37
 797.00  50.36 -14.42
 798.00 -72.39  66.05
 799.00 -86.79 124.86
 800.00 -56.29 159.68
 801.00 -70.04 -37.51
 802.00 -66.15 -34.65
 803.00 -55.60 -44.25
 804.00 -46.08 -53.61
 805.00 -79.37 -47.65
 806.00 -73.41 -32.01
 807.00 -68.58 -40.18
 808.00 -65.72 -38.41
 809.00 -79.96 -29.68
 810.00 -69.15 -24.44
 811.00 -87.61  -8.40
 812.00 -143.55   3.13
 813.00 -165.30  57.49
 814.00 -150.90  -1.98
 815.00 -143.69 125.27
 816.00 -53.73 163.10
 817.00 -56.35 151.89
 818.00 -82.23 -42.97
 819.00  69.05   5.17
 820.00 -66.20 169.56
 821.00 -61.86 162.67
 822.00 -114.05 -30.31
 823.00 -67.87  40.03
 824.00 -57.09 -31.42
 825.00 -100.90 -26.10
 826.00 -86.51 -11.49
 827.00 -49.23 -38.55
 828.00 -57.24 -50.46
 829.00 -69.14 -47.51
 830.00 -62.82 -38.75
 831.00 -65.96 -38.75
 832.00 -65.24 -43.34
 833.00 -54.06 -37.79
 834.00 -69.79 -41.98
 835.00 -69.29 -35.94
 836.00 -68.75 -48.93
 837.00 -62.74 -26.14
 838.00 -54.20 -54.27
 839.00 -57.21 -28.56
 840.00 -127.97 -32.72
 841.00 -57.04  -2.52
 842.00 -70.68 151.55
 843.00 -152.77  94.24
 844.00 -61.30 151.16
 845.00 -64.98  90.08
 846.00 -65.19 -18.53
 847.00 -128.66 -26.58
 848.00 -65.22  84.54
 849.00 -58.45 -11.91
 850.00 -62.89 -36.05
 851.00 -66.62 -36.19
 852.00 -72.68 -41.40
 853.00 -61.97 -34.42
 854.00 -57.93 -48.32
 855.00 -64.63 -39.58
 856.00 -75.38 -29.00
 857.00 -60.71 -31.92
 858.00 -91.99 -35.48
 859.00 -68.75 -23.11
 860.00 -70.83 -38.10
 861.00 -69.39 -33.13
 862.00 -61.56 -53.80
 863.00 -72.89 -36.81
 864.00 -65.96 -29.90
 865.00 -74.19  -8.94
 866.00 -48.59 -43.12
 867.00 -77.03 -48.03
 868.00 -82.07 -20.70
 869.00 -56.65 -49.39
 870.00 -61.40 -40.41
 871.00 -65.59 -42.41
 872.00 -70.30 -38.12
 873.00 -73.05 -31.72
 874.00 -64.41 -38.68
 875.00 -61.49 -44.04
 876.00 -67.48 -51.06
 877.00 -58.31 -46.92
 878.00 -84.19 -30.42
 879.00 -77.44 -29.89
 880.00 -65.15 -33.54
 881.00 -58.92 -45.56
 882.00 -98.14 -37.38
 883.00 -66.25   6.40
 884.00 -84.42 -18.61
 885.00 -60.56 -36.50
 886.00 -130.88 -15.44
 887.00  55.69 -10.17
 888.00 -99.14  47.22
 889.00 -74.44 115.97
 890.00 -96.80 114.74
 891.00 -86.72 137.18
 892.00 -51.24 143.16
 893.00 -61.63 -53.72
 894.00 -95.48 -18.65
 895.00 -57.86 -38.41
 896.00 -49.65 -39.31
 897.00 -71.43 -44.20
 898.00 -64.20 -42.38
 899.00 -94.93 -38.92
 900.00 -102.17 -19.68
 901.00 -97.21 -49.33
 902.00 -47.18 -52.11
 903.00 -55.64 -51.60
 904.00 -63.23 -26.33
 905.00 -56.38 -41.86
 906.00 -62.30 -57.15
 907.00 -72.87 -35.04
 908.00  70.12  -6.50
 909.00 -80.30  13.24
 910.00 -118.97 -16.83
 911.00 -125.22 145.99
 912.00 -68.37 132.27
 913.00 -92.94 148.31
 914.00 -119.47 133.12
 915.00 -100.81 145.49
 916.00 -129.10 -15.90
 917.00 -60.44 154.38


