 residuo Phi Psi
 669.00 -72.76 134.57
 670.00 -70.71 152.10
 671.00 -43.41 151.88
 672.00 -57.13 -43.52
 673.00 -73.37 -51.71
 674.00 -53.31 -45.78
 675.00 -75.35 -36.84
 676.00 -55.18 -40.73
 677.00 -56.37 -43.26
 678.00 -73.97 -31.19
 679.00 -77.48 -45.54
 680.00 -50.87 -13.32
 681.00 -75.50 126.39
 682.00 -69.50 140.41
 683.00 -57.14 131.40
 684.00 -132.22 151.38
 685.00 -66.98 136.92
 686.00 -81.61 148.61
 687.00  82.70 -12.37
 688.00 -82.65  20.61
 689.00 -123.95 159.87
 690.00 -62.25 105.49
 691.00 -118.41   4.42
 692.00 -65.89 -17.94
 693.00 -65.20 169.10
 694.00 -58.90 125.73
 695.00 -143.73 155.47
 696.00 -44.98 140.69
 697.00 -71.97 -60.90
 698.00 -71.49 -34.77
 699.00 -62.04 -44.92
 700.00 -61.06 -35.82
 701.00 -65.69 -44.24
 702.00 -79.04 -32.36
 703.00 -58.29 -26.62
 704.00 -52.58 -50.31
 705.00 -66.96 -42.80
 706.00 -53.72 -51.67
 707.00 -49.47 -32.92
 708.00 -66.22 -54.11
 709.00 -60.88 -38.05
 710.00 -63.64 -42.30
 711.00 -50.18 -50.85
 712.00 -57.76 -51.28
 713.00 -65.46 -46.78
 714.00 -72.12 -32.58
 715.00 -70.09 -35.62
 716.00 -60.60 -44.30
 717.00 -66.40 -36.47
 718.00 -78.11 -41.43
 719.00 -55.76 -28.24
 720.00 -84.23 -30.33
 721.00 -68.52 -19.79
 722.00 -68.13 139.06
 723.00  77.31 155.61
 724.00 -58.18 -27.38
 725.00 -72.39 -29.09
 726.00 -67.32   0.52
 727.00 -97.34 -14.21
 728.00 -50.62 144.72
 729.00 -51.77 139.97
 730.00 -74.26 -25.42
 731.00 -68.66 -34.50
 732.00 -57.39 -35.99
 733.00 -58.34 -52.00
 734.00 -49.02 -43.45
 735.00 -67.18 -76.39
 736.00 -49.16 -26.94
 737.00 -67.98 -57.77
 738.00 -81.20 -27.97
 739.00 -99.30 -25.47
 740.00 -70.90 -12.05
 741.00 -62.95 -34.02
 742.00 -60.06 -38.43
 743.00 -66.22 -56.86
 744.00 -58.79 -33.24
 745.00 -85.89 -47.16
 746.00 -59.17 -42.79
 747.00 -59.14 -40.19
 748.00 -55.53 -48.42
 749.00 -46.83 -54.46
 750.00 -55.64 -46.87
 751.00 -56.95 -54.74
 752.00 -63.29 -37.19
 753.00 -61.06 -45.67
 754.00 -74.11 -65.21
 755.00 -86.10 -33.91
 756.00 -134.93 -38.31
 757.00  54.89  27.78
 758.00  63.97  25.68
 759.00 -69.99   3.75
 760.00 -122.04 -30.10
 761.00 -76.72 162.62
 762.00 -109.87 132.34
 763.00 -50.64  60.19
 764.00 -151.64 -50.95
 765.00 -56.66 152.60
 766.00 -86.42 -20.79
 767.00 -74.85 -66.74
 768.00 -64.93  40.26
 769.00 -120.17 142.28
 770.00 -93.73 106.75
 771.00 -54.28 178.41
 772.00 -66.79 -36.53
 773.00 -65.31 -42.78
 774.00 -68.96 -37.87
 775.00 -82.31 -35.59
 776.00 -55.07 -47.74
 777.00 -78.68 -40.63
 778.00  66.15  -4.44
 779.00 -113.01  36.83
 780.00 -47.21   5.16
 781.00 -52.40 -49.20
 782.00 -74.37 -39.31
 783.00 -60.60 -44.95
 784.00 -58.83 -43.01
 785.00 -75.14 -32.88
 786.00 -71.58 -41.27
 787.00 -64.04 -28.35
 788.00 -72.07 -39.21
 789.00 -58.93 -31.40
 790.00 -55.65 -60.16
 791.00 -54.47 -46.98
 792.00 -66.67 -26.92
 793.00 -66.44 -31.01
 794.00 -69.58 -36.91
 795.00 -62.76 -47.68
 796.00 -63.92 -44.06
 797.00  49.12 -15.61
 798.00 -57.41  47.32
 799.00 -90.64 134.35
 800.00 -62.55 155.97
 801.00 -90.52 -16.86
 802.00 -47.50 -43.17
 803.00 -45.46 -58.09
 804.00 -63.45 -53.11
 805.00 -83.18 -32.28
 806.00 -63.86 -31.22
 807.00 -66.62 -50.61
 808.00 -66.11 -31.57
 809.00 -63.98 -46.41
 810.00 -57.15 -25.31
 811.00 -59.87 -33.40
 812.00 -87.69 -37.61
 813.00 -114.26  16.95
 814.00 -157.19  16.76
 815.00 -146.40 123.27
 816.00 -65.20 168.56
 817.00 -66.70 158.26
 818.00 -64.17 -46.66
 819.00  71.67  -7.43
 820.00 -81.28 173.83
 821.00 -67.40 156.62
 822.00 -92.47 -32.39
 823.00 -81.37  57.27
 824.00 -76.71 -26.34
 825.00 -69.28 -41.00
 826.00 -77.68 -29.46
 827.00 -55.43 -42.73
 828.00 -69.71 -36.55
 829.00 -62.70 -50.83
 830.00 -58.12 -33.64
 831.00 -70.55 -49.45
 832.00 -63.83 -27.42
 833.00 -74.09 -51.23
 834.00 -56.81 -21.15
 835.00 -70.36 -54.86
 836.00 -70.47 -26.31
 837.00 -69.89 -37.18
 838.00 -52.85 -38.47
 839.00 -84.68 -26.14
 840.00 -119.23 -21.77
 841.00 -56.78  -4.22
 842.00 -72.75 138.79
 843.00 -148.78 106.54
 844.00 -64.79 156.25
 845.00 -50.51  74.17
 846.00 -56.94 -25.67
 847.00 -119.73 -28.59
 848.00 -63.70 107.05
 849.00 -68.66 -23.67
 850.00 -64.87 -22.84
 851.00 -81.84 -50.01
 852.00 -60.19 -37.29
 853.00 -59.61 -40.30
 854.00 -70.30 -47.02
 855.00 -50.94 -43.41
 856.00 -55.64 -59.53
 857.00 -69.46 -41.01
 858.00 -66.66 -35.51
 859.00 -69.73 -35.78
 860.00 -66.74 -26.16
 861.00 -74.20 -31.43
 862.00 -55.15 -52.64
 863.00 -75.83 -38.13
 864.00 -59.38 -24.11
 865.00 -56.73 -30.75
 866.00 -74.13 -31.56
 867.00 -71.40 -40.31
 868.00 -96.84 -10.95
 869.00 -49.98 -44.31
 870.00 -80.37 -34.24
 871.00 -56.04 -38.86
 872.00 -53.06 -55.51
 873.00 -60.50 -41.28
 874.00 -58.18 -46.29
 875.00 -74.02 -34.40
 876.00 -67.48 -47.39
 877.00 -57.10 -35.35
 878.00 -67.95 -48.11
 879.00 -65.07 -38.96
 880.00 -74.22 -22.40
 881.00 -58.09 -46.64
 882.00 -106.85 -34.84
 883.00 -50.88   7.23
 884.00 -67.17 -43.37
 885.00 -72.50 -32.37
 886.00 -87.80 -50.22
 887.00  62.21   1.36
 888.00 -100.01  44.28
 889.00 -95.67 126.72
 890.00 -127.89 143.86
 891.00 -63.35 141.22
 892.00 -80.86 148.75
 893.00 -52.62 -23.93
 894.00 -92.20 -42.22
 895.00 -66.75 -37.48
 896.00 -57.60 -28.88
 897.00 -78.35 -37.91
 898.00 -61.76 -36.54
 899.00 -69.69 -44.86
 900.00 -115.32 -36.14
 901.00 -110.61 -28.81
 902.00 -56.74 -47.94
 903.00 -55.29 -37.76
 904.00 -85.97 -23.96
 905.00 -65.75 -37.68
 906.00 -92.84 -41.24
 907.00 -116.51  10.59
 908.00  64.94   5.05
 909.00 -82.19  22.67
 910.00 -121.88 -21.74
 911.00 -153.03 141.24
 912.00 -74.04 151.69
 913.00 -103.42 166.21
 914.00 -93.69 117.59
 915.00 -92.11 166.25
 916.00 -130.73 -15.68
 917.00 -91.67 165.94


