 residuo Phi Psi
 669.00 -67.29 127.63
 670.00 -70.65 142.54
 671.00 -151.94 148.62
 672.00 -56.58 -13.71
 673.00 -78.01 -35.63
 674.00 -69.54 -32.43
 675.00 -73.39 -31.80
 676.00 -63.53 -36.74
 677.00 -71.41 -25.85
 678.00 -71.13 -41.41
 679.00 -81.97 -45.17
 680.00 -60.49  -9.38
 681.00 -83.95 122.08
 682.00 -68.07 168.66
 683.00 -68.50 155.35
 684.00 -87.80 132.50
 685.00 -117.37 155.61
 686.00 -72.68 140.77
 687.00  78.33 -21.54
 688.00 -87.10  25.30
 689.00 -79.17 123.70
 690.00 -66.06  98.71
 691.00 -101.32   1.83
 692.00 -100.42   3.86
 693.00 -72.66 144.93
 694.00 -63.16 141.25
 695.00 -170.24 156.05
 696.00 -53.11 160.79
 697.00 -71.48 -72.05
 698.00 -59.80 -34.36
 699.00 -70.42 -45.90
 700.00 -70.17 -47.09
 701.00 -64.14 -49.57
 702.00 -65.53 -24.99
 703.00 -57.44 -41.24
 704.00 -60.50 -46.49
 705.00 -70.76 -37.58
 706.00 -58.44 -41.38
 707.00 -61.33 -34.36
 708.00 -63.06 -41.07
 709.00 -68.03 -40.15
 710.00 -64.51 -41.33
 711.00 -45.85 -48.67
 712.00 -58.43 -48.54
 713.00 -89.16 -32.08
 714.00 -64.52 -18.77
 715.00 -62.80 -42.00
 716.00 -48.15 -43.42
 717.00 -71.37 -51.98
 718.00 -60.15 -34.48
 719.00 -55.31 -49.41
 720.00 -98.17 -28.36
 721.00 -75.29 -13.04
 722.00 -70.05 146.22
 723.00  63.84 147.72
 724.00 -63.67 -15.26
 725.00 -80.93 -28.34
 726.00 -85.13  15.09
 727.00 -76.85 -16.57
 728.00 -62.25 137.86
 729.00 -56.05 152.28
 730.00 -64.40 -41.04
 731.00 -73.77 -34.58
 732.00 -66.87 -31.56
 733.00 -62.33 -49.88
 734.00 -56.92 -34.98
 735.00 -62.38 -67.19
 736.00 -58.29 -27.34
 737.00 -76.89 -48.97
 738.00 -76.07 -24.85
 739.00 -84.82 -45.67
 740.00 -58.45   3.67
 741.00 -64.14 -50.04
 742.00 -44.44 -55.30
 743.00 -65.02 -58.39
 744.00 -75.19 -47.42
 745.00 -71.06 -22.96
 746.00 -70.16 -49.92
 747.00 -59.75 -41.71
 748.00 -75.81 -35.18
 749.00 -63.80 -32.28
 750.00 -67.61 -39.36
 751.00 -64.58 -39.19
 752.00 -66.99 -35.19
 753.00 -54.79 -46.05
 754.00 -77.56 -60.80
 755.00 -119.09  -1.71
 756.00 -135.22 -32.25
 757.00  52.41  29.75
 758.00  70.84  30.21
 759.00 -78.29   4.99
 760.00 -90.28 -54.33
 761.00 -84.71 155.24
 762.00 -92.91 114.24
 763.00 -65.76  72.84
 764.00 -144.49 -44.34
 765.00 -52.92 175.23
 766.00 -113.64 -28.14
 767.00 -152.00  19.83
 768.00 -120.12  89.89
 769.00 -85.44 120.51
 770.00 -61.12 112.99
 771.00 -63.58 161.70
 772.00 -72.15 -19.32
 773.00 -65.95 -49.96
 774.00 -58.54 -24.08
 775.00 -77.54 -38.14
 776.00 -66.37 -46.79
 777.00 -94.35 -15.27
 778.00  62.22   1.14
 779.00 -142.87  35.13
 780.00 -66.10  37.77
 781.00 -69.64 -48.41
 782.00 -64.26 -41.00
 783.00 -65.05 -47.75
 784.00 -61.72 -34.75
 785.00 -68.75 -36.08
 786.00 -77.73 -32.39
 787.00 -69.93 -18.22
 788.00 -51.01 -48.66
 789.00 -70.69 -45.71
 790.00 -71.07 -30.96
 791.00 -65.72 -35.28
 792.00 -66.44 -27.62
 793.00 -64.86 -25.65
 794.00 -72.29 -48.28
 795.00 -58.09 -36.01
 796.00 -82.49 -35.05
 797.00  63.52 -26.27
 798.00 -84.75  68.55
 799.00 -82.95 137.45
 800.00 -60.69 164.25
 801.00 -76.49 -34.99
 802.00 -66.56 -33.05
 803.00 -62.19 -38.79
 804.00 -52.55 -53.44
 805.00 -76.76 -39.60
 806.00 -77.82 -28.98
 807.00 -68.93 -25.93
 808.00 -77.34 -26.42
 809.00 -52.75 -46.66
 810.00 -49.91 -39.86
 811.00 -69.74 -32.54
 812.00 -118.84 -14.65
 813.00 -135.40  37.78
 814.00 -151.97   0.87
 815.00 -142.93 134.01
 816.00 -52.52 157.05
 817.00 -64.40 157.04
 818.00 -82.90 -43.28
 819.00  86.56   4.01
 820.00 -63.70 156.44
 821.00 -71.82 168.08
 822.00 -93.93 -32.15
 823.00 -52.06  24.11
 824.00 -78.77 -28.38
 825.00 -84.86 -16.75
 826.00 -49.75 -47.78
 827.00 -57.94 -47.18
 828.00 -79.78 -43.08
 829.00 -76.76 -27.91
 830.00 -56.39 -34.91
 831.00 -62.14 -49.36
 832.00 -54.14 -38.97
 833.00 -75.33 -48.58
 834.00 -55.34 -29.57
 835.00 -71.74 -50.49
 836.00 -82.27 -18.36
 837.00 -63.01 -40.90
 838.00 -65.70 -27.29
 839.00 -130.54  -6.04
 840.00 -77.35 -50.21
 841.00 -47.77  -5.89
 842.00 -84.00 145.74
 843.00 -136.08  87.59
 844.00 -74.40 147.09
 845.00 -71.40 123.78
 846.00 -64.16 -26.49
 847.00 -120.41 -15.47
 848.00 -75.08  66.68
 849.00 -80.43 -14.24
 850.00 -68.24 -14.97
 851.00 -55.54 -47.33
 852.00 -77.94 -36.90
 853.00 -60.99 -36.80
 854.00 -63.43 -40.83
 855.00 -65.41 -42.37
 856.00 -71.67 -41.16
 857.00 -77.27 -25.38
 858.00 -76.57 -30.96
 859.00 -57.19 -46.80
 860.00 -80.95 -24.43
 861.00 -51.89 -43.65
 862.00 -57.77 -49.82
 863.00 -72.78 -41.98
 864.00 -61.27 -31.36
 865.00 -62.23 -25.04
 866.00 -76.98 -26.23
 867.00 -43.70 -41.64
 868.00 -65.79 -49.81
 869.00 -51.10 -49.19
 870.00 -65.94 -51.88
 871.00 -67.63 -31.27
 872.00 -74.18 -50.45
 873.00 -57.66 -32.28
 874.00 -65.99 -46.00
 875.00 -55.84 -39.04
 876.00 -72.06 -46.89
 877.00 -73.41 -28.15
 878.00 -76.17 -36.17
 879.00 -69.94 -34.89
 880.00 -61.41 -44.44
 881.00 -66.91 -34.60
 882.00 -111.17 -16.72
 883.00 -44.07  -3.85
 884.00 -62.39 -46.80
 885.00 -69.53 -36.50
 886.00 -104.65 -32.16
 887.00  47.68   4.12
 888.00 -81.15  35.77
 889.00 -106.26 131.57
 890.00 -147.28 148.03
 891.00 -61.84 126.05
 892.00 -55.10 136.12
 893.00 -50.77 -45.23
 894.00 -73.15 -43.58
 895.00 -83.07 -30.52
 896.00 -63.70 -23.46
 897.00 -51.41 -60.23
 898.00 -66.93 -47.30
 899.00 -105.46 -32.48
 900.00 -136.08   4.74
 901.00 -106.89 -37.49
 902.00 -54.56 -38.58
 903.00 -78.31 -36.20
 904.00 -58.94 -20.59
 905.00 -65.84 -39.14
 906.00 -55.82 -58.66
 907.00 -71.26 -44.02
 908.00  73.56   1.29
 909.00 -71.25  14.01
 910.00 -150.19  -9.62
 911.00 -128.50 137.26
 912.00 -54.94 131.31
 913.00 -87.43 153.36
 914.00 -72.77 100.35
 915.00 -150.94 160.34
 916.00 -119.52 -14.26
 917.00 -91.23 154.20


