 residuo Phi Psi
 669.00 -78.92 131.97
 670.00 -66.34 148.16
 671.00 -77.81 178.03
 672.00 -45.70 -30.79
 673.00 -65.78 -32.01
 674.00 -74.53 -28.72
 675.00 -72.88 -35.83
 676.00 -53.04 -50.26
 677.00 -72.66 -41.21
 678.00 -59.32 -40.24
 679.00 -82.90 -32.47
 680.00 -72.86  -3.84
 681.00 -69.62 125.85
 682.00 -77.37 159.85
 683.00 -79.54 174.18
 684.00 -132.34 149.77
 685.00 -90.01 147.40
 686.00 -67.80 152.41
 687.00  86.48 -26.47
 688.00 -79.95  17.38
 689.00 -71.90 117.13
 690.00 -53.80  73.66
 691.00 -54.54 -18.77
 692.00 -89.19 -26.85
 693.00 -54.77 119.11
 694.00 -65.14 148.77
 695.00 -157.52 152.62
 696.00 -50.57 151.84
 697.00 -50.31 -67.87
 698.00 -63.57 -44.51
 699.00 -66.72 -46.27
 700.00 -69.08 -43.08
 701.00 -52.34 -47.36
 702.00 -71.76 -40.63
 703.00 -67.42 -33.07
 704.00 -54.42 -45.49
 705.00 -58.27 -45.17
 706.00 -61.64 -46.82
 707.00 -53.81 -34.84
 708.00 -60.92 -46.68
 709.00 -67.25 -49.09
 710.00 -61.03 -39.68
 711.00 -52.02 -46.13
 712.00 -75.71 -36.96
 713.00 -69.94 -31.17
 714.00 -68.08 -32.75
 715.00 -66.98 -30.55
 716.00 -64.93 -42.62
 717.00 -64.97 -42.06
 718.00 -63.19 -49.33
 719.00 -68.88 -23.64
 720.00 -119.60 -16.06
 721.00 -66.72  -3.99
 722.00 -64.66 129.10
 723.00  62.50 150.79
 724.00 -57.52 -13.89
 725.00 -56.06 -41.40
 726.00 -69.73 -11.92
 727.00 -79.94 -23.49
 728.00 -76.28 146.22
 729.00 -62.23 148.10
 730.00 -72.68 -23.93
 731.00 -69.26 -34.05
 732.00 -59.32 -50.03
 733.00 -62.21 -50.23
 734.00 -54.30 -38.27
 735.00 -73.45 -59.99
 736.00 -69.94 -18.54
 737.00 -73.45 -44.66
 738.00 -82.99 -25.57
 739.00 -84.31 -42.34
 740.00 -48.92  -9.97
 741.00 -64.99 -48.69
 742.00 -48.02 -48.65
 743.00 -66.86 -57.74
 744.00 -61.06 -47.24
 745.00 -61.37 -50.58
 746.00 -49.38 -49.52
 747.00 -76.85 -33.98
 748.00 -70.50 -36.60
 749.00 -51.55 -29.93
 750.00 -66.17 -50.28
 751.00 -60.30 -39.35
 752.00 -76.28 -38.43
 753.00 -72.07 -31.93
 754.00 -59.73 -45.21
 755.00 -80.63 -65.24
 756.00 -142.02 -19.47
 757.00  51.00  12.24
 758.00  68.37  42.14
 759.00 -51.86 -11.64
 760.00 -114.66 -50.96
 761.00 -97.55 162.34
 762.00 -83.63 108.30
 763.00 -51.20  56.01
 764.00 -145.36 -57.56
 765.00 -63.97 176.37
 766.00 -127.28 -13.50
 767.00 -134.86   8.08
 768.00 -74.50  42.14
 769.00 -100.82 123.70
 770.00 -135.78 148.38
 771.00 -52.13 166.67
 772.00 -74.80 -30.14
 773.00 -57.91 -44.02
 774.00 -66.02 -36.26
 775.00 -70.17 -34.02
 776.00 -59.12 -42.57
 777.00 -57.87 -53.34
 778.00  56.28 -14.30
 779.00 -137.46  35.65
 780.00 -57.28  19.42
 781.00 -73.05 -42.34
 782.00 -78.93 -24.22
 783.00 -66.89 -41.46
 784.00 -72.99 -26.22
 785.00 -52.25 -41.04
 786.00 -60.29 -54.83
 787.00 -57.54 -38.35
 788.00 -50.26 -54.85
 789.00 -61.00 -40.31
 790.00 -82.49 -32.12
 791.00 -59.81 -36.86
 792.00 -65.56 -25.36
 793.00 -70.83 -28.68
 794.00 -67.65 -38.52
 795.00 -52.20 -36.76
 796.00 -78.48 -58.19
 797.00  50.42  -9.17
 798.00 -74.82  55.09
 799.00 -73.58 135.78
 800.00 -73.00 162.50
 801.00 -99.07 -17.89
 802.00 -66.21 -15.58
 803.00 -57.92 -38.71
 804.00 -60.31 -56.86
 805.00 -71.35 -38.23
 806.00 -56.05 -40.21
 807.00 -66.87 -42.93
 808.00 -54.26 -35.92
 809.00 -62.77 -60.52
 810.00 -63.62 -22.29
 811.00 -76.47 -25.33
 812.00 -117.81 -14.50
 813.00 -139.80  56.78
 814.00 -158.71   5.67
 815.00 -144.31 119.09
 816.00 -77.29 167.73
 817.00 -63.54 160.00
 818.00 -73.56 -39.19
 819.00  99.35 -30.13
 820.00 -75.15 176.62
 821.00 -67.09 166.29
 822.00 -95.47 -33.31
 823.00 -53.22  34.95
 824.00 -53.25 -39.34
 825.00 -91.45 -30.94
 826.00 -71.57 -32.09
 827.00 -49.44 -50.65
 828.00 -54.44 -49.37
 829.00 -65.95 -51.78
 830.00 -50.56 -41.02
 831.00 -67.91 -48.74
 832.00 -62.70 -33.87
 833.00 -70.05 -46.95
 834.00 -54.52 -35.89
 835.00 -59.84 -60.92
 836.00 -77.38 -32.47
 837.00 -43.12 -49.43
 838.00 -69.44 -49.25
 839.00 -95.73  -3.08
 840.00 -128.71 -14.17
 841.00 -56.27  11.83
 842.00 -63.50 134.33
 843.00 -146.19  88.98
 844.00 -61.40 159.89
 845.00 -56.51 113.41
 846.00 -77.93 -22.57
 847.00 -130.45  -3.06
 848.00 -48.92  79.64
 849.00 -54.27 -47.86
 850.00 -94.48 -18.39
 851.00 -53.85 -42.52
 852.00 -61.80 -47.03
 853.00 -76.03 -33.53
 854.00 -67.79 -36.87
 855.00 -59.85 -42.19
 856.00 -55.62 -45.89
 857.00 -71.88 -43.88
 858.00 -84.57 -14.94
 859.00 -75.02 -38.63
 860.00 -65.67 -25.66
 861.00 -64.49 -44.30
 862.00 -68.78 -37.84
 863.00 -69.08 -34.51
 864.00 -80.80 -41.92
 865.00 -61.98  -5.00
 866.00 -70.19 -32.28
 867.00 -62.27 -40.84
 868.00 -70.72 -27.32
 869.00 -65.27 -47.15
 870.00 -64.08 -32.43
 871.00 -71.46 -45.56
 872.00 -72.94 -39.13
 873.00 -67.28 -33.58
 874.00 -63.27 -42.28
 875.00 -67.11 -26.90
 876.00 -76.98 -50.50
 877.00 -57.16 -41.09
 878.00 -86.90 -40.37
 879.00 -66.43 -23.95
 880.00 -64.31 -45.85
 881.00 -54.07 -41.97
 882.00 -87.32 -43.85
 883.00 -58.29  10.52
 884.00 -79.80 -35.09
 885.00 -74.56 -32.08
 886.00 -77.31 -42.50
 887.00  46.83   0.70
 888.00 -78.38  27.83
 889.00 -72.60 104.81
 890.00 -114.39 139.38
 891.00 -59.38 145.15
 892.00 -56.30 128.24
 893.00 -74.66 -21.60
 894.00 -65.67 -43.81
 895.00 -71.27 -27.01
 896.00 -69.68 -36.03
 897.00 -67.68 -38.03
 898.00 -73.32 -37.95
 899.00 -122.25 -15.83
 900.00 -113.97  -7.95
 901.00 -101.72 -40.91
 902.00 -38.56 -58.40
 903.00 -54.54 -48.94
 904.00 -69.11 -21.56
 905.00 -66.55 -33.30
 906.00 -67.24 -49.25
 907.00 -75.92 -33.88
 908.00  66.16  -9.38
 909.00 -59.11   0.70
 910.00 -107.67 -26.42
 911.00 -124.58 136.76
 912.00 -70.21 140.53
 913.00 -91.33 149.76
 914.00 -97.45 113.92
 915.00 -133.86 163.84
 916.00 -86.82 -38.83
 917.00 -71.29 156.92


