 residuo Phi Psi
 669.00 -59.78 130.42
 670.00 -53.72 157.00
 671.00 -55.86 142.20
 672.00 -45.72 -40.75
 673.00 -65.61 -63.42
 674.00 -68.34 -27.69
 675.00 -67.83 -47.14
 676.00 -54.06 -40.57
 677.00 -67.89 -36.48
 678.00 -72.46 -37.66
 679.00 -95.72 -29.56
 680.00 -72.91   0.03
 681.00 -72.31 131.64
 682.00 -60.70 146.87
 683.00 -51.08 159.66
 684.00 -124.12 137.66
 685.00 -85.13 136.07
 686.00 -59.27 141.81
 687.00  80.11 -30.86
 688.00 -74.70  20.36
 689.00 -134.89 171.04
 690.00 -76.64  96.33
 691.00 -70.04  -0.98
 692.00 -75.97 -28.99
 693.00 -72.07 148.02
 694.00 -64.79 134.62
 695.00 -150.10 158.71
 696.00 -55.00 155.12
 697.00 -70.96 -52.66
 698.00 -77.88 -26.51
 699.00 -56.05 -48.47
 700.00 -57.15 -58.17
 701.00 -56.99 -36.27
 702.00 -66.95 -44.57
 703.00 -69.95 -36.35
 704.00 -68.36 -40.76
 705.00 -63.21 -40.01
 706.00 -56.28 -49.88
 707.00 -54.24 -34.43
 708.00 -63.23 -45.16
 709.00 -63.10 -46.16
 710.00 -65.34 -42.10
 711.00 -57.36 -47.49
 712.00 -65.35 -43.52
 713.00 -82.81 -31.41
 714.00 -63.43 -39.28
 715.00 -71.87 -30.88
 716.00 -64.99 -32.09
 717.00 -55.65 -42.86
 718.00 -68.67 -50.31
 719.00 -74.78 -30.86
 720.00 -91.52 -15.49
 721.00 -60.93 -26.90
 722.00 -69.46 128.98
 723.00  66.12 150.46
 724.00 -55.61 -21.84
 725.00 -73.64 -28.96
 726.00 -66.51 -11.36
 727.00 -75.98 -27.11
 728.00 -70.76 144.89
 729.00 -64.81 160.74
 730.00 -61.05 -27.26
 731.00 -77.51 -39.66
 732.00 -62.10 -34.91
 733.00 -68.09 -41.95
 734.00 -62.70 -40.92
 735.00 -58.48 -58.98
 736.00 -62.31 -29.53
 737.00 -64.07 -50.78
 738.00 -85.34 -25.42
 739.00 -86.11 -41.56
 740.00 -43.95  -8.35
 741.00 -68.80 -59.75
 742.00 -51.74 -52.96
 743.00 -63.13 -49.83
 744.00 -58.62 -51.23
 745.00 -68.07 -40.53
 746.00 -59.69 -45.77
 747.00 -75.40 -31.55
 748.00 -57.32 -42.72
 749.00 -47.99 -45.54
 750.00 -66.79 -44.52
 751.00 -58.58 -45.81
 752.00 -67.06 -35.89
 753.00 -55.18 -55.57
 754.00 -87.45 -48.98
 755.00 -120.30  -8.84
 756.00 -138.45 -23.17
 757.00  54.48   8.64
 758.00  68.75  43.85
 759.00 -62.92  -8.41
 760.00 -120.56 -33.69
 761.00 -91.45 160.63
 762.00 -90.92 115.87
 763.00 -60.58  61.23
 764.00 -163.18 -43.79
 765.00 -61.67 156.60
 766.00 -101.34 -22.70
 767.00 -123.08 -11.12
 768.00 -77.36  54.25
 769.00 -100.32 133.48
 770.00 -68.87 102.25
 771.00 -63.20 164.57
 772.00 -60.83 -34.26
 773.00 -57.68 -49.68
 774.00 -69.46 -29.12
 775.00 -72.48 -29.35
 776.00 -61.66 -52.04
 777.00 -69.54 -43.24
 778.00  62.70   2.16
 779.00 -134.21  31.60
 780.00 -59.05  39.73
 781.00 -70.93 -41.59
 782.00 -67.74 -32.05
 783.00 -61.11 -51.53
 784.00 -51.27 -33.89
 785.00 -68.85 -59.61
 786.00 -68.23 -34.81
 787.00 -54.36 -47.25
 788.00 -67.49 -39.28
 789.00 -63.42 -37.95
 790.00 -70.05 -35.36
 791.00 -56.27 -39.57
 792.00 -64.00 -31.47
 793.00 -79.90 -24.91
 794.00 -84.75 -32.16
 795.00 -53.93 -31.37
 796.00 -77.24 -56.61
 797.00  47.31 -13.26
 798.00 -77.97  66.52
 799.00 -74.28 134.61
 800.00 -44.42 160.18
 801.00 -78.58 -38.40
 802.00 -59.55 -47.04
 803.00 -53.56 -49.24
 804.00 -57.23 -52.66
 805.00 -69.34 -38.57
 806.00 -54.54 -51.90
 807.00 -57.94 -42.04
 808.00 -66.88 -48.34
 809.00 -61.27 -32.58
 810.00 -74.18 -21.46
 811.00 -79.96 -22.58
 812.00 -133.05  -8.18
 813.00 -150.43  51.04
 814.00 -151.11  12.71
 815.00 -144.84 125.95
 816.00 -57.31 153.21
 817.00 -63.03 155.71
 818.00 -102.57 -22.35
 819.00  85.24   3.09
 820.00 -70.54 157.86
 821.00 -52.77 152.15
 822.00 -90.54 -47.02
 823.00 -69.54  37.76
 824.00 -72.14 -25.44
 825.00 -76.74 -28.08
 826.00 -66.39 -29.19
 827.00 -62.46 -37.99
 828.00 -72.19 -36.95
 829.00 -64.15 -45.11
 830.00 -73.12 -35.44
 831.00 -58.34 -39.90
 832.00 -63.87 -45.01
 833.00 -52.49 -49.41
 834.00 -75.41 -29.14
 835.00 -56.01 -56.25
 836.00 -53.48 -51.26
 837.00 -65.95 -48.33
 838.00 -61.39 -37.40
 839.00 -89.14 -19.13
 840.00 -150.26  -8.08
 841.00 -63.53  17.22
 842.00 -77.89 139.50
 843.00 -158.72  89.18
 844.00 -99.77 152.75
 845.00 -59.76 105.04
 846.00 -76.23 -30.78
 847.00 -53.96 -41.29
 848.00 -72.81 129.55
 849.00 -111.67 -25.66
 850.00 -60.14  -4.24
 851.00 -84.51 -49.64
 852.00 -55.82 -37.21
 853.00 -68.24 -47.70
 854.00 -56.84 -32.52
 855.00 -63.23 -51.24
 856.00 -46.17 -43.11
 857.00 -69.12 -58.62
 858.00 -70.32 -28.13
 859.00 -73.09 -47.20
 860.00 -41.46 -36.80
 861.00 -70.15 -45.32
 862.00 -61.18 -35.63
 863.00 -80.67 -34.76
 864.00 -75.68 -23.54
 865.00 -80.73  -8.28
 866.00 -39.41 -42.90
 867.00 -76.17 -55.52
 868.00 -75.06 -24.15
 869.00 -64.85 -35.72
 870.00 -52.55 -47.61
 871.00 -67.04 -42.94
 872.00 -73.47 -42.47
 873.00 -63.54 -32.52
 874.00 -58.88 -43.22
 875.00 -52.81 -52.57
 876.00 -71.87 -47.16
 877.00 -75.47 -32.61
 878.00 -56.06 -39.89
 879.00 -59.90 -50.11
 880.00 -56.93 -44.31
 881.00 -65.45 -47.95
 882.00 -92.23 -38.41
 883.00 -56.72  16.59
 884.00 -77.58 -38.92
 885.00 -90.88 -16.35
 886.00 -87.31 -42.92
 887.00  63.92  -9.76
 888.00 -71.00  19.83
 889.00 -82.02 127.13
 890.00 -123.85 141.88
 891.00 -64.45 122.12
 892.00 -66.38 147.55
 893.00 -56.09 -45.83
 894.00 -70.74 -39.70
 895.00 -53.16 -44.73
 896.00 -63.93 -45.37
 897.00 -41.43 -48.03
 898.00 -63.75 -54.75
 899.00 -59.23 -44.32
 900.00 -95.41 -44.72
 901.00 -91.68 -50.18
 902.00 -78.81 -35.25
 903.00 -48.82 -30.65
 904.00 -70.47 -29.94
 905.00 -75.80 -33.68
 906.00 -61.16 -52.12
 907.00 -80.89 -36.09
 908.00  69.76   4.89
 909.00 -78.31  -2.07
 910.00 -109.00 -17.43
 911.00 -128.26 129.20
 912.00 -77.18 150.64
 913.00 -93.88 152.55
 914.00 -126.57 136.70
 915.00 -81.96 150.91
 916.00 -131.76 -32.38
 917.00 -91.28 177.21


