 residuo Phi Psi
 669.00 -82.29 141.13
 670.00 -77.26 131.49
 671.00 -113.35 102.84
 672.00 -52.40 -40.59
 673.00 -53.79 -57.40
 674.00 -70.81 -42.44
 675.00 -73.00 -27.24
 676.00 -74.18 -32.09
 677.00 -50.21 -35.10
 678.00 -91.20 -29.81
 679.00 -124.17  -6.66
 680.00 -51.53 -12.12
 681.00 -63.19 126.37
 682.00 -84.61 153.71
 683.00 -55.29 158.22
 684.00 -109.28 133.08
 685.00 -88.41 144.17
 686.00 -96.01 164.17
 687.00  79.43 -10.11
 688.00 -74.43   8.12
 689.00 -72.53 116.46
 690.00 -62.13  73.90
 691.00 -55.96 -22.59
 692.00 -61.86 -28.81
 693.00 -61.53 147.16
 694.00 -75.43 143.79
 695.00 -155.81 153.07
 696.00 -49.28 157.33
 697.00 -69.13 -60.52
 698.00 -75.78 -31.68
 699.00 -52.94 -43.54
 700.00 -75.47 -44.30
 701.00 -78.37 -25.51
 702.00 -55.72 -35.26
 703.00 -71.11 -42.18
 704.00 -70.67 -39.63
 705.00 -64.47 -36.83
 706.00 -47.99 -54.32
 707.00 -59.13 -36.59
 708.00 -81.69 -25.53
 709.00 -47.20 -59.76
 710.00 -71.27 -35.82
 711.00 -73.40 -32.08
 712.00 -60.05 -38.53
 713.00 -76.61 -40.51
 714.00 -67.90 -27.52
 715.00 -63.45 -48.81
 716.00 -65.54 -38.05
 717.00 -86.56 -18.41
 718.00 -56.02 -45.95
 719.00 -56.49 -38.61
 720.00 -131.26  -6.96
 721.00 -72.44  11.19
 722.00 -63.89 140.04
 723.00  81.30 143.69
 724.00 -64.02 -26.54
 725.00 -65.43 -40.83
 726.00 -74.76  -2.57
 727.00 -68.87 -25.56
 728.00 -52.24 134.10
 729.00 -69.00 155.43
 730.00 -81.02 -28.38
 731.00 -93.34  -9.70
 732.00 -48.80 -41.29
 733.00 -67.84 -48.30
 734.00 -59.35 -33.90
 735.00 -68.83 -56.56
 736.00 -66.60 -27.85
 737.00 -69.49 -53.28
 738.00 -84.44 -24.09
 739.00 -85.27 -43.36
 740.00 -51.37  -6.74
 741.00 -59.19 -50.59
 742.00 -48.70 -62.90
 743.00 -79.55 -36.37
 744.00 -64.63 -45.52
 745.00 -64.87 -48.51
 746.00 -59.12 -31.85
 747.00 -50.37 -57.08
 748.00 -67.17 -42.09
 749.00 -72.65 -39.49
 750.00 -72.81 -29.02
 751.00 -60.52 -42.67
 752.00 -59.23 -42.12
 753.00 -65.20 -41.91
 754.00 -89.08 -39.68
 755.00 -97.21 -24.37
 756.00 -144.84 -32.99
 757.00  55.30  37.59
 758.00  64.80  26.37
 759.00 -62.53 -10.20
 760.00 -120.31 -27.99
 761.00 -79.57 149.60
 762.00 -86.54 105.71
 763.00 -54.25  66.19
 764.00 -153.42 -50.96
 765.00 -66.07 167.22
 766.00 -85.41 -17.20
 767.00 -83.20 -54.73
 768.00 -86.32  60.07
 769.00 -92.22 117.16
 770.00 -86.28 112.20
 771.00 -57.16 174.29
 772.00 -59.61 -41.43
 773.00 -70.47 -38.12
 774.00 -64.69 -31.43
 775.00 -69.96 -41.03
 776.00 -65.51 -47.47
 777.00 -75.04 -31.18
 778.00  77.35 -11.01
 779.00 -67.21 -34.43
 780.00 -40.70  33.58
 781.00 -48.45 -62.21
 782.00 -62.06 -47.24
 783.00 -79.42 -29.49
 784.00 -71.53 -28.79
 785.00 -73.58 -39.64
 786.00 -67.70 -32.18
 787.00 -72.58 -39.28
 788.00 -68.81 -35.08
 789.00 -75.58 -22.82
 790.00 -67.68 -33.81
 791.00 -65.44 -33.77
 792.00 -49.50 -42.68
 793.00 -60.42 -31.70
 794.00 -70.57 -41.58
 795.00 -65.46 -41.12
 796.00 -103.05 -23.90
 797.00  53.59 -23.08
 798.00 -75.76  69.48
 799.00 -95.93 147.43
 800.00 -54.88 150.81
 801.00 -61.11 -33.13
 802.00 -52.33 -51.32
 803.00 -56.94 -48.39
 804.00 -62.32 -43.38
 805.00 -71.59 -47.17
 806.00 -64.50 -33.22
 807.00 -72.52 -37.08
 808.00 -70.30 -27.81
 809.00 -74.29 -35.05
 810.00 -69.92 -26.40
 811.00 -72.28 -20.83
 812.00 -104.03 -34.56
 813.00 -146.68  54.47
 814.00 -152.48   5.10
 815.00 -143.67 119.74
 816.00 -74.62 170.40
 817.00 -62.74 148.77
 818.00 -71.94 -24.90
 819.00  64.50 -13.69
 820.00 -79.36 163.13
 821.00 -59.79 161.14
 822.00 -100.33 -35.78
 823.00 -78.82  44.62
 824.00 -60.42 -33.78
 825.00 -78.58 -35.34
 826.00 -67.90 -34.20
 827.00 -62.34 -42.95
 828.00 -73.61 -42.60
 829.00 -72.93 -23.49
 830.00 -56.56 -38.45
 831.00 -63.29 -48.81
 832.00 -57.05 -42.09
 833.00 -68.96 -53.14
 834.00 -73.37 -20.11
 835.00 -70.49 -37.07
 836.00 -79.43 -40.96
 837.00 -68.95 -25.52
 838.00 -65.18 -45.38
 839.00 -71.10 -20.56
 840.00 -109.66 -31.14
 841.00 -60.86  -6.54
 842.00 -82.70 153.19
 843.00 -165.87 114.02
 844.00 -84.14 170.33
 845.00 -48.53 111.31
 846.00 -79.35 -37.27
 847.00 -128.15 -10.93
 848.00 -49.87  79.81
 849.00 -56.17 -20.43
 850.00 -73.54 -36.69
 851.00 -80.67 -28.32
 852.00 -56.35 -51.71
 853.00 -62.70 -42.30
 854.00 -63.52 -42.17
 855.00 -59.71 -47.12
 856.00 -57.09 -45.61
 857.00 -55.62 -45.57
 858.00 -73.94 -46.38
 859.00 -77.93 -25.16
 860.00 -61.01 -31.76
 861.00 -69.28 -38.14
 862.00 -52.89 -53.96
 863.00 -69.24 -41.82
 864.00 -83.51 -20.20
 865.00 -79.29 -30.22
 866.00 -55.41 -29.25
 867.00 -61.97 -48.15
 868.00 -70.96 -33.99
 869.00 -71.91 -25.91
 870.00 -56.65 -36.60
 871.00 -56.44 -53.97
 872.00 -85.21 -32.17
 873.00 -58.62 -28.96
 874.00 -65.05 -54.15
 875.00 -61.78 -32.19
 876.00 -75.82 -52.70
 877.00 -51.24 -33.22
 878.00 -53.25 -48.16
 879.00 -92.04 -29.57
 880.00 -69.09 -39.17
 881.00 -67.08 -32.81
 882.00 -150.63  -0.67
 883.00 -61.46  36.15
 884.00 -62.10 -39.46
 885.00 -96.89 -21.33
 886.00 -67.11 -39.88
 887.00  77.91 -28.16
 888.00 -93.77  39.15
 889.00 -84.83 124.98
 890.00 -115.51 125.71
 891.00 -55.03 142.07
 892.00 -61.33 144.47
 893.00 -57.30 -49.37
 894.00 -64.46 -48.90
 895.00 -70.05 -32.03
 896.00 -64.64 -29.87
 897.00 -59.93 -52.81
 898.00 -70.96 -41.88
 899.00 -93.62 -28.39
 900.00 -126.44 -12.13
 901.00 -100.12 -34.69
 902.00 -48.72 -50.55
 903.00 -66.82 -42.52
 904.00 -63.87 -19.47
 905.00 -74.33 -33.72
 906.00 -73.74 -44.93
 907.00 -88.12 -20.46
 908.00  73.79   4.29
 909.00 -61.42  -1.39
 910.00 -125.23 -19.84
 911.00 -138.53 134.92
 912.00 -69.83 145.33
 913.00 -89.40 152.48
 914.00 -115.56 127.42
 915.00 -91.89 151.15
 916.00 -96.18 -42.27
 917.00 -95.01 143.52


