 residuo Phi Psi
 669.00 -69.18 129.77
 670.00 -54.22 149.67
 671.00 -136.30 125.79
 672.00 -55.66  -7.53
 673.00 -54.54 -58.10
 674.00 -73.08 -28.78
 675.00 -66.53 -48.44
 676.00 -49.35 -46.37
 677.00 -67.26 -41.80
 678.00 -73.73 -39.53
 679.00 -84.57 -37.08
 680.00 -65.44  -8.85
 681.00 -62.63 129.15
 682.00 -53.12 140.93
 683.00 -86.20 165.53
 684.00 -117.43 146.57
 685.00 -73.10 133.78
 686.00 -78.38 155.85
 687.00  69.59 -11.98
 688.00 -89.22  26.41
 689.00 -97.44 132.71
 690.00 -70.84 111.63
 691.00 -77.19  -9.77
 692.00 -80.20  -1.78
 693.00 -77.80 155.06
 694.00 -72.51 147.76
 695.00 -155.45 149.84
 696.00 -65.51 156.82
 697.00 -77.07 -50.70
 698.00 -65.00 -30.09
 699.00 -47.30 -53.49
 700.00 -69.65 -49.43
 701.00 -77.83 -28.75
 702.00 -58.97 -39.52
 703.00 -62.65 -42.44
 704.00 -56.45 -43.71
 705.00 -58.54 -41.82
 706.00 -59.04 -53.59
 707.00 -66.82 -41.25
 708.00 -93.80 -15.46
 709.00 -56.53 -27.56
 710.00 -52.75 -55.71
 711.00 -67.63 -40.86
 712.00 -68.46 -40.27
 713.00 -64.71 -37.22
 714.00 -51.50 -51.98
 715.00 -64.39 -46.16
 716.00 -84.20 -39.47
 717.00 -71.92 -12.61
 718.00 -64.62 -41.71
 719.00 -46.54 -47.77
 720.00 -105.53 -26.13
 721.00 -59.20  -9.12
 722.00 -56.83 138.02
 723.00  82.17 113.37
 724.00 -68.35  12.37
 725.00 -61.30 -31.82
 726.00 -68.63  -5.45
 727.00 -73.35 -35.05
 728.00 -50.44 128.15
 729.00 -53.53 146.81
 730.00 -61.83 -34.45
 731.00 -62.55 -39.56
 732.00 -58.86 -49.41
 733.00 -67.30 -43.09
 734.00 -55.20 -41.68
 735.00 -82.95 -59.28
 736.00 -54.24 -26.39
 737.00 -55.87 -58.43
 738.00 -57.07 -51.82
 739.00 -80.39 -37.50
 740.00 -58.15 -15.82
 741.00 -65.68 -43.45
 742.00 -62.01 -60.45
 743.00 -51.89 -40.49
 744.00 -65.01 -53.31
 745.00 -64.94 -41.92
 746.00 -83.43 -31.43
 747.00 -68.49 -23.17
 748.00 -52.58 -42.21
 749.00 -52.07 -53.49
 750.00 -59.36 -53.03
 751.00 -65.68 -43.03
 752.00 -73.67 -32.76
 753.00 -55.65 -43.80
 754.00 -74.25 -53.08
 755.00 -119.56 -21.54
 756.00 -145.40 -17.52
 757.00  45.57  27.43
 758.00  67.10  34.19
 759.00 -66.97  -9.24
 760.00 -73.44 -59.87
 761.00 -107.49 170.68
 762.00 -71.55 101.04
 763.00 -61.08  58.69
 764.00 -148.54 -49.34
 765.00 -65.74 164.79
 766.00 -81.29 -24.64
 767.00 -88.33 -55.08
 768.00 -91.17  70.48
 769.00 -105.07 143.71
 770.00 -91.71 128.64
 771.00 -66.22 178.81
 772.00 -51.55 -36.12
 773.00 -61.81 -50.15
 774.00 -59.80 -42.99
 775.00 -64.73 -38.91
 776.00 -67.09 -49.69
 777.00 -74.53 -21.23
 778.00  62.15 -13.90
 779.00 -142.13  30.33
 780.00 -58.72  42.78
 781.00 -64.80 -30.32
 782.00 -58.76 -50.83
 783.00 -66.02 -38.91
 784.00 -57.97 -49.40
 785.00 -69.60 -43.46
 786.00 -77.08 -32.22
 787.00 -56.91 -32.63
 788.00 -56.14 -51.97
 789.00 -60.00 -43.04
 790.00 -75.54 -44.14
 791.00 -69.69 -19.38
 792.00 -73.73 -28.32
 793.00 -58.57 -23.32
 794.00 -65.70 -42.11
 795.00 -61.71 -48.63
 796.00 -78.58 -41.74
 797.00  61.59 -23.78
 798.00 -75.98  59.91
 799.00 -74.64 118.38
 800.00 -52.67 148.86
 801.00 -62.56 -36.59
 802.00 -62.41 -42.67
 803.00 -63.04 -43.92
 804.00 -76.43 -40.74
 805.00 -81.25 -21.38
 806.00 -66.26 -37.10
 807.00 -69.98 -41.01
 808.00 -61.03 -34.76
 809.00 -49.26 -54.87
 810.00 -75.38 -17.89
 811.00 -68.65 -24.22
 812.00 -112.33 -24.35
 813.00 -117.98  29.11
 814.00 -152.65   4.27
 815.00 -139.03 125.99
 816.00 -60.42 163.46
 817.00 -35.05 148.56
 818.00 -127.39 -37.04
 819.00  91.62  24.09
 820.00 -72.33 170.45
 821.00 -60.75 164.63
 822.00 -122.56 -41.17
 823.00 -58.41  88.07
 824.00 -67.15 -23.67
 825.00 -56.75 -33.04
 826.00 -69.22 -37.19
 827.00 -65.02 -49.04
 828.00 -60.24 -39.35
 829.00 -73.76 -34.02
 830.00 -62.71 -51.86
 831.00 -52.20 -38.60
 832.00 -46.40 -62.60
 833.00 -66.26 -44.15
 834.00 -58.82 -39.85
 835.00 -67.50 -33.31
 836.00 -83.11 -31.08
 837.00 -59.26 -28.93
 838.00 -74.49 -28.34
 839.00 -92.50 -24.62
 840.00 -106.42 -16.35
 841.00 -60.96 -11.67
 842.00 -82.11 133.48
 843.00 -158.09 113.25
 844.00 -75.73 149.99
 845.00 -41.83  89.37
 846.00 -44.41 -38.67
 847.00 -110.85 -40.01
 848.00 -62.27  91.82
 849.00 -70.10 -19.21
 850.00 -60.56 -37.00
 851.00 -74.65 -38.39
 852.00 -57.04 -40.62
 853.00 -57.04 -52.21
 854.00 -70.90 -37.72
 855.00 -65.14 -41.30
 856.00 -69.12 -32.84
 857.00 -83.55 -38.78
 858.00 -90.80  -8.10
 859.00 -60.99 -36.88
 860.00 -47.89 -39.66
 861.00 -52.70 -58.92
 862.00 -57.86 -41.55
 863.00 -58.71 -52.56
 864.00 -79.02 -33.98
 865.00 -62.59 -19.20
 866.00 -59.34 -37.22
 867.00 -85.55 -28.20
 868.00 -66.50 -37.58
 869.00 -72.35 -33.71
 870.00 -74.79 -34.12
 871.00 -73.52 -30.25
 872.00 -73.47 -37.23
 873.00 -61.23 -27.26
 874.00 -70.37 -44.19
 875.00 -66.91 -29.61
 876.00 -66.64 -54.55
 877.00 -58.35 -41.16
 878.00 -77.54 -32.12
 879.00 -102.47 -16.99
 880.00 -63.95 -27.66
 881.00 -51.49 -47.18
 882.00 -95.33 -46.99
 883.00 -60.11  10.70
 884.00 -68.10 -32.53
 885.00 -81.26 -35.20
 886.00 -102.12 -29.68
 887.00  55.82  17.03
 888.00 -99.28  30.89
 889.00 -98.10 126.85
 890.00 -125.54 142.84
 891.00 -64.61 139.93
 892.00 -59.46 148.66
 893.00 -65.99 -53.64
 894.00 -56.56 -41.21
 895.00 -55.12 -56.82
 896.00 -62.28 -37.85
 897.00 -63.70 -45.91
 898.00 -66.71 -42.42
 899.00 -80.56 -35.21
 900.00 -85.27 -41.90
 901.00 -93.17 -52.47
 902.00 -53.28 -45.75
 903.00 -53.33 -42.38
 904.00 -74.75 -22.65
 905.00 -67.08 -45.01
 906.00 -69.92 -45.20
 907.00 -85.57 -21.25
 908.00  80.40  -4.10
 909.00 -85.61  12.32
 910.00 -109.66 -18.11
 911.00 -134.33 142.20
 912.00 -73.81 143.56
 913.00 -95.51 158.92
 914.00 -101.43 118.31
 915.00 -80.35 144.58
 916.00 -92.73 -62.62
 917.00 -162.75 159.94


