 residuo Phi Psi
 669.00 -52.78 127.94
 670.00 -61.50 131.71
 671.00 -68.20 134.20
 672.00 -45.75 -36.54
 673.00 -69.07 -35.95
 674.00 -56.62 -36.99
 675.00 -64.44 -48.45
 676.00 -60.80 -33.37
 677.00 -84.62 -28.85
 678.00 -65.76 -35.06
 679.00 -80.95 -46.08
 680.00 -68.15  -5.19
 681.00 -49.68 124.80
 682.00 -73.20 164.56
 683.00 -64.70 171.94
 684.00 -120.35 160.66
 685.00 -83.83 136.19
 686.00 -89.75 157.62
 687.00  77.29 -18.72
 688.00 -96.11  37.32
 689.00 -88.40 131.57
 690.00 -46.89  83.85
 691.00 -75.55 -12.61
 692.00 -81.38 -15.27
 693.00 -61.22 151.75
 694.00 -79.78 156.44
 695.00 -169.34 144.27
 696.00 -54.28 143.95
 697.00 -54.82 -52.64
 698.00 -70.42 -50.69
 699.00 -58.70 -41.13
 700.00 -93.34 -41.60
 701.00 -52.63 -34.36
 702.00 -65.33 -47.22
 703.00 -65.10 -34.86
 704.00 -68.22 -36.85
 705.00 -59.30 -40.97
 706.00 -67.36 -41.37
 707.00 -55.60 -36.44
 708.00 -79.65 -26.88
 709.00 -64.67 -44.02
 710.00 -77.30 -32.88
 711.00 -56.50 -47.10
 712.00 -54.35 -36.90
 713.00 -68.90 -50.61
 714.00 -81.22 -20.42
 715.00 -63.07 -40.54
 716.00 -62.30 -41.74
 717.00 -66.47 -44.03
 718.00 -58.85 -47.49
 719.00 -42.45 -41.35
 720.00 -118.71 -25.86
 721.00 -50.20  -6.28
 722.00 -63.77 125.75
 723.00  77.57 131.89
 724.00 -64.22  -5.28
 725.00 -70.80 -29.35
 726.00 -61.16 -11.93
 727.00 -63.25 -34.33
 728.00 -57.85 145.71
 729.00 -52.78 136.93
 730.00 -63.67 -26.08
 731.00 -81.27 -49.38
 732.00 -53.40 -22.93
 733.00 -60.32 -57.06
 734.00 -68.61 -32.02
 735.00 -71.29 -41.44
 736.00 -68.96 -17.25
 737.00 -60.45 -57.70
 738.00 -69.95 -38.89
 739.00 -85.64 -38.45
 740.00 -48.63 -20.24
 741.00 -65.29 -54.86
 742.00 -50.16 -49.92
 743.00 -63.58 -42.01
 744.00 -74.77 -49.78
 745.00 -62.33 -38.24
 746.00 -49.51 -46.31
 747.00 -75.38 -41.57
 748.00 -78.20 -26.56
 749.00 -57.85 -29.38
 750.00 -64.75 -41.94
 751.00 -56.94 -56.49
 752.00 -67.39 -37.31
 753.00 -68.24 -36.30
 754.00 -89.13 -30.49
 755.00 -80.40 -44.76
 756.00 -137.47 -35.81
 757.00  45.72  11.72
 758.00  66.02  41.10
 759.00 -65.05 -11.43
 760.00 -116.91 -25.02
 761.00 -74.89 142.76
 762.00 -114.79 122.27
 763.00 -76.29  93.00
 764.00 -133.80 -53.55
 765.00 -51.42 161.24
 766.00 -116.37 -21.55
 767.00 -147.75  21.69
 768.00 -122.31  84.24
 769.00 -94.13 121.10
 770.00 -86.39 107.62
 771.00 -40.25 164.91
 772.00 -62.38 -47.43
 773.00 -72.52 -35.27
 774.00 -58.59 -36.21
 775.00 -60.58 -46.54
 776.00 -79.05 -50.64
 777.00 -75.82 -13.96
 778.00  60.49  -5.85
 779.00 -61.85 -27.68
 780.00 -72.18  39.77
 781.00 -62.77 -46.58
 782.00 -58.44 -53.28
 783.00 -61.69 -36.86
 784.00 -72.80 -39.53
 785.00 -73.29 -38.51
 786.00 -62.99 -31.76
 787.00 -61.65 -42.79
 788.00 -65.55 -38.60
 789.00 -57.16 -36.20
 790.00 -71.75 -42.57
 791.00 -58.27 -43.35
 792.00 -62.79 -32.30
 793.00 -58.07 -27.31
 794.00 -76.32 -40.04
 795.00 -70.91 -24.61
 796.00 -79.35 -38.14
 797.00  52.03 -27.13
 798.00 -64.81  52.81
 799.00 -68.59 121.35
 800.00 -70.48 162.45
 801.00 -79.62 -16.66
 802.00 -68.85 -38.24
 803.00 -70.87 -33.13
 804.00 -54.74 -47.33
 805.00 -57.83 -49.09
 806.00 -54.68 -55.53
 807.00 -79.14 -30.65
 808.00 -66.59 -36.19
 809.00 -74.92 -37.55
 810.00 -56.90 -27.58
 811.00 -69.32 -28.31
 812.00 -115.73 -18.60
 813.00 -135.03  47.87
 814.00 -157.39  -4.53
 815.00 -151.54 124.08
 816.00 -61.89 169.95
 817.00 -61.53 169.13
 818.00 -139.28 -20.44
 819.00  90.39  20.99
 820.00 -69.81 172.36
 821.00 -62.53 158.53
 822.00 -72.70 -44.61
 823.00 -56.28  16.79
 824.00 -75.94 -32.89
 825.00 -72.59 -38.01
 826.00 -46.43 -35.60
 827.00 -63.04 -51.73
 828.00 -73.04 -32.24
 829.00 -69.06 -37.91
 830.00 -45.92 -46.87
 831.00 -55.21 -60.10
 832.00 -68.58 -41.82
 833.00 -62.60 -41.14
 834.00 -59.37 -34.28
 835.00 -58.20 -56.15
 836.00 -78.38 -32.76
 837.00 -62.87 -30.76
 838.00 -57.78 -52.49
 839.00 -73.34 -27.59
 840.00 -129.03 -24.80
 841.00 -57.72  -8.75
 842.00 -80.97 154.63
 843.00 -162.65 103.51
 844.00 -69.27 167.59
 845.00 -59.69  99.91
 846.00 -63.93 -32.65
 847.00 -139.75 -10.30
 848.00 -43.74  77.30
 849.00 -61.08 -20.41
 850.00 -57.03 -30.16
 851.00 -83.32 -44.87
 852.00 -65.91 -45.26
 853.00 -80.06 -12.67
 854.00 -67.33 -48.90
 855.00 -59.33 -35.07
 856.00 -56.87 -50.38
 857.00 -64.05 -43.34
 858.00 -63.85 -36.27
 859.00 -73.06 -43.09
 860.00 -68.59 -33.32
 861.00 -68.21 -37.36
 862.00 -63.52 -52.36
 863.00 -67.84 -33.29
 864.00 -66.67 -39.34
 865.00 -59.78 -16.26
 866.00 -75.09 -39.41
 867.00 -68.00 -35.31
 868.00 -69.63 -28.52
 869.00 -67.21 -42.74
 870.00 -58.16 -36.68
 871.00 -75.78 -45.45
 872.00 -66.88 -37.01
 873.00 -65.04 -37.88
 874.00 -70.75 -41.43
 875.00 -65.50 -39.81
 876.00 -84.27 -37.50
 877.00 -55.59 -27.29
 878.00 -70.18 -50.94
 879.00 -83.32 -22.87
 880.00 -55.55 -45.95
 881.00 -58.68 -41.60
 882.00 -82.77 -46.38
 883.00 -66.32   1.22
 884.00 -72.33 -16.91
 885.00 -68.63 -51.14
 886.00 -95.95 -28.07
 887.00  65.80   7.07
 888.00 -115.57  38.95
 889.00 -74.69 121.47
 890.00 -119.99 146.17
 891.00 -60.22 117.24
 892.00 -33.60 113.21
 893.00 -61.57 -43.27
 894.00 -84.63 -34.41
 895.00 -65.52 -35.44
 896.00 -64.48 -26.88
 897.00 -81.00 -21.62
 898.00 -43.28 -52.70
 899.00 -86.20 -44.82
 900.00 -104.59 -20.09
 901.00 -86.41 -51.47
 902.00 -60.18 -33.30
 903.00 -45.54 -42.56
 904.00 -65.79 -37.29
 905.00 -58.43 -50.36
 906.00 -60.35 -49.48
 907.00 -69.09 -45.34
 908.00  79.67  -6.93
 909.00 -61.24   2.02
 910.00 -132.35 -11.40
 911.00 -137.82 132.64
 912.00 -61.18 137.83
 913.00 -75.58 145.07
 914.00 -62.15  85.75
 915.00 -83.80 122.15
 916.00 -89.91 -46.50
 917.00 -69.53 145.81


