 residuo Phi Psi
 669.00 -85.25 144.31
 670.00 -59.50 149.18
 671.00 -48.55 145.04
 672.00 -54.21 -56.34
 673.00 -74.69 -37.39
 674.00 -82.09 -33.97
 675.00 -69.52 -22.86
 676.00 -67.42 -45.91
 677.00 -79.81 -28.07
 678.00 -68.35 -27.21
 679.00 -85.98 -31.73
 680.00 -71.64  -7.19
 681.00 -67.62 114.95
 682.00 -63.92 147.40
 683.00 -74.23 -172.20
 684.00 -130.04 157.03
 685.00 -76.33 140.41
 686.00 -84.96 155.11
 687.00  73.15 -20.36
 688.00 -124.52  48.87
 689.00 -98.39 133.15
 690.00 -92.71 138.90
 691.00 -89.43  -8.79
 692.00 -75.04 -26.18
 693.00 -52.72 164.90
 694.00 -82.84 136.18
 695.00 -154.13 144.30
 696.00 -46.53 152.16
 697.00 -72.75 -38.44
 698.00 -85.19 -46.44
 699.00 -64.24 -32.74
 700.00 -77.25 -51.37
 701.00 -61.60 -28.99
 702.00 -72.05 -33.85
 703.00 -71.73 -34.87
 704.00 -68.78 -26.93
 705.00 -64.17 -43.05
 706.00 -62.22 -47.97
 707.00 -52.50 -40.41
 708.00 -78.95 -41.42
 709.00 -60.66 -38.84
 710.00 -59.17 -43.74
 711.00 -59.20 -43.52
 712.00 -63.12 -44.60
 713.00 -72.88 -44.02
 714.00 -68.68 -27.32
 715.00 -59.07 -44.37
 716.00 -62.50 -42.42
 717.00 -66.57 -36.65
 718.00 -68.80 -44.96
 719.00 -61.77 -35.92
 720.00 -90.39 -20.97
 721.00 -79.26 -16.06
 722.00 -69.30 146.86
 723.00  71.84 149.90
 724.00 -55.26 -29.13
 725.00 -66.37 -31.89
 726.00 -70.65 -13.51
 727.00 -82.73 -22.36
 728.00 -60.41 140.16
 729.00 -56.12 147.96
 730.00 -67.63 -30.64
 731.00 -61.23 -48.75
 732.00 -54.55 -38.40
 733.00 -65.73 -48.78
 734.00 -59.66 -27.62
 735.00 -80.28 -55.23
 736.00 -66.53 -16.08
 737.00 -61.72 -57.68
 738.00 -84.39 -24.38
 739.00 -80.64 -35.36
 740.00 -54.28 -21.10
 741.00 -65.67 -46.96
 742.00 -56.60 -40.29
 743.00 -60.01 -53.78
 744.00 -65.05 -47.96
 745.00 -84.33 -37.99
 746.00 -63.84 -40.65
 747.00 -71.04 -31.83
 748.00 -57.50 -47.73
 749.00 -62.56 -43.52
 750.00 -63.93 -36.92
 751.00 -67.78 -42.70
 752.00 -48.70 -44.34
 753.00 -60.25 -49.14
 754.00 -77.16 -58.74
 755.00 -92.28 -22.05
 756.00 -141.46 -39.98
 757.00  52.12  15.01
 758.00  65.36  27.86
 759.00 -63.49  25.45
 760.00 -142.53 -39.84
 761.00 -86.26 169.40
 762.00 -89.60 112.14
 763.00 -57.63  57.47
 764.00 -160.23 -44.82
 765.00 -62.64 167.58
 766.00 -90.41 -29.23
 767.00 -78.67 -56.03
 768.00 -92.72  70.77
 769.00 -98.14 122.39
 770.00 -120.66 126.29
 771.00 -55.90 -174.80
 772.00 -74.90 -40.60
 773.00 -70.67 -37.28
 774.00 -73.65 -20.30
 775.00 -58.18 -49.49
 776.00 -67.78 -51.61
 777.00 -98.61 -18.38
 778.00  55.60   1.38
 779.00 -100.66  16.15
 780.00 -70.09  24.33
 781.00 -67.66 -47.12
 782.00 -80.63 -28.35
 783.00 -60.00 -41.92
 784.00 -59.90 -39.45
 785.00 -64.81 -45.91
 786.00 -70.10 -34.88
 787.00 -61.86 -35.20
 788.00 -66.18 -49.91
 789.00 -64.45 -29.30
 790.00 -100.00 -26.71
 791.00 -66.52 -26.21
 792.00 -73.46 -18.28
 793.00 -63.19 -33.09
 794.00 -68.50 -43.35
 795.00 -63.18 -42.27
 796.00 -79.33 -37.40
 797.00  58.26 -31.50
 798.00 -75.93  65.55
 799.00 -84.79 129.96
 800.00 -60.36 152.61
 801.00 -55.41 -30.21
 802.00 -69.71 -49.14
 803.00 -50.23 -39.99
 804.00 -55.79 -39.50
 805.00 -66.07 -49.58
 806.00 -61.38 -40.50
 807.00 -64.79 -50.46
 808.00 -63.44 -34.06
 809.00 -65.73 -48.68
 810.00 -52.79 -34.13
 811.00 -69.00 -33.91
 812.00 -109.24 -21.58
 813.00 -132.81  45.56
 814.00 -161.05  16.49
 815.00 -155.09 129.08
 816.00 -50.43 150.50
 817.00 -55.23 138.07
 818.00 -66.96 -43.15
 819.00  94.99 -19.80
 820.00 -73.14 147.99
 821.00 -75.57 168.61
 822.00 -88.55 -35.29
 823.00 -61.66  26.94
 824.00 -60.29 -39.41
 825.00 -73.26 -29.26
 826.00 -53.46 -49.64
 827.00 -55.15 -41.90
 828.00 -71.14 -54.86
 829.00 -73.72 -30.88
 830.00 -64.93 -33.29
 831.00 -61.99 -47.55
 832.00 -55.29 -37.63
 833.00 -61.56 -50.65
 834.00 -65.54 -30.82
 835.00 -78.70 -42.54
 836.00 -68.85 -29.66
 837.00 -57.96 -39.32
 838.00 -52.72 -51.02
 839.00 -89.02 -22.02
 840.00 -111.60 -21.48
 841.00 -59.11   8.62
 842.00 -73.77 122.18
 843.00 -145.14  91.44
 844.00 -66.67 151.51
 845.00 -66.45  97.84
 846.00 -65.67 -25.18
 847.00 -114.08 -30.94
 848.00 -45.02  81.35
 849.00 -66.70 -28.41
 850.00 -67.10 -24.78
 851.00 -74.36 -38.17
 852.00 -54.10 -40.05
 853.00 -67.57 -44.35
 854.00 -70.31 -41.72
 855.00 -51.99 -47.66
 856.00 -53.29 -58.80
 857.00 -75.39 -36.36
 858.00 -66.34 -36.84
 859.00 -66.18 -36.32
 860.00 -62.67 -37.48
 861.00 -66.55 -44.35
 862.00 -67.16 -36.88
 863.00 -67.92 -36.13
 864.00 -66.22 -34.38
 865.00 -53.72 -24.36
 866.00 -69.01 -47.14
 867.00 -65.81 -44.05
 868.00 -72.94 -29.48
 869.00 -54.25 -40.02
 870.00 -64.19 -50.52
 871.00 -61.80 -31.79
 872.00 -68.60 -48.30
 873.00 -59.23 -29.73
 874.00 -56.61 -57.32
 875.00 -76.32 -31.85
 876.00 -72.58 -42.25
 877.00 -61.36 -35.08
 878.00 -60.58 -43.72
 879.00 -70.20 -38.51
 880.00 -49.66 -37.62
 881.00 -50.47 -57.38
 882.00 -107.19 -32.51
 883.00 -39.81  -4.43
 884.00 -60.04 -35.65
 885.00 -49.83 -60.88
 886.00 -90.10 -40.66
 887.00  55.01   2.61
 888.00 -90.25  29.63
 889.00 -88.54 111.56
 890.00 -115.68 128.35
 891.00 -62.65 132.43
 892.00 -67.90 145.58
 893.00 -80.89 -46.56
 894.00 -106.88   0.89
 895.00 -60.74 -35.18
 896.00 -61.75 -31.75
 897.00 -65.99 -36.51
 898.00 -65.01 -47.96
 899.00 -81.08 -36.26
 900.00 -93.38 -49.58
 901.00 -105.30 -33.85
 902.00 -66.08 -42.04
 903.00 -52.69 -19.47
 904.00 -59.48 -49.86
 905.00 -89.20 -22.86
 906.00 -66.24 -50.81
 907.00 -84.28 -20.99
 908.00  72.11  -1.60
 909.00 -82.73  13.32
 910.00 -116.20 -23.20
 911.00 -141.30 124.81
 912.00 -71.71 167.53
 913.00 -110.93 172.41
 914.00 -84.69 110.18
 915.00 -86.49 150.94
 916.00 -91.91 -34.38
 917.00 -64.15 150.29


