 residuo Phi Psi
 669.00 -64.07 123.90
 670.00 -70.44 138.11
 671.00 -68.50 157.32
 672.00 -48.58 -23.59
 673.00 -57.13 -30.85
 674.00 -54.84 -31.46
 675.00 -57.07 -60.79
 676.00 -61.04 -41.47
 677.00 -66.33 -47.29
 678.00 -67.58 -39.69
 679.00 -78.03 -31.02
 680.00 -85.26  -0.85
 681.00 -70.40 114.21
 682.00 -70.31 154.04
 683.00 -71.33 167.78
 684.00 -117.73 141.99
 685.00 -89.98 145.32
 686.00 -63.81 139.32
 687.00  74.82 -16.79
 688.00 -66.75  11.83
 689.00 -118.07 145.47
 690.00 -63.07  87.41
 691.00 -78.96   6.79
 692.00 -94.83 -25.07
 693.00 -68.49 160.17
 694.00 -91.41 170.65
 695.00 -140.63 122.36
 696.00 -44.65 149.77
 697.00 -59.87 -45.24
 698.00 -68.61 -45.12
 699.00 -71.01 -42.39
 700.00 -81.16 -43.22
 701.00 -65.28 -34.55
 702.00 -72.14 -26.08
 703.00 -58.42 -42.74
 704.00 -65.35 -39.94
 705.00 -86.46 -20.66
 706.00 -52.16 -49.23
 707.00 -66.41 -40.14
 708.00 -76.55 -23.65
 709.00 -55.05 -45.43
 710.00 -71.45 -33.23
 711.00 -49.75 -58.96
 712.00 -57.04 -45.25
 713.00 -60.22 -48.62
 714.00 -65.18 -35.94
 715.00 -71.87 -34.43
 716.00 -56.47 -41.26
 717.00 -72.24 -44.32
 718.00 -66.80 -39.19
 719.00 -65.33 -24.61
 720.00 -94.52 -27.17
 721.00 -59.68 -42.18
 722.00 -62.73 126.91
 723.00  77.08 152.28
 724.00 -66.69 -20.44
 725.00 -43.96 -33.93
 726.00 -78.98 -27.77
 727.00 -83.24 -11.12
 728.00 -70.25 156.28
 729.00 -38.05 142.63
 730.00 -52.10 -45.57
 731.00 -77.59 -38.72
 732.00 -56.11 -42.06
 733.00 -70.49 -41.12
 734.00 -58.28 -38.61
 735.00 -61.01 -60.51
 736.00 -57.07 -35.97
 737.00 -66.63 -67.86
 738.00 -84.11 -21.15
 739.00 -72.72 -49.53
 740.00 -74.93  -8.45
 741.00 -65.14 -36.24
 742.00 -61.89 -39.12
 743.00 -58.25 -46.51
 744.00 -59.53 -51.60
 745.00 -61.22 -44.28
 746.00 -60.50 -49.09
 747.00 -74.43 -52.57
 748.00 -79.99 -22.99
 749.00 -72.31 -30.98
 750.00 -51.32 -39.71
 751.00 -62.13 -59.71
 752.00 -81.59 -16.34
 753.00 -75.66 -24.31
 754.00 -72.10 -41.46
 755.00 -72.99 -54.22
 756.00 -152.68 -32.66
 757.00  41.70  15.50
 758.00  64.91  48.28
 759.00 -64.67  -2.23
 760.00 -141.37 -22.36
 761.00 -87.14 154.03
 762.00 -96.65 103.42
 763.00 -52.15  67.77
 764.00 -140.45 -46.25
 765.00 -58.98 172.40
 766.00 -101.03 -23.68
 767.00 -89.48 -43.72
 768.00 -89.74  71.96
 769.00 -115.89 151.29
 770.00 -64.09 100.60
 771.00 -58.89 167.79
 772.00 -55.59 -41.96
 773.00 -73.99 -36.66
 774.00 -65.04 -26.71
 775.00 -75.98 -33.83
 776.00 -59.58 -50.38
 777.00 -77.25 -37.88
 778.00  56.04  -2.39
 779.00 -102.04  21.67
 780.00 -49.27   5.86
 781.00 -71.36 -45.50
 782.00 -71.06 -36.03
 783.00 -67.27 -29.28
 784.00 -71.39 -47.57
 785.00 -60.12 -34.43
 786.00 -64.07 -43.80
 787.00 -57.16 -40.31
 788.00 -69.85 -44.85
 789.00 -64.24 -26.22
 790.00 -57.21 -47.93
 791.00 -65.72 -39.60
 792.00 -61.32 -37.52
 793.00 -62.51 -26.13
 794.00 -50.47 -59.09
 795.00 -60.03 -46.51
 796.00 -86.83 -38.15
 797.00  64.59 -13.64
 798.00 -58.22  42.46
 799.00 -61.41 126.81
 800.00 -61.80 150.32
 801.00 -81.12 -21.00
 802.00 -64.85 -35.33
 803.00 -59.90 -41.04
 804.00 -73.06 -39.03
 805.00 -61.25 -41.21
 806.00 -55.26 -47.55
 807.00 -74.03 -40.68
 808.00 -72.19 -34.86
 809.00 -69.23 -37.80
 810.00 -55.07 -32.16
 811.00 -70.31 -31.56
 812.00 -113.97 -18.14
 813.00 -129.62  38.43
 814.00 -160.42   8.83
 815.00 -139.40 118.47
 816.00 -52.93 155.23
 817.00 -62.90 147.39
 818.00 -95.32 -22.87
 819.00  72.75  -6.61
 820.00 -80.11 -179.65
 821.00 -70.24 164.65
 822.00 -119.35 -24.89
 823.00 -70.88  53.62
 824.00 -71.39 -36.60
 825.00 -75.95 -28.36
 826.00 -48.49 -45.99
 827.00 -60.86 -50.46
 828.00 -50.28 -47.96
 829.00 -68.79 -47.73
 830.00 -56.84 -44.10
 831.00 -70.37 -38.67
 832.00 -52.89 -40.90
 833.00 -76.46 -50.54
 834.00 -65.40 -26.05
 835.00 -51.34 -43.78
 836.00 -71.65 -35.38
 837.00 -63.58 -47.33
 838.00 -71.75 -33.75
 839.00 -115.74 -12.35
 840.00 -89.57 -29.04
 841.00 -46.21  -6.74
 842.00 -93.38 130.71
 843.00 -71.56  35.12
 844.00 -90.83 169.22
 845.00 -45.84  74.26
 846.00 -46.75 -32.60
 847.00 -120.39 -32.93
 848.00 -72.16 104.69
 849.00 -73.85  -8.60
 850.00 -78.81 -29.45
 851.00 -61.18 -41.21
 852.00 -57.95 -38.60
 853.00 -60.90 -61.82
 854.00 -65.94 -38.54
 855.00 -61.61 -39.79
 856.00 -52.48 -48.28
 857.00 -61.99 -45.58
 858.00 -62.15 -35.95
 859.00 -62.15 -51.73
 860.00 -85.22 -26.70
 861.00 -56.32 -40.91
 862.00 -73.10 -55.27
 863.00 -79.06 -23.94
 864.00 -64.27 -37.68
 865.00 -67.09 -26.74
 866.00 -55.60 -30.04
 867.00 -67.99 -44.61
 868.00 -66.11 -30.58
 869.00 -46.54 -48.00
 870.00 -62.06 -48.29
 871.00 -65.19 -43.43
 872.00 -74.97 -35.52
 873.00 -64.69 -27.68
 874.00 -55.88 -51.39
 875.00 -62.96 -40.90
 876.00 -66.95 -52.22
 877.00 -66.50 -28.22
 878.00 -78.15 -36.78
 879.00 -80.16 -18.70
 880.00 -70.28 -37.89
 881.00 -61.58 -28.12
 882.00 -145.75  -5.88
 883.00 -58.94  19.86
 884.00 -70.47 -31.10
 885.00 -65.08 -30.97
 886.00 -73.76 -57.00
 887.00  62.84  -4.86
 888.00 -85.17  15.67
 889.00 -121.36 132.29
 890.00 -122.96 137.20
 891.00 -67.06 144.75
 892.00 -48.42 128.62
 893.00 -46.25 -52.89
 894.00 -75.93 -40.07
 895.00 -51.77 -39.43
 896.00 -74.53 -30.38
 897.00 -68.29 -28.99
 898.00 -73.32 -48.18
 899.00 -69.77 -29.56
 900.00 -106.55 -50.80
 901.00 -103.77 -28.85
 902.00 -53.79 -46.03
 903.00 -58.15 -50.70
 904.00 -62.75 -20.51
 905.00 -76.26 -35.29
 906.00 -75.69 -45.12
 907.00 -100.29 -22.36
 908.00  81.07   2.73
 909.00 -69.56  10.07
 910.00 -130.56 -20.89
 911.00 -153.15 135.01
 912.00 -75.23 153.50
 913.00 -94.40 155.52
 914.00 -69.93  83.48
 915.00 -71.17 122.28
 916.00 -83.76 -45.59
 917.00 -63.00 178.28


