 residuo Phi Psi
 669.00 -72.27 136.01
 670.00 -69.43 135.40
 671.00 -70.57 139.68
 672.00 -52.08 -16.73
 673.00 -63.81 -33.17
 674.00 -63.63 -46.34
 675.00 -52.27 -44.00
 676.00 -54.75 -57.00
 677.00 -63.48 -41.56
 678.00 -71.81 -39.11
 679.00 -84.78 -32.02
 680.00 -61.06  -7.03
 681.00 -76.82 127.46
 682.00 -75.62 161.59
 683.00 -104.09 179.41
 684.00 -95.29 117.05
 685.00 -82.13 133.45
 686.00 -90.21 154.75
 687.00  81.20  -5.16
 688.00 -58.65   5.55
 689.00 -123.56 163.48
 690.00 -78.32 106.15
 691.00 -83.02   7.58
 692.00 -89.37 -19.88
 693.00 -63.02 162.53
 694.00 -75.23 138.27
 695.00 -145.48 121.14
 696.00 -45.77 169.84
 697.00 -74.73 -57.44
 698.00 -73.46 -31.23
 699.00 -48.42 -55.40
 700.00 -69.98 -49.70
 701.00 -61.17 -40.73
 702.00 -60.51 -38.52
 703.00 -67.31 -39.34
 704.00 -64.13 -36.92
 705.00 -62.90 -42.26
 706.00 -62.03 -48.30
 707.00 -63.08 -17.00
 708.00 -52.51 -60.18
 709.00 -56.97 -48.92
 710.00 -59.66 -53.99
 711.00 -64.11 -39.01
 712.00 -65.39 -37.68
 713.00 -73.70 -34.73
 714.00 -70.34 -33.61
 715.00 -63.54 -47.76
 716.00 -74.48 -34.50
 717.00 -69.26 -30.55
 718.00 -46.49 -53.10
 719.00 -60.55 -37.34
 720.00 -123.20 -14.63
 721.00 -61.87   8.77
 722.00 -68.84 128.05
 723.00  89.13 131.65
 724.00 -60.22 -17.56
 725.00 -79.12 -22.28
 726.00 -66.54 -15.77
 727.00 -96.40 -17.40
 728.00 -62.56 131.79
 729.00 -67.07 146.30
 730.00 -51.36 -27.57
 731.00 -84.56 -36.20
 732.00 -58.22 -35.31
 733.00 -62.42 -45.23
 734.00 -71.86 -32.06
 735.00 -63.74 -53.24
 736.00 -65.97 -30.65
 737.00 -78.29 -36.32
 738.00 -99.41 -22.12
 739.00 -100.35 -17.52
 740.00 -56.32 -16.13
 741.00 -59.78 -37.19
 742.00 -53.08 -61.77
 743.00 -56.11 -48.73
 744.00 -73.77 -53.46
 745.00 -63.46 -38.37
 746.00 -56.21 -41.09
 747.00 -59.40 -41.70
 748.00 -63.71 -46.83
 749.00 -72.24 -29.38
 750.00 -63.49 -36.20
 751.00 -59.53 -43.31
 752.00 -69.75 -40.98
 753.00 -70.04 -34.09
 754.00 -75.82 -57.56
 755.00 -91.41 -27.17
 756.00 -140.67 -42.78
 757.00  66.13  27.75
 758.00  48.87  25.62
 759.00 -79.02  26.63
 760.00 -149.62 -16.12
 761.00 -75.61 137.44
 762.00 -100.95 111.38
 763.00 -62.46  75.93
 764.00 -157.37 -39.43
 765.00 -59.70 154.85
 766.00 -104.30 -21.80
 767.00 -130.69  -5.30
 768.00 -93.71  79.88
 769.00 -85.21 128.94
 770.00 -78.64 113.41
 771.00 -58.98 159.14
 772.00 -58.50 -27.15
 773.00 -58.26 -53.01
 774.00 -61.08 -40.90
 775.00 -68.19 -37.63
 776.00 -64.98 -46.71
 777.00 -70.45 -35.40
 778.00  63.38 -10.89
 779.00 -135.53  33.71
 780.00 -50.20  24.83
 781.00 -57.60 -50.21
 782.00 -60.49 -47.76
 783.00 -70.25 -39.39
 784.00 -50.88 -37.74
 785.00 -65.43 -44.05
 786.00 -66.02 -38.90
 787.00 -56.71 -38.57
 788.00 -63.86 -49.29
 789.00 -80.78 -28.20
 790.00 -48.40 -47.57
 791.00 -66.71 -35.72
 792.00 -54.62 -19.08
 793.00 -62.01 -36.55
 794.00 -67.66 -39.61
 795.00 -60.27 -50.14
 796.00 -79.11 -48.34
 797.00  47.47 -11.67
 798.00 -67.65  65.34
 799.00 -76.64 122.90
 800.00 -59.85 153.75
 801.00 -68.15 -26.90
 802.00 -65.68 -41.55
 803.00 -71.33 -32.07
 804.00 -50.40 -48.43
 805.00 -74.87 -40.14
 806.00 -64.32 -38.83
 807.00 -60.55 -47.95
 808.00 -63.44 -36.44
 809.00 -57.31 -43.16
 810.00 -75.46 -29.94
 811.00 -68.40 -17.07
 812.00 -84.10 -44.68
 813.00 -110.52  26.52
 814.00 -155.68  13.10
 815.00 -139.77 130.63
 816.00 -70.65 166.92
 817.00 -82.33 160.39
 818.00 -73.59 -28.79
 819.00  78.64  -6.33
 820.00 -64.77 156.22
 821.00 -57.63 162.17
 822.00 -123.25 -35.13
 823.00 -57.54  80.63
 824.00 -64.42 -42.10
 825.00 -68.31 -34.11
 826.00 -56.21 -47.47
 827.00 -71.63 -34.08
 828.00 -68.62 -36.53
 829.00 -64.88 -44.43
 830.00 -62.69 -39.02
 831.00 -66.51 -44.19
 832.00 -70.22 -26.56
 833.00 -60.53 -42.45
 834.00 -67.88 -36.45
 835.00 -66.63 -40.77
 836.00 -67.06 -27.76
 837.00 -60.16 -51.42
 838.00 -54.88 -36.79
 839.00 -108.13 -23.90
 840.00 -79.14 -43.66
 841.00 -46.29  -3.22
 842.00 -71.07 145.52
 843.00 -68.02   1.06
 844.00 -75.33 165.12
 845.00 -53.88 109.10
 846.00 -61.30 -21.10
 847.00 -133.90 -26.89
 848.00 -62.88  73.15
 849.00 -69.98 -24.48
 850.00 -72.24 -14.99
 851.00 -66.22 -41.57
 852.00 -64.29 -40.98
 853.00 -58.81 -38.76
 854.00 -58.25 -48.16
 855.00 -62.00 -46.15
 856.00 -62.93 -48.11
 857.00 -70.34 -30.61
 858.00 -65.19 -38.84
 859.00 -70.92 -46.50
 860.00 -67.73 -28.09
 861.00 -49.90 -49.56
 862.00 -60.62 -51.87
 863.00 -70.16 -45.75
 864.00 -83.73 -19.11
 865.00 -73.20 -15.52
 866.00 -57.36 -25.53
 867.00 -64.71 -53.51
 868.00 -70.17 -29.12
 869.00 -67.53 -37.18
 870.00 -49.36 -45.49
 871.00 -56.34 -52.65
 872.00 -69.64 -50.66
 873.00 -65.35 -31.53
 874.00 -63.57 -46.63
 875.00 -59.10 -39.40
 876.00 -65.16 -46.98
 877.00 -60.00 -49.43
 878.00 -58.74 -40.19
 879.00 -65.59 -37.46
 880.00 -60.58 -47.53
 881.00 -63.12 -43.39
 882.00 -106.58 -28.12
 883.00 -51.73 -12.59
 884.00 -67.55 -23.52
 885.00 -65.35 -60.17
 886.00 -107.12 -22.98
 887.00  61.54  13.76
 888.00 -88.72  44.10
 889.00 -104.61 150.81
 890.00 -133.03 135.64
 891.00 -83.90 147.96
 892.00 -66.83 145.80
 893.00 -56.73 -40.55
 894.00 -68.24 -40.88
 895.00 -62.79 -45.52
 896.00 -52.98 -35.80
 897.00 -51.63 -57.81
 898.00 -73.42 -50.17
 899.00 -89.58 -35.07
 900.00 -122.15 -18.74
 901.00 -105.92 -21.81
 902.00 -75.48 -27.88
 903.00 -59.56 -33.79
 904.00 -65.47 -22.94
 905.00 -67.32 -40.57
 906.00 -69.08 -49.51
 907.00 -85.75 -27.26
 908.00  86.45  -5.69
 909.00 -70.95   7.37
 910.00 -139.89 -17.24
 911.00 -155.16 140.54
 912.00 -68.32 162.18
 913.00 -85.74 165.16
 914.00 -99.35 119.88
 915.00 -62.40 124.82
 916.00 -146.14 -28.96
 917.00 -82.41 135.99


