 residuo Phi Psi
 669.00 -108.50 135.54
 670.00 -83.79 152.22
 671.00 -62.09 164.13
 672.00 -50.50 -33.50
 673.00 -61.09 -50.75
 674.00 -64.52 -41.44
 675.00 -63.31 -40.25
 676.00 -54.40 -41.88
 677.00 -86.23 -36.76
 678.00 -62.18 -24.33
 679.00 -89.99 -34.96
 680.00 -79.10 -11.57
 681.00 -66.70 116.08
 682.00 -89.37 168.51
 683.00 -64.07 144.12
 684.00 -115.53 138.99
 685.00 -87.95 135.73
 686.00 -75.79 158.29
 687.00  70.81 -19.61
 688.00 -96.31  36.07
 689.00 -79.40 132.25
 690.00 -66.04  98.09
 691.00 -72.19  -6.30
 692.00 -120.19  -1.74
 693.00 -64.23 154.38
 694.00 -61.84 138.48
 695.00 -146.21 143.36
 696.00 -58.30 157.95
 697.00 -72.27 -59.36
 698.00 -74.53 -34.72
 699.00 -70.19 -22.87
 700.00 -85.33 -37.78
 701.00 -60.03 -34.35
 702.00 -64.72 -42.62
 703.00 -59.38 -46.95
 704.00 -76.81 -30.67
 705.00 -60.96 -42.33
 706.00 -61.56 -43.38
 707.00 -56.67 -45.95
 708.00 -60.73 -41.40
 709.00 -53.59 -48.42
 710.00 -69.50 -48.83
 711.00 -62.45 -40.35
 712.00 -64.06 -37.39
 713.00 -73.17 -38.79
 714.00 -68.35 -26.29
 715.00 -65.36 -44.14
 716.00 -68.21 -39.15
 717.00 -57.44 -45.15
 718.00 -68.59 -55.93
 719.00 -47.33 -30.65
 720.00 -116.74 -23.42
 721.00 -71.08   0.69
 722.00 -64.37 123.27
 723.00  99.21 122.43
 724.00 -70.83  -8.23
 725.00 -76.76 -20.36
 726.00 -61.95  -2.66
 727.00 -93.56 -15.66
 728.00 -55.55 133.72
 729.00 -50.35 150.88
 730.00 -65.39 -36.03
 731.00 -82.18 -34.70
 732.00 -58.75 -24.19
 733.00 -58.64 -51.93
 734.00 -62.92 -34.00
 735.00 -52.23 -64.47
 736.00 -56.70 -41.05
 737.00 -69.12 -57.10
 738.00 -72.35 -32.47
 739.00 -82.98 -36.56
 740.00 -48.67 -20.71
 741.00 -70.44 -48.92
 742.00 -72.61 -41.49
 743.00 -73.38 -33.54
 744.00 -75.39 -43.57
 745.00 -81.74 -26.22
 746.00 -77.23 -20.61
 747.00 -64.64 -34.01
 748.00 -69.85 -35.78
 749.00 -61.68 -35.01
 750.00 -66.82 -43.62
 751.00 -72.11 -42.39
 752.00 -49.92 -49.78
 753.00 -60.24 -44.49
 754.00 -61.25 -62.35
 755.00 -77.40 -46.23
 756.00 -132.20 -52.07
 757.00  60.53  19.16
 758.00  64.27  27.45
 759.00 -62.81  -9.54
 760.00 -128.72 -24.08
 761.00 -95.23 154.94
 762.00 -98.99 115.88
 763.00 -48.60  59.97
 764.00 -136.65 -57.54
 765.00 -64.39 165.86
 766.00 -78.63 -35.53
 767.00 -84.67 -52.69
 768.00 -72.54  51.90
 769.00 -95.59 128.11
 770.00 -73.82 105.86
 771.00 -70.11 179.58
 772.00 -72.88 -20.93
 773.00 -67.22 -37.80
 774.00 -57.96 -37.33
 775.00 -82.29 -32.00
 776.00 -64.45 -49.82
 777.00 -84.30 -35.07
 778.00  57.52   6.42
 779.00 -122.59  28.29
 780.00 -64.79  20.56
 781.00 -52.25 -44.99
 782.00 -67.17 -54.08
 783.00 -60.80 -44.39
 784.00 -57.44 -40.53
 785.00 -60.02 -45.33
 786.00 -64.23 -37.00
 787.00 -58.59 -48.76
 788.00 -73.75 -34.63
 789.00 -75.56 -18.17
 790.00 -67.53 -39.90
 791.00 -66.27 -25.37
 792.00 -58.61 -34.29
 793.00 -46.94 -36.37
 794.00 -85.24 -45.51
 795.00 -84.79 -29.04
 796.00 -79.34 -29.79
 797.00  60.58 -24.37
 798.00 -72.92  58.90
 799.00 -96.89 127.12
 800.00 -57.36 157.25
 801.00 -54.89 -41.49
 802.00 -73.10 -39.90
 803.00 -67.34 -39.14
 804.00 -62.20 -41.22
 805.00 -107.42 -23.90
 806.00 -69.22 -27.23
 807.00 -61.04 -42.80
 808.00 -69.82 -38.78
 809.00 -67.77 -44.66
 810.00 -67.37 -22.18
 811.00 -76.96 -24.37
 812.00 -117.23 -14.97
 813.00 -131.58  50.91
 814.00 -159.13  -1.81
 815.00 -154.66 129.75
 816.00 -51.94 165.61
 817.00 -58.53 152.20
 818.00 -112.71 -29.54
 819.00  78.60  15.04
 820.00 -55.61 157.72
 821.00 -50.70 153.11
 822.00 -95.22 -38.69
 823.00 -62.53  28.66
 824.00 -49.12 -40.20
 825.00 -76.21 -35.64
 826.00 -46.77 -50.57
 827.00 -70.73 -39.89
 828.00 -84.12 -21.96
 829.00 -62.44 -41.49
 830.00 -53.69 -51.65
 831.00 -65.69 -43.82
 832.00 -57.98 -43.50
 833.00 -75.41 -42.59
 834.00 -74.38 -22.01
 835.00 -78.15 -42.28
 836.00 -77.29 -22.49
 837.00 -56.99 -34.16
 838.00 -50.82 -49.99
 839.00 -68.24 -41.79
 840.00 -118.93 -19.51
 841.00 -63.93  -0.23
 842.00 -76.98 145.50
 843.00 -121.08  74.48
 844.00 -75.46 172.50
 845.00 -52.71  81.14
 846.00 -57.49 -25.64
 847.00 -122.46 -25.29
 848.00 -66.78 116.50
 849.00 -72.37 -20.38
 850.00 -63.72 -36.97
 851.00 -78.72 -46.67
 852.00 -57.40 -39.38
 853.00 -62.80 -40.75
 854.00 -65.57 -38.34
 855.00 -55.21 -47.03
 856.00 -73.67 -34.15
 857.00 -59.03 -46.52
 858.00 -62.23 -38.99
 859.00 -69.38 -49.95
 860.00 -57.67 -27.78
 861.00 -67.69 -40.57
 862.00 -72.18 -33.14
 863.00 -63.06 -35.95
 864.00 -66.59 -42.63
 865.00 -73.44 -14.88
 866.00 -60.74 -42.29
 867.00 -67.16 -43.72
 868.00 -77.88 -29.91
 869.00 -56.29 -34.21
 870.00 -64.00 -45.83
 871.00 -47.16 -50.80
 872.00 -71.47 -55.26
 873.00 -60.74 -31.03
 874.00 -49.11 -60.80
 875.00 -73.59 -41.23
 876.00 -78.64 -34.62
 877.00 -74.27 -28.99
 878.00 -61.47 -39.87
 879.00 -72.74 -38.17
 880.00 -54.69 -43.06
 881.00 -71.60 -40.61
 882.00 -105.90 -21.76
 883.00 -52.20   0.04
 884.00 -59.44 -55.13
 885.00 -70.14 -35.62
 886.00 -99.75 -34.62
 887.00  47.12  33.48
 888.00 -84.64  18.81
 889.00 -84.58 129.40
 890.00 -133.91 143.12
 891.00 -59.34 135.89
 892.00 -56.09 132.74
 893.00 -68.68 -44.37
 894.00 -73.42 -30.32
 895.00 -51.79 -48.27
 896.00 -57.04 -38.50
 897.00 -88.30 -27.26
 898.00 -58.41 -47.53
 899.00 -65.09 -66.75
 900.00 -86.03 -26.57
 901.00 -84.11 -59.47
 902.00 -63.71 -24.34
 903.00 -58.57 -37.75
 904.00 -68.82 -31.68
 905.00 -80.87 -30.12
 906.00 -74.33 -40.32
 907.00 -69.52 -28.30
 908.00  91.85 -21.75
 909.00 -47.68 -10.19
 910.00 -115.27 -20.60
 911.00 -113.32 127.81
 912.00 -59.10 130.35
 913.00 -95.64 145.63
 914.00 -61.69  85.84
 915.00 -105.34 141.63
 916.00 -111.28 -23.33
 917.00 -80.76 151.28


