 residuo Phi Psi
 669.00 -149.96 134.14
 670.00 -61.65 131.28
 671.00 -133.50  91.77
 672.00 -65.24  -9.12
 673.00 -60.89 -25.30
 674.00 -72.70 -43.06
 675.00 -60.74 -27.58
 676.00 -78.54 -42.78
 677.00 -68.95 -27.11
 678.00 -70.54 -40.78
 679.00 -137.78   8.92
 680.00 -65.55   3.76
 681.00 -70.63 128.85
 682.00 -73.43 150.00
 683.00 -58.41 170.89
 684.00 -133.24 132.07
 685.00 -77.01 119.92
 686.00 -79.15 153.03
 687.00 103.83 -29.23
 688.00 -76.95   8.10
 689.00 -81.98 134.21
 690.00 -46.52  57.28
 691.00 -68.98 -18.56
 692.00 -71.72 -10.75
 693.00 -72.10 153.63
 694.00 -68.68 150.40
 695.00 -160.42 140.71
 696.00 -64.50 151.68
 697.00 -73.11 -38.92
 698.00 -76.46 -32.22
 699.00 -60.94 -52.09
 700.00 -73.49 -38.81
 701.00 -59.88 -49.98
 702.00 -79.01 -36.35
 703.00 -65.36 -21.21
 704.00 -54.56 -50.36
 705.00 -57.94 -39.60
 706.00 -66.62 -45.03
 707.00 -48.58 -37.19
 708.00 -66.05 -53.61
 709.00 -58.02 -40.59
 710.00 -60.70 -48.25
 711.00 -59.73 -43.34
 712.00 -63.53 -43.42
 713.00 -60.30 -48.32
 714.00 -71.45 -40.80
 715.00 -77.15 -32.01
 716.00 -60.74 -38.59
 717.00 -73.54 -37.14
 718.00 -63.48 -44.39
 719.00 -67.26 -36.67
 720.00 -116.48 -10.25
 721.00 -72.10  -4.58
 722.00 -50.81 123.81
 723.00  91.60 137.20
 724.00 -51.72 -27.86
 725.00 -69.71 -38.13
 726.00 -61.72 -21.23
 727.00 -74.33 -23.52
 728.00 -66.66 155.99
 729.00 -44.85 133.45
 730.00 -75.84 -40.37
 731.00 -86.09 -19.46
 732.00 -46.60 -45.83
 733.00 -66.44 -46.77
 734.00 -72.87 -29.92
 735.00 -71.72 -52.96
 736.00 -71.53 -23.61
 737.00 -56.37 -52.58
 738.00 -87.06 -20.41
 739.00 -90.66 -37.90
 740.00 -53.37 -21.34
 741.00 -49.57 -44.58
 742.00 -62.52 -60.72
 743.00 -62.02 -40.76
 744.00 -78.89 -41.13
 745.00 -63.89 -37.56
 746.00 -54.35 -43.98
 747.00 -54.30 -53.45
 748.00 -61.39 -42.32
 749.00 -59.65 -43.17
 750.00 -59.00 -48.35
 751.00 -60.80 -47.86
 752.00 -70.63 -41.31
 753.00 -56.66 -38.58
 754.00 -82.20 -51.80
 755.00 -74.52 -35.27
 756.00 -146.44 -42.90
 757.00  54.79  21.02
 758.00  62.65  41.21
 759.00 -81.96  13.78
 760.00 -65.81 -78.18
 761.00 -98.27 161.80
 762.00 -79.20 107.58
 763.00 -66.42  69.33
 764.00 -152.99 -57.26
 765.00 -56.51 155.22
 766.00 -82.61 -41.78
 767.00 -138.95 -14.80
 768.00 -93.69  87.18
 769.00 -116.71 154.64
 770.00 -111.72 132.95
 771.00 -50.25 172.82
 772.00 -75.73 -31.96
 773.00 -53.85 -51.40
 774.00 -70.51 -31.98
 775.00 -80.35 -26.91
 776.00 -57.81 -49.93
 777.00 -85.45 -35.97
 778.00  48.03   9.71
 779.00 -125.52  29.82
 780.00 -57.76  29.48
 781.00 -58.82 -47.78
 782.00 -68.94 -39.89
 783.00 -69.38 -40.43
 784.00 -64.01 -34.11
 785.00 -67.64 -35.96
 786.00 -73.34 -39.16
 787.00 -69.75 -29.03
 788.00 -54.82 -40.49
 789.00 -59.44 -48.21
 790.00 -70.63 -33.99
 791.00 -77.66 -35.44
 792.00 -63.08 -14.97
 793.00 -61.28 -37.52
 794.00 -79.72 -29.36
 795.00 -71.99 -46.62
 796.00 -86.90 -30.17
 797.00  48.22 -20.10
 798.00 -81.65  75.12
 799.00 -99.44 145.68
 800.00 -42.59 155.28
 801.00 -70.73 -42.52
 802.00 -63.76 -47.22
 803.00 -52.41 -51.18
 804.00 -66.14 -43.84
 805.00 -74.57 -38.72
 806.00 -68.82 -33.05
 807.00 -60.15 -44.89
 808.00 -70.14 -32.18
 809.00 -83.01 -32.04
 810.00 -71.03 -16.15
 811.00 -50.69 -32.25
 812.00 -131.20 -20.55
 813.00 -121.27  44.48
 814.00 -141.37   3.77
 815.00 -138.74 129.93
 816.00 -54.75 168.84
 817.00 -65.72 147.71
 818.00 -91.72 -29.22
 819.00  76.05   5.64
 820.00 -60.32 169.89
 821.00 -48.92 150.97
 822.00 -131.86 -39.52
 823.00 -40.75  69.73
 824.00 -63.03 -22.58
 825.00 -75.50 -29.62
 826.00 -77.46 -34.81
 827.00 -61.00 -34.60
 828.00 -61.10 -46.79
 829.00 -68.21 -51.99
 830.00 -68.04 -32.25
 831.00 -71.83 -44.69
 832.00 -61.19 -27.73
 833.00 -89.23 -35.09
 834.00 -80.28 -15.47
 835.00 -52.77 -46.57
 836.00 -76.96 -35.42
 837.00 -65.67 -30.89
 838.00 -50.53 -48.63
 839.00 -89.25 -19.95
 840.00 -120.48 -16.00
 841.00 -57.02  -5.50
 842.00 -72.61 139.26
 843.00 -155.95  91.32
 844.00 -74.17 144.63
 845.00 -68.31 114.10
 846.00 -77.91 -14.18
 847.00 -113.18 -15.01
 848.00 -59.00  60.69
 849.00 -71.20 -25.49
 850.00 -84.92 -16.47
 851.00 -77.02 -18.35
 852.00 -64.08 -28.62
 853.00 -63.58 -43.32
 854.00 -74.32 -35.72
 855.00 -61.50 -36.99
 856.00 -59.75 -38.68
 857.00 -57.27 -48.40
 858.00 -74.31 -33.39
 859.00 -70.80 -42.76
 860.00 -66.57 -32.33
 861.00 -72.44 -38.38
 862.00 -68.30 -35.19
 863.00 -54.31 -49.69
 864.00 -81.38 -23.78
 865.00 -63.39 -21.24
 866.00 -62.96 -47.13
 867.00 -76.08 -42.79
 868.00 -74.48 -20.99
 869.00 -76.43 -24.11
 870.00 -55.62 -45.68
 871.00 -51.15 -38.72
 872.00 -81.13 -44.92
 873.00 -40.59 -42.09
 874.00 -66.13 -49.52
 875.00 -66.67 -43.01
 876.00 -71.07 -46.03
 877.00 -58.18 -40.60
 878.00 -61.11 -48.61
 879.00 -77.46 -40.31
 880.00 -66.41 -25.94
 881.00 -41.11 -48.84
 882.00 -113.35 -28.22
 883.00 -60.85  17.58
 884.00 -86.73 -46.12
 885.00 -72.31 -11.12
 886.00 -92.60 -41.52
 887.00  58.23  -5.16
 888.00 -83.81  35.85
 889.00 -90.97 127.39
 890.00 -122.01 144.41
 891.00 -62.93 141.84
 892.00 -52.92 134.56
 893.00 -60.62 -40.32
 894.00 -59.86 -46.73
 895.00 -54.33 -43.04
 896.00 -63.41 -46.28
 897.00 -63.69 -40.67
 898.00 -86.46 -36.02
 899.00 -71.10 -36.81
 900.00 -110.46 -33.10
 901.00 -102.14 -44.72
 902.00 -57.65 -33.68
 903.00 -61.99 -46.18
 904.00 -79.22 -20.55
 905.00 -63.73 -24.29
 906.00 -63.19 -49.13
 907.00 -78.03 -39.36
 908.00  86.96 -10.08
 909.00 -62.97   8.26
 910.00 -139.90  -8.45
 911.00 -135.40 135.77
 912.00 -47.23 123.16
 913.00 -109.44 158.54
 914.00 -90.29 118.50
 915.00 -83.00 151.63
 916.00 -112.11 -43.47
 917.00 -73.39 161.61


