 residuo Phi Psi
 669.00 -66.98 148.83
 670.00 -61.42 157.59
 671.00 -139.30 139.68
 672.00 -43.23 -33.83
 673.00 -68.88 -41.93
 674.00 -58.53 -37.36
 675.00 -67.43 -27.86
 676.00 -58.24 -47.55
 677.00 -87.61 -31.56
 678.00 -80.88 -25.78
 679.00 -87.33 -41.21
 680.00 -70.90  -1.10
 681.00 -68.24 124.23
 682.00 -67.78 155.99
 683.00 -65.63 157.08
 684.00 -94.16 138.36
 685.00 -87.59 126.52
 686.00 -78.11 142.43
 687.00  86.60 -14.80
 688.00 -76.16  11.05
 689.00 -145.93 177.19
 690.00 -86.45 109.96
 691.00 -77.64   8.39
 692.00 -70.52 -32.80
 693.00 -81.45 159.64
 694.00 -106.63 166.94
 695.00 -154.58 157.54
 696.00 -49.47 168.33
 697.00 -69.80 -52.77
 698.00 -78.67 -41.98
 699.00 -58.93 -31.30
 700.00 -71.70 -56.15
 701.00 -60.13 -41.84
 702.00 -70.67 -28.55
 703.00 -61.09 -39.09
 704.00 -65.34 -43.25
 705.00 -66.15 -42.17
 706.00 -51.00 -41.06
 707.00 -57.10 -44.05
 708.00 -75.42 -40.49
 709.00 -63.80 -34.91
 710.00 -78.42 -34.84
 711.00 -64.19 -42.38
 712.00 -58.37 -30.84
 713.00 -67.41 -44.99
 714.00 -48.72 -54.09
 715.00 -61.50 -48.51
 716.00 -60.49 -33.82
 717.00 -57.32 -48.29
 718.00 -61.24 -52.61
 719.00 -68.00 -32.12
 720.00 -113.52  -9.77
 721.00 -49.45 -20.40
 722.00 -49.66 122.56
 723.00  74.05 138.17
 724.00 -59.32 -17.48
 725.00 -68.30 -30.07
 726.00 -68.38  -5.02
 727.00 -85.89 -24.22
 728.00 -61.93 149.92
 729.00 -57.74 141.75
 730.00 -65.96 -22.04
 731.00 -70.13 -43.92
 732.00 -51.44 -42.39
 733.00 -70.01 -51.89
 734.00 -75.68 -20.18
 735.00 -77.24 -45.24
 736.00 -62.44 -24.47
 737.00 -69.72 -45.68
 738.00 -76.44 -28.02
 739.00 -64.98 -54.52
 740.00 -48.08  -9.16
 741.00 -69.33 -60.68
 742.00 -76.90 -27.54
 743.00 -66.08 -46.80
 744.00 -59.42 -48.88
 745.00 -63.60 -49.01
 746.00 -52.70 -41.68
 747.00 -65.50 -45.97
 748.00 -64.84 -41.85
 749.00 -83.97 -27.10
 750.00 -66.08 -30.35
 751.00 -65.33 -43.41
 752.00 -58.14 -45.08
 753.00 -54.16 -50.81
 754.00 -67.29 -57.41
 755.00 -89.87 -35.43
 756.00 -127.85 -46.24
 757.00  71.06  18.06
 758.00  57.86  21.81
 759.00 -78.24  16.51
 760.00 -93.16 -52.53
 761.00 -97.88 166.89
 762.00 -119.85 134.59
 763.00 -48.30  65.58
 764.00 -151.81 -57.99
 765.00 -41.62 159.43
 766.00 -82.67 -45.70
 767.00 -114.08 -23.02
 768.00 -113.10  94.30
 769.00 -107.76 146.71
 770.00 -92.98 126.15
 771.00 -47.18 169.62
 772.00 -73.11 -18.16
 773.00 -73.17 -52.02
 774.00 -46.06 -30.51
 775.00 -97.62 -38.59
 776.00 -70.38 -34.49
 777.00 -73.39 -28.04
 778.00  46.92  -4.96
 779.00 -124.78  37.54
 780.00 -83.80  50.08
 781.00 -62.27 -44.09
 782.00 -56.83 -47.67
 783.00 -60.90 -46.46
 784.00 -59.91 -32.24
 785.00 -72.26 -56.21
 786.00 -56.50 -35.08
 787.00 -59.71 -46.42
 788.00 -52.03 -58.06
 789.00 -66.71 -32.69
 790.00 -62.96 -42.26
 791.00 -67.02 -35.32
 792.00 -64.93 -24.52
 793.00 -65.68 -45.30
 794.00 -70.53 -27.48
 795.00 -71.92 -26.06
 796.00 -92.68 -39.27
 797.00  55.82  -9.66
 798.00 -52.91  44.49
 799.00 -97.13 140.89
 800.00 -58.70 155.04
 801.00 -60.97 -31.69
 802.00 -70.88 -45.52
 803.00 -51.35 -44.81
 804.00 -62.22 -50.09
 805.00 -67.56 -40.26
 806.00 -65.54 -43.48
 807.00 -55.18 -43.93
 808.00 -62.19 -32.26
 809.00 -53.67 -58.22
 810.00 -63.44 -32.31
 811.00 -77.76 -19.78
 812.00 -127.51  -9.88
 813.00 -143.22  49.24
 814.00 -157.45  10.95
 815.00 -150.24 123.42
 816.00 -75.00 165.21
 817.00 -76.30 168.93
 818.00 -70.93 -46.12
 819.00  70.58  -1.65
 820.00 -59.31 152.94
 821.00 -58.53 161.68
 822.00 -98.08 -36.37
 823.00 -55.31  18.63
 824.00 -53.89 -34.72
 825.00 -70.53 -47.38
 826.00 -56.66 -49.07
 827.00 -66.98 -34.29
 828.00 -57.03 -52.91
 829.00 -70.40 -41.51
 830.00 -60.67 -35.77
 831.00 -67.85 -39.12
 832.00 -52.51 -37.58
 833.00 -72.10 -47.53
 834.00 -63.10 -32.53
 835.00 -59.14 -51.70
 836.00 -72.29 -35.55
 837.00 -54.45 -43.70
 838.00 -49.26 -45.99
 839.00 -87.51 -27.40
 840.00 -97.07 -38.68
 841.00 -58.77   1.39
 842.00 -53.69 141.90
 843.00 -67.90  -9.15
 844.00 -79.56 162.68
 845.00 -54.51 106.51
 846.00 -66.37 -32.80
 847.00 -110.57 -16.19
 848.00 -60.12  64.83
 849.00 -63.53 -12.54
 850.00 -56.82 -44.62
 851.00 -57.86 -45.85
 852.00 -49.97 -55.76
 853.00 -66.67 -45.39
 854.00 -55.78 -50.53
 855.00 -54.56 -43.24
 856.00 -58.23 -50.57
 857.00 -73.69 -36.63
 858.00 -73.90 -30.47
 859.00 -66.34 -46.06
 860.00 -56.84 -37.67
 861.00 -83.24 -30.80
 862.00 -60.87 -36.24
 863.00 -69.75 -39.62
 864.00 -61.88 -43.41
 865.00 -81.23  -1.51
 866.00 -58.63 -38.74
 867.00 -54.39 -38.30
 868.00 -86.10 -31.74
 869.00 -76.59 -19.89
 870.00 -52.29 -47.63
 871.00 -68.28 -46.37
 872.00 -67.42 -42.51
 873.00 -64.10 -33.19
 874.00 -52.32 -37.41
 875.00 -66.44 -51.63
 876.00 -76.40 -48.14
 877.00 -70.45 -27.92
 878.00 -82.44 -26.14
 879.00 -75.49 -21.86
 880.00 -44.10 -47.23
 881.00 -68.54 -48.35
 882.00 -136.41 -17.90
 883.00 -57.10  15.95
 884.00 -74.90 -33.47
 885.00 -76.58 -22.62
 886.00 -112.28 -24.47
 887.00  62.10  29.20
 888.00 -67.33   3.98
 889.00 -115.69 148.96
 890.00 -128.00 153.73
 891.00 -67.70 145.07
 892.00 -55.73 138.60
 893.00 -66.53 -35.84
 894.00 -77.43 -44.59
 895.00 -60.99 -29.82
 896.00 -64.77 -37.20
 897.00 -62.93 -37.81
 898.00 -54.51 -54.11
 899.00 -100.05 -27.37
 900.00 -112.08 -33.40
 901.00 -89.39 -39.76
 902.00 -60.82 -37.86
 903.00 -64.84 -41.48
 904.00 -67.83 -23.75
 905.00 -83.32 -26.57
 906.00 -64.10 -46.48
 907.00 -85.56 -40.79
 908.00  85.53  15.23
 909.00 -64.65 -18.63
 910.00 -141.14  -4.32
 911.00 -142.59 130.15
 912.00 -72.24 154.36
 913.00 -79.41 158.02
 914.00 -117.65 137.16
 915.00 -76.27 135.08
 916.00 -116.54 -23.30
 917.00 -70.12 125.40


