 residuo Phi Psi
 669.00 -60.48 -76.59
 670.00 -52.90 157.02
 671.00 -46.23 149.25
 672.00 -62.44 -36.16
 673.00 -71.83 -44.43
 674.00 -67.65 -34.06
 675.00 -74.23 -23.25
 676.00 -45.41 -55.16
 677.00 -73.23 -32.38
 678.00 -64.25 -47.88
 679.00 -99.98 -24.22
 680.00 -49.41 -13.01
 681.00 -56.13 114.61
 682.00 -75.11 154.23
 683.00 -139.08 -129.21
 684.00 -122.89 146.87
 685.00 -77.34 136.53
 686.00 -78.42 153.89
 687.00  78.16  -7.75
 688.00 -65.42   6.34
 689.00 -151.12 176.87
 690.00 -71.77 114.12
 691.00 -85.66  -7.22
 692.00 -117.19   1.02
 693.00 -59.84 137.35
 694.00 -76.06 139.95
 695.00 -133.22 135.03
 696.00 -50.33 152.39
 697.00 -66.07 -63.80
 698.00 -79.66 -32.32
 699.00 -52.08 -40.25
 700.00 -67.13 -45.11
 701.00 -63.24 -41.16
 702.00 -51.66 -43.48
 703.00 -60.03 -48.11
 704.00 -64.10 -45.07
 705.00 -64.09 -42.66
 706.00 -58.35 -38.53
 707.00 -72.22 -36.17
 708.00 -68.62 -28.75
 709.00 -51.30 -48.88
 710.00 -62.57 -52.66
 711.00 -69.13 -35.93
 712.00 -69.24 -33.61
 713.00 -83.17 -26.27
 714.00 -65.07 -51.30
 715.00 -75.04 -24.36
 716.00 -70.52 -35.73
 717.00 -90.48 -12.90
 718.00 -56.31 -44.03
 719.00 -67.00 -37.83
 720.00 -122.94  -7.34
 721.00 -83.53   4.51
 722.00 -58.18 138.85
 723.00  77.30 140.38
 724.00 -65.40 -13.73
 725.00 -74.45 -31.81
 726.00 -64.30  -2.28
 727.00 -86.31 -18.62
 728.00 -63.02 147.23
 729.00 -54.96 141.75
 730.00 -61.99 -30.14
 731.00 -69.72 -47.66
 732.00 -63.12 -23.43
 733.00 -69.13 -43.83
 734.00 -66.07 -30.25
 735.00 -55.90 -61.63
 736.00 -65.08 -36.99
 737.00 -84.51 -35.49
 738.00 -63.14 -30.68
 739.00 -98.15 -42.87
 740.00 -56.74 -12.29
 741.00 -66.89 -38.65
 742.00 -62.97 -44.76
 743.00 -68.92 -43.98
 744.00 -55.89 -40.61
 745.00 -63.63 -61.68
 746.00 -67.44 -32.09
 747.00 -65.48 -52.80
 748.00 -73.11 -33.47
 749.00 -64.34 -29.57
 750.00 -56.23 -46.79
 751.00 -72.35 -43.31
 752.00 -62.92 -40.18
 753.00 -59.91 -37.35
 754.00 -63.37 -58.91
 755.00 -105.23 -29.19
 756.00 -137.55 -36.24
 757.00  62.00  20.54
 758.00  63.21  28.92
 759.00 -61.73 -11.65
 760.00 -100.64 -38.70
 761.00 -104.69 167.82
 762.00 -103.84 114.62
 763.00 -53.88  71.56
 764.00 -155.42 -44.61
 765.00 -52.95 155.94
 766.00 -101.67 -20.70
 767.00 -73.27 -53.66
 768.00 -60.07  52.70
 769.00 -131.73 141.72
 770.00 -106.25 125.33
 771.00 -70.45 -165.28
 772.00 -61.78 -32.93
 773.00 -57.27 -51.53
 774.00 -76.20 -28.36
 775.00 -80.51 -30.61
 776.00 -55.99 -42.86
 777.00 -91.86 -32.60
 778.00  46.91  -6.52
 779.00 -138.60  60.05
 780.00 -59.34  20.14
 781.00 -55.57 -40.41
 782.00 -65.86 -59.69
 783.00 -64.40 -33.02
 784.00 -56.06 -48.48
 785.00 -59.93 -38.29
 786.00 -73.19 -38.22
 787.00 -69.31 -28.22
 788.00 -63.19 -44.79
 789.00 -78.03 -32.56
 790.00 -73.51 -38.84
 791.00 -61.35 -35.47
 792.00 -69.42 -28.86
 793.00 -76.25 -21.33
 794.00 -75.26 -35.92
 795.00 -61.35 -38.75
 796.00 -78.61 -48.07
 797.00  50.74 -19.88
 798.00 -64.51  54.35
 799.00 -86.94 132.04
 800.00 -50.91 159.41
 801.00 -76.53 -32.88
 802.00 -76.69 -34.81
 803.00 -56.94 -38.53
 804.00 -72.03 -44.53
 805.00 -63.62 -37.23
 806.00 -63.37 -51.05
 807.00 -72.16 -37.13
 808.00 -61.88 -33.06
 809.00 -56.16 -52.79
 810.00 -59.52 -32.90
 811.00 -75.19 -23.30
 812.00 -124.38 -13.95
 813.00 -147.58  57.23
 814.00 -149.14   7.67
 815.00 -145.98 126.85
 816.00 -67.36 159.55
 817.00 -71.75 161.37
 818.00 -78.15 -33.55
 819.00  83.17 -17.44
 820.00 -70.02 176.32
 821.00 -59.12 158.90
 822.00 -93.52 -43.54
 823.00 -61.60  42.22
 824.00 -46.22 -38.11
 825.00 -77.88 -42.89
 826.00 -58.22 -40.71
 827.00 -61.62 -44.84
 828.00 -89.21 -32.01
 829.00 -60.13 -33.40
 830.00 -70.64 -45.02
 831.00 -68.32 -36.22
 832.00 -65.24 -43.37
 833.00 -60.26 -36.06
 834.00 -72.20 -28.34
 835.00 -68.72 -48.08
 836.00 -69.63 -35.97
 837.00 -51.17 -44.04
 838.00 -63.18 -43.27
 839.00 -95.52 -18.79
 840.00 -135.45  -2.24
 841.00 -70.23   5.07
 842.00 -105.32 160.66
 843.00 -170.57 112.61
 844.00 -110.13 174.31
 845.00 -68.33  96.36
 846.00 -66.04 -41.19
 847.00 -73.95 -31.65
 848.00 -60.56  99.21
 849.00 -77.48 -24.94
 850.00 -74.55 -18.82
 851.00 -69.75 -50.86
 852.00 -55.35 -42.03
 853.00 -68.78 -45.72
 854.00 -57.73 -39.23
 855.00 -64.64 -51.36
 856.00 -61.07 -39.09
 857.00 -74.72 -45.10
 858.00 -61.20 -24.63
 859.00 -74.47 -45.94
 860.00 -52.93 -34.93
 861.00 -89.76 -23.58
 862.00 -63.66 -34.92
 863.00 -73.75 -44.72
 864.00 -68.84 -31.39
 865.00 -60.44 -23.24
 866.00 -57.62 -50.83
 867.00 -75.94 -35.54
 868.00 -52.86 -42.23
 869.00 -57.23 -54.06
 870.00 -70.37 -31.74
 871.00 -64.50 -52.41
 872.00 -81.15 -26.90
 873.00 -45.77 -37.01
 874.00 -58.73 -44.37
 875.00 -52.74 -57.95
 876.00 -62.73 -54.91
 877.00 -74.28 -38.17
 878.00 -85.60 -27.64
 879.00 -92.04 -13.22
 880.00 -64.24 -42.55
 881.00 -68.23 -40.99
 882.00 -146.31   5.99
 883.00 -58.84  30.41
 884.00 -80.67 -21.81
 885.00 -64.71 -45.04
 886.00 -110.88 -20.84
 887.00  57.85   2.35
 888.00 -80.96   5.18
 889.00 -70.69 120.77
 890.00 -134.67 144.68
 891.00 -67.32 114.66
 892.00 -68.32 122.64
 893.00 -58.50 -23.74
 894.00 -67.69 -45.75
 895.00 -61.25 -51.02
 896.00 -59.99 -35.42
 897.00 -52.48 -36.37
 898.00 -56.82 -55.70
 899.00 -72.76 -33.92
 900.00 -117.63 -42.60
 901.00 -96.87 -42.64
 902.00 -65.81 -32.71
 903.00 -52.15 -34.91
 904.00 -77.63 -23.88
 905.00 -62.78 -36.73
 906.00 -80.35 -51.07
 907.00 -82.18 -21.30
 908.00  69.67   4.20
 909.00 -68.83  11.91
 910.00 -128.06 -22.22
 911.00 -129.38 124.40
 912.00 -62.55 144.55
 913.00 -68.02 145.30
 914.00 -137.01 159.53
 915.00 -92.91 144.72
 916.00 -83.12 -33.53
 917.00 -102.32 155.77


