 residuo Phi Psi
 669.00 -112.04 142.59
 670.00 -64.94 156.33
 671.00 -119.56  91.48
 672.00 -58.49 -29.70
 673.00 -59.03 -47.45
 674.00 -69.58 -31.21
 675.00 -65.46 -32.13
 676.00 -56.64 -55.77
 677.00 -57.18 -35.68
 678.00 -82.84 -41.90
 679.00 -71.63 -40.52
 680.00 -63.44 -15.24
 681.00 -76.63 133.49
 682.00 -73.80 160.56
 683.00 -56.48 161.96
 684.00 -131.99 145.05
 685.00 -75.82 123.46
 686.00 -79.78 152.03
 687.00  64.27  -6.06
 688.00 -72.07  16.24
 689.00 -89.33 138.80
 690.00 -91.48 119.47
 691.00 -82.50  -0.62
 692.00 -73.83 -18.67
 693.00 -68.52 151.94
 694.00 -92.28 147.24
 695.00 -86.41  88.59
 696.00 -51.69 159.29
 697.00 -63.26 -50.78
 698.00 -59.26 -45.17
 699.00 -62.74 -46.23
 700.00 -65.20 -48.80
 701.00 -72.91 -32.71
 702.00 -75.77 -35.78
 703.00 -65.53 -28.13
 704.00 -54.82 -48.18
 705.00 -47.90 -47.93
 706.00 -59.33 -54.73
 707.00 -64.87 -32.30
 708.00 -61.26 -34.06
 709.00 -56.14 -60.51
 710.00 -72.94 -29.75
 711.00 -62.51 -46.52
 712.00 -64.51 -33.11
 713.00 -88.57 -38.93
 714.00 -64.32 -27.01
 715.00 -46.33 -54.45
 716.00 -74.90 -43.10
 717.00 -71.47 -30.53
 718.00 -71.33 -46.08
 719.00 -52.60 -37.16
 720.00 -112.11 -11.80
 721.00 -80.65  -4.01
 722.00 -63.69 127.58
 723.00  81.53 127.67
 724.00 -68.10  -8.26
 725.00 -77.00 -19.69
 726.00 -70.71  -4.95
 727.00 -67.91 -25.03
 728.00 -62.74 147.82
 729.00 -58.40 150.50
 730.00 -68.97 -30.65
 731.00 -70.19 -42.80
 732.00 -63.20 -29.92
 733.00 -82.63 -44.32
 734.00 -47.78 -27.47
 735.00 -62.34 -70.28
 736.00 -69.95 -26.01
 737.00 -72.83 -38.50
 738.00 -60.82 -57.39
 739.00 -94.83 -26.29
 740.00 -53.14 -12.81
 741.00 -59.91 -46.33
 742.00 -73.52 -56.64
 743.00 -74.41 -33.42
 744.00 -68.76 -43.41
 745.00 -56.46 -40.12
 746.00 -70.59 -39.24
 747.00 -72.96 -32.69
 748.00 -54.67 -41.78
 749.00 -53.63 -43.13
 750.00 -66.59 -50.35
 751.00 -53.03 -55.72
 752.00 -71.69 -34.12
 753.00 -60.41 -40.16
 754.00 -71.18 -47.35
 755.00 -76.64 -46.79
 756.00 -130.79 -45.60
 757.00  49.05  25.89
 758.00  61.89  39.45
 759.00 -59.36   1.90
 760.00 -129.71 -30.20
 761.00 -87.40 166.35
 762.00 -101.89 113.76
 763.00 -73.39  73.25
 764.00 -132.98 -57.69
 765.00 -69.41 179.81
 766.00 -93.02 -29.58
 767.00 -127.48  -7.72
 768.00 -99.07  75.64
 769.00 -113.17 141.55
 770.00 -58.97 101.15
 771.00 -55.07 165.05
 772.00 -67.40 -27.69
 773.00 -60.28 -43.86
 774.00 -62.78 -37.30
 775.00 -59.80 -47.44
 776.00 -51.80 -57.62
 777.00 -66.06 -44.52
 778.00  72.80 -11.39
 779.00 -137.82  29.98
 780.00 -59.07  46.29
 781.00 -54.46 -49.79
 782.00 -76.14 -44.42
 783.00 -50.38 -42.12
 784.00 -56.29 -57.50
 785.00 -67.19 -35.39
 786.00 -69.77 -39.70
 787.00 -61.26 -34.81
 788.00 -60.03 -46.34
 789.00 -62.37 -43.65
 790.00 -66.15 -41.91
 791.00 -59.49 -46.35
 792.00 -77.10 -16.84
 793.00 -67.33 -28.48
 794.00 -89.53 -26.23
 795.00 -81.03 -34.12
 796.00 -88.48 -27.55
 797.00  34.25  -5.70
 798.00 -58.02  59.43
 799.00 -80.95 130.49
 800.00 -51.31 145.64
 801.00 -48.21 -38.59
 802.00 -68.01 -51.26
 803.00 -46.42 -48.06
 804.00 -66.55 -48.52
 805.00 -65.99 -40.59
 806.00 -68.75 -45.88
 807.00 -76.13 -28.90
 808.00 -54.40 -42.88
 809.00 -83.74 -34.77
 810.00 -60.65 -32.09
 811.00 -68.66 -22.03
 812.00 -97.28 -36.92
 813.00 -139.64  51.35
 814.00 -157.96   8.29
 815.00 -160.20 130.98
 816.00 -60.91 157.22
 817.00 -60.06 148.33
 818.00 -55.54 -39.16
 819.00  81.31 -18.24
 820.00 -69.64 166.50
 821.00 -53.52 150.07
 822.00 -104.39 -31.14
 823.00 -49.65  30.16
 824.00 -53.98 -37.47
 825.00 -75.56 -51.19
 826.00 -54.97 -40.42
 827.00 -66.08 -40.03
 828.00 -66.14 -40.12
 829.00 -76.03 -35.13
 830.00 -62.45 -41.82
 831.00 -68.93 -40.00
 832.00 -55.34 -36.98
 833.00 -72.56 -52.02
 834.00 -68.97 -21.62
 835.00 -72.78 -43.90
 836.00 -72.01 -32.47
 837.00 -61.52 -31.16
 838.00 -53.76 -54.70
 839.00 -65.65 -22.26
 840.00 -134.28 -24.19
 841.00 -51.74  -8.53
 842.00 -55.08 136.28
 843.00 -174.88  99.97
 844.00 -103.60 169.30
 845.00 -39.20 114.14
 846.00 -66.60 -46.02
 847.00 -123.27 -15.91
 848.00 -62.34  85.51
 849.00 -57.60 -16.50
 850.00 -65.83 -37.81
 851.00 -76.29 -37.02
 852.00 -58.66 -43.49
 853.00 -49.66 -47.90
 854.00 -66.72 -50.83
 855.00 -64.93 -44.29
 856.00 -70.32 -42.84
 857.00 -72.99 -36.86
 858.00 -80.27 -24.99
 859.00 -60.44 -42.64
 860.00 -60.79 -28.46
 861.00 -83.63 -30.89
 862.00 -63.02 -36.39
 863.00 -80.07 -33.22
 864.00 -55.98 -28.67
 865.00 -67.73 -29.39
 866.00 -60.00 -43.39
 867.00 -58.79 -41.25
 868.00 -63.11 -32.54
 869.00 -57.53 -49.43
 870.00 -53.36 -42.22
 871.00 -72.52 -42.09
 872.00 -75.39 -39.62
 873.00 -63.48 -30.27
 874.00 -56.11 -45.36
 875.00 -65.35 -46.29
 876.00 -65.03 -52.18
 877.00 -73.18 -35.11
 878.00 -66.91 -39.60
 879.00 -69.54 -25.66
 880.00 -85.41 -27.45
 881.00 -61.51 -35.80
 882.00 -154.66  -6.23
 883.00 -60.07  37.29
 884.00 -69.99 -24.48
 885.00 -57.97 -49.11
 886.00 -87.24 -41.37
 887.00  44.14   1.48
 888.00 -94.21  29.19
 889.00 -86.13 132.91
 890.00 -135.06 146.66
 891.00 -67.71 128.93
 892.00 -52.74 132.04
 893.00 -53.39 -42.20
 894.00 -75.84 -39.67
 895.00 -69.61 -43.76
 896.00 -70.42 -17.33
 897.00 -55.35 -47.03
 898.00 -80.10 -42.51
 899.00 -92.80 -26.36
 900.00 -100.24 -31.73
 901.00 -95.70 -47.74
 902.00 -53.08 -46.08
 903.00 -65.09 -37.86
 904.00 -62.93 -35.32
 905.00 -85.89 -25.04
 906.00 -70.43 -46.59
 907.00 -80.90 -24.98
 908.00  80.18  -4.15
 909.00 -75.22  13.47
 910.00 -131.16 -27.83
 911.00 -132.02 116.92
 912.00 -67.53 142.45
 913.00 -107.63 165.00
 914.00 -117.97 129.56
 915.00 -90.16 152.46
 916.00 -97.68 -37.32
 917.00 -50.09 150.29


