 residuo Phi Psi
 669.00 -63.68 -177.81
 670.00 -53.04 143.99
 671.00 -55.07 177.69
 672.00 -36.94 -54.61
 673.00 -72.71 -51.69
 674.00 -57.99 -28.13
 675.00 -67.23 -48.86
 676.00 -59.80 -49.19
 677.00 -82.76 -30.76
 678.00 -67.37 -27.45
 679.00 -87.96 -41.01
 680.00 -64.64 -13.47
 681.00 -66.10 104.17
 682.00 -65.32 158.47
 683.00 -83.36 163.47
 684.00 -95.06 128.88
 685.00 -73.48 138.86
 686.00 -86.18 160.51
 687.00  77.94 -21.47
 688.00 -78.84  20.55
 689.00 -115.89 148.98
 690.00 -71.29  91.73
 691.00 -88.23   3.01
 692.00 -89.88 -12.57
 693.00 -60.39 157.10
 694.00 -67.13 133.95
 695.00 -137.04 125.19
 696.00 -43.96 151.46
 697.00 -52.71 -67.30
 698.00 -64.78 -39.46
 699.00 -68.54 -54.76
 700.00 -70.53 -42.86
 701.00 -60.81 -36.65
 702.00 -63.41 -44.88
 703.00 -77.93 -25.56
 704.00 -69.46 -46.57
 705.00 -66.99 -26.35
 706.00 -57.97 -54.81
 707.00 -47.60 -41.68
 708.00 -75.94 -40.54
 709.00 -65.10 -38.45
 710.00 -57.58 -39.37
 711.00 -62.70 -42.71
 712.00 -55.68 -44.05
 713.00 -48.75 -53.64
 714.00 -71.07 -38.00
 715.00 -67.28 -41.53
 716.00 -82.62 -29.92
 717.00 -62.13 -30.63
 718.00 -82.95 -44.49
 719.00 -68.94 -19.35
 720.00 -85.12 -27.86
 721.00 -54.14 -36.86
 722.00 -57.92 122.17
 723.00  74.43 164.72
 724.00 -51.92 -65.00
 725.00 -49.12 -32.41
 726.00 -88.54 -38.70
 727.00 -73.68  13.77
 728.00 -53.20 147.02
 729.00 -62.58 152.71
 730.00 -64.90 -33.99
 731.00 -59.59 -43.07
 732.00 -47.15 -53.33
 733.00 -71.05 -51.37
 734.00 -62.76 -25.72
 735.00 -77.59 -63.03
 736.00 -61.24 -21.39
 737.00 -62.83 -58.60
 738.00 -81.04 -20.30
 739.00 -78.69 -54.88
 740.00 -55.34 -13.79
 741.00 -72.98 -33.05
 742.00 -58.77 -50.55
 743.00 -56.35 -43.98
 744.00 -72.22 -46.95
 745.00 -58.84 -53.33
 746.00 -63.91 -39.34
 747.00 -74.58 -35.97
 748.00 -66.17 -35.29
 749.00 -44.26 -38.03
 750.00 -61.48 -62.19
 751.00 -63.34 -45.27
 752.00 -79.35 -36.64
 753.00 -76.59 -31.44
 754.00 -81.67 -38.14
 755.00 -83.84 -40.22
 756.00 -136.21 -39.57
 757.00  52.58  18.82
 758.00  49.73  43.15
 759.00 -71.84  22.85
 760.00 -131.59 -28.15
 761.00 -100.89 166.99
 762.00 -102.26 120.18
 763.00 -69.33  82.88
 764.00 -151.36 -47.32
 765.00 -61.15 160.88
 766.00 -93.31 -24.18
 767.00 -133.13  -5.13
 768.00 -103.59  74.71
 769.00 -116.55 138.11
 770.00 -70.18  97.59
 771.00 -52.99 174.64
 772.00 -53.72 -44.33
 773.00 -80.43 -35.36
 774.00 -61.64 -36.72
 775.00 -84.93 -29.87
 776.00 -57.01 -47.81
 777.00 -76.73 -43.33
 778.00  59.73  -6.17
 779.00 -120.00  33.87
 780.00 -56.47  18.90
 781.00 -52.21 -41.78
 782.00 -68.30 -47.36
 783.00 -70.37 -42.56
 784.00 -63.54 -22.11
 785.00 -48.52 -64.82
 786.00 -78.37 -31.03
 787.00 -81.22 -28.73
 788.00 -64.24 -36.13
 789.00 -50.84 -47.49
 790.00 -66.71 -47.97
 791.00 -63.41 -31.17
 792.00 -70.40 -27.26
 793.00 -61.11 -35.03
 794.00 -72.31 -28.85
 795.00 -71.49 -41.81
 796.00 -98.14 -25.80
 797.00  53.31 -15.10
 798.00 -60.85  56.22
 799.00 -121.28 151.65
 800.00 -69.98 161.39
 801.00 -65.77 -24.89
 802.00 -74.43 -31.47
 803.00 -57.70 -45.52
 804.00 -48.22 -48.48
 805.00 -79.04 -42.68
 806.00 -62.99 -39.39
 807.00 -61.14 -48.96
 808.00 -65.65 -37.59
 809.00 -71.63 -46.93
 810.00 -68.30 -18.71
 811.00 -74.61 -24.49
 812.00 -112.53  -6.87
 813.00 -136.95  38.11
 814.00 -143.38   0.78
 815.00 -135.63 128.64
 816.00 -76.68 167.07
 817.00 -52.42 144.98
 818.00 -70.71 -29.42
 819.00  83.20 -16.18
 820.00 -94.18 154.24
 821.00 -70.91 159.75
 822.00 -111.76 -27.49
 823.00 -56.52  28.82
 824.00 -62.51 -38.21
 825.00 -79.26 -34.83
 826.00 -55.58 -36.81
 827.00 -64.36 -46.58
 828.00 -64.27 -29.35
 829.00 -47.42 -61.76
 830.00 -67.73 -43.17
 831.00 -59.50 -49.21
 832.00 -72.22 -35.92
 833.00 -53.27 -47.19
 834.00 -55.12 -41.63
 835.00 -54.34 -59.21
 836.00 -67.28 -40.84
 837.00 -68.74 -34.13
 838.00 -55.52 -44.10
 839.00 -82.24 -28.15
 840.00 -113.01 -26.88
 841.00 -56.01 -10.02
 842.00 -86.27 143.37
 843.00 -92.74  45.60
 844.00 -73.79 143.60
 845.00 -67.45 100.70
 846.00 -53.07 -17.52
 847.00 -123.14 -12.57
 848.00 -40.95  84.96
 849.00 -74.78 -49.77
 850.00 -81.87 -17.97
 851.00 -70.65 -26.87
 852.00 -55.24 -45.12
 853.00 -57.25 -40.47
 854.00 -62.64 -46.20
 855.00 -41.37 -60.25
 856.00 -64.37 -44.64
 857.00 -81.29 -39.14
 858.00 -71.33 -20.65
 859.00 -66.39 -52.60
 860.00 -77.19 -22.14
 861.00 -75.03 -33.14
 862.00 -58.20 -43.61
 863.00 -42.10 -55.71
 864.00 -71.92 -47.87
 865.00 -71.21 -14.33
 866.00 -66.89 -30.29
 867.00 -82.27 -36.59
 868.00 -63.14 -21.07
 869.00 -65.29 -47.14
 870.00 -62.09 -45.60
 871.00 -68.32 -38.48
 872.00 -61.72 -44.17
 873.00 -63.40 -37.15
 874.00 -63.96 -46.29
 875.00 -60.15 -45.82
 876.00 -57.22 -45.11
 877.00 -70.37 -32.90
 878.00 -71.54 -39.42
 879.00 -66.63 -22.87
 880.00 -77.28 -52.61
 881.00 -58.34 -33.36
 882.00 -129.61 -27.03
 883.00 -46.02  38.90
 884.00 -69.88 -38.44
 885.00 -71.45 -36.23
 886.00 -73.17 -49.96
 887.00  61.39  -2.10
 888.00 -69.39  -2.85
 889.00 -95.62 123.18
 890.00 -139.42 154.65
 891.00 -71.39 136.75
 892.00 -56.91 128.01
 893.00 -71.47 -30.54
 894.00 -82.80 -35.81
 895.00 -66.51 -26.23
 896.00 -81.30 -27.48
 897.00 -77.28 -11.99
 898.00 -81.36 -38.16
 899.00 -73.06 -39.31
 900.00 -91.60 -39.74
 901.00 -85.20 -52.93
 902.00 -62.53 -45.89
 903.00 -59.70 -32.64
 904.00 -68.55 -22.36
 905.00 -75.68 -34.69
 906.00 -82.99 -38.10
 907.00 -65.56 -39.64
 908.00  71.01  -7.88
 909.00 -93.28  34.87
 910.00 -110.65 -11.98
 911.00 -144.48 156.93
 912.00 -76.34 140.77
 913.00 -97.32 158.73
 914.00 -74.38  99.43
 915.00 -72.21 124.95
 916.00 -89.01 -30.07
 917.00 -77.82  59.66


