 residuo Phi Psi
 669.00 -40.93 160.75
 670.00 -67.97 135.44
 671.00 -146.14 164.55
 672.00 -50.99  -7.03
 673.00 -61.78 -50.18
 674.00 -62.50 -38.73
 675.00 -71.96 -33.53
 676.00 -57.97 -34.80
 677.00 -79.64 -36.23
 678.00 -66.36 -31.11
 679.00 -96.76 -33.00
 680.00 -56.91  -4.10
 681.00 -64.17 114.06
 682.00 -76.10 147.58
 683.00 -65.04 164.15
 684.00 -86.59 122.20
 685.00 -103.23 143.46
 686.00 -70.72 143.67
 687.00  77.97 -15.31
 688.00 -96.77  37.50
 689.00 -102.41 126.37
 690.00 -60.74 127.01
 691.00 -68.38 -10.14
 692.00 -61.36 -23.40
 693.00 -80.00 147.02
 694.00 -96.60 141.42
 695.00 -158.33 101.85
 696.00 -47.95 147.67
 697.00 -66.91 -50.35
 698.00 -74.10 -36.77
 699.00 -58.83 -52.60
 700.00 -67.98 -44.01
 701.00 -61.44 -36.81
 702.00 -78.75 -31.15
 703.00 -71.59 -24.15
 704.00 -66.08 -40.70
 705.00 -49.67 -47.98
 706.00 -56.89 -58.02
 707.00 -65.00 -30.42
 708.00 -65.34 -39.25
 709.00 -52.57 -52.43
 710.00 -55.97 -54.48
 711.00 -64.82 -35.66
 712.00 -60.49 -46.63
 713.00 -69.93 -33.28
 714.00 -56.53 -42.79
 715.00 -69.88 -41.19
 716.00 -71.83 -28.88
 717.00 -67.51 -37.42
 718.00 -60.22 -58.28
 719.00 -58.76 -34.31
 720.00 -78.63 -33.09
 721.00 -45.97 -27.04
 722.00 -70.72 127.65
 723.00  84.61 157.70
 724.00 -46.24 -35.46
 725.00 -58.79 -31.95
 726.00 -68.14 -21.83
 727.00 -74.36 -18.62
 728.00 -69.31 154.62
 729.00 -71.08 152.16
 730.00 -50.04 -34.73
 731.00 -83.77 -29.43
 732.00 -49.96 -44.08
 733.00 -68.63 -43.79
 734.00 -66.82 -35.13
 735.00 -72.93 -60.19
 736.00 -70.43 -18.14
 737.00 -79.09 -43.44
 738.00 -76.71 -17.55
 739.00 -79.77 -51.67
 740.00 -56.00 -13.43
 741.00 -60.01 -40.58
 742.00 -48.86 -57.53
 743.00 -56.78 -47.15
 744.00 -66.97 -57.14
 745.00 -70.65 -32.62
 746.00 -71.93 -43.57
 747.00 -65.82 -39.01
 748.00 -72.58 -39.08
 749.00 -70.31 -27.09
 750.00 -66.32 -41.43
 751.00 -67.08 -37.92
 752.00 -63.01 -37.88
 753.00 -92.35 -28.82
 754.00 -92.22 -22.06
 755.00 -130.54  -5.12
 756.00 -138.81 -36.98
 757.00  42.76  33.51
 758.00  64.55  35.70
 759.00 -83.12   7.38
 760.00 -67.51 -59.80
 761.00 -100.61 157.46
 762.00 -95.77 114.09
 763.00 -55.77  58.90
 764.00 -154.34 -43.36
 765.00 -63.75 146.65
 766.00 -81.72 -25.14
 767.00 -91.84 -52.54
 768.00 -82.74  68.17
 769.00 -107.56 138.25
 770.00 -61.34 102.59
 771.00 -55.36 160.02
 772.00 -59.88 -30.60
 773.00 -51.83 -56.89
 774.00 -64.77 -37.74
 775.00 -70.50 -36.46
 776.00 -68.74 -40.12
 777.00 -83.54 -21.69
 778.00  61.39 -18.90
 779.00 -140.35  38.58
 780.00 -47.64  28.42
 781.00 -53.46 -51.26
 782.00 -93.59 -27.34
 783.00 -74.64 -29.42
 784.00 -57.71 -22.46
 785.00 -63.08 -49.88
 786.00 -70.62 -36.50
 787.00 -57.08 -45.12
 788.00 -80.83 -26.45
 789.00 -59.23 -42.15
 790.00 -66.71 -34.27
 791.00 -65.31 -38.60
 792.00 -56.05 -34.46
 793.00 -50.27 -43.59
 794.00 -86.18 -30.89
 795.00 -58.01 -48.47
 796.00 -101.44 -24.08
 797.00  34.69   3.43
 798.00 -77.41  70.25
 799.00 -88.77 135.60
 800.00 -63.09 155.57
 801.00 -73.60 -25.82
 802.00 -73.84 -39.80
 803.00 -49.47 -29.08
 804.00 -60.16 -58.81
 805.00 -61.40 -51.20
 806.00 -81.71 -27.53
 807.00 -70.22 -28.76
 808.00 -60.96 -36.19
 809.00 -70.24 -34.74
 810.00 -66.68 -20.76
 811.00 -60.94 -33.47
 812.00 -76.96 -44.91
 813.00 -110.37   3.23
 814.00 -157.77  29.13
 815.00 -153.25 133.11
 816.00 -76.16 177.77
 817.00 -61.33 145.83
 818.00 -112.57 -24.51
 819.00 101.58  -0.65
 820.00 -64.36 152.44
 821.00 -58.22 179.45
 822.00 -125.99 -49.34
 823.00 -69.59  88.23
 824.00 -57.21 -31.17
 825.00 -80.21 -24.94
 826.00 -67.98 -31.63
 827.00 -72.99 -46.05
 828.00 -59.32 -49.06
 829.00 -70.65 -37.41
 830.00 -59.24 -43.33
 831.00 -68.63 -43.43
 832.00 -72.93 -28.90
 833.00 -72.71 -42.03
 834.00 -65.08 -28.26
 835.00 -84.90 -43.95
 836.00 -74.53 -18.19
 837.00 -67.43 -21.90
 838.00 -55.57 -51.28
 839.00 -58.68 -30.56
 840.00 -113.98 -32.98
 841.00 -66.28   7.15
 842.00 -63.26 137.74
 843.00 -156.76 106.78
 844.00 -81.98 164.30
 845.00 -51.77  83.55
 846.00 -72.32 -20.92
 847.00 -106.34 -22.28
 848.00 -63.46  94.40
 849.00 -69.09 -14.04
 850.00 -60.51 -27.29
 851.00 -61.61 -41.12
 852.00 -65.14 -46.75
 853.00 -64.28 -44.67
 854.00 -67.65 -29.61
 855.00 -46.44 -59.85
 856.00 -56.25 -36.04
 857.00 -60.75 -40.22
 858.00 -76.89 -34.18
 859.00 -59.20 -48.54
 860.00 -68.23 -40.83
 861.00 -72.58 -32.39
 862.00 -63.49 -42.10
 863.00 -67.69 -42.87
 864.00 -70.52 -23.64
 865.00 -68.20 -24.37
 866.00 -48.35 -48.80
 867.00 -77.00 -39.56
 868.00 -64.67 -33.31
 869.00 -60.55 -48.09
 870.00 -78.83 -25.11
 871.00 -62.05 -38.20
 872.00 -76.35 -35.58
 873.00 -49.64 -44.11
 874.00 -61.14 -46.34
 875.00 -69.02 -37.44
 876.00 -64.24 -52.86
 877.00 -67.33 -39.35
 878.00 -67.70 -37.77
 879.00 -70.46 -37.20
 880.00 -60.92 -43.07
 881.00 -68.96 -35.29
 882.00 -83.07 -48.61
 883.00 -55.35   4.03
 884.00 -76.70 -38.22
 885.00 -72.31 -19.27
 886.00 -93.32 -43.47
 887.00  56.25  12.24
 888.00 -73.67  18.64
 889.00 -107.60 128.98
 890.00 -116.08 130.41
 891.00 -49.21 141.99
 892.00 -61.26 144.03
 893.00 -66.50 -37.43
 894.00 -67.21 -44.00
 895.00 -57.39 -52.40
 896.00 -57.63 -32.95
 897.00 -41.08 -65.32
 898.00 -71.14 -52.82
 899.00 -74.22 -42.29
 900.00 -120.96 -12.74
 901.00 -102.08 -42.71
 902.00 -56.35 -44.43
 903.00 -53.21 -39.02
 904.00 -75.53 -35.49
 905.00 -82.42 -18.63
 906.00 -99.10 -24.12
 907.00 -81.67 -11.11
 908.00  94.39 -29.80
 909.00 -82.55  14.29
 910.00 -110.38 -28.35
 911.00 -128.20 130.57
 912.00 -58.99 130.97
 913.00 -75.67 140.57
 914.00 -106.24 123.36
 915.00 -66.87 131.59
 916.00 -122.75 -39.91
 917.00 -106.48 164.61


