 residuo Phi Psi
 669.00 -45.87 150.38
 670.00 -59.00 146.84
 671.00 -115.13 139.24
 672.00 -67.61 -12.65
 673.00 -71.87 -27.26
 674.00 -53.92 -41.60
 675.00 -56.41 -51.78
 676.00 -53.77 -50.75
 677.00 -67.97 -40.83
 678.00 -53.32 -48.08
 679.00 -109.00 -21.96
 680.00 -65.15 -15.99
 681.00 -69.33 125.42
 682.00 -63.65 166.48
 683.00 -81.89 153.87
 684.00 -73.57  82.09
 685.00 -84.64 147.11
 686.00 -73.66 142.79
 687.00  90.48 -12.39
 688.00 -57.96  -4.27
 689.00 -151.79 160.82
 690.00 -69.14  96.43
 691.00 -72.08   1.49
 692.00 -72.68 -29.72
 693.00 -65.03 125.45
 694.00 -70.09 139.25
 695.00 -141.53 136.57
 696.00 -50.22 159.05
 697.00 -79.01 -54.75
 698.00 -72.37 -25.88
 699.00 -57.52 -49.63
 700.00 -69.17 -46.86
 701.00 -58.39 -32.08
 702.00 -74.47 -46.39
 703.00 -56.56 -29.18
 704.00 -53.01 -54.30
 705.00 -55.41 -47.28
 706.00 -64.67 -52.04
 707.00 -51.85 -34.13
 708.00 -83.78 -36.97
 709.00 -54.87 -34.98
 710.00 -68.31 -47.76
 711.00 -40.79 -43.09
 712.00 -55.01 -53.35
 713.00 -81.35 -49.73
 714.00 -63.36 -25.16
 715.00 -62.89 -40.64
 716.00 -61.91 -45.02
 717.00 -48.06 -48.08
 718.00 -67.42 -54.60
 719.00 -59.81 -28.16
 720.00 -114.21 -17.81
 721.00 -56.79 -10.32
 722.00 -71.46 138.38
 723.00  71.54 162.22
 724.00 -64.21 -25.96
 725.00 -50.06 -29.97
 726.00 -69.65 -17.94
 727.00 -100.92  -8.51
 728.00 -71.74 139.13
 729.00 -59.34 157.21
 730.00 -62.54 -36.97
 731.00 -88.67 -26.20
 732.00 -63.68 -29.33
 733.00 -54.78 -53.01
 734.00 -66.64 -29.90
 735.00 -63.25 -58.57
 736.00 -74.93 -26.69
 737.00 -84.06 -40.15
 738.00 -97.41 -10.76
 739.00 -79.47 -36.06
 740.00 -47.30  -5.74
 741.00 -62.29 -61.41
 742.00 -56.03 -39.16
 743.00 -60.29 -56.59
 744.00 -57.75 -54.05
 745.00 -60.53 -48.51
 746.00 -58.02 -48.55
 747.00 -70.19 -35.88
 748.00 -65.90 -39.24
 749.00 -66.47 -36.91
 750.00 -63.32 -43.32
 751.00 -58.51 -46.67
 752.00 -80.79 -30.12
 753.00 -52.61 -46.63
 754.00 -62.10 -51.21
 755.00 -89.58 -42.07
 756.00 -118.41 -56.78
 757.00  43.79  46.87
 758.00  63.59  33.90
 759.00 -65.05   0.14
 760.00 -84.69 -71.00
 761.00 -95.03 151.62
 762.00 -73.86  98.39
 763.00 -48.47  56.54
 764.00 -148.72 -44.93
 765.00 -61.09 166.49
 766.00 -93.12 -28.55
 767.00 -78.20 -58.81
 768.00 -84.85  64.52
 769.00 -130.27 150.39
 770.00 -133.64 144.11
 771.00 -58.06 177.52
 772.00 -57.41 -31.21
 773.00 -61.12 -66.47
 774.00 -41.86 -33.61
 775.00 -78.69 -53.23
 776.00 -63.45 -35.65
 777.00 -80.71 -40.84
 778.00  58.13  -3.07
 779.00 -115.52  25.62
 780.00 -57.96  34.85
 781.00 -53.36 -53.17
 782.00 -61.52 -41.30
 783.00 -72.00 -47.48
 784.00 -67.88 -19.43
 785.00 -63.43 -44.83
 786.00 -69.04 -35.07
 787.00 -60.86 -36.73
 788.00 -70.67 -37.04
 789.00 -62.44 -29.77
 790.00 -59.01 -52.81
 791.00 -72.31 -34.16
 792.00 -61.66 -26.77
 793.00 -42.59 -48.41
 794.00 -72.46 -47.69
 795.00 -55.50 -47.23
 796.00 -76.94 -47.25
 797.00  53.06 -12.21
 798.00 -62.00  63.05
 799.00 -73.99 125.59
 800.00 -55.97 147.88
 801.00 -54.32 -37.77
 802.00 -53.46 -55.71
 803.00 -62.72 -46.41
 804.00 -66.62 -42.87
 805.00 -62.95 -41.67
 806.00 -64.80 -46.99
 807.00 -60.80 -34.81
 808.00 -64.41 -44.18
 809.00 -66.32 -31.14
 810.00 -71.95 -36.63
 811.00 -75.71 -14.86
 812.00 -112.12 -21.86
 813.00 -161.03  59.24
 814.00 -160.38  20.80
 815.00 -136.92 120.65
 816.00 -35.94 158.36
 817.00 -57.85 146.16
 818.00 -87.53 -40.30
 819.00  65.42   0.90
 820.00 -73.52 -169.68
 821.00 -60.66 171.81
 822.00 -128.85 -32.26
 823.00 -54.49  60.44
 824.00 -51.54 -19.55
 825.00 -68.52 -37.40
 826.00 -47.52 -50.22
 827.00 -54.50 -55.68
 828.00 -45.44 -59.33
 829.00 -57.43 -54.09
 830.00 -56.19 -49.20
 831.00 -80.69 -42.80
 832.00 -42.06 -40.71
 833.00 -65.92 -57.06
 834.00 -68.72 -25.25
 835.00 -85.22 -35.08
 836.00 -75.86 -14.84
 837.00 -69.75 -30.38
 838.00 -52.45 -44.94
 839.00 -49.59 -37.67
 840.00 -135.54 -36.41
 841.00 -60.95  16.71
 842.00 -71.62 140.91
 843.00 -153.00  92.80
 844.00 -81.84 163.05
 845.00 -40.11  71.68
 846.00 -52.96 -32.85
 847.00 -115.16 -33.76
 848.00 -56.90  83.60
 849.00 -49.41 -15.50
 850.00 -66.59 -47.79
 851.00 -64.07 -43.52
 852.00 -63.89 -41.00
 853.00 -68.77 -40.53
 854.00 -63.16 -36.55
 855.00 -66.90 -47.40
 856.00 -51.47 -39.68
 857.00 -65.74 -45.46
 858.00 -81.79 -32.86
 859.00 -68.17 -34.31
 860.00 -72.83 -25.94
 861.00 -53.59 -50.28
 862.00 -62.21 -47.72
 863.00 -52.50 -52.69
 864.00 -73.83 -25.61
 865.00 -74.87 -18.49
 866.00 -65.62 -29.94
 867.00 -68.62 -42.99
 868.00 -67.88 -33.10
 869.00 -62.04 -39.51
 870.00 -72.41 -40.27
 871.00 -56.97 -48.03
 872.00 -78.97 -40.04
 873.00 -59.65 -25.57
 874.00 -65.93 -44.79
 875.00 -74.79 -31.20
 876.00 -61.05 -52.58
 877.00 -42.20 -39.79
 878.00 -72.75 -58.76
 879.00 -72.88 -26.39
 880.00 -63.13 -39.83
 881.00 -66.07 -30.02
 882.00 -93.76 -42.29
 883.00 -46.28  -2.66
 884.00 -74.73 -43.51
 885.00 -65.38 -26.61
 886.00 -87.39 -49.19
 887.00  68.00 -13.27
 888.00 -110.20  47.53
 889.00 -87.51 135.36
 890.00 -116.22 133.70
 891.00 -73.59 139.33
 892.00 -49.68 118.17
 893.00 -62.88 -33.38
 894.00 -89.81 -32.81
 895.00 -52.27 -32.46
 896.00 -63.52 -32.08
 897.00 -66.36 -45.41
 898.00 -73.24 -45.22
 899.00 -71.58 -38.90
 900.00 -121.77 -30.01
 901.00 -99.82 -38.55
 902.00 -51.73 -34.60
 903.00 -69.36 -41.86
 904.00 -67.61 -20.00
 905.00 -51.90 -45.11
 906.00 -76.24 -51.83
 907.00 -66.52 -43.02
 908.00  92.78 -21.74
 909.00 -65.75  15.34
 910.00 -136.61  -8.30
 911.00 -132.54 139.17
 912.00 -58.59 134.11
 913.00 -83.86 135.09
 914.00 -80.79 112.27
 915.00 -79.14 143.23
 916.00 -83.98 -67.29
 917.00 -57.25 163.58


