 residuo Phi Psi
 669.00 -102.41 123.42
 670.00 -73.69 143.84
 671.00 -143.62 144.60
 672.00 -59.87  -1.71
 673.00 -71.81 -45.37
 674.00 -66.63 -31.06
 675.00 -50.23 -43.17
 676.00 -61.06 -53.92
 677.00 -59.15 -45.99
 678.00 -72.39 -38.59
 679.00 -73.95 -47.15
 680.00 -57.41 -15.27
 681.00 -90.82 133.04
 682.00 -73.74 161.14
 683.00 -57.57 155.13
 684.00 -70.45 132.64
 685.00 -90.43 125.31
 686.00 -79.80 159.90
 687.00  67.20 -14.93
 688.00 -73.43  29.17
 689.00 -114.32 146.75
 690.00 -74.26 113.65
 691.00 -70.99  -9.92
 692.00 -75.78 -33.30
 693.00 -74.15 144.34
 694.00 -65.86 163.43
 695.00 -141.16 138.16
 696.00 -61.30 165.06
 697.00 -67.64 -43.16
 698.00 -49.70 -52.60
 699.00 -70.86 -59.08
 700.00 -56.50 -40.76
 701.00 -76.47 -50.70
 702.00 -80.53 -21.89
 703.00 -65.48 -34.18
 704.00 -66.04 -33.83
 705.00 -65.22 -44.71
 706.00 -66.85 -38.75
 707.00 -53.73 -31.78
 708.00 -54.93 -56.83
 709.00 -71.64 -42.61
 710.00 -68.69 -33.30
 711.00 -54.23 -37.45
 712.00 -66.12 -52.30
 713.00 -74.33 -38.92
 714.00 -82.10 -14.62
 715.00 -62.46 -45.40
 716.00 -52.12 -42.28
 717.00 -74.26 -39.82
 718.00 -58.11 -49.78
 719.00 -51.89 -45.80
 720.00 -110.07 -18.20
 721.00 -75.76   5.80
 722.00 -47.79 148.81
 723.00  72.15 139.13
 724.00 -63.30  -9.94
 725.00 -61.71 -38.48
 726.00 -63.86  -6.50
 727.00 -94.44 -24.05
 728.00 -58.49 129.34
 729.00 -66.21 151.77
 730.00 -50.25 -36.76
 731.00 -67.20 -51.43
 732.00 -62.05 -36.09
 733.00 -52.37 -55.00
 734.00 -52.76 -35.87
 735.00 -67.97 -71.06
 736.00 -63.45 -24.13
 737.00 -73.00 -51.34
 738.00 -86.17 -19.84
 739.00 -76.09 -41.86
 740.00 -63.19 -11.05
 741.00 -72.78 -40.20
 742.00 -64.84 -42.96
 743.00 -67.38 -45.03
 744.00 -70.87 -41.16
 745.00 -67.72 -32.14
 746.00 -60.88 -44.37
 747.00 -74.11 -28.92
 748.00 -67.88 -40.08
 749.00 -52.75 -35.95
 750.00 -61.25 -47.32
 751.00 -50.30 -51.32
 752.00 -79.16 -34.99
 753.00 -51.89 -47.73
 754.00 -81.50 -48.13
 755.00 -103.47 -23.97
 756.00 -135.33 -34.43
 757.00  54.50  13.05
 758.00  72.19  32.93
 759.00 -76.13   2.32
 760.00 -102.49 -38.50
 761.00 -102.16 160.16
 762.00 -80.68 101.91
 763.00 -41.63  45.87
 764.00 -150.17 -55.35
 765.00 -55.43 155.65
 766.00 -90.25 -29.46
 767.00 -150.21  10.15
 768.00 -72.90  45.84
 769.00 -116.53 143.53
 770.00 -80.36  94.23
 771.00 -65.39 178.15
 772.00 -62.62 -22.42
 773.00 -62.12 -54.50
 774.00 -43.67 -44.86
 775.00 -85.42 -49.39
 776.00 -80.42 -29.85
 777.00 -81.35 -25.52
 778.00  51.22   0.13
 779.00 -141.06  44.75
 780.00 -54.59  34.90
 781.00 -57.36 -48.02
 782.00 -62.65 -44.40
 783.00 -69.29 -31.44
 784.00 -57.14 -43.95
 785.00 -65.72 -33.97
 786.00 -63.31 -36.96
 787.00 -52.38 -40.61
 788.00 -71.25 -55.05
 789.00 -61.62 -28.42
 790.00 -69.79 -37.49
 791.00 -73.70 -36.50
 792.00 -57.10 -21.68
 793.00 -42.66 -44.84
 794.00 -73.34 -47.13
 795.00 -75.84 -28.09
 796.00 -114.90 -15.43
 797.00  53.29 -14.75
 798.00 -56.50  55.23
 799.00 -68.69 123.40
 800.00 -64.65 153.97
 801.00 -66.84 -35.67
 802.00 -62.15 -40.19
 803.00 -58.54 -40.32
 804.00 -69.25 -43.52
 805.00 -73.84 -36.95
 806.00 -55.34 -47.46
 807.00 -51.29 -44.81
 808.00 -62.72 -47.77
 809.00 -50.30 -54.20
 810.00 -58.36 -30.27
 811.00 -70.43 -29.53
 812.00 -114.55 -24.82
 813.00 -126.28  37.63
 814.00 -155.67   9.21
 815.00 -146.38 131.52
 816.00 -67.95 169.92
 817.00 -50.53 150.49
 818.00 -67.01 -52.59
 819.00  90.68 -20.00
 820.00 -69.55 174.11
 821.00 -63.91 166.35
 822.00 -106.26 -49.37
 823.00 -46.00  56.04
 824.00 -48.60 -30.77
 825.00 -78.31 -33.43
 826.00 -70.90 -38.78
 827.00 -59.76 -39.14
 828.00 -62.37 -52.20
 829.00 -63.56 -41.03
 830.00 -49.98 -55.52
 831.00 -61.75 -44.62
 832.00 -66.41 -41.00
 833.00 -79.65 -25.99
 834.00 -53.68 -51.04
 835.00 -69.25 -50.41
 836.00 -64.49 -29.72
 837.00 -58.64 -43.14
 838.00 -60.73 -42.19
 839.00 -76.09 -26.93
 840.00 -88.28 -51.14
 841.00 -57.48  -7.09
 842.00 -72.20 137.11
 843.00 -150.07  96.08
 844.00 -88.37 159.43
 845.00 -56.02  82.53
 846.00 -58.78 -28.60
 847.00 -118.53 -21.37
 848.00 -51.42  74.33
 849.00 -60.69 -35.33
 850.00 -63.62 -22.12
 851.00 -81.44 -24.98
 852.00 -58.97 -39.25
 853.00 -54.63 -45.75
 854.00 -52.51 -61.19
 855.00 -64.80 -47.44
 856.00 -57.13 -52.24
 857.00 -63.20 -45.26
 858.00 -57.57 -31.78
 859.00 -78.73 -47.90
 860.00 -73.35 -19.04
 861.00 -68.24 -25.01
 862.00 -50.44 -55.74
 863.00 -71.25 -48.74
 864.00 -100.08  -2.73
 865.00 -70.46 -19.63
 866.00 -55.98 -36.13
 867.00 -73.75 -44.98
 868.00 -87.12  -8.23
 869.00 -53.13 -50.28
 870.00 -57.66 -44.76
 871.00 -70.85 -42.18
 872.00 -69.84 -42.63
 873.00 -61.80 -35.92
 874.00 -71.28 -38.27
 875.00 -79.86 -37.75
 876.00 -76.07 -34.49
 877.00 -63.61 -36.59
 878.00 -53.93 -45.05
 879.00 -59.93 -47.80
 880.00 -75.53 -33.50
 881.00 -55.46 -37.21
 882.00 -93.78 -40.87
 883.00 -41.31  -3.45
 884.00 -64.51 -56.18
 885.00 -74.45 -25.98
 886.00 -138.96 -15.00
 887.00  51.16  17.90
 888.00 -93.83  25.93
 889.00 -106.92 130.03
 890.00 -135.20 144.80
 891.00 -70.74 132.87
 892.00 -45.35 145.96
 893.00 -49.44 -59.77
 894.00 -79.20 -40.62
 895.00 -63.85 -35.74
 896.00 -59.85 -36.94
 897.00 -56.77 -54.47
 898.00 -64.85 -49.08
 899.00 -95.76 -27.34
 900.00 -100.79 -26.39
 901.00 -86.26 -49.58
 902.00 -67.31 -34.79
 903.00 -62.49 -26.03
 904.00 -71.43 -30.50
 905.00 -60.52 -37.05
 906.00 -68.67 -56.81
 907.00 -80.70 -30.43
 908.00  90.71 -21.74
 909.00 -72.94  14.73
 910.00 -120.79 -25.19
 911.00 -116.11 126.68
 912.00 -73.10 135.82
 913.00 -88.58 139.07
 914.00 -101.43 115.88
 915.00 -91.52 153.03
 916.00 -100.62 -32.86
 917.00 -122.19 157.06


