 residuo Phi Psi
 669.00 -60.26 113.64
 670.00 -89.52 147.04
 671.00 -58.15 156.55
 672.00 -58.56 -38.93
 673.00 -82.40 -34.15
 674.00 -56.08 -19.45
 675.00 -72.87 -32.12
 676.00 -66.06 -42.98
 677.00 -58.21 -33.41
 678.00 -62.88 -51.72
 679.00 -87.53 -39.16
 680.00 -61.35 -15.73
 681.00 -70.67 121.63
 682.00 -67.91 171.51
 683.00 -52.11 163.37
 684.00 -135.94 147.79
 685.00 -97.13 143.73
 686.00 -84.05 158.88
 687.00  55.89  -1.03
 688.00 -81.98  30.92
 689.00 -138.25 168.68
 690.00 -85.11 118.93
 691.00 -74.88  -9.73
 692.00 -84.86 -13.73
 693.00 -99.32 168.35
 694.00 -66.12 131.19
 695.00 -157.07 168.98
 696.00 -45.97 156.55
 697.00 -48.13 -56.96
 698.00 -59.90 -60.22
 699.00 -60.87 -50.47
 700.00 -74.25 -45.86
 701.00 -73.56 -19.96
 702.00 -68.07 -40.02
 703.00 -58.24 -35.40
 704.00 -66.99 -47.93
 705.00 -76.03 -33.93
 706.00 -59.92 -36.73
 707.00 -56.73 -31.77
 708.00 -56.98 -40.79
 709.00 -62.33 -55.09
 710.00 -75.15 -40.71
 711.00 -48.99 -43.90
 712.00 -59.13 -43.87
 713.00 -63.83 -46.99
 714.00 -70.68 -32.75
 715.00 -70.50 -37.09
 716.00 -50.55 -39.77
 717.00 -61.75 -53.31
 718.00 -73.64 -39.68
 719.00 -65.17 -35.71
 720.00 -96.77 -19.91
 721.00 -68.97 -16.52
 722.00 -78.24 132.05
 723.00 100.43 138.69
 724.00 -70.34 -24.33
 725.00 -74.15 -20.38
 726.00 -73.41 -14.38
 727.00 -111.19   1.22
 728.00 -85.55 163.31
 729.00 -53.31 160.26
 730.00 -67.20 -39.24
 731.00 -69.35 -38.37
 732.00 -64.98 -39.19
 733.00 -42.12 -55.70
 734.00 -62.06 -43.47
 735.00 -68.30 -61.64
 736.00 -58.56 -27.40
 737.00 -58.02 -64.58
 738.00 -75.28 -43.47
 739.00 -74.18 -42.81
 740.00 -64.50 -14.04
 741.00 -61.68 -44.32
 742.00 -48.71 -46.28
 743.00 -51.57 -62.26
 744.00 -62.31 -44.41
 745.00 -73.73 -52.79
 746.00 -71.01 -23.78
 747.00 -74.07 -46.05
 748.00 -58.73 -32.97
 749.00 -60.51 -47.96
 750.00 -59.37 -44.81
 751.00 -57.32 -52.91
 752.00 -87.96 -30.54
 753.00 -78.55 -25.73
 754.00 -81.59 -35.06
 755.00 -75.31 -40.27
 756.00 -142.32 -46.02
 757.00  56.15  22.71
 758.00  63.22  24.45
 759.00 -66.47  11.58
 760.00 -144.39 -38.74
 761.00 -102.76 168.47
 762.00 -104.74 142.06
 763.00 -52.04  55.36
 764.00 -149.12 -57.29
 765.00 -60.91 164.77
 766.00 -75.36 -34.00
 767.00 -70.65 -66.60
 768.00 -80.44  69.45
 769.00 -93.12 128.95
 770.00 -94.66 107.08
 771.00 -45.50 171.43
 772.00 -49.25 -49.43
 773.00 -75.43 -48.73
 774.00 -62.92 -29.82
 775.00 -107.18 -12.55
 776.00 -66.84 -55.37
 777.00 -64.43 -18.63
 778.00  60.81 -16.46
 779.00 -72.87  -0.52
 780.00 -65.56  26.94
 781.00 -65.03 -47.44
 782.00 -79.07 -31.65
 783.00 -71.21 -30.44
 784.00 -57.02 -39.98
 785.00 -67.43 -52.82
 786.00 -78.51 -24.89
 787.00 -57.74 -41.91
 788.00 -82.22 -32.71
 789.00 -43.98 -40.50
 790.00 -61.16 -46.03
 791.00 -53.82 -46.33
 792.00 -74.32 -28.71
 793.00 -60.06 -26.30
 794.00 -88.42 -29.79
 795.00 -70.67 -38.13
 796.00 -79.81 -51.44
 797.00  46.12  -8.02
 798.00 -69.05  67.86
 799.00 -89.18 133.61
 800.00 -48.68 144.78
 801.00 -71.32 -36.14
 802.00 -67.66 -34.37
 803.00 -62.56 -39.04
 804.00 -61.42 -36.78
 805.00 -68.68 -43.30
 806.00 -69.37 -42.42
 807.00 -67.44 -33.27
 808.00 -65.74 -39.63
 809.00 -65.31 -45.07
 810.00 -70.91 -22.98
 811.00 -73.23 -27.06
 812.00 -116.40  -3.32
 813.00 -118.92  22.38
 814.00 -146.00  -3.85
 815.00 -148.83 136.09
 816.00 -66.20 148.73
 817.00 -67.25 136.18
 818.00 -44.69 -30.07
 819.00  70.54 -26.65
 820.00 -67.35 157.25
 821.00 -71.04 161.96
 822.00 -118.17 -15.79
 823.00 -60.05  36.28
 824.00 -73.44 -31.50
 825.00 -83.87 -21.82
 826.00 -53.19 -35.47
 827.00 -51.84 -53.04
 828.00 -87.49 -27.30
 829.00 -54.15 -43.89
 830.00 -55.77 -51.79
 831.00 -68.86 -42.77
 832.00 -63.44 -25.21
 833.00 -89.26 -40.65
 834.00 -74.74  -9.04
 835.00 -49.10 -52.33
 836.00 -78.52 -40.98
 837.00 -66.42 -35.88
 838.00 -71.77 -42.22
 839.00 -69.56 -16.53
 840.00 -120.25 -24.65
 841.00 -67.79   2.94
 842.00 -69.37 137.18
 843.00 -77.59  31.27
 844.00 -62.09 156.25
 845.00 -45.69  83.34
 846.00 -57.67 -29.43
 847.00 -137.60  -7.15
 848.00 -58.40  82.50
 849.00 -61.94 -25.81
 850.00 -62.86 -37.37
 851.00 -56.12 -43.03
 852.00 -61.28 -46.47
 853.00 -57.20 -35.96
 854.00 -73.39 -36.48
 855.00 -48.43 -53.43
 856.00 -56.01 -44.57
 857.00 -62.62 -55.75
 858.00 -64.05 -35.48
 859.00 -66.42 -48.18
 860.00 -45.78 -32.11
 861.00 -56.91 -51.26
 862.00 -59.33 -49.18
 863.00 -70.44 -46.90
 864.00 -83.71 -21.15
 865.00 -66.89 -16.68
 866.00 -63.80 -42.00
 867.00 -75.26 -34.12
 868.00 -61.67 -29.68
 869.00 -73.68 -39.98
 870.00 -57.92 -41.28
 871.00 -67.14 -39.23
 872.00 -67.65 -41.54
 873.00 -53.39 -47.87
 874.00 -71.48 -42.44
 875.00 -51.88 -45.68
 876.00 -57.73 -47.37
 877.00 -72.23 -43.58
 878.00 -65.21 -37.37
 879.00 -64.17 -29.02
 880.00 -57.70 -45.75
 881.00 -66.34 -40.82
 882.00 -134.01  -3.67
 883.00 -46.96  13.08
 884.00 -70.85 -51.68
 885.00 -75.57 -43.10
 886.00 -90.65 -16.64
 887.00  46.38   1.75
 888.00 -98.23  51.06
 889.00 -102.30 130.02
 890.00 -111.25 129.50
 891.00 -72.31 135.25
 892.00 -62.96 156.59
 893.00 -67.11 -61.63
 894.00 -80.20 -16.53
 895.00 -70.47 -43.11
 896.00 -48.37 -32.56
 897.00 -54.55 -47.46
 898.00 -66.49 -55.28
 899.00 -75.34 -37.76
 900.00 -99.70 -45.21
 901.00 -102.59 -45.66
 902.00 -58.69 -35.21
 903.00 -65.15 -28.38
 904.00 -57.23 -28.02
 905.00 -87.47 -30.01
 906.00 -59.66 -52.64
 907.00 -97.25 -17.30
 908.00  81.02 -13.66
 909.00 -63.80  18.11
 910.00 -99.79 -36.22
 911.00 -133.56 130.92
 912.00 -70.10 150.22
 913.00 -108.05 164.12
 914.00 -94.64 110.04
 915.00 -81.50 134.40
 916.00 -103.62 -30.02
 917.00 -114.37 135.03


