 residuo Phi Psi
 669.00 -72.07 145.76
 670.00 -57.67 133.85
 671.00 -126.13 148.43
 672.00 -59.11  -3.64
 673.00 -68.65 -42.20
 674.00 -90.38 -16.31
 675.00 -61.31 -39.47
 676.00 -57.97 -44.27
 677.00 -85.71 -29.11
 678.00 -75.91 -34.12
 679.00 -78.55 -35.11
 680.00 -73.50   0.36
 681.00 -90.30 137.14
 682.00 -73.87 146.45
 683.00 -81.56 -177.59
 684.00 -78.18 123.35
 685.00 -84.57 134.42
 686.00 -81.46 152.56
 687.00  87.61 -16.99
 688.00 -80.75  11.84
 689.00 -117.95 155.74
 690.00 -77.29 107.84
 691.00 -95.55   8.57
 692.00 -72.02 -17.88
 693.00 -64.07 164.84
 694.00 -63.30 137.37
 695.00 -147.33 129.13
 696.00 -58.84 161.09
 697.00 -66.77 -39.37
 698.00 -71.47 -54.98
 699.00 -53.84 -45.93
 700.00 -67.85 -52.58
 701.00 -58.05 -33.62
 702.00 -74.56 -45.61
 703.00 -63.73 -32.36
 704.00 -68.53 -43.35
 705.00 -69.96 -38.17
 706.00 -60.41 -43.81
 707.00 -72.03 -31.08
 708.00 -69.92 -37.68
 709.00 -70.36 -35.86
 710.00 -62.93 -35.84
 711.00 -48.74 -47.58
 712.00 -71.89 -45.49
 713.00 -79.17 -24.10
 714.00 -61.53 -46.54
 715.00 -66.41 -30.77
 716.00 -51.97 -49.43
 717.00 -63.90 -50.09
 718.00 -64.05 -46.87
 719.00 -59.40 -43.91
 720.00 -98.54 -19.85
 721.00 -52.45 -10.72
 722.00 -62.35 136.65
 723.00  80.02 138.97
 724.00 -52.14 -11.33
 725.00 -75.46 -26.77
 726.00 -70.54  -6.98
 727.00 -62.71 -27.30
 728.00 -59.70 132.31
 729.00 -55.86 144.40
 730.00 -63.25 -31.20
 731.00 -78.66 -33.65
 732.00 -55.23 -40.05
 733.00 -66.80 -36.32
 734.00 -64.39 -37.61
 735.00 -74.07 -55.44
 736.00 -63.42 -27.32
 737.00 -71.65 -36.53
 738.00 -78.40 -50.40
 739.00 -92.38 -20.52
 740.00 -49.67 -11.33
 741.00 -59.86 -53.23
 742.00 -65.18 -48.27
 743.00 -63.91 -45.66
 744.00 -63.81 -50.07
 745.00 -69.13 -34.59
 746.00 -50.60 -49.67
 747.00 -57.88 -53.75
 748.00 -80.69 -33.37
 749.00 -54.03 -33.60
 750.00 -79.67 -31.87
 751.00 -59.16 -45.33
 752.00 -57.49 -44.44
 753.00 -72.85 -32.28
 754.00 -103.25 -29.73
 755.00 -124.71 -15.11
 756.00 -134.94 -34.60
 757.00  51.10  17.74
 758.00  57.84  41.31
 759.00 -56.79  -8.45
 760.00 -127.89 -28.18
 761.00 -96.65 169.50
 762.00 -97.69 116.67
 763.00 -57.39  61.73
 764.00 -164.03 -43.96
 765.00 -62.83 161.05
 766.00 -85.62 -31.66
 767.00 -144.81  -6.98
 768.00 -77.30  55.86
 769.00 -97.23 126.46
 770.00 -73.75  97.55
 771.00 -54.78 166.48
 772.00 -62.89 -35.98
 773.00 -81.45 -34.50
 774.00 -57.11 -26.61
 775.00 -67.93 -48.99
 776.00 -77.44 -49.81
 777.00 -80.88 -18.88
 778.00  64.95  -1.72
 779.00 -140.05  27.16
 780.00 -60.92  45.51
 781.00 -55.53 -52.82
 782.00 -51.93 -46.55
 783.00 -63.81 -53.44
 784.00 -79.13 -24.60
 785.00 -67.32 -38.81
 786.00 -64.51 -40.84
 787.00 -61.48 -40.80
 788.00 -62.15 -39.10
 789.00 -56.23 -42.40
 790.00 -55.69 -47.39
 791.00 -59.26 -51.32
 792.00 -66.95 -20.99
 793.00 -68.75 -28.03
 794.00 -91.06 -21.38
 795.00 -79.55 -34.77
 796.00 -74.64 -35.42
 797.00  37.89 -12.82
 798.00 -77.18  80.98
 799.00 -98.61 153.34
 800.00 -45.96 146.75
 801.00 -61.29 -38.45
 802.00 -62.11 -53.55
 803.00 -54.63 -36.76
 804.00 -51.45 -65.77
 805.00 -77.56 -26.31
 806.00 -54.08 -53.80
 807.00 -64.50 -47.23
 808.00 -68.37 -29.02
 809.00 -60.64 -49.35
 810.00 -62.02 -33.30
 811.00 -74.19 -13.67
 812.00 -123.09 -13.64
 813.00 -102.62  22.37
 814.00 -145.13 -15.84
 815.00 -157.01 133.94
 816.00 -55.52 169.01
 817.00 -68.47 144.29
 818.00 -81.65 -26.59
 819.00 102.00 -14.03
 820.00 -58.20 167.29
 821.00 -62.44 169.94
 822.00 -138.39 -27.38
 823.00 -85.16 115.70
 824.00 -65.77 -34.50
 825.00 -78.38 -34.86
 826.00 -65.85 -32.25
 827.00 -61.63 -42.22
 828.00 -61.04 -40.85
 829.00 -75.34 -29.82
 830.00 -74.32 -39.50
 831.00 -56.08 -42.33
 832.00 -60.91 -42.58
 833.00 -69.91 -38.43
 834.00 -53.92 -42.65
 835.00 -61.27 -50.28
 836.00 -82.97 -28.35
 837.00 -63.13 -33.27
 838.00 -50.84 -38.82
 839.00 -119.35 -11.01
 840.00 -80.39 -42.98
 841.00 -43.03 -11.55
 842.00 -100.11 145.88
 843.00 -140.52  85.98
 844.00 -78.11 160.35
 845.00 -48.99  90.04
 846.00 -51.11 -34.63
 847.00 -115.83 -33.91
 848.00 -62.99  71.60
 849.00 -56.96 -17.12
 850.00 -53.16 -39.27
 851.00 -80.52 -23.31
 852.00 -49.31 -46.64
 853.00 -49.81 -53.86
 854.00 -54.78 -54.65
 855.00 -58.23 -48.88
 856.00 -46.26 -47.92
 857.00 -66.03 -53.18
 858.00 -72.82 -36.90
 859.00 -65.52 -34.62
 860.00 -55.55 -47.87
 861.00 -71.40 -39.08
 862.00 -52.60 -40.52
 863.00 -54.09 -57.20
 864.00 -71.31 -30.54
 865.00 -79.73 -26.73
 866.00 -53.59 -35.13
 867.00 -67.75 -39.27
 868.00 -60.17 -36.47
 869.00 -65.54 -40.55
 870.00 -65.67 -43.68
 871.00 -65.88 -39.15
 872.00 -56.87 -45.68
 873.00 -75.45 -36.15
 874.00 -55.96 -37.43
 875.00 -56.12 -50.41
 876.00 -84.62 -36.18
 877.00 -77.07 -24.12
 878.00 -92.13 -18.95
 879.00 -98.84  -3.53
 880.00 -53.25 -43.72
 881.00 -67.09 -36.87
 882.00 -106.55 -33.72
 883.00 -59.39  25.23
 884.00 -78.37 -35.40
 885.00 -53.03 -47.52
 886.00 -119.77 -37.15
 887.00  61.94   9.35
 888.00 -70.88  21.64
 889.00 -63.57 107.40
 890.00 -134.76 144.34
 891.00 -81.52 138.19
 892.00 -41.56 132.02
 893.00 -65.43 -41.55
 894.00 -86.87 -29.06
 895.00 -69.80 -36.83
 896.00 -63.30 -24.10
 897.00 -56.38 -47.57
 898.00 -59.24 -50.79
 899.00 -100.05 -25.05
 900.00 -91.52 -32.95
 901.00 -87.07 -52.40
 902.00 -58.35 -50.16
 903.00 -58.56 -46.42
 904.00 -64.18 -35.57
 905.00 -79.44 -26.77
 906.00 -60.49 -47.54
 907.00 -78.90 -29.90
 908.00 101.13 -20.49
 909.00 -71.55   1.58
 910.00 -141.57 -15.82
 911.00 -161.48 131.52
 912.00 -73.94 154.29
 913.00 -94.97 157.17
 914.00 -93.69 121.66
 915.00 -87.08 153.04
 916.00 -117.95 -28.30
 917.00 -61.19 139.16


