 residuo Phi Psi
 669.00 -155.81  85.78
 670.00 -65.92 162.53
 671.00 -145.74 169.67
 672.00 -46.18 -21.11
 673.00 -65.34 -39.74
 674.00 -69.56 -42.39
 675.00 -80.10 -23.73
 676.00 -71.47 -36.24
 677.00 -74.98 -27.20
 678.00 -90.39 -34.71
 679.00 -98.37 -11.76
 680.00 -78.52   0.19
 681.00 -65.68 125.97
 682.00 -61.51 162.08
 683.00 -92.12 159.40
 684.00 -87.52 123.33
 685.00 -96.86 148.59
 686.00 -79.42 162.08
 687.00  96.15 -30.48
 688.00 -73.00   8.43
 689.00 -89.20 126.76
 690.00 -65.76  80.10
 691.00 -68.83 -17.22
 692.00 -133.20  -8.08
 693.00 -64.54 163.59
 694.00 -74.90 148.49
 695.00 -163.29 152.00
 696.00 -47.22 142.51
 697.00 -63.71 -68.36
 698.00 -60.64 -35.50
 699.00 -57.48 -52.23
 700.00 -65.91 -49.17
 701.00 -62.53 -33.85
 702.00 -72.83 -31.47
 703.00 -59.54 -37.58
 704.00 -64.25 -48.71
 705.00 -66.14 -34.74
 706.00 -51.29 -55.43
 707.00 -46.99 -42.12
 708.00 -88.63 -35.35
 709.00 -58.40 -30.19
 710.00 -79.61 -40.10
 711.00 -47.05 -37.91
 712.00 -72.10 -58.52
 713.00 -80.29 -25.74
 714.00 -59.65 -40.75
 715.00 -49.79 -46.62
 716.00 -76.52 -38.44
 717.00 -58.61 -37.03
 718.00 -67.43 -50.79
 719.00 -63.34 -32.30
 720.00 -81.38 -35.70
 721.00 -47.64 -16.93
 722.00 -60.74 133.26
 723.00  81.26 133.33
 724.00 -48.38 -22.85
 725.00 -68.40 -31.54
 726.00 -58.49  -9.04
 727.00 -104.61 -19.47
 728.00 -62.49 147.84
 729.00 -51.47 141.55
 730.00 -69.71 -35.17
 731.00 -88.46 -16.33
 732.00 -38.50 -47.35
 733.00 -60.01 -60.55
 734.00 -71.88 -40.48
 735.00 -62.45 -51.57
 736.00 -55.65 -32.64
 737.00 -69.10 -46.74
 738.00 -60.69 -53.44
 739.00 -82.69 -35.51
 740.00 -53.63  -5.78
 741.00 -70.51 -53.91
 742.00 -53.27 -52.17
 743.00 -78.35 -40.42
 744.00 -68.44 -50.23
 745.00 -64.14 -31.73
 746.00 -55.08 -61.03
 747.00 -74.78 -38.20
 748.00 -59.71 -34.16
 749.00 -66.20 -43.30
 750.00 -50.00 -35.81
 751.00 -55.83 -57.20
 752.00 -64.45 -38.72
 753.00 -72.33 -42.81
 754.00 -85.57 -29.42
 755.00 -109.24 -34.21
 756.00 -145.05 -25.75
 757.00  60.38  46.35
 758.00  58.43  20.93
 759.00 -73.33  -8.00
 760.00 -98.02 -38.52
 761.00 -107.38 167.42
 762.00 -77.47 104.21
 763.00 -57.88  58.15
 764.00 -157.30 -42.28
 765.00 -60.00 168.57
 766.00 -104.65 -21.16
 767.00 -125.01  -8.48
 768.00 -68.32  47.12
 769.00 -85.96 111.43
 770.00 -88.11 110.96
 771.00 -72.49 -175.83
 772.00 -62.09 -26.67
 773.00 -57.49 -47.66
 774.00 -51.41 -41.16
 775.00 -77.75 -41.93
 776.00 -72.75 -34.17
 777.00 -78.72 -36.52
 778.00  55.34   4.36
 779.00 -78.30 -16.67
 780.00 -59.34  45.24
 781.00 -58.66 -47.32
 782.00 -79.18 -40.03
 783.00 -77.03 -30.34
 784.00 -55.06 -36.52
 785.00 -57.09 -45.29
 786.00 -64.69 -43.04
 787.00 -60.31 -37.87
 788.00 -61.22 -43.08
 789.00 -57.95 -44.96
 790.00 -79.06 -34.53
 791.00 -62.41 -38.06
 792.00 -70.03 -16.50
 793.00 -68.62 -25.48
 794.00 -76.31 -36.99
 795.00 -48.27 -39.95
 796.00 -92.35 -44.89
 797.00  61.61 -15.37
 798.00 -75.86  60.46
 799.00 -75.14 122.21
 800.00 -53.47 147.56
 801.00 -64.62 -30.89
 802.00 -56.86 -51.95
 803.00 -51.49 -55.08
 804.00 -74.69 -37.24
 805.00 -73.09 -31.63
 806.00 -49.48 -43.95
 807.00 -53.18 -47.65
 808.00 -59.24 -50.13
 809.00 -57.03 -48.48
 810.00 -62.40 -36.78
 811.00 -80.01 -24.13
 812.00 -115.85 -14.10
 813.00 -132.39  34.19
 814.00 -140.80  -2.85
 815.00 -138.59 111.68
 816.00 -68.61 161.46
 817.00 -69.27 154.65
 818.00 -95.06 -31.88
 819.00  64.20  11.99
 820.00 -85.10 -175.18
 821.00 -67.69 165.03
 822.00 -108.02 -38.55
 823.00 -75.15  85.29
 824.00 -45.60 -21.15
 825.00 -86.75 -30.84
 826.00 -57.10 -46.44
 827.00 -64.83 -43.96
 828.00 -79.04 -44.10
 829.00 -71.05 -28.15
 830.00 -71.62 -31.83
 831.00 -63.22 -47.57
 832.00 -62.85 -35.22
 833.00 -82.53 -34.87
 834.00 -75.45 -27.65
 835.00 -79.22 -26.56
 836.00 -64.46 -26.64
 837.00 -56.80 -47.68
 838.00 -67.25 -41.98
 839.00 -130.97  10.53
 840.00 -112.27  -7.35
 841.00 -58.27 -19.74
 842.00 -84.80 143.13
 843.00 -159.42 117.54
 844.00 -81.03 170.27
 845.00 -55.08  87.48
 846.00 -68.17 -29.31
 847.00 -124.06 -13.87
 848.00 -69.62  64.72
 849.00 -57.19 -13.65
 850.00 -66.12 -28.76
 851.00 -69.40 -33.42
 852.00 -71.07 -34.48
 853.00 -59.53 -44.23
 854.00 -58.51 -44.86
 855.00 -43.94 -58.06
 856.00 -47.60 -57.11
 857.00 -57.67 -57.93
 858.00 -66.52 -39.26
 859.00 -74.86 -34.02
 860.00 -67.29 -30.76
 861.00 -57.15 -25.42
 862.00 -64.60 -54.57
 863.00 -50.26 -52.14
 864.00 -72.21 -32.56
 865.00 -83.74 -14.49
 866.00 -60.77 -31.33
 867.00 -61.04 -43.34
 868.00 -62.62 -36.66
 869.00 -64.76 -46.60
 870.00 -68.62 -33.37
 871.00 -67.88 -36.47
 872.00 -80.77 -30.36
 873.00 -62.04 -38.91
 874.00 -70.84 -37.74
 875.00 -59.91 -46.65
 876.00 -64.99 -46.35
 877.00 -61.05 -40.90
 878.00 -44.73 -56.45
 879.00 -69.16 -42.70
 880.00 -54.90 -45.14
 881.00 -76.52 -31.56
 882.00 -70.38 -52.08
 883.00 -23.48  -9.97
 884.00 -64.96 -61.54
 885.00 -72.98 -27.59
 886.00 -88.20 -40.97
 887.00  66.77  -9.54
 888.00 -108.80  41.17
 889.00 -86.89 127.96
 890.00 -121.99 136.43
 891.00 -52.39 119.53
 892.00 -61.43 135.13
 893.00 -72.51 -37.87
 894.00 -93.00 -24.10
 895.00 -57.20 -26.01
 896.00 -70.54 -33.75
 897.00 -61.48 -40.98
 898.00 -60.98 -50.97
 899.00 -69.92 -54.27
 900.00 -108.09 -17.64
 901.00 -87.55 -59.49
 902.00 -45.89 -39.39
 903.00 -50.10 -54.70
 904.00 -63.85 -36.92
 905.00 -70.00 -34.24
 906.00 -76.63 -44.50
 907.00 -65.61 -43.29
 908.00 107.46 -13.56
 909.00 -61.09 -17.30
 910.00 -126.50 -26.45
 911.00 -125.76 130.34
 912.00 -61.95 129.90
 913.00 -81.76 134.36
 914.00 -94.52 113.94
 915.00 -66.28 121.82
 916.00 -122.29 -34.78
 917.00 -137.10 135.24


