 residuo Phi Psi
 669.00 -72.58 169.74
 670.00 -58.43 152.33
 671.00 -63.53 139.74
 672.00 -59.47 -34.29
 673.00 -81.59 -28.36
 674.00 -89.35  -7.54
 675.00 -60.42 -38.90
 676.00 -51.17 -49.14
 677.00 -66.32 -41.02
 678.00 -55.49 -43.19
 679.00 -91.13 -28.76
 680.00 -69.18  -5.16
 681.00 -77.74 120.16
 682.00 -88.37 146.64
 683.00 -75.45 170.58
 684.00 -93.09 121.52
 685.00 -75.07 138.72
 686.00 -89.09 150.35
 687.00  97.87 -16.99
 688.00 -77.90  14.81
 689.00 -89.94 119.90
 690.00 -75.95  99.12
 691.00 -73.22  -1.73
 692.00 -100.97  -8.10
 693.00 -75.89 152.19
 694.00 -63.55 151.64
 695.00 -163.28 143.57
 696.00 -53.88 160.12
 697.00 -73.36 -40.33
 698.00 -78.26 -46.53
 699.00 -73.30 -34.35
 700.00 -70.98 -54.17
 701.00 -76.46 -23.21
 702.00 -71.13 -35.47
 703.00 -64.43 -34.06
 704.00 -74.00 -31.72
 705.00 -59.11 -41.95
 706.00 -53.66 -50.54
 707.00 -45.50 -39.91
 708.00 -66.76 -55.54
 709.00 -55.65 -41.62
 710.00 -83.11 -41.68
 711.00 -62.90 -23.09
 712.00 -68.23 -47.36
 713.00 -62.37 -33.10
 714.00 -74.16 -34.61
 715.00 -54.07 -40.11
 716.00 -68.07 -53.87
 717.00 -56.34 -37.72
 718.00 -63.14 -46.39
 719.00 -66.91 -33.84
 720.00 -141.69  -0.01
 721.00 -63.73  -6.49
 722.00 -60.71 141.71
 723.00  82.66 136.11
 724.00 -62.89 -19.43
 725.00 -72.56 -16.47
 726.00 -47.24 -19.52
 727.00 -76.30 -32.66
 728.00 -65.69 147.57
 729.00 -56.55 157.50
 730.00 -69.28 -40.82
 731.00 -93.63 -26.41
 732.00 -62.92 -21.96
 733.00 -57.61 -49.98
 734.00 -55.22 -48.90
 735.00 -57.23 -65.58
 736.00 -71.60 -23.67
 737.00 -66.07 -59.29
 738.00 -85.13 -16.54
 739.00 -93.13 -38.51
 740.00 -49.28  -9.02
 741.00 -64.39 -54.32
 742.00 -71.15 -33.39
 743.00 -68.45 -34.64
 744.00 -65.32 -36.73
 745.00 -81.84 -46.32
 746.00 -65.22 -25.65
 747.00 -67.64 -55.66
 748.00 -51.12 -42.94
 749.00 -61.89 -46.40
 750.00 -59.32 -43.64
 751.00 -67.40 -42.53
 752.00 -59.63 -36.97
 753.00 -64.28 -39.19
 754.00 -54.68 -69.93
 755.00 -83.81 -48.17
 756.00 -134.76 -41.26
 757.00  55.28  38.57
 758.00  58.42  30.94
 759.00 -89.05  16.40
 760.00 -130.86 -32.71
 761.00 -87.63 168.49
 762.00 -87.34 113.91
 763.00 -63.87  68.31
 764.00 -151.42 -54.10
 765.00 -73.40 172.59
 766.00 -86.93 -32.33
 767.00 -127.68 -15.09
 768.00 -89.86  78.10
 769.00 -117.29 140.80
 770.00 -75.11  98.29
 771.00 -57.99 163.57
 772.00 -59.12 -33.05
 773.00 -52.99 -53.97
 774.00 -63.16 -34.02
 775.00 -69.19 -44.36
 776.00 -58.24 -50.85
 777.00 -93.11 -30.85
 778.00  41.28  15.86
 779.00 -123.20  41.27
 780.00 -67.22  12.72
 781.00 -63.45 -32.92
 782.00 -79.90 -28.28
 783.00 -57.35 -41.55
 784.00 -60.93 -28.98
 785.00 -59.21 -48.98
 786.00 -58.48 -46.82
 787.00 -71.75 -36.74
 788.00 -70.31 -44.69
 789.00 -63.44 -30.68
 790.00 -66.48 -45.51
 791.00 -68.94 -38.16
 792.00 -70.42 -19.90
 793.00 -60.66 -34.76
 794.00 -68.50 -45.04
 795.00 -80.39 -29.88
 796.00 -80.30 -48.36
 797.00  58.01  -1.54
 798.00 -66.17  45.78
 799.00 -102.83 140.37
 800.00 -59.03 155.94
 801.00 -68.23 -24.74
 802.00 -59.36 -44.79
 803.00 -58.10 -48.01
 804.00 -62.69 -42.75
 805.00 -76.82 -34.08
 806.00 -62.48 -44.67
 807.00 -58.68 -47.37
 808.00 -63.43 -45.31
 809.00 -66.34 -41.03
 810.00 -63.92 -26.11
 811.00 -77.35 -20.34
 812.00 -127.08  -6.17
 813.00 -115.89  40.15
 814.00 -136.86 -23.36
 815.00 -144.37 145.15
 816.00 -74.08 165.89
 817.00 -52.14 161.48
 818.00 -85.78 -43.15
 819.00  72.98   2.16
 820.00 -68.81 170.88
 821.00 -62.89 157.67
 822.00 -99.31 -33.90
 823.00 -64.93  42.67
 824.00 -64.16 -42.85
 825.00 -57.33 -48.92
 826.00 -54.95 -46.58
 827.00 -63.68 -50.07
 828.00 -73.56 -30.12
 829.00 -69.89 -36.14
 830.00 -49.67 -46.36
 831.00 -55.34 -55.09
 832.00 -49.32 -54.09
 833.00 -74.40 -38.91
 834.00 -64.56 -31.72
 835.00 -81.97 -34.41
 836.00 -64.36 -27.13
 837.00 -60.49 -46.64
 838.00 -55.43 -44.22
 839.00 -78.89 -23.77
 840.00 -121.44 -20.97
 841.00 -68.36   1.86
 842.00 -76.92 132.21
 843.00 -78.18  48.05
 844.00 -60.09 163.78
 845.00 -75.66 122.23
 846.00 -72.77 -25.05
 847.00 -143.18   2.79
 848.00 -61.74  70.47
 849.00 -78.05 -10.86
 850.00 -77.57 -30.81
 851.00 -58.71 -29.60
 852.00 -76.01 -42.70
 853.00 -72.04 -30.13
 854.00 -73.06 -31.17
 855.00 -67.94 -37.56
 856.00 -50.11 -42.27
 857.00 -79.48 -51.18
 858.00 -67.78 -19.92
 859.00 -60.59 -35.79
 860.00 -53.47 -56.55
 861.00 -61.21 -35.40
 862.00 -66.56 -42.75
 863.00 -66.64 -42.16
 864.00 -65.37 -27.53
 865.00 -66.86 -30.83
 866.00 -53.85 -34.32
 867.00 -70.23 -49.60
 868.00 -58.56 -35.38
 869.00 -63.17 -42.98
 870.00 -62.21 -45.89
 871.00 -72.62 -33.90
 872.00 -63.44 -42.12
 873.00 -48.89 -43.35
 874.00 -67.52 -44.01
 875.00 -59.03 -44.35
 876.00 -71.74 -45.91
 877.00 -58.20 -33.53
 878.00 -60.91 -51.98
 879.00 -82.30 -26.47
 880.00 -68.36 -45.38
 881.00 -59.75 -37.63
 882.00 -137.72 -12.06
 883.00 -55.10  24.25
 884.00 -58.48 -43.84
 885.00 -78.92 -31.96
 886.00 -92.80 -42.10
 887.00  69.23  -1.83
 888.00 -75.55  12.28
 889.00 -78.54 121.58
 890.00 -135.39 141.52
 891.00 -60.60 134.79
 892.00 -49.59 139.67
 893.00 -63.32 -42.77
 894.00 -67.70 -37.50
 895.00 -57.71 -52.53
 896.00 -70.91 -30.37
 897.00 -60.35 -44.55
 898.00 -66.63 -51.86
 899.00 -79.79 -26.40
 900.00 -127.57 -22.03
 901.00 -91.43 -45.31
 902.00 -61.85 -35.44
 903.00 -58.59 -34.66
 904.00 -66.21 -34.79
 905.00 -65.11 -34.89
 906.00 -67.10 -49.74
 907.00 -77.43 -33.61
 908.00  90.91 -11.48
 909.00 -68.99   2.38
 910.00 -123.84 -13.64
 911.00 -146.50 135.33
 912.00 -67.06 138.22
 913.00 -98.91 165.19
 914.00 -109.91 130.58
 915.00 -71.66 145.99
 916.00 -98.50 -38.27
 917.00 -63.21 139.92


