 residuo Phi Psi
 669.00 -72.94 149.53
 670.00 -52.22 161.70
 671.00 -154.46 153.27
 672.00 -51.04 -19.09
 673.00 -64.83 -64.85
 674.00 -65.74 -27.28
 675.00 -62.13 -36.11
 676.00 -67.50 -45.27
 677.00 -51.84 -44.29
 678.00 -91.02 -35.40
 679.00 -69.38 -36.43
 680.00 -61.73 -13.99
 681.00 -71.60 130.20
 682.00 -82.33 157.25
 683.00 -63.86 161.60
 684.00 -103.77 133.27
 685.00 -89.64 139.12
 686.00 -89.11 163.28
 687.00  87.06 -27.61
 688.00 -67.87  23.80
 689.00 -129.47 164.12
 690.00 -88.79 116.46
 691.00 -75.26  -1.71
 692.00 -70.67 -43.80
 693.00 -68.18 134.80
 694.00 -75.61 152.96
 695.00 -136.60 136.46
 696.00 -50.01 171.51
 697.00 -58.52 -60.32
 698.00 -72.49 -38.53
 699.00 -51.91 -46.65
 700.00 -86.33 -42.78
 701.00 -54.00 -40.58
 702.00 -57.85 -51.44
 703.00 -59.98 -39.50
 704.00 -61.14 -49.29
 705.00 -71.74 -28.51
 706.00 -63.62 -41.68
 707.00 -61.53 -37.56
 708.00 -73.69 -35.71
 709.00 -64.61 -33.12
 710.00 -59.19 -44.51
 711.00 -61.35 -42.05
 712.00 -59.50 -57.25
 713.00 -76.69 -27.50
 714.00 -62.24 -40.05
 715.00 -66.79 -37.63
 716.00 -50.31 -60.39
 717.00 -57.29 -39.01
 718.00 -57.71 -56.42
 719.00 -71.63 -22.49
 720.00 -128.20  -7.67
 721.00 -74.83  15.82
 722.00 -58.83 133.80
 723.00  79.47 125.58
 724.00 -72.11  -0.62
 725.00 -56.44 -36.25
 726.00 -67.34  -3.23
 727.00 -94.20 -14.47
 728.00 -64.75 145.18
 729.00 -61.54 150.90
 730.00 -69.83 -24.21
 731.00 -80.62 -35.59
 732.00 -72.49 -27.76
 733.00 -50.81 -51.71
 734.00 -68.82 -40.84
 735.00 -77.40 -45.17
 736.00 -56.33 -27.26
 737.00 -72.48 -53.16
 738.00 -80.40 -28.36
 739.00 -70.41 -40.33
 740.00 -61.28  -7.30
 741.00 -69.19 -50.10
 742.00 -77.26 -33.92
 743.00 -52.65 -44.80
 744.00 -68.74 -61.75
 745.00 -80.70 -27.32
 746.00 -63.60 -31.91
 747.00 -61.26 -37.31
 748.00 -54.95 -55.82
 749.00 -60.78 -37.58
 750.00 -68.08 -42.74
 751.00 -71.06 -41.71
 752.00 -73.12 -25.96
 753.00 -63.73 -47.94
 754.00 -79.86 -44.67
 755.00 -72.34 -54.22
 756.00 -138.29 -26.04
 757.00  47.28  23.24
 758.00  65.04  38.33
 759.00 -74.55   9.13
 760.00 -143.24 -21.65
 761.00 -81.06 160.24
 762.00 -78.50  93.55
 763.00 -54.70  60.76
 764.00 -137.49 -65.12
 765.00 -47.24 156.90
 766.00 -103.78 -32.36
 767.00 -130.30  -6.36
 768.00 -116.64  85.05
 769.00 -92.74 136.84
 770.00 -66.71 108.13
 771.00 -58.65 169.14
 772.00 -53.63 -36.04
 773.00 -67.59 -41.82
 774.00 -60.21 -32.14
 775.00 -72.47 -41.80
 776.00 -64.92 -41.81
 777.00 -71.36 -37.89
 778.00  46.76  -9.38
 779.00 -127.86  35.08
 780.00 -49.31  40.12
 781.00 -64.66 -54.24
 782.00 -67.71 -38.59
 783.00 -50.46 -47.18
 784.00 -66.92 -47.27
 785.00 -64.20 -45.47
 786.00 -61.08 -41.72
 787.00 -59.15 -37.83
 788.00 -58.94 -49.52
 789.00 -67.21 -44.10
 790.00 -62.81 -40.47
 791.00 -72.27 -26.82
 792.00 -59.35 -28.06
 793.00 -66.43 -30.05
 794.00 -83.94 -32.36
 795.00 -71.82 -33.43
 796.00 -86.61 -31.96
 797.00  70.21 -24.68
 798.00 -53.47  57.78
 799.00 -94.86 139.10
 800.00 -62.72 156.95
 801.00 -56.99 -33.58
 802.00 -58.14 -51.13
 803.00 -57.45 -44.91
 804.00 -76.64 -44.81
 805.00 -66.00 -37.15
 806.00 -69.29 -47.12
 807.00 -66.32 -33.16
 808.00 -73.30 -27.34
 809.00 -63.50 -40.67
 810.00 -72.26 -22.89
 811.00 -50.09 -32.90
 812.00 -110.54 -36.03
 813.00 -123.08  34.92
 814.00 -158.71  28.79
 815.00 -122.38 118.26
 816.00 -60.47 163.73
 817.00 -61.27 162.28
 818.00 -84.02 -44.07
 819.00  65.29   5.56
 820.00 -79.66 164.21
 821.00 -62.50 172.36
 822.00 -142.50 -22.20
 823.00 -53.34  73.07
 824.00 -37.77 -38.93
 825.00 -50.99 -52.12
 826.00 -72.62 -50.39
 827.00 -55.63 -47.19
 828.00 -65.69 -47.85
 829.00 -54.68 -49.51
 830.00 -74.11 -45.12
 831.00 -56.86 -36.35
 832.00 -52.28 -51.92
 833.00 -74.61 -38.90
 834.00 -61.76 -42.31
 835.00 -63.46 -51.29
 836.00 -74.21 -28.60
 837.00 -64.35 -36.03
 838.00 -49.32 -44.60
 839.00 -64.84 -23.01
 840.00 -106.97 -42.01
 841.00 -58.50  -5.29
 842.00 -70.55 147.35
 843.00 -163.54 104.26
 844.00 -79.30 156.16
 845.00 -59.54  92.71
 846.00 -61.27 -40.18
 847.00 -105.32 -20.70
 848.00 -63.07  74.07
 849.00 -69.92 -15.59
 850.00 -57.26 -35.28
 851.00 -64.85 -38.57
 852.00 -59.10 -47.69
 853.00 -54.62 -45.03
 854.00 -69.94 -46.52
 855.00 -49.17 -46.24
 856.00 -58.43 -53.38
 857.00 -68.33 -44.59
 858.00 -77.70 -30.60
 859.00 -63.97 -49.41
 860.00 -61.87 -30.77
 861.00 -60.64 -38.78
 862.00 -46.38 -54.93
 863.00 -68.06 -47.34
 864.00 -61.95 -25.08
 865.00 -71.66 -20.50
 866.00 -56.23 -41.87
 867.00 -65.59 -48.03
 868.00 -69.10 -31.38
 869.00 -76.90 -24.70
 870.00 -53.92 -45.91
 871.00 -61.06 -46.44
 872.00 -72.65 -41.95
 873.00 -49.53 -34.00
 874.00 -67.69 -53.84
 875.00 -53.02 -32.69
 876.00 -62.38 -66.23
 877.00 -60.02 -35.33
 878.00 -58.87 -52.30
 879.00 -63.66 -43.95
 880.00 -66.93 -38.00
 881.00 -65.98 -40.02
 882.00 -78.44 -42.21
 883.00 -56.62 -13.72
 884.00 -61.82 -25.87
 885.00 -72.86 -36.68
 886.00 -124.78 -23.15
 887.00  55.52   5.09
 888.00 -64.41  25.61
 889.00 -97.96 133.07
 890.00 -143.43 151.43
 891.00 -65.83 135.53
 892.00 -68.71 134.32
 893.00 -64.05 -34.80
 894.00 -82.79 -18.68
 895.00 -55.24 -48.11
 896.00 -53.94 -38.20
 897.00 -62.23 -51.03
 898.00 -89.00 -30.95
 899.00 -93.93 -37.98
 900.00 -120.84  -8.73
 901.00 -77.61 -55.70
 902.00 -69.74 -49.50
 903.00 -64.19 -29.09
 904.00 -56.04 -22.40
 905.00 -68.25 -37.30
 906.00 -64.12 -52.09
 907.00 -84.16 -31.81
 908.00  98.13 -27.97
 909.00 -70.35  15.43
 910.00 -124.02 -22.83
 911.00 -141.83 141.71
 912.00 -78.01 137.18
 913.00 -102.17 166.66
 914.00 -109.40 130.38
 915.00 -50.68 109.90
 916.00 -128.27 -27.50
 917.00 -135.33 172.46


