 residuo Phi Psi
 669.00 -91.94 139.99
 670.00 -67.94 150.61
 671.00 -145.25 146.56
 672.00 -65.52   4.27
 673.00 -70.46 -38.58
 674.00 -78.14 -29.15
 675.00 -61.98 -31.10
 676.00 -66.62 -50.54
 677.00 -72.76 -35.32
 678.00 -68.86 -44.64
 679.00 -86.16 -17.90
 680.00 -81.34   0.99
 681.00 -77.88 127.03
 682.00 -46.92 152.43
 683.00 -59.15 152.12
 684.00 -84.61 143.54
 685.00 -80.32 117.37
 686.00 -88.80 146.77
 687.00  84.48 -22.33
 688.00 -71.47  13.77
 689.00 -99.77 138.48
 690.00 -97.00 126.28
 691.00 -94.55  13.98
 692.00 -73.80 -21.14
 693.00 -59.16 159.43
 694.00 -72.53 153.80
 695.00 -159.29 142.21
 696.00 -61.04 155.31
 697.00 -57.30 -73.55
 698.00 -66.81 -42.55
 699.00 -58.80 -46.68
 700.00 -83.05 -32.61
 701.00 -65.89 -32.30
 702.00 -79.31 -23.50
 703.00 -69.22 -27.73
 704.00 -62.25 -43.78
 705.00 -56.67 -51.10
 706.00 -68.65 -46.20
 707.00 -65.67 -32.40
 708.00 -72.37 -35.66
 709.00 -64.38 -42.55
 710.00 -63.20 -34.90
 711.00 -71.12 -31.53
 712.00 -56.13 -38.26
 713.00 -75.22 -49.74
 714.00 -77.43 -26.60
 715.00 -62.55 -31.29
 716.00 -44.32 -58.43
 717.00 -54.70 -56.55
 718.00 -76.36 -38.58
 719.00 -63.89 -19.80
 720.00 -114.92 -19.56
 721.00 -80.14  -7.69
 722.00 -55.48 127.93
 723.00  68.95 130.89
 724.00 -59.13   0.58
 725.00 -75.06 -30.77
 726.00 -72.62  -8.33
 727.00 -85.26 -15.68
 728.00 -51.47 131.69
 729.00 -63.91 152.05
 730.00 -62.61 -28.27
 731.00 -81.19 -31.39
 732.00 -45.33 -47.22
 733.00 -60.45 -58.56
 734.00 -69.74 -30.50
 735.00 -72.17 -49.22
 736.00 -64.57 -28.50
 737.00 -71.33 -48.57
 738.00 -95.76 -18.71
 739.00 -128.65  -2.77
 740.00 -57.58  -1.92
 741.00 -59.90 -40.61
 742.00 -51.65 -62.20
 743.00 -76.92 -37.85
 744.00 -74.36 -38.55
 745.00 -60.95 -45.11
 746.00 -53.22 -45.54
 747.00 -58.80 -51.56
 748.00 -62.32 -39.35
 749.00 -51.31 -35.39
 750.00 -72.70 -39.65
 751.00 -60.43 -51.29
 752.00 -69.99 -35.04
 753.00 -62.24 -42.60
 754.00 -87.05 -48.58
 755.00 -102.14 -21.84
 756.00 -134.65 -30.10
 757.00  37.20  39.02
 758.00  71.24  40.70
 759.00 -68.56  -8.86
 760.00 -116.35 -38.26
 761.00 -79.54 152.14
 762.00 -84.59 108.49
 763.00 -52.94  67.83
 764.00 -147.85 -56.09
 765.00 -61.36 163.78
 766.00 -102.64 -22.12
 767.00 -142.93  12.59
 768.00 -68.40  39.25
 769.00 -91.47 127.79
 770.00 -98.50 128.96
 771.00 -46.31 175.89
 772.00 -64.68 -41.31
 773.00 -68.79 -42.17
 774.00 -55.63 -38.19
 775.00 -56.93 -52.28
 776.00 -72.56 -49.28
 777.00 -72.97 -35.90
 778.00  59.54 -10.76
 779.00 -118.55  44.87
 780.00 -65.54  17.00
 781.00 -69.46 -50.52
 782.00 -60.65 -33.77
 783.00 -76.82 -45.28
 784.00 -62.20 -28.50
 785.00 -76.10 -31.72
 786.00 -81.04 -26.61
 787.00 -70.08 -27.98
 788.00 -68.27 -30.85
 789.00 -63.26 -37.72
 790.00 -79.81 -33.53
 791.00 -70.44 -31.31
 792.00 -71.62 -18.21
 793.00 -71.07 -20.37
 794.00 -65.91 -45.69
 795.00 -76.01 -25.16
 796.00 -107.19 -28.14
 797.00  53.70  -4.47
 798.00 -64.86  47.52
 799.00 -77.41 123.18
 800.00 -58.31 158.09
 801.00 -58.94 -39.52
 802.00 -66.04 -46.79
 803.00 -51.70 -40.96
 804.00 -68.87 -49.47
 805.00 -71.44 -45.28
 806.00 -60.24 -28.82
 807.00 -70.94 -47.71
 808.00 -72.46 -29.68
 809.00 -72.68 -33.37
 810.00 -50.56 -31.13
 811.00 -87.08 -23.94
 812.00 -105.41 -15.29
 813.00 -139.97  40.59
 814.00 -148.08  -4.91
 815.00 -158.83 128.85
 816.00 -61.03 163.83
 817.00 -53.39 141.33
 818.00 -67.15 -36.85
 819.00  84.65 -17.86
 820.00 -91.88 173.22
 821.00 -58.93 159.13
 822.00 -121.79 -27.50
 823.00 -51.61  40.70
 824.00 -51.86 -38.51
 825.00 -81.35 -37.38
 826.00 -60.09 -28.09
 827.00 -58.50 -49.87
 828.00 -75.16 -38.72
 829.00 -74.18 -45.06
 830.00 -44.29 -38.55
 831.00 -60.55 -64.08
 832.00 -74.76 -28.71
 833.00 -66.36 -45.69
 834.00 -59.02 -28.98
 835.00 -58.37 -50.97
 836.00 -79.01 -24.34
 837.00 -66.21 -30.13
 838.00 -47.80 -56.33
 839.00 -61.84 -38.55
 840.00 -115.08 -37.80
 841.00 -57.71   1.20
 842.00 -76.50 133.93
 843.00 -153.36  92.58
 844.00 -86.33 176.81
 845.00 -55.40 103.81
 846.00 -69.37 -36.24
 847.00 -125.80 -10.26
 848.00 -45.15  69.71
 849.00 -64.29 -25.46
 850.00 -58.97 -27.64
 851.00 -65.97 -52.84
 852.00 -64.71 -38.72
 853.00 -58.82 -37.41
 854.00 -70.52 -39.32
 855.00 -56.72 -41.74
 856.00 -65.71 -45.05
 857.00 -68.70 -42.14
 858.00 -73.66 -38.68
 859.00 -62.27 -45.41
 860.00 -60.81 -31.81
 861.00 -58.65 -54.27
 862.00 -71.92 -24.31
 863.00 -61.14 -57.04
 864.00 -56.05 -42.89
 865.00 -71.29 -20.56
 866.00 -65.19 -30.98
 867.00 -74.88 -41.36
 868.00 -68.41 -18.19
 869.00 -62.96 -39.80
 870.00 -56.42 -37.60
 871.00 -64.51 -41.33
 872.00 -70.30 -55.56
 873.00 -65.99 -18.29
 874.00 -61.87 -53.67
 875.00 -70.52 -39.72
 876.00 -68.51 -37.21
 877.00 -54.80 -48.51
 878.00 -72.73 -30.46
 879.00 -77.13 -37.85
 880.00 -50.78 -44.91
 881.00 -69.00 -49.44
 882.00 -89.67 -13.04
 883.00 -51.34 -28.35
 884.00 -58.58 -47.05
 885.00 -67.44 -35.41
 886.00 -115.51 -26.19
 887.00  48.97   3.22
 888.00 -115.15  61.34
 889.00 -100.27 135.00
 890.00 -133.60 146.80
 891.00 -61.56 131.44
 892.00 -70.77 143.37
 893.00 -61.71 -31.33
 894.00 -58.97 -48.06
 895.00 -79.75 -40.72
 896.00 -49.29 -26.64
 897.00 -59.66 -58.69
 898.00 -76.45 -43.92
 899.00 -106.71 -14.29
 900.00 -120.59  -9.97
 901.00 -120.61 -30.51
 902.00 -52.77 -44.19
 903.00 -61.51 -43.31
 904.00 -78.68 -28.23
 905.00 -72.34 -27.45
 906.00 -66.29 -47.15
 907.00 -84.01 -22.42
 908.00  82.92  -2.16
 909.00 -69.17  -7.85
 910.00 -117.80 -27.10
 911.00 -124.82 111.71
 912.00 -76.66 144.45
 913.00 -106.48 165.80
 914.00 -94.45 120.74
 915.00 -66.80 142.17
 916.00 -141.66 -38.30
 917.00 -81.09 131.16


