 residuo Phi Psi
 669.00 -136.50 126.26
 670.00 -73.40 155.47
 671.00 -131.68 153.95
 672.00 -52.69  -9.99
 673.00 -75.33 -32.99
 674.00 -91.22 -21.50
 675.00 -57.99 -28.81
 676.00 -55.96 -43.31
 677.00 -70.82 -44.08
 678.00 -63.08 -34.90
 679.00 -97.51 -38.98
 680.00 -84.05   5.00
 681.00 -80.35 130.98
 682.00 -60.51 144.02
 683.00 -63.41 166.13
 684.00 -129.90 152.24
 685.00 -77.25 129.87
 686.00 -77.41 146.52
 687.00 101.07 -31.34
 688.00 -84.22  15.10
 689.00 -106.77 148.69
 690.00 -83.99 116.18
 691.00 -74.61   3.33
 692.00 -94.89 -18.40
 693.00 -87.52 155.92
 694.00 -70.81 139.73
 695.00 -150.26 131.49
 696.00 -25.81 150.75
 697.00 -62.43 -75.88
 698.00 -69.76 -41.21
 699.00 -64.36 -27.97
 700.00 -58.13 -59.43
 701.00 -71.76 -38.61
 702.00 -53.58 -41.61
 703.00 -71.47 -40.16
 704.00 -71.40 -28.48
 705.00 -64.76 -44.45
 706.00 -53.46 -46.39
 707.00 -57.74 -34.44
 708.00 -74.36 -44.62
 709.00 -61.09 -48.97
 710.00 -59.68 -39.11
 711.00 -64.14 -47.24
 712.00 -48.69 -39.56
 713.00 -71.89 -42.90
 714.00 -69.10 -38.71
 715.00 -58.45 -46.62
 716.00 -56.51 -42.16
 717.00 -70.23 -39.61
 718.00 -65.39 -44.29
 719.00 -78.89 -15.53
 720.00 -131.83 -10.94
 721.00 -63.96  -3.14
 722.00 -81.16 129.20
 723.00  78.49 155.09
 724.00 -46.61 -33.17
 725.00 -69.90 -49.60
 726.00 -70.71   2.45
 727.00 -70.80 -30.32
 728.00 -65.76 146.87
 729.00 -59.61 158.14
 730.00 -72.75 -31.36
 731.00 -72.13 -30.96
 732.00 -62.42 -36.31
 733.00 -55.33 -55.86
 734.00 -65.13 -40.20
 735.00 -75.07 -51.17
 736.00 -69.60 -10.42
 737.00 -57.94 -66.28
 738.00 -90.42 -19.54
 739.00 -99.25 -31.40
 740.00 -48.67  -3.06
 741.00 -70.22 -41.66
 742.00 -50.97 -64.72
 743.00 -58.72 -39.04
 744.00 -72.07 -46.92
 745.00 -62.77 -35.70
 746.00 -75.23 -40.27
 747.00 -79.06 -30.57
 748.00 -76.45 -29.12
 749.00 -50.70 -28.90
 750.00 -53.72 -63.16
 751.00 -60.69 -62.03
 752.00 -66.89 -24.59
 753.00 -46.96 -51.03
 754.00 -73.25 -53.44
 755.00 -118.92 -28.59
 756.00 -134.09 -24.89
 757.00  53.40  33.33
 758.00  64.51  26.26
 759.00 -74.85  -2.80
 760.00 -132.32 -16.70
 761.00 -90.16 162.27
 762.00 -90.19 113.84
 763.00 -49.32  58.96
 764.00 -154.41 -52.62
 765.00 -55.65 151.48
 766.00 -97.61 -20.98
 767.00 -150.02  -6.70
 768.00 -100.02  94.66
 769.00 -90.96 134.83
 770.00 -72.97 102.28
 771.00 -73.22 175.07
 772.00 -65.60 -26.38
 773.00 -64.92 -41.08
 774.00 -63.70 -30.34
 775.00 -65.45 -43.15
 776.00 -57.18 -52.24
 777.00 -79.54 -44.97
 778.00  67.61  -9.16
 779.00 -128.36  35.34
 780.00 -57.61  38.59
 781.00 -70.84 -46.61
 782.00 -77.76 -23.81
 783.00 -71.01 -39.04
 784.00 -64.12 -37.86
 785.00 -54.88 -46.68
 786.00 -55.74 -52.79
 787.00 -63.65 -41.90
 788.00 -65.03 -40.25
 789.00 -73.83 -22.77
 790.00 -51.93 -51.61
 791.00 -71.45 -35.12
 792.00 -70.22 -23.40
 793.00 -62.76 -29.80
 794.00 -71.22 -46.47
 795.00 -76.89 -25.93
 796.00 -69.51 -44.67
 797.00  55.51 -27.94
 798.00 -55.70  47.28
 799.00 -76.66 131.77
 800.00 -51.09 152.26
 801.00 -57.70 -39.40
 802.00 -67.09 -41.37
 803.00 -51.19 -50.30
 804.00 -59.37 -44.89
 805.00 -58.65 -61.44
 806.00 -69.68 -31.78
 807.00 -63.72 -39.35
 808.00 -63.86 -40.10
 809.00 -65.70 -39.43
 810.00 -72.97 -26.74
 811.00 -61.77 -37.02
 812.00 -107.96 -21.70
 813.00 -108.15  27.03
 814.00 -146.97  13.66
 815.00 -156.69 131.24
 816.00 -68.71 157.29
 817.00 -60.27 137.38
 818.00 -94.02 -30.62
 819.00  87.75   1.35
 820.00 -73.13 154.54
 821.00 -58.17 154.27
 822.00 -120.71 -15.80
 823.00 -66.40  39.77
 824.00 -78.26 -29.50
 825.00 -62.39 -34.23
 826.00 -47.60 -38.77
 827.00 -60.33 -49.14
 828.00 -65.55 -46.24
 829.00 -59.47 -46.11
 830.00 -50.55 -44.74
 831.00 -74.72 -50.34
 832.00 -59.36 -32.63
 833.00 -56.88 -52.52
 834.00 -62.15 -37.27
 835.00 -59.31 -47.69
 836.00 -87.03 -17.63
 837.00 -56.83 -39.76
 838.00 -60.97 -52.11
 839.00 -57.86 -27.50
 840.00 -129.64 -29.07
 841.00 -44.68 -10.83
 842.00 -69.82 131.38
 843.00 -155.99  99.18
 844.00 -95.13 -178.19
 845.00 -52.45  87.63
 846.00 -102.09 -18.49
 847.00 -116.82   1.78
 848.00 -35.84  80.91
 849.00 -68.07 -34.56
 850.00 -82.63 -11.87
 851.00 -72.74 -33.72
 852.00 -75.18 -35.92
 853.00 -70.71 -31.95
 854.00 -68.64 -30.68
 855.00 -68.82 -41.24
 856.00 -59.14 -39.77
 857.00 -74.15 -33.95
 858.00 -66.64 -38.47
 859.00 -57.76 -50.67
 860.00 -72.34 -31.83
 861.00 -59.74 -49.86
 862.00 -70.68 -36.82
 863.00 -75.11 -29.89
 864.00 -79.62 -28.19
 865.00 -82.45 -12.56
 866.00 -59.77 -28.45
 867.00 -61.87 -46.21
 868.00 -76.10 -27.19
 869.00 -57.28 -41.62
 870.00 -57.58 -41.34
 871.00 -67.99 -38.83
 872.00 -76.53 -47.25
 873.00 -61.48 -26.92
 874.00 -65.97 -50.27
 875.00 -54.95 -33.34
 876.00 -77.87 -48.08
 877.00 -62.04 -34.17
 878.00 -49.06 -43.52
 879.00 -89.34 -27.74
 880.00 -87.41 -20.65
 881.00 -69.13 -33.99
 882.00 -103.84 -38.37
 883.00 -55.35  27.49
 884.00 -53.38 -45.20
 885.00 -78.77 -43.81
 886.00 -77.69 -39.91
 887.00  54.62   2.21
 888.00 -82.73  11.42
 889.00 -89.27 114.91
 890.00 -130.11 143.97
 891.00 -68.40 136.11
 892.00 -62.11 151.64
 893.00 -65.81 -40.72
 894.00 -74.60 -32.11
 895.00 -45.91 -50.11
 896.00 -58.16 -52.21
 897.00 -70.42 -44.03
 898.00 -79.99 -36.80
 899.00 -64.38 -42.23
 900.00 -108.73 -29.89
 901.00 -73.01 -59.27
 902.00 -61.08 -34.06
 903.00 -57.82 -46.31
 904.00 -68.36 -28.74
 905.00 -70.61 -37.32
 906.00 -48.00 -51.41
 907.00 -82.74 -44.77
 908.00  79.13  -4.39
 909.00 -76.08   4.22
 910.00 -115.99 -21.44
 911.00 -137.28 133.93
 912.00 -61.82 142.71
 913.00 -89.03 165.84
 914.00 -124.56 144.53
 915.00 -71.20 144.05
 916.00 -135.03 -31.58
 917.00 -109.24 149.24


