 residuo Phi Psi
 669.00 -68.23 141.59
 670.00 -56.71 147.51
 671.00 -58.19 167.73
 672.00 -49.34 -52.81
 673.00 -79.90 -50.06
 674.00 -71.21 -24.79
 675.00 -61.29 -36.33
 676.00 -60.65 -56.66
 677.00 -77.81 -33.85
 678.00 -71.97 -30.18
 679.00 -74.03 -33.13
 680.00 -77.05 -15.48
 681.00 -87.55 135.06
 682.00 -92.98 170.67
 683.00 -61.19 168.80
 684.00 -102.60 136.92
 685.00 -98.28 148.83
 686.00 -66.64 127.64
 687.00  71.83 -16.05
 688.00 -68.06  17.76
 689.00 -88.65 133.09
 690.00 -70.12  86.23
 691.00 -73.23 -15.21
 692.00 -108.86  -5.35
 693.00 -70.84 162.27
 694.00 -92.79 157.45
 695.00 -155.61 144.27
 696.00 -51.41 152.45
 697.00 -63.84 -43.56
 698.00 -77.54 -46.90
 699.00 -62.64 -40.50
 700.00 -65.73 -55.33
 701.00 -62.47 -30.68
 702.00 -74.65 -42.64
 703.00 -63.05 -28.84
 704.00 -59.00 -52.16
 705.00 -59.34 -48.11
 706.00 -60.15 -47.82
 707.00 -61.05 -36.00
 708.00 -64.51 -37.48
 709.00 -55.07 -50.40
 710.00 -73.78 -45.39
 711.00 -61.08 -31.05
 712.00 -61.63 -43.56
 713.00 -68.03 -46.73
 714.00 -68.17 -25.76
 715.00 -73.79 -34.70
 716.00 -76.12 -29.68
 717.00 -66.29 -30.47
 718.00 -60.72 -45.38
 719.00 -63.76 -32.81
 720.00 -121.19  -6.00
 721.00 -71.13   3.77
 722.00 -48.36 127.08
 723.00  80.37 131.70
 724.00 -70.86 -18.55
 725.00 -84.86 -27.08
 726.00 -65.01   3.88
 727.00 -68.79 -35.51
 728.00 -68.44 142.13
 729.00 -67.62 151.43
 730.00 -68.65 -23.63
 731.00 -77.67 -43.92
 732.00 -60.47 -23.50
 733.00 -66.23 -47.93
 734.00 -55.85 -34.08
 735.00 -76.92 -60.14
 736.00 -74.84  -9.98
 737.00 -56.41 -52.39
 738.00 -80.22 -30.12
 739.00 -68.72 -46.76
 740.00 -42.40 -16.73
 741.00 -54.95 -57.59
 742.00 -60.17 -69.75
 743.00 -70.60 -32.10
 744.00 -77.19 -40.24
 745.00 -63.92 -29.00
 746.00 -62.63 -50.87
 747.00 -60.92 -48.61
 748.00 -60.67 -37.84
 749.00 -48.54 -42.78
 750.00 -59.94 -47.15
 751.00 -62.53 -46.60
 752.00 -59.20 -37.03
 753.00 -53.72 -59.90
 754.00 -89.26 -37.10
 755.00 -80.90 -45.57
 756.00 -125.25 -41.38
 757.00  53.11  17.93
 758.00  59.72  43.59
 759.00 -77.77 -15.46
 760.00 -133.23  -4.87
 761.00 -111.25 175.30
 762.00 -106.30 125.03
 763.00 -53.75  68.46
 764.00 -147.48 -50.59
 765.00 -61.63 161.50
 766.00 -104.05 -19.76
 767.00 -118.01 -15.91
 768.00 -84.45  60.17
 769.00 -105.86 136.63
 770.00 -78.37 105.70
 771.00 -68.02 176.60
 772.00 -73.80 -27.54
 773.00 -61.81 -44.68
 774.00 -56.01 -40.49
 775.00 -84.82 -33.93
 776.00 -55.43 -48.54
 777.00 -74.62 -48.93
 778.00  55.96  -8.41
 779.00 -115.21  40.41
 780.00 -60.80  15.71
 781.00 -61.86 -43.66
 782.00 -56.68 -52.64
 783.00 -88.21 -38.75
 784.00 -45.42 -36.05
 785.00 -70.03 -45.67
 786.00 -87.27 -28.68
 787.00 -59.66 -31.33
 788.00 -49.41 -47.01
 789.00 -72.61 -41.48
 790.00 -62.37 -45.36
 791.00 -64.53 -36.96
 792.00 -55.26 -48.13
 793.00 -59.08 -29.92
 794.00 -84.57 -26.88
 795.00 -59.45 -30.51
 796.00 -84.62 -37.22
 797.00  57.43 -31.53
 798.00 -68.86  60.32
 799.00 -84.37 133.12
 800.00 -48.85 156.18
 801.00 -59.46 -40.26
 802.00 -65.73 -53.04
 803.00 -52.06 -43.94
 804.00 -55.42 -63.43
 805.00 -68.83 -37.18
 806.00 -60.10 -47.97
 807.00 -59.35 -32.47
 808.00 -84.23 -37.31
 809.00 -60.27 -34.29
 810.00 -66.49 -32.84
 811.00 -84.43 -11.27
 812.00 -118.73 -15.03
 813.00 -118.58  32.92
 814.00 -146.20 -16.51
 815.00 -139.87 126.92
 816.00 -85.14 168.95
 817.00 -77.08 164.47
 818.00 -94.73 -22.07
 819.00  68.06   8.53
 820.00 -72.00 173.09
 821.00 -62.93 152.96
 822.00 -109.72 -18.50
 823.00 -56.60  26.00
 824.00 -56.02 -39.89
 825.00 -67.92 -43.73
 826.00 -71.01 -43.97
 827.00 -60.86 -33.58
 828.00 -61.05 -39.70
 829.00 -75.98 -41.89
 830.00 -60.82 -33.34
 831.00 -66.77 -42.07
 832.00 -62.03 -35.60
 833.00 -60.84 -62.20
 834.00 -65.90 -20.26
 835.00 -69.26 -52.50
 836.00 -67.32 -40.02
 837.00 -70.34 -29.64
 838.00 -57.11 -47.07
 839.00 -82.22 -20.98
 840.00 -122.37 -16.12
 841.00 -77.29   1.90
 842.00 -95.37 164.14
 843.00 -162.20  87.57
 844.00 -94.16 166.94
 845.00 -59.87 108.55
 846.00 -77.67 -37.82
 847.00 -68.39 -22.03
 848.00 -48.95 120.34
 849.00 -109.84 -38.03
 850.00 -83.88  13.40
 851.00 -87.51 -44.49
 852.00 -75.34 -27.46
 853.00 -64.74 -37.35
 854.00 -61.60 -42.44
 855.00 -59.41 -44.87
 856.00 -53.31 -49.82
 857.00 -77.73 -32.24
 858.00 -80.80 -25.41
 859.00 -49.83 -52.11
 860.00 -66.06 -48.09
 861.00 -71.06 -27.12
 862.00 -75.74 -41.53
 863.00 -69.62 -33.99
 864.00 -77.40 -33.46
 865.00 -80.12   3.08
 866.00 -54.38 -33.94
 867.00 -62.08 -42.76
 868.00 -75.61 -36.06
 869.00 -61.28 -43.02
 870.00 -56.10 -47.44
 871.00 -70.13 -40.91
 872.00 -76.30 -46.74
 873.00 -55.71 -31.19
 874.00 -72.16 -35.64
 875.00 -67.54 -43.32
 876.00 -74.22 -30.71
 877.00 -67.62 -42.15
 878.00 -67.67 -35.34
 879.00 -69.19 -35.89
 880.00 -71.66 -40.76
 881.00 -52.50 -39.07
 882.00 -88.82 -45.49
 883.00 -57.46  10.62
 884.00 -79.21 -50.97
 885.00 -51.39 -32.45
 886.00 -120.66 -35.10
 887.00  62.53  27.62
 888.00 -82.16  21.41
 889.00 -98.23 128.61
 890.00 -106.32 129.35
 891.00 -72.10 145.19
 892.00 -58.62 137.91
 893.00 -63.08 -39.67
 894.00 -58.80 -41.41
 895.00 -63.43 -45.78
 896.00 -67.58 -23.43
 897.00 -65.14 -36.91
 898.00 -68.02 -53.86
 899.00 -94.77 -22.66
 900.00 -118.76 -21.33
 901.00 -102.36 -42.59
 902.00 -65.75 -25.87
 903.00 -52.91 -40.57
 904.00 -50.65 -42.88
 905.00 -87.88 -32.40
 906.00 -77.98 -16.86
 907.00 -61.74 -50.32
 908.00  61.91  -9.53
 909.00 -74.87  22.35
 910.00 -121.39 -23.16
 911.00 -154.57 135.59
 912.00 -78.32 141.46
 913.00 -78.87 145.71
 914.00 -77.20  90.98
 915.00 -76.06 137.26
 916.00 -128.35 -28.36
 917.00 -130.50 161.47


