 residuo Phi Psi
 669.00 -69.25 119.20
 670.00 -81.10 139.89
 671.00 -72.64 130.09
 672.00 -55.36 -16.52
 673.00 -65.55 -26.02
 674.00 -58.71 -49.57
 675.00 -74.07 -35.18
 676.00 -52.81 -52.07
 677.00 -64.51 -37.35
 678.00 -59.72 -46.21
 679.00 -89.56 -42.47
 680.00 -51.15 -12.87
 681.00 -65.66 131.68
 682.00 -88.44 146.64
 683.00 -61.99 -167.77
 684.00 -142.47 144.13
 685.00 -113.94 139.89
 686.00 -79.29 153.48
 687.00  72.86 -17.88
 688.00 -82.42  28.31
 689.00 -89.74 138.35
 690.00 -86.49 113.35
 691.00 -86.87   8.80
 692.00 -75.78 -21.39
 693.00 -70.67 163.39
 694.00 -66.40 135.92
 695.00 -120.31 113.95
 696.00 -49.19 149.90
 697.00 -47.34 -54.41
 698.00 -60.36 -59.01
 699.00 -65.24 -45.80
 700.00 -69.77 -48.32
 701.00 -56.40 -44.25
 702.00 -70.56 -44.34
 703.00 -64.95 -35.19
 704.00 -57.78 -43.04
 705.00 -71.14 -46.55
 706.00 -51.09 -46.19
 707.00 -56.26 -36.71
 708.00 -69.00 -42.11
 709.00 -63.22 -45.82
 710.00 -69.90 -29.69
 711.00 -59.67 -39.98
 712.00 -69.68 -36.31
 713.00 -105.66  -9.21
 714.00 -67.96 -31.10
 715.00 -53.98 -47.31
 716.00 -78.46 -36.70
 717.00 -71.31 -34.85
 718.00 -63.47 -33.57
 719.00 -64.62 -39.13
 720.00 -114.26  -9.13
 721.00 -58.30  -8.31
 722.00 -57.87 130.81
 723.00  50.00 154.69
 724.00 -55.37 -16.42
 725.00 -59.65 -37.90
 726.00 -63.94 -26.64
 727.00 -63.84 -27.79
 728.00 -62.53 150.48
 729.00 -60.20 147.67
 730.00 -75.63 -31.20
 731.00 -74.54 -27.91
 732.00 -61.26 -38.87
 733.00 -56.76 -47.83
 734.00 -69.55 -37.93
 735.00 -66.01 -52.88
 736.00 -66.16 -28.18
 737.00 -76.29 -40.22
 738.00 -80.38 -30.98
 739.00 -76.00 -41.72
 740.00 -55.70 -10.83
 741.00 -57.21 -50.60
 742.00 -77.60 -50.81
 743.00 -73.92 -22.13
 744.00 -73.36 -46.20
 745.00 -78.37 -20.40
 746.00 -61.99 -36.57
 747.00 -57.78 -49.76
 748.00 -63.50 -46.87
 749.00 -79.48 -24.99
 750.00 -73.26 -35.95
 751.00 -55.39 -41.31
 752.00 -46.16 -53.30
 753.00 -73.02 -41.18
 754.00 -106.19 -38.97
 755.00 -116.85  14.50
 756.00 -149.79 -36.79
 757.00  54.78  25.95
 758.00  55.53  28.74
 759.00 -86.58  23.41
 760.00 -106.49 -43.21
 761.00 -77.79 150.20
 762.00 -123.68 141.88
 763.00 -56.63  73.23
 764.00 -152.78 -49.63
 765.00 -58.89 175.31
 766.00 -105.86 -18.52
 767.00 -135.12  -3.09
 768.00 -69.12  61.16
 769.00 -113.57 142.98
 770.00 -139.39 147.26
 771.00 -65.03 176.55
 772.00 -76.08 -20.94
 773.00 -64.34 -49.60
 774.00 -63.81 -37.46
 775.00 -76.94 -32.16
 776.00 -73.19 -45.77
 777.00 -73.46 -25.18
 778.00  51.39  -6.37
 779.00 -140.73  36.58
 780.00 -58.67  34.30
 781.00 -61.15 -39.23
 782.00 -69.32 -35.85
 783.00 -59.89 -41.14
 784.00 -83.51 -35.58
 785.00 -63.22 -31.44
 786.00 -55.16 -47.85
 787.00 -62.77 -55.35
 788.00 -60.32 -36.43
 789.00 -67.80 -41.70
 790.00 -65.74 -28.98
 791.00 -66.04 -42.25
 792.00 -51.84 -23.01
 793.00 -57.64 -40.89
 794.00 -71.72 -41.52
 795.00 -49.78 -58.18
 796.00 -79.85 -45.08
 797.00  48.39 -11.00
 798.00 -64.59  56.80
 799.00 -83.14 125.54
 800.00 -57.87 159.52
 801.00 -61.67 -32.51
 802.00 -59.93 -54.71
 803.00 -60.74 -36.77
 804.00 -64.97 -52.87
 805.00 -70.08 -25.79
 806.00 -69.15 -47.71
 807.00 -69.02 -31.45
 808.00 -59.95 -47.53
 809.00 -59.66 -41.88
 810.00 -61.15 -21.32
 811.00 -70.22 -34.84
 812.00 -110.03 -24.02
 813.00 -116.66  16.91
 814.00 -144.56   2.42
 815.00 -130.42 111.13
 816.00 -50.00 160.97
 817.00 -59.74 146.13
 818.00 -82.18 -49.29
 819.00  81.19  22.97
 820.00 -65.59 170.04
 821.00 -73.48 176.33
 822.00 -148.13 -21.28
 823.00 -72.00  90.20
 824.00 -54.51 -27.88
 825.00 -73.65 -31.27
 826.00 -85.05 -28.07
 827.00 -47.33 -37.72
 828.00 -71.42 -49.69
 829.00 -56.18 -40.81
 830.00 -60.27 -49.98
 831.00 -72.11 -39.43
 832.00 -56.33 -46.84
 833.00 -66.54 -39.77
 834.00 -59.95 -42.87
 835.00 -83.88 -22.94
 836.00 -72.56 -31.03
 837.00 -58.72 -34.36
 838.00 -79.75 -37.24
 839.00 -81.46 -15.37
 840.00 -99.04 -37.01
 841.00 -38.03  -9.73
 842.00 -76.87 142.32
 843.00 -156.56  90.86
 844.00 -59.41 149.60
 845.00 -66.25 115.05
 846.00 -70.51 -34.78
 847.00 -127.77   1.69
 848.00 -52.99  66.42
 849.00 -72.12 -20.53
 850.00 -71.64 -34.06
 851.00 -84.91 -18.29
 852.00 -55.13 -44.74
 853.00 -62.40 -47.28
 854.00 -71.69 -43.64
 855.00 -59.23 -39.37
 856.00 -59.05 -41.67
 857.00 -56.42 -47.49
 858.00 -58.08 -50.47
 859.00 -77.14 -33.71
 860.00 -56.47 -42.28
 861.00 -76.29 -35.93
 862.00 -59.11 -37.73
 863.00 -63.57 -49.42
 864.00 -71.27 -27.15
 865.00 -77.02  -9.53
 866.00 -59.13 -38.20
 867.00 -58.64 -51.73
 868.00 -76.70 -24.91
 869.00 -66.15 -42.48
 870.00 -74.26 -29.61
 871.00 -50.99 -45.26
 872.00 -64.43 -51.53
 873.00 -59.32 -39.67
 874.00 -61.23 -49.10
 875.00 -66.37 -36.55
 876.00 -63.85 -55.85
 877.00 -63.13 -30.62
 878.00 -63.49 -51.76
 879.00 -69.14 -25.64
 880.00 -62.19 -42.22
 881.00 -54.71 -46.34
 882.00 -93.20 -42.59
 883.00 -61.19  21.96
 884.00 -68.46 -40.92
 885.00 -57.02 -44.61
 886.00 -107.16 -25.16
 887.00  67.46  -9.35
 888.00 -96.95  36.99
 889.00 -85.08 127.36
 890.00 -121.67 129.14
 891.00 -62.09 125.80
 892.00 -50.88 143.51
 893.00 -69.25 -34.09
 894.00 -64.38 -49.61
 895.00 -65.93 -42.77
 896.00 -63.19 -33.97
 897.00 -57.06 -48.67
 898.00 -66.26 -50.30
 899.00 -83.58 -36.18
 900.00 -108.81 -32.11
 901.00 -83.21 -62.66
 902.00 -63.32 -37.61
 903.00 -80.94 -40.67
 904.00 -63.20 -10.10
 905.00 -70.66 -42.43
 906.00 -63.07 -52.14
 907.00 -85.01 -30.38
 908.00  76.69   3.44
 909.00 -76.24   6.14
 910.00 -103.63 -32.54
 911.00 -161.53 140.60
 912.00 -70.11 152.08
 913.00 -74.17 149.26
 914.00 -128.46 145.87
 915.00 -88.64 142.75
 916.00 -132.50 -38.78
 917.00 -71.71 150.91


