 residuo Phi Psi
 669.00 -69.96 155.90
 670.00 -64.63 143.85
 671.00 -114.21 132.30
 672.00 -66.48 -49.27
 673.00 -48.53 -33.72
 674.00 -66.23 -42.83
 675.00 -54.96 -44.32
 676.00 -69.94 -35.55
 677.00 -52.82 -49.24
 678.00 -58.62 -45.56
 679.00 -80.78 -49.69
 680.00 -57.97  -9.16
 681.00 -45.50 122.68
 682.00 -90.01 156.04
 683.00 -80.51 -145.38
 684.00 -133.29 138.29
 685.00 -73.81 106.84
 686.00 -86.19 151.93
 687.00  90.96 -18.63
 688.00 -70.19  12.28
 689.00 -136.62 156.14
 690.00 -62.01 110.38
 691.00 -86.81   2.25
 692.00 -73.12 -10.41
 693.00 -55.41 144.75
 694.00 -76.95 146.95
 695.00 -116.83 112.05
 696.00 -43.14 149.15
 697.00 -44.27 -64.66
 698.00 -67.99 -45.29
 699.00 -70.03 -49.84
 700.00 -79.40 -39.61
 701.00 -72.81 -25.63
 702.00 -75.01 -32.92
 703.00 -68.35 -24.24
 704.00 -60.10 -47.61
 705.00 -71.10 -33.25
 706.00 -64.44 -35.57
 707.00 -50.60 -39.35
 708.00 -75.28 -48.92
 709.00 -57.64 -34.77
 710.00 -54.21 -60.26
 711.00 -50.07 -44.89
 712.00 -59.75 -43.74
 713.00 -78.29 -41.03
 714.00 -67.99 -32.21
 715.00 -57.28 -50.09
 716.00 -68.62 -37.56
 717.00 -67.03 -40.37
 718.00 -59.97 -33.97
 719.00 -55.93 -50.42
 720.00 -90.43 -30.89
 721.00 -73.20  -8.98
 722.00 -71.80 149.29
 723.00  70.81 157.45
 724.00 -59.81 -26.42
 725.00 -68.58 -46.22
 726.00 -84.97  -9.73
 727.00 -67.48 -12.12
 728.00 -66.66 156.22
 729.00 -71.81 143.27
 730.00 -88.82  -8.38
 731.00 -75.05 -30.08
 732.00 -44.40 -36.54
 733.00 -84.41 -34.45
 734.00 -48.33 -48.12
 735.00 -59.77 -57.32
 736.00 -70.29 -42.28
 737.00 -50.64 -46.75
 738.00 -100.72 -33.11
 739.00 -105.53  -8.75
 740.00 -54.12 -19.29
 741.00 -67.80 -41.74
 742.00 -53.72 -51.75
 743.00 -55.56 -53.03
 744.00 -61.70 -52.10
 745.00 -70.01 -35.62
 746.00 -61.60 -38.98
 747.00 -45.23 -56.77
 748.00 -49.62 -60.85
 749.00 -65.60 -47.35
 750.00 -83.13 -23.78
 751.00 -58.60 -40.21
 752.00 -74.36 -38.47
 753.00 -79.12 -25.25
 754.00 -76.99 -32.38
 755.00 -87.81 -48.68
 756.00 -129.54 -43.42
 757.00  49.46  34.85
 758.00  53.17  33.89
 759.00 -84.76  26.49
 760.00 -135.63 -30.56
 761.00 -83.99 162.11
 762.00 -77.95  95.38
 763.00 -72.29  78.92
 764.00 -154.84 -40.17
 765.00 -70.65 169.45
 766.00 -77.01 -30.11
 767.00 -102.83 -51.09
 768.00 -108.66  91.60
 769.00 -97.63 127.81
 770.00 -81.71 103.02
 771.00 -55.41 -177.17
 772.00 -66.26 -40.69
 773.00 -63.69 -43.67
 774.00 -69.51 -33.75
 775.00 -68.97 -31.04
 776.00 -73.33 -31.91
 777.00 -63.01 -22.04
 778.00  55.68 -17.32
 779.00 -148.49  24.51
 780.00 -62.53  44.58
 781.00 -52.94 -27.31
 782.00 -55.30 -68.93
 783.00 -61.61 -30.59
 784.00 -62.59 -47.54
 785.00 -64.66 -41.94
 786.00 -76.60 -29.61
 787.00 -59.14 -33.07
 788.00 -50.49 -56.18
 789.00 -71.02 -33.95
 790.00 -68.90 -27.41
 791.00 -65.42 -34.87
 792.00 -57.16 -23.20
 793.00 -60.70 -32.81
 794.00 -97.77 -29.37
 795.00 -64.19 -44.85
 796.00 -82.53 -41.13
 797.00  51.96  -8.09
 798.00 -69.27  56.23
 799.00 -85.96 124.21
 800.00 -53.51 148.76
 801.00 -66.25 -29.54
 802.00 -65.62 -47.48
 803.00 -60.58 -29.76
 804.00 -58.84 -54.64
 805.00 -72.70 -35.30
 806.00 -68.57 -43.66
 807.00 -66.32 -40.15
 808.00 -63.24 -28.96
 809.00 -70.94 -39.70
 810.00 -70.82 -26.76
 811.00 -62.66 -22.85
 812.00 -120.18 -21.15
 813.00 -134.45  43.28
 814.00 -151.05  -5.23
 815.00 -149.85 125.58
 816.00 -57.23 172.01
 817.00 -58.35 147.72
 818.00 -68.45 -42.94
 819.00  80.46 -13.36
 820.00 -84.87 179.84
 821.00 -72.75 170.73
 822.00 -135.06 -19.74
 823.00 -91.97 113.98
 824.00 -71.96 -24.52
 825.00 -65.91 -33.43
 826.00 -70.52 -39.23
 827.00 -55.38 -38.84
 828.00 -75.79 -40.00
 829.00 -73.96 -44.96
 830.00 -68.89 -26.69
 831.00 -63.16 -49.99
 832.00 -52.68 -32.90
 833.00 -73.98 -58.48
 834.00 -60.56 -15.01
 835.00 -67.03 -56.26
 836.00 -71.14 -43.73
 837.00 -53.09 -39.27
 838.00 -61.57 -56.76
 839.00 -65.28 -26.32
 840.00 -132.27 -24.22
 841.00 -59.49  11.30
 842.00 -76.22 141.08
 843.00 -132.85  81.00
 844.00 -101.98 167.22
 845.00 -59.33  92.64
 846.00 -81.02 -22.19
 847.00 -144.50   9.54
 848.00 -52.87  71.27
 849.00 -74.68 -20.94
 850.00 -64.02 -18.83
 851.00 -83.39 -28.09
 852.00 -67.65 -34.36
 853.00 -75.55 -30.35
 854.00 -63.02 -46.04
 855.00 -60.18 -44.55
 856.00 -67.76 -32.48
 857.00 -54.92 -45.77
 858.00 -84.98 -31.64
 859.00 -64.84 -36.01
 860.00 -78.90 -24.84
 861.00 -83.51 -22.92
 862.00 -54.01 -51.48
 863.00 -77.98 -38.13
 864.00 -73.33 -19.86
 865.00 -72.91 -12.61
 866.00 -65.53 -39.55
 867.00 -57.97 -58.22
 868.00 -69.25 -31.68
 869.00 -63.61 -47.85
 870.00 -55.23 -40.05
 871.00 -79.38 -33.29
 872.00 -74.20 -31.66
 873.00 -59.21 -34.74
 874.00 -75.04 -33.18
 875.00 -64.27 -49.43
 876.00 -61.28 -44.30
 877.00 -65.82 -37.95
 878.00 -54.83 -48.62
 879.00 -50.55 -50.18
 880.00 -64.94 -43.22
 881.00 -79.71 -25.95
 882.00 -118.23  -8.25
 883.00 -47.19  -0.18
 884.00 -75.99 -38.74
 885.00 -88.68 -30.73
 886.00 -85.59 -36.38
 887.00  54.50  -7.33
 888.00 -91.33  36.53
 889.00 -109.31 142.43
 890.00 -116.36 144.87
 891.00 -71.85 141.06
 892.00 -72.00 158.20
 893.00 -84.05 -35.39
 894.00 -80.37 -11.57
 895.00 -66.84 -47.56
 896.00 -58.42 -43.71
 897.00 -71.81 -34.42
 898.00 -65.93 -50.45
 899.00 -74.65 -35.40
 900.00 -134.44 -23.46
 901.00 -99.17 -29.18
 902.00 -60.44 -44.36
 903.00 -51.16 -33.23
 904.00 -73.91 -37.36
 905.00 -61.92 -32.35
 906.00 -61.29 -51.34
 907.00 -92.52 -24.16
 908.00  66.26  -4.74
 909.00 -74.49  22.56
 910.00 -118.13 -22.05
 911.00 -140.14 132.62
 912.00 -70.60 135.33
 913.00 -80.04 140.38
 914.00 -81.70  92.43
 915.00 -73.35 131.68
 916.00 -103.57 -40.86
 917.00 -71.11 164.52


