 residuo Phi Psi
 669.00 -55.84 139.10
 670.00 -63.76 117.11
 671.00 -60.33  69.70
 672.00 -38.01 -12.25
 673.00 -57.47 -53.33
 674.00 -67.96 -42.03
 675.00 -58.22 -45.75
 676.00 -61.95 -36.58
 677.00 -64.83 -48.38
 678.00 -72.19 -25.79
 679.00 -82.58 -46.98
 680.00 -59.27 -15.60
 681.00 -50.25 116.11
 682.00 -74.67 149.97
 683.00 -52.29 179.92
 684.00 -136.52 147.33
 685.00 -93.34 128.33
 686.00 -80.57 154.59
 687.00  89.40 -34.76
 688.00 -76.43  24.11
 689.00 -93.95 145.75
 690.00 -106.89 134.16
 691.00 -76.64   3.00
 692.00 -63.11 -32.27
 693.00 -64.38 155.09
 694.00 -71.24 144.02
 695.00 -162.39 143.46
 696.00 -43.60 156.01
 697.00 -80.64 -60.27
 698.00 -81.60 -29.41
 699.00 -77.00 -14.45
 700.00 -75.54 -48.65
 701.00 -64.93 -21.15
 702.00 -68.45 -51.81
 703.00 -61.93 -37.30
 704.00 -59.81 -43.60
 705.00 -64.03 -42.51
 706.00 -56.82 -46.46
 707.00 -53.48 -29.72
 708.00 -67.90 -57.87
 709.00 -50.33 -36.56
 710.00 -64.75 -61.27
 711.00 -69.33 -36.04
 712.00 -60.86 -41.94
 713.00 -77.17 -33.92
 714.00 -56.28 -53.07
 715.00 -61.17 -40.72
 716.00 -71.65 -38.45
 717.00 -71.69 -34.96
 718.00 -60.93 -36.16
 719.00 -61.89 -36.81
 720.00 -130.52  -1.52
 721.00 -72.60  -1.53
 722.00 -50.10 124.30
 723.00  66.61 146.61
 724.00 -60.70 -22.91
 725.00 -87.09 -19.45
 726.00 -64.21  -8.21
 727.00 -67.06 -31.39
 728.00 -69.79 140.52
 729.00 -45.40 140.18
 730.00 -69.63 -27.24
 731.00 -79.27 -33.43
 732.00 -62.28 -31.72
 733.00 -70.63 -42.60
 734.00 -67.35 -31.01
 735.00 -79.47 -46.39
 736.00 -65.77 -31.77
 737.00 -71.52 -44.26
 738.00 -86.28 -23.95
 739.00 -90.45 -29.37
 740.00 -55.56  -3.98
 741.00 -60.70 -47.29
 742.00 -61.90 -52.02
 743.00 -74.65 -34.00
 744.00 -73.36 -37.57
 745.00 -78.54 -37.34
 746.00 -63.59 -28.32
 747.00 -54.52 -52.81
 748.00 -62.19 -52.45
 749.00 -63.97 -44.90
 750.00 -65.28 -29.24
 751.00 -61.16 -44.61
 752.00 -55.93 -43.02
 753.00 -64.79 -49.68
 754.00 -79.14 -51.42
 755.00 -127.18   3.21
 756.00 -140.37 -33.58
 757.00  49.09  22.31
 758.00  63.76  38.29
 759.00 -73.51   9.25
 760.00 -109.85 -42.85
 761.00 -85.29 159.12
 762.00 -89.58 102.17
 763.00 -75.96  83.02
 764.00 -154.73 -50.54
 765.00 -52.66 151.90
 766.00 -93.47 -27.48
 767.00 -149.04  -1.85
 768.00 -123.88  90.72
 769.00 -81.23 118.02
 770.00 -79.12 125.22
 771.00 -65.02 -176.50
 772.00 -65.74 -26.05
 773.00 -75.61 -38.35
 774.00 -67.73 -25.26
 775.00 -60.83 -46.54
 776.00 -64.51 -50.76
 777.00 -86.01 -28.26
 778.00  52.10   7.78
 779.00 -127.56  21.28
 780.00 -63.77  29.67
 781.00 -68.45 -37.45
 782.00 -62.48 -39.26
 783.00 -67.65 -49.48
 784.00 -54.23 -36.66
 785.00 -73.87 -46.56
 786.00 -58.95 -32.94
 787.00 -66.69 -37.29
 788.00 -65.93 -44.98
 789.00 -66.54 -34.92
 790.00 -67.15 -42.68
 791.00 -52.11 -36.38
 792.00 -62.10 -24.70
 793.00 -57.46 -40.56
 794.00 -90.24 -32.42
 795.00 -72.00 -21.17
 796.00 -77.35 -44.73
 797.00  47.92 -12.06
 798.00 -85.66  82.73
 799.00 -86.27 141.87
 800.00 -55.99 154.58
 801.00 -53.43 -40.45
 802.00 -60.33 -57.37
 803.00 -51.76 -41.55
 804.00 -61.94 -52.62
 805.00 -61.98 -39.65
 806.00 -80.90 -40.99
 807.00 -67.59 -35.91
 808.00 -59.47 -40.34
 809.00 -66.90 -35.93
 810.00 -76.79 -20.03
 811.00 -60.96 -24.90
 812.00 -106.67 -21.59
 813.00 -103.49  21.89
 814.00 -152.33   1.73
 815.00 -142.95 131.90
 816.00 -84.86 171.59
 817.00 -64.03 157.71
 818.00 -69.75 -40.32
 819.00  76.81 -19.15
 820.00 -65.78 155.68
 821.00 -60.45 164.84
 822.00 -129.68 -27.18
 823.00 -99.14 121.50
 824.00 -69.13 -29.89
 825.00 -61.54 -39.95
 826.00 -63.20 -42.87
 827.00 -69.87 -44.66
 828.00 -74.20 -27.21
 829.00 -67.18 -37.45
 830.00 -68.05 -40.30
 831.00 -59.13 -45.35
 832.00 -62.92 -41.68
 833.00 -61.74 -44.76
 834.00 -73.97 -37.36
 835.00 -59.38 -42.79
 836.00 -87.95 -31.96
 837.00 -41.00 -38.18
 838.00 -59.69 -55.06
 839.00 -95.06 -11.94
 840.00 -70.91 -53.23
 841.00 -37.64  -7.34
 842.00 -74.48 122.04
 843.00 -148.46 101.76
 844.00 -84.46 171.38
 845.00 -49.87 105.17
 846.00 -74.87 -32.90
 847.00 -123.83 -14.94
 848.00 -67.73  75.72
 849.00 -58.91 -13.05
 850.00 -62.40 -33.14
 851.00 -63.77 -38.81
 852.00 -66.14 -42.29
 853.00 -53.40 -43.11
 854.00 -53.28 -53.12
 855.00 -52.83 -54.23
 856.00 -61.24 -46.00
 857.00 -68.25 -43.37
 858.00 -69.62 -33.34
 859.00 -66.30 -45.55
 860.00 -77.68 -19.02
 861.00 -73.74 -32.88
 862.00 -44.12 -49.21
 863.00 -60.01 -54.38
 864.00 -89.41 -12.20
 865.00 -92.77 -27.55
 866.00 -53.00 -25.72
 867.00 -68.28 -38.49
 868.00 -65.27 -40.09
 869.00 -67.48 -32.83
 870.00 -57.36 -38.88
 871.00 -68.47 -39.41
 872.00 -67.08 -47.27
 873.00 -71.04 -30.29
 874.00 -70.01 -43.54
 875.00 -68.92 -32.44
 876.00 -63.57 -60.29
 877.00 -67.60 -34.19
 878.00 -74.58 -33.30
 879.00 -62.88 -32.89
 880.00 -66.62 -39.38
 881.00 -80.92 -31.33
 882.00 -117.14  -8.53
 883.00 -55.91  -2.04
 884.00 -66.07 -30.51
 885.00 -71.77 -42.89
 886.00 -71.41 -43.79
 887.00  31.29  -4.72
 888.00 -81.87  51.99
 889.00 -79.19 124.38
 890.00 -146.38 145.34
 891.00 -78.33 132.17
 892.00 -54.55 148.69
 893.00 -61.02 -40.37
 894.00 -78.07 -41.66
 895.00 -61.59 -40.48
 896.00 -78.89 -22.51
 897.00 -68.58 -51.35
 898.00 -71.50 -26.96
 899.00 -104.85 -33.88
 900.00 -111.38 -15.98
 901.00 -105.28 -40.31
 902.00 -52.31 -54.51
 903.00 -61.78 -37.11
 904.00 -71.88 -15.46
 905.00 -79.97 -21.99
 906.00 -56.13 -54.14
 907.00 -65.41 -48.44
 908.00  89.73 -14.23
 909.00 -73.64   3.78
 910.00 -125.92 -20.83
 911.00 -151.42 127.54
 912.00 -77.38 163.39
 913.00 -83.91 150.00
 914.00 -101.92 119.60
 915.00 -74.18 149.84
 916.00 -90.13 -56.49
 917.00 -82.07 157.59


