 residuo Phi Psi
 669.00 -57.41 171.46
 670.00 -74.64 148.95
 671.00 -161.50 111.11
 672.00 -62.51   6.49
 673.00 -63.13 -49.82
 674.00 -68.83 -32.94
 675.00 -73.48 -30.79
 676.00 -65.00 -36.28
 677.00 -80.74 -32.22
 678.00 -76.53 -26.12
 679.00 -83.60 -37.61
 680.00 -61.26 -15.86
 681.00 -67.69 104.92
 682.00 -60.54 170.34
 683.00 -68.93 143.34
 684.00 -73.17 124.41
 685.00 -79.75 125.48
 686.00 -83.84 158.89
 687.00  62.90 -20.15
 688.00 -58.32  11.23
 689.00 -80.00 118.82
 690.00 -77.17 119.75
 691.00 -76.52   1.50
 692.00 -76.00 -16.55
 693.00 -90.65 147.44
 694.00 -70.52 160.89
 695.00 -110.13  70.71
 696.00 -59.70 161.19
 697.00 -83.83 -41.51
 698.00 -57.93 -51.20
 699.00 -82.12 -24.25
 700.00 -77.80 -49.73
 701.00 -82.36 -27.86
 702.00 -74.09 -26.56
 703.00 -71.85 -25.96
 704.00 -66.81 -31.65
 705.00 -68.96 -33.82
 706.00 -50.09 -53.20
 707.00 -66.15 -43.25
 708.00 -70.57 -35.54
 709.00 -63.10 -37.47
 710.00 -84.49 -33.59
 711.00 -51.29 -42.23
 712.00 -67.55 -49.94
 713.00 -79.56 -20.10
 714.00 -72.87 -27.29
 715.00 -59.67 -32.09
 716.00 -47.08 -49.61
 717.00 -65.72 -51.33
 718.00 -69.36 -51.98
 719.00 -56.27 -27.45
 720.00 -97.26 -27.09
 721.00 -69.23  -2.52
 722.00 -55.24 123.61
 723.00  71.05 144.07
 724.00 -45.82 -16.81
 725.00 -49.72 -38.20
 726.00 -70.53 -17.16
 727.00 -78.83 -25.81
 728.00 -91.92 161.58
 729.00 -57.06 165.58
 730.00 -52.64 -36.26
 731.00 -74.82 -50.52
 732.00 -58.36 -35.61
 733.00 -64.90 -54.16
 734.00 -72.24 -27.70
 735.00 -71.73 -53.32
 736.00 -56.91 -32.09
 737.00 -69.94 -51.62
 738.00 -73.62 -32.57
 739.00 -65.05 -39.51
 740.00 -51.09  -6.04
 741.00 -59.38 -68.21
 742.00 -68.30 -42.99
 743.00 -66.46 -40.58
 744.00 -70.16 -45.95
 745.00 -58.54 -39.35
 746.00 -77.01 -43.10
 747.00 -72.92 -20.23
 748.00 -69.58 -43.28
 749.00 -39.25 -47.15
 750.00 -53.39 -59.97
 751.00 -46.86 -58.07
 752.00 -74.17 -34.71
 753.00 -68.99 -37.60
 754.00 -85.02 -44.88
 755.00 -123.00 -14.07
 756.00 -142.01 -24.90
 757.00  50.63  33.22
 758.00  56.48  32.64
 759.00 -70.85  -7.30
 760.00 -119.50 -31.18
 761.00 -96.67 166.43
 762.00 -93.47 119.18
 763.00 -60.24  59.56
 764.00 -144.02 -55.47
 765.00 -51.56 166.23
 766.00 -94.15 -30.06
 767.00 -144.19  -4.80
 768.00 -96.68  66.26
 769.00 -96.49 134.28
 770.00 -72.75 103.97
 771.00 -48.90 166.60
 772.00 -74.00 -36.83
 773.00 -60.01 -33.66
 774.00 -53.88 -44.87
 775.00 -75.82 -47.85
 776.00 -75.03 -38.90
 777.00 -69.63 -37.19
 778.00  56.60   0.82
 779.00 -128.90  24.61
 780.00 -54.53  46.47
 781.00 -64.60 -48.10
 782.00 -72.18 -34.84
 783.00 -75.99 -28.65
 784.00 -63.58 -37.04
 785.00 -66.64 -41.59
 786.00 -71.53 -33.57
 787.00 -67.39 -29.29
 788.00 -65.07 -48.87
 789.00 -53.12 -39.73
 790.00 -72.27 -41.72
 791.00 -68.75 -34.14
 792.00 -72.51 -15.42
 793.00 -59.22 -36.14
 794.00 -68.46 -38.29
 795.00 -65.35 -47.85
 796.00 -91.52 -29.40
 797.00  58.44 -16.08
 798.00 -56.05  45.76
 799.00 -74.38 122.34
 800.00 -51.71 160.31
 801.00 -69.95 -35.84
 802.00 -69.68 -40.53
 803.00 -41.52 -54.54
 804.00 -65.68 -51.36
 805.00 -62.73 -42.39
 806.00 -65.69 -40.63
 807.00 -54.80 -39.99
 808.00 -47.60 -52.78
 809.00 -66.66 -50.32
 810.00 -70.44 -17.28
 811.00 -72.97 -27.91
 812.00 -112.72 -22.05
 813.00 -130.04  38.34
 814.00 -154.66  19.18
 815.00 -140.45 124.89
 816.00 -69.74 160.78
 817.00 -64.61 160.62
 818.00 -91.86 -37.35
 819.00  93.60  14.53
 820.00 -69.75 162.99
 821.00 -53.41 158.25
 822.00 -145.02 -11.60
 823.00 -56.32  36.13
 824.00 -70.26 -39.53
 825.00 -93.27  -7.84
 826.00 -49.92 -41.84
 827.00 -61.93 -35.11
 828.00 -80.95 -43.05
 829.00 -54.34 -35.59
 830.00 -61.22 -45.93
 831.00 -68.78 -42.87
 832.00 -65.04 -38.30
 833.00 -78.63 -33.58
 834.00 -77.52 -16.93
 835.00 -54.58 -44.94
 836.00 -69.09 -47.73
 837.00 -71.30 -20.16
 838.00 -66.92 -42.29
 839.00 -53.06 -33.01
 840.00 -121.74 -36.67
 841.00 -58.06  -1.46
 842.00 -81.58 139.34
 843.00 -148.79  98.36
 844.00 -94.09 172.05
 845.00 -71.68 106.21
 846.00 -57.13 -29.49
 847.00 -100.76 -33.82
 848.00 -60.85  83.11
 849.00 -53.89 -22.04
 850.00 -71.64 -37.18
 851.00 -80.56 -25.56
 852.00 -75.22 -35.68
 853.00 -76.70 -22.79
 854.00 -64.35 -36.82
 855.00 -62.31 -48.75
 856.00 -62.32 -39.29
 857.00 -73.44 -33.60
 858.00 -66.49 -36.46
 859.00 -64.15 -45.35
 860.00 -66.26 -30.24
 861.00 -55.48 -42.27
 862.00 -57.40 -49.48
 863.00 -68.85 -47.85
 864.00 -78.79 -14.76
 865.00 -61.45 -23.19
 866.00 -68.92 -36.51
 867.00 -64.86 -45.36
 868.00 -95.50  -8.33
 869.00 -49.28 -32.35
 870.00 -70.68 -53.69
 871.00 -58.78 -32.57
 872.00 -69.39 -43.15
 873.00 -60.00 -32.67
 874.00 -79.47 -41.09
 875.00 -64.08 -37.25
 876.00 -77.44 -46.31
 877.00 -76.23 -31.84
 878.00 -73.09 -24.32
 879.00 -56.30 -47.91
 880.00 -58.30 -42.65
 881.00 -64.50 -48.65
 882.00 -92.87 -34.55
 883.00 -72.74  14.50
 884.00 -69.05 -25.72
 885.00 -67.35 -35.63
 886.00 -121.03 -29.61
 887.00  57.11  12.78
 888.00 -87.92  32.19
 889.00 -115.33 143.27
 890.00 -110.05 121.39
 891.00 -61.88 123.32
 892.00 -48.68 152.07
 893.00 -62.87 -53.66
 894.00 -64.32 -43.32
 895.00 -57.63 -40.79
 896.00 -60.25 -43.02
 897.00 -60.38 -43.83
 898.00 -79.01 -47.97
 899.00 -83.20 -31.77
 900.00 -121.89 -15.90
 901.00 -69.61 -67.06
 902.00 -59.18 -39.21
 903.00 -47.35 -50.28
 904.00 -72.31 -29.77
 905.00 -74.84 -31.31
 906.00 -71.36 -53.80
 907.00 -87.95 -20.18
 908.00  85.15   0.34
 909.00 -69.59  -9.31
 910.00 -122.75 -14.99
 911.00 -114.51 133.14
 912.00 -66.66 125.96
 913.00 -87.01 141.45
 914.00 -100.64 130.83
 915.00 -74.44 137.08
 916.00 -134.28 -25.29
 917.00 -78.36 161.17


