 residuo Phi Psi
 669.00 -77.87 147.30
 670.00 -54.80 140.10
 671.00 -122.54 127.22
 672.00 -60.61 -16.67
 673.00 -74.50 -44.84
 674.00 -81.90 -26.09
 675.00 -68.54 -27.93
 676.00 -48.17 -54.49
 677.00 -75.56 -38.44
 678.00 -68.47 -31.68
 679.00 -88.96 -46.85
 680.00 -64.69  -0.17
 681.00 -92.81 131.69
 682.00 -71.38 164.21
 683.00 -72.06 162.71
 684.00 -97.88 133.32
 685.00 -69.40 123.04
 686.00 -90.06 152.75
 687.00  75.74 -17.70
 688.00 -73.99  41.41
 689.00 -152.07 158.54
 690.00 -57.03 125.41
 691.00 -60.38 -12.39
 692.00 -56.21 -39.67
 693.00 -70.33 137.88
 694.00 -82.45 166.61
 695.00 -87.83  47.36
 696.00 -69.02 176.02
 697.00 -74.02 -32.06
 698.00 -86.42 -40.47
 699.00 -65.91 -30.99
 700.00 -72.58 -49.79
 701.00 -61.28 -38.28
 702.00 -72.87 -34.24
 703.00 -70.27 -25.71
 704.00 -66.34 -38.65
 705.00 -71.59 -35.68
 706.00 -47.93 -48.72
 707.00 -60.87 -41.78
 708.00 -64.51 -43.45
 709.00 -65.73 -48.48
 710.00 -76.49 -27.94
 711.00 -60.11 -41.76
 712.00 -60.67 -42.85
 713.00 -50.48 -53.91
 714.00 -74.25 -35.36
 715.00 -68.91 -39.01
 716.00 -79.82 -29.57
 717.00 -74.27 -22.36
 718.00 -60.61 -46.77
 719.00 -59.53 -32.46
 720.00 -125.13 -11.99
 721.00 -68.60  14.49
 722.00 -58.20 146.20
 723.00  77.64 114.43
 724.00 -62.76  -3.18
 725.00 -82.64 -18.81
 726.00 -65.33  -1.42
 727.00 -66.99 -32.89
 728.00 -62.41 150.29
 729.00 -57.96 138.83
 730.00 -80.05 -34.91
 731.00 -66.98 -20.76
 732.00 -63.22 -37.74
 733.00 -56.84 -46.55
 734.00 -67.48 -35.30
 735.00 -69.87 -63.00
 736.00 -67.90 -22.36
 737.00 -75.78 -40.64
 738.00 -69.40 -39.24
 739.00 -97.36 -24.69
 740.00 -63.13  16.61
 741.00 -58.77 -57.66
 742.00 -68.32 -57.42
 743.00 -78.92 -29.32
 744.00 -55.50 -51.54
 745.00 -66.59 -34.93
 746.00 -63.64 -42.83
 747.00 -58.79 -44.50
 748.00 -52.79 -44.51
 749.00 -67.44 -41.95
 750.00 -66.26 -39.70
 751.00 -60.15 -35.11
 752.00 -60.11 -47.76
 753.00 -61.66 -42.72
 754.00 -76.91 -51.52
 755.00 -93.07 -34.98
 756.00 -143.34 -23.96
 757.00  54.42  20.38
 758.00  59.64  39.47
 759.00 -61.40   0.80
 760.00 -133.89 -36.53
 761.00 -95.44 167.99
 762.00 -96.98 111.79
 763.00 -70.45  84.69
 764.00 -152.14 -41.65
 765.00 -54.18 159.51
 766.00 -86.90 -39.50
 767.00 -138.11  -2.07
 768.00 -93.71  69.92
 769.00 -102.28 132.10
 770.00 -56.49  92.51
 771.00 -61.01 171.28
 772.00 -56.53 -34.79
 773.00 -78.02 -40.76
 774.00 -63.74 -29.80
 775.00 -81.56 -25.95
 776.00 -66.09 -47.29
 777.00 -72.54 -35.99
 778.00  64.23  -2.88
 779.00 -98.72  -9.29
 780.00 -59.53  45.75
 781.00 -57.60 -56.91
 782.00 -70.84 -33.25
 783.00 -58.37 -43.82
 784.00 -70.58 -29.50
 785.00 -59.62 -45.18
 786.00 -69.47 -45.36
 787.00 -70.03 -26.88
 788.00 -67.31 -39.76
 789.00 -63.82 -28.03
 790.00 -46.56 -51.76
 791.00 -64.87 -46.79
 792.00 -76.27 -19.73
 793.00 -58.52 -31.94
 794.00 -71.91 -37.73
 795.00 -79.50 -36.93
 796.00 -73.44 -31.35
 797.00  54.07 -35.15
 798.00 -63.00  72.92
 799.00 -90.43 139.17
 800.00 -66.09 157.88
 801.00 -57.74 -28.80
 802.00 -68.90 -46.46
 803.00 -65.42 -32.72
 804.00 -67.98 -46.02
 805.00 -60.25 -47.97
 806.00 -57.78 -43.80
 807.00 -63.98 -46.18
 808.00 -63.84 -35.13
 809.00 -74.23 -29.05
 810.00 -71.67 -24.03
 811.00 -73.88 -15.01
 812.00 -120.18 -10.51
 813.00 -133.58  35.87
 814.00 -138.27   6.97
 815.00 -146.11 130.56
 816.00 -68.33 163.16
 817.00 -64.17 157.18
 818.00 -64.78 -46.35
 819.00 109.41 -13.48
 820.00 -130.21 -152.85
 821.00 -64.61 165.34
 822.00 -122.40 -45.14
 823.00 -60.61  62.55
 824.00 -64.42 -14.26
 825.00 -89.96 -28.84
 826.00 -69.26 -22.75
 827.00 -52.64 -52.85
 828.00 -49.57 -51.29
 829.00 -66.76 -55.26
 830.00 -48.20 -42.68
 831.00 -61.69 -52.40
 832.00 -57.18 -33.84
 833.00 -63.58 -61.40
 834.00 -53.71 -28.57
 835.00 -76.39 -50.42
 836.00 -74.75 -34.36
 837.00 -58.88 -35.42
 838.00 -58.13 -49.58
 839.00 -55.14 -34.86
 840.00 -126.14 -24.79
 841.00 -58.75  -0.03
 842.00 -62.69 136.98
 843.00 -142.67  96.92
 844.00 -103.14 -171.86
 845.00 -65.11  88.83
 846.00 -77.60 -15.22
 847.00 -126.95 -18.60
 848.00 -64.88  82.50
 849.00 -65.10 -16.12
 850.00 -68.12 -33.06
 851.00 -68.33 -31.56
 852.00 -58.38 -39.17
 853.00 -56.92 -56.67
 854.00 -60.03 -40.01
 855.00 -61.84 -54.72
 856.00 -51.44 -46.29
 857.00 -68.77 -39.38
 858.00 -75.17 -29.39
 859.00 -78.85 -27.42
 860.00 -58.39 -30.62
 861.00 -68.76 -33.94
 862.00 -55.86 -49.46
 863.00 -68.23 -41.46
 864.00 -82.03 -17.37
 865.00 -68.60 -24.55
 866.00 -69.04 -19.77
 867.00 -70.78 -36.75
 868.00 -63.51 -37.83
 869.00 -77.55 -39.41
 870.00 -56.63 -41.17
 871.00 -67.82 -38.78
 872.00 -62.93 -45.00
 873.00 -50.53 -42.68
 874.00 -59.04 -48.19
 875.00 -56.11 -40.40
 876.00 -66.50 -59.51
 877.00 -74.66 -25.02
 878.00 -68.76 -44.87
 879.00 -79.17 -27.05
 880.00 -53.72 -49.60
 881.00 -56.06 -51.80
 882.00 -112.82 -19.92
 883.00 -44.21   7.57
 884.00 -44.99 -54.90
 885.00 -96.41 -34.22
 886.00 -83.20 -31.20
 887.00  54.81  -3.80
 888.00 -84.84  26.12
 889.00 -74.73 116.56
 890.00 -112.26 124.04
 891.00 -66.48 108.72
 892.00 -52.91 135.05
 893.00 -59.85 -37.33
 894.00 -88.25 -32.75
 895.00 -54.58 -42.20
 896.00 -77.62 -24.50
 897.00 -65.65 -28.39
 898.00 -64.82 -53.76
 899.00 -68.34 -40.96
 900.00 -87.17 -52.22
 901.00 -91.39 -55.79
 902.00 -61.66 -42.84
 903.00 -52.79 -46.95
 904.00 -76.58 -25.41
 905.00 -78.57 -25.10
 906.00 -67.44 -39.51
 907.00 -73.41 -36.33
 908.00  88.92 -26.18
 909.00 -53.91   0.84
 910.00 -120.65 -34.28
 911.00 -154.85 133.80
 912.00 -62.84 153.56
 913.00 -93.36 170.62
 914.00 -114.92 138.70
 915.00 -85.02 142.39
 916.00 -133.99 -25.10
 917.00 -125.50 -176.71


