 residuo Phi Psi
 669.00 -63.36 -67.70
 670.00 -59.26 146.57
 671.00 -49.92 122.51
 672.00 -18.80 -42.12
 673.00 -56.97 -61.30
 674.00 -74.90 -43.99
 675.00 -62.95 -28.51
 676.00 -65.92 -39.94
 677.00 -73.54 -34.30
 678.00 -82.78 -30.14
 679.00 -73.22 -37.65
 680.00 -60.94 -16.26
 681.00 -63.21 127.54
 682.00 -86.83 147.93
 683.00 -66.70 162.26
 684.00 -128.12 149.83
 685.00 -79.25 143.69
 686.00 -67.32 141.97
 687.00 102.43 -31.93
 688.00 -82.43  18.69
 689.00 -117.42 153.74
 690.00 -61.73  95.23
 691.00 -81.57  -4.46
 692.00 -90.99 -11.07
 693.00 -71.76 158.65
 694.00 -98.05 172.68
 695.00 -163.74 151.25
 696.00 -57.03 156.89
 697.00 -77.24 -58.62
 698.00 -59.89 -34.30
 699.00 -72.67 -35.84
 700.00 -86.45 -25.70
 701.00 -67.84 -41.74
 702.00 -59.73 -40.68
 703.00 -68.03 -33.34
 704.00 -81.21 -31.96
 705.00 -61.96 -30.42
 706.00 -65.28 -47.72
 707.00 -64.18 -29.27
 708.00 -68.93 -27.02
 709.00 -58.49 -58.38
 710.00 -74.63 -33.95
 711.00 -62.43 -36.39
 712.00 -62.79 -31.17
 713.00 -79.22 -39.89
 714.00 -61.77 -36.72
 715.00 -72.66 -34.95
 716.00 -76.09 -38.32
 717.00 -76.38 -18.54
 718.00 -64.18 -48.23
 719.00 -61.52 -31.74
 720.00 -106.14 -25.76
 721.00 -57.80 -14.50
 722.00 -70.85 121.58
 723.00  87.67 131.30
 724.00 -53.45 -14.90
 725.00 -83.72 -30.85
 726.00 -60.69   3.98
 727.00 -70.58 -33.23
 728.00 -66.70 143.56
 729.00 -63.18 157.76
 730.00 -69.32 -33.88
 731.00 -68.79 -35.93
 732.00 -60.75 -40.83
 733.00 -53.49 -45.74
 734.00 -79.08 -37.73
 735.00 -49.27 -53.61
 736.00 -69.22 -39.54
 737.00 -69.33 -48.57
 738.00 -91.50 -28.80
 739.00 -87.75 -14.43
 740.00 -72.80 -11.43
 741.00 -69.97 -35.12
 742.00 -49.16 -44.14
 743.00 -53.45 -61.37
 744.00 -60.22 -48.21
 745.00 -65.29 -51.73
 746.00 -62.64 -41.18
 747.00 -75.45 -37.95
 748.00 -63.42 -35.70
 749.00 -49.74 -36.03
 750.00 -78.47 -46.89
 751.00 -64.28 -38.51
 752.00 -57.98 -42.25
 753.00 -64.39 -42.18
 754.00 -85.06 -49.72
 755.00 -75.93 -47.69
 756.00 -128.91 -48.47
 757.00  55.56  29.19
 758.00  66.31  28.22
 759.00 -61.71 -10.09
 760.00 -127.32 -31.24
 761.00 -79.46 148.52
 762.00 -100.89 122.45
 763.00 -75.92  78.46
 764.00 -143.02 -42.42
 765.00 -51.85 158.26
 766.00 -96.74 -29.75
 767.00 -72.54 -62.50
 768.00 -90.86  68.59
 769.00 -91.78 128.07
 770.00 -83.79 108.42
 771.00 -56.16 171.51
 772.00 -60.99 -34.16
 773.00 -62.17 -46.89
 774.00 -61.43 -36.44
 775.00 -60.02 -43.91
 776.00 -67.09 -57.29
 777.00 -79.02 -32.12
 778.00  57.24   3.27
 779.00 -91.89   6.68
 780.00 -74.11  40.20
 781.00 -63.27 -43.40
 782.00 -76.47 -36.50
 783.00 -75.58 -36.14
 784.00 -58.79 -47.66
 785.00 -63.24 -34.56
 786.00 -54.55 -58.19
 787.00 -73.13 -23.90
 788.00 -60.98 -59.83
 789.00 -71.14 -25.30
 790.00 -63.30 -43.14
 791.00 -64.86 -25.10
 792.00 -62.60 -33.59
 793.00 -50.45 -33.81
 794.00 -60.10 -57.20
 795.00 -70.03 -36.00
 796.00 -78.84 -35.59
 797.00  48.74 -25.00
 798.00 -62.33  58.77
 799.00 -92.93 143.69
 800.00 -57.92 157.42
 801.00 -58.68 -32.40
 802.00 -59.59 -57.45
 803.00 -48.17 -54.18
 804.00 -67.89 -47.38
 805.00 -60.09 -43.43
 806.00 -61.29 -44.39
 807.00 -62.08 -48.57
 808.00 -68.06 -31.70
 809.00 -61.32 -47.37
 810.00 -65.62 -31.87
 811.00 -69.81 -24.55
 812.00 -66.22 -42.55
 813.00 -132.39  22.97
 814.00 -153.15  22.39
 815.00 -148.67 116.88
 816.00 -64.90 167.36
 817.00 -49.84 155.86
 818.00 -75.47 -48.71
 819.00  79.57  -5.51
 820.00 -73.41 176.85
 821.00 -73.89 167.65
 822.00 -86.77 -36.65
 823.00 -53.78  28.08
 824.00 -51.71 -30.90
 825.00 -76.56 -54.15
 826.00 -49.33 -36.22
 827.00 -63.92 -53.94
 828.00 -69.87 -34.75
 829.00 -72.95 -46.53
 830.00 -53.51 -43.44
 831.00 -63.35 -45.09
 832.00 -56.45 -41.50
 833.00 -65.72 -48.06
 834.00 -67.52 -35.08
 835.00 -81.83 -44.82
 836.00 -74.43 -19.87
 837.00 -67.23 -37.42
 838.00 -61.90 -27.64
 839.00 -94.20 -26.28
 840.00 -101.83 -29.76
 841.00 -57.01   2.15
 842.00 -71.56 143.11
 843.00 -146.48  93.10
 844.00 -76.85 148.53
 845.00 -52.10  75.44
 846.00 -76.64 -23.12
 847.00 -95.29 -20.73
 848.00 -79.95 157.34
 849.00 -126.94 -18.86
 850.00 -38.29 -23.66
 851.00 -69.71 -49.01
 852.00 -73.99 -30.73
 853.00 -65.94 -40.12
 854.00 -69.78 -32.66
 855.00 -58.51 -46.64
 856.00 -62.27 -36.96
 857.00 -60.19 -53.44
 858.00 -68.65 -34.92
 859.00 -73.80 -41.06
 860.00 -52.88 -31.11
 861.00 -55.47 -50.08
 862.00 -63.20 -49.03
 863.00 -67.06 -40.95
 864.00 -69.23 -20.11
 865.00 -58.69 -29.66
 866.00 -65.85 -37.02
 867.00 -58.37 -47.87
 868.00 -81.70 -31.34
 869.00 -48.79 -37.39
 870.00 -51.34 -53.58
 871.00 -58.95 -53.87
 872.00 -66.18 -44.91
 873.00 -67.19 -29.96
 874.00 -63.17 -41.80
 875.00 -51.87 -44.84
 876.00 -93.08 -45.69
 877.00 -60.40 -25.42
 878.00 -53.54 -53.28
 879.00 -64.02 -47.97
 880.00 -68.90 -35.63
 881.00 -69.22 -32.87
 882.00 -78.82 -41.19
 883.00 -58.31  -5.85
 884.00 -67.17 -34.94
 885.00 -75.89 -39.06
 886.00 -126.47 -11.84
 887.00  52.25   7.87
 888.00 -82.64  26.59
 889.00 -71.47 126.31
 890.00 -131.77 139.56
 891.00 -73.01 124.30
 892.00 -78.94 154.54
 893.00 -64.96 -34.95
 894.00 -85.77 -34.28
 895.00 -67.78 -30.25
 896.00 -66.90 -41.64
 897.00 -74.64 -27.01
 898.00 -57.06 -53.46
 899.00 -71.74 -40.49
 900.00 -101.61 -42.37
 901.00 -90.25 -43.29
 902.00 -59.87 -45.23
 903.00 -74.15 -38.38
 904.00 -63.38 -12.35
 905.00 -76.35 -36.44
 906.00 -66.01 -47.30
 907.00 -68.86 -35.09
 908.00 111.42 -30.26
 909.00 -58.02  -5.70
 910.00 -128.88 -29.56
 911.00 -130.75 135.64
 912.00 -64.72 132.93
 913.00 -84.68 148.73
 914.00 -81.18 106.41
 915.00 -79.31 138.88
 916.00 -103.54 -32.12
 917.00 -73.31 126.83


