 residuo Phi Psi
 669.00 -51.08 140.40
 670.00 -69.93 134.79
 671.00 -58.30 138.13
 672.00 -44.48 -29.50
 673.00 -59.10 -57.81
 674.00 -67.72 -31.09
 675.00 -72.35 -40.46
 676.00 -56.33 -42.59
 677.00 -78.19 -33.67
 678.00 -70.31 -22.30
 679.00 -73.77 -49.24
 680.00 -71.78  -6.00
 681.00 -65.84 126.26
 682.00 -93.60 176.55
 683.00 -71.27 155.71
 684.00 -70.69 105.96
 685.00 -72.70 142.42
 686.00 -85.75 151.40
 687.00  61.63 -10.52
 688.00 -73.45  23.26
 689.00 -83.88 121.65
 690.00 -82.91  98.54
 691.00 -78.53   9.41
 692.00 -79.13 -24.69
 693.00 -54.92 150.49
 694.00 -68.40 141.93
 695.00 -148.06 150.45
 696.00 -51.91 158.04
 697.00 -64.28 -45.47
 698.00 -75.26 -47.90
 699.00 -66.67 -36.90
 700.00 -70.93 -46.14
 701.00 -68.08 -30.30
 702.00 -79.10 -43.10
 703.00 -73.54 -15.42
 704.00 -77.04 -32.14
 705.00 -50.41 -46.26
 706.00 -51.40 -49.04
 707.00 -68.74 -42.84
 708.00 -87.63 -22.02
 709.00 -58.24 -43.61
 710.00 -78.71 -46.50
 711.00 -61.70 -31.57
 712.00 -61.51 -38.83
 713.00 -78.73 -37.95
 714.00 -62.56 -23.57
 715.00 -63.98 -50.84
 716.00 -70.88 -37.78
 717.00 -63.60 -46.87
 718.00 -67.62 -41.98
 719.00 -72.79 -35.84
 720.00 -91.10 -23.11
 721.00 -66.94  -6.03
 722.00 -70.23 143.05
 723.00  90.66 155.11
 724.00 -35.10 -51.02
 725.00 -50.45 -39.06
 726.00 -61.99 -23.80
 727.00 -97.01 -14.55
 728.00 -76.88 147.78
 729.00 -64.02 154.73
 730.00 -75.26 -18.03
 731.00 -90.67 -24.79
 732.00 -66.09 -30.18
 733.00 -68.61 -38.17
 734.00 -53.15 -40.21
 735.00 -64.87 -60.88
 736.00 -69.84 -27.26
 737.00 -63.93 -55.24
 738.00 -88.28 -26.86
 739.00 -89.09 -31.36
 740.00 -69.11  -2.10
 741.00 -81.76 -29.15
 742.00 -71.74 -32.48
 743.00 -48.64 -43.10
 744.00 -74.06 -42.35
 745.00 -69.07 -49.77
 746.00 -63.36 -36.03
 747.00 -69.62 -47.31
 748.00 -75.48 -27.72
 749.00 -63.47 -40.80
 750.00 -76.34 -35.54
 751.00 -63.79 -50.09
 752.00 -65.51 -26.84
 753.00 -63.91 -45.38
 754.00 -91.81 -41.03
 755.00 -82.82 -23.40
 756.00 -133.76 -53.75
 757.00  52.24  26.86
 758.00  60.32  32.58
 759.00 -65.21  14.79
 760.00 -143.75 -28.25
 761.00 -91.71 154.77
 762.00 -109.44 125.12
 763.00 -62.86  70.51
 764.00 -127.66 -54.55
 765.00 -54.36 154.71
 766.00 -84.57 -33.10
 767.00 -122.42 -11.90
 768.00 -102.70  64.95
 769.00 -99.03 125.22
 770.00 -73.86 116.49
 771.00 -64.42 179.12
 772.00 -62.39 -31.52
 773.00 -62.56 -42.75
 774.00 -61.99 -36.86
 775.00 -55.00 -58.93
 776.00 -63.75 -47.33
 777.00 -64.57 -44.76
 778.00  60.48 -16.01
 779.00 -117.10  31.22
 780.00 -47.39  19.17
 781.00 -70.11 -44.52
 782.00 -56.29 -54.25
 783.00 -58.39 -37.72
 784.00 -77.71 -43.21
 785.00 -71.02 -19.47
 786.00 -62.21 -31.56
 787.00 -72.62 -43.79
 788.00 -60.47 -40.70
 789.00 -68.79 -33.78
 790.00 -66.92 -32.56
 791.00 -48.51 -50.69
 792.00 -62.60 -38.49
 793.00 -81.57 -28.07
 794.00 -95.68 -21.82
 795.00 -64.81 -21.76
 796.00 -80.96 -49.07
 797.00  61.09 -15.97
 798.00 -81.60  63.97
 799.00 -75.32 121.22
 800.00 -41.68 157.22
 801.00 -67.46 -46.66
 802.00 -63.59 -30.85
 803.00 -60.50 -49.27
 804.00 -63.93 -47.14
 805.00 -70.41 -36.90
 806.00 -55.80 -38.04
 807.00 -48.88 -50.28
 808.00 -59.12 -48.92
 809.00 -58.47 -52.03
 810.00 -72.25 -22.43
 811.00 -48.73 -36.32
 812.00 -107.93 -31.74
 813.00 -111.00  22.46
 814.00 -155.14  15.34
 815.00 -154.22 125.82
 816.00 -56.73 164.89
 817.00 -75.04 152.35
 818.00 -118.98  -8.97
 819.00  70.21  19.66
 820.00 -109.19 -169.58
 821.00 -75.18 178.82
 822.00 -125.06 -27.23
 823.00 -62.93  52.61
 824.00 -67.25 -41.94
 825.00 -71.89 -37.62
 826.00 -63.15 -42.13
 827.00 -59.16 -47.59
 828.00 -49.49 -47.58
 829.00 -71.47 -48.36
 830.00 -61.11 -44.86
 831.00 -66.97 -38.68
 832.00 -56.67 -39.84
 833.00 -77.08 -49.23
 834.00 -54.34 -23.73
 835.00 -73.13 -53.71
 836.00 -71.38 -21.93
 837.00 -68.44 -29.35
 838.00 -58.99 -55.73
 839.00 -84.31  -9.31
 840.00 -123.80 -31.02
 841.00 -57.07   7.66
 842.00 -98.24 158.94
 843.00 -140.65  64.29
 844.00 -71.32 160.06
 845.00 -68.35 120.23
 846.00 -74.65 -17.67
 847.00 -131.71  -0.25
 848.00 -49.72  52.83
 849.00 -77.94 -24.45
 850.00 -72.99 -26.49
 851.00 -63.36 -33.61
 852.00 -62.30 -52.69
 853.00 -59.55 -34.68
 854.00 -65.34 -45.16
 855.00 -60.66 -42.86
 856.00 -51.98 -52.39
 857.00 -66.17 -50.56
 858.00 -76.24 -24.26
 859.00 -69.26 -42.59
 860.00 -56.98 -31.04
 861.00 -78.31 -41.97
 862.00 -68.51 -34.35
 863.00 -84.75 -25.79
 864.00 -66.32 -34.33
 865.00 -69.36 -31.61
 866.00 -58.40 -30.56
 867.00 -71.01 -48.38
 868.00 -88.95 -18.57
 869.00 -56.20 -40.46
 870.00 -67.23 -34.99
 871.00 -72.83 -36.67
 872.00 -63.99 -42.38
 873.00 -66.36 -33.64
 874.00 -59.59 -43.27
 875.00 -66.20 -40.78
 876.00 -58.17 -43.87
 877.00 -75.30 -42.73
 878.00 -64.59 -33.45
 879.00 -63.94 -33.86
 880.00 -57.38 -44.35
 881.00 -84.91 -33.18
 882.00 -128.52  -5.33
 883.00 -60.96   4.18
 884.00 -79.36 -30.20
 885.00 -55.44 -44.01
 886.00 -83.41 -41.59
 887.00  60.48   6.41
 888.00 -81.09  23.61
 889.00 -77.50 109.75
 890.00 -99.52 118.69
 891.00 -86.59 141.53
 892.00 -56.93 136.23
 893.00 -61.46 -44.64
 894.00 -78.78 -42.90
 895.00 -53.51 -37.23
 896.00 -58.70 -39.42
 897.00 -63.50 -30.52
 898.00 -66.97 -49.13
 899.00 -71.57 -42.45
 900.00 -117.13 -35.05
 901.00 -88.31 -43.11
 902.00 -71.32 -33.12
 903.00 -61.73 -30.63
 904.00 -81.96 -13.26
 905.00 -56.62 -44.48
 906.00 -58.57 -56.74
 907.00 -80.37 -37.35
 908.00  70.65   1.32
 909.00 -57.84   3.13
 910.00 -127.29 -10.92
 911.00 -144.23 142.63
 912.00 -71.57 149.41
 913.00 -72.74 144.20
 914.00 -97.29 118.33
 915.00 -82.54 139.43
 916.00 -127.14 -23.23
 917.00 -140.36 129.40


