 residuo Phi Psi
 669.00 -136.73 159.69
 670.00 -73.06 140.41
 671.00 -43.84 162.68
 672.00 -49.28 -45.79
 673.00 -76.13 -41.44
 674.00 -66.10 -33.65
 675.00 -59.21 -41.61
 676.00 -59.56 -37.76
 677.00 -88.75 -33.04
 678.00 -70.55 -21.18
 679.00 -86.36 -33.89
 680.00 -71.60  -6.53
 681.00 -76.48 126.54
 682.00 -110.32 174.19
 683.00 -67.74 169.21
 684.00 -126.96 136.80
 685.00 -76.67 137.66
 686.00 -66.42 147.75
 687.00  83.79 -10.76
 688.00 -104.14   8.44
 689.00 -75.17 108.25
 690.00 -66.69 108.03
 691.00 -57.29 -26.16
 692.00 -89.05 -25.79
 693.00 -78.97 141.35
 694.00 -57.17 143.63
 695.00 -147.57 125.76
 696.00 -55.16 139.44
 697.00 -72.09 -53.83
 698.00 -57.29 -51.59
 699.00 -61.97 -39.60
 700.00 -62.34 -53.51
 701.00 -62.08 -40.39
 702.00 -76.81 -34.86
 703.00 -68.55 -24.94
 704.00 -59.90 -37.84
 705.00 -67.36 -45.91
 706.00 -51.88 -49.53
 707.00 -62.36 -39.12
 708.00 -69.82 -33.60
 709.00 -61.19 -41.16
 710.00 -77.68 -35.79
 711.00 -61.66 -31.77
 712.00 -56.56 -41.28
 713.00 -62.51 -47.19
 714.00 -72.71 -31.14
 715.00 -83.95 -31.19
 716.00 -58.03 -41.04
 717.00 -68.97 -40.62
 718.00 -40.76 -53.94
 719.00 -67.44 -41.20
 720.00 -127.37  -8.31
 721.00 -71.21   4.11
 722.00 -67.05 134.48
 723.00  86.44 136.44
 724.00 -69.59  -5.74
 725.00 -84.20 -24.49
 726.00 -50.13  -3.96
 727.00 -73.86 -36.80
 728.00 -81.09 150.76
 729.00 -63.39 149.87
 730.00 -68.09 -31.30
 731.00 -88.31 -26.75
 732.00 -56.01 -23.42
 733.00 -73.46 -48.01
 734.00 -63.80 -35.08
 735.00 -65.42 -49.51
 736.00 -67.77 -32.44
 737.00 -69.46 -51.19
 738.00 -72.19 -23.02
 739.00 -78.07 -50.89
 740.00 -60.88  -5.87
 741.00 -63.75 -38.97
 742.00 -59.01 -51.25
 743.00 -57.17 -53.41
 744.00 -73.08 -53.87
 745.00 -78.04 -16.63
 746.00 -51.38 -48.74
 747.00 -58.62 -49.73
 748.00 -61.69 -46.57
 749.00 -63.20 -30.79
 750.00 -57.68 -45.52
 751.00 -62.42 -51.24
 752.00 -67.03 -31.90
 753.00 -56.27 -47.79
 754.00 -75.93 -53.68
 755.00 -72.49 -50.05
 756.00 -145.42 -33.79
 757.00  55.02  28.09
 758.00  53.46  41.44
 759.00 -81.27  -4.74
 760.00 -80.87 -53.75
 761.00 -113.47 175.01
 762.00 -111.65 135.63
 763.00 -68.99  75.74
 764.00 -166.26 -37.50
 765.00 -67.59 165.79
 766.00 -99.36 -22.45
 767.00 -131.03  -5.92
 768.00 -74.06  52.01
 769.00 -101.54 124.86
 770.00 -88.11 108.65
 771.00 -68.51 -179.66
 772.00 -71.86 -21.14
 773.00 -56.87 -53.12
 774.00 -53.94 -35.70
 775.00 -71.48 -48.37
 776.00 -67.47 -42.21
 777.00 -66.80 -31.15
 778.00  59.63 -13.26
 779.00 -129.13  42.25
 780.00 -58.94  21.82
 781.00 -67.11 -50.59
 782.00 -63.40 -38.42
 783.00 -65.34 -38.14
 784.00 -54.13 -37.07
 785.00 -70.14 -50.36
 786.00 -74.82 -24.96
 787.00 -44.75 -42.86
 788.00 -64.12 -59.70
 789.00 -79.73 -15.67
 790.00 -54.91 -57.79
 791.00 -57.83 -35.47
 792.00 -75.27 -31.68
 793.00 -62.19 -25.40
 794.00 -85.58 -35.52
 795.00 -75.43 -23.32
 796.00 -73.93 -41.87
 797.00  52.57 -26.95
 798.00 -65.26  63.34
 799.00 -98.06 143.83
 800.00 -50.68 161.29
 801.00 -53.56 -49.50
 802.00 -58.22 -55.84
 803.00 -54.05 -43.60
 804.00 -62.80 -49.80
 805.00 -82.40 -40.90
 806.00 -60.91 -32.21
 807.00 -62.40 -46.27
 808.00 -60.16 -38.59
 809.00 -65.23 -51.50
 810.00 -60.71 -28.41
 811.00 -71.53 -26.63
 812.00 -113.65 -20.57
 813.00 -125.73  46.70
 814.00 -142.31 -13.70
 815.00 -142.38 127.08
 816.00 -48.81 150.23
 817.00 -62.45 147.05
 818.00 -107.42 -24.82
 819.00  96.07   8.27
 820.00 -62.34 150.06
 821.00 -72.45 159.72
 822.00 -79.67 -42.47
 823.00 -59.98  22.14
 824.00 -59.07 -38.02
 825.00 -74.46 -34.94
 826.00 -71.91 -30.12
 827.00 -60.18 -47.66
 828.00 -65.25 -36.60
 829.00 -58.10 -49.10
 830.00 -57.44 -43.05
 831.00 -63.26 -44.18
 832.00 -55.73 -43.06
 833.00 -57.51 -54.48
 834.00 -59.78 -34.84
 835.00 -57.34 -56.70
 836.00 -78.47 -36.16
 837.00 -65.45 -24.45
 838.00 -57.30 -58.88
 839.00 -74.82 -30.15
 840.00 -108.85 -20.68
 841.00 -62.46  -1.04
 842.00 -63.70 150.63
 843.00 -149.58  80.94
 844.00 -83.10 149.25
 845.00 -64.34 104.05
 846.00 -58.96 -35.83
 847.00 -109.99 -15.82
 848.00 -58.19 103.23
 849.00 -68.63 -25.84
 850.00 -69.49 -21.59
 851.00 -66.60 -61.91
 852.00 -59.32 -41.34
 853.00 -60.17 -41.60
 854.00 -57.55 -52.89
 855.00 -67.98 -40.34
 856.00 -77.85 -35.09
 857.00 -62.67 -40.95
 858.00 -71.10 -35.58
 859.00 -66.70 -38.01
 860.00 -65.17 -35.37
 861.00 -68.74 -47.39
 862.00 -81.49 -23.64
 863.00 -66.91 -37.37
 864.00 -47.25 -44.29
 865.00 -67.11 -24.61
 866.00 -70.80 -43.25
 867.00 -75.60 -29.57
 868.00 -72.47 -28.95
 869.00 -42.38 -50.99
 870.00 -63.30 -44.61
 871.00 -61.58 -42.21
 872.00 -73.09 -45.72
 873.00 -69.36 -31.56
 874.00 -59.95 -42.75
 875.00 -58.93 -47.42
 876.00 -66.91 -54.67
 877.00 -67.41 -29.78
 878.00 -76.56 -31.92
 879.00 -72.38 -22.00
 880.00 -62.10 -48.67
 881.00 -66.65 -45.35
 882.00 -116.11  -5.05
 883.00 -54.65  -4.32
 884.00 -70.15 -24.42
 885.00 -63.15 -45.50
 886.00 -95.69 -40.39
 887.00  52.88  -7.11
 888.00 -91.47  49.69
 889.00 -83.45 126.06
 890.00 -136.57 142.17
 891.00 -53.32 126.28
 892.00 -68.01 144.82
 893.00 -77.44 -28.47
 894.00 -78.03 -22.68
 895.00 -58.02 -41.78
 896.00 -53.01 -36.54
 897.00 -72.15 -42.30
 898.00 -54.08 -61.68
 899.00 -67.59 -57.02
 900.00 -108.08 -18.56
 901.00 -87.94 -46.67
 902.00 -59.28 -23.56
 903.00 -67.31 -42.82
 904.00 -71.14 -21.52
 905.00 -73.06 -37.36
 906.00 -72.86 -51.59
 907.00 -85.31 -24.66
 908.00  84.70  -3.92
 909.00 -89.37   5.95
 910.00 -131.34  -5.51
 911.00 -120.93 125.15
 912.00 -74.22 138.90
 913.00 -88.34 145.83
 914.00 -69.39  89.30
 915.00 -92.12 132.97
 916.00 -121.24 -19.11
 917.00 -137.50  97.40


