 residuo Phi Psi
 669.00 -78.70 140.00
 670.00 -51.07 166.91
 671.00 -45.24 139.34
 672.00 -60.12 -57.60
 673.00 -70.71 -41.78
 674.00 -60.91 -25.18
 675.00 -69.58 -28.90
 676.00 -62.02 -44.46
 677.00 -82.87 -30.97
 678.00 -67.28 -37.51
 679.00 -78.44 -37.52
 680.00 -70.89  -2.38
 681.00 -69.91 117.10
 682.00 -51.49 153.02
 683.00 -81.93 145.10
 684.00 -105.37 134.38
 685.00 -73.35 140.02
 686.00 -66.87 140.86
 687.00  87.14 -20.93
 688.00 -65.08  16.61
 689.00 -84.48 130.48
 690.00 -91.97 112.91
 691.00 -81.11  -0.34
 692.00 -95.51 -11.08
 693.00 -59.29 137.56
 694.00 -79.58 156.57
 695.00 -159.66 149.73
 696.00 -49.63 147.16
 697.00 -72.03 -40.31
 698.00 -73.43 -40.24
 699.00 -59.04 -42.27
 700.00 -77.73 -54.49
 701.00 -67.70 -35.07
 702.00 -60.54 -32.53
 703.00 -69.48 -33.50
 704.00 -78.67 -35.09
 705.00 -63.00 -29.03
 706.00 -76.18 -44.77
 707.00 -49.89 -30.28
 708.00 -72.79 -54.51
 709.00 -56.25 -35.56
 710.00 -70.56 -48.14
 711.00 -55.88 -36.21
 712.00 -64.71 -45.20
 713.00 -59.71 -55.18
 714.00 -67.88 -26.95
 715.00 -52.79 -51.84
 716.00 -71.76 -39.46
 717.00 -69.45 -38.43
 718.00 -64.40 -41.85
 719.00 -65.77 -35.92
 720.00 -125.61 -10.53
 721.00 -56.29  -7.38
 722.00 -52.89 117.45
 723.00  84.79 145.05
 724.00 -60.73 -33.01
 725.00 -63.81 -40.34
 726.00 -73.78  -1.71
 727.00 -85.31  -3.86
 728.00 -75.20 151.99
 729.00 -53.63 150.85
 730.00 -54.91 -36.90
 731.00 -75.40 -51.50
 732.00 -66.45 -31.65
 733.00 -64.49 -37.72
 734.00 -59.77 -36.00
 735.00 -58.02 -59.13
 736.00 -57.72 -39.54
 737.00 -72.30 -44.12
 738.00 -93.24 -28.97
 739.00 -77.94 -32.23
 740.00 -58.55 -19.18
 741.00 -67.48 -45.75
 742.00 -51.31 -49.47
 743.00 -67.92 -48.82
 744.00 -65.90 -45.04
 745.00 -50.67 -48.88
 746.00 -57.25 -50.77
 747.00 -76.96 -42.22
 748.00 -65.23 -33.27
 749.00 -57.52 -45.29
 750.00 -58.51 -36.56
 751.00 -68.18 -51.00
 752.00 -63.83 -35.55
 753.00 -73.06 -29.52
 754.00 -71.30 -51.28
 755.00 -104.60 -31.60
 756.00 -141.99 -18.82
 757.00  58.05  14.30
 758.00  58.77  33.45
 759.00 -57.30  -0.04
 760.00 -135.83 -32.45
 761.00 -78.17 150.99
 762.00 -84.73 108.89
 763.00 -47.10  62.77
 764.00 -154.38 -50.00
 765.00 -57.34 163.26
 766.00 -106.43 -26.03
 767.00 -145.14  10.99
 768.00 -105.49  71.03
 769.00 -98.87 134.48
 770.00 -63.31  93.69
 771.00 -62.31 162.58
 772.00 -75.18 -16.82
 773.00 -71.97 -34.93
 774.00 -55.74 -30.59
 775.00 -73.74 -38.06
 776.00 -58.48 -50.24
 777.00 -102.52 -17.85
 778.00  52.97  -6.85
 779.00 -113.40  42.02
 780.00 -50.44   0.68
 781.00 -57.80 -42.61
 782.00 -60.10 -55.20
 783.00 -73.19 -31.88
 784.00 -54.44 -36.15
 785.00 -50.85 -55.93
 786.00 -74.67 -41.03
 787.00 -73.19 -34.91
 788.00 -64.52 -28.72
 789.00 -61.84 -50.62
 790.00 -62.56 -42.22
 791.00 -56.37 -55.08
 792.00 -79.78 -19.35
 793.00 -73.88 -22.16
 794.00 -82.50 -27.82
 795.00 -55.83 -45.87
 796.00 -86.50 -36.02
 797.00  46.73  -2.60
 798.00 -58.02  54.47
 799.00 -105.86 139.45
 800.00 -60.26 153.40
 801.00 -58.03 -38.29
 802.00 -52.36 -49.36
 803.00 -45.40 -54.73
 804.00 -79.01 -46.91
 805.00 -78.95 -25.24
 806.00 -75.39 -39.33
 807.00 -56.46 -26.03
 808.00 -68.96 -44.82
 809.00 -78.22 -34.69
 810.00 -56.40 -23.94
 811.00 -57.32 -37.69
 812.00 -104.43 -22.73
 813.00 -129.77  32.87
 814.00 -153.56  12.29
 815.00 -140.67 121.27
 816.00 -57.71 153.06
 817.00 -83.08 169.17
 818.00 -96.44   0.75
 819.00  62.06  -3.97
 820.00 -106.34 -162.21
 821.00 -69.07 169.66
 822.00 -120.38 -17.88
 823.00 -56.69  38.20
 824.00 -56.49 -40.00
 825.00 -80.11 -38.79
 826.00 -55.12 -39.32
 827.00 -59.44 -53.29
 828.00 -65.96 -38.84
 829.00 -65.84 -48.21
 830.00 -58.28 -39.30
 831.00 -66.68 -42.54
 832.00 -58.34 -41.25
 833.00 -70.06 -45.74
 834.00 -55.99 -33.31
 835.00 -47.43 -67.36
 836.00 -67.42 -32.66
 837.00 -64.15 -40.70
 838.00 -54.27 -41.96
 839.00 -73.86 -33.12
 840.00 -86.15 -45.14
 841.00 -43.44 -17.16
 842.00 -85.09 114.41
 843.00 -129.31  84.86
 844.00 -66.44 167.59
 845.00 -61.65  84.69
 846.00 -69.60 -29.42
 847.00 -142.57  -2.50
 848.00 -49.50  68.07
 849.00 -64.66 -23.20
 850.00 -66.90 -29.43
 851.00 -67.99 -36.05
 852.00 -68.94 -44.88
 853.00 -52.69 -34.08
 854.00 -58.51 -59.44
 855.00 -72.13 -37.38
 856.00 -71.73 -30.35
 857.00 -73.15 -36.85
 858.00 -66.77 -22.87
 859.00 -60.55 -48.35
 860.00 -51.53 -42.55
 861.00 -62.25 -54.13
 862.00 -71.56 -36.63
 863.00 -68.60 -28.81
 864.00 -61.79 -38.99
 865.00 -78.97 -22.21
 866.00 -63.71 -28.29
 867.00 -69.64 -38.37
 868.00 -78.36 -25.43
 869.00 -53.53 -35.18
 870.00 -71.34 -46.01
 871.00 -65.96 -38.50
 872.00 -70.28 -39.39
 873.00 -62.30 -36.24
 874.00 -54.60 -48.36
 875.00 -74.06 -29.88
 876.00 -71.85 -39.76
 877.00 -65.69 -28.48
 878.00 -63.59 -53.95
 879.00 -71.26 -32.09
 880.00 -54.12 -41.93
 881.00 -66.15 -41.02
 882.00 -86.90 -42.78
 883.00 -49.46  -2.02
 884.00 -89.15 -34.31
 885.00 -76.08 -15.51
 886.00 -96.73 -34.33
 887.00  50.79  12.52
 888.00 -88.34  30.23
 889.00 -124.97 141.58
 890.00 -149.29 -177.88
 891.00 -52.06 144.22
 892.00 -46.63 128.23
 893.00 -60.29 -46.84
 894.00 -69.42 -41.82
 895.00 -73.52 -35.08
 896.00 -70.05 -32.43
 897.00 -58.84 -44.96
 898.00 -67.07 -54.10
 899.00 -72.83 -28.64
 900.00 -130.45 -18.62
 901.00 -92.77 -46.15
 902.00 -67.84 -30.90
 903.00 -50.09 -47.53
 904.00 -59.46 -37.31
 905.00 -73.68 -35.39
 906.00 -62.97 -51.01
 907.00 -82.85 -29.08
 908.00 107.74 -41.07
 909.00 -83.50  29.53
 910.00 -125.15 -21.18
 911.00 -134.02 123.68
 912.00 -68.83 151.35
 913.00 -94.48 158.71
 914.00 -67.80  93.44
 915.00 -61.78 118.68
 916.00 -85.51 -40.56
 917.00 -151.72   4.83


