 residuo Phi Psi
 669.00 -75.39 170.94
 670.00 -74.63 168.79
 671.00 -66.92 142.47
 672.00 -45.26 -32.74
 673.00 -96.11 -22.94
 674.00 -70.22 -38.26
 675.00 -68.20 -34.60
 676.00 -72.59 -34.42
 677.00 -60.78 -37.45
 678.00 -64.65 -39.62
 679.00 -105.54 -15.91
 680.00 -76.86   2.96
 681.00 -89.11 119.26
 682.00 -74.95 139.88
 683.00 -68.63 165.58
 684.00 -113.02 142.80
 685.00 -72.45 126.75
 686.00 -85.33 163.44
 687.00  76.33 -14.46
 688.00 -77.28  22.72
 689.00 -151.56 -179.96
 690.00 -80.08 113.61
 691.00 -75.75  -6.95
 692.00 -85.69 -24.62
 693.00 -63.08 146.93
 694.00 -80.25 142.93
 695.00 -145.28 142.02
 696.00 -52.68 155.88
 697.00 -68.83 -57.83
 698.00 -77.35 -30.36
 699.00 -66.43 -31.24
 700.00 -74.19 -40.60
 701.00 -72.34 -32.92
 702.00 -68.43 -32.11
 703.00 -56.50 -44.43
 704.00 -86.01 -29.11
 705.00 -54.16 -37.33
 706.00 -67.83 -43.58
 707.00 -48.59 -47.03
 708.00 -63.26 -43.40
 709.00 -52.66 -48.30
 710.00 -63.30 -44.25
 711.00 -51.21 -50.59
 712.00 -69.85 -44.97
 713.00 -68.80 -38.25
 714.00 -87.94 -26.29
 715.00 -75.35 -36.15
 716.00 -61.53 -37.93
 717.00 -53.97 -36.85
 718.00 -60.98 -59.88
 719.00 -64.80 -34.75
 720.00 -80.24 -38.73
 721.00 -58.33 -20.68
 722.00 -64.63 115.68
 723.00  69.20 177.44
 724.00 -43.45 -52.61
 725.00 -76.15 -37.20
 726.00 -63.57  -4.45
 727.00 -94.66  -4.40
 728.00 -53.74 152.34
 729.00 -49.84 141.74
 730.00 -72.76 -34.66
 731.00 -71.74 -29.28
 732.00 -58.76 -41.33
 733.00 -55.54 -54.99
 734.00 -73.70 -26.80
 735.00 -63.34 -55.96
 736.00 -54.03 -31.26
 737.00 -61.45 -64.94
 738.00 -92.88 -22.87
 739.00 -92.54 -31.86
 740.00 -67.93 -10.06
 741.00 -68.41 -43.07
 742.00 -57.94 -37.80
 743.00 -52.70 -56.10
 744.00 -58.03 -45.61
 745.00 -70.05 -53.99
 746.00 -57.88 -35.24
 747.00 -70.79 -51.09
 748.00 -61.65 -38.86
 749.00 -62.80 -35.22
 750.00 -59.97 -44.03
 751.00 -60.18 -50.45
 752.00 -64.38 -35.89
 753.00 -68.93 -40.13
 754.00 -89.47 -43.55
 755.00 -92.23 -22.14
 756.00 -125.00 -55.46
 757.00  54.97  39.95
 758.00  57.52  24.01
 759.00 -79.13  11.40
 760.00 -117.56 -42.99
 761.00 -103.74 159.69
 762.00 -110.85 117.85
 763.00 -58.70  61.92
 764.00 -145.13 -50.45
 765.00 -59.51 160.50
 766.00 -83.10 -19.60
 767.00 -83.03 -54.67
 768.00 -67.99  40.79
 769.00 -114.78 135.27
 770.00 -138.48 153.67
 771.00 -68.75 176.91
 772.00 -48.41 -32.49
 773.00 -75.96 -51.58
 774.00 -57.44 -25.47
 775.00 -64.67 -47.78
 776.00 -73.74 -42.11
 777.00 -91.10 -19.67
 778.00  44.80  -6.31
 779.00 -121.88  47.92
 780.00 -55.81  20.90
 781.00 -43.77 -57.00
 782.00 -52.86 -58.43
 783.00 -68.16 -48.45
 784.00 -67.64 -30.45
 785.00 -49.76 -53.14
 786.00 -58.59 -51.13
 787.00 -62.32 -46.76
 788.00 -59.22 -40.18
 789.00 -57.96 -37.59
 790.00 -52.30 -54.34
 791.00 -69.75 -37.76
 792.00 -62.92 -22.70
 793.00 -59.84 -37.32
 794.00 -68.49 -49.25
 795.00 -64.05 -37.59
 796.00 -84.39 -35.52
 797.00  47.51 -21.25
 798.00 -68.44  60.97
 799.00 -83.52 124.23
 800.00 -42.40 151.25
 801.00 -64.43 -44.16
 802.00 -71.94 -30.85
 803.00 -58.90 -48.83
 804.00 -71.94 -44.18
 805.00 -65.34 -32.86
 806.00 -53.57 -59.55
 807.00 -67.05 -33.33
 808.00 -60.82 -34.32
 809.00 -71.59 -49.88
 810.00 -68.08 -24.44
 811.00 -61.83 -29.90
 812.00 -81.81 -38.97
 813.00 -133.61  27.35
 814.00 -159.02  31.06
 815.00 -149.14 122.17
 816.00 -68.54 171.24
 817.00 -61.28 161.20
 818.00 -87.83 -40.48
 819.00  53.71   3.62
 820.00 -81.26 -173.60
 821.00 -61.77 170.82
 822.00 -83.88 -54.78
 823.00 -54.55  29.88
 824.00 -76.74 -31.37
 825.00 -86.10 -14.90
 826.00 -61.95 -36.65
 827.00 -53.12 -54.17
 828.00 -73.68 -42.59
 829.00 -73.65 -27.29
 830.00 -44.45 -46.81
 831.00 -69.74 -48.10
 832.00 -56.14 -31.96
 833.00 -51.55 -56.29
 834.00 -63.70 -43.01
 835.00 -79.44 -30.45
 836.00 -64.56 -40.93
 837.00 -64.71 -40.07
 838.00 -58.29 -41.67
 839.00 -63.27 -36.02
 840.00 -106.03 -36.61
 841.00 -68.21  -1.67
 842.00 -75.33 144.44
 843.00 -150.48  95.64
 844.00 -99.80 179.02
 845.00 -59.39 114.84
 846.00 -85.74 -48.69
 847.00 -85.42  -7.12
 848.00 -68.09 158.29
 849.00 -139.96 -28.09
 850.00 -50.73 -18.75
 851.00 -77.00 -53.81
 852.00 -68.33 -32.72
 853.00 -71.58 -42.30
 854.00 -49.01 -42.51
 855.00 -74.64 -37.22
 856.00 -48.00 -46.20
 857.00 -66.20 -47.92
 858.00 -52.93 -44.56
 859.00 -70.54 -48.25
 860.00 -63.78 -26.03
 861.00 -64.36 -44.71
 862.00 -61.43 -48.22
 863.00 -56.84 -41.03
 864.00 -80.05 -27.59
 865.00 -84.35 -12.72
 866.00 -69.11 -34.40
 867.00 -69.27 -29.67
 868.00 -78.18 -38.04
 869.00 -62.26 -25.80
 870.00 -61.27 -44.69
 871.00 -56.31 -41.04
 872.00 -80.86 -39.30
 873.00 -66.01 -36.59
 874.00 -55.66 -44.49
 875.00 -58.06 -43.59
 876.00 -66.09 -57.12
 877.00 -66.90 -29.35
 878.00 -62.71 -46.52
 879.00 -81.77 -30.80
 880.00 -66.13 -32.90
 881.00 -56.56 -51.44
 882.00 -123.83 -13.59
 883.00 -82.25  10.54
 884.00 -63.56 -30.59
 885.00 -60.85 -39.86
 886.00 -80.05 -49.49
 887.00  48.10   8.43
 888.00 -91.81  41.77
 889.00 -86.94 137.52
 890.00 -103.44 112.40
 891.00 -68.59 123.38
 892.00 -63.12 135.83
 893.00 -91.46 -27.16
 894.00 -75.55 -25.33
 895.00 -66.74 -29.43
 896.00 -58.78 -40.82
 897.00 -72.63 -31.13
 898.00 -61.76 -47.89
 899.00 -83.70 -30.77
 900.00 -119.99 -32.02
 901.00 -84.04 -42.42
 902.00 -66.24 -34.12
 903.00 -57.46 -32.44
 904.00 -64.12 -36.22
 905.00 -52.70 -48.51
 906.00 -66.16 -55.91
 907.00 -86.42 -28.53
 908.00  70.04   1.52
 909.00 -90.22   7.51
 910.00 -127.27  -2.06
 911.00 -136.75 130.57
 912.00 -84.27 163.02
 913.00 -93.48 161.25
 914.00 -79.89  97.62
 915.00 -73.76 149.40
 916.00 -91.82 -61.42
 917.00 -78.76 146.18


