 residuo Phi Psi
 669.00 -85.96 109.96
 670.00 -54.12 146.91
 671.00 -58.62 139.81
 672.00 -60.23 -44.70
 673.00 -84.98 -37.97
 674.00 -60.64 -28.53
 675.00 -72.69 -36.07
 676.00 -44.51 -46.49
 677.00 -68.64 -50.97
 678.00 -60.78 -36.98
 679.00 -89.33 -42.32
 680.00 -64.17  12.05
 681.00 -56.60 127.63
 682.00 -72.22 149.40
 683.00 -64.33 -178.41
 684.00 -144.87 131.18
 685.00 -122.29 139.19
 686.00 -81.20 158.30
 687.00 102.19 -29.37
 688.00 -64.08   5.78
 689.00 -127.16 149.58
 690.00 -70.88 114.04
 691.00 -71.26 -20.72
 692.00 -82.85 -18.51
 693.00 -69.52 145.20
 694.00 -72.77 141.57
 695.00 -160.69 137.09
 696.00 -70.39 161.87
 697.00 -65.69 -63.31
 698.00 -51.48 -32.69
 699.00 -74.76 -52.92
 700.00 -76.28 -39.57
 701.00 -64.86 -30.79
 702.00 -71.61 -43.47
 703.00 -75.12 -30.73
 704.00 -66.55 -32.46
 705.00 -50.78 -43.22
 706.00 -57.41 -52.44
 707.00 -52.63 -40.05
 708.00 -69.45 -51.30
 709.00 -86.57 -16.71
 710.00 -70.83 -29.02
 711.00 -61.00 -32.11
 712.00 -68.18 -39.96
 713.00 -72.73 -38.83
 714.00 -60.65 -39.20
 715.00 -82.29 -35.08
 716.00 -68.89 -33.17
 717.00 -68.66 -33.18
 718.00 -74.59 -31.47
 719.00 -73.45 -25.75
 720.00 -80.29 -34.51
 721.00 -59.51 -25.44
 722.00 -66.77 119.84
 723.00  73.26 161.63
 724.00 -37.50 -28.09
 725.00 -72.89 -56.07
 726.00 -65.08  -2.40
 727.00 -80.96 -10.33
 728.00 -61.87 134.65
 729.00 -58.65 152.15
 730.00 -72.30 -30.18
 731.00 -58.31 -46.86
 732.00 -60.31 -40.90
 733.00 -51.72 -63.20
 734.00 -61.39 -35.42
 735.00 -63.24 -54.49
 736.00 -67.56 -26.10
 737.00 -67.23 -51.99
 738.00 -76.40 -16.39
 739.00 -83.03 -48.19
 740.00 -45.46 -25.59
 741.00 -78.71 -43.21
 742.00 -60.18 -34.37
 743.00 -58.55 -49.80
 744.00 -60.61 -48.33
 745.00 -46.56 -53.43
 746.00 -72.65 -47.72
 747.00 -67.04 -44.58
 748.00 -69.21 -32.60
 749.00 -62.01 -48.26
 750.00 -75.70 -25.69
 751.00 -53.54 -56.82
 752.00 -75.08 -32.19
 753.00 -57.76 -45.37
 754.00 -89.94 -31.76
 755.00 -80.91 -52.62
 756.00 -142.72 -28.72
 757.00  41.76  20.98
 758.00  61.57  47.34
 759.00 -76.23   5.66
 760.00 -134.89 -20.68
 761.00 -82.48 154.82
 762.00 -80.90  97.67
 763.00 -52.88  57.81
 764.00 -150.58 -43.64
 765.00 -67.83 168.10
 766.00 -90.13 -28.80
 767.00 -76.57 -57.34
 768.00 -70.87  56.61
 769.00 -101.33 128.56
 770.00 -90.09 108.19
 771.00 -50.20 176.91
 772.00 -58.11 -44.99
 773.00 -55.16 -51.50
 774.00 -54.19 -42.05
 775.00 -68.64 -39.94
 776.00 -67.12 -54.99
 777.00 -84.39 -27.08
 778.00  52.82 -10.03
 779.00 -151.23  55.83
 780.00 -66.47  34.48
 781.00 -61.58 -58.54
 782.00 -55.35 -39.36
 783.00 -82.34 -36.44
 784.00 -61.56 -40.25
 785.00 -71.91 -37.64
 786.00 -66.63 -40.61
 787.00 -59.00 -33.41
 788.00 -65.35 -40.79
 789.00 -66.94 -33.36
 790.00 -53.04 -55.15
 791.00 -59.30 -41.71
 792.00 -66.36 -30.08
 793.00 -63.20 -18.69
 794.00 -52.89 -52.84
 795.00 -69.08 -35.94
 796.00 -92.65 -37.82
 797.00  37.70 -11.52
 798.00 -59.06  55.01
 799.00 -84.60 130.02
 800.00 -60.41 151.45
 801.00 -67.01 -31.82
 802.00 -67.20 -41.93
 803.00 -60.59 -41.04
 804.00 -69.56 -32.06
 805.00 -64.34 -49.01
 806.00 -61.18 -40.64
 807.00 -74.67 -36.56
 808.00 -60.33 -33.59
 809.00 -47.97 -60.76
 810.00 -64.59 -33.41
 811.00 -85.29 -18.84
 812.00 -111.37  -8.19
 813.00 -124.58  38.17
 814.00 -153.33 -10.29
 815.00 -153.05 115.24
 816.00 -69.10 165.17
 817.00 -60.13 145.47
 818.00 -80.96 -40.52
 819.00  77.05   3.13
 820.00 -93.05 171.52
 821.00 -71.13 155.04
 822.00 -109.36 -25.19
 823.00 -54.25  27.11
 824.00 -60.57 -39.05
 825.00 -66.70 -38.89
 826.00 -60.51 -46.46
 827.00 -65.38 -43.87
 828.00 -54.25 -40.08
 829.00 -80.89 -42.55
 830.00 -50.84 -40.91
 831.00 -56.30 -52.21
 832.00 -57.10 -42.08
 833.00 -63.55 -43.01
 834.00 -73.66 -32.85
 835.00 -92.97 -17.91
 836.00 -77.85 -22.73
 837.00 -53.68 -46.89
 838.00 -43.71 -52.47
 839.00 -100.01 -14.32
 840.00 -121.79 -24.20
 841.00 -45.83  -3.71
 842.00 -66.03 136.56
 843.00 -132.25  67.76
 844.00 -83.69 157.07
 845.00 -63.31 107.64
 846.00 -95.78 -18.06
 847.00 -86.61 -15.85
 848.00 -75.56 142.87
 849.00 -125.51 -11.86
 850.00 -50.36 -25.10
 851.00 -86.86 -35.68
 852.00 -69.00 -36.91
 853.00 -58.34 -40.76
 854.00 -61.61 -38.70
 855.00 -59.80 -57.61
 856.00 -50.66 -39.86
 857.00 -87.07 -48.76
 858.00 -70.31 -12.82
 859.00 -68.91 -49.21
 860.00 -64.52 -31.67
 861.00 -68.14 -24.54
 862.00 -64.46 -42.05
 863.00 -56.98 -44.46
 864.00 -64.26 -43.72
 865.00 -64.41 -24.34
 866.00 -70.45 -24.58
 867.00 -63.19 -41.89
 868.00 -78.08 -29.20
 869.00 -69.11 -36.72
 870.00 -59.73 -29.85
 871.00 -67.75 -43.88
 872.00 -63.63 -47.12
 873.00 -69.69 -26.99
 874.00 -79.46 -38.45
 875.00 -47.47 -49.12
 876.00 -87.17 -41.20
 877.00 -57.56 -36.06
 878.00 -54.29 -52.95
 879.00 -59.49 -51.78
 880.00 -68.03 -37.19
 881.00 -61.56 -34.87
 882.00 -99.90 -39.97
 883.00 -45.12  -0.62
 884.00 -71.49 -43.48
 885.00 -87.25 -28.10
 886.00 -90.85 -25.69
 887.00  71.20  -6.43
 888.00 -91.44  27.03
 889.00 -97.65 138.10
 890.00 -115.69 137.02
 891.00 -75.03 159.30
 892.00 -49.83 128.05
 893.00 -58.84 -58.07
 894.00 -81.24 -27.94
 895.00 -57.11 -38.36
 896.00 -73.42 -24.41
 897.00 -59.17 -38.62
 898.00 -65.28 -48.22
 899.00 -89.05 -46.64
 900.00 -105.59 -21.99
 901.00 -98.06 -47.93
 902.00 -55.52 -36.76
 903.00 -62.11 -38.52
 904.00 -66.43 -26.17
 905.00 -68.84 -37.67
 906.00 -64.87 -49.39
 907.00 -75.91 -31.30
 908.00  73.56  10.75
 909.00 -62.27   2.32
 910.00 -101.08 -45.67
 911.00 -158.95 151.46
 912.00 -74.10 147.78
 913.00 -94.81 157.09
 914.00 -104.30 134.33
 915.00 -77.08 134.44
 916.00 -133.58 -13.73
 917.00 -69.17 152.34


