 residuo Phi Psi
 669.00 -72.47 129.60
 670.00 -63.88 141.19
 671.00 -104.78 145.96
 672.00 -52.42 -30.20
 673.00 -71.57 -51.47
 674.00 -50.43 -32.95
 675.00 -69.91 -37.66
 676.00 -56.03 -51.00
 677.00 -62.39 -43.02
 678.00 -108.75 -23.39
 679.00 -85.77 -22.73
 680.00 -65.53  -4.76
 681.00 -69.48 123.68
 682.00 -66.85 164.49
 683.00 -78.88 168.32
 684.00 -84.14 122.83
 685.00 -84.42 130.09
 686.00 -104.12 155.55
 687.00  69.87  -6.98
 688.00 -64.41   9.95
 689.00 -93.29 128.25
 690.00 -86.18 101.20
 691.00 -76.39  -0.59
 692.00 -84.51 -20.85
 693.00 -64.02 146.86
 694.00 -74.77 140.45
 695.00 -155.20 152.07
 696.00 -45.45 163.15
 697.00 -62.65 -61.50
 698.00 -69.88 -40.68
 699.00 -66.96 -45.19
 700.00 -58.03 -47.25
 701.00 -63.02 -44.36
 702.00 -56.75 -37.99
 703.00 -51.77 -44.07
 704.00 -69.76 -49.09
 705.00 -74.20 -27.24
 706.00 -68.05 -36.16
 707.00 -50.31 -30.53
 708.00 -74.24 -46.99
 709.00 -60.50 -49.21
 710.00 -71.12 -35.16
 711.00 -62.89 -39.37
 712.00 -68.10 -32.86
 713.00 -69.25 -45.97
 714.00 -60.36 -31.77
 715.00 -65.18 -44.53
 716.00 -58.75 -47.95
 717.00 -68.81 -36.15
 718.00 -55.62 -56.17
 719.00 -61.39 -35.57
 720.00 -110.12 -17.09
 721.00 -65.75  -4.78
 722.00 -57.82 135.82
 723.00  81.66 130.93
 724.00 -64.28 -20.82
 725.00 -73.28 -28.33
 726.00 -67.88   4.73
 727.00 -85.09 -18.93
 728.00 -70.85 146.43
 729.00 -45.29 149.18
 730.00 -66.20 -45.81
 731.00 -84.62 -28.82
 732.00 -63.15 -35.18
 733.00 -58.79 -47.05
 734.00 -73.44 -34.23
 735.00 -69.84 -54.37
 736.00 -68.43 -24.12
 737.00 -77.92 -42.79
 738.00 -85.33 -17.35
 739.00 -80.79 -43.76
 740.00 -61.77 -14.22
 741.00 -69.08 -35.74
 742.00 -62.19 -54.89
 743.00 -72.94 -30.18
 744.00 -66.35 -57.53
 745.00 -72.32 -32.48
 746.00 -65.48 -32.89
 747.00 -58.98 -51.28
 748.00 -73.27 -35.24
 749.00 -52.92 -38.40
 750.00 -46.36 -47.41
 751.00 -50.76 -58.76
 752.00 -66.94 -47.31
 753.00 -71.43 -36.84
 754.00 -65.49 -56.06
 755.00 -80.42 -51.15
 756.00 -134.99 -34.98
 757.00  51.98  35.77
 758.00  55.25  21.94
 759.00 -76.74  16.03
 760.00 -98.93 -49.73
 761.00 -112.71 173.24
 762.00 -95.20 108.17
 763.00 -66.17  70.05
 764.00 -155.54 -37.67
 765.00 -57.90 164.87
 766.00 -120.96 -16.99
 767.00 -127.26  -3.95
 768.00 -107.02  86.20
 769.00 -102.11 126.83
 770.00 -61.20 108.45
 771.00 -54.14 169.99
 772.00 -53.32 -43.04
 773.00 -74.15 -37.69
 774.00 -76.99 -23.99
 775.00 -65.74 -34.12
 776.00 -47.48 -56.21
 777.00 -78.05 -51.04
 778.00  59.71   3.71
 779.00 -142.89  42.90
 780.00 -60.70  23.91
 781.00 -49.39 -43.73
 782.00 -70.96 -52.79
 783.00 -64.42 -36.87
 784.00 -49.49 -48.60
 785.00 -62.92 -36.79
 786.00 -76.87 -46.87
 787.00 -63.21 -19.17
 788.00 -64.51 -46.60
 789.00 -64.12 -34.90
 790.00 -62.39 -41.10
 791.00 -49.74 -49.48
 792.00 -56.82 -31.29
 793.00 -77.48 -28.44
 794.00 -67.46 -31.37
 795.00 -79.03 -33.64
 796.00 -66.38 -35.39
 797.00  44.46 -18.68
 798.00 -57.39  48.21
 799.00 -62.33 125.95
 800.00 -54.85 141.42
 801.00 -66.61 -33.73
 802.00 -72.78 -36.59
 803.00 -54.03 -42.58
 804.00 -62.08 -55.33
 805.00 -84.41 -25.48
 806.00 -61.03 -43.04
 807.00 -57.50 -46.87
 808.00 -56.34 -47.16
 809.00 -61.98 -49.80
 810.00 -68.72 -24.18
 811.00 -69.16 -16.96
 812.00 -103.02 -28.86
 813.00 -142.39  48.81
 814.00 -155.11   0.04
 815.00 -132.15 110.44
 816.00 -65.33 168.08
 817.00 -67.99 168.85
 818.00 -80.26 -37.88
 819.00  77.60  -1.31
 820.00 -69.08 162.67
 821.00 -67.27 171.44
 822.00 -112.56 -28.99
 823.00 -51.76  40.52
 824.00 -63.88 -39.17
 825.00 -76.63 -33.14
 826.00 -70.73 -32.13
 827.00 -69.89 -37.21
 828.00 -54.98 -38.47
 829.00 -74.96 -54.06
 830.00 -54.04 -41.84
 831.00 -73.10 -40.98
 832.00 -56.91 -39.64
 833.00 -78.87 -45.28
 834.00 -65.07 -27.02
 835.00 -74.77 -32.62
 836.00 -65.65 -48.58
 837.00 -70.03 -19.66
 838.00 -52.41 -59.21
 839.00 -65.60 -31.00
 840.00 -134.40 -15.48
 841.00 -51.49  -1.24
 842.00 -69.64 139.71
 843.00 -156.68 109.99
 844.00 -61.95 162.65
 845.00 -63.68  93.07
 846.00 -54.43 -25.75
 847.00 -109.62 -37.91
 848.00 -61.06  96.35
 849.00 -69.43 -17.06
 850.00 -71.36 -27.55
 851.00 -60.95 -43.12
 852.00 -75.39 -34.01
 853.00 -67.84 -29.46
 854.00 -57.79 -50.00
 855.00 -47.33 -49.30
 856.00 -60.47 -50.06
 857.00 -63.76 -50.25
 858.00 -76.60 -30.90
 859.00 -78.37 -41.47
 860.00 -62.61 -21.20
 861.00 -71.01 -35.11
 862.00 -60.64 -40.47
 863.00 -59.83 -41.02
 864.00 -93.75 -33.35
 865.00 -67.97 -10.33
 866.00 -60.19 -34.29
 867.00 -55.74 -44.68
 868.00 -74.79 -34.17
 869.00 -62.00 -51.31
 870.00 -62.69 -39.01
 871.00 -54.68 -47.67
 872.00 -97.42 -28.47
 873.00 -58.19 -36.73
 874.00 -61.95 -38.15
 875.00 -47.51 -57.72
 876.00 -65.79 -52.86
 877.00 -56.60 -43.88
 878.00 -71.46 -37.34
 879.00 -66.16 -42.65
 880.00 -64.04 -28.24
 881.00 -79.11 -45.55
 882.00 -83.57 -14.73
 883.00 -51.02 -17.25
 884.00 -72.46 -45.40
 885.00 -72.00 -29.48
 886.00 -114.85 -27.67
 887.00  54.77   9.80
 888.00 -89.11  29.04
 889.00 -105.95 136.80
 890.00 -131.72 156.90
 891.00 -62.35 141.50
 892.00 -48.38 131.19
 893.00 -64.12 -36.19
 894.00 -76.87 -37.22
 895.00 -75.87 -34.32
 896.00 -54.11 -22.65
 897.00 -70.15 -50.69
 898.00 -60.99 -54.74
 899.00 -90.06 -29.76
 900.00 -125.10 -13.47
 901.00 -82.27 -45.61
 902.00 -57.61 -44.30
 903.00 -53.67 -54.02
 904.00 -63.83 -29.41
 905.00 -78.88 -38.09
 906.00 -72.12 -41.89
 907.00 -76.51 -35.62
 908.00  75.21  12.99
 909.00 -70.45   2.69
 910.00 -119.77 -28.77
 911.00 -149.04 138.70
 912.00 -68.33 149.32
 913.00 -94.25 153.39
 914.00 -112.64 141.10
 915.00 -74.25 142.06
 916.00 -139.62 -34.63
 917.00 -139.69 148.07


