 residuo Phi Psi
 669.00 -61.32 136.23
 670.00 -58.78 131.96
 671.00 -141.26 126.60
 672.00 -53.22 -27.59
 673.00 -61.91 -62.06
 674.00 -61.27 -34.47
 675.00 -54.50 -44.64
 676.00 -70.50 -51.68
 677.00 -57.92 -43.88
 678.00 -116.81  -9.34
 679.00 -112.04  -8.19
 680.00 -68.57   1.35
 681.00 -60.75 129.03
 682.00 -57.64 158.15
 683.00 -75.90 143.63
 684.00 -99.02 139.09
 685.00 -91.82 148.86
 686.00 -77.51 159.25
 687.00  78.57 -23.90
 688.00 -62.61   7.65
 689.00 -145.42 156.05
 690.00 -64.90 148.20
 691.00 -73.95 -24.37
 692.00 -67.19 -21.83
 693.00 -72.89 134.57
 694.00 -86.92 159.58
 695.00 -64.24  48.69
 696.00 -67.42 138.51
 697.00 -59.86 -42.50
 698.00 -57.31 -54.80
 699.00 -52.77 -44.09
 700.00 -54.23 -61.36
 701.00 -66.83 -46.58
 702.00 -74.65 -24.98
 703.00 -82.67 -23.88
 704.00 -74.76 -28.24
 705.00 -67.44 -31.79
 706.00 -53.62 -50.99
 707.00 -67.87 -32.98
 708.00 -74.43 -34.45
 709.00 -52.50 -41.41
 710.00 -64.74 -51.04
 711.00 -69.39 -38.14
 712.00 -59.52 -34.89
 713.00 -71.76 -42.17
 714.00 -69.29 -24.14
 715.00 -75.72 -37.50
 716.00 -55.65 -43.14
 717.00 -72.04 -37.39
 718.00 -45.29 -51.95
 719.00 -68.62 -42.49
 720.00 -125.23   5.49
 721.00 -75.35  -0.21
 722.00 -73.54 137.21
 723.00  83.59 136.61
 724.00 -68.18  -7.03
 725.00 -85.35 -21.32
 726.00 -71.01   4.10
 727.00 -108.90  -9.72
 728.00 -56.22 132.46
 729.00 -52.84 144.50
 730.00 -62.53 -33.44
 731.00 -64.18 -47.52
 732.00 -67.29 -43.74
 733.00 -66.66 -38.05
 734.00 -54.17 -36.53
 735.00 -63.92 -63.60
 736.00 -54.47 -37.98
 737.00 -73.28 -49.12
 738.00 -90.03 -17.57
 739.00 -86.18 -33.34
 740.00 -59.91  -5.48
 741.00 -76.87 -40.51
 742.00 -76.34 -39.60
 743.00 -67.67 -32.12
 744.00 -70.24 -52.85
 745.00 -69.78 -27.19
 746.00 -51.59 -51.45
 747.00 -67.63 -41.89
 748.00 -60.22 -49.89
 749.00 -60.27 -38.06
 750.00 -63.57 -47.74
 751.00 -61.95 -40.82
 752.00 -74.11 -37.74
 753.00 -62.06 -37.25
 754.00 -99.67 -38.39
 755.00 -96.06 -23.51
 756.00 -140.93 -28.36
 757.00  52.10  27.99
 758.00  76.27  28.54
 759.00 -65.16 -12.49
 760.00 -128.25 -29.23
 761.00 -83.91 154.31
 762.00 -79.48  94.83
 763.00 -59.64  64.80
 764.00 -147.14 -44.39
 765.00 -54.29 154.01
 766.00 -72.88 -38.17
 767.00 -94.30 -50.67
 768.00 -106.89  79.87
 769.00 -101.18 141.06
 770.00 -69.76 114.05
 771.00 -66.04 -179.38
 772.00 -57.07 -35.88
 773.00 -60.14 -47.37
 774.00 -61.63 -37.99
 775.00 -69.93 -42.45
 776.00 -84.97 -42.51
 777.00 -81.35  -4.70
 778.00  62.11 -11.39
 779.00 -117.15  16.53
 780.00 -49.82  39.09
 781.00 -62.61 -54.59
 782.00 -44.26 -54.07
 783.00 -73.08 -45.39
 784.00 -66.97 -30.04
 785.00 -47.77 -45.63
 786.00 -60.90 -50.06
 787.00 -57.22 -49.96
 788.00 -51.75 -41.86
 789.00 -64.79 -48.11
 790.00 -66.20 -35.19
 791.00 -62.83 -38.49
 792.00 -61.15 -45.84
 793.00 -51.20 -23.39
 794.00 -80.44 -39.44
 795.00 -73.91 -31.92
 796.00 -96.27 -26.56
 797.00  37.36   6.02
 798.00 -66.71  55.60
 799.00 -67.82 117.93
 800.00 -64.54 152.52
 801.00 -79.40 -19.63
 802.00 -70.01 -37.82
 803.00 -63.40 -39.90
 804.00 -57.46 -43.98
 805.00 -72.62 -42.63
 806.00 -60.80 -40.86
 807.00 -57.32 -42.20
 808.00 -53.93 -47.38
 809.00 -64.44 -42.24
 810.00 -70.06 -20.55
 811.00 -59.31 -27.27
 812.00 -100.40 -34.68
 813.00 -109.88  28.85
 814.00 -157.00   4.14
 815.00 -141.28 130.77
 816.00 -57.39 156.20
 817.00 -77.23 169.39
 818.00 -79.83 -42.39
 819.00  54.18  21.58
 820.00 -75.50 -178.33
 821.00 -57.39 158.21
 822.00 -98.82 -30.62
 823.00 -50.37  31.89
 824.00 -71.16 -32.63
 825.00 -71.62 -33.71
 826.00 -64.66 -40.08
 827.00 -60.07 -36.68
 828.00 -74.97 -40.63
 829.00 -72.21 -32.63
 830.00 -63.61 -36.37
 831.00 -53.92 -53.68
 832.00 -54.37 -52.25
 833.00 -74.13 -34.10
 834.00 -55.54 -33.98
 835.00 -46.23 -58.93
 836.00 -77.26 -41.51
 837.00 -54.88 -37.30
 838.00 -59.10 -44.01
 839.00 -66.00 -25.62
 840.00 -108.63 -31.31
 841.00 -54.80 -16.77
 842.00 -70.21 138.42
 843.00 -171.69 100.14
 844.00 -85.33 163.71
 845.00 -59.05  95.89
 846.00 -73.42 -25.20
 847.00 -134.94  -6.31
 848.00 -64.78  73.20
 849.00 -56.27 -13.28
 850.00 -59.47 -43.08
 851.00 -81.47 -30.06
 852.00 -56.57 -31.79
 853.00 -61.70 -45.75
 854.00 -54.02 -54.41
 855.00 -52.90 -50.35
 856.00 -55.09 -51.26
 857.00 -78.05 -36.63
 858.00 -67.41 -34.97
 859.00 -69.99 -46.56
 860.00 -56.77 -34.60
 861.00 -56.06 -46.40
 862.00 -66.95 -41.72
 863.00 -56.25 -48.62
 864.00 -87.19 -16.50
 865.00 -96.24  -9.62
 866.00 -70.47 -16.73
 867.00 -66.76 -35.03
 868.00 -77.15 -30.16
 869.00 -50.82 -40.77
 870.00 -63.05 -45.51
 871.00 -72.92 -36.53
 872.00 -76.44 -38.59
 873.00 -61.05 -37.96
 874.00 -68.45 -32.26
 875.00 -79.01 -40.91
 876.00 -67.75 -41.39
 877.00 -61.63 -31.31
 878.00 -66.17 -45.35
 879.00 -78.26 -20.07
 880.00 -50.22 -52.64
 881.00 -72.59 -45.70
 882.00 -99.36 -27.13
 883.00 -61.01  19.94
 884.00 -69.74 -26.81
 885.00 -79.89 -45.57
 886.00 -77.58 -41.82
 887.00  50.29   4.86
 888.00 -73.39  25.35
 889.00 -89.76 125.95
 890.00 -122.61 140.08
 891.00 -54.67 134.51
 892.00 -57.27 146.55
 893.00 -68.46 -42.77
 894.00 -85.21 -31.10
 895.00 -64.02 -26.53
 896.00 -63.30 -36.69
 897.00 -60.86 -58.19
 898.00 -75.34 -42.59
 899.00 -90.05 -17.94
 900.00 -121.72 -28.13
 901.00 -100.95 -25.82
 902.00 -59.29 -41.09
 903.00 -61.90 -38.41
 904.00 -73.03 -24.07
 905.00 -56.72 -40.60
 906.00 -77.95 -50.37
 907.00 -92.85 -15.51
 908.00  78.26 -17.02
 909.00 -65.15  16.48
 910.00 -130.13 -21.12
 911.00 -141.10 141.18
 912.00 -66.60 150.35
 913.00 -128.01 -176.98
 914.00 -107.59 125.30
 915.00 -58.90 122.90
 916.00 -130.12 -34.59
 917.00 -72.26 165.43


