 residuo Phi Psi
 669.00 -67.35 146.01
 670.00 -67.06 162.95
 671.00 -133.06 158.85
 672.00 -65.87 -45.82
 673.00 -68.39 -43.37
 674.00 -68.70 -26.60
 675.00 -62.90 -46.54
 676.00 -70.05 -42.14
 677.00 -67.83 -23.88
 678.00 -57.10 -53.72
 679.00 -83.27 -30.41
 680.00 -77.08 -12.04
 681.00 -75.64 123.74
 682.00 -83.26 179.33
 683.00 -58.46 166.21
 684.00 -103.99 145.62
 685.00 -93.57 134.38
 686.00 -87.06 151.14
 687.00  77.03 -15.94
 688.00 -81.43  29.05
 689.00 -127.58 153.48
 690.00 -65.50  96.22
 691.00 -71.98  -3.52
 692.00 -73.67 -31.09
 693.00 -51.39 162.10
 694.00 -92.65 138.85
 695.00 -132.23 132.38
 696.00 -67.66 172.36
 697.00 -43.46 -42.21
 698.00 -84.29 -61.49
 699.00 -55.20 -34.58
 700.00 -75.54 -57.34
 701.00 -60.32 -33.04
 702.00 -65.87 -47.91
 703.00 -72.07 -22.81
 704.00 -59.61 -46.96
 705.00 -67.79 -39.38
 706.00 -54.72 -47.75
 707.00 -63.14 -33.60
 708.00 -67.54 -45.81
 709.00 -70.67 -31.74
 710.00 -62.31 -43.98
 711.00 -54.68 -41.23
 712.00 -78.01 -47.06
 713.00 -85.26 -15.00
 714.00 -64.29 -30.29
 715.00 -58.80 -38.54
 716.00 -55.33 -44.99
 717.00 -58.21 -53.30
 718.00 -66.85 -51.63
 719.00 -69.01 -24.03
 720.00 -126.38 -11.96
 721.00 -68.36  -2.16
 722.00 -54.79 141.63
 723.00  80.58 124.82
 724.00 -65.32  -1.43
 725.00 -64.65 -28.96
 726.00 -62.44 -16.52
 727.00 -76.16 -23.50
 728.00 -62.68 140.66
 729.00 -61.06 159.97
 730.00 -60.51 -44.11
 731.00 -81.68 -31.39
 732.00 -43.15 -46.85
 733.00 -70.52 -51.46
 734.00 -66.20 -31.80
 735.00 -67.72 -53.83
 736.00 -55.41 -30.22
 737.00 -71.71 -45.01
 738.00 -105.93  -9.58
 739.00 -81.83 -37.24
 740.00 -60.38 -27.62
 741.00 -60.67 -35.02
 742.00 -54.34 -54.06
 743.00 -62.38 -52.82
 744.00 -72.69 -46.91
 745.00 -65.22 -40.81
 746.00 -59.64 -48.06
 747.00 -63.94 -41.79
 748.00 -63.85 -38.16
 749.00 -66.27 -29.26
 750.00 -57.07 -38.80
 751.00 -58.54 -53.41
 752.00 -59.17 -43.90
 753.00 -62.33 -39.18
 754.00 -95.74 -46.68
 755.00 -110.83 -15.65
 756.00 -142.79 -20.49
 757.00  46.04  20.86
 758.00  63.27  50.71
 759.00 -73.42  -3.53
 760.00 -130.36 -25.80
 761.00 -90.41 162.38
 762.00 -96.48 112.59
 763.00 -54.18  64.14
 764.00 -139.36 -63.12
 765.00 -48.71 142.80
 766.00 -108.11 -16.28
 767.00 -133.47  -5.43
 768.00 -91.96  75.69
 769.00 -115.21 146.23
 770.00 -95.38 123.98
 771.00 -61.32 172.52
 772.00 -64.55 -19.00
 773.00 -74.92 -46.31
 774.00 -45.31 -37.97
 775.00 -82.08 -44.78
 776.00 -67.52 -39.68
 777.00 -98.77 -20.91
 778.00  47.44   6.98
 779.00 -85.31   6.47
 780.00 -68.51  30.20
 781.00 -62.65 -56.59
 782.00 -66.46 -28.72
 783.00 -51.52 -59.50
 784.00 -66.98 -38.30
 785.00 -67.24 -43.08
 786.00 -75.94 -35.29
 787.00 -54.29 -46.03
 788.00 -55.70 -44.16
 789.00 -62.61 -42.15
 790.00 -58.22 -41.79
 791.00 -78.43 -35.29
 792.00 -79.53 -20.13
 793.00 -52.10 -41.97
 794.00 -74.65 -33.11
 795.00 -59.90 -37.15
 796.00 -71.18 -44.49
 797.00  54.32 -26.16
 798.00 -58.19  64.75
 799.00 -79.21 129.58
 800.00 -59.93 156.75
 801.00 -62.30 -40.91
 802.00 -64.02 -44.45
 803.00 -60.25 -43.56
 804.00 -71.14 -47.09
 805.00 -62.08 -33.90
 806.00 -65.36 -43.68
 807.00 -65.68 -45.04
 808.00 -61.95 -38.03
 809.00 -69.50 -41.80
 810.00 -67.14 -20.53
 811.00 -71.80 -33.56
 812.00 -114.65  -6.67
 813.00 -121.38  46.98
 814.00 -151.05 -14.41
 815.00 -154.38 134.61
 816.00 -74.23 154.85
 817.00 -60.10 138.08
 818.00 -66.79 -47.99
 819.00  97.71  -7.83
 820.00 -73.66 142.66
 821.00 -56.91 162.45
 822.00 -109.26 -39.27
 823.00 -51.40  45.39
 824.00 -83.61 -34.31
 825.00 -92.91 -13.83
 826.00 -63.31 -30.67
 827.00 -69.97 -39.47
 828.00 -63.78 -37.39
 829.00 -70.00 -41.23
 830.00 -60.79 -48.56
 831.00 -71.20 -40.00
 832.00 -57.90 -41.68
 833.00 -67.56 -52.60
 834.00 -57.92 -31.44
 835.00 -87.95 -32.18
 836.00 -67.21 -27.00
 837.00 -67.79 -32.73
 838.00 -54.74 -44.45
 839.00 -78.08 -26.73
 840.00 -127.45 -16.35
 841.00 -62.46   6.94
 842.00 -81.03 145.31
 843.00 -161.19 106.49
 844.00 -69.79 151.85
 845.00 -60.93  89.71
 846.00 -61.79 -18.68
 847.00 -136.08 -22.32
 848.00 -68.14  87.13
 849.00 -45.36 -15.80
 850.00 -53.63 -45.62
 851.00 -81.03 -36.73
 852.00 -56.94 -39.58
 853.00 -61.16 -45.87
 854.00 -50.25 -51.07
 855.00 -67.80 -50.83
 856.00 -52.01 -41.49
 857.00 -65.27 -48.70
 858.00 -83.05 -27.67
 859.00 -68.07 -36.83
 860.00 -60.99 -32.37
 861.00 -68.64 -39.46
 862.00 -74.49 -29.46
 863.00 -53.48 -54.54
 864.00 -65.96 -30.40
 865.00 -58.87 -25.29
 866.00 -80.52 -39.01
 867.00 -61.98 -33.76
 868.00 -69.42 -35.49
 869.00 -55.25 -47.35
 870.00 -59.61 -45.28
 871.00 -59.59 -40.52
 872.00 -75.39 -43.31
 873.00 -64.19 -31.03
 874.00 -70.85 -35.59
 875.00 -61.59 -48.44
 876.00 -81.83 -30.68
 877.00 -58.52 -43.86
 878.00 -58.14 -50.75
 879.00 -83.62 -29.55
 880.00 -58.77 -38.12
 881.00 -77.33 -50.03
 882.00 -125.09   4.60
 883.00 -47.61   8.52
 884.00 -76.66 -40.99
 885.00 -60.54 -33.12
 886.00 -92.93 -56.56
 887.00  51.10   9.46
 888.00 -92.04  32.67
 889.00 -75.31 114.73
 890.00 -100.20 108.10
 891.00 -85.20 129.24
 892.00 -60.97 154.80
 893.00 -74.59 -23.85
 894.00 -74.54 -42.62
 895.00 -67.75 -33.99
 896.00 -60.05 -40.57
 897.00 -57.98 -54.92
 898.00 -80.93 -33.29
 899.00 -98.48 -24.97
 900.00 -115.95 -10.94
 901.00 -100.56 -51.34
 902.00 -60.52 -30.93
 903.00 -58.82 -43.04
 904.00 -60.23 -36.25
 905.00 -70.14 -37.72
 906.00 -68.69 -54.16
 907.00 -80.66 -26.20
 908.00  93.19  -4.93
 909.00 -78.40  13.40
 910.00 -128.60 -22.53
 911.00 -121.98 132.10
 912.00 -81.08 141.92
 913.00 -106.24 154.11
 914.00 -110.55 123.13
 915.00 -102.48 155.44
 916.00 -108.53 -33.45
 917.00 -69.35 153.13


