 residuo Phi Psi
 669.00 -74.10 154.11
 670.00 -47.36 161.32
 671.00 -50.12 158.41
 672.00 -68.06 -53.55
 673.00 -67.37 -46.41
 674.00 -58.91 -33.56
 675.00 -86.40 -30.26
 676.00 -39.88 -46.57
 677.00 -58.37 -56.20
 678.00 -99.79 -20.99
 679.00 -90.17 -22.81
 680.00 -65.13  -6.39
 681.00 -58.15 107.00
 682.00 -77.02 164.70
 683.00 -134.08 -129.58
 684.00 -141.95 157.11
 685.00 -80.49 151.17
 686.00 -103.27 161.36
 687.00  77.02  -1.40
 688.00 -88.71  16.84
 689.00 -124.49 161.42
 690.00 -51.23  95.43
 691.00 -80.54 -25.91
 692.00 -96.58  -9.66
 693.00 -57.24 156.52
 694.00 -61.72 145.15
 695.00 -140.09 123.05
 696.00 -55.89 148.74
 697.00 -79.33 -56.50
 698.00 -68.25 -23.04
 699.00 -51.38 -61.58
 700.00 -73.81 -38.64
 701.00 -62.40 -36.91
 702.00 -76.79 -36.87
 703.00 -68.08 -25.81
 704.00 -62.95 -38.45
 705.00 -73.82 -39.17
 706.00 -59.78 -37.86
 707.00 -68.58 -32.66
 708.00 -60.62 -32.84
 709.00 -58.18 -56.02
 710.00 -74.21 -43.10
 711.00 -58.82 -34.24
 712.00 -68.62 -38.71
 713.00 -67.63 -41.29
 714.00 -75.81 -35.98
 715.00 -66.31 -41.24
 716.00 -61.98 -54.33
 717.00 -61.41 -29.88
 718.00 -67.39 -49.83
 719.00 -64.76 -27.22
 720.00 -83.56 -30.69
 721.00 -55.38 -26.14
 722.00 -77.35 126.18
 723.00  86.97 143.25
 724.00 -60.24 -16.96
 725.00 -62.10 -43.57
 726.00 -66.88   5.23
 727.00 -72.65 -20.80
 728.00 -75.08 150.75
 729.00 -59.56 149.44
 730.00 -74.31 -27.96
 731.00 -71.76 -31.22
 732.00 -55.51 -36.13
 733.00 -62.24 -50.46
 734.00 -63.43 -29.51
 735.00 -56.19 -62.30
 736.00 -63.12 -36.28
 737.00 -74.19 -51.52
 738.00 -72.21 -25.45
 739.00 -83.72 -40.89
 740.00 -61.53 -13.75
 741.00 -66.95 -38.11
 742.00 -56.72 -45.89
 743.00 -65.79 -51.20
 744.00 -40.85 -44.33
 745.00 -72.26 -55.85
 746.00 -59.33 -42.70
 747.00 -80.99 -36.45
 748.00 -57.14 -39.43
 749.00 -57.90 -46.94
 750.00 -74.18 -35.69
 751.00 -56.31 -47.09
 752.00 -73.40 -35.86
 753.00 -55.79 -42.04
 754.00 -56.03 -59.02
 755.00 -83.86 -48.00
 756.00 -140.28 -44.90
 757.00  53.12  19.99
 758.00  65.33  25.41
 759.00 -54.05  -7.24
 760.00 -142.77 -17.67
 761.00 -101.72 161.78
 762.00 -100.38 113.54
 763.00 -56.83  61.10
 764.00 -146.90 -52.88
 765.00 -60.78 158.23
 766.00 -86.66 -30.70
 767.00 -114.35 -15.97
 768.00 -83.77  60.83
 769.00 -114.00 144.37
 770.00 -98.55 118.27
 771.00 -60.31 172.90
 772.00 -72.34 -20.27
 773.00 -58.52 -52.12
 774.00 -58.43 -36.02
 775.00 -47.39 -57.16
 776.00 -67.11 -48.29
 777.00 -87.49 -36.79
 778.00  61.72  -2.69
 779.00 -85.80 -16.27
 780.00 -66.85  48.10
 781.00 -61.72 -38.51
 782.00 -61.81 -41.99
 783.00 -69.32 -39.87
 784.00 -72.05 -40.58
 785.00 -58.89 -38.08
 786.00 -60.85 -39.22
 787.00 -60.44 -41.81
 788.00 -52.97 -50.03
 789.00 -60.88 -46.73
 790.00 -58.19 -40.22
 791.00 -59.05 -50.17
 792.00 -53.98 -32.56
 793.00 -64.61 -34.38
 794.00 -61.30 -33.87
 795.00 -64.78 -43.94
 796.00 -95.75 -38.32
 797.00  52.28   6.99
 798.00 -65.95  42.18
 799.00 -95.75 133.83
 800.00 -54.92 147.27
 801.00 -63.74 -32.63
 802.00 -67.71 -40.93
 803.00 -57.28 -48.82
 804.00 -66.62 -35.91
 805.00 -65.18 -46.07
 806.00 -57.54 -35.14
 807.00 -69.02 -41.00
 808.00 -72.41 -37.88
 809.00 -62.82 -40.84
 810.00 -71.12 -31.76
 811.00 -67.98 -29.57
 812.00 -108.97 -21.43
 813.00 -144.98  46.16
 814.00 -135.80   0.96
 815.00 -146.28 122.08
 816.00 -68.79 172.39
 817.00 -78.30 163.63
 818.00 -82.92 -35.72
 819.00  77.70   2.04
 820.00 -72.06 155.40
 821.00 -55.87 159.57
 822.00 -114.11 -29.13
 823.00 -52.06  43.18
 824.00 -57.40 -41.18
 825.00 -82.93 -37.42
 826.00 -56.27 -34.79
 827.00 -77.08 -39.67
 828.00 -76.33 -16.43
 829.00 -75.17 -47.11
 830.00 -64.50 -36.37
 831.00 -53.37 -45.43
 832.00 -76.63 -44.23
 833.00 -69.80 -29.84
 834.00 -64.33 -36.08
 835.00 -73.69 -33.53
 836.00 -74.76 -21.99
 837.00 -72.21 -30.89
 838.00 -72.71 -39.24
 839.00 -75.48 -17.79
 840.00 -122.96 -29.89
 841.00 -36.69   0.22
 842.00 -73.83 127.72
 843.00 -58.00  -3.71
 844.00 -112.51 171.86
 845.00 -55.08 113.91
 846.00 -68.58 -36.87
 847.00 -108.52 -11.10
 848.00 -53.90  61.29
 849.00 -83.28 -14.89
 850.00 -67.97 -26.15
 851.00 -63.47 -40.47
 852.00 -43.81 -44.05
 853.00 -57.73 -48.59
 854.00 -53.70 -55.85
 855.00 -58.21 -43.50
 856.00 -75.19 -36.61
 857.00 -66.04 -37.01
 858.00 -64.09 -32.44
 859.00 -69.96 -47.38
 860.00 -66.00 -34.06
 861.00 -74.52 -28.35
 862.00 -64.04 -42.40
 863.00 -64.59 -41.37
 864.00 -73.07 -24.31
 865.00 -88.81 -24.82
 866.00 -64.20 -32.52
 867.00 -80.66 -35.86
 868.00 -71.15 -20.58
 869.00 -71.69 -39.77
 870.00 -71.76 -23.60
 871.00 -78.06 -40.15
 872.00 -82.06 -16.52
 873.00 -59.90 -47.50
 874.00 -75.46 -33.86
 875.00 -59.53 -41.49
 876.00 -59.48 -43.67
 877.00 -71.41 -39.69
 878.00 -62.26 -49.20
 879.00 -64.82 -31.46
 880.00 -57.48 -48.85
 881.00 -62.23 -44.37
 882.00 -94.37 -23.68
 883.00 -57.65  11.61
 884.00 -73.76 -39.04
 885.00 -76.76 -41.11
 886.00 -124.76   3.02
 887.00  54.78   2.64
 888.00 -94.06  44.10
 889.00 -91.04 126.11
 890.00 -115.88 120.45
 891.00 -45.48 106.82
 892.00 -49.52 140.99
 893.00 -67.27 -47.94
 894.00 -52.09 -48.89
 895.00 -56.35 -51.21
 896.00 -78.14 -28.82
 897.00 -73.36 -20.94
 898.00 -57.91 -51.84
 899.00 -73.81 -44.52
 900.00 -118.59 -25.11
 901.00 -111.51 -31.44
 902.00 -53.64 -37.54
 903.00 -68.13 -29.89
 904.00 -67.95 -33.36
 905.00 -71.89 -32.51
 906.00 -46.29 -53.20
 907.00 -79.65 -43.06
 908.00  72.54   0.25
 909.00 -75.02   5.53
 910.00 -120.08 -14.56
 911.00 -138.55 132.56
 912.00 -41.94 142.74
 913.00 -103.68 165.95
 914.00 -79.11  83.90
 915.00 -108.37 154.35
 916.00 -112.02 -25.03
 917.00 -100.36   8.51


