 residuo Phi Psi
 669.00 -153.07 147.37
 670.00 -62.59 138.34
 671.00 -113.68 121.24
 672.00 -45.88 -18.08
 673.00 -57.31 -53.52
 674.00 -57.98 -49.63
 675.00 -62.58 -44.13
 676.00 -59.48 -42.98
 677.00 -77.66 -28.54
 678.00 -92.73 -21.90
 679.00 -88.95 -22.98
 680.00 -60.50 -17.46
 681.00 -65.21 127.84
 682.00 -70.97 172.30
 683.00 -75.55 159.04
 684.00 -81.54 115.51
 685.00 -86.52 144.85
 686.00 -79.39 155.02
 687.00  89.41 -24.67
 688.00 -85.11  25.51
 689.00 -138.64 161.44
 690.00 -58.06 100.08
 691.00 -79.93  -7.67
 692.00 -67.27 -26.25
 693.00 -75.25 153.04
 694.00 -64.29 125.40
 695.00 -126.61 115.81
 696.00 -57.09 152.30
 697.00 -67.62 -54.69
 698.00 -59.73 -53.62
 699.00 -81.97 -22.31
 700.00 -82.41 -36.55
 701.00 -57.41 -44.24
 702.00 -75.38 -29.72
 703.00 -50.60 -48.57
 704.00 -66.39 -38.42
 705.00 -65.38 -40.76
 706.00 -63.90 -37.92
 707.00 -49.51 -43.87
 708.00 -51.67 -55.96
 709.00 -68.56 -42.20
 710.00 -74.13 -40.93
 711.00 -70.51 -26.35
 712.00 -52.04 -51.85
 713.00 -88.44 -29.14
 714.00 -47.40 -40.08
 715.00 -64.45 -47.31
 716.00 -54.79 -53.15
 717.00 -79.19 -26.60
 718.00 -60.13 -52.08
 719.00 -49.62 -45.27
 720.00 -98.56 -28.73
 721.00 -84.71   8.33
 722.00 -48.17 135.17
 723.00  66.39 143.18
 724.00 -54.45 -15.69
 725.00 -53.29 -28.66
 726.00 -52.14 -29.61
 727.00 -78.72 -33.78
 728.00 -72.53 135.02
 729.00 -56.24 154.83
 730.00 -71.79 -31.58
 731.00 -91.14 -28.67
 732.00 -64.65 -27.01
 733.00 -65.11 -42.20
 734.00 -64.30 -36.97
 735.00 -61.28 -57.12
 736.00 -64.22 -40.76
 737.00 -52.25 -59.13
 738.00 -83.42 -30.82
 739.00 -84.77 -38.28
 740.00 -60.85  -5.92
 741.00 -59.21 -55.19
 742.00 -75.07 -47.62
 743.00 -70.20 -32.17
 744.00 -73.47 -38.41
 745.00 -60.82 -37.11
 746.00 -72.51 -42.79
 747.00 -50.50 -43.35
 748.00 -50.81 -56.73
 749.00 -58.13 -34.06
 750.00 -79.59 -32.26
 751.00 -63.53 -40.19
 752.00 -69.18 -36.70
 753.00 -66.62 -40.47
 754.00 -115.41 -23.31
 755.00 -85.87 -38.74
 756.00 -134.92 -39.84
 757.00  53.35  30.61
 758.00  63.23  32.59
 759.00 -94.52  -1.02
 760.00 -91.91 -34.21
 761.00 -95.78 159.64
 762.00 -81.70 102.63
 763.00 -66.02  71.34
 764.00 -159.27 -39.57
 765.00 -60.59 178.74
 766.00 -76.43 -47.81
 767.00 -88.70 -51.88
 768.00 -82.42  67.99
 769.00 -111.43 142.63
 770.00 -99.37 123.86
 771.00 -51.12 172.77
 772.00 -80.99 -27.22
 773.00 -76.86 -34.89
 774.00 -69.91 -23.78
 775.00 -81.90 -34.63
 776.00 -55.99 -45.05
 777.00 -97.53 -31.62
 778.00  65.79   7.33
 779.00 -82.08 -15.43
 780.00 -72.01  35.35
 781.00 -49.44 -44.79
 782.00 -59.07 -51.62
 783.00 -59.92 -45.18
 784.00 -78.41 -27.36
 785.00 -61.16 -46.03
 786.00 -66.89 -25.17
 787.00 -50.57 -55.49
 788.00 -56.19 -39.21
 789.00 -67.09 -41.53
 790.00 -70.15 -31.22
 791.00 -78.47 -32.96
 792.00 -63.49 -32.03
 793.00 -54.82 -34.08
 794.00 -79.22 -39.37
 795.00 -62.38 -37.86
 796.00 -86.53 -39.41
 797.00  44.91 -21.35
 798.00 -79.71  90.48
 799.00 -85.96 124.18
 800.00 -52.30 149.82
 801.00 -65.24 -36.82
 802.00 -88.06 -34.51
 803.00 -56.04 -27.49
 804.00 -69.48 -46.99
 805.00 -73.48 -38.10
 806.00 -75.43 -34.33
 807.00 -81.63 -35.49
 808.00 -57.61 -30.73
 809.00 -66.79 -38.41
 810.00 -63.78 -41.02
 811.00 -68.71 -22.06
 812.00 -124.28 -17.65
 813.00 -139.14  48.08
 814.00 -144.56   9.78
 815.00 -157.50 130.94
 816.00 -58.89 165.54
 817.00 -67.86 154.61
 818.00 -79.21 -28.19
 819.00  74.09 -10.84
 820.00 -78.75 178.41
 821.00 -46.60 165.20
 822.00 -122.79 -43.14
 823.00 -51.08  65.97
 824.00 -46.54 -22.82
 825.00 -78.06 -35.67
 826.00 -84.87 -26.22
 827.00 -61.57 -36.90
 828.00 -60.74 -41.83
 829.00 -65.93 -40.30
 830.00 -53.04 -55.66
 831.00 -68.94 -46.75
 832.00 -54.79 -40.00
 833.00 -64.51 -54.26
 834.00 -67.51 -22.71
 835.00 -62.71 -52.58
 836.00 -70.85 -36.41
 837.00 -58.84 -32.89
 838.00 -56.19 -51.66
 839.00 -69.94 -40.83
 840.00 -131.48  -4.09
 841.00 -65.13   3.88
 842.00 -69.80 152.71
 843.00 -140.50  81.22
 844.00 -89.38 168.53
 845.00 -54.46 101.71
 846.00 -65.06 -28.86
 847.00 -131.70 -21.74
 848.00 -64.63  76.19
 849.00 -63.08 -15.51
 850.00 -52.08 -41.27
 851.00 -72.80 -36.70
 852.00 -62.58 -37.27
 853.00 -62.68 -47.40
 854.00 -73.38 -26.78
 855.00 -56.12 -52.31
 856.00 -50.49 -43.44
 857.00 -81.92 -37.78
 858.00 -63.56 -33.84
 859.00 -74.06 -38.01
 860.00 -70.77 -32.83
 861.00 -59.51 -40.33
 862.00 -62.29 -47.04
 863.00 -60.61 -37.25
 864.00 -79.46 -27.73
 865.00 -68.74 -14.13
 866.00 -65.92 -32.31
 867.00 -60.16 -52.34
 868.00 -59.32 -40.14
 869.00 -50.10 -47.83
 870.00 -64.47 -45.67
 871.00 -61.35 -42.80
 872.00 -79.92 -32.30
 873.00 -56.04 -38.80
 874.00 -73.08 -46.28
 875.00 -61.67 -29.93
 876.00 -66.09 -49.34
 877.00 -61.35 -42.90
 878.00 -66.94 -53.14
 879.00 -63.34 -32.13
 880.00 -67.54 -37.45
 881.00 -73.58 -32.39
 882.00 -92.05 -31.92
 883.00 -53.01   6.35
 884.00 -58.86 -43.08
 885.00 -71.45 -43.52
 886.00 -91.69 -33.89
 887.00  53.48  -5.37
 888.00 -79.42  37.88
 889.00 -76.73 119.03
 890.00 -120.05 146.92
 891.00 -82.48 149.93
 892.00 -43.50 129.33
 893.00 -70.58 -43.36
 894.00 -88.34 -32.12
 895.00 -48.41 -32.76
 896.00 -66.16 -41.16
 897.00 -70.27 -42.13
 898.00 -85.94 -32.76
 899.00 -88.35 -27.41
 900.00 -107.74 -30.11
 901.00 -97.07 -37.86
 902.00 -63.56 -49.12
 903.00 -50.76 -30.80
 904.00 -69.74 -27.28
 905.00 -78.18 -27.03
 906.00 -82.65 -39.11
 907.00 -69.48 -29.42
 908.00  70.06 -27.41
 909.00 -66.82  13.09
 910.00 -121.28 -10.14
 911.00 -144.76 139.71
 912.00 -51.86 148.40
 913.00 -91.77 145.04
 914.00 -70.95  93.86
 915.00 -58.50 116.03
 916.00 -105.43 -43.20
 917.00 -153.41 134.40


