 residuo Phi Psi
 669.00 -52.58 -58.35
 670.00 -78.35 152.78
 671.00 -38.73 144.24
 672.00 -54.54 -34.98
 673.00 -74.50 -39.87
 674.00 -65.16 -31.07
 675.00 -76.68 -33.60
 676.00 -64.62 -58.06
 677.00 -72.68 -20.71
 678.00 -98.29 -34.97
 679.00 -81.53 -15.90
 680.00 -63.25 -12.82
 681.00 -72.47 116.48
 682.00 -82.93 170.94
 683.00 -69.48 169.21
 684.00 -98.73 131.51
 685.00 -84.05 146.82
 686.00 -73.75 148.06
 687.00  79.33  -6.38
 688.00 -75.74  20.10
 689.00 -70.23 119.34
 690.00 -66.59  78.16
 691.00 -61.64  -6.59
 692.00 -92.17 -28.81
 693.00 -64.84 143.62
 694.00 -78.52 146.47
 695.00 -142.81 146.84
 696.00 -62.03 157.88
 697.00 -68.66 -62.07
 698.00 -57.21 -30.49
 699.00 -70.74 -41.96
 700.00 -63.85 -53.65
 701.00 -62.64 -36.70
 702.00 -66.74 -45.44
 703.00 -66.31 -32.36
 704.00 -69.97 -35.20
 705.00 -77.74 -32.01
 706.00 -59.91 -36.50
 707.00 -55.41 -39.24
 708.00 -71.17 -49.25
 709.00 -62.65 -37.38
 710.00 -85.83 -26.65
 711.00 -60.58 -35.91
 712.00 -61.47 -31.10
 713.00 -71.02 -45.48
 714.00 -69.54 -32.46
 715.00 -58.26 -46.78
 716.00 -70.39 -32.36
 717.00 -48.88 -62.00
 718.00 -64.82 -43.43
 719.00 -72.10 -39.56
 720.00 -125.87   0.71
 721.00 -53.70 -25.03
 722.00 -62.39 116.19
 723.00  98.27 139.22
 724.00 -69.41 -36.72
 725.00 -50.68 -29.91
 726.00 -74.83 -25.06
 727.00 -95.44 -18.26
 728.00 -57.62 153.63
 729.00 -60.05 146.91
 730.00 -79.69 -27.27
 731.00 -64.13 -43.25
 732.00 -58.96 -36.17
 733.00 -62.31 -57.92
 734.00 -67.20 -35.13
 735.00 -55.38 -62.20
 736.00 -61.47 -31.52
 737.00 -60.93 -56.88
 738.00 -71.17 -35.09
 739.00 -81.34 -49.63
 740.00 -73.41  19.76
 741.00 -86.57 -38.32
 742.00 -59.66 -47.18
 743.00 -71.48 -34.92
 744.00 -50.36 -44.37
 745.00 -51.89 -53.07
 746.00 -57.20 -53.33
 747.00 -68.03 -43.47
 748.00 -67.34 -41.22
 749.00 -63.31 -31.51
 750.00 -55.44 -43.47
 751.00 -57.46 -55.15
 752.00 -64.89 -39.42
 753.00 -65.98 -41.28
 754.00 -100.63 -47.13
 755.00 -96.37 -18.12
 756.00 -132.71 -38.38
 757.00  46.35  40.32
 758.00  62.97  43.47
 759.00 -78.86 -12.14
 760.00 -82.06 -53.14
 761.00 -86.10 153.41
 762.00 -78.07 101.85
 763.00 -48.37  61.27
 764.00 -160.13 -57.76
 765.00 -62.42 158.00
 766.00 -88.70 -26.86
 767.00 -102.08 -29.38
 768.00 -66.46  35.32
 769.00 -90.30 126.60
 770.00 -61.69 102.81
 771.00 -51.06 157.49
 772.00 -63.41 -34.54
 773.00 -71.56 -37.52
 774.00 -55.97 -34.55
 775.00 -74.49 -46.88
 776.00 -70.26 -43.69
 777.00 -92.11 -26.63
 778.00  59.83   6.47
 779.00 -144.16  47.72
 780.00 -53.85  25.96
 781.00 -70.03 -48.68
 782.00 -83.92 -34.73
 783.00 -70.92 -30.93
 784.00 -60.14 -32.17
 785.00 -66.97 -44.66
 786.00 -76.50 -22.51
 787.00 -60.91 -43.07
 788.00 -75.22 -35.35
 789.00 -67.42 -27.62
 790.00 -67.98 -47.99
 791.00 -67.01 -23.57
 792.00 -72.93 -27.80
 793.00 -67.56 -26.95
 794.00 -66.49 -35.36
 795.00 -97.82 -24.64
 796.00 -87.75 -18.26
 797.00  43.05 -19.15
 798.00 -83.02  68.13
 799.00 -74.53 121.40
 800.00 -57.58 159.18
 801.00 -54.14 -42.65
 802.00 -61.40 -47.01
 803.00 -64.00 -41.02
 804.00 -60.19 -48.66
 805.00 -60.91 -46.61
 806.00 -59.61 -48.08
 807.00 -66.92 -42.83
 808.00 -67.19 -27.75
 809.00 -73.89 -41.75
 810.00 -66.92 -22.05
 811.00 -68.17 -28.33
 812.00 -110.14 -23.31
 813.00 -144.64  48.29
 814.00 -162.05  18.24
 815.00 -139.46 120.78
 816.00 -57.36 158.05
 817.00 -58.70 154.93
 818.00 -86.62 -43.14
 819.00  71.04  12.89
 820.00 -100.50 -166.76
 821.00 -80.89 168.49
 822.00 -113.48 -21.03
 823.00 -52.63  25.28
 824.00 -66.54 -31.02
 825.00 -81.96 -31.81
 826.00 -59.92 -33.75
 827.00 -75.77 -47.74
 828.00 -67.13 -29.26
 829.00 -71.61 -44.92
 830.00 -57.79 -42.38
 831.00 -59.28 -43.04
 832.00 -59.36 -49.98
 833.00 -63.87 -45.41
 834.00 -58.52 -34.28
 835.00 -68.75 -45.54
 836.00 -71.57 -38.25
 837.00 -80.86 -22.18
 838.00 -43.10 -49.05
 839.00 -68.93 -40.40
 840.00 -124.96 -21.73
 841.00 -61.38  -2.00
 842.00 -72.74 140.59
 843.00 -167.96  98.27
 844.00 -112.52 168.58
 845.00 -77.64  96.30
 846.00 -84.72 -12.12
 847.00 -99.68  -7.25
 848.00 -53.93 148.39
 849.00 -140.02 -41.23
 850.00 -47.22   7.84
 851.00 -80.02 -44.92
 852.00 -66.98 -42.35
 853.00 -49.75 -43.99
 854.00 -57.41 -55.40
 855.00 -57.68 -43.91
 856.00 -64.38 -43.97
 857.00 -77.77 -38.07
 858.00 -82.24 -17.73
 859.00 -70.84 -31.79
 860.00 -62.80 -28.33
 861.00 -74.28 -34.14
 862.00 -69.68 -34.92
 863.00 -63.98 -43.18
 864.00 -93.17  -4.85
 865.00 -55.86 -31.41
 866.00 -43.28 -52.07
 867.00 -72.22 -61.31
 868.00 -64.53 -31.00
 869.00 -76.71 -36.77
 870.00 -75.40 -28.98
 871.00 -51.90 -39.66
 872.00 -61.44 -54.79
 873.00 -65.45 -23.93
 874.00 -59.52 -53.92
 875.00 -62.78 -37.09
 876.00 -69.62 -58.73
 877.00 -54.86 -32.80
 878.00 -66.02 -49.98
 879.00 -63.40 -39.93
 880.00 -73.60 -36.82
 881.00 -54.29 -41.59
 882.00 -109.70 -32.13
 883.00 -48.16   3.74
 884.00 -82.98 -45.83
 885.00 -69.02 -11.47
 886.00 -79.00 -54.03
 887.00  58.16   8.11
 888.00 -77.01  16.59
 889.00 -99.56 135.93
 890.00 -122.77 151.56
 891.00 -60.65 141.06
 892.00 -69.55 153.87
 893.00 -61.16 -53.08
 894.00 -121.56 -12.17
 895.00 -56.38 -32.58
 896.00 -43.66 -43.70
 897.00 -63.36 -50.64
 898.00 -72.42 -34.05
 899.00 -77.15 -21.41
 900.00 -111.70 -39.95
 901.00 -102.16 -41.43
 902.00 -60.43 -31.99
 903.00 -51.03 -41.36
 904.00 -72.48 -37.44
 905.00 -81.59 -22.95
 906.00 -61.54 -49.67
 907.00 -83.66 -31.42
 908.00  68.75   7.91
 909.00 -62.35   0.66
 910.00 -130.48 -22.67
 911.00 -125.78 124.23
 912.00 -65.92 132.94
 913.00 -80.60 144.36
 914.00 -59.00  87.00
 915.00 -96.92 147.18
 916.00 -137.99 -23.63
 917.00 -97.15 162.09


