 residuo Phi Psi
 669.00 -82.05 141.95
 670.00 -61.12 122.28
 671.00 -153.41 137.44
 672.00 -58.63   1.85
 673.00 -48.58 -54.70
 674.00 -66.45 -51.08
 675.00 -61.90 -32.36
 676.00 -60.24 -52.58
 677.00 -46.34 -49.24
 678.00 -74.98 -41.55
 679.00 -101.28 -28.61
 680.00 -53.26  -7.24
 681.00 -69.17 122.38
 682.00 -53.83 161.17
 683.00 -51.77 134.52
 684.00 -100.24 135.78
 685.00 -80.06 125.61
 686.00 -101.51 153.46
 687.00  70.05   8.51
 688.00 -70.12  12.64
 689.00 -129.15 145.54
 690.00 -62.43 152.78
 691.00 -90.50 -17.03
 692.00 -82.09  -0.91
 693.00 -77.85 138.07
 694.00 -83.70 152.33
 695.00 -102.05  68.11
 696.00 -59.95 157.11
 697.00 -77.68 -38.93
 698.00 -64.55 -32.97
 699.00 -59.53 -60.56
 700.00 -73.89 -51.27
 701.00 -61.26 -27.10
 702.00 -65.96 -43.00
 703.00 -65.21 -33.10
 704.00 -67.59 -39.46
 705.00 -75.56 -30.87
 706.00 -69.93 -28.17
 707.00 -47.00 -38.87
 708.00 -61.56 -50.35
 709.00 -65.49 -46.33
 710.00 -68.29 -32.45
 711.00 -61.42 -41.51
 712.00 -86.57 -27.23
 713.00 -74.72 -24.78
 714.00 -63.49 -42.98
 715.00 -62.09 -44.18
 716.00 -59.65 -46.43
 717.00 -63.26 -32.34
 718.00 -72.38 -33.23
 719.00 -64.14 -33.57
 720.00 -88.75 -37.67
 721.00 -66.53  -0.25
 722.00 -65.38 150.93
 723.00  76.21 126.57
 724.00 -61.10 -13.97
 725.00 -56.25 -35.72
 726.00 -64.56  -6.69
 727.00 -67.84 -25.68
 728.00 -61.80 151.22
 729.00 -73.80 145.29
 730.00 -78.00 -27.11
 731.00 -77.06 -19.45
 732.00 -67.54 -30.04
 733.00 -58.35 -49.36
 734.00 -57.50 -37.91
 735.00 -72.50 -69.14
 736.00 -63.33 -23.71
 737.00 -74.87 -35.82
 738.00 -67.83 -54.46
 739.00 -67.88 -26.10
 740.00 -54.55 -21.14
 741.00 -65.56 -49.51
 742.00 -64.43 -56.18
 743.00 -63.78 -37.33
 744.00 -78.72 -41.55
 745.00 -51.52 -45.34
 746.00 -64.98 -38.84
 747.00 -52.80 -53.12
 748.00 -56.87 -40.96
 749.00 -72.72 -37.14
 750.00 -52.06 -44.77
 751.00 -65.25 -50.84
 752.00 -61.57 -46.98
 753.00 -61.99 -40.48
 754.00 -61.96 -66.94
 755.00 -79.72 -46.97
 756.00 -138.29 -32.51
 757.00  49.45  35.71
 758.00  61.46  29.69
 759.00 -86.61   2.69
 760.00 -112.70 -36.61
 761.00 -90.01 162.86
 762.00 -94.64 112.06
 763.00 -56.29  70.49
 764.00 -158.87 -47.99
 765.00 -74.36 168.33
 766.00 -72.66 -33.05
 767.00 -137.37 -22.18
 768.00 -88.04  71.41
 769.00 -84.86 122.03
 770.00 -91.14 123.59
 771.00 -68.71 176.79
 772.00 -59.83 -36.85
 773.00 -64.13 -34.23
 774.00 -56.82 -41.29
 775.00 -82.67 -32.29
 776.00 -69.19 -58.79
 777.00 -79.82 -18.80
 778.00  66.95 -10.29
 779.00 -135.58  28.09
 780.00 -53.90  42.62
 781.00 -66.54 -50.38
 782.00 -55.25 -40.16
 783.00 -75.44 -36.74
 784.00 -70.25 -30.85
 785.00 -56.29 -34.17
 786.00 -64.03 -43.45
 787.00 -65.01 -40.54
 788.00 -77.08 -41.56
 789.00 -74.28 -15.97
 790.00 -55.51 -45.54
 791.00 -64.68 -44.71
 792.00 -73.48 -20.57
 793.00 -62.43 -42.32
 794.00 -68.03 -45.99
 795.00 -75.44 -27.87
 796.00 -80.84 -34.57
 797.00  44.48  -7.90
 798.00 -58.61  55.21
 799.00 -75.71 127.93
 800.00 -70.98 153.42
 801.00 -62.01 -25.94
 802.00 -69.08 -44.31
 803.00 -48.36 -41.19
 804.00 -57.78 -55.29
 805.00 -71.34 -41.63
 806.00 -62.23 -36.24
 807.00 -71.21 -39.09
 808.00 -58.30 -42.31
 809.00 -61.66 -45.88
 810.00 -67.67 -24.93
 811.00 -71.09 -26.09
 812.00 -110.76 -17.86
 813.00 -126.75  26.61
 814.00 -140.42  -7.21
 815.00 -146.56 125.23
 816.00 -62.35 166.35
 817.00 -77.15 163.24
 818.00 -67.24 -30.22
 819.00  67.47 -11.53
 820.00 -132.48 -140.40
 821.00 -62.34 159.04
 822.00 -128.97 -49.45
 823.00 -69.31  69.08
 824.00 -45.60 -10.37
 825.00 -77.47 -41.62
 826.00 -60.47 -32.67
 827.00 -74.63 -53.99
 828.00 -86.14  -4.16
 829.00 -53.68 -63.21
 830.00 -67.11 -37.34
 831.00 -62.86 -46.12
 832.00 -66.77 -37.35
 833.00 -53.88 -55.60
 834.00 -76.04 -24.33
 835.00 -66.74 -48.63
 836.00 -65.33 -39.14
 837.00 -58.18 -37.85
 838.00 -52.15 -55.64
 839.00 -72.46 -21.61
 840.00 -96.40 -46.16
 841.00 -61.73  -0.83
 842.00 -74.88 143.44
 843.00 -154.62  91.59
 844.00 -80.93 159.71
 845.00 -58.86  78.09
 846.00 -54.89 -18.03
 847.00 -115.43 -37.89
 848.00 -71.20  85.20
 849.00 -66.05  -8.81
 850.00 -56.22 -27.28
 851.00 -74.88 -35.82
 852.00 -65.07 -30.13
 853.00 -64.45 -44.35
 854.00 -64.64 -46.10
 855.00 -53.35 -45.88
 856.00 -61.85 -51.03
 857.00 -68.53 -29.06
 858.00 -59.56 -45.27
 859.00 -68.46 -50.04
 860.00 -73.47 -27.60
 861.00 -71.53 -23.51
 862.00 -65.67 -41.44
 863.00 -70.97 -37.07
 864.00 -66.88 -23.87
 865.00 -69.29 -12.88
 866.00 -55.20 -49.68
 867.00 -80.03 -36.17
 868.00 -63.95 -27.61
 869.00 -55.10 -46.19
 870.00 -56.40 -44.55
 871.00 -52.33 -49.50
 872.00 -73.83 -53.84
 873.00 -70.15 -22.38
 874.00 -60.24 -51.83
 875.00 -70.58 -34.07
 876.00 -66.89 -50.52
 877.00 -52.47 -37.93
 878.00 -55.21 -50.72
 879.00 -105.23 -13.53
 880.00 -66.61 -41.24
 881.00 -69.01 -35.45
 882.00 -118.49 -17.57
 883.00 -46.34   0.98
 884.00 -69.28 -33.08
 885.00 -73.11 -39.11
 886.00 -83.84 -46.46
 887.00  62.92 -13.80
 888.00 -72.05  28.05
 889.00 -94.67 133.78
 890.00 -132.84 145.34
 891.00 -65.53 130.00
 892.00 -50.49 135.44
 893.00 -71.13 -38.29
 894.00 -79.45 -32.28
 895.00 -66.61 -32.95
 896.00 -55.33 -38.46
 897.00 -61.84 -41.97
 898.00 -87.82 -33.17
 899.00 -89.92 -32.90
 900.00 -117.15 -29.55
 901.00 -96.27 -38.50
 902.00 -51.05 -41.65
 903.00 -58.77 -30.90
 904.00 -66.10 -33.48
 905.00 -70.26 -33.33
 906.00 -62.87 -51.33
 907.00 -74.96 -33.58
 908.00  80.73 -18.78
 909.00 -56.61  12.74
 910.00 -98.47 -43.45
 911.00 -147.11 139.11
 912.00 -68.79 157.94
 913.00 -92.35 166.78
 914.00 -97.90 129.34
 915.00 -67.71 133.79
 916.00 -142.17 -14.53
 917.00 -78.94 160.23


