 residuo Phi Psi
 669.00 -60.15 107.45
 670.00 -63.16 167.48
 671.00 -54.17 144.79
 672.00 -49.83 -31.88
 673.00 -80.20 -39.48
 674.00 -65.58 -23.66
 675.00 -55.24 -47.19
 676.00 -57.96 -55.82
 677.00 -76.01 -29.02
 678.00 -67.77 -36.64
 679.00 -83.59 -40.49
 680.00 -81.19   9.79
 681.00 -74.35 120.15
 682.00 -88.73 163.66
 683.00 -94.65 -171.06
 684.00 -150.27 161.42
 685.00 -79.83 140.40
 686.00 -65.20 149.25
 687.00  98.50 -39.97
 688.00 -80.03  13.62
 689.00 -83.95 108.88
 690.00 -72.65  91.79
 691.00 -58.27  -6.39
 692.00 -81.62 -33.32
 693.00 -59.66 138.71
 694.00 -69.86 143.03
 695.00 -144.31 150.52
 696.00 -34.75 159.90
 697.00 -74.31 -61.66
 698.00 -64.92 -33.59
 699.00 -74.11 -31.90
 700.00 -63.40 -54.14
 701.00 -69.21 -45.73
 702.00 -61.09 -41.70
 703.00 -69.20 -28.33
 704.00 -60.95 -49.01
 705.00 -74.01 -37.33
 706.00 -62.24 -45.96
 707.00 -52.22 -28.53
 708.00 -48.85 -61.93
 709.00 -56.66 -55.23
 710.00 -75.55 -43.07
 711.00 -61.29 -32.10
 712.00 -67.71 -40.98
 713.00 -85.99 -21.27
 714.00 -49.17 -34.46
 715.00 -67.70 -46.24
 716.00 -60.00 -31.75
 717.00 -71.73 -34.68
 718.00 -68.54 -48.88
 719.00 -75.34 -23.94
 720.00 -138.81   2.30
 721.00 -61.11  -5.05
 722.00 -71.28 128.18
 723.00  67.67 151.64
 724.00 -81.36  -9.70
 725.00 -63.10 -22.66
 726.00 -59.56 -14.93
 727.00 -90.00 -22.66
 728.00 -59.15 134.00
 729.00 -57.97 141.70
 730.00 -79.54 -30.78
 731.00 -66.99 -27.23
 732.00 -49.10 -48.43
 733.00 -63.22 -45.06
 734.00 -64.70 -34.11
 735.00 -72.28 -55.55
 736.00 -61.50 -34.07
 737.00 -71.79 -38.73
 738.00 -63.14 -37.44
 739.00 -87.13 -45.29
 740.00 -60.19  -3.23
 741.00 -65.07 -48.42
 742.00 -69.49 -40.07
 743.00 -65.65 -44.59
 744.00 -50.01 -51.66
 745.00 -82.78 -38.03
 746.00 -63.58 -40.84
 747.00 -66.38 -37.51
 748.00 -67.84 -45.63
 749.00 -58.53 -37.69
 750.00 -64.04 -44.15
 751.00 -60.66 -40.47
 752.00 -75.01 -35.15
 753.00 -61.13 -36.92
 754.00 -82.91 -45.78
 755.00 -51.44 -71.82
 756.00 -130.03 -42.37
 757.00  58.69  19.15
 758.00  69.37  29.56
 759.00 -67.08 -14.92
 760.00 -140.91 -17.67
 761.00 -108.64 173.44
 762.00 -86.15 113.85
 763.00 -71.73  78.04
 764.00 -153.01 -42.80
 765.00 -64.73 170.06
 766.00 -112.41 -18.93
 767.00 -138.84   4.04
 768.00 -90.16  59.83
 769.00 -90.65 128.80
 770.00 -85.61 105.91
 771.00 -53.44 161.24
 772.00 -56.72 -36.80
 773.00 -68.60 -49.97
 774.00 -61.25 -27.64
 775.00 -77.30 -33.59
 776.00 -63.22 -44.13
 777.00 -75.49 -39.65
 778.00  56.09 -14.23
 779.00 -131.43  51.03
 780.00 -63.82  30.81
 781.00 -67.07 -61.16
 782.00 -68.69 -28.24
 783.00 -64.79 -45.72
 784.00 -69.64 -30.08
 785.00 -62.84 -49.51
 786.00 -67.86 -36.01
 787.00 -59.07 -33.92
 788.00 -67.28 -48.23
 789.00 -78.76 -17.59
 790.00 -65.59 -43.25
 791.00 -60.67 -37.70
 792.00 -80.17 -18.39
 793.00 -62.84 -24.12
 794.00 -63.47 -39.88
 795.00 -71.39 -37.28
 796.00 -77.44 -39.31
 797.00  53.32 -26.93
 798.00 -61.48  50.34
 799.00 -82.43 133.86
 800.00 -50.67 150.86
 801.00 -68.74 -29.24
 802.00 -54.17 -54.49
 803.00 -53.46 -51.04
 804.00 -60.52 -60.32
 805.00 -63.71 -33.15
 806.00 -77.90 -44.78
 807.00 -76.34 -26.93
 808.00 -71.19 -24.65
 809.00 -55.78 -46.37
 810.00 -67.32 -34.50
 811.00 -63.10 -30.48
 812.00 -73.19 -50.27
 813.00 -122.51  36.36
 814.00 -158.12   9.61
 815.00 -154.13 128.80
 816.00 -57.17 151.06
 817.00 -60.16 154.22
 818.00 -122.49 -26.62
 819.00  83.35  29.24
 820.00 -81.05 161.42
 821.00 -81.31 177.12
 822.00 -117.71 -23.82
 823.00 -71.81  53.93
 824.00 -60.69 -35.65
 825.00 -66.36 -45.28
 826.00 -55.49 -47.18
 827.00 -71.03 -38.49
 828.00 -68.03 -36.75
 829.00 -87.22 -26.77
 830.00 -55.70 -39.78
 831.00 -66.05 -48.56
 832.00 -67.64 -26.09
 833.00 -59.29 -53.86
 834.00 -75.91 -28.78
 835.00 -72.19 -38.48
 836.00 -64.31 -42.04
 837.00 -59.56 -44.56
 838.00 -67.61 -44.38
 839.00 -97.02  -4.10
 840.00 -78.79 -54.15
 841.00 -72.51   0.43
 842.00 -78.56 139.98
 843.00 -158.08  94.92
 844.00 -84.93 156.74
 845.00 -72.14 114.78
 846.00 -73.54 -33.10
 847.00 -69.99 -44.54
 848.00 -54.26 125.15
 849.00 -103.19 -29.55
 850.00 -78.61  -8.01
 851.00 -64.05 -58.55
 852.00 -50.02 -36.55
 853.00 -66.42 -57.38
 854.00 -55.39 -46.15
 855.00 -66.11 -42.58
 856.00 -46.24 -46.15
 857.00 -72.07 -57.91
 858.00 -98.66  -6.42
 859.00 -64.62 -35.32
 860.00 -69.09 -29.05
 861.00 -61.71 -48.89
 862.00 -70.82 -35.10
 863.00 -49.19 -52.92
 864.00 -53.20 -40.82
 865.00 -57.88 -23.42
 866.00 -83.25 -41.87
 867.00 -69.65 -40.24
 868.00 -70.40 -26.12
 869.00 -60.96 -46.07
 870.00 -69.53 -42.76
 871.00 -58.01 -38.85
 872.00 -69.90 -41.01
 873.00 -62.60 -36.42
 874.00 -57.62 -46.74
 875.00 -72.18 -48.04
 876.00 -60.95 -47.81
 877.00 -57.51 -42.36
 878.00 -54.76 -50.31
 879.00 -67.39 -49.59
 880.00 -62.63 -30.52
 881.00 -66.22 -37.42
 882.00 -89.49 -33.08
 883.00 -48.38   9.14
 884.00 -60.03 -65.36
 885.00 -55.03 -42.45
 886.00 -111.18 -39.43
 887.00  56.84  11.53
 888.00 -93.80  28.09
 889.00 -101.98 130.35
 890.00 -128.03 143.38
 891.00 -49.15 122.81
 892.00 -64.25 154.89
 893.00 -62.07 -39.51
 894.00 -69.24 -42.48
 895.00 -68.68 -37.02
 896.00 -81.97 -27.03
 897.00 -61.89 -37.33
 898.00 -65.78 -40.92
 899.00 -47.13 -53.93
 900.00 -87.69 -46.25
 901.00 -100.67 -36.60
 902.00 -76.83 -26.65
 903.00 -52.48 -26.51
 904.00 -70.59 -34.91
 905.00 -80.44 -17.28
 906.00 -60.82 -42.27
 907.00 -76.20 -49.03
 908.00  74.40  -9.85
 909.00 -58.45   1.72
 910.00 -125.85 -10.83
 911.00 -147.88 141.98
 912.00 -77.89 150.61
 913.00 -96.58 148.10
 914.00 -57.24  81.84
 915.00 -93.19 149.86
 916.00 -95.58 -48.88
 917.00 -94.14 143.51


