 residuo Phi Psi
 669.00 -79.23 160.49
 670.00 -65.91 126.26
 671.00 -150.61 127.92
 672.00 -58.39 -28.73
 673.00 -71.54 -55.36
 674.00 -75.77 -19.09
 675.00 -70.44 -35.44
 676.00 -63.84 -47.59
 677.00 -73.85 -46.41
 678.00 -65.06 -32.17
 679.00 -84.82 -40.19
 680.00 -69.57 -13.06
 681.00 -86.99 129.00
 682.00 -62.15 158.68
 683.00 -81.55 178.15
 684.00 -92.99 126.14
 685.00 -76.06 125.00
 686.00 -67.24 140.43
 687.00  94.35 -22.36
 688.00 -63.23  21.09
 689.00 -110.77 145.77
 690.00 -54.79 130.60
 691.00 -79.06 -15.98
 692.00 -63.79 -19.06
 693.00 -62.03 113.09
 694.00 -71.13 157.87
 695.00 -122.81  77.12
 696.00 -54.08 153.34
 697.00 -56.62 -54.90
 698.00 -54.16 -61.91
 699.00 -65.63 -51.60
 700.00 -77.39 -48.54
 701.00 -64.25 -31.87
 702.00 -60.20 -39.85
 703.00 -72.59 -35.75
 704.00 -65.88 -33.41
 705.00 -65.17 -39.56
 706.00 -45.65 -51.21
 707.00 -61.63 -40.48
 708.00 -62.25 -50.50
 709.00 -66.19 -43.28
 710.00 -60.87 -33.02
 711.00 -56.53 -55.41
 712.00 -38.39 -41.89
 713.00 -61.46 -61.27
 714.00 -60.54 -35.09
 715.00 -66.78 -59.73
 716.00 -61.51 -31.99
 717.00 -64.75 -46.79
 718.00 -65.69 -43.90
 719.00 -50.07 -26.73
 720.00 -99.96 -34.74
 721.00 -56.86  -5.17
 722.00 -65.87 151.72
 723.00  65.59 115.87
 724.00 -65.83  14.20
 725.00 -61.48 -32.90
 726.00 -71.56  -1.41
 727.00 -81.54 -24.50
 728.00 -68.92 141.64
 729.00 -61.61 146.10
 730.00 -69.18 -29.96
 731.00 -70.01 -40.08
 732.00 -59.13 -33.64
 733.00 -53.66 -54.30
 734.00 -68.69 -39.13
 735.00 -52.78 -60.80
 736.00 -61.15 -33.24
 737.00 -63.83 -55.32
 738.00 -76.47 -32.27
 739.00 -77.62 -45.82
 740.00 -47.14  -6.49
 741.00 -58.52 -50.42
 742.00 -57.37 -60.23
 743.00 -91.61 -26.21
 744.00 -62.90 -40.46
 745.00 -58.22 -46.77
 746.00 -61.27 -46.56
 747.00 -66.54 -37.70
 748.00 -66.40 -37.97
 749.00 -57.13 -35.90
 750.00 -59.39 -44.98
 751.00 -56.14 -53.50
 752.00 -79.23 -33.31
 753.00 -66.42 -35.87
 754.00 -63.02 -55.85
 755.00 -98.82 -45.76
 756.00 -144.31 -24.63
 757.00  49.26  32.58
 758.00  62.01  22.41
 759.00 -75.47  -0.63
 760.00 -98.33 -34.68
 761.00 -113.25 164.88
 762.00 -97.67 116.35
 763.00 -49.90  58.04
 764.00 -158.16 -44.56
 765.00 -63.60 157.44
 766.00 -106.45 -19.64
 767.00 -143.53 -16.33
 768.00 -76.04  72.53
 769.00 -96.45 157.83
 770.00 -61.43 106.38
 771.00 -68.85 177.32
 772.00 -81.10 -31.06
 773.00 -56.62 -32.89
 774.00 -65.81 -40.85
 775.00 -75.17 -34.09
 776.00 -74.88 -44.47
 777.00 -60.32 -38.77
 778.00  69.86 -26.59
 779.00 -77.24  -8.96
 780.00 -63.87  42.81
 781.00 -60.81 -50.76
 782.00 -64.32 -35.93
 783.00 -54.71 -45.57
 784.00 -55.42 -41.14
 785.00 -59.98 -53.22
 786.00 -68.93 -36.50
 787.00 -53.13 -43.45
 788.00 -58.59 -47.10
 789.00 -68.47 -35.45
 790.00 -69.03 -47.34
 791.00 -63.03 -35.38
 792.00 -67.37 -29.86
 793.00 -65.23 -25.78
 794.00 -58.84 -44.44
 795.00 -71.98 -48.80
 796.00 -100.48 -28.48
 797.00  60.67   7.22
 798.00 -71.87  46.45
 799.00 -90.50 133.41
 800.00 -50.72 151.94
 801.00 -52.53 -40.83
 802.00 -77.35 -50.16
 803.00 -62.65 -34.58
 804.00 -62.22 -47.57
 805.00 -77.48 -36.87
 806.00 -72.45 -33.10
 807.00 -60.53 -30.83
 808.00 -71.81 -31.40
 809.00 -68.23 -40.38
 810.00 -66.34 -22.69
 811.00 -70.01 -31.54
 812.00 -115.54 -11.53
 813.00 -131.18  21.95
 814.00 -147.75  13.51
 815.00 -123.86 110.28
 816.00 -53.05 150.09
 817.00 -59.12 147.91
 818.00 -66.31 -34.51
 819.00  78.02 -11.15
 820.00 -70.91 161.28
 821.00 -61.25 155.60
 822.00 -124.51 -26.21
 823.00 -62.99  68.92
 824.00 -58.20 -25.93
 825.00 -79.14 -37.95
 826.00 -53.94 -38.26
 827.00 -80.34 -44.81
 828.00 -57.08 -41.58
 829.00 -66.66 -40.58
 830.00 -57.01 -40.71
 831.00 -55.94 -48.03
 832.00 -66.60 -53.88
 833.00 -62.43 -36.35
 834.00 -58.66 -45.99
 835.00 -67.47 -41.99
 836.00 -66.36 -45.77
 837.00 -59.61 -30.57
 838.00 -64.12 -48.36
 839.00 -75.77 -14.01
 840.00 -107.43 -37.76
 841.00 -63.43   4.05
 842.00 -81.18 137.15
 843.00 -89.91  47.93
 844.00 -74.88 167.91
 845.00 -58.65  94.94
 846.00 -58.92 -38.49
 847.00 -142.66 -16.30
 848.00 -62.50  82.53
 849.00 -60.99 -35.69
 850.00 -54.35 -23.48
 851.00 -54.52 -44.15
 852.00 -55.83 -47.32
 853.00 -69.94 -47.94
 854.00 -70.39 -38.33
 855.00 -75.84 -23.89
 856.00 -61.88 -33.04
 857.00 -59.79 -43.95
 858.00 -62.89 -48.08
 859.00 -79.08 -37.90
 860.00 -52.91 -35.56
 861.00 -61.47 -49.67
 862.00 -64.17 -44.07
 863.00 -65.40 -36.95
 864.00 -71.60 -35.33
 865.00 -63.19  -8.25
 866.00 -56.81 -54.11
 867.00 -75.88 -30.97
 868.00 -77.12 -29.18
 869.00 -56.69 -41.60
 870.00 -73.05 -44.55
 871.00 -65.13 -38.53
 872.00 -83.32 -29.48
 873.00 -50.36 -33.19
 874.00 -79.38 -44.89
 875.00 -64.11 -26.47
 876.00 -73.85 -42.72
 877.00 -72.79 -28.58
 878.00 -56.20 -35.85
 879.00 -71.31 -54.32
 880.00 -63.85 -28.46
 881.00 -81.50 -40.39
 882.00 -97.59 -22.80
 883.00 -58.70  16.20
 884.00 -65.10 -39.28
 885.00 -85.20 -24.73
 886.00 -96.16 -32.30
 887.00  52.19   3.56
 888.00 -90.95  28.96
 889.00 -81.53 120.73
 890.00 -136.33 142.53
 891.00 -56.77 106.92
 892.00 -61.46 136.67
 893.00 -60.83 -29.24
 894.00 -87.72 -37.06
 895.00 -57.61 -39.06
 896.00 -64.73 -43.36
 897.00 -66.90 -20.33
 898.00 -59.31 -53.04
 899.00 -84.19 -47.53
 900.00 -136.92 -12.48
 901.00 -86.99 -36.53
 902.00 -59.66 -52.80
 903.00 -64.59 -28.86
 904.00 -67.14 -26.51
 905.00 -77.77 -24.82
 906.00 -76.16 -45.52
 907.00 -71.54 -34.10
 908.00  76.56   6.78
 909.00 -57.18  -5.92
 910.00 -123.78 -21.61
 911.00 -129.09 137.17
 912.00 -60.72 124.61
 913.00 -110.81 169.08
 914.00 -117.32 129.21
 915.00 -90.06 155.30
 916.00 -120.30 -38.67
 917.00 -112.74 158.50


