 residuo Phi Psi
 669.00 -72.91  79.54
 670.00 -57.66 146.77
 671.00 -138.45 132.78
 672.00 -44.42 -12.95
 673.00 -64.87 -45.82
 674.00 -58.27 -43.56
 675.00 -57.85 -44.21
 676.00 -71.00 -43.23
 677.00 -78.62 -27.11
 678.00 -78.55 -30.12
 679.00 -94.17 -15.82
 680.00 -58.55 -13.39
 681.00 -69.96 126.75
 682.00 -75.00 160.62
 683.00 -81.45 166.20
 684.00 -79.81  99.98
 685.00 -92.03 149.92
 686.00 -99.06 159.46
 687.00  74.15  -5.91
 688.00 -91.74  21.34
 689.00 -151.14 170.68
 690.00 -78.58 124.88
 691.00 -92.81   5.98
 692.00 -99.92 -26.19
 693.00 -69.99 172.63
 694.00 -82.67 139.06
 695.00 -152.54 151.99
 696.00 -56.31 170.43
 697.00 -75.50 -55.94
 698.00 -70.84 -27.90
 699.00 -63.84 -42.80
 700.00 -72.04 -39.31
 701.00 -54.46 -44.09
 702.00 -73.09 -40.19
 703.00 -62.95 -37.52
 704.00 -65.31 -43.08
 705.00 -57.73 -29.91
 706.00 -63.02 -49.22
 707.00 -41.85 -44.91
 708.00 -66.16 -55.46
 709.00 -61.10 -39.20
 710.00 -71.27 -40.99
 711.00 -55.84 -44.74
 712.00 -66.44 -48.73
 713.00 -78.82 -29.70
 714.00 -58.78 -32.23
 715.00 -57.19 -57.09
 716.00 -52.96 -50.74
 717.00 -68.35 -33.09
 718.00 -55.80 -61.55
 719.00 -59.37 -43.77
 720.00 -89.06 -36.49
 721.00 -49.11  -8.04
 722.00 -59.42 140.31
 723.00  63.94 142.89
 724.00 -62.63   3.91
 725.00 -56.29 -43.08
 726.00 -70.46  -0.19
 727.00 -93.14 -15.27
 728.00 -74.45 134.91
 729.00 -64.70 159.52
 730.00 -67.01 -29.06
 731.00 -84.20 -31.92
 732.00 -55.57 -32.31
 733.00 -49.38 -57.35
 734.00 -67.69 -34.90
 735.00 -73.61 -50.11
 736.00 -67.03 -28.40
 737.00 -64.26 -52.64
 738.00 -77.81 -35.14
 739.00 -93.06 -30.13
 740.00 -65.73  -0.94
 741.00 -69.42 -37.43
 742.00 -63.68 -45.03
 743.00 -71.36 -38.38
 744.00 -59.56 -47.66
 745.00 -73.43 -42.36
 746.00 -61.55 -33.02
 747.00 -75.43 -37.18
 748.00 -81.85 -27.64
 749.00 -36.31 -36.67
 750.00 -73.22 -55.07
 751.00 -53.10 -42.48
 752.00 -57.91 -48.06
 753.00 -61.09 -50.01
 754.00 -81.85 -38.62
 755.00 -113.68 -12.54
 756.00 -140.39 -42.52
 757.00  52.01  28.85
 758.00  53.50  40.13
 759.00 -77.16  -0.52
 760.00 -77.37 -55.25
 761.00 -98.57 147.85
 762.00 -81.34  98.91
 763.00 -51.26  50.92
 764.00 -135.70 -54.69
 765.00 -63.88 171.71
 766.00 -86.32 -31.71
 767.00 -91.10 -50.46
 768.00 -77.11  66.04
 769.00 -114.76 146.87
 770.00 -145.08 154.03
 771.00 -60.34 173.66
 772.00 -71.73 -26.20
 773.00 -69.17 -46.22
 774.00 -75.02 -19.26
 775.00 -84.76 -32.16
 776.00 -66.94 -35.45
 777.00 -60.61 -50.58
 778.00  54.86  -3.33
 779.00 -121.96  23.71
 780.00 -64.78  52.26
 781.00 -58.47 -60.16
 782.00 -59.65 -32.71
 783.00 -85.95 -39.51
 784.00 -71.07 -16.05
 785.00 -57.13 -48.33
 786.00 -52.47 -59.28
 787.00 -68.33 -34.76
 788.00 -54.85 -50.87
 789.00 -56.85 -33.34
 790.00 -61.55 -54.02
 791.00 -61.03 -38.89
 792.00 -84.69 -16.90
 793.00 -54.79 -32.39
 794.00 -74.36 -45.91
 795.00 -85.52 -37.42
 796.00 -88.72 -18.34
 797.00  53.42 -12.72
 798.00 -75.07  69.37
 799.00 -66.89 119.14
 800.00 -58.21 153.70
 801.00 -80.21 -29.45
 802.00 -64.03 -39.47
 803.00 -54.75 -48.93
 804.00 -78.20 -41.80
 805.00 -69.82 -29.43
 806.00 -64.56 -41.76
 807.00 -66.75 -38.96
 808.00 -60.84 -31.91
 809.00 -61.52 -52.93
 810.00 -61.18 -26.47
 811.00 -69.01 -29.11
 812.00 -81.65 -42.44
 813.00 -99.49  16.51
 814.00 -159.05  14.13
 815.00 -158.08 135.88
 816.00 -63.25 155.37
 817.00 -81.30 151.76
 818.00 -68.36 -22.65
 819.00  87.63 -19.92
 820.00 -85.95 -179.44
 821.00 -63.69 156.37
 822.00 -121.44 -24.53
 823.00 -65.67  59.18
 824.00 -65.56 -46.49
 825.00 -78.79 -19.42
 826.00 -66.68 -31.80
 827.00 -48.87 -50.31
 828.00 -69.65 -48.33
 829.00 -72.34 -36.44
 830.00 -54.19 -45.18
 831.00 -66.88 -45.94
 832.00 -53.63 -44.50
 833.00 -71.76 -39.81
 834.00 -55.92 -36.83
 835.00 -53.42 -50.82
 836.00 -60.66 -48.56
 837.00 -59.42 -36.89
 838.00 -53.14 -57.60
 839.00 -73.50 -32.57
 840.00 -124.40 -10.38
 841.00 -50.50  -7.94
 842.00 -67.83 134.10
 843.00 -165.90 119.98
 844.00 -75.17 152.55
 845.00 -58.21  96.76
 846.00 -74.27 -25.28
 847.00 -105.14 -17.22
 848.00 -64.14  71.58
 849.00 -67.73 -27.61
 850.00 -69.74 -11.65
 851.00 -71.04 -40.74
 852.00 -65.08 -21.99
 853.00 -47.93 -53.41
 854.00 -51.97 -56.61
 855.00 -58.54 -51.38
 856.00 -58.50 -49.81
 857.00 -71.10 -39.19
 858.00 -85.05 -17.53
 859.00 -87.77 -24.35
 860.00 -63.40 -31.69
 861.00 -60.52 -43.06
 862.00 -63.18 -42.09
 863.00 -66.39 -37.67
 864.00 -74.55 -23.72
 865.00 -81.85 -13.57
 866.00 -61.66 -45.32
 867.00 -68.80 -45.29
 868.00 -63.78 -30.59
 869.00 -46.14 -53.38
 870.00 -69.27 -42.01
 871.00 -62.38 -37.86
 872.00 -65.48 -49.14
 873.00 -68.27 -34.24
 874.00 -71.08 -35.80
 875.00 -66.43 -33.04
 876.00 -77.79 -48.74
 877.00 -73.98 -30.91
 878.00 -68.16 -43.33
 879.00 -72.67 -30.53
 880.00 -70.25 -39.49
 881.00 -76.38 -18.30
 882.00 -81.90 -40.95
 883.00 -43.19  -1.66
 884.00 -65.52 -45.43
 885.00 -56.28 -52.13
 886.00 -97.90 -33.29
 887.00  56.79  -4.73
 888.00 -88.93  40.05
 889.00 -112.41 136.10
 890.00 -123.75 140.75
 891.00 -71.51 137.00
 892.00 -51.57 141.57
 893.00 -58.17 -48.20
 894.00 -87.51 -37.43
 895.00 -48.76 -44.64
 896.00 -60.34 -31.58
 897.00 -60.99 -49.03
 898.00 -75.84 -42.60
 899.00 -74.64 -43.17
 900.00 -86.39 -42.84
 901.00 -89.95 -45.25
 902.00 -61.62 -40.55
 903.00 -54.14 -37.51
 904.00 -71.47 -31.27
 905.00 -79.96 -25.88
 906.00 -82.57 -37.56
 907.00 -79.47 -15.07
 908.00  85.29 -15.65
 909.00 -67.12  -1.07
 910.00 -98.84 -30.18
 911.00 -136.28 135.34
 912.00 -59.47 136.96
 913.00 -84.07 139.00
 914.00 -79.10  98.91
 915.00 -70.74 127.21
 916.00 -119.25 -36.67
 917.00 -145.87 138.58


