 residuo Phi Psi
 669.00 -66.22 156.18
 670.00 -62.61 159.72
 671.00 -66.85 153.22
 672.00 -55.71 -22.58
 673.00 -45.65 -49.89
 674.00 -75.92 -29.10
 675.00 -63.11 -35.21
 676.00 -57.45 -45.11
 677.00 -71.12 -28.49
 678.00 -51.13 -53.37
 679.00 -94.88 -33.62
 680.00 -79.13  -3.91
 681.00 -68.22 120.60
 682.00 -76.03 164.18
 683.00 -85.82 174.27
 684.00 -113.36 144.44
 685.00 -68.24 147.57
 686.00 -90.24 154.48
 687.00  78.68 -14.32
 688.00 -60.79   2.14
 689.00 -133.95 161.39
 690.00 -59.35 110.58
 691.00 -76.11 -25.92
 692.00 -73.44 -21.95
 693.00 -55.84 132.10
 694.00 -58.67 132.21
 695.00 -142.02 145.85
 696.00 -57.38 161.70
 697.00 -44.61 -57.19
 698.00 -58.90 -52.38
 699.00 -56.95 -59.63
 700.00 -86.27 -42.73
 701.00 -62.74 -29.66
 702.00 -60.81 -38.78
 703.00 -61.58 -54.06
 704.00 -68.26 -35.40
 705.00 -52.86 -41.19
 706.00 -62.31 -42.52
 707.00 -57.15 -45.74
 708.00 -80.53 -32.82
 709.00 -62.82 -35.93
 710.00 -61.06 -39.18
 711.00 -61.38 -53.23
 712.00 -69.34 -27.48
 713.00 -70.58 -40.90
 714.00 -68.24 -32.49
 715.00 -60.22 -41.50
 716.00 -53.20 -57.84
 717.00 -79.33 -21.24
 718.00 -63.42 -53.10
 719.00 -69.12 -25.57
 720.00 -124.17  -8.96
 721.00 -57.34  -4.39
 722.00 -52.16 127.97
 723.00  67.40 125.28
 724.00 -65.77  -9.12
 725.00 -58.23 -25.16
 726.00 -59.75 -34.84
 727.00 -70.28 -19.48
 728.00 -50.03 140.33
 729.00 -54.45 134.04
 730.00 -70.97 -34.13
 731.00 -77.69 -28.81
 732.00 -66.64 -21.22
 733.00 -54.02 -47.74
 734.00 -63.92 -33.60
 735.00 -72.86 -62.17
 736.00 -75.82 -17.99
 737.00 -79.33 -39.21
 738.00 -91.27 -19.35
 739.00 -86.85 -30.90
 740.00 -59.42 -18.19
 741.00 -71.90 -31.64
 742.00 -59.25 -44.48
 743.00 -48.92 -57.61
 744.00 -55.71 -51.35
 745.00 -70.95 -56.39
 746.00 -65.12 -28.06
 747.00 -62.07 -54.22
 748.00 -77.74 -26.98
 749.00 -60.95 -31.11
 750.00 -68.34 -46.76
 751.00 -59.59 -41.64
 752.00 -65.76 -39.04
 753.00 -56.69 -45.86
 754.00 -59.76 -64.36
 755.00 -79.99 -57.33
 756.00 -129.59 -41.86
 757.00  50.31  17.65
 758.00  44.59  43.61
 759.00 -58.90  19.73
 760.00 -124.52 -44.10
 761.00 -92.38 162.12
 762.00 -84.65 107.63
 763.00 -52.52  57.05
 764.00 -132.63 -58.62
 765.00 -58.97 164.07
 766.00 -88.63 -35.81
 767.00 -78.53 -49.00
 768.00 -77.34  67.56
 769.00 -118.21 145.99
 770.00 -90.57 113.87
 771.00 -47.00 173.98
 772.00 -50.08 -42.87
 773.00 -68.82 -56.51
 774.00 -48.10 -34.23
 775.00 -78.04 -47.58
 776.00 -54.60 -47.77
 777.00 -77.24 -38.84
 778.00  55.87  -5.95
 779.00 -92.37  22.35
 780.00 -56.28  16.81
 781.00 -60.80 -54.46
 782.00 -83.35 -34.65
 783.00 -74.77 -31.25
 784.00 -54.79 -25.54
 785.00 -61.83 -52.25
 786.00 -64.69 -46.83
 787.00 -64.94 -39.47
 788.00 -59.87 -45.35
 789.00 -62.02 -35.66
 790.00 -57.59 -42.19
 791.00 -73.68 -38.06
 792.00 -76.75 -20.82
 793.00 -65.72 -31.03
 794.00 -67.94 -38.35
 795.00 -50.55 -43.17
 796.00 -114.95 -32.38
 797.00  55.49 -12.02
 798.00 -72.98  65.43
 799.00 -88.54 141.84
 800.00 -51.04 152.82
 801.00 -65.03 -37.57
 802.00 -60.55 -43.93
 803.00 -52.26 -58.20
 804.00 -62.57 -33.62
 805.00 -67.15 -54.29
 806.00 -68.88 -37.68
 807.00 -67.79 -38.04
 808.00 -56.32 -38.20
 809.00 -70.62 -39.94
 810.00 -63.51 -27.56
 811.00 -72.29 -39.95
 812.00 -97.71 -25.40
 813.00 -124.10  29.29
 814.00 -162.71  35.79
 815.00 -155.69 131.21
 816.00 -65.76 164.03
 817.00 -54.56 154.62
 818.00 -77.01 -32.76
 819.00  81.33 -15.72
 820.00 -94.69 -173.75
 821.00 -75.18 162.49
 822.00 -125.06 -12.65
 823.00 -59.67  36.82
 824.00 -66.80 -25.14
 825.00 -72.07 -25.92
 826.00 -61.50 -38.40
 827.00 -63.53 -51.97
 828.00 -57.42 -37.17
 829.00 -84.70 -29.20
 830.00 -52.78 -37.70
 831.00 -55.13 -49.77
 832.00 -80.00 -36.51
 833.00 -62.89 -50.19
 834.00 -78.11 -19.58
 835.00 -63.78 -52.39
 836.00 -76.44 -36.11
 837.00 -76.83 -21.86
 838.00 -52.24 -54.89
 839.00 -61.91 -36.82
 840.00 -124.09 -23.04
 841.00 -57.20   5.53
 842.00 -74.14 144.67
 843.00 -148.31  98.22
 844.00 -63.08 156.21
 845.00 -50.78 105.90
 846.00 -81.01 -33.66
 847.00 -126.95 -12.44
 848.00 -54.70  91.10
 849.00 -76.19 -18.31
 850.00 -67.14 -20.42
 851.00 -74.90 -45.08
 852.00 -72.60 -40.65
 853.00 -75.01 -16.33
 854.00 -47.73 -52.82
 855.00 -46.31 -53.55
 856.00 -54.76 -53.30
 857.00 -72.82 -43.68
 858.00 -81.38 -31.09
 859.00 -64.61 -33.71
 860.00 -59.60 -41.53
 861.00 -66.75 -42.28
 862.00 -60.90 -48.41
 863.00 -55.22 -38.61
 864.00 -65.81 -48.29
 865.00 -75.69 -17.83
 866.00 -74.60 -30.51
 867.00 -67.27 -37.84
 868.00 -75.72 -28.59
 869.00 -62.89 -37.73
 870.00 -62.12 -49.58
 871.00 -62.00 -36.93
 872.00 -60.45 -48.51
 873.00 -63.64 -41.94
 874.00 -54.24 -51.02
 875.00 -50.88 -54.40
 876.00 -82.69 -40.28
 877.00 -59.01 -31.20
 878.00 -55.81 -50.34
 879.00 -89.05 -24.87
 880.00 -71.17 -37.15
 881.00 -54.51 -49.67
 882.00 -118.02 -20.22
 883.00 -55.77   7.13
 884.00 -71.83 -41.04
 885.00 -66.06 -33.24
 886.00 -104.44 -35.95
 887.00  63.93  12.55
 888.00 -79.99  22.77
 889.00 -82.94 126.83
 890.00 -137.42 139.30
 891.00 -57.28 119.14
 892.00 -62.76 147.96
 893.00 -76.16 -34.88
 894.00 -83.23 -26.30
 895.00 -51.82 -39.75
 896.00 -77.06 -41.06
 897.00 -57.36 -40.75
 898.00 -67.82 -50.90
 899.00 -53.60 -38.99
 900.00 -91.17 -60.30
 901.00 -85.79 -57.44
 902.00 -50.80 -51.67
 903.00 -50.56 -45.33
 904.00 -65.94 -37.84
 905.00 -70.46 -26.18
 906.00 -65.50 -33.97
 907.00 -84.46 -35.57
 908.00  78.72  -2.48
 909.00 -57.96  -0.66
 910.00 -107.96 -23.07
 911.00 -119.81 135.73
 912.00 -68.93 132.64
 913.00 -110.40 171.48
 914.00 -74.53 101.60
 915.00 -71.36 128.30
 916.00 -98.74 -44.70
 917.00 -103.47 163.36


