 residuo Phi Psi
 669.00 -61.81 130.71
 670.00 -54.96 151.43
 671.00 -69.53 138.88
 672.00 -50.72 -30.61
 673.00 -65.29 -38.78
 674.00 -58.20 -46.47
 675.00 -73.84 -30.22
 676.00 -60.57 -51.19
 677.00 -84.31 -27.80
 678.00 -68.21 -26.54
 679.00 -75.14 -44.23
 680.00 -72.64  -7.87
 681.00 -73.81 115.99
 682.00 -66.94 163.58
 683.00 -89.68 176.85
 684.00 -116.62 140.62
 685.00 -81.73 135.81
 686.00 -80.66 153.90
 687.00 105.65 -23.40
 688.00 -73.85   6.31
 689.00 -116.44 151.83
 690.00 -72.39 113.21
 691.00 -80.17  -5.14
 692.00 -96.04 -12.64
 693.00 -58.22 139.28
 694.00 -70.97 134.68
 695.00 -153.81 153.27
 696.00 -51.71 162.96
 697.00 -75.07 -64.90
 698.00 -69.75 -30.68
 699.00 -70.05 -42.07
 700.00 -72.15 -31.51
 701.00 -68.62 -38.10
 702.00 -67.01 -38.22
 703.00 -64.07 -42.37
 704.00 -66.17 -30.27
 705.00 -75.50 -32.79
 706.00 -58.18 -41.04
 707.00 -58.34 -30.24
 708.00 -59.82 -50.35
 709.00 -72.96 -35.33
 710.00 -73.61 -39.15
 711.00 -69.91 -37.21
 712.00 -52.97 -46.34
 713.00 -66.74 -43.36
 714.00 -73.83 -29.26
 715.00 -65.86 -40.54
 716.00 -66.76 -43.72
 717.00 -80.38 -21.32
 718.00 -62.38 -45.46
 719.00 -69.36 -27.04
 720.00 -136.45   3.85
 721.00 -47.42 -37.76
 722.00 -57.80 116.45
 723.00  75.03 145.53
 724.00 -50.34 -21.74
 725.00 -64.96 -43.47
 726.00 -82.89  -4.87
 727.00 -75.31 -10.37
 728.00 -72.33 158.90
 729.00 -53.28 155.95
 730.00 -70.62 -28.35
 731.00 -85.49 -27.98
 732.00 -59.75 -38.78
 733.00 -60.48 -52.59
 734.00 -65.91 -36.97
 735.00 -63.04 -58.77
 736.00 -54.71 -35.01
 737.00 -61.23 -59.10
 738.00 -89.53 -25.54
 739.00 -65.75 -43.27
 740.00 -58.68 -16.89
 741.00 -68.09 -49.39
 742.00 -73.61 -22.39
 743.00 -60.11 -45.34
 744.00 -52.45 -47.37
 745.00 -77.09 -52.19
 746.00 -61.35 -42.16
 747.00 -57.60 -44.69
 748.00 -61.28 -49.92
 749.00 -77.40 -18.40
 750.00 -77.68 -33.12
 751.00 -58.55 -46.51
 752.00 -75.85 -31.46
 753.00 -57.00 -43.07
 754.00 -92.38 -45.30
 755.00 -65.95 -51.24
 756.00 -123.34 -45.18
 757.00  43.36  10.71
 758.00  44.39  48.91
 759.00 -87.34  31.55
 760.00 -146.07 -20.85
 761.00 -96.53 165.85
 762.00 -82.23 100.05
 763.00 -62.20  70.98
 764.00 -157.21 -40.35
 765.00 -55.39 156.49
 766.00 -110.60 -17.89
 767.00 -87.80 -56.05
 768.00 -67.72  65.53
 769.00 -85.08 131.32
 770.00 -72.87  95.70
 771.00 -65.15 167.59
 772.00 -65.49 -22.02
 773.00 -60.64 -50.33
 774.00 -76.11 -24.25
 775.00 -94.55 -28.89
 776.00 -60.64 -38.96
 777.00 -93.00 -34.00
 778.00  61.97 -18.89
 779.00 -126.16  51.57
 780.00 -73.52  38.12
 781.00 -58.02 -36.74
 782.00 -59.16 -52.34
 783.00 -52.87 -52.47
 784.00 -87.05 -25.83
 785.00 -54.64 -33.99
 786.00 -65.99 -49.21
 787.00 -66.48 -23.20
 788.00 -72.35 -49.70
 789.00 -96.65  -2.81
 790.00 -52.37 -50.06
 791.00 -56.35 -63.95
 792.00 -65.83 -18.36
 793.00 -69.32 -39.87
 794.00 -109.45 -11.85
 795.00 -66.97 -12.49
 796.00 -97.42 -32.56
 797.00  41.63   5.94
 798.00 -57.32  49.53
 799.00 -84.03 134.06
 800.00 -50.88 144.83
 801.00 -80.75 -29.01
 802.00 -60.69 -35.85
 803.00 -56.05 -50.00
 804.00 -58.25 -54.24
 805.00 -67.84 -38.49
 806.00 -67.97 -37.71
 807.00 -62.54 -35.36
 808.00 -79.49 -33.58
 809.00 -56.12 -47.01
 810.00 -61.93 -34.14
 811.00 -78.94 -15.12
 812.00 -107.06 -30.54
 813.00 -128.29  33.41
 814.00 -137.47   0.73
 815.00 -135.39 118.19
 816.00 -61.46 163.26
 817.00 -65.30 165.89
 818.00 -85.94 -32.42
 819.00  68.69   4.53
 820.00 -104.41 -163.95
 821.00 -76.03 156.25
 822.00 -131.57 -14.20
 823.00 -56.34  45.01
 824.00 -56.15 -27.67
 825.00 -87.62 -28.67
 826.00 -62.11 -46.37
 827.00 -79.53 -29.76
 828.00 -70.95 -27.80
 829.00 -59.90 -41.52
 830.00 -57.13 -52.37
 831.00 -58.46 -53.62
 832.00 -68.29 -36.45
 833.00 -67.25 -49.50
 834.00 -55.35 -26.53
 835.00 -67.28 -60.64
 836.00 -74.42 -29.11
 837.00 -61.69 -31.66
 838.00 -67.93 -49.81
 839.00 -73.14 -30.50
 840.00 -121.10 -13.82
 841.00 -57.99   2.40
 842.00 -88.60 149.61
 843.00 -140.60  90.77
 844.00 -72.51 156.37
 845.00 -56.06  97.01
 846.00 -56.35 -26.87
 847.00 -128.26 -16.20
 848.00 -63.98 107.77
 849.00 -63.58  -1.81
 850.00 -58.07 -52.18
 851.00 -71.12 -36.54
 852.00 -63.37 -45.97
 853.00 -64.07 -35.05
 854.00 -59.94 -51.54
 855.00 -84.55 -39.40
 856.00 -50.93 -40.68
 857.00 -72.23 -49.40
 858.00 -59.70 -31.65
 859.00 -72.50 -44.40
 860.00 -69.39 -29.74
 861.00 -65.30 -38.91
 862.00 -65.39 -44.37
 863.00 -66.49 -37.35
 864.00 -80.83 -22.66
 865.00 -62.33 -20.57
 866.00 -55.38 -37.96
 867.00 -65.31 -52.04
 868.00 -70.84 -23.63
 869.00 -60.32 -49.63
 870.00 -52.12 -38.89
 871.00 -63.37 -54.39
 872.00 -69.19 -40.51
 873.00 -59.86 -36.69
 874.00 -73.42 -39.72
 875.00 -43.89 -50.77
 876.00 -72.69 -50.62
 877.00 -71.67 -32.34
 878.00 -61.99 -37.66
 879.00 -88.15 -32.66
 880.00 -59.46 -31.96
 881.00 -61.76 -44.99
 882.00 -95.10 -26.47
 883.00 -57.38 -11.07
 884.00 -66.06 -39.49
 885.00 -67.69 -33.53
 886.00 -90.75 -45.44
 887.00  61.51  12.52
 888.00 -91.97  32.19
 889.00 -95.38 132.46
 890.00 -140.04 151.03
 891.00 -66.59 132.65
 892.00 -57.87 150.46
 893.00 -57.52 -42.06
 894.00 -94.99 -28.37
 895.00 -62.14 -43.11
 896.00 -83.68 -23.03
 897.00 -55.96 -37.44
 898.00 -79.61 -37.59
 899.00 -67.88 -33.13
 900.00 -99.24 -38.62
 901.00 -82.39 -65.15
 902.00 -73.50 -27.06
 903.00 -52.31 -42.48
 904.00 -49.64 -37.52
 905.00 -66.40 -38.38
 906.00 -71.39 -50.51
 907.00 -104.18 -25.72
 908.00  86.11   9.38
 909.00 -64.85   3.92
 910.00 -133.49 -11.26
 911.00 -140.65 134.82
 912.00 -77.37 154.26
 913.00 -87.46 148.99
 914.00 -59.37  80.94
 915.00 -72.84 122.66
 916.00 -109.75 -35.10
 917.00 -156.61 146.25


