 residuo Phi Psi
 669.00 -62.01 124.14
 670.00 -68.63 163.80
 671.00 -60.52 148.22
 672.00 -56.99 -27.49
 673.00 -79.68 -36.16
 674.00 -79.74 -20.64
 675.00 -65.25 -33.20
 676.00 -75.27 -25.78
 677.00 -67.37 -40.39
 678.00 -59.77 -34.55
 679.00 -112.71 -27.55
 680.00 -73.89   6.80
 681.00 -76.49 124.49
 682.00 -70.84 130.02
 683.00 -63.20 166.21
 684.00 -139.58 161.50
 685.00 -93.48 153.15
 686.00 -93.50 157.40
 687.00  73.75  -9.68
 688.00 -72.93  25.09
 689.00 -107.05 135.63
 690.00 -65.38  87.19
 691.00 -79.78   8.61
 692.00 -74.60 -20.63
 693.00 -52.38 160.21
 694.00 -73.25 144.40
 695.00 -130.47 107.16
 696.00 -48.16 147.35
 697.00 -64.31 -53.04
 698.00 -78.13 -36.44
 699.00 -56.31 -44.70
 700.00 -74.63 -49.83
 701.00 -63.60 -35.95
 702.00 -64.86 -36.99
 703.00 -75.18 -35.29
 704.00 -74.31 -30.39
 705.00 -66.82 -31.80
 706.00 -58.44 -43.24
 707.00 -63.76 -47.22
 708.00 -55.12 -45.09
 709.00 -77.01 -29.47
 710.00 -42.97 -55.66
 711.00 -62.09 -42.14
 712.00 -60.55 -33.07
 713.00 -67.96 -54.82
 714.00 -56.99 -40.31
 715.00 -66.10 -46.94
 716.00 -72.61 -34.02
 717.00 -44.17 -49.47
 718.00 -56.65 -59.28
 719.00 -57.23 -43.90
 720.00 -80.98 -37.52
 721.00 -70.78  -4.88
 722.00 -56.92 143.31
 723.00  86.30 118.77
 724.00 -60.75  -7.77
 725.00 -66.01 -26.22
 726.00 -66.48 -11.92
 727.00 -60.86 -38.79
 728.00 -61.00 140.36
 729.00 -63.87 151.41
 730.00 -78.56 -25.75
 731.00 -67.43 -36.02
 732.00 -53.99 -42.12
 733.00 -69.19 -56.43
 734.00 -58.48 -28.19
 735.00 -68.53 -64.04
 736.00 -67.84 -32.88
 737.00 -76.24 -42.15
 738.00 -121.92  -2.72
 739.00 -89.17 -17.27
 740.00 -64.50 -14.59
 741.00 -69.79 -43.22
 742.00 -65.28 -31.72
 743.00 -67.10 -46.96
 744.00 -63.61 -51.11
 745.00 -68.48 -45.61
 746.00 -75.68 -35.18
 747.00 -75.22 -25.98
 748.00 -69.63 -31.58
 749.00 -58.17 -34.29
 750.00 -75.87 -47.18
 751.00 -61.00 -37.77
 752.00 -67.27 -41.62
 753.00 -72.91 -37.42
 754.00 -65.18 -43.86
 755.00 -85.20 -51.71
 756.00 -132.77 -29.60
 757.00  51.96  21.45
 758.00  60.41  36.40
 759.00 -57.65  -0.93
 760.00 -137.82 -24.17
 761.00 -83.41 160.17
 762.00 -83.85 107.72
 763.00 -50.90  68.87
 764.00 -150.33 -59.61
 765.00 -69.20 154.84
 766.00 -84.13 -25.17
 767.00 -107.83 -37.63
 768.00 -88.89  66.54
 769.00 -103.83 138.85
 770.00 -72.83 102.15
 771.00 -56.42 169.10
 772.00 -61.12 -45.86
 773.00 -60.18 -40.64
 774.00 -68.18 -33.89
 775.00 -65.33 -41.23
 776.00 -69.49 -51.45
 777.00 -72.78 -30.59
 778.00  52.67  -3.09
 779.00 -120.93  44.39
 780.00 -73.78  18.84
 781.00 -58.28 -50.78
 782.00 -61.05 -37.79
 783.00 -60.24 -47.93
 784.00 -67.54 -30.82
 785.00 -73.85 -36.68
 786.00 -82.31 -24.73
 787.00 -71.46 -27.64
 788.00 -79.66 -35.63
 789.00 -55.03 -33.29
 790.00 -59.32 -47.65
 791.00 -55.74 -53.73
 792.00 -63.23 -30.93
 793.00 -64.23 -29.18
 794.00 -86.34 -38.33
 795.00 -67.81 -17.31
 796.00 -85.64 -44.96
 797.00  48.20 -13.42
 798.00 -70.60  72.02
 799.00 -95.92 139.85
 800.00 -58.98 156.21
 801.00 -67.20 -31.76
 802.00 -57.18 -51.35
 803.00 -63.37 -43.23
 804.00 -50.71 -52.06
 805.00 -86.75 -38.00
 806.00 -71.56 -21.28
 807.00 -47.01 -51.88
 808.00 -61.23 -46.50
 809.00 -60.74 -46.28
 810.00 -72.01 -28.11
 811.00 -67.57 -29.16
 812.00 -101.25 -27.52
 813.00 -134.34  34.75
 814.00 -147.66  19.79
 815.00 -135.85 131.99
 816.00 -59.29 139.99
 817.00 -60.38 141.97
 818.00 -52.51 -29.46
 819.00  79.03 -26.35
 820.00 -78.83 161.19
 821.00 -72.89 143.36
 822.00 -108.39 -20.81
 823.00 -69.50  42.57
 824.00 -59.02 -37.37
 825.00 -74.20 -42.15
 826.00 -74.44 -26.46
 827.00 -69.54 -33.12
 828.00 -67.71 -32.59
 829.00 -78.33 -35.58
 830.00 -53.19 -47.02
 831.00 -70.01 -40.03
 832.00 -72.96 -25.85
 833.00 -62.39 -54.95
 834.00 -73.74 -22.55
 835.00 -74.04 -50.45
 836.00 -64.46 -24.61
 837.00 -54.54 -48.73
 838.00 -45.51 -48.66
 839.00 -79.66 -38.16
 840.00 -136.61 -11.22
 841.00 -60.07  14.85
 842.00 -88.27 142.73
 843.00 -75.98  38.05
 844.00 -60.14 168.00
 845.00 -57.69 132.56
 846.00 -85.29 -22.13
 847.00 -133.18  -1.88
 848.00 -53.63  61.56
 849.00 -57.01 -40.67
 850.00 -64.77 -41.19
 851.00 -58.02 -43.37
 852.00 -66.13 -45.87
 853.00 -66.61 -39.93
 854.00 -58.99 -38.96
 855.00 -53.80 -54.61
 856.00 -59.26 -38.44
 857.00 -66.49 -43.64
 858.00 -51.88 -51.56
 859.00 -73.82 -50.57
 860.00 -55.63 -34.54
 861.00 -65.51 -39.50
 862.00 -66.12 -42.04
 863.00 -75.62 -30.96
 864.00 -89.10 -17.86
 865.00 -66.69 -12.97
 866.00 -62.17 -38.83
 867.00 -64.40 -50.43
 868.00 -67.04 -28.51
 869.00 -62.37 -48.81
 870.00 -56.62 -41.86
 871.00 -60.15 -47.47
 872.00 -76.72 -41.49
 873.00 -58.26 -24.71
 874.00 -54.91 -55.12
 875.00 -61.25 -48.90
 876.00 -78.24 -42.88
 877.00 -84.04 -23.41
 878.00 -76.61 -19.11
 879.00 -87.96 -23.58
 880.00 -55.31 -43.69
 881.00 -62.75 -48.97
 882.00 -122.12 -10.14
 883.00 -67.68  16.18
 884.00 -81.45 -27.25
 885.00 -46.37 -47.61
 886.00 -92.40 -40.04
 887.00  56.88  -8.21
 888.00 -86.48  33.50
 889.00 -79.03 125.17
 890.00 -121.44 133.83
 891.00 -64.04 121.19
 892.00 -71.54 143.76
 893.00 -70.34 -25.83
 894.00 -96.96 -23.93
 895.00 -48.76 -46.60
 896.00 -65.87 -32.49
 897.00 -56.18 -48.53
 898.00 -71.87 -44.95
 899.00 -79.51 -29.44
 900.00 -116.89 -39.80
 901.00 -104.89 -43.44
 902.00 -67.80 -23.30
 903.00 -68.83 -38.34
 904.00 -59.52 -30.99
 905.00 -67.88 -33.10
 906.00 -60.02 -55.86
 907.00 -92.90 -33.47
 908.00  63.36  19.76
 909.00 -63.76   9.37
 910.00 -133.01 -22.40
 911.00 -140.86 134.76
 912.00 -69.26 152.27
 913.00 -93.22 161.87
 914.00 -76.39 114.20
 915.00 -69.27 151.79
 916.00 -76.22 -56.81
 917.00 -104.76 158.87


