 residuo Phi Psi
 669.00 -146.33 150.13
 670.00 -84.97 144.85
 671.00 -66.12  57.60
 672.00 -73.79 -23.06
 673.00 -58.83 -50.15
 674.00 -59.17 -32.06
 675.00 -94.94 -21.53
 676.00 -53.35 -46.92
 677.00 -75.84 -35.20
 678.00 -87.70 -17.75
 679.00 -69.13 -42.95
 680.00 -62.72 -23.42
 681.00 -76.98 130.36
 682.00 -72.58 163.31
 683.00 -67.96 161.43
 684.00 -115.56 134.25
 685.00 -85.78 134.01
 686.00 -62.82 140.04
 687.00  96.49 -25.09
 688.00 -65.58   1.90
 689.00 -81.12 124.28
 690.00 -71.73 108.21
 691.00 -66.99   2.12
 692.00 -76.95 -19.25
 693.00 -64.68 150.94
 694.00 -73.25 156.67
 695.00 -149.21 126.77
 696.00 -41.11 147.65
 697.00 -66.51 -53.64
 698.00 -57.13 -39.70
 699.00 -50.53 -52.49
 700.00 -77.36 -49.20
 701.00 -56.42 -44.98
 702.00 -66.28 -39.67
 703.00 -70.85 -33.84
 704.00 -57.49 -40.36
 705.00 -72.50 -42.35
 706.00 -62.08 -38.05
 707.00 -66.57 -29.70
 708.00 -59.73 -46.76
 709.00 -60.92 -42.49
 710.00 -67.29 -49.41
 711.00 -61.18 -32.44
 712.00 -60.50 -55.22
 713.00 -72.42 -32.04
 714.00 -68.01 -35.20
 715.00 -67.49 -34.62
 716.00 -67.07 -46.25
 717.00 -63.70 -36.05
 718.00 -70.61 -41.20
 719.00 -62.36 -42.14
 720.00 -106.47  -5.89
 721.00 -70.80 -10.67
 722.00 -60.84 136.01
 723.00  69.13 130.18
 724.00 -52.12   0.87
 725.00 -75.38 -45.82
 726.00 -71.02  10.17
 727.00 -51.71 -35.79
 728.00 -56.88 153.70
 729.00 -48.35 143.75
 730.00 -75.45 -28.03
 731.00 -82.41 -31.61
 732.00 -57.93 -28.01
 733.00 -64.42 -53.06
 734.00 -59.48 -41.67
 735.00 -57.70 -55.81
 736.00 -54.31 -35.49
 737.00 -65.72 -53.27
 738.00 -78.08 -27.44
 739.00 -81.39 -62.13
 740.00 -50.16  -9.64
 741.00 -49.59 -48.73
 742.00 -54.28 -65.22
 743.00 -62.54 -42.86
 744.00 -75.74 -48.89
 745.00 -78.37 -17.93
 746.00 -58.41 -46.02
 747.00 -76.34 -42.66
 748.00 -64.67 -39.27
 749.00 -68.66 -41.48
 750.00 -61.82 -32.81
 751.00 -62.95 -43.69
 752.00 -71.39 -30.54
 753.00 -62.34 -37.02
 754.00 -71.72 -57.41
 755.00 -88.41 -36.48
 756.00 -133.18 -42.12
 757.00  52.96  19.23
 758.00  49.27  34.05
 759.00 -80.74  18.61
 760.00 -126.91 -27.71
 761.00 -104.84 162.33
 762.00 -96.36 118.88
 763.00 -49.04  56.54
 764.00 -158.08 -45.35
 765.00 -57.16 162.71
 766.00 -95.11 -34.36
 767.00 -109.09 -29.59
 768.00 -82.56  66.31
 769.00 -96.81 135.66
 770.00 -64.75  93.84
 771.00 -55.47 176.94
 772.00 -68.65 -37.54
 773.00 -64.54 -45.49
 774.00 -62.47 -31.63
 775.00 -81.97 -26.57
 776.00 -61.24 -54.07
 777.00 -75.71 -25.94
 778.00  65.54 -12.22
 779.00 -134.78  25.75
 780.00 -50.83  37.63
 781.00 -71.16 -45.31
 782.00 -73.52 -24.94
 783.00 -63.09 -43.81
 784.00 -69.49 -43.76
 785.00 -61.51 -37.37
 786.00 -58.28 -45.73
 787.00 -74.87 -32.31
 788.00 -58.02 -39.05
 789.00 -69.54 -40.29
 790.00 -71.28 -26.83
 791.00 -60.79 -45.03
 792.00 -54.96 -19.40
 793.00 -65.69 -29.60
 794.00 -69.87 -44.10
 795.00 -60.26 -45.03
 796.00 -94.90 -43.05
 797.00  52.46  -6.51
 798.00 -89.91  69.41
 799.00 -83.09 143.08
 800.00 -59.09 153.32
 801.00 -62.07 -39.71
 802.00 -55.66 -47.75
 803.00 -66.91 -36.28
 804.00 -57.44 -46.62
 805.00 -71.24 -40.76
 806.00 -73.72 -31.11
 807.00 -67.29 -50.63
 808.00 -74.23 -25.86
 809.00 -61.90 -40.97
 810.00 -55.18 -33.76
 811.00 -62.13 -32.65
 812.00 -118.88 -21.67
 813.00 -144.76  40.78
 814.00 -160.31  19.43
 815.00 -153.51 125.11
 816.00 -62.55 157.44
 817.00 -58.36 158.46
 818.00 -88.75 -48.60
 819.00  63.47  29.45
 820.00 -88.38 -168.04
 821.00 -58.38 -179.14
 822.00 -148.01 -22.29
 823.00 -96.96 137.07
 824.00 -58.59 -32.76
 825.00 -70.56 -34.72
 826.00 -83.47 -25.47
 827.00 -65.68 -40.10
 828.00 -69.53 -39.28
 829.00 -62.69 -47.12
 830.00 -68.31 -37.74
 831.00 -74.69 -37.91
 832.00 -64.49 -27.27
 833.00 -72.63 -39.37
 834.00 -69.40 -24.95
 835.00 -59.87 -46.44
 836.00 -76.02 -37.82
 837.00 -65.62 -24.02
 838.00 -55.43 -52.79
 839.00 -66.92 -22.95
 840.00 -128.34 -32.23
 841.00 -56.32  -2.06
 842.00 -73.65 128.69
 843.00 -165.26 115.02
 844.00 -101.56 170.18
 845.00 -54.28  83.38
 846.00 -68.85 -18.28
 847.00 -138.42 -16.01
 848.00 -54.70  78.87
 849.00 -45.48 -23.28
 850.00 -72.08 -32.94
 851.00 -79.54 -36.84
 852.00 -58.81 -37.35
 853.00 -71.78 -30.97
 854.00 -62.23 -42.88
 855.00 -70.11 -43.09
 856.00 -57.43 -45.44
 857.00 -66.93 -41.73
 858.00 -97.70 -18.68
 859.00 -60.13 -39.18
 860.00 -59.15 -42.65
 861.00 -67.25 -45.79
 862.00 -56.11 -36.80
 863.00 -77.30 -38.20
 864.00 -84.39 -19.47
 865.00 -69.27 -10.73
 866.00 -59.56 -45.09
 867.00 -53.14 -41.74
 868.00 -82.31 -35.17
 869.00 -53.82 -40.79
 870.00 -53.80 -52.24
 871.00 -44.95 -48.25
 872.00 -41.93 -59.00
 873.00 -41.07 -57.38
 874.00 -81.09 -47.93
 875.00 -74.53 -32.16
 876.00 -68.94 -40.16
 877.00 -74.26 -36.24
 878.00 -68.34 -37.57
 879.00 -61.34 -37.57
 880.00 -62.05 -34.30
 881.00 -66.50 -45.56
 882.00 -115.47 -15.49
 883.00 -46.90  -4.74
 884.00 -62.63 -54.45
 885.00 -77.78 -33.46
 886.00 -133.35   0.63
 887.00  64.41   9.85
 888.00 -84.78  16.64
 889.00 -72.55 119.61
 890.00 -128.53 142.84
 891.00 -56.74 115.83
 892.00 -58.20 136.26
 893.00 -53.21 -41.71
 894.00 -74.17 -46.51
 895.00 -67.60 -39.04
 896.00 -62.65 -29.10
 897.00 -68.63 -43.16
 898.00 -74.60 -39.86
 899.00 -80.62 -41.56
 900.00 -128.84  -3.11
 901.00 -73.81 -59.98
 902.00 -64.17 -36.27
 903.00 -60.06 -40.82
 904.00 -70.34 -27.51
 905.00 -63.30 -36.54
 906.00 -75.64 -45.36
 907.00 -50.79 -47.39
 908.00  75.91  -5.76
 909.00 -55.45  -9.15
 910.00 -101.64 -34.51
 911.00 -121.60 126.24
 912.00 -59.03 123.90
 913.00 -91.80 153.96
 914.00 -110.94 121.65
 915.00 -79.14 128.76
 916.00 -123.41 -29.36
 917.00 -142.25 134.88


