 residuo Phi Psi
 669.00 -90.51 137.22
 670.00 -59.28 148.57
 671.00 -145.02 119.64
 672.00 -71.13 -23.74
 673.00 -62.67 -41.32
 674.00 -84.29 -38.11
 675.00 -60.97 -28.89
 676.00 -52.82 -53.49
 677.00 -65.96 -41.49
 678.00 -68.55 -32.19
 679.00 -80.57 -37.08
 680.00 -68.01 -15.53
 681.00 -66.93 113.65
 682.00 -57.89 155.02
 683.00 -67.24 162.35
 684.00 -85.73 140.50
 685.00 -93.32 128.98
 686.00 -78.85 144.46
 687.00  81.27 -25.36
 688.00 -73.01  15.20
 689.00 -96.22 137.45
 690.00 -83.09 117.49
 691.00 -90.21   3.60
 692.00 -116.94  -2.76
 693.00 -63.01 152.58
 694.00 -63.49 139.78
 695.00 -157.35 151.14
 696.00 -53.14 138.52
 697.00 -74.07 -44.51
 698.00 -90.76 -28.24
 699.00 -51.40 -44.70
 700.00 -87.09 -35.73
 701.00 -76.69 -31.58
 702.00 -71.41 -25.30
 703.00 -53.41 -41.16
 704.00 -58.71 -49.46
 705.00 -67.61 -43.05
 706.00 -61.25 -40.53
 707.00 -49.04 -40.93
 708.00 -55.56 -56.28
 709.00 -63.65 -52.35
 710.00 -63.76 -43.37
 711.00 -60.32 -44.27
 712.00 -54.02 -41.81
 713.00 -71.53 -44.51
 714.00 -75.21 -22.00
 715.00 -60.41 -44.18
 716.00 -53.76 -33.89
 717.00 -77.56 -44.84
 718.00 -71.86 -38.10
 719.00 -53.60 -34.66
 720.00 -92.38 -33.03
 721.00 -81.61   1.13
 722.00 -74.61 118.07
 723.00  80.02 143.17
 724.00 -67.58  -9.14
 725.00 -77.01 -32.11
 726.00 -60.01   1.69
 727.00 -72.49 -34.94
 728.00 -68.82 146.14
 729.00 -60.12 151.36
 730.00 -67.22 -30.92
 731.00 -77.25 -43.69
 732.00 -49.76 -35.10
 733.00 -80.19 -41.20
 734.00 -64.95 -31.37
 735.00 -64.08 -52.20
 736.00 -53.31 -37.57
 737.00 -73.08 -56.08
 738.00 -77.29 -22.04
 739.00 -74.17 -45.89
 740.00 -33.91 -14.39
 741.00 -63.38 -60.71
 742.00 -64.26 -49.36
 743.00 -57.48 -54.28
 744.00 -70.71 -48.74
 745.00 -58.82 -42.50
 746.00 -55.89 -34.49
 747.00 -61.29 -51.18
 748.00 -79.75 -31.68
 749.00 -61.18 -28.65
 750.00 -69.35 -48.19
 751.00 -65.74 -33.63
 752.00 -58.33 -48.16
 753.00 -50.37 -44.37
 754.00 -82.15 -57.64
 755.00 -106.55 -15.79
 756.00 -136.01 -36.10
 757.00  53.31  22.66
 758.00  56.95  37.83
 759.00 -62.06  -4.58
 760.00 -132.04 -21.64
 761.00 -104.83 168.34
 762.00 -100.45 118.25
 763.00 -89.74  89.29
 764.00 -149.58 -34.24
 765.00 -51.74 160.91
 766.00 -107.99 -21.09
 767.00 -103.57 -29.73
 768.00 -127.58  98.39
 769.00 -104.31 129.43
 770.00 -96.92 121.36
 771.00 -54.83 171.97
 772.00 -63.96 -32.07
 773.00 -62.18 -53.00
 774.00 -54.94 -35.80
 775.00 -83.34 -41.74
 776.00 -69.26 -28.27
 777.00 -59.95 -53.84
 778.00  66.32  -6.25
 779.00 -83.07 -11.17
 780.00 -72.85  36.43
 781.00 -63.77 -57.10
 782.00 -74.41 -23.37
 783.00 -65.30 -45.90
 784.00 -52.84 -37.55
 785.00 -72.31 -46.77
 786.00 -59.93 -39.56
 787.00 -58.30 -41.92
 788.00 -53.58 -45.76
 789.00 -55.15 -50.02
 790.00 -68.50 -44.42
 791.00 -67.92 -30.55
 792.00 -61.67 -27.15
 793.00 -65.81 -21.90
 794.00 -60.51 -51.55
 795.00 -61.99 -41.70
 796.00 -67.59 -50.04
 797.00  48.42 -13.81
 798.00 -71.65  48.80
 799.00 -89.96 137.59
 800.00 -62.57 166.42
 801.00 -64.81 -37.54
 802.00 -68.90 -43.91
 803.00 -56.52 -40.11
 804.00 -60.97 -52.75
 805.00 -54.07 -38.71
 806.00 -63.76 -49.45
 807.00 -64.79 -38.86
 808.00 -59.22 -39.28
 809.00 -68.75 -45.16
 810.00 -49.22 -35.28
 811.00 -78.06 -22.03
 812.00 -124.91 -20.56
 813.00 -145.07  58.75
 814.00 -152.26  18.84
 815.00 -151.80 131.82
 816.00 -55.38 168.10
 817.00 -57.48 165.93
 818.00 -97.42 -40.62
 819.00  68.81  16.96
 820.00 -74.00 172.99
 821.00 -55.29 160.85
 822.00 -87.39 -39.10
 823.00 -53.53  27.71
 824.00 -67.15 -36.24
 825.00 -76.79 -28.98
 826.00 -60.30 -38.93
 827.00 -60.61 -44.83
 828.00 -91.04 -20.46
 829.00 -58.12 -41.09
 830.00 -56.41 -43.43
 831.00 -52.41 -52.17
 832.00 -56.30 -47.19
 833.00 -75.58 -46.19
 834.00 -54.92 -36.04
 835.00 -67.59 -52.21
 836.00 -85.53 -17.70
 837.00 -61.79 -48.81
 838.00 -59.51 -32.57
 839.00 -126.35  -5.61
 840.00 -79.70 -53.00
 841.00 -73.19   8.33
 842.00 -82.96 148.48
 843.00 -134.50  83.44
 844.00 -78.97 160.30
 845.00 -65.02 106.47
 846.00 -61.00 -10.75
 847.00 -108.28 -31.66
 848.00 -59.95  83.58
 849.00 -71.18 -28.19
 850.00 -65.33 -37.43
 851.00 -68.72 -33.09
 852.00 -70.41 -41.97
 853.00 -57.60 -35.93
 854.00 -60.57 -44.24
 855.00 -55.54 -50.79
 856.00 -71.60 -38.14
 857.00 -91.71 -20.78
 858.00 -67.08 -30.80
 859.00 -60.65 -48.34
 860.00 -61.59 -43.78
 861.00 -64.62 -43.37
 862.00 -68.14 -38.09
 863.00 -74.48 -32.77
 864.00 -63.28 -28.02
 865.00 -67.31 -29.66
 866.00 -62.35 -32.73
 867.00 -77.45 -39.63
 868.00 -82.79  -6.36
 869.00 -69.80 -34.44
 870.00 -53.62 -41.58
 871.00 -67.07 -40.74
 872.00 -76.23 -44.91
 873.00 -56.47 -31.87
 874.00 -72.49 -39.14
 875.00 -47.73 -48.34
 876.00 -72.03 -56.11
 877.00 -77.22 -28.71
 878.00 -67.40 -36.49
 879.00 -72.10 -32.10
 880.00 -73.35 -49.30
 881.00 -80.36 -22.79
 882.00 -156.08   7.12
 883.00 -58.45  17.57
 884.00 -78.76 -37.72
 885.00 -54.87 -37.48
 886.00 -102.69 -33.83
 887.00  62.75  12.55
 888.00 -103.39  36.24
 889.00 -80.10 122.80
 890.00 -125.70 132.94
 891.00 -73.20 129.34
 892.00 -43.70 143.55
 893.00 -61.27 -34.40
 894.00 -83.28 -44.44
 895.00 -57.20 -35.73
 896.00 -59.22 -36.89
 897.00 -35.51 -65.92
 898.00 -78.08 -51.07
 899.00 -86.35 -35.10
 900.00 -112.12 -26.65
 901.00 -79.71 -50.49
 902.00 -63.05 -44.72
 903.00 -54.86 -35.32
 904.00 -66.14 -30.81
 905.00 -71.98 -40.54
 906.00 -54.88 -62.02
 907.00 -73.33 -30.88
 908.00  91.97 -28.48
 909.00 -80.26  22.17
 910.00 -138.50  -6.83
 911.00 -126.17 141.40
 912.00 -61.47 118.01
 913.00 -107.46 136.93
 914.00 -50.91  70.32
 915.00 -86.91 135.96
 916.00 -65.18 -55.82
 917.00 -53.32 157.57


