 residuo Phi Psi
 669.00 -55.43 159.32
 670.00 -67.35 141.13
 671.00 -74.76 161.50
 672.00 -60.10 -33.01
 673.00 -59.58 -44.74
 674.00 -56.64 -44.63
 675.00 -74.33 -34.42
 676.00 -57.50 -35.44
 677.00 -79.53 -35.59
 678.00 -80.54 -27.42
 679.00 -90.91 -26.76
 680.00 -67.71  -3.80
 681.00 -72.22 124.52
 682.00 -91.44 169.57
 683.00 -79.13 -172.43
 684.00 -141.21 154.58
 685.00 -82.19 136.42
 686.00 -75.43 161.19
 687.00  78.07 -15.27
 688.00 -57.18  -3.49
 689.00 -133.14 155.17
 690.00 -66.54  93.05
 691.00 -79.87   1.30
 692.00 -111.13 -16.26
 693.00 -44.21 131.17
 694.00 -66.30 140.85
 695.00 -139.49 121.10
 696.00 -34.20 135.54
 697.00 -77.95 -65.53
 698.00 -65.96 -29.77
 699.00 -67.40 -40.57
 700.00 -77.42 -38.36
 701.00 -57.32 -39.21
 702.00 -72.98 -30.41
 703.00 -62.97 -36.31
 704.00 -55.82 -50.29
 705.00 -51.68 -49.27
 706.00 -63.71 -47.88
 707.00 -67.05 -34.76
 708.00 -62.06 -32.81
 709.00 -69.05 -43.78
 710.00 -65.27 -41.95
 711.00 -60.49 -32.93
 712.00 -60.62 -36.33
 713.00 -71.74 -31.76
 714.00 -73.54 -47.04
 715.00 -77.69 -27.83
 716.00 -60.27 -38.97
 717.00 -65.77 -38.81
 718.00 -71.50 -46.08
 719.00 -61.08 -30.82
 720.00 -127.59 -10.80
 721.00 -65.38   4.07
 722.00 -65.74 140.13
 723.00  79.48 140.43
 724.00 -68.40  -2.07
 725.00 -73.26 -30.02
 726.00 -71.29  -4.69
 727.00 -68.59 -25.36
 728.00 -63.81 135.21
 729.00 -54.17 162.24
 730.00 -66.65 -38.13
 731.00 -82.69 -31.66
 732.00 -48.67 -41.38
 733.00 -77.47 -45.84
 734.00 -55.03 -39.30
 735.00 -64.91 -59.83
 736.00 -56.41 -28.65
 737.00 -58.44 -60.84
 738.00 -79.27 -34.13
 739.00 -72.73 -45.53
 740.00 -61.40 -13.97
 741.00 -60.76 -52.90
 742.00 -72.83 -44.24
 743.00 -87.88 -22.85
 744.00 -69.39 -33.83
 745.00 -68.57 -33.91
 746.00 -71.47 -35.68
 747.00 -64.59 -43.52
 748.00 -76.52 -38.09
 749.00 -58.94 -34.07
 750.00 -70.43 -34.19
 751.00 -60.80 -49.35
 752.00 -66.89 -33.74
 753.00 -65.11 -43.02
 754.00 -97.59 -42.25
 755.00 -130.28  -6.30
 756.00 -132.67 -34.24
 757.00  39.78  31.12
 758.00  66.48  43.55
 759.00 -71.70 -26.54
 760.00 -151.30   4.21
 761.00 -105.06 159.85
 762.00 -87.83 101.22
 763.00 -53.52  64.83
 764.00 -149.92 -53.29
 765.00 -66.67 166.18
 766.00 -79.87 -38.30
 767.00 -98.78 -39.32
 768.00 -79.16  62.13
 769.00 -94.06 135.86
 770.00 -68.78 108.16
 771.00 -59.74 169.44
 772.00 -55.07 -33.64
 773.00 -70.96 -43.58
 774.00 -55.64 -33.30
 775.00 -75.51 -40.95
 776.00 -77.71 -50.83
 777.00 -82.78 -19.94
 778.00  55.49   4.09
 779.00 -142.48  47.67
 780.00 -55.81  18.39
 781.00 -61.39 -55.54
 782.00 -72.84 -34.54
 783.00 -61.57 -35.95
 784.00 -64.76 -44.12
 785.00 -58.95 -43.07
 786.00 -67.87 -30.60
 787.00 -66.31 -41.18
 788.00 -58.55 -44.74
 789.00 -70.78 -36.06
 790.00 -66.70 -40.36
 791.00 -71.74 -34.83
 792.00 -70.11 -18.92
 793.00 -50.95 -43.50
 794.00 -88.25 -35.48
 795.00 -78.12 -23.80
 796.00 -78.88 -44.45
 797.00  50.17 -24.93
 798.00 -65.63  72.99
 799.00 -88.90 135.75
 800.00 -68.34 169.46
 801.00 -76.83 -20.89
 802.00 -57.96 -46.80
 803.00 -56.51 -42.31
 804.00 -72.25 -41.49
 805.00 -66.92 -44.84
 806.00 -59.27 -33.53
 807.00 -60.17 -47.24
 808.00 -71.17 -45.74
 809.00 -67.77 -35.17
 810.00 -56.02 -27.28
 811.00 -73.71 -27.35
 812.00 -129.91  -5.15
 813.00 -135.69  44.57
 814.00 -153.63  -6.08
 815.00 -142.52 122.59
 816.00 -55.94 157.64
 817.00 -64.99 149.26
 818.00 -92.30 -28.38
 819.00  76.91  -0.63
 820.00 -66.17 162.22
 821.00 -71.95 160.91
 822.00 -100.82 -27.33
 823.00 -55.38  19.54
 824.00 -54.49 -42.01
 825.00 -73.11 -28.29
 826.00 -58.52 -49.21
 827.00 -56.31 -45.71
 828.00 -73.90 -42.15
 829.00 -62.94 -36.56
 830.00 -72.28 -39.32
 831.00 -58.96 -43.39
 832.00 -67.55 -31.49
 833.00 -51.57 -49.63
 834.00 -66.84 -41.23
 835.00 -71.89 -33.84
 836.00 -67.95 -50.04
 837.00 -57.59 -35.92
 838.00 -68.38 -45.00
 839.00 -79.81 -10.03
 840.00 -108.22 -39.37
 841.00 -59.07   3.90
 842.00 -86.93 134.31
 843.00 -157.55  91.51
 844.00 -81.86 153.05
 845.00 -70.06 130.14
 846.00 -79.41 -44.92
 847.00 -85.77  -6.47
 848.00 -58.55 122.70
 849.00 -123.84 -30.12
 850.00 -51.63  -9.57
 851.00 -77.56 -45.88
 852.00 -84.10 -22.83
 853.00 -60.39 -47.05
 854.00 -56.54 -43.10
 855.00 -43.40 -56.20
 856.00 -57.35 -60.36
 857.00 -66.40 -39.25
 858.00 -82.01 -26.93
 859.00 -76.16 -38.95
 860.00 -55.72 -24.29
 861.00 -60.64 -52.07
 862.00 -75.35 -35.66
 863.00 -64.21 -39.48
 864.00 -59.76 -26.97
 865.00 -96.11 -14.38
 866.00 -65.92 -27.28
 867.00 -68.22 -42.75
 868.00 -77.72 -22.34
 869.00 -58.32 -44.08
 870.00 -66.74 -38.68
 871.00 -76.01 -35.51
 872.00 -79.58 -37.17
 873.00 -62.51 -25.65
 874.00 -76.06 -45.69
 875.00 -56.17 -41.49
 876.00 -93.50 -35.80
 877.00 -55.86 -23.19
 878.00 -72.03 -49.16
 879.00 -73.54 -30.08
 880.00 -68.50 -27.13
 881.00 -59.90 -46.24
 882.00 -91.36 -34.00
 883.00 -38.81 -14.75
 884.00 -55.20 -57.04
 885.00 -55.74 -52.09
 886.00 -91.20 -39.88
 887.00  65.22  -4.19
 888.00 -95.31  28.11
 889.00 -93.73 129.89
 890.00 -112.86 144.18
 891.00 -54.65 129.33
 892.00 -52.19 129.96
 893.00 -60.75 -45.85
 894.00 -89.90 -24.76
 895.00 -51.86 -42.13
 896.00 -57.03 -39.01
 897.00 -62.78 -44.38
 898.00 -79.96 -49.92
 899.00 -81.78 -35.45
 900.00 -93.16 -37.72
 901.00 -88.49 -53.59
 902.00 -57.79 -47.34
 903.00 -57.11 -40.93
 904.00 -71.10 -26.32
 905.00 -67.06 -25.71
 906.00 -69.97 -49.93
 907.00 -83.16 -21.98
 908.00  73.64 -12.77
 909.00 -83.80  13.82
 910.00 -116.67 -17.11
 911.00 -139.78 118.44
 912.00 -66.10 147.81
 913.00 -112.15 163.75
 914.00 -117.26 139.58
 915.00 -95.08 156.71
 916.00 -89.02 -45.00
 917.00 -55.39 157.17


