 residuo Phi Psi
 669.00 -75.13 -171.91
 670.00 -63.34 144.15
 671.00 -51.84 153.57
 672.00 -71.84 -55.93
 673.00 -84.96 -30.82
 674.00 -57.03 -32.82
 675.00 -64.24 -41.09
 676.00 -66.16 -40.21
 677.00 -67.28 -37.46
 678.00 -68.82 -29.02
 679.00 -84.15 -33.46
 680.00 -57.40  -8.57
 681.00 -89.90 136.84
 682.00 -81.92 151.16
 683.00 -91.44 -176.28
 684.00 -118.36 144.39
 685.00 -84.53 138.98
 686.00 -88.25 157.37
 687.00  66.26 -16.49
 688.00 -83.44  29.65
 689.00 -147.97 179.35
 690.00 -85.96 144.92
 691.00 -94.91  -9.34
 692.00 -88.20 -10.13
 693.00 -68.43 149.82
 694.00 -47.85 131.92
 695.00 -151.47 130.45
 696.00 -39.68 134.51
 697.00 -80.88 -63.52
 698.00 -78.64 -10.05
 699.00 -67.11 -40.26
 700.00 -59.45 -43.76
 701.00 -69.95 -48.83
 702.00 -71.03 -29.67
 703.00 -64.77 -44.35
 704.00 -62.16 -31.84
 705.00 -57.17 -54.34
 706.00 -56.59 -48.19
 707.00 -47.97 -49.77
 708.00 -63.53 -40.08
 709.00 -70.69 -40.67
 710.00 -57.54 -33.14
 711.00 -49.27 -60.67
 712.00 -59.77 -49.37
 713.00 -68.82 -40.29
 714.00 -66.27 -35.87
 715.00 -72.08 -46.41
 716.00 -54.08 -50.41
 717.00 -73.30 -32.27
 718.00 -61.75 -41.49
 719.00 -75.29 -23.61
 720.00 -88.83 -33.96
 721.00 -66.23  -3.25
 722.00 -63.44 118.88
 723.00  79.44 151.02
 724.00 -51.09 -39.60
 725.00 -54.10 -27.89
 726.00 -80.18 -35.80
 727.00 -75.19   0.01
 728.00 -68.82 149.51
 729.00 -61.94 157.31
 730.00 -56.72 -36.31
 731.00 -76.15 -45.42
 732.00 -58.29 -36.24
 733.00 -75.46 -45.13
 734.00 -65.30 -25.84
 735.00 -72.92 -59.07
 736.00 -63.45 -21.49
 737.00 -66.75 -52.94
 738.00 -72.55 -32.96
 739.00 -87.03 -38.21
 740.00 -67.96 -10.69
 741.00 -63.15 -42.94
 742.00 -63.29 -34.17
 743.00 -68.50 -47.22
 744.00 -61.71 -43.75
 745.00 -74.81 -48.62
 746.00 -67.79 -31.65
 747.00 -58.66 -47.12
 748.00 -57.17 -43.87
 749.00 -43.41 -49.52
 750.00 -61.73 -50.62
 751.00 -65.04 -38.39
 752.00 -68.71 -42.56
 753.00 -65.83 -37.31
 754.00 -74.21 -50.82
 755.00 -73.43 -63.20
 756.00 -132.61 -34.17
 757.00  51.73  29.58
 758.00  66.84  17.08
 759.00 -78.51   8.15
 760.00 -137.36 -25.99
 761.00 -86.11 157.98
 762.00 -88.00 110.08
 763.00 -53.66  57.27
 764.00 -145.75 -44.12
 765.00 -77.89 166.99
 766.00 -75.11 -23.48
 767.00 -83.33 -63.71
 768.00 -72.94  57.25
 769.00 -117.74 141.32
 770.00 -85.99 119.94
 771.00 -59.83 177.49
 772.00 -59.64 -35.48
 773.00 -74.46 -36.48
 774.00 -67.76 -25.11
 775.00 -69.55 -38.02
 776.00 -57.51 -51.65
 777.00 -81.28 -32.58
 778.00  65.64  -1.89
 779.00 -134.50  37.06
 780.00 -65.63  17.42
 781.00 -70.66 -33.54
 782.00 -74.18 -34.09
 783.00 -68.64 -37.09
 784.00 -74.25 -38.64
 785.00 -69.61 -28.80
 786.00 -76.28 -29.18
 787.00 -66.09 -31.86
 788.00 -67.32 -36.05
 789.00 -57.91 -32.94
 790.00 -59.00 -58.78
 791.00 -60.08 -43.64
 792.00 -67.09 -26.71
 793.00 -61.05 -30.71
 794.00 -57.02 -44.49
 795.00 -79.05 -27.84
 796.00 -82.24 -41.30
 797.00  42.88 -26.60
 798.00 -63.44  62.56
 799.00 -94.73 138.20
 800.00 -49.70 152.41
 801.00 -71.92 -32.35
 802.00 -64.79 -45.94
 803.00 -61.98 -38.47
 804.00 -55.15 -50.34
 805.00 -83.72 -40.44
 806.00 -74.57 -25.86
 807.00 -48.57 -41.15
 808.00 -55.63 -45.37
 809.00 -79.89 -44.05
 810.00 -66.45 -30.63
 811.00 -69.71 -15.63
 812.00 -113.41 -20.09
 813.00 -140.93  52.31
 814.00 -146.38  -0.60
 815.00 -150.40 117.98
 816.00 -63.48 165.09
 817.00 -66.30 162.71
 818.00 -80.96 -39.22
 819.00  70.09   0.55
 820.00 -89.06 -164.62
 821.00 -59.16 160.32
 822.00 -90.27 -54.01
 823.00 -59.60  41.17
 824.00 -56.41 -48.95
 825.00 -62.21 -37.97
 826.00 -50.23 -50.30
 827.00 -65.95 -45.38
 828.00 -46.97 -44.11
 829.00 -68.51 -51.38
 830.00 -62.49 -39.32
 831.00 -78.74 -40.64
 832.00 -66.51 -31.45
 833.00 -70.29 -43.51
 834.00 -66.20 -26.31
 835.00 -71.57 -44.98
 836.00 -64.43 -38.92
 837.00 -52.68 -47.49
 838.00 -71.89 -41.06
 839.00 -95.59 -10.26
 840.00 -131.87  -3.66
 841.00 -55.47  -0.83
 842.00 -78.72 147.79
 843.00 -131.45  84.95
 844.00 -86.39 170.68
 845.00 -64.19  99.14
 846.00 -79.00 -12.76
 847.00 -122.47 -17.51
 848.00 -37.99  73.34
 849.00 -68.34 -23.65
 850.00 -53.58 -37.99
 851.00 -74.70 -45.91
 852.00 -77.99 -22.59
 853.00 -58.14 -49.77
 854.00 -62.27 -40.61
 855.00 -59.79 -43.43
 856.00 -47.21 -50.16
 857.00 -59.32 -55.65
 858.00 -59.53 -42.29
 859.00 -65.79 -52.65
 860.00 -59.04 -36.54
 861.00 -69.94 -32.62
 862.00 -76.55 -46.89
 863.00 -58.80 -32.26
 864.00 -64.54 -40.00
 865.00 -62.68 -15.59
 866.00 -59.36 -41.49
 867.00 -68.62 -46.77
 868.00 -83.63 -22.13
 869.00 -56.32 -44.49
 870.00 -74.84 -33.98
 871.00 -66.76 -40.53
 872.00 -67.96 -40.47
 873.00 -68.49 -27.28
 874.00 -70.80 -35.56
 875.00 -54.24 -46.64
 876.00 -75.38 -46.02
 877.00 -63.33 -39.57
 878.00 -72.18 -38.89
 879.00 -64.78 -41.38
 880.00 -82.71 -19.40
 881.00 -60.89 -20.32
 882.00 -110.45 -45.33
 883.00 -63.45  15.06
 884.00 -65.87 -50.81
 885.00 -59.71 -42.23
 886.00 -96.46 -38.41
 887.00  71.73  17.38
 888.00 -81.88  18.11
 889.00 -99.92 139.99
 890.00 -135.12 149.92
 891.00 -55.90 133.29
 892.00 -60.42 137.34
 893.00 -71.17 -36.88
 894.00 -73.38 -23.95
 895.00 -54.02 -46.53
 896.00 -62.69 -46.35
 897.00 -47.18 -50.83
 898.00 -61.56 -49.13
 899.00 -53.32 -45.47
 900.00 -100.97 -53.27
 901.00 -111.89 -42.98
 902.00 -60.53 -26.46
 903.00 -67.97 -48.15
 904.00 -90.84  -0.45
 905.00 -63.12 -34.62
 906.00 -57.92 -55.42
 907.00 -75.49 -33.76
 908.00  73.42 -17.48
 909.00 -73.25  12.51
 910.00 -125.54 -29.50
 911.00 -144.92 133.64
 912.00 -73.32 149.55
 913.00 -85.26 142.35
 914.00 -49.91  68.40
 915.00 -71.68 119.80
 916.00 -107.03 -30.25
 917.00 -59.55 142.02


