 residuo Phi Psi
 669.00 -93.76 131.01
 670.00 -67.16 131.89
 671.00 -140.75 128.47
 672.00 -47.83 -32.18
 673.00 -71.04 -45.82
 674.00 -62.12 -36.60
 675.00 -63.06 -33.75
 676.00 -69.46 -51.03
 677.00 -71.18 -29.03
 678.00 -64.03 -42.29
 679.00 -102.32 -27.44
 680.00 -58.35   4.37
 681.00 -69.40 132.42
 682.00 -98.25 151.57
 683.00 -64.81 -161.01
 684.00 -130.71 134.51
 685.00 -88.94 117.95
 686.00 -80.19 158.38
 687.00  75.43 -14.66
 688.00 -78.69  20.97
 689.00 -142.87 173.96
 690.00 -61.40 112.79
 691.00 -88.69  -6.85
 692.00 -83.69 -18.37
 693.00 -72.41 140.10
 694.00 -69.22 144.64
 695.00 -155.10 163.43
 696.00 -44.00 153.65
 697.00 -61.23 -59.61
 698.00 -74.52 -40.69
 699.00 -65.16 -39.44
 700.00 -78.34 -38.24
 701.00 -60.03 -35.62
 702.00 -59.72 -54.81
 703.00 -77.58 -23.06
 704.00 -65.73 -43.00
 705.00 -77.78 -28.43
 706.00 -58.34 -37.25
 707.00 -71.36 -30.52
 708.00 -76.12 -30.18
 709.00 -75.24 -36.20
 710.00 -59.38 -47.88
 711.00 -56.63 -34.52
 712.00 -59.60 -52.26
 713.00 -73.08 -37.57
 714.00 -69.87 -31.67
 715.00 -70.83 -41.84
 716.00 -60.17 -33.73
 717.00 -73.25 -30.17
 718.00 -67.84 -40.13
 719.00 -63.87 -27.63
 720.00 -112.30 -23.51
 721.00 -87.16  18.14
 722.00 -79.96 140.59
 723.00  80.37 141.89
 724.00 -53.64 -34.42
 725.00 -67.80 -43.59
 726.00 -75.03   3.73
 727.00 -52.93 -35.73
 728.00 -61.51 141.94
 729.00 -55.38 160.32
 730.00 -74.43 -39.32
 731.00 -55.99 -38.29
 732.00 -50.89 -47.40
 733.00 -61.34 -48.40
 734.00 -67.18 -37.51
 735.00 -66.24 -54.48
 736.00 -84.02 -28.51
 737.00 -71.15 -32.81
 738.00 -83.65 -37.37
 739.00 -67.98 -29.22
 740.00 -43.33 -27.97
 741.00 -49.91 -68.06
 742.00 -58.95 -58.41
 743.00 -63.85 -41.65
 744.00 -74.15 -49.10
 745.00 -67.01 -31.36
 746.00 -47.63 -46.57
 747.00 -75.28 -46.35
 748.00 -59.50 -45.12
 749.00 -57.57 -22.66
 750.00 -72.70 -57.37
 751.00 -63.35 -35.03
 752.00 -75.73 -33.27
 753.00 -61.57 -37.44
 754.00 -71.70 -53.32
 755.00 -73.95 -44.59
 756.00 -146.08 -38.47
 757.00  55.02  25.01
 758.00  69.26  34.46
 759.00 -62.00   0.96
 760.00 -133.41 -31.15
 761.00 -89.45 159.27
 762.00 -84.33 106.48
 763.00 -57.72  72.15
 764.00 -147.52 -61.90
 765.00 -58.72 156.91
 766.00 -88.98 -26.37
 767.00 -132.33  -6.73
 768.00 -66.19  36.99
 769.00 -81.82 120.98
 770.00 -64.42  93.03
 771.00 -76.70 174.42
 772.00 -55.72 -27.62
 773.00 -74.91 -38.04
 774.00 -64.08 -34.96
 775.00 -62.23 -35.89
 776.00 -47.49 -73.22
 777.00 -69.02 -30.93
 778.00  67.24 -16.71
 779.00 -133.72  26.83
 780.00 -53.28  39.81
 781.00 -74.15 -38.98
 782.00 -69.32 -38.69
 783.00 -62.70 -36.12
 784.00 -75.80 -28.74
 785.00 -63.61 -33.83
 786.00 -56.20 -56.81
 787.00 -50.24 -40.11
 788.00 -69.58 -53.06
 789.00 -63.28 -32.15
 790.00 -67.41 -41.00
 791.00 -72.05 -39.56
 792.00 -49.37 -26.74
 793.00 -46.52 -47.43
 794.00 -78.07 -44.47
 795.00 -62.92 -29.33
 796.00 -100.92 -27.55
 797.00  55.72  -8.41
 798.00 -61.48  46.78
 799.00 -91.81 137.16
 800.00 -54.69 153.45
 801.00 -68.44 -31.01
 802.00 -64.22 -46.21
 803.00 -55.22 -41.71
 804.00 -64.90 -50.16
 805.00 -74.11 -40.01
 806.00 -70.45 -23.65
 807.00 -52.77 -47.63
 808.00 -68.06 -38.94
 809.00 -58.15 -45.63
 810.00 -67.04 -20.61
 811.00 -63.50 -32.25
 812.00 -89.49 -33.98
 813.00 -120.56  30.04
 814.00 -140.91  -6.16
 815.00 -143.77 123.55
 816.00 -59.18 160.37
 817.00 -71.03 156.23
 818.00 -76.52 -26.80
 819.00  74.82 -12.55
 820.00 -64.30 157.98
 821.00 -59.57 162.45
 822.00 -110.12 -33.13
 823.00 -78.32  51.03
 824.00 -60.16 -34.24
 825.00 -55.77 -37.53
 826.00 -62.82 -49.48
 827.00 -72.18 -26.93
 828.00 -77.88 -29.41
 829.00 -62.96 -43.41
 830.00 -62.26 -34.08
 831.00 -61.32 -48.92
 832.00 -59.99 -31.52
 833.00 -74.32 -46.69
 834.00 -61.16 -30.65
 835.00 -64.22 -53.84
 836.00 -71.82 -29.15
 837.00 -69.38 -37.18
 838.00 -54.22 -48.76
 839.00 -49.54 -31.34
 840.00 -116.32 -50.94
 841.00 -68.01  21.83
 842.00 -91.18 146.57
 843.00 -80.80  34.52
 844.00 -56.95 147.38
 845.00 -67.60 122.30
 846.00 -66.25 -36.75
 847.00 -127.29 -11.11
 848.00 -60.42  91.08
 849.00 -63.44 -40.62
 850.00 -59.32 -30.43
 851.00 -76.82 -26.77
 852.00 -72.47 -24.93
 853.00 -52.52 -49.89
 854.00 -47.38 -48.68
 855.00 -68.31 -58.46
 856.00 -61.71 -33.59
 857.00 -77.61 -35.31
 858.00 -62.65 -36.14
 859.00 -67.62 -38.19
 860.00 -63.81 -34.25
 861.00 -57.93 -38.77
 862.00 -53.53 -49.39
 863.00 -73.70 -36.47
 864.00 -77.04 -27.68
 865.00 -68.18 -20.96
 866.00 -64.47 -49.07
 867.00 -64.07 -44.64
 868.00 -59.80 -36.73
 869.00 -64.84 -45.87
 870.00 -62.67 -30.37
 871.00 -60.14 -50.52
 872.00 -72.61 -44.72
 873.00 -68.59 -20.65
 874.00 -67.86 -42.96
 875.00 -62.90 -40.74
 876.00 -66.92 -48.37
 877.00 -60.64 -42.93
 878.00 -75.97 -31.69
 879.00 -77.13 -32.27
 880.00 -59.02 -32.37
 881.00 -63.36 -47.89
 882.00 -144.75  -6.17
 883.00 -60.77  30.00
 884.00 -60.21 -35.49
 885.00 -70.48 -54.92
 886.00 -87.39 -28.29
 887.00  57.42 -11.97
 888.00 -88.82  26.96
 889.00 -105.77 132.56
 890.00 -140.11 148.27
 891.00 -55.39 117.11
 892.00 -58.14 140.85
 893.00 -68.90 -29.66
 894.00 -63.78 -40.65
 895.00 -73.45 -37.50
 896.00 -67.43 -21.63
 897.00 -56.00 -51.46
 898.00 -82.36 -46.38
 899.00 -95.69 -21.80
 900.00 -89.15 -44.92
 901.00 -97.06 -49.41
 902.00 -60.85 -28.13
 903.00 -44.06 -37.64
 904.00 -66.62 -39.31
 905.00 -87.22 -30.68
 906.00 -77.30 -38.11
 907.00 -85.37 -13.46
 908.00  74.57 -19.72
 909.00 -79.10  24.95
 910.00 -131.60 -10.11
 911.00 -132.77 126.95
 912.00 -67.85 139.61
 913.00 -108.68 163.82
 914.00 -77.90  92.05
 915.00 -92.57 147.73
 916.00 -97.14 -46.07
 917.00 -131.18 143.86


