 residuo Phi Psi
 669.00 -65.81 150.52
 670.00 -63.50 125.44
 671.00 -95.74 140.69
 672.00 -66.70 -21.23
 673.00 -66.80 -40.47
 674.00 -75.77 -22.77
 675.00 -64.42 -45.76
 676.00 -61.00 -45.48
 677.00 -75.50 -41.56
 678.00 -67.77 -28.70
 679.00 -127.60  -3.73
 680.00 -68.71   0.08
 681.00 -70.60 119.26
 682.00 -105.44 161.46
 683.00 -57.82 -147.26
 684.00 -142.41 141.24
 685.00 -92.88 109.65
 686.00 -76.84 146.58
 687.00  82.37 -27.82
 688.00 -93.44  29.73
 689.00 -104.93 149.34
 690.00 -61.13  93.92
 691.00 -76.13  -4.37
 692.00 -64.29 -29.12
 693.00 -68.32 164.56
 694.00 -84.86 166.21
 695.00 -140.80 114.80
 696.00 -65.03 154.45
 697.00 -75.19 -58.82
 698.00 -60.85 -40.48
 699.00 -68.36 -39.84
 700.00 -60.92 -43.37
 701.00 -75.57 -29.96
 702.00 -58.50 -45.07
 703.00 -69.95 -30.68
 704.00 -57.50 -41.69
 705.00 -60.32 -41.00
 706.00 -64.56 -39.98
 707.00 -68.92 -30.90
 708.00 -77.55 -24.31
 709.00 -61.87 -49.64
 710.00 -71.21 -43.26
 711.00 -69.25 -36.30
 712.00 -58.11 -38.86
 713.00 -76.43 -38.96
 714.00 -64.65 -29.75
 715.00 -65.32 -40.73
 716.00 -71.53 -42.69
 717.00 -75.02 -23.24
 718.00 -73.57 -47.08
 719.00 -69.49 -20.05
 720.00 -127.67  -5.06
 721.00 -65.11  -3.38
 722.00 -57.59 138.75
 723.00  80.53 141.16
 724.00 -64.81  -7.10
 725.00 -82.90 -32.29
 726.00 -65.82   3.88
 727.00 -98.33 -17.19
 728.00 -61.87 148.87
 729.00 -68.66 155.86
 730.00 -69.93 -30.34
 731.00 -79.56 -31.21
 732.00 -66.36 -36.39
 733.00 -66.91 -43.69
 734.00 -60.28 -37.84
 735.00 -56.83 -63.20
 736.00 -51.89 -38.25
 737.00 -71.07 -57.14
 738.00 -77.86 -31.25
 739.00 -75.16 -39.72
 740.00 -40.35 -15.55
 741.00 -72.70 -45.98
 742.00 -62.98 -53.01
 743.00 -68.17 -53.24
 744.00 -77.99 -39.02
 745.00 -64.16 -25.25
 746.00 -58.50 -42.72
 747.00 -49.34 -56.11
 748.00 -58.89 -54.71
 749.00 -84.94 -25.06
 750.00 -62.19 -31.75
 751.00 -58.81 -50.14
 752.00 -62.28 -37.14
 753.00 -54.35 -44.49
 754.00 -65.21 -61.45
 755.00 -74.94 -45.72
 756.00 -144.60 -47.67
 757.00  44.32  35.61
 758.00  63.71  34.87
 759.00 -85.17  11.75
 760.00 -131.04 -25.35
 761.00 -97.15 157.66
 762.00 -103.58 116.26
 763.00 -70.23  67.11
 764.00 -151.21 -43.73
 765.00 -57.86 165.45
 766.00 -79.78 -40.26
 767.00 -149.38  -5.91
 768.00 -81.05  53.82
 769.00 -103.37 137.62
 770.00 -66.77 106.87
 771.00 -65.05 175.36
 772.00 -59.57 -31.21
 773.00 -63.29 -51.22
 774.00 -63.66 -39.10
 775.00 -71.92 -41.09
 776.00 -55.40 -56.72
 777.00 -79.12 -31.48
 778.00  54.49   2.90
 779.00 -129.41  21.72
 780.00 -47.40  31.04
 781.00 -62.73 -48.83
 782.00 -56.18 -47.68
 783.00 -70.27 -37.16
 784.00 -67.85 -42.58
 785.00 -66.34 -29.25
 786.00 -76.34 -36.08
 787.00 -54.08 -35.55
 788.00 -54.31 -51.93
 789.00 -70.00 -41.92
 790.00 -70.76 -35.60
 791.00 -77.07 -28.22
 792.00 -45.72 -39.07
 793.00 -58.38 -30.54
 794.00 -85.27 -39.45
 795.00 -78.32 -26.42
 796.00 -84.20 -38.58
 797.00  70.49 -21.21
 798.00 -81.85  56.81
 799.00 -89.47 137.64
 800.00 -57.49 149.16
 801.00 -61.28 -27.33
 802.00 -68.20 -49.47
 803.00 -63.11 -25.49
 804.00 -55.57 -58.07
 805.00 -62.23 -43.67
 806.00 -64.98 -47.54
 807.00 -70.87 -35.60
 808.00 -71.23 -30.75
 809.00 -62.63 -43.92
 810.00 -69.77 -28.96
 811.00 -66.47 -21.28
 812.00 -90.34 -41.40
 813.00 -141.61  33.66
 814.00 -156.73  19.04
 815.00 -127.51 110.71
 816.00 -74.33 155.99
 817.00 -85.73 141.21
 818.00 -87.13 -11.66
 819.00  96.10  -0.38
 820.00 -65.13 147.55
 821.00 -61.26 155.52
 822.00 -149.56 -27.96
 823.00 -76.81 120.79
 824.00 -58.72 -44.35
 825.00 -69.05 -30.74
 826.00 -57.56 -38.97
 827.00 -49.86 -57.30
 828.00 -74.41 -30.51
 829.00 -65.25 -49.94
 830.00 -70.28 -36.73
 831.00 -85.19 -41.90
 832.00 -51.74 -34.46
 833.00 -57.59 -50.99
 834.00 -47.13 -49.56
 835.00 -65.26 -47.88
 836.00 -77.68 -34.79
 837.00 -81.56 -12.47
 838.00 -56.98 -44.60
 839.00 -67.68 -33.74
 840.00 -124.81 -17.11
 841.00 -81.56   4.86
 842.00 -59.72 152.86
 843.00 -143.48  71.47
 844.00 -62.36 154.38
 845.00 -70.72 110.41
 846.00 -70.16 -12.14
 847.00 -120.87 -12.83
 848.00 -70.58  71.35
 849.00 -61.84 -22.33
 850.00 -59.39 -48.94
 851.00 -57.77 -44.17
 852.00 -66.22 -46.39
 853.00 -71.62 -28.41
 854.00 -62.48 -47.99
 855.00 -64.84 -35.81
 856.00 -69.83 -39.87
 857.00 -64.90 -34.95
 858.00 -69.53 -44.35
 859.00 -74.72 -39.93
 860.00 -65.66 -27.02
 861.00 -66.21 -33.08
 862.00 -66.07 -46.76
 863.00 -52.61 -40.70
 864.00 -75.64 -32.90
 865.00 -64.72 -23.40
 866.00 -65.28 -39.46
 867.00 -71.23 -34.58
 868.00 -81.68 -22.06
 869.00 -61.08 -35.64
 870.00 -65.49 -43.53
 871.00 -74.08 -29.20
 872.00 -75.27 -40.83
 873.00 -55.72 -38.65
 874.00 -73.63 -40.15
 875.00 -52.79 -43.01
 876.00 -77.38 -44.99
 877.00 -69.23 -29.48
 878.00 -89.28 -24.29
 879.00 -89.11  -8.34
 880.00 -51.44 -43.51
 881.00 -42.91 -58.53
 882.00 -104.53 -36.97
 883.00 -50.27  16.05
 884.00 -78.46 -41.09
 885.00 -63.32 -30.84
 886.00 -79.45 -55.97
 887.00  67.38 -15.26
 888.00 -103.74  42.42
 889.00 -105.76 137.03
 890.00 -108.70 116.81
 891.00 -56.06 126.80
 892.00 -68.30 154.51
 893.00 -59.88 -34.15
 894.00 -73.43 -40.84
 895.00 -52.91 -45.28
 896.00 -62.73 -43.02
 897.00 -64.33 -39.73
 898.00 -75.60 -43.67
 899.00 -93.23 -37.46
 900.00 -131.46  -4.85
 901.00 -89.63 -49.24
 902.00 -59.70 -41.06
 903.00 -55.23 -40.79
 904.00 -64.07 -22.82
 905.00 -78.53 -27.30
 906.00 -72.31 -39.42
 907.00 -61.98 -46.48
 908.00  78.97  14.40
 909.00 -86.24 -19.20
 910.00 -115.96 -16.62
 911.00 -105.46 127.98
 912.00 -59.59 135.83
 913.00 -103.75 166.85
 914.00 -96.56 121.27
 915.00 -76.12 134.38
 916.00 -137.89 -11.50
 917.00 -174.38 162.08


