 residuo Phi Psi
 669.00 -71.09 158.57
 670.00 -47.63 151.41
 671.00 -135.16 164.79
 672.00 -58.28 -12.70
 673.00 -73.22 -35.26
 674.00 -78.86 -27.33
 675.00 -53.01 -35.03
 676.00 -66.71 -61.33
 677.00 -82.98 -14.85
 678.00 -71.95 -27.43
 679.00 -81.04 -46.10
 680.00 -63.23  -9.12
 681.00 -64.62 134.92
 682.00 -84.96 158.86
 683.00 -70.76 -163.46
 684.00 -104.88 142.42
 685.00 -74.95 117.84
 686.00 -70.87 145.39
 687.00  65.69 -23.20
 688.00 -72.73   6.53
 689.00 -106.36 148.71
 690.00 -72.53  97.69
 691.00 -67.44  -5.95
 692.00 -89.16 -20.87
 693.00 -48.12 138.70
 694.00 -75.71 136.69
 695.00 -160.57 156.01
 696.00 -52.77 150.03
 697.00 -76.97 -37.93
 698.00 -73.16 -41.14
 699.00 -64.59 -38.58
 700.00 -61.25 -59.64
 701.00 -45.48 -44.51
 702.00 -77.40 -38.83
 703.00 -72.71 -27.84
 704.00 -67.65 -34.08
 705.00 -57.91 -57.91
 706.00 -61.98 -39.98
 707.00 -59.56 -32.72
 708.00 -58.79 -48.49
 709.00 -59.99 -46.32
 710.00 -57.95 -46.80
 711.00 -62.80 -50.17
 712.00 -56.23 -37.16
 713.00 -71.41 -45.16
 714.00 -79.44 -24.10
 715.00 -66.44 -42.04
 716.00 -70.98 -38.49
 717.00 -60.85 -35.38
 718.00 -49.39 -54.18
 719.00 -57.19 -37.90
 720.00 -108.21 -31.72
 721.00 -55.78 -17.60
 722.00 -57.96 128.62
 723.00  95.12 134.29
 724.00 -51.37 -33.85
 725.00 -65.21 -37.05
 726.00 -58.58  -4.99
 727.00 -83.45 -24.56
 728.00 -64.56 140.45
 729.00 -57.70 152.75
 730.00 -58.42 -26.44
 731.00 -71.39 -48.41
 732.00 -58.87 -33.20
 733.00 -56.49 -54.84
 734.00 -61.56 -41.61
 735.00 -60.30 -58.24
 736.00 -66.87 -31.36
 737.00 -66.85 -40.53
 738.00 -83.78 -23.54
 739.00 -79.35 -47.71
 740.00 -66.83 -15.82
 741.00 -56.03 -36.10
 742.00 -59.48 -54.34
 743.00 -63.64 -39.02
 744.00 -75.83 -49.90
 745.00 -52.64 -38.85
 746.00 -60.53 -57.50
 747.00 -62.39 -41.82
 748.00 -61.02 -37.16
 749.00 -73.34 -42.81
 750.00 -62.21 -31.05
 751.00 -60.84 -50.56
 752.00 -64.79 -36.75
 753.00 -67.46 -38.99
 754.00 -80.49 -42.74
 755.00 -102.91 -34.24
 756.00 -119.73 -49.30
 757.00  46.02  22.14
 758.00  73.20  30.23
 759.00 -58.21   1.54
 760.00 -135.28 -28.17
 761.00 -99.31 173.43
 762.00 -102.02 127.57
 763.00 -62.44  73.54
 764.00 -130.30 -57.84
 765.00 -50.22 161.10
 766.00 -90.71 -37.75
 767.00 -151.42  14.72
 768.00 -85.91  58.16
 769.00 -102.25 137.97
 770.00 -88.35 117.71
 771.00 -61.35 177.10
 772.00 -63.98 -34.76
 773.00 -77.59 -33.80
 774.00 -64.04 -37.36
 775.00 -67.21 -34.50
 776.00 -64.56 -48.57
 777.00 -80.29 -31.90
 778.00  40.29  -3.68
 779.00 -125.17  40.91
 780.00 -64.26  34.25
 781.00 -59.41 -65.77
 782.00 -77.95 -23.25
 783.00 -76.63 -32.23
 784.00 -73.17 -27.92
 785.00 -65.45 -37.90
 786.00 -79.13 -28.25
 787.00 -42.99 -45.92
 788.00 -63.48 -44.57
 789.00 -76.67 -33.55
 790.00 -70.23 -28.77
 791.00 -73.28 -41.39
 792.00 -71.46 -14.00
 793.00 -55.60 -45.23
 794.00 -58.43 -39.89
 795.00 -62.51 -61.98
 796.00 -66.49 -31.29
 797.00  58.88 -21.96
 798.00 -81.25  60.62
 799.00 -90.24 141.84
 800.00 -58.52 169.22
 801.00 -74.89 -25.33
 802.00 -59.11 -54.55
 803.00 -45.75 -37.69
 804.00 -70.21 -60.51
 805.00 -74.50 -31.26
 806.00 -65.31 -40.69
 807.00 -49.92 -42.38
 808.00 -74.14 -40.02
 809.00 -66.71 -45.81
 810.00 -72.93 -17.91
 811.00 -76.16 -20.15
 812.00 -116.99  -8.22
 813.00 -136.77  42.63
 814.00 -149.54  -3.67
 815.00 -163.01 130.30
 816.00 -74.50 154.75
 817.00 -51.72 156.46
 818.00 -69.01 -46.50
 819.00  66.67  -3.18
 820.00 -76.93 162.23
 821.00 -72.76 168.14
 822.00 -98.28 -44.24
 823.00 -57.79  50.63
 824.00 -68.65 -32.84
 825.00 -89.47 -23.52
 826.00 -47.56 -33.99
 827.00 -74.38 -54.76
 828.00 -69.47 -20.39
 829.00 -53.07 -49.02
 830.00 -58.06 -52.70
 831.00 -75.21 -43.69
 832.00 -62.75 -28.27
 833.00 -71.81 -45.55
 834.00 -77.40 -17.39
 835.00 -55.53 -48.57
 836.00 -67.50 -53.47
 837.00 -66.62 -22.60
 838.00 -55.30 -52.82
 839.00 -68.94 -38.70
 840.00 -127.89 -11.17
 841.00 -51.92   4.81
 842.00 -80.93 153.59
 843.00 -157.69  96.98
 844.00 -94.90 176.97
 845.00 -59.36 107.88
 846.00 -72.18 -23.48
 847.00 -144.65 -14.07
 848.00 -67.32  85.27
 849.00 -59.18 -12.41
 850.00 -68.61 -27.88
 851.00 -84.19 -24.72
 852.00 -57.94 -33.11
 853.00 -67.16 -46.33
 854.00 -71.05 -33.50
 855.00 -64.01 -41.29
 856.00 -56.34 -35.14
 857.00 -58.63 -45.78
 858.00 -65.64 -46.74
 859.00 -61.78 -52.09
 860.00 -74.56 -26.93
 861.00 -57.87 -52.28
 862.00 -59.88 -50.49
 863.00 -78.71 -26.06
 864.00 -79.48 -37.13
 865.00 -62.37 -27.86
 866.00 -73.14 -23.25
 867.00 -77.12 -32.69
 868.00 -63.50 -30.31
 869.00 -64.31 -37.37
 870.00 -63.54 -34.78
 871.00 -62.76 -36.25
 872.00 -83.14 -34.51
 873.00 -55.76 -35.03
 874.00 -66.96 -36.22
 875.00 -67.14 -42.80
 876.00 -73.90 -42.04
 877.00 -68.37 -29.90
 878.00 -67.35 -36.67
 879.00 -65.07 -44.81
 880.00 -44.87 -34.01
 881.00 -88.27 -52.93
 882.00 -85.38 -17.49
 883.00 -50.36 -13.63
 884.00 -61.95 -55.98
 885.00 -73.53 -30.50
 886.00 -101.71 -40.91
 887.00  71.28   7.69
 888.00 -84.41  18.70
 889.00 -74.36 121.69
 890.00 -122.39 133.67
 891.00 -59.34 127.53
 892.00 -47.37 130.84
 893.00 -66.24 -48.80
 894.00 -68.98 -43.42
 895.00 -67.18 -34.15
 896.00 -55.51 -25.23
 897.00 -70.47 -46.72
 898.00 -78.57 -35.59
 899.00 -104.27 -17.66
 900.00 -110.81 -27.19
 901.00 -129.00 -25.12
 902.00 -67.74 -30.46
 903.00 -58.60 -44.56
 904.00 -68.74 -29.14
 905.00 -71.56 -30.75
 906.00 -81.63 -42.75
 907.00 -142.64  27.54
 908.00  63.49  12.13
 909.00 -75.39  16.47
 910.00 -113.49 -26.71
 911.00 -160.34 133.42
 912.00 -73.98 142.57
 913.00 -97.63 164.05
 914.00 -85.21 112.63
 915.00 -62.52 134.73
 916.00 -147.12 -42.27
 917.00 -112.13 135.34


