 residuo Phi Psi
 669.00 -75.72 157.61
 670.00 -68.92 164.49
 671.00 -72.16 161.01
 672.00 -51.61 -29.63
 673.00 -68.42 -33.40
 674.00 -67.32 -30.32
 675.00 -81.97 -22.36
 676.00 -45.94 -51.79
 677.00 -79.63 -34.37
 678.00 -60.65 -45.94
 679.00 -84.30 -27.64
 680.00 -84.81  -0.89
 681.00 -65.16 114.43
 682.00 -82.20 148.15
 683.00 -49.72 168.60
 684.00 -121.05 146.05
 685.00 -85.06 153.09
 686.00 -79.23 149.63
 687.00  83.03 -20.78
 688.00 -84.50  29.73
 689.00 -102.02 130.47
 690.00 -56.90  91.80
 691.00 -65.91 -13.10
 692.00 -80.84 -31.32
 693.00 -64.86 153.46
 694.00 -97.44 157.21
 695.00 -168.08 167.62
 696.00 -55.40 155.10
 697.00 -64.24 -38.04
 698.00 -80.58 -46.97
 699.00 -59.20 -36.72
 700.00 -66.66 -55.53
 701.00 -66.37 -32.75
 702.00 -65.33 -39.57
 703.00 -63.46 -37.23
 704.00 -69.55 -46.16
 705.00 -71.64 -28.91
 706.00 -60.50 -50.67
 707.00 -50.67 -27.38
 708.00 -65.51 -52.45
 709.00 -56.71 -44.32
 710.00 -59.72 -54.91
 711.00 -68.10 -39.55
 712.00 -52.17 -45.60
 713.00 -75.56 -36.94
 714.00 -81.49 -32.85
 715.00 -69.14 -24.82
 716.00 -50.12 -52.20
 717.00 -74.23 -37.49
 718.00 -59.90 -31.92
 719.00 -66.51 -36.63
 720.00 -141.07  10.14
 721.00 -60.34 -26.70
 722.00 -44.55 118.31
 723.00  67.90 136.69
 724.00 -69.46  -5.95
 725.00 -58.07 -33.92
 726.00 -62.83 -13.84
 727.00 -68.36 -34.42
 728.00 -69.80 151.27
 729.00 -35.91 146.09
 730.00 -68.02 -44.99
 731.00 -74.89 -35.71
 732.00 -68.58 -36.32
 733.00 -55.80 -42.15
 734.00 -58.27 -46.64
 735.00 -73.25 -53.43
 736.00 -72.61 -17.65
 737.00 -52.82 -60.76
 738.00 -63.81 -39.54
 739.00 -114.20 -33.91
 740.00 -66.75  -2.87
 741.00 -71.91 -25.95
 742.00 -59.36 -44.29
 743.00 -66.16 -40.94
 744.00 -56.98 -40.08
 745.00 -61.70 -55.53
 746.00 -76.78 -38.99
 747.00 -76.84 -35.87
 748.00 -50.40 -40.04
 749.00 -64.15 -50.19
 750.00 -67.83 -36.50
 751.00 -49.25 -55.76
 752.00 -51.68 -50.04
 753.00 -75.30 -40.87
 754.00 -50.93 -63.31
 755.00 -93.20 -42.45
 756.00 -151.85 -28.38
 757.00  43.57  23.43
 758.00  63.49  30.82
 759.00 -93.06  30.03
 760.00 -144.03  -7.71
 761.00 -92.67 153.37
 762.00 -86.22 106.45
 763.00 -72.71  73.78
 764.00 -146.09 -51.33
 765.00 -61.45 152.18
 766.00 -77.90 -30.75
 767.00 -89.18 -45.34
 768.00 -89.50  63.76
 769.00 -112.51 143.71
 770.00 -96.52 111.24
 771.00 -57.19 179.65
 772.00 -68.35 -39.33
 773.00 -65.86 -38.20
 774.00 -47.98 -39.63
 775.00 -85.77 -43.08
 776.00 -73.31 -45.68
 777.00 -93.65 -11.89
 778.00  52.72  -4.24
 779.00 -90.86  15.26
 780.00 -37.03  11.42
 781.00 -57.14 -50.91
 782.00 -66.56 -51.05
 783.00 -65.65 -33.88
 784.00 -76.01 -32.15
 785.00 -55.72 -41.25
 786.00 -61.12 -43.57
 787.00 -56.40 -47.38
 788.00 -78.32 -50.25
 789.00 -72.99 -12.48
 790.00 -63.78 -47.30
 791.00 -59.17 -39.46
 792.00 -88.46 -16.60
 793.00 -62.43 -27.31
 794.00 -78.01 -41.44
 795.00 -78.92 -18.48
 796.00 -82.06 -38.51
 797.00  56.91 -15.27
 798.00 -60.03  63.04
 799.00 -108.37 144.03
 800.00 -49.35 156.67
 801.00 -62.23 -45.26
 802.00 -63.47 -37.54
 803.00 -56.68 -50.07
 804.00 -60.16 -47.26
 805.00 -76.37 -41.37
 806.00 -67.11 -36.58
 807.00 -52.19 -49.15
 808.00 -54.87 -42.77
 809.00 -65.59 -44.77
 810.00 -62.46 -31.18
 811.00 -67.87 -25.89
 812.00 -118.14 -15.87
 813.00 -141.30  49.43
 814.00 -142.51  10.74
 815.00 -139.61 133.99
 816.00 -63.99 155.90
 817.00 -61.49 149.51
 818.00 -65.38 -40.64
 819.00  79.50 -10.18
 820.00 -63.13 162.36
 821.00 -76.49 177.54
 822.00 -109.37 -30.96
 823.00 -65.55  47.08
 824.00 -66.44 -24.71
 825.00 -64.75 -42.49
 826.00 -68.02 -41.58
 827.00 -71.06 -34.52
 828.00 -66.47 -31.27
 829.00 -83.19 -46.17
 830.00 -66.73 -26.40
 831.00 -72.28 -41.95
 832.00 -62.16 -25.18
 833.00 -74.23 -48.43
 834.00 -72.48 -16.16
 835.00 -67.30 -52.41
 836.00 -68.25 -32.03
 837.00 -57.54 -36.94
 838.00 -58.54 -53.72
 839.00 -57.04 -30.23
 840.00 -109.89 -36.56
 841.00 -64.94   3.24
 842.00 -63.08 133.33
 843.00 -58.85  17.59
 844.00 -68.15 167.47
 845.00 -65.77 113.24
 846.00 -92.47 -22.88
 847.00 -132.57  20.57
 848.00 -56.78  65.92
 849.00 -63.10 -36.31
 850.00 -110.73 -12.78
 851.00 -61.98 -28.63
 852.00 -53.45 -43.18
 853.00 -69.50 -45.97
 854.00 -63.03 -40.59
 855.00 -69.44 -49.11
 856.00 -48.91 -37.30
 857.00 -72.24 -45.61
 858.00 -63.26 -39.42
 859.00 -67.55 -43.12
 860.00 -66.48 -28.01
 861.00 -67.21 -46.09
 862.00 -74.15 -43.88
 863.00 -67.63 -29.12
 864.00 -70.43 -29.71
 865.00 -63.37 -22.70
 866.00 -54.20 -46.40
 867.00 -67.07 -46.02
 868.00 -67.89 -34.55
 869.00 -62.32 -38.14
 870.00 -70.53 -35.11
 871.00 -64.81 -45.36
 872.00 -65.99 -35.34
 873.00 -60.78 -44.47
 874.00 -56.54 -43.55
 875.00 -61.25 -45.98
 876.00 -77.09 -44.34
 877.00 -74.71 -18.35
 878.00 -68.07 -41.32
 879.00 -75.62 -28.87
 880.00 -64.93 -45.78
 881.00 -67.21 -42.25
 882.00 -146.39   2.69
 883.00 -55.90  30.98
 884.00 -75.35 -32.40
 885.00 -71.73 -34.57
 886.00 -125.94 -10.25
 887.00  58.40   2.86
 888.00 -109.67  31.95
 889.00 -85.77 117.28
 890.00 -125.64 147.34
 891.00 -71.24 144.78
 892.00 -56.57 140.55
 893.00 -73.10 -22.70
 894.00 -73.70 -39.23
 895.00 -67.09 -43.45
 896.00 -68.56 -36.14
 897.00 -57.43 -39.65
 898.00 -70.84 -54.94
 899.00 -93.75 -26.80
 900.00 -141.46   0.13
 901.00 -89.34 -38.11
 902.00 -58.80 -38.10
 903.00 -40.60 -43.59
 904.00 -60.65 -46.89
 905.00 -66.02 -29.42
 906.00 -59.17 -57.01
 907.00 -86.91 -31.12
 908.00  77.99 -10.47
 909.00 -63.30   4.51
 910.00 -125.01 -25.68
 911.00 -136.52 136.40
 912.00 -78.61 143.28
 913.00 -98.20 148.55
 914.00 -83.97 115.83
 915.00 -79.97 132.27
 916.00 -95.42 -38.57
 917.00 -62.63 151.50


