 residuo Phi Psi
 669.00 -52.46 170.32
 670.00 -59.66 145.66
 671.00 -162.00 114.95
 672.00 -84.01 -26.15
 673.00 -72.73 -45.80
 674.00 -72.82 -18.20
 675.00 -62.06 -44.46
 676.00 -52.42 -52.07
 677.00 -75.69 -32.27
 678.00 -62.62 -37.95
 679.00 -94.81 -33.97
 680.00 -75.87  -0.89
 681.00 -97.46 132.86
 682.00 -58.25 156.27
 683.00 -64.37 171.24
 684.00 -107.03 133.19
 685.00 -83.20 122.00
 686.00 -85.12 147.22
 687.00  71.01  -7.32
 688.00 -78.86  22.42
 689.00 -82.66 118.72
 690.00 -72.26  94.20
 691.00 -84.69   9.85
 692.00 -113.16   0.28
 693.00 -77.56 152.27
 694.00 -93.46 -179.26
 695.00 -114.03 126.08
 696.00 -47.75 137.35
 697.00 -60.54 -58.38
 698.00 -75.28 -39.75
 699.00 -58.20 -39.52
 700.00 -74.91 -44.74
 701.00 -70.47 -33.89
 702.00 -74.67 -36.43
 703.00 -51.48 -34.57
 704.00 -60.83 -48.52
 705.00 -72.37 -33.78
 706.00 -63.80 -39.87
 707.00 -67.67 -35.28
 708.00 -60.49 -44.73
 709.00 -50.70 -56.83
 710.00 -59.78 -48.36
 711.00 -64.88 -45.83
 712.00 -60.05 -40.17
 713.00 -73.18 -36.39
 714.00 -65.21 -37.50
 715.00 -70.98 -29.07
 716.00 -67.13 -34.79
 717.00 -84.82 -37.43
 718.00 -49.22 -46.75
 719.00 -66.64 -33.07
 720.00 -101.50 -38.39
 721.00 -55.04   0.19
 722.00 -66.00 123.35
 723.00  65.47 147.66
 724.00 -54.11 -16.29
 725.00 -75.02 -30.81
 726.00 -76.01   5.35
 727.00 -88.56 -11.22
 728.00 -73.10 150.33
 729.00 -56.58 145.88
 730.00 -79.31 -26.32
 731.00 -65.93 -31.24
 732.00 -54.48 -44.27
 733.00 -60.10 -49.19
 734.00 -68.63 -35.43
 735.00 -60.57 -49.58
 736.00 -58.10 -35.67
 737.00 -68.10 -60.68
 738.00 -88.20 -13.78
 739.00 -91.52 -45.71
 740.00 -49.97 -10.63
 741.00 -75.58 -36.33
 742.00 -71.80 -54.89
 743.00 -53.09 -36.57
 744.00 -80.86 -49.93
 745.00 -62.86 -25.95
 746.00 -69.62 -42.43
 747.00 -66.69 -37.26
 748.00 -67.98 -44.10
 749.00 -52.94 -33.64
 750.00 -59.21 -48.27
 751.00 -49.71 -61.45
 752.00 -62.42 -42.93
 753.00 -62.76 -44.28
 754.00 -67.61 -50.09
 755.00 -91.95 -34.30
 756.00 -136.81 -42.20
 757.00  40.77  33.17
 758.00  68.22  37.72
 759.00 -82.08   9.10
 760.00 -91.48 -46.57
 761.00 -87.89 152.97
 762.00 -89.99 112.09
 763.00 -58.91  72.39
 764.00 -153.40 -41.51
 765.00 -74.43 171.16
 766.00 -98.00 -21.16
 767.00 -122.67 -14.64
 768.00 -100.82  67.85
 769.00 -71.28 108.40
 770.00 -84.18 117.83
 771.00 -56.46 165.92
 772.00 -59.62 -32.15
 773.00 -42.65 -56.47
 774.00 -53.18 -43.86
 775.00 -83.34 -40.13
 776.00 -49.69 -44.60
 777.00 -62.19 -50.40
 778.00  57.74 -14.07
 779.00 -138.62  38.71
 780.00 -61.11  26.39
 781.00 -69.89 -36.40
 782.00 -62.53 -46.90
 783.00 -68.40 -33.40
 784.00 -45.87 -43.75
 785.00 -75.63 -46.75
 786.00 -58.44 -41.19
 787.00 -57.10 -45.55
 788.00 -76.63 -35.67
 789.00 -73.40 -31.24
 790.00 -67.23 -43.55
 791.00 -40.29 -32.27
 792.00 -79.96 -41.52
 793.00 -66.83 -11.24
 794.00 -67.06 -44.15
 795.00 -84.75 -16.77
 796.00 -76.02 -40.22
 797.00  55.08 -34.42
 798.00 -66.50  61.52
 799.00 -109.80 135.18
 800.00 -63.02 166.46
 801.00 -68.05 -35.31
 802.00 -56.69 -42.85
 803.00 -64.39 -50.89
 804.00 -58.51 -49.75
 805.00 -67.55 -41.07
 806.00 -54.49 -42.77
 807.00 -63.13 -49.13
 808.00 -61.99 -38.23
 809.00 -51.85 -49.35
 810.00 -67.11 -40.17
 811.00 -78.11 -18.78
 812.00 -124.18  -6.03
 813.00 -140.06  55.72
 814.00 -148.69  -6.69
 815.00 -148.16 119.40
 816.00 -56.46 164.17
 817.00 -67.66 159.75
 818.00 -95.34 -38.33
 819.00  82.12  10.01
 820.00 -58.96 155.02
 821.00 -54.03 153.72
 822.00 -126.65 -28.54
 823.00 -68.68  49.68
 824.00 -58.95 -30.48
 825.00 -69.52 -46.66
 826.00 -61.06 -40.22
 827.00 -72.04 -38.48
 828.00 -62.85 -21.33
 829.00 -78.25 -49.13
 830.00 -51.63 -37.39
 831.00 -61.97 -51.34
 832.00 -68.49 -32.86
 833.00 -72.47 -34.59
 834.00 -74.84 -32.62
 835.00 -68.58 -37.53
 836.00 -73.40 -26.30
 837.00 -69.40 -48.93
 838.00 -80.22  -8.66
 839.00 -105.32 -19.25
 840.00 -76.81 -47.80
 841.00 -72.50  -3.82
 842.00 -65.84 143.92
 843.00 -68.18   7.85
 844.00 -57.17 136.69
 845.00 -62.56 111.11
 846.00 -56.56 -21.78
 847.00 -120.19 -20.97
 848.00 -52.47  93.55
 849.00 -87.87 -34.81
 850.00 -69.62 -11.05
 851.00 -77.39 -33.95
 852.00 -64.38 -41.74
 853.00 -57.35 -42.61
 854.00 -62.97 -43.97
 855.00 -65.19 -49.18
 856.00 -59.49 -42.36
 857.00 -69.26 -46.25
 858.00 -74.85 -28.05
 859.00 -73.17 -38.68
 860.00 -68.59 -31.98
 861.00 -70.58 -28.88
 862.00 -74.14 -32.96
 863.00 -74.65 -26.61
 864.00 -58.77 -33.19
 865.00 -68.77 -25.04
 866.00 -61.88 -37.73
 867.00 -55.23 -45.48
 868.00 -68.72 -44.93
 869.00 -61.51 -43.68
 870.00 -64.87 -44.15
 871.00 -66.77 -31.68
 872.00 -82.85 -40.10
 873.00 -52.61 -29.41
 874.00 -60.84 -51.89
 875.00 -66.51 -42.51
 876.00 -79.87 -38.78
 877.00 -69.52 -32.33
 878.00 -63.81 -47.86
 879.00 -58.25 -26.47
 880.00 -79.61 -42.86
 881.00 -60.96 -25.58
 882.00 -123.01 -25.90
 883.00 -57.39  22.56
 884.00 -63.11 -32.49
 885.00 -59.46 -56.44
 886.00 -114.83 -24.86
 887.00  60.90  -1.78
 888.00 -77.34  22.92
 889.00 -103.48 136.44
 890.00 -111.54 118.95
 891.00 -54.99 126.51
 892.00 -59.79 147.49
 893.00 -59.98 -47.03
 894.00 -62.51 -53.82
 895.00 -66.91 -34.98
 896.00 -57.46 -36.88
 897.00 -57.45 -40.52
 898.00 -82.81 -53.75
 899.00 -77.13 -28.08
 900.00 -101.27 -28.05
 901.00 -79.17 -50.92
 902.00 -61.99 -51.75
 903.00 -51.73 -30.06
 904.00 -69.29 -35.47
 905.00 -89.03 -21.20
 906.00 -63.60 -38.78
 907.00 -94.66 -19.62
 908.00  74.80  -4.74
 909.00 -54.80  -0.45
 910.00 -128.78 -18.49
 911.00 -150.03 132.90
 912.00 -67.34 147.30
 913.00 -99.52 160.69
 914.00 -122.60 138.19
 915.00 -147.85 161.71
 916.00 -83.49 -37.66
 917.00 -79.34 -179.17


