 residuo Phi Psi
 669.00 -53.37 129.08
 670.00 -66.18 131.04
 671.00 -61.30  95.28
 672.00 -60.38 -40.95
 673.00 -57.78 -47.57
 674.00 -85.57 -29.58
 675.00 -90.21  -6.04
 676.00 -56.90 -53.04
 677.00 -66.87 -44.98
 678.00 -92.13 -20.58
 679.00 -78.06 -34.17
 680.00 -57.96 -24.08
 681.00 -63.38 126.75
 682.00 -75.36 155.41
 683.00 -73.37 -165.73
 684.00 -108.49 129.67
 685.00 -98.17 132.23
 686.00 -71.22 153.90
 687.00  65.55 -19.21
 688.00 -87.17  35.59
 689.00 -122.72 152.49
 690.00 -63.84 106.15
 691.00 -68.38  -0.86
 692.00 -76.47 -27.08
 693.00 -61.18 153.83
 694.00 -63.92 148.49
 695.00 -156.05 121.98
 696.00 -61.96 135.03
 697.00 -77.32 -47.17
 698.00 -74.54 -28.97
 699.00 -71.29 -34.99
 700.00 -63.82 -42.73
 701.00 -64.34 -41.55
 702.00 -60.32 -37.96
 703.00 -75.92 -30.12
 704.00 -49.89 -42.94
 705.00 -55.25 -48.67
 706.00 -48.23 -55.50
 707.00 -51.17 -51.19
 708.00 -69.35 -42.96
 709.00 -81.59 -31.49
 710.00 -70.69 -34.78
 711.00 -45.79 -46.93
 712.00 -54.19 -52.92
 713.00 -81.97 -42.32
 714.00 -67.37 -25.01
 715.00 -66.56 -42.84
 716.00 -62.16 -47.09
 717.00 -65.02 -41.27
 718.00 -65.04 -48.69
 719.00 -71.78 -27.35
 720.00 -91.03 -18.16
 721.00 -67.39 -18.15
 722.00 -69.53 149.88
 723.00  69.08 142.94
 724.00 -47.37  -7.33
 725.00 -100.41 -36.67
 726.00 -72.00  14.28
 727.00 -69.81 -27.02
 728.00 -62.53 160.88
 729.00 -59.33 152.69
 730.00 -99.06 -28.58
 731.00 -79.45 -17.67
 732.00 -65.53 -31.16
 733.00 -56.53 -49.83
 734.00 -61.11 -35.61
 735.00 -62.59 -65.99
 736.00 -58.70 -42.72
 737.00 -67.41 -52.15
 738.00 -73.12 -24.72
 739.00 -81.33 -48.38
 740.00 -47.12 -13.04
 741.00 -64.51 -39.27
 742.00 -59.35 -61.53
 743.00 -68.81 -34.25
 744.00 -67.12 -46.69
 745.00 -70.02 -35.16
 746.00 -72.35 -32.21
 747.00 -81.38 -34.59
 748.00 -53.60 -39.33
 749.00 -55.34 -39.74
 750.00 -59.49 -50.89
 751.00 -65.24 -37.05
 752.00 -48.30 -56.92
 753.00 -61.10 -50.07
 754.00 -68.11 -55.51
 755.00 -81.05 -42.45
 756.00 -141.09 -47.05
 757.00  51.78  29.42
 758.00  50.35  31.85
 759.00 -71.63  16.43
 760.00 -130.39 -26.85
 761.00 -83.43 147.11
 762.00 -83.18 102.67
 763.00 -52.33  58.57
 764.00 -159.33 -35.12
 765.00 -56.06 164.17
 766.00 -86.24 -45.19
 767.00 -130.56 -13.30
 768.00 -84.35  62.06
 769.00 -99.02 134.77
 770.00 -64.43 101.10
 771.00 -70.57 166.48
 772.00 -76.96 -14.55
 773.00 -62.10 -35.54
 774.00 -66.39 -38.66
 775.00 -54.08 -40.65
 776.00 -69.36 -58.05
 777.00 -75.96 -22.02
 778.00  53.86  -9.20
 779.00 -81.38  -6.00
 780.00 -55.12  40.70
 781.00 -53.61 -61.75
 782.00 -56.40 -41.62
 783.00 -58.79 -53.41
 784.00 -68.82 -37.05
 785.00 -61.19 -43.37
 786.00 -60.08 -41.32
 787.00 -69.31 -34.41
 788.00 -65.14 -45.15
 789.00 -72.98 -33.47
 790.00 -63.70 -31.11
 791.00 -65.30 -40.40
 792.00 -63.86 -19.94
 793.00 -58.39 -39.17
 794.00 -71.99 -36.00
 795.00 -56.90 -54.67
 796.00 -97.56 -21.60
 797.00  49.78 -21.45
 798.00 -60.12  52.64
 799.00 -70.15 123.27
 800.00 -54.86 155.42
 801.00 -61.12 -41.88
 802.00 -58.83 -51.29
 803.00 -66.48 -41.58
 804.00 -53.42 -41.52
 805.00 -74.19 -51.33
 806.00 -64.76 -31.72
 807.00 -59.00 -48.51
 808.00 -58.07 -38.66
 809.00 -68.60 -44.31
 810.00 -69.39 -32.28
 811.00 -60.22 -21.87
 812.00 -105.86 -31.27
 813.00 -123.32  45.03
 814.00 -161.47  10.79
 815.00 -138.81 123.62
 816.00 -63.50 164.84
 817.00 -52.79 145.41
 818.00 -79.61 -36.49
 819.00  90.32  -1.86
 820.00 -72.12 171.27
 821.00 -61.13 173.53
 822.00 -103.77 -58.10
 823.00 -81.55  92.15
 824.00 -61.54 -24.53
 825.00 -72.30 -51.15
 826.00 -72.62 -18.63
 827.00 -55.30 -45.04
 828.00 -55.30 -45.68
 829.00 -75.28 -46.20
 830.00 -58.28 -39.96
 831.00 -61.65 -47.93
 832.00 -63.68 -39.43
 833.00 -71.47 -39.20
 834.00 -65.05 -24.94
 835.00 -64.23 -43.34
 836.00 -75.16 -36.81
 837.00 -69.61 -24.63
 838.00 -69.51 -40.46
 839.00 -74.56  -7.03
 840.00 -109.29 -41.90
 841.00 -65.62   9.91
 842.00 -85.75 151.34
 843.00 -154.84  96.05
 844.00 -77.30 142.20
 845.00 -54.88  84.99
 846.00 -54.78 -19.34
 847.00 -127.00 -30.14
 848.00 -85.13 112.35
 849.00 -53.46  -1.85
 850.00 -43.53 -46.42
 851.00 -67.31 -49.65
 852.00 -63.45 -37.65
 853.00 -73.30 -41.10
 854.00 -69.52 -26.33
 855.00 -57.31 -51.42
 856.00 -57.69 -37.29
 857.00 -53.36 -54.50
 858.00 -75.07 -30.61
 859.00 -55.84 -55.48
 860.00 -71.76 -36.30
 861.00 -51.67 -41.37
 862.00 -51.76 -53.21
 863.00 -59.31 -49.80
 864.00 -70.03 -36.83
 865.00 -71.37 -17.32
 866.00 -66.28 -41.15
 867.00 -76.01 -33.91
 868.00 -63.17 -41.64
 869.00 -56.31 -42.69
 870.00 -70.34 -44.52
 871.00 -62.75 -36.49
 872.00 -66.20 -40.58
 873.00 -46.31 -50.28
 874.00 -68.96 -40.54
 875.00 -52.20 -51.40
 876.00 -81.31 -43.06
 877.00 -63.32 -34.25
 878.00 -61.51 -43.33
 879.00 -64.36 -35.92
 880.00 -63.83 -40.99
 881.00 -61.56 -45.80
 882.00 -90.70 -33.13
 883.00 -63.47   5.65
 884.00 -56.33 -46.83
 885.00 -66.05 -43.58
 886.00 -106.29 -28.88
 887.00  64.37  13.49
 888.00 -82.34  21.18
 889.00 -88.20 120.23
 890.00 -124.70 139.22
 891.00 -55.78 120.64
 892.00 -52.37 139.85
 893.00 -51.32 -51.96
 894.00 -72.17 -37.11
 895.00 -61.38 -59.47
 896.00 -76.72 -20.51
 897.00 -53.36 -52.77
 898.00 -76.33 -38.01
 899.00 -117.28 -14.04
 900.00 -140.31   4.46
 901.00 -83.46 -42.81
 902.00 -67.34 -47.04
 903.00 -56.54 -34.71
 904.00 -58.42 -31.49
 905.00 -78.15 -37.93
 906.00 -77.39 -33.41
 907.00 -73.45 -37.42
 908.00  83.98 -27.10
 909.00 -68.70  34.63
 910.00 -128.62 -25.80
 911.00 -109.25 124.95
 912.00 -59.99 144.22
 913.00 -90.83 144.49
 914.00 -87.33 112.48
 915.00 -95.26 151.29
 916.00 -115.66 -27.13
 917.00 -144.92 127.93


