 residuo Phi Psi
 669.00 -76.49 -63.24
 670.00 -53.25 -176.24
 671.00 -62.56 159.80
 672.00 -58.58 -46.61
 673.00 -65.84 -44.74
 674.00 -74.00 -25.85
 675.00 -70.22 -27.74
 676.00 -70.56 -44.57
 677.00 -67.10 -29.20
 678.00 -81.40 -37.69
 679.00 -79.33 -36.69
 680.00 -69.46  -7.10
 681.00 -64.93 113.31
 682.00 -71.80 172.45
 683.00 -82.07 159.16
 684.00 -157.89 160.00
 685.00 -77.99 131.68
 686.00 -73.45 153.15
 687.00  78.42 -12.28
 688.00 -63.67  25.19
 689.00 -74.23 134.58
 690.00 -57.98  56.63
 691.00 -66.10 -17.11
 692.00 -80.96 -39.25
 693.00 -61.12 152.66
 694.00 -55.60 142.23
 695.00 -151.48 146.32
 696.00 -48.23 130.45
 697.00 -63.04 -58.95
 698.00 -72.44 -28.57
 699.00 -64.83 -40.72
 700.00 -65.89 -48.30
 701.00 -61.87 -40.34
 702.00 -57.27 -51.65
 703.00 -53.36 -46.83
 704.00 -62.84 -45.93
 705.00 -56.24 -45.69
 706.00 -63.92 -37.59
 707.00 -58.84 -32.39
 708.00 -81.49 -24.56
 709.00 -62.18 -51.75
 710.00 -74.32 -38.07
 711.00 -57.76 -42.24
 712.00 -48.66 -44.19
 713.00 -58.85 -56.91
 714.00 -71.91 -38.31
 715.00 -74.90 -32.74
 716.00 -60.29 -34.56
 717.00 -74.58 -32.26
 718.00 -53.77 -47.94
 719.00 -66.23 -38.82
 720.00 -128.02  -8.73
 721.00 -63.89  -0.10
 722.00 -70.51 129.67
 723.00  75.78 146.77
 724.00 -40.65 -30.87
 725.00 -61.39 -55.24
 726.00 -62.83   1.18
 727.00 -73.04 -25.10
 728.00 -67.94 150.96
 729.00 -57.35 151.25
 730.00 -87.60 -22.19
 731.00 -84.29 -28.83
 732.00 -52.85 -32.32
 733.00 -57.45 -65.32
 734.00 -46.91 -38.95
 735.00 -64.01 -66.87
 736.00 -64.37 -21.77
 737.00 -74.97 -55.78
 738.00 -71.37 -30.44
 739.00 -100.26 -22.86
 740.00 -38.14 -26.84
 741.00 -69.40 -51.89
 742.00 -69.75 -31.70
 743.00 -55.51 -49.01
 744.00 -57.15 -49.41
 745.00 -76.08 -45.59
 746.00 -72.33 -31.54
 747.00 -75.33 -32.59
 748.00 -72.47 -37.75
 749.00 -66.38 -27.12
 750.00 -75.22 -30.38
 751.00 -59.23 -57.62
 752.00 -72.19 -33.64
 753.00 -59.28 -46.90
 754.00 -95.96 -36.46
 755.00 -85.97 -33.35
 756.00 -149.47 -31.42
 757.00  51.98  25.28
 758.00  55.88  35.70
 759.00 -50.60   1.93
 760.00 -129.30 -35.97
 761.00 -94.55 170.01
 762.00 -116.76 133.37
 763.00 -63.41  74.28
 764.00 -143.92 -44.41
 765.00 -42.32 165.79
 766.00 -97.75 -31.98
 767.00 -102.86 -29.52
 768.00 -85.62  58.46
 769.00 -95.42 125.09
 770.00 -69.68 101.62
 771.00 -47.79 167.33
 772.00 -69.01 -46.29
 773.00 -72.20 -31.44
 774.00 -58.96 -36.67
 775.00 -76.12 -42.22
 776.00 -57.59 -49.72
 777.00 -70.95 -33.52
 778.00  63.99 -13.04
 779.00 -103.23  16.53
 780.00 -64.35  27.02
 781.00 -54.96 -46.20
 782.00 -56.87 -58.41
 783.00 -60.55 -43.17
 784.00 -52.96 -48.96
 785.00 -82.81 -34.09
 786.00 -70.44 -32.65
 787.00 -61.43 -36.33
 788.00 -60.40 -52.52
 789.00 -52.73 -37.13
 790.00 -66.89 -58.73
 791.00 -65.47 -24.74
 792.00 -68.61 -27.50
 793.00 -59.01 -29.59
 794.00 -56.28 -43.00
 795.00 -58.38 -52.51
 796.00 -86.52 -28.17
 797.00  46.04 -32.46
 798.00 -66.88  57.92
 799.00 -77.03 124.51
 800.00 -69.98 164.64
 801.00 -62.02 -23.60
 802.00 -58.69 -60.65
 803.00 -56.31 -45.43
 804.00 -57.79 -52.08
 805.00 -77.67 -33.44
 806.00 -67.66 -44.03
 807.00 -61.97 -34.15
 808.00 -54.09 -35.72
 809.00 -59.48 -52.41
 810.00 -88.98 -21.06
 811.00 -73.24  -7.57
 812.00 -112.09 -18.70
 813.00 -137.30  42.95
 814.00 -161.21  11.88
 815.00 -150.10 134.29
 816.00 -48.57 158.98
 817.00 -60.40 149.97
 818.00 -75.76 -33.42
 819.00  58.16  -4.56
 820.00 -77.19 164.46
 821.00 -55.34 160.29
 822.00 -110.12 -24.87
 823.00 -65.89  32.45
 824.00 -49.73 -38.04
 825.00 -68.54 -55.11
 826.00 -64.77 -41.36
 827.00 -58.69 -45.37
 828.00 -64.46 -40.22
 829.00 -67.54 -45.26
 830.00 -67.33 -29.50
 831.00 -58.31 -54.09
 832.00 -39.70 -49.52
 833.00 -67.94 -60.27
 834.00 -54.56 -33.71
 835.00 -91.26 -33.58
 836.00 -74.48 -17.59
 837.00 -70.01 -23.16
 838.00 -68.98 -39.55
 839.00 -92.21 -17.68
 840.00 -127.68  -6.94
 841.00 -55.46   0.74
 842.00 -72.59 136.18
 843.00 -86.22  40.13
 844.00 -73.17 143.51
 845.00 -57.85  74.39
 846.00 -49.89 -27.36
 847.00 -75.75 -38.60
 848.00 -49.99 116.41
 849.00 -98.69 -33.98
 850.00 -61.29  -3.67
 851.00 -67.18 -50.90
 852.00 -68.79 -36.03
 853.00 -73.48 -36.92
 854.00 -44.86 -44.14
 855.00 -65.64 -52.61
 856.00 -51.50 -44.13
 857.00 -70.72 -41.97
 858.00 -74.99 -23.41
 859.00 -66.88 -42.77
 860.00 -68.52 -31.15
 861.00 -67.97 -39.59
 862.00 -67.38 -34.27
 863.00 -55.86 -51.68
 864.00 -79.46 -16.38
 865.00 -73.35 -16.62
 866.00 -59.63 -35.63
 867.00 -65.11 -43.41
 868.00 -71.08 -36.52
 869.00 -85.14 -27.98
 870.00 -59.67 -34.42
 871.00 -67.29 -46.19
 872.00 -74.83 -36.82
 873.00 -55.82 -33.33
 874.00 -68.05 -41.12
 875.00 -52.85 -51.27
 876.00 -78.03 -41.56
 877.00 -76.14 -28.85
 878.00 -50.79 -46.18
 879.00 -80.94 -30.21
 880.00 -59.63 -50.98
 881.00 -71.98 -32.71
 882.00 -136.16 -11.23
 883.00 -58.10   7.18
 884.00 -87.07 -26.98
 885.00 -71.21 -24.18
 886.00 -94.39 -36.14
 887.00  56.37  10.23
 888.00 -100.13  34.48
 889.00 -83.81 135.49
 890.00 -129.71 146.33
 891.00 -67.62 125.39
 892.00 -58.90 131.52
 893.00 -73.56 -19.91
 894.00 -79.09 -29.50
 895.00 -56.31 -37.45
 896.00 -78.36 -25.61
 897.00 -58.85 -47.35
 898.00 -74.17 -46.12
 899.00 -74.60 -27.96
 900.00 -113.06 -30.29
 901.00 -84.91 -60.26
 902.00 -70.25 -33.57
 903.00 -46.89 -35.80
 904.00 -61.00 -31.49
 905.00 -69.20 -46.48
 906.00 -66.65 -49.15
 907.00 -78.58 -37.04
 908.00  50.46   2.94
 909.00 -64.46  23.78
 910.00 -123.51 -12.73
 911.00 -129.38 137.30
 912.00 -75.29 151.28
 913.00 -90.30 139.77
 914.00 -109.47 129.43
 915.00 -72.94 144.14
 916.00 -95.57 -36.47
 917.00 -72.42 167.66


