 residuo Phi Psi
 669.00 -69.98 158.88
 670.00 -53.29 127.67
 671.00 -81.74 123.42
 672.00 -74.72 -33.95
 673.00 -59.55 -58.15
 674.00 -68.09 -28.67
 675.00 -75.39 -32.78
 676.00 -56.48 -40.98
 677.00 -68.39 -41.51
 678.00 -76.59 -26.88
 679.00 -88.13 -51.70
 680.00 -76.13  12.88
 681.00 -71.76 128.75
 682.00 -83.81 159.83
 683.00 -66.77 161.81
 684.00 -117.85 154.43
 685.00 -76.13 127.23
 686.00 -58.26 133.32
 687.00  95.06 -52.10
 688.00 -72.61  21.20
 689.00 -141.70 161.98
 690.00 -59.66 136.43
 691.00 -62.24 -16.03
 692.00 -64.53 -33.29
 693.00 -69.58 133.92
 694.00 -79.86 143.70
 695.00 -105.49  63.24
 696.00 -56.87 166.59
 697.00 -45.19 -48.22
 698.00 -56.91 -73.29
 699.00 -66.98 -41.52
 700.00 -60.42 -54.32
 701.00 -65.84 -36.78
 702.00 -64.36 -41.71
 703.00 -83.50 -18.53
 704.00 -50.98 -45.88
 705.00 -60.21 -49.03
 706.00 -69.35 -41.88
 707.00 -61.44 -31.74
 708.00 -61.74 -46.35
 709.00 -43.79 -51.69
 710.00 -63.30 -50.64
 711.00 -55.17 -47.84
 712.00 -64.14 -38.46
 713.00 -83.48 -24.94
 714.00 -51.09 -42.70
 715.00 -74.27 -40.90
 716.00 -66.56 -24.86
 717.00 -63.24 -45.01
 718.00 -69.25 -40.06
 719.00 -70.21 -48.17
 720.00 -92.70 -13.93
 721.00 -45.79 -21.08
 722.00 -62.53 151.87
 723.00  77.60 120.04
 724.00 -59.78 -15.23
 725.00 -68.51 -33.47
 726.00 -70.24  -0.30
 727.00 -75.84 -25.12
 728.00 -65.99 148.29
 729.00 -55.86 145.98
 730.00 -76.58 -28.59
 731.00 -74.95 -36.16
 732.00 -59.55 -37.56
 733.00 -73.49 -36.42
 734.00 -58.96 -44.17
 735.00 -61.93 -54.01
 736.00 -75.88 -30.60
 737.00 -79.48 -35.67
 738.00 -80.04 -32.32
 739.00 -81.04 -33.38
 740.00 -50.82 -12.16
 741.00 -80.05 -41.64
 742.00 -61.49 -44.23
 743.00 -58.87 -47.06
 744.00 -69.50 -55.23
 745.00 -70.09 -40.92
 746.00 -64.36 -35.29
 747.00 -63.19 -40.79
 748.00 -62.42 -50.00
 749.00 -67.44 -36.36
 750.00 -61.81 -41.70
 751.00 -50.57 -49.07
 752.00 -71.43 -42.01
 753.00 -43.12 -47.30
 754.00 -91.22 -48.63
 755.00 -90.46 -35.12
 756.00 -145.16 -21.78
 757.00  53.46  20.65
 758.00  63.11  39.64
 759.00 -81.67   9.26
 760.00 -113.06 -37.45
 761.00 -77.24 150.95
 762.00 -100.57 122.86
 763.00 -42.13  60.97
 764.00 -151.66 -59.41
 765.00 -54.52 164.25
 766.00 -95.55 -35.82
 767.00 -140.73   0.60
 768.00 -57.83  59.71
 769.00 -145.22 168.94
 770.00 -72.42 106.30
 771.00 -35.49 159.72
 772.00 -57.27 -45.00
 773.00 -55.34 -58.73
 774.00 -59.52 -36.47
 775.00 -78.15 -48.60
 776.00 -66.42 -33.49
 777.00 -74.16 -35.59
 778.00  65.15 -11.46
 779.00 -150.21  49.88
 780.00 -59.80  36.40
 781.00 -68.00 -38.24
 782.00 -66.60 -37.75
 783.00 -66.03 -38.42
 784.00 -55.68 -41.52
 785.00 -62.09 -45.62
 786.00 -66.58 -40.57
 787.00 -63.41 -38.29
 788.00 -63.68 -48.91
 789.00 -63.45 -30.31
 790.00 -67.22 -51.37
 791.00 -61.64 -35.47
 792.00 -52.88 -34.23
 793.00 -52.19 -45.33
 794.00 -89.44 -28.65
 795.00 -87.02 -21.74
 796.00 -109.22 -17.73
 797.00  49.66  -6.87
 798.00 -61.06  55.90
 799.00 -75.10 117.27
 800.00 -50.73 151.51
 801.00 -48.59 -48.14
 802.00 -76.19 -39.25
 803.00 -41.78 -46.94
 804.00 -70.82 -44.38
 805.00 -50.52 -45.18
 806.00 -63.73 -55.49
 807.00 -73.01 -27.10
 808.00 -54.57 -43.69
 809.00 -76.73 -47.25
 810.00 -56.20 -33.00
 811.00 -62.55 -31.34
 812.00 -125.54 -16.18
 813.00 -139.08  45.42
 814.00 -152.93   0.99
 815.00 -140.14 124.24
 816.00 -62.62 165.48
 817.00 -62.94 157.18
 818.00 -67.11 -40.70
 819.00  77.51  -4.95
 820.00 -65.21 169.98
 821.00 -86.05 -175.60
 822.00 -130.47 -27.47
 823.00 -74.89  69.74
 824.00 -66.61 -18.80
 825.00 -78.04 -40.19
 826.00 -46.01 -39.53
 827.00 -61.48 -55.77
 828.00 -73.24 -31.91
 829.00 -65.66 -43.76
 830.00 -58.45 -42.10
 831.00 -68.17 -53.72
 832.00 -69.31 -36.82
 833.00 -63.13 -36.99
 834.00 -68.70 -28.38
 835.00 -56.46 -46.95
 836.00 -70.44 -49.91
 837.00 -68.32 -18.47
 838.00 -63.73 -43.16
 839.00 -58.11 -32.84
 840.00 -115.68 -27.10
 841.00 -51.65 -10.26
 842.00 -73.77 145.33
 843.00 -149.85  87.49
 844.00 -70.15 159.44
 845.00 -63.66  89.42
 846.00 -54.24 -26.49
 847.00 -114.43 -36.69
 848.00 -60.97  74.87
 849.00 -59.61 -11.93
 850.00 -61.79 -35.87
 851.00 -74.82 -37.89
 852.00 -75.04 -34.74
 853.00 -58.15 -45.41
 854.00 -53.86 -41.62
 855.00 -63.13 -64.09
 856.00 -59.86 -27.57
 857.00 -50.44 -57.07
 858.00 -62.66 -35.55
 859.00 -59.38 -55.79
 860.00 -51.03 -38.48
 861.00 -66.42 -37.65
 862.00 -70.15 -40.47
 863.00 -77.87 -39.86
 864.00 -75.80 -15.85
 865.00 -70.65 -18.34
 866.00 -53.38 -38.87
 867.00 -65.03 -41.70
 868.00 -77.94 -30.06
 869.00 -67.65 -40.67
 870.00 -64.94 -28.79
 871.00 -53.86 -53.40
 872.00 -79.17 -48.96
 873.00 -63.99 -25.83
 874.00 -58.24 -41.40
 875.00 -64.29 -49.85
 876.00 -68.10 -47.99
 877.00 -71.95 -29.07
 878.00 -75.66 -42.68
 879.00 -71.60 -23.59
 880.00 -58.74 -43.82
 881.00 -57.46 -53.42
 882.00 -101.66 -30.73
 883.00 -48.69  -7.34
 884.00 -65.33 -29.11
 885.00 -86.30 -36.78
 886.00 -107.36 -12.83
 887.00  56.92   4.59
 888.00 -103.40  43.20
 889.00 -100.54 125.14
 890.00 -121.32 135.27
 891.00 -53.26 138.09
 892.00 -55.60 135.14
 893.00 -69.65 -31.60
 894.00 -75.46 -36.29
 895.00 -67.38 -31.20
 896.00 -59.77 -38.17
 897.00 -59.70 -57.03
 898.00 -65.91 -37.42
 899.00 -87.24 -48.10
 900.00 -107.03 -27.38
 901.00 -92.36 -47.95
 902.00 -60.75 -43.11
 903.00 -57.28 -36.06
 904.00 -64.96 -28.11
 905.00 -63.49 -31.58
 906.00 -67.78 -52.26
 907.00 -75.15 -26.47
 908.00  83.93 -21.02
 909.00 -61.79   7.51
 910.00 -125.91 -30.57
 911.00 -145.73 135.15
 912.00 -73.02 155.08
 913.00 -87.95 152.91
 914.00 -66.01  86.35
 915.00 -94.07 141.14
 916.00 -102.12 -41.51
 917.00 -101.21 156.13


