 residuo Phi Psi
 669.00 -71.68 154.27
 670.00 -58.94 151.49
 671.00 -75.28 156.73
 672.00 -55.74 -32.05
 673.00 -61.60 -28.98
 674.00 -77.58 -24.25
 675.00 -55.67 -40.72
 676.00 -43.45 -54.71
 677.00 -72.93 -50.29
 678.00 -66.58 -34.62
 679.00 -79.34 -28.15
 680.00 -48.92 -25.74
 681.00 -54.69 113.73
 682.00 -53.35 148.04
 683.00 -70.79 156.14
 684.00 -128.85 153.25
 685.00 -70.96 138.92
 686.00 -71.40 136.97
 687.00  66.92  -9.60
 688.00 -68.36  26.35
 689.00 -125.05 160.58
 690.00 -58.40  89.46
 691.00 -64.85 -12.76
 692.00 -79.09 -20.22
 693.00 -76.87 154.24
 694.00 -63.96 162.91
 695.00 -166.39 143.13
 696.00 -47.34 140.84
 697.00 -65.53 -64.52
 698.00 -70.00 -31.05
 699.00 -59.90 -42.41
 700.00 -99.44 -36.30
 701.00 -58.71 -22.50
 702.00 -71.67 -44.24
 703.00 -62.74 -26.02
 704.00 -82.33 -39.82
 705.00 -55.16 -33.12
 706.00 -55.48 -56.35
 707.00 -58.19 -36.91
 708.00 -78.50 -30.71
 709.00 -61.80 -40.84
 710.00 -65.93 -45.77
 711.00 -62.12 -42.35
 712.00 -60.35 -42.27
 713.00 -71.22 -41.01
 714.00 -62.81 -33.16
 715.00 -74.22 -45.62
 716.00 -67.58 -27.12
 717.00 -73.15 -39.32
 718.00 -55.97 -54.40
 719.00 -53.41 -45.04
 720.00 -92.31 -27.34
 721.00 -66.79 -23.88
 722.00 -64.75 120.51
 723.00  98.36 137.39
 724.00 -55.29 -28.27
 725.00 -65.28 -32.72
 726.00 -67.11 -14.59
 727.00 -89.51 -17.83
 728.00 -55.32 134.79
 729.00 -53.41 148.86
 730.00 -51.32 -35.98
 731.00 -86.44 -39.13
 732.00 -63.00 -33.42
 733.00 -63.04 -51.96
 734.00 -57.27 -37.42
 735.00 -57.39 -57.62
 736.00 -59.66 -42.96
 737.00 -60.79 -54.60
 738.00 -90.17 -32.78
 739.00 -75.18 -40.19
 740.00 -51.10 -22.60
 741.00 -68.19 -44.47
 742.00 -49.69 -44.64
 743.00 -62.15 -53.28
 744.00 -68.79 -38.63
 745.00 -73.63 -47.18
 746.00 -56.50 -26.75
 747.00 -60.90 -59.34
 748.00 -75.06 -34.69
 749.00 -52.74 -37.85
 750.00 -65.42 -50.45
 751.00 -60.62 -46.68
 752.00 -74.14 -33.63
 753.00 -72.46 -29.78
 754.00 -78.86 -57.75
 755.00 -62.16 -38.23
 756.00 -128.84 -53.00
 757.00  51.07  20.18
 758.00  75.07  24.47
 759.00 -62.58   9.47
 760.00 -106.90 -50.87
 761.00 -93.36 151.66
 762.00 -95.76 128.92
 763.00 -52.84  62.94
 764.00 -148.77 -47.93
 765.00 -63.14 171.13
 766.00 -82.19 -33.09
 767.00 -81.35 -56.67
 768.00 -80.10  67.13
 769.00 -124.89 145.59
 770.00 -75.06 100.17
 771.00 -61.08 162.54
 772.00 -61.44 -27.62
 773.00 -60.90 -45.99
 774.00 -71.47 -34.74
 775.00 -63.37 -41.92
 776.00 -62.58 -53.83
 777.00 -69.20 -32.95
 778.00  57.87  -5.07
 779.00 -111.84  31.80
 780.00 -60.45  15.24
 781.00 -69.24 -50.30
 782.00 -74.18 -30.51
 783.00 -59.86 -40.11
 784.00 -50.46 -49.28
 785.00 -62.82 -49.55
 786.00 -66.64 -34.55
 787.00 -77.30 -28.74
 788.00 -62.16 -50.77
 789.00 -74.91 -21.39
 790.00 -63.51 -43.25
 791.00 -78.07 -33.59
 792.00 -63.85 -13.30
 793.00 -56.71 -40.81
 794.00 -66.56 -36.11
 795.00 -67.34 -46.92
 796.00 -76.12 -55.32
 797.00  62.44 -10.80
 798.00 -57.73  65.81
 799.00 -96.45 147.23
 800.00 -51.52 147.76
 801.00 -66.33 -36.74
 802.00 -69.30 -46.62
 803.00 -61.08 -40.34
 804.00 -63.90 -49.94
 805.00 -83.91 -29.92
 806.00 -77.40 -24.24
 807.00 -69.37 -32.21
 808.00 -69.54 -36.99
 809.00 -69.64 -39.04
 810.00 -64.64 -23.24
 811.00 -64.17 -31.36
 812.00 -93.84 -26.46
 813.00 -132.52  34.54
 814.00 -155.86  17.08
 815.00 -145.86 120.04
 816.00 -72.94 161.93
 817.00 -53.92 143.30
 818.00 -63.57 -22.02
 819.00  62.72 -15.64
 820.00 -110.45 -169.27
 821.00 -73.32 162.34
 822.00 -90.79 -44.69
 823.00 -56.34  43.77
 824.00 -76.35 -34.78
 825.00 -62.14 -42.85
 826.00 -56.51 -45.61
 827.00 -70.60 -47.69
 828.00 -63.60 -33.75
 829.00 -70.97 -43.04
 830.00 -61.00 -40.84
 831.00 -59.85 -43.98
 832.00 -67.06 -36.09
 833.00 -62.22 -48.01
 834.00 -59.17 -32.01
 835.00 -65.99 -50.11
 836.00 -77.77 -37.08
 837.00 -74.24 -14.55
 838.00 -46.82 -61.12
 839.00 -50.18 -43.48
 840.00 -124.93 -22.74
 841.00 -59.83  -4.39
 842.00 -82.79 150.74
 843.00 -69.04  27.87
 844.00 -51.58 155.03
 845.00 -67.88 116.37
 846.00 -58.11 -36.09
 847.00 -129.80  -9.73
 848.00 -72.82  74.11
 849.00 -65.99 -31.02
 850.00 -78.52 -30.82
 851.00 -55.30 -37.51
 852.00 -75.51 -41.40
 853.00 -63.36 -23.36
 854.00 -67.90 -50.70
 855.00 -61.93 -35.11
 856.00 -59.66 -45.43
 857.00 -80.06 -42.19
 858.00 -81.86 -23.28
 859.00 -77.66 -31.80
 860.00 -51.93 -41.81
 861.00 -60.83 -44.58
 862.00 -62.62 -35.56
 863.00 -66.06 -41.91
 864.00 -77.07 -31.27
 865.00 -54.76 -21.02
 866.00 -46.86 -53.71
 867.00 -71.94 -46.76
 868.00 -78.82 -31.82
 869.00 -57.72 -31.48
 870.00 -53.86 -46.27
 871.00 -72.81 -42.08
 872.00 -73.84 -35.65
 873.00 -62.62 -34.80
 874.00 -67.99 -51.77
 875.00 -60.59 -31.25
 876.00 -68.10 -52.49
 877.00 -63.00 -38.97
 878.00 -70.55 -34.34
 879.00 -89.73 -12.13
 880.00 -60.98 -40.90
 881.00 -65.90 -36.50
 882.00 -131.37 -20.96
 883.00 -46.99  23.93
 884.00 -65.10 -47.65
 885.00 -66.21 -40.22
 886.00 -90.80 -36.28
 887.00  48.61   0.56
 888.00 -106.69  47.49
 889.00 -78.58 139.64
 890.00 -138.38 144.77
 891.00 -71.79 116.11
 892.00 -49.52 118.00
 893.00 -59.55 -38.80
 894.00 -85.12 -39.41
 895.00 -58.61 -31.58
 896.00 -64.67 -26.72
 897.00 -67.70 -32.26
 898.00 -65.62 -49.89
 899.00 -69.30 -39.08
 900.00 -119.28 -50.97
 901.00 -89.96 -32.19
 902.00 -61.18 -31.98
 903.00 -45.60 -50.34
 904.00 -63.05 -41.95
 905.00 -76.69 -30.07
 906.00 -60.38 -46.51
 907.00 -95.68 -35.79
 908.00  77.24  10.39
 909.00 -61.89   5.46
 910.00 -148.13  -0.84
 911.00 -126.38 122.09
 912.00 -78.65 146.48
 913.00 -89.07 154.15
 914.00 -78.17  98.88
 915.00 -70.00 134.42
 916.00 -114.09 -39.18
 917.00 -80.73 -177.13


