 residuo Phi Psi
 669.00 -60.72 178.38
 670.00 -65.70 175.42
 671.00 -62.06 159.65
 672.00 -58.67 -41.51
 673.00 -71.39 -35.31
 674.00 -71.46 -24.76
 675.00 -77.88 -40.60
 676.00 -60.35 -45.13
 677.00 -60.29 -39.20
 678.00 -55.78 -48.13
 679.00 -71.22 -53.79
 680.00 -89.87   5.40
 681.00 -57.36 122.25
 682.00 -68.66 165.49
 683.00 -47.76 165.16
 684.00 -136.06 160.26
 685.00 -74.69 137.49
 686.00 -81.02 149.18
 687.00  83.51 -20.13
 688.00 -80.69  23.71
 689.00 -75.98 120.94
 690.00 -62.58  75.12
 691.00 -75.11   4.66
 692.00 -91.79 -17.02
 693.00 -56.82 154.33
 694.00 -69.89 166.58
 695.00 -153.19 135.81
 696.00 -52.81 149.36
 697.00 -83.38 -56.09
 698.00 -60.15 -24.49
 699.00 -71.62 -35.85
 700.00 -73.88 -40.05
 701.00 -61.89 -39.70
 702.00 -73.74 -38.11
 703.00 -48.83 -33.06
 704.00 -70.20 -51.98
 705.00 -68.26 -33.70
 706.00 -45.66 -48.15
 707.00 -50.83 -41.58
 708.00 -49.50 -59.85
 709.00 -57.41 -55.27
 710.00 -63.79 -51.48
 711.00 -63.74 -39.11
 712.00 -49.83 -36.13
 713.00 -70.24 -55.45
 714.00 -74.26 -22.43
 715.00 -73.64 -41.91
 716.00 -49.48 -29.75
 717.00 -51.58 -54.23
 718.00 -59.52 -59.79
 719.00 -68.30 -23.32
 720.00 -110.00 -22.88
 721.00 -58.49  -3.99
 722.00 -64.30 126.99
 723.00  73.98 149.78
 724.00 -61.35 -38.70
 725.00 -46.24 -32.21
 726.00 -69.82 -22.23
 727.00 -64.29 -28.73
 728.00 -68.88 147.84
 729.00 -70.83 160.50
 730.00 -59.74 -33.53
 731.00 -65.07 -47.55
 732.00 -60.39 -38.29
 733.00 -62.57 -54.76
 734.00 -58.70 -32.53
 735.00 -66.15 -66.06
 736.00 -60.86 -28.52
 737.00 -65.04 -56.19
 738.00 -64.07 -31.23
 739.00 -93.47 -47.30
 740.00 -53.64  -3.55
 741.00 -56.43 -53.52
 742.00 -74.46 -39.23
 743.00 -73.84 -37.04
 744.00 -58.66 -40.72
 745.00 -74.08 -42.96
 746.00 -55.61 -44.98
 747.00 -69.26 -53.26
 748.00 -61.86 -36.59
 749.00 -67.59 -35.40
 750.00 -61.05 -45.18
 751.00 -60.11 -37.36
 752.00 -56.19 -51.47
 753.00 -62.58 -39.94
 754.00 -77.42 -46.57
 755.00 -66.62 -47.76
 756.00 -145.68 -39.92
 757.00  61.80  26.39
 758.00  50.12  25.06
 759.00 -85.77  24.59
 760.00 -142.01 -18.31
 761.00 -99.98 157.91
 762.00 -82.06 102.20
 763.00 -61.34  64.01
 764.00 -151.35 -60.77
 765.00 -58.06 163.18
 766.00 -90.93 -33.75
 767.00 -131.72 -10.92
 768.00 -79.52  45.73
 769.00 -70.75 102.03
 770.00 -70.93  83.78
 771.00 -59.35 167.78
 772.00 -70.82 -23.13
 773.00 -55.95 -45.29
 774.00 -56.00 -38.05
 775.00 -54.90 -49.35
 776.00 -75.68 -58.39
 777.00 -90.04  -9.06
 778.00  45.66  -1.29
 779.00 -127.35  48.85
 780.00 -62.72   9.82
 781.00 -68.32 -36.55
 782.00 -74.93 -37.83
 783.00 -49.31 -42.06
 784.00 -59.81 -43.11
 785.00 -65.85 -40.57
 786.00 -71.61 -32.07
 787.00 -76.17 -32.24
 788.00 -56.42 -41.21
 789.00 -67.83 -42.66
 790.00 -62.75 -32.18
 791.00 -80.71 -31.38
 792.00 -65.44 -16.60
 793.00 -55.66 -34.72
 794.00 -52.14 -50.11
 795.00 -79.72 -37.78
 796.00 -65.92 -35.26
 797.00  52.52 -36.20
 798.00 -75.59  49.96
 799.00 -88.78 134.91
 800.00 -62.62 160.48
 801.00 -81.28 -29.87
 802.00 -69.58 -27.68
 803.00 -55.41 -53.47
 804.00 -58.82 -47.34
 805.00 -98.03 -27.41
 806.00 -72.65 -28.86
 807.00 -67.92 -38.23
 808.00 -60.16 -36.69
 809.00 -60.52 -48.63
 810.00 -67.57 -34.23
 811.00 -73.90 -18.97
 812.00 -104.08 -25.55
 813.00 -125.74  42.27
 814.00 -151.41  -0.69
 815.00 -125.12 107.18
 816.00 -61.03 157.22
 817.00 -64.26 151.41
 818.00 -99.16 -27.01
 819.00  51.30  32.26
 820.00 -76.62 -177.30
 821.00 -77.61 161.22
 822.00 -118.56  -8.46
 823.00 -48.41  27.69
 824.00 -60.16 -26.59
 825.00 -75.28 -43.87
 826.00 -60.57 -31.72
 827.00 -73.96 -39.72
 828.00 -58.40 -35.01
 829.00 -79.65 -40.06
 830.00 -57.64 -43.84
 831.00 -62.06 -40.84
 832.00 -66.87 -43.44
 833.00 -69.68 -48.84
 834.00 -62.49 -27.74
 835.00 -71.16 -54.61
 836.00 -79.00 -29.82
 837.00 -92.15  -8.01
 838.00 -48.01 -49.51
 839.00 -49.45 -55.96
 840.00 -109.30 -28.30
 841.00 -58.01 -11.27
 842.00 -69.85 155.59
 843.00 -168.55  97.08
 844.00 -89.66 156.55
 845.00 -71.99 121.11
 846.00 -73.00 -43.33
 847.00 -62.61 -41.12
 848.00 -89.76 149.97
 849.00 -137.56 -10.52
 850.00 -60.15  -2.72
 851.00 -70.06 -53.30
 852.00 -63.72 -38.11
 853.00 -67.62 -33.40
 854.00 -71.77 -38.40
 855.00 -54.23 -44.75
 856.00 -49.84 -47.97
 857.00 -55.08 -50.50
 858.00 -77.78 -39.32
 859.00 -67.02 -39.17
 860.00 -58.03 -35.88
 861.00 -62.00 -46.93
 862.00 -64.27 -38.79
 863.00 -57.73 -44.29
 864.00 -80.32 -22.92
 865.00 -62.15 -23.62
 866.00 -69.54 -33.19
 867.00 -62.15 -43.32
 868.00 -70.60 -40.07
 869.00 -57.98 -36.98
 870.00 -71.00 -38.92
 871.00 -70.93 -38.68
 872.00 -69.43 -30.41
 873.00 -55.96 -43.01
 874.00 -63.26 -47.77
 875.00 -82.01 -23.62
 876.00 -64.41 -52.95
 877.00 -86.44 -31.39
 878.00 -56.78 -32.65
 879.00 -61.16 -49.35
 880.00 -71.96 -38.18
 881.00 -69.72 -32.25
 882.00 -94.87 -34.67
 883.00 -47.93  -2.71
 884.00 -77.62 -47.24
 885.00 -80.32 -22.82
 886.00 -100.04 -26.07
 887.00  64.40   1.63
 888.00 -82.67   9.65
 889.00 -112.52 137.42
 890.00 -125.09 145.49
 891.00 -61.56 136.27
 892.00 -71.94 149.22
 893.00 -63.85 -43.87
 894.00 -65.03 -33.89
 895.00 -67.54 -50.17
 896.00 -65.61 -23.90
 897.00 -66.28 -40.24
 898.00 -66.43 -48.54
 899.00 -83.07 -34.34
 900.00 -96.38 -33.51
 901.00 -83.37 -62.26
 902.00 -63.49 -40.26
 903.00 -52.93 -40.87
 904.00 -75.60 -26.73
 905.00 -84.84 -24.88
 906.00 -60.09 -52.70
 907.00 -72.92 -40.88
 908.00  72.87   3.30
 909.00 -73.15  15.89
 910.00 -143.64  -8.81
 911.00 -122.23 123.44
 912.00 -56.27 140.41
 913.00 -105.24 158.14
 914.00 -66.46  92.20
 915.00 -79.83 146.57
 916.00 -138.35 -24.12
 917.00 -62.40 129.05


