 residuo Phi Psi
 669.00 -73.51 139.88
 670.00 -65.83 129.27
 671.00 -141.21 137.34
 672.00 -64.28 -17.11
 673.00 -69.42 -46.17
 674.00 -83.87 -21.57
 675.00 -55.29 -32.59
 676.00 -64.86 -50.08
 677.00 -83.46 -26.11
 678.00 -94.29 -13.25
 679.00 -87.02 -28.80
 680.00 -50.76 -19.81
 681.00 -61.32 124.95
 682.00 -66.15 169.96
 683.00 -59.69 169.93
 684.00 -96.75 130.13
 685.00 -125.05 140.26
 686.00 -69.69 151.07
 687.00  89.29 -38.45
 688.00 -94.14  28.95
 689.00 -71.04 133.92
 690.00 -57.70  66.54
 691.00 -68.10 -12.92
 692.00 -82.18 -29.52
 693.00 -44.25 155.77
 694.00 -74.22 137.04
 695.00 -143.88 133.20
 696.00 -48.64 155.37
 697.00 -81.79 -61.56
 698.00 -59.27 -38.06
 699.00 -51.62 -56.16
 700.00 -65.70 -50.78
 701.00 -71.33 -31.13
 702.00 -57.78 -46.13
 703.00 -73.58 -30.43
 704.00 -60.82 -43.19
 705.00 -64.57 -33.60
 706.00 -55.33 -48.81
 707.00 -70.63 -34.20
 708.00 -71.78 -33.90
 709.00 -60.86 -40.74
 710.00 -72.28 -39.66
 711.00 -61.28 -37.12
 712.00 -51.85 -43.71
 713.00 -68.44 -51.10
 714.00 -69.68 -37.99
 715.00 -72.84 -31.81
 716.00 -45.24 -50.12
 717.00 -69.11 -41.58
 718.00 -64.94 -48.85
 719.00 -54.73 -42.39
 720.00 -87.80 -36.13
 721.00 -58.26  -9.65
 722.00 -58.28 132.29
 723.00  72.97 147.46
 724.00 -59.64 -19.44
 725.00 -63.82 -30.31
 726.00 -72.85 -21.22
 727.00 -113.94  14.47
 728.00 -62.62 148.85
 729.00 -59.97 146.92
 730.00 -57.99 -39.79
 731.00 -82.50 -30.11
 732.00 -48.79 -51.44
 733.00 -64.96 -41.44
 734.00 -67.83 -45.38
 735.00 -67.14 -54.76
 736.00 -57.07 -33.87
 737.00 -67.07 -47.82
 738.00 -76.54 -41.11
 739.00 -101.31 -17.13
 740.00 -56.91 -10.18
 741.00 -70.12 -44.97
 742.00 -67.19 -50.53
 743.00 -71.58 -30.90
 744.00 -67.18 -45.73
 745.00 -71.58 -35.11
 746.00 -63.59 -34.91
 747.00 -59.93 -42.61
 748.00 -76.08 -30.13
 749.00 -72.16 -27.83
 750.00 -59.15 -42.81
 751.00 -45.04 -49.31
 752.00 -60.82 -61.42
 753.00 -75.87 -30.28
 754.00 -75.58 -42.87
 755.00 -82.91 -44.65
 756.00 -132.08 -51.81
 757.00  48.09  44.85
 758.00  79.12  27.92
 759.00 -71.35 -17.05
 760.00 -99.28 -46.71
 761.00 -85.55 148.61
 762.00 -84.63  99.65
 763.00 -61.58  72.00
 764.00 -143.19 -51.20
 765.00 -56.56 162.93
 766.00 -82.55 -41.61
 767.00 -137.54 -10.20
 768.00 -109.42  66.84
 769.00 -96.78 128.25
 770.00 -102.28 128.68
 771.00 -55.49 177.96
 772.00 -75.41 -30.77
 773.00 -65.18 -37.53
 774.00 -60.15 -34.28
 775.00 -66.84 -51.28
 776.00 -51.48 -47.44
 777.00 -76.80 -53.69
 778.00  53.28   1.67
 779.00 -65.27 -23.32
 780.00 -70.80  54.30
 781.00 -73.43 -48.37
 782.00 -71.82 -30.34
 783.00 -60.43 -42.11
 784.00 -55.19 -42.27
 785.00 -63.17 -45.76
 786.00 -85.36 -29.87
 787.00 -52.80 -34.46
 788.00 -55.97 -47.20
 789.00 -44.61 -56.06
 790.00 -60.66 -48.15
 791.00 -77.36 -36.00
 792.00 -72.04 -20.57
 793.00 -57.59 -34.47
 794.00 -75.02 -44.43
 795.00 -62.38 -36.04
 796.00 -89.30 -33.74
 797.00  57.78 -14.29
 798.00 -57.53  55.88
 799.00 -86.88 134.81
 800.00 -61.16 152.89
 801.00 -78.42 -17.25
 802.00 -54.92 -47.05
 803.00 -63.70 -46.45
 804.00 -63.16 -46.79
 805.00 -77.86 -29.80
 806.00 -50.57 -49.30
 807.00 -63.17 -41.44
 808.00 -68.29 -33.41
 809.00 -65.55 -39.24
 810.00 -58.53 -33.56
 811.00 -66.29 -26.57
 812.00 -100.44 -36.02
 813.00 -130.05  37.65
 814.00 -160.69  13.04
 815.00 -153.80 125.00
 816.00 -54.71 170.87
 817.00 -63.40 143.81
 818.00 -85.89 -36.36
 819.00  75.25  13.05
 820.00 -82.00 162.35
 821.00 -42.45 151.68
 822.00 -142.06 -29.70
 823.00 -52.99  54.37
 824.00 -65.91 -31.36
 825.00 -67.27 -17.85
 826.00 -72.56 -41.89
 827.00 -68.72 -44.97
 828.00 -67.17 -34.16
 829.00 -66.43 -49.52
 830.00 -51.11 -45.52
 831.00 -64.09 -43.15
 832.00 -59.53 -34.61
 833.00 -75.34 -42.52
 834.00 -54.17 -40.01
 835.00 -82.72 -47.04
 836.00 -67.87 -29.38
 837.00 -59.68 -33.76
 838.00 -65.33 -47.22
 839.00 -79.98 -14.58
 840.00 -140.04 -12.48
 841.00 -58.89   8.02
 842.00 -77.65 129.00
 843.00 -169.06 110.79
 844.00 -77.66 152.25
 845.00 -82.33 112.36
 846.00 -73.01 -22.86
 847.00 -112.86 -25.52
 848.00 -62.72  58.47
 849.00 -66.13  -7.84
 850.00 -54.23 -28.53
 851.00 -80.40 -30.61
 852.00 -57.38 -43.62
 853.00 -62.62 -39.22
 854.00 -78.14 -34.49
 855.00 -65.31 -35.97
 856.00 -56.00 -44.91
 857.00 -66.50 -35.77
 858.00 -70.88 -36.07
 859.00 -94.18 -29.19
 860.00 -66.71 -27.61
 861.00 -75.92 -31.52
 862.00 -64.62 -39.46
 863.00 -66.53 -45.00
 864.00 -66.44 -26.09
 865.00 -71.94 -18.52
 866.00 -66.04 -29.47
 867.00 -73.14 -40.14
 868.00 -75.37 -29.12
 869.00 -55.76 -41.27
 870.00 -54.64 -55.38
 871.00 -64.54 -41.61
 872.00 -83.96 -28.79
 873.00 -66.51 -25.84
 874.00 -54.84 -48.72
 875.00 -69.42 -39.82
 876.00 -73.81 -50.19
 877.00 -67.56 -28.03
 878.00 -54.52 -49.47
 879.00 -69.13 -43.05
 880.00 -61.02 -49.48
 881.00 -60.79 -33.73
 882.00 -104.64 -35.13
 883.00 -39.99   3.33
 884.00 -68.81 -51.15
 885.00 -58.01 -37.76
 886.00 -101.22 -35.78
 887.00  57.59  -2.35
 888.00 -88.10  31.08
 889.00 -100.76 125.30
 890.00 -132.36 139.63
 891.00 -65.50 134.85
 892.00 -43.18 135.21
 893.00 -59.71 -47.67
 894.00 -70.11 -45.72
 895.00 -62.02 -41.02
 896.00 -69.76 -30.12
 897.00 -53.54 -42.97
 898.00 -73.61 -45.61
 899.00 -110.64 -16.91
 900.00 -127.04  -8.19
 901.00 -95.24 -50.67
 902.00 -60.98 -39.88
 903.00 -49.48 -40.87
 904.00 -69.49 -33.27
 905.00 -82.85 -16.50
 906.00 -65.60 -44.95
 907.00 -72.53 -41.60
 908.00  80.81 -16.67
 909.00 -60.02  13.00
 910.00 -96.78 -37.44
 911.00 -118.93 141.32
 912.00 -68.47 137.04
 913.00 -90.04 146.07
 914.00 -124.46 141.00
 915.00 -103.64 165.11
 916.00 -134.92 -34.43
 917.00 -78.95 132.58


