 residuo Phi Psi
 669.00 -64.63 161.97
 670.00 -57.87 158.54
 671.00 -124.73 116.33
 672.00 -66.03 -23.45
 673.00 -60.19 -63.21
 674.00 -46.04 -36.51
 675.00 -67.49 -50.75
 676.00 -40.39 -52.67
 677.00 -68.90 -55.29
 678.00 -69.33 -31.25
 679.00 -109.34 -24.22
 680.00 -66.74   2.27
 681.00 -55.65 140.52
 682.00 -75.34 146.65
 683.00 -94.71 -158.52
 684.00 -105.83 119.77
 685.00 -101.65 136.72
 686.00 -65.24 155.62
 687.00  79.25 -23.08
 688.00 -85.29  24.28
 689.00 -76.08 126.90
 690.00 -68.87 105.17
 691.00 -78.55  -8.24
 692.00 -83.45  -7.65
 693.00 -60.29 140.85
 694.00 -92.71 149.34
 695.00 -53.59  46.32
 696.00 -38.30 128.40
 697.00 -72.89 -54.05
 698.00 -62.73 -35.29
 699.00 -75.93 -38.10
 700.00 -72.99 -42.83
 701.00 -66.44 -38.00
 702.00 -71.73 -36.33
 703.00 -65.64 -29.99
 704.00 -63.48 -39.67
 705.00 -54.75 -39.57
 706.00 -60.23 -52.37
 707.00 -54.28 -39.27
 708.00 -68.23 -43.04
 709.00 -65.39 -45.20
 710.00 -73.77 -33.94
 711.00 -64.22 -40.98
 712.00 -71.06 -36.96
 713.00 -70.15 -29.12
 714.00 -67.22 -42.61
 715.00 -77.13 -35.05
 716.00 -66.63 -39.70
 717.00 -75.31 -27.31
 718.00 -68.00 -40.27
 719.00 -61.44 -26.08
 720.00 -122.37 -17.00
 721.00 -66.99  15.85
 722.00 -63.91 141.06
 723.00  52.62 139.40
 724.00 -41.77  -7.12
 725.00 -75.60 -37.84
 726.00 -70.98  -8.26
 727.00 -58.91 -31.72
 728.00 -60.82 129.17
 729.00 -64.14 155.88
 730.00 -68.07 -28.29
 731.00 -78.86 -34.23
 732.00 -50.17 -40.65
 733.00 -54.13 -64.58
 734.00 -69.84 -30.92
 735.00 -58.25 -55.53
 736.00 -64.05 -32.52
 737.00 -72.33 -41.00
 738.00 -76.09 -29.51
 739.00 -81.03 -36.27
 740.00 -64.90 -15.44
 741.00 -76.10 -33.40
 742.00 -62.64 -46.79
 743.00 -42.80 -56.43
 744.00 -73.36 -58.84
 745.00 -60.67 -30.66
 746.00 -58.36 -51.31
 747.00 -54.42 -44.72
 748.00 -53.31 -53.64
 749.00 -74.33 -36.01
 750.00 -68.61 -37.92
 751.00 -57.59 -45.72
 752.00 -64.59 -42.07
 753.00 -67.42 -35.24
 754.00 -75.47 -48.74
 755.00 -80.01 -41.98
 756.00 -131.85 -46.97
 757.00  50.97  23.37
 758.00  64.23  29.15
 759.00 -63.22   0.97
 760.00 -103.77 -36.66
 761.00 -69.06 142.62
 762.00 -91.19 106.55
 763.00 -44.89  49.33
 764.00 -160.74 -37.58
 765.00 -72.64 165.75
 766.00 -83.83 -23.42
 767.00 -91.84 -49.95
 768.00 -91.49  65.76
 769.00 -96.07 116.58
 770.00 -98.45 104.74
 771.00 -63.67 -179.70
 772.00 -55.79 -40.06
 773.00 -64.41 -46.81
 774.00 -67.73 -32.26
 775.00 -84.92 -23.34
 776.00 -70.10 -42.17
 777.00 -76.43 -26.35
 778.00  83.64 -14.54
 779.00 -133.58  19.06
 780.00 -60.72  53.45
 781.00 -58.66 -51.08
 782.00 -63.00 -32.94
 783.00 -56.18 -45.46
 784.00 -79.64 -43.23
 785.00 -60.42 -32.40
 786.00 -56.90 -48.95
 787.00 -62.82 -41.65
 788.00 -59.51 -44.24
 789.00 -68.04 -29.75
 790.00 -56.09 -47.19
 791.00 -65.45 -45.26
 792.00 -66.68 -24.01
 793.00 -71.67 -21.94
 794.00 -69.37 -38.21
 795.00 -78.73 -27.05
 796.00 -63.42 -52.32
 797.00  61.42 -27.90
 798.00 -53.24  48.89
 799.00 -97.14 129.57
 800.00 -60.18 169.05
 801.00 -68.53 -32.16
 802.00 -77.22 -41.76
 803.00 -62.31 -29.59
 804.00 -64.56 -50.35
 805.00 -83.25 -35.85
 806.00 -76.15 -22.36
 807.00 -70.59 -34.31
 808.00 -68.00 -33.34
 809.00 -61.61 -43.13
 810.00 -71.73 -27.59
 811.00 -61.72 -31.41
 812.00 -114.07 -19.82
 813.00 -138.94  41.29
 814.00 -134.69 -11.87
 815.00 -145.92 129.00
 816.00 -53.16 153.42
 817.00 -80.95 161.54
 818.00 -73.40 -22.89
 819.00  76.40 -15.02
 820.00 -84.99 178.38
 821.00 -62.14 168.59
 822.00 -92.55 -49.84
 823.00 -61.39  48.61
 824.00 -59.46 -36.60
 825.00 -49.64 -56.80
 826.00 -69.99 -39.93
 827.00 -66.60 -37.00
 828.00 -78.75 -31.09
 829.00 -68.05 -40.71
 830.00 -59.41 -45.15
 831.00 -61.36 -43.38
 832.00 -72.62 -33.36
 833.00 -61.78 -39.61
 834.00 -65.33 -38.93
 835.00 -67.46 -45.09
 836.00 -63.18 -39.21
 837.00 -50.82 -32.79
 838.00 -57.82 -58.07
 839.00 -69.57 -22.08
 840.00 -98.24 -39.77
 841.00 -61.42 -16.77
 842.00 -86.03 147.99
 843.00 -136.10  90.25
 844.00 -75.96 160.35
 845.00 -32.19  94.93
 846.00 -75.28 -47.90
 847.00 -121.91 -18.75
 848.00 -62.60  77.25
 849.00 -54.16 -23.71
 850.00 -55.25 -43.37
 851.00 -60.49 -43.47
 852.00 -64.67 -51.94
 853.00 -70.76 -34.69
 854.00 -50.36 -53.21
 855.00 -60.11 -48.72
 856.00 -57.56 -48.54
 857.00 -71.78 -36.43
 858.00 -76.28 -35.40
 859.00 -62.58 -39.19
 860.00 -62.81 -34.46
 861.00 -64.33 -44.43
 862.00 -65.87 -30.31
 863.00 -66.85 -43.74
 864.00 -53.28 -45.64
 865.00 -57.63 -30.16
 866.00 -64.07 -44.69
 867.00 -59.14 -55.03
 868.00 -77.44 -17.36
 869.00 -61.56 -46.17
 870.00 -67.81 -37.24
 871.00 -55.19 -49.56
 872.00 -79.47 -25.82
 873.00 -59.69 -40.28
 874.00 -58.22 -44.42
 875.00 -61.01 -41.67
 876.00 -74.98 -51.16
 877.00 -45.75 -35.99
 878.00 -69.86 -48.53
 879.00 -76.46 -24.50
 880.00 -64.87 -47.90
 881.00 -62.65 -40.42
 882.00 -133.25  -8.10
 883.00 -59.33  15.18
 884.00 -72.09 -36.10
 885.00 -87.01 -32.17
 886.00 -77.78 -51.77
 887.00  65.42  -0.81
 888.00 -63.81  10.03
 889.00 -95.38 128.88
 890.00 -143.46 149.77
 891.00 -49.06 123.06
 892.00 -59.87 141.95
 893.00 -71.50 -32.26
 894.00 -63.69 -44.61
 895.00 -54.83 -42.58
 896.00 -68.08 -35.71
 897.00 -56.59 -52.97
 898.00 -63.86 -45.43
 899.00 -115.43 -22.83
 900.00 -119.02 -11.04
 901.00 -95.57 -45.84
 902.00 -69.16 -32.32
 903.00 -67.20 -34.39
 904.00 -71.25 -26.60
 905.00 -92.49 -18.87
 906.00 -61.13 -40.70
 907.00 -80.00 -43.97
 908.00  69.31   7.81
 909.00 -70.72  10.22
 910.00 -124.23 -23.40
 911.00 -137.85 128.29
 912.00 -58.15 137.99
 913.00 -78.92 158.98
 914.00 -85.82 116.14
 915.00 -73.28 126.57
 916.00 -133.99 -30.57
 917.00 -81.84 165.42


