 residuo Phi Psi
 669.00 -78.56 139.80
 670.00 -52.70 157.55
 671.00 -161.07 135.22
 672.00 -60.86  -7.73
 673.00 -59.36 -46.70
 674.00 -63.46 -39.93
 675.00 -59.12 -46.45
 676.00 -52.37 -47.74
 677.00 -56.81 -51.07
 678.00 -83.09 -37.60
 679.00 -109.60 -10.06
 680.00 -79.42   4.20
 681.00 -95.62 126.13
 682.00 -73.21 162.60
 683.00 -68.76 175.03
 684.00 -106.18 145.99
 685.00 -79.09 125.63
 686.00 -86.10 151.45
 687.00 106.15 -37.40
 688.00 -58.02   4.76
 689.00 -143.22 157.39
 690.00 -55.13  98.45
 691.00 -74.55  -8.79
 692.00 -96.10  -8.34
 693.00 -60.47 135.63
 694.00 -77.75 147.38
 695.00 -160.87 150.37
 696.00 -53.83 162.14
 697.00 -50.03 -54.28
 698.00 -67.76 -49.34
 699.00 -59.66 -57.92
 700.00 -82.64 -38.91
 701.00 -49.74 -40.80
 702.00 -72.34 -41.77
 703.00 -68.15 -31.46
 704.00 -67.77 -42.93
 705.00 -75.89 -32.23
 706.00 -61.05 -43.62
 707.00 -54.11 -37.58
 708.00 -60.81 -49.15
 709.00 -59.87 -49.50
 710.00 -69.63 -38.92
 711.00 -53.97 -47.15
 712.00 -52.78 -46.06
 713.00 -75.48 -45.47
 714.00 -60.47 -37.45
 715.00 -56.50 -43.67
 716.00 -67.58 -46.88
 717.00 -64.18 -38.79
 718.00 -69.75 -41.32
 719.00 -75.63 -37.62
 720.00 -77.70 -36.58
 721.00 -55.57  -8.87
 722.00 -63.21 124.15
 723.00  89.12 136.81
 724.00 -60.93 -20.45
 725.00 -55.45 -37.24
 726.00 -81.43  -9.86
 727.00 -80.02  -8.75
 728.00 -75.21 159.38
 729.00 -53.68 155.06
 730.00 -76.21 -38.55
 731.00 -81.21 -24.72
 732.00 -64.12 -33.25
 733.00 -56.05 -55.41
 734.00 -68.81 -31.75
 735.00 -56.75 -50.84
 736.00 -69.39 -41.95
 737.00 -84.67 -36.52
 738.00 -106.24 -10.10
 739.00 -64.56 -40.61
 740.00 -48.18 -16.33
 741.00 -60.14 -59.01
 742.00 -68.09 -49.15
 743.00 -67.65 -35.81
 744.00 -72.98 -47.84
 745.00 -61.32 -35.93
 746.00 -55.20 -55.50
 747.00 -76.95 -36.76
 748.00 -72.04 -23.06
 749.00 -58.42 -34.78
 750.00 -66.44 -49.47
 751.00 -55.83 -45.89
 752.00 -59.95 -44.32
 753.00 -58.01 -48.45
 754.00 -71.99 -52.29
 755.00 -74.14 -43.02
 756.00 -145.42 -39.89
 757.00  53.26  32.69
 758.00  64.87  36.67
 759.00 -82.89  11.31
 760.00 -103.38 -49.23
 761.00 -100.24 166.17
 762.00 -88.24 101.12
 763.00 -66.69  65.91
 764.00 -148.01 -39.56
 765.00 -63.80 153.31
 766.00 -85.11 -23.04
 767.00 -75.39 -64.65
 768.00 -91.96  75.55
 769.00 -80.24 116.87
 770.00 -74.30 106.91
 771.00 -58.67 179.13
 772.00 -57.32 -43.43
 773.00 -80.59 -30.84
 774.00 -66.88 -33.63
 775.00 -86.06 -14.90
 776.00 -48.63 -49.84
 777.00 -99.16 -34.91
 778.00  56.37  -3.94
 779.00 -141.08  50.89
 780.00 -35.67  26.18
 781.00 -48.79 -70.25
 782.00 -65.60 -50.37
 783.00 -85.93 -26.31
 784.00 -70.73 -33.98
 785.00 -62.56 -36.09
 786.00 -68.47 -45.13
 787.00 -68.00 -25.74
 788.00 -57.13 -47.61
 789.00 -59.16 -34.51
 790.00 -69.39 -49.25
 791.00 -69.22 -30.57
 792.00 -54.15 -34.45
 793.00 -52.33 -42.86
 794.00 -76.20 -46.06
 795.00 -79.15 -28.99
 796.00 -83.41 -29.07
 797.00  45.05 -12.16
 798.00 -53.43  58.56
 799.00 -64.89 121.65
 800.00 -45.88 152.12
 801.00 -71.73 -38.52
 802.00 -63.26 -44.06
 803.00 -58.19 -38.26
 804.00 -65.75 -46.21
 805.00 -65.04 -35.33
 806.00 -49.93 -48.88
 807.00 -54.20 -56.34
 808.00 -60.95 -38.90
 809.00 -50.76 -61.87
 810.00 -64.25 -25.31
 811.00 -73.32 -28.25
 812.00 -121.48 -11.20
 813.00 -102.65  20.52
 814.00 -149.67   3.09
 815.00 -152.09 131.33
 816.00 -69.27 166.25
 817.00 -74.60 146.36
 818.00 -74.20 -33.72
 819.00 106.51  -5.80
 820.00 -63.05 158.62
 821.00 -58.06 163.09
 822.00 -103.50 -36.50
 823.00 -64.45  49.67
 824.00 -66.54 -40.32
 825.00 -72.46 -32.44
 826.00 -54.00 -40.34
 827.00 -68.75 -41.78
 828.00 -64.46 -35.34
 829.00 -60.28 -48.72
 830.00 -56.33 -52.59
 831.00 -45.48 -45.31
 832.00 -60.35 -57.95
 833.00 -81.65 -36.91
 834.00 -84.23  -7.60
 835.00 -58.89 -47.24
 836.00 -73.82 -44.06
 837.00 -63.48 -32.69
 838.00 -54.15 -46.43
 839.00 -71.29 -19.04
 840.00 -116.47 -37.92
 841.00 -61.32   6.61
 842.00 -61.02 127.50
 843.00 -85.25  21.05
 844.00 -93.10 174.58
 845.00 -61.42 111.64
 846.00 -66.97 -34.79
 847.00 -152.51  -0.09
 848.00 -60.16  77.23
 849.00 -66.60 -23.79
 850.00 -59.48 -16.65
 851.00 -84.14 -27.46
 852.00 -72.19 -35.69
 853.00 -67.98 -26.60
 854.00 -62.23 -46.74
 855.00 -62.98 -50.21
 856.00 -60.07 -35.85
 857.00 -65.01 -52.33
 858.00 -76.41 -33.33
 859.00 -77.74 -42.77
 860.00 -56.01 -25.56
 861.00 -62.89 -43.54
 862.00 -74.32 -27.40
 863.00 -73.54 -32.89
 864.00 -70.32 -20.52
 865.00 -52.63 -38.00
 866.00 -76.99 -32.08
 867.00 -62.17 -38.82
 868.00 -75.54 -27.36
 869.00 -60.97 -45.76
 870.00 -46.54 -45.14
 871.00 -70.94 -51.93
 872.00 -78.32 -26.18
 873.00 -62.30 -36.81
 874.00 -45.89 -49.76
 875.00 -69.41 -51.28
 876.00 -66.66 -46.19
 877.00 -57.85 -38.93
 878.00 -75.07 -45.38
 879.00 -82.09 -10.14
 880.00 -67.36 -38.53
 881.00 -67.65 -36.59
 882.00 -119.13 -10.28
 883.00 -46.87  -2.68
 884.00 -49.79 -48.30
 885.00 -97.30 -30.27
 886.00 -68.38 -50.19
 887.00  54.66  -3.87
 888.00 -85.27  34.88
 889.00 -82.66 121.58
 890.00 -124.98 136.78
 891.00 -58.15 131.58
 892.00 -48.29 147.80
 893.00 -49.62 -55.81
 894.00 -95.56 -33.77
 895.00 -64.59 -36.03
 896.00 -62.21 -34.87
 897.00 -55.80 -45.45
 898.00 -79.78 -46.86
 899.00 -81.61 -29.01
 900.00 -114.32 -23.93
 901.00 -75.77 -56.46
 902.00 -69.79 -39.79
 903.00 -62.18 -36.37
 904.00 -68.77 -20.87
 905.00 -72.88 -39.02
 906.00 -70.70 -38.37
 907.00 -83.06 -36.82
 908.00  53.72   6.27
 909.00 -61.34  15.78
 910.00 -113.14 -29.20
 911.00 -138.95 132.70
 912.00 -68.63 134.97
 913.00 -83.97 152.06
 914.00 -91.17 122.06
 915.00 -91.16 151.59
 916.00 -98.72 -42.07
 917.00 -126.31  97.84


