 residuo Phi Psi
 669.00 -149.81 113.09
 670.00 -43.95 144.87
 671.00 -142.86 146.31
 672.00 -56.32   1.20
 673.00 -55.65 -42.42
 674.00 -86.63 -20.21
 675.00 -77.22 -16.78
 676.00 -32.41 -68.48
 677.00 -73.10 -40.64
 678.00 -80.02 -31.57
 679.00 -82.77 -28.25
 680.00 -66.58 -15.17
 681.00 -64.36 113.86
 682.00 -87.73 157.44
 683.00 -58.26 -152.18
 684.00 -139.88 137.12
 685.00 -88.54 111.38
 686.00 -72.45 152.97
 687.00  69.87 -28.38
 688.00 -62.77  23.04
 689.00 -71.10 145.44
 690.00 -63.21  58.59
 691.00 -104.29  -3.42
 692.00 -116.03   9.80
 693.00 -77.94 158.51
 694.00 -67.74 158.76
 695.00 -124.88 130.14
 696.00 -53.05 133.12
 697.00 -68.70 -50.79
 698.00 -64.14 -32.47
 699.00 -56.50 -52.34
 700.00 -74.59 -43.58
 701.00 -67.69 -36.92
 702.00 -72.82 -39.88
 703.00 -68.26 -37.60
 704.00 -53.45 -41.65
 705.00 -62.03 -37.77
 706.00 -67.82 -45.43
 707.00 -65.06 -24.82
 708.00 -65.64 -39.52
 709.00 -70.86 -43.49
 710.00 -59.62 -42.25
 711.00 -52.80 -45.26
 712.00 -50.91 -51.36
 713.00 -70.36 -43.81
 714.00 -66.17 -25.70
 715.00 -65.75 -43.68
 716.00 -54.74 -48.86
 717.00 -66.11 -43.62
 718.00 -61.53 -37.39
 719.00 -59.22 -58.97
 720.00 -114.33  -7.72
 721.00 -71.54 -10.79
 722.00 -58.52 137.97
 723.00  64.58 152.80
 724.00 -55.18  -9.71
 725.00 -75.80 -28.73
 726.00 -87.35  11.04
 727.00 -79.15 -13.06
 728.00 -53.36 133.63
 729.00 -57.93 149.76
 730.00 -64.17 -32.64
 731.00 -70.15 -41.68
 732.00 -55.23 -35.91
 733.00 -52.31 -56.30
 734.00 -69.89 -40.00
 735.00 -69.13 -52.96
 736.00 -65.02 -30.32
 737.00 -73.51 -50.21
 738.00 -70.24 -31.42
 739.00 -84.09 -43.04
 740.00 -55.68  -8.06
 741.00 -55.69 -60.31
 742.00 -65.90 -43.37
 743.00 -69.69 -47.67
 744.00 -78.39 -36.46
 745.00 -73.02 -26.11
 746.00 -61.35 -43.58
 747.00 -56.81 -42.38
 748.00 -55.96 -52.81
 749.00 -62.63 -38.49
 750.00 -67.17 -42.35
 751.00 -62.62 -39.55
 752.00 -67.72 -42.49
 753.00 -64.91 -39.54
 754.00 -84.46 -41.90
 755.00 -103.20 -24.26
 756.00 -151.05 -23.56
 757.00  55.21  36.16
 758.00  74.87  15.62
 759.00 -95.77   1.28
 760.00 -100.59 -30.32
 761.00 -86.99 160.59
 762.00 -83.41  95.15
 763.00 -67.50  73.19
 764.00 -139.34 -57.58
 765.00 -58.17 156.66
 766.00 -109.78 -22.72
 767.00 -148.82  10.40
 768.00 -101.46  86.35
 769.00 -108.03 152.05
 770.00 -49.75  93.16
 771.00 -72.84 160.79
 772.00 -68.25 -21.00
 773.00 -63.35 -45.54
 774.00 -63.21 -34.22
 775.00 -79.47 -28.21
 776.00 -61.07 -47.59
 777.00 -82.99 -29.81
 778.00  58.70   0.13
 779.00 -86.86  -8.77
 780.00 -66.59  46.88
 781.00 -69.28 -49.29
 782.00 -55.23 -37.51
 783.00 -64.83 -47.21
 784.00 -58.90 -44.63
 785.00 -71.86 -41.77
 786.00 -82.41 -21.95
 787.00 -51.71 -41.86
 788.00 -59.01 -56.63
 789.00 -61.31 -41.08
 790.00 -70.17 -36.03
 791.00 -56.89 -36.39
 792.00 -65.02 -27.24
 793.00 -70.75 -32.03
 794.00 -55.53 -42.10
 795.00 -66.76 -54.70
 796.00 -85.75 -20.36
 797.00  63.47 -26.14
 798.00 -65.89  64.27
 799.00 -103.67 144.35
 800.00 -47.77 150.89
 801.00 -57.29 -40.79
 802.00 -66.71 -50.67
 803.00 -58.67 -42.11
 804.00 -54.76 -45.72
 805.00 -75.65 -46.85
 806.00 -69.93 -36.80
 807.00 -57.27 -48.66
 808.00 -63.42 -32.02
 809.00 -58.98 -45.07
 810.00 -62.45 -35.67
 811.00 -72.28 -11.72
 812.00 -103.83 -41.42
 813.00 -120.45  41.53
 814.00 -159.47  14.44
 815.00 -155.85 142.05
 816.00 -66.70 161.99
 817.00 -59.20 150.62
 818.00 -87.31 -33.13
 819.00  99.26  -3.31
 820.00 -76.61 -178.31
 821.00 -65.19 169.07
 822.00 -133.23 -22.64
 823.00 -54.73  63.25
 824.00 -56.99 -29.85
 825.00 -77.73 -31.59
 826.00 -62.45 -37.71
 827.00 -62.14 -48.69
 828.00 -71.80 -34.68
 829.00 -62.27 -43.48
 830.00 -55.73 -49.79
 831.00 -52.75 -50.61
 832.00 -68.23 -37.17
 833.00 -74.61 -32.60
 834.00 -79.05 -22.55
 835.00 -58.82 -42.15
 836.00 -75.97 -33.91
 837.00 -47.42 -41.93
 838.00 -61.99 -49.72
 839.00 -87.03  -9.47
 840.00 -119.35 -24.71
 841.00 -69.27   5.46
 842.00 -81.92 153.03
 843.00 -161.59  90.20
 844.00 -84.27 174.98
 845.00 -64.96 105.73
 846.00 -95.09 -15.54
 847.00 -102.96 -11.81
 848.00 -60.11  85.52
 849.00 -75.52 -24.49
 850.00 -76.40 -27.51
 851.00 -64.91 -40.64
 852.00 -52.19 -38.65
 853.00 -68.74 -50.23
 854.00 -64.73 -46.68
 855.00 -62.20 -42.44
 856.00 -51.31 -44.63
 857.00 -63.01 -58.85
 858.00 -59.55 -27.69
 859.00 -67.03 -48.63
 860.00 -71.57 -35.92
 861.00 -73.10 -25.95
 862.00 -49.62 -46.77
 863.00 -63.03 -54.25
 864.00 -81.04 -26.98
 865.00 -45.20 -27.18
 866.00 -69.14 -44.17
 867.00 -60.11 -47.53
 868.00 -65.47 -34.12
 869.00 -47.74 -43.90
 870.00 -69.71 -49.91
 871.00 -58.06 -35.69
 872.00 -70.63 -41.86
 873.00 -67.12 -30.63
 874.00 -46.81 -52.30
 875.00 -62.53 -50.90
 876.00 -69.20 -54.51
 877.00 -63.70 -33.44
 878.00 -46.84 -54.19
 879.00 -61.23 -46.03
 880.00 -75.51 -35.75
 881.00 -53.34 -45.57
 882.00 -98.30 -39.38
 883.00 -63.12  17.99
 884.00 -71.22 -24.82
 885.00 -72.06 -35.69
 886.00 -105.31 -42.45
 887.00  62.17  -1.27
 888.00 -82.12  20.92
 889.00 -87.35 134.30
 890.00 -136.99 143.51
 891.00 -84.69 130.77
 892.00 -49.15 157.31
 893.00 -75.88 -48.05
 894.00 -65.62 -29.68
 895.00 -56.40 -52.15
 896.00 -59.31 -42.76
 897.00 -52.04 -50.55
 898.00 -89.43 -39.81
 899.00 -80.52 -41.92
 900.00 -128.81  -9.18
 901.00 -99.48 -39.61
 902.00 -53.16 -40.46
 903.00 -76.34 -45.23
 904.00 -73.71  -5.35
 905.00 -89.16 -24.32
 906.00 -70.62 -40.74
 907.00 -80.05 -34.44
 908.00  77.64   1.50
 909.00 -62.76   1.91
 910.00 -128.59 -22.42
 911.00 -144.92 141.00
 912.00 -56.32 131.52
 913.00 -79.52 138.65
 914.00 -126.96 136.20
 915.00 -79.66 124.53
 916.00 -109.46 -28.75
 917.00 -134.12 138.14


