 residuo Phi Psi
 669.00 -64.44 131.60
 670.00 -71.52 150.96
 671.00 -162.34 123.37
 672.00 -76.16 -16.15
 673.00 -60.29 -33.18
 674.00 -64.59 -46.79
 675.00 -66.56 -31.34
 676.00 -56.41 -42.60
 677.00 -66.31 -42.38
 678.00 -89.23 -35.95
 679.00 -96.54 -15.33
 680.00 -50.61  -7.25
 681.00 -76.91 129.72
 682.00 -72.60 130.03
 683.00 -39.70 149.82
 684.00 -104.12 129.23
 685.00 -87.15 135.38
 686.00 -80.42 137.76
 687.00  71.36   2.42
 688.00 -73.83  17.71
 689.00 -86.62 133.96
 690.00 -77.14 118.74
 691.00 -69.62 -16.74
 692.00 -105.99  -9.57
 693.00 -68.53 144.17
 694.00 -79.89 168.78
 695.00 -152.98 141.31
 696.00 -52.88 169.21
 697.00 -87.69 -70.61
 698.00 -72.42 -15.00
 699.00 -65.64 -31.13
 700.00 -55.41 -59.00
 701.00 -59.15 -43.45
 702.00 -88.84 -33.12
 703.00 -63.45 -28.58
 704.00 -55.62 -47.94
 705.00 -68.56 -41.74
 706.00 -55.92 -45.19
 707.00 -66.98 -31.26
 708.00 -65.77 -36.97
 709.00 -60.07 -47.12
 710.00 -68.62 -39.03
 711.00 -58.11 -40.30
 712.00 -71.26 -34.85
 713.00 -75.62 -34.66
 714.00 -78.12  -4.82
 715.00 -69.20 -52.72
 716.00 -68.11 -39.95
 717.00 -101.49  -5.89
 718.00 -66.38 -38.97
 719.00 -68.95 -28.15
 720.00 -124.66  -0.99
 721.00 -70.19   1.87
 722.00 -48.14 135.97
 723.00  65.79 134.70
 724.00 -61.52  -7.03
 725.00 -79.95 -21.89
 726.00 -57.51  -3.33
 727.00 -70.02 -36.25
 728.00 -61.30 142.31
 729.00 -59.40 155.61
 730.00 -58.76 -39.98
 731.00 -76.88 -36.55
 732.00 -60.28 -37.45
 733.00 -63.96 -48.57
 734.00 -60.30 -32.38
 735.00 -59.65 -61.67
 736.00 -69.06 -29.68
 737.00 -66.42 -43.06
 738.00 -60.38 -50.82
 739.00 -70.01 -48.07
 740.00 -45.63  -6.03
 741.00 -66.73 -55.98
 742.00 -67.44 -52.89
 743.00 -74.41 -27.44
 744.00 -65.21 -52.58
 745.00 -61.95 -41.48
 746.00 -60.64 -39.56
 747.00 -58.85 -42.51
 748.00 -68.85 -42.91
 749.00 -67.52 -36.07
 750.00 -61.73 -43.45
 751.00 -59.90 -40.23
 752.00 -70.27 -44.28
 753.00 -57.30 -45.33
 754.00 -69.94 -47.00
 755.00 -81.79 -57.52
 756.00 -130.00 -37.85
 757.00  47.87  34.99
 758.00  67.49  31.98
 759.00 -65.59  -7.83
 760.00 -108.86 -34.47
 761.00 -77.37 146.84
 762.00 -97.92 108.25
 763.00 -60.25  72.23
 764.00 -176.17 -40.41
 765.00 -69.08 158.54
 766.00 -95.08 -19.95
 767.00 -146.72  -6.21
 768.00 -77.17  55.33
 769.00 -96.04 129.36
 770.00 -64.03  94.59
 771.00 -74.55 173.46
 772.00 -59.94 -20.41
 773.00 -67.69 -52.25
 774.00 -70.67 -25.03
 775.00 -60.73 -42.18
 776.00 -56.13 -61.00
 777.00 -81.01 -39.22
 778.00  61.60   6.86
 779.00 -70.91 -23.82
 780.00 -50.76  38.04
 781.00 -66.65 -54.05
 782.00 -69.89 -39.26
 783.00 -64.22 -32.43
 784.00 -63.17 -46.08
 785.00 -58.51 -26.43
 786.00 -56.01 -58.17
 787.00 -61.97 -36.86
 788.00 -57.91 -54.24
 789.00 -72.02 -26.48
 790.00 -53.91 -44.65
 791.00 -60.75 -44.52
 792.00 -67.41 -24.93
 793.00 -62.78 -41.76
 794.00 -65.54 -37.92
 795.00 -63.29 -55.41
 796.00 -94.74 -30.21
 797.00  54.50   7.20
 798.00 -62.77  42.52
 799.00 -98.10 139.20
 800.00 -55.10 162.81
 801.00 -72.81 -37.35
 802.00 -75.27 -38.61
 803.00 -51.68 -44.74
 804.00 -51.55 -44.97
 805.00 -66.26 -59.89
 806.00 -67.38 -39.31
 807.00 -64.82 -36.02
 808.00 -57.40 -48.50
 809.00 -66.71 -39.46
 810.00 -70.03 -32.45
 811.00 -67.98 -18.65
 812.00 -110.57 -18.11
 813.00 -122.45  28.14
 814.00 -158.20   9.15
 815.00 -160.26 132.77
 816.00 -70.22 167.84
 817.00 -66.69 150.27
 818.00 -67.54 -30.02
 819.00  74.28 -19.03
 820.00 -62.85 153.99
 821.00 -70.11 173.02
 822.00 -76.95 -58.25
 823.00 -61.19  37.16
 824.00 -61.71 -42.81
 825.00 -66.33 -40.29
 826.00 -67.50 -35.25
 827.00 -63.61 -39.03
 828.00 -49.43 -50.70
 829.00 -73.05 -34.35
 830.00 -53.17 -52.05
 831.00 -60.23 -47.00
 832.00 -78.27 -38.05
 833.00 -58.49 -37.32
 834.00 -59.17 -43.38
 835.00 -57.24 -47.80
 836.00 -75.55 -40.27
 837.00 -74.26 -19.14
 838.00 -54.40 -51.84
 839.00 -68.72 -20.90
 840.00 -116.16 -40.23
 841.00 -58.05   1.02
 842.00 -66.98 131.65
 843.00 -50.32  12.00
 844.00 -82.07 170.23
 845.00 -48.62  83.49
 846.00 -82.07 -33.95
 847.00 -120.12  -1.04
 848.00 -46.53  74.11
 849.00 -61.50 -35.71
 850.00 -62.09 -30.94
 851.00 -73.20 -40.70
 852.00 -61.16 -34.49
 853.00 -80.58 -36.66
 854.00 -59.87 -39.33
 855.00 -71.53 -30.33
 856.00 -58.93 -49.86
 857.00 -74.72 -31.96
 858.00 -67.14 -33.31
 859.00 -72.37 -36.97
 860.00 -63.53 -30.34
 861.00 -55.01 -43.52
 862.00 -70.36 -47.38
 863.00 -76.46 -24.76
 864.00 -75.37 -15.47
 865.00 -61.78 -41.61
 866.00 -70.23 -23.49
 867.00 -58.83 -59.42
 868.00 -64.85 -27.01
 869.00 -78.50 -35.52
 870.00 -57.70 -34.30
 871.00 -68.35 -30.63
 872.00 -76.96 -45.60
 873.00 -51.00 -29.37
 874.00 -66.14 -55.14
 875.00 -82.35 -23.91
 876.00 -77.84 -42.12
 877.00 -68.13 -35.87
 878.00 -59.30 -40.48
 879.00 -66.29 -42.83
 880.00 -70.94 -32.61
 881.00 -70.44 -32.12
 882.00 -121.35 -12.89
 883.00 -58.46  13.59
 884.00 -60.24 -31.45
 885.00 -81.39 -36.65
 886.00 -93.13 -39.00
 887.00  57.79 -11.25
 888.00 -80.75  39.38
 889.00 -88.72 132.35
 890.00 -107.98 122.14
 891.00 -53.39 126.54
 892.00 -42.22 133.13
 893.00 -74.29 -49.30
 894.00 -80.23 -31.70
 895.00 -49.31 -46.03
 896.00 -74.97 -36.60
 897.00 -72.34 -26.16
 898.00 -65.03 -43.38
 899.00 -86.54 -36.80
 900.00 -110.89 -15.46
 901.00 -94.37 -51.37
 902.00 -62.11 -44.17
 903.00 -48.17 -31.86
 904.00 -88.10 -40.76
 905.00 -61.41 -31.08
 906.00 -70.16 -44.81
 907.00 -70.87 -33.09
 908.00  81.85 -25.56
 909.00 -68.62  27.11
 910.00 -101.35 -45.54
 911.00 -138.18 135.95
 912.00 -53.18 139.72
 913.00 -109.82 160.00
 914.00 -129.28 135.61
 915.00 -93.52 147.61
 916.00 -117.36 -28.60
 917.00 -63.34 140.44


