 residuo Phi Psi
 669.00 -53.29 132.91
 670.00 -66.67 152.60
 671.00 -136.90 140.64
 672.00 -50.88  -2.47
 673.00 -77.80 -46.06
 674.00 -67.16 -24.63
 675.00 -73.10 -38.67
 676.00 -67.63 -47.78
 677.00 -95.94 -10.85
 678.00 -69.15 -31.13
 679.00 -83.42 -38.37
 680.00 -72.91  -7.00
 681.00 -56.52 122.87
 682.00 -84.63 165.93
 683.00 -75.79 179.03
 684.00 -118.48 165.07
 685.00 -93.81 123.68
 686.00 -87.78 152.36
 687.00  74.04  -7.65
 688.00 -77.37  13.26
 689.00 -108.22 149.52
 690.00 -88.99 126.61
 691.00 -75.44  -3.77
 692.00 -66.46 -22.87
 693.00 -74.49 147.06
 694.00 -86.16 176.26
 695.00 -133.88 150.46
 696.00 -53.78 149.23
 697.00 -74.34 -57.73
 698.00 -66.41 -33.90
 699.00 -50.42 -45.39
 700.00 -52.10 -61.49
 701.00 -62.66 -47.15
 702.00 -58.32 -41.13
 703.00 -68.08 -38.60
 704.00 -60.81 -47.54
 705.00 -62.46 -40.93
 706.00 -57.82 -45.57
 707.00 -61.93 -37.48
 708.00 -64.79 -42.12
 709.00 -48.61 -49.18
 710.00 -74.18 -44.04
 711.00 -66.04 -31.47
 712.00 -51.75 -38.09
 713.00 -75.60 -55.51
 714.00 -60.06 -30.54
 715.00 -72.51 -36.87
 716.00 -62.33 -37.30
 717.00 -59.03 -39.14
 718.00 -65.27 -58.25
 719.00 -55.20 -39.98
 720.00 -131.58 -12.83
 721.00 -70.39  15.18
 722.00 -41.84 130.69
 723.00  72.70 124.19
 724.00 -69.73  -3.40
 725.00 -71.54 -33.29
 726.00 -65.14   4.17
 727.00 -71.18 -34.27
 728.00 -66.63 141.88
 729.00 -64.58 162.74
 730.00 -72.92 -31.91
 731.00 -69.02 -33.79
 732.00 -56.26 -40.41
 733.00 -56.75 -55.82
 734.00 -63.35 -40.74
 735.00 -67.51 -49.07
 736.00 -58.08 -28.58
 737.00 -69.08 -51.50
 738.00 -103.61 -13.17
 739.00 -85.46 -35.47
 740.00 -66.75  -9.44
 741.00 -68.85 -32.91
 742.00 -61.42 -59.96
 743.00 -71.60 -39.14
 744.00 -69.77 -42.31
 745.00 -71.36 -34.68
 746.00 -49.58 -36.34
 747.00 -72.48 -47.91
 748.00 -68.19 -32.81
 749.00 -66.77 -33.02
 750.00 -57.79 -44.75
 751.00 -59.34 -48.21
 752.00 -71.17 -40.57
 753.00 -65.82 -38.48
 754.00 -115.38 -19.90
 755.00 -123.85   9.83
 756.00 -141.62 -43.04
 757.00  49.46  28.78
 758.00  69.76  29.93
 759.00 -59.94  -7.18
 760.00 -103.09 -59.13
 761.00 -99.80 156.57
 762.00 -89.57 107.64
 763.00 -69.94  74.67
 764.00 -150.73 -43.15
 765.00 -63.78 162.59
 766.00 -113.97 -13.69
 767.00 -140.98   1.03
 768.00 -98.38  74.28
 769.00 -109.22 134.90
 770.00 -68.74 105.42
 771.00 -64.33 162.70
 772.00 -71.97 -24.69
 773.00 -62.16 -41.05
 774.00 -44.71 -43.21
 775.00 -80.51 -49.51
 776.00 -67.54 -44.31
 777.00 -85.32 -21.20
 778.00  49.32 -12.07
 779.00 -125.29  53.87
 780.00 -69.67  32.14
 781.00 -59.49 -50.11
 782.00 -63.85 -42.83
 783.00 -63.66 -37.80
 784.00 -61.11 -40.99
 785.00 -71.93 -41.30
 786.00 -84.22 -21.91
 787.00 -59.23 -22.60
 788.00 -45.02 -56.00
 789.00 -54.76 -45.82
 790.00 -64.81 -42.68
 791.00 -63.03 -44.34
 792.00 -75.82 -20.71
 793.00 -70.44 -24.21
 794.00 -64.40 -50.51
 795.00 -72.91 -23.57
 796.00 -81.40 -43.70
 797.00  61.86 -17.64
 798.00 -45.15  43.60
 799.00 -98.81 141.06
 800.00 -66.55 149.32
 801.00 -62.17 -19.67
 802.00 -59.47 -49.14
 803.00 -43.23 -50.75
 804.00 -61.67 -51.94
 805.00 -70.76 -38.24
 806.00 -59.07 -37.27
 807.00 -77.56 -43.86
 808.00 -71.53 -30.63
 809.00 -74.25 -33.59
 810.00 -80.09 -21.59
 811.00 -96.75  -3.19
 812.00 -116.07  -1.29
 813.00 -129.26  27.19
 814.00 -149.26  11.07
 815.00 -144.91 130.50
 816.00 -65.49 154.59
 817.00 -63.42 150.46
 818.00 -70.81 -35.14
 819.00  62.45  -5.67
 820.00 -89.07 -172.24
 821.00 -57.18 156.62
 822.00 -121.55 -26.16
 823.00 -54.14  29.53
 824.00 -38.14 -28.52
 825.00 -83.83 -51.88
 826.00 -55.28 -29.87
 827.00 -60.71 -46.25
 828.00 -61.11 -46.23
 829.00 -69.40 -40.68
 830.00 -56.00 -55.08
 831.00 -59.14 -46.35
 832.00 -58.96 -49.36
 833.00 -77.60 -35.51
 834.00 -65.39 -33.00
 835.00 -66.63 -37.75
 836.00 -72.45 -36.45
 837.00 -61.75 -33.83
 838.00 -55.55 -47.90
 839.00 -80.59 -27.14
 840.00 -129.57 -23.83
 841.00 -43.11  -3.79
 842.00 -80.10 153.29
 843.00 -151.19  87.63
 844.00 -83.88 164.46
 845.00 -58.00 100.24
 846.00 -68.60 -30.73
 847.00 -143.62  -9.07
 848.00 -65.02  67.79
 849.00 -54.46 -12.36
 850.00 -63.72 -35.63
 851.00 -70.66 -31.94
 852.00 -70.33 -41.02
 853.00 -72.61 -34.21
 854.00 -68.23 -30.77
 855.00 -52.64 -45.18
 856.00 -65.87 -44.60
 857.00 -74.94 -45.58
 858.00 -77.71 -33.53
 859.00 -64.21 -40.43
 860.00 -55.43 -25.27
 861.00 -62.32 -45.31
 862.00 -59.67 -42.73
 863.00 -92.68 -30.39
 864.00 -102.60  -8.56
 865.00 -72.04 -24.07
 866.00 -65.47 -20.24
 867.00 -57.05 -39.49
 868.00 -67.33 -40.67
 869.00 -58.83 -40.39
 870.00 -57.46 -38.01
 871.00 -66.96 -39.76
 872.00 -63.00 -51.15
 873.00 -62.61 -30.25
 874.00 -74.92 -45.20
 875.00 -67.55 -29.59
 876.00 -79.76 -44.01
 877.00 -53.14 -41.73
 878.00 -56.45 -41.38
 879.00 -47.59 -59.08
 880.00 -65.49 -43.18
 881.00 -66.85 -47.43
 882.00 -91.46 -15.52
 883.00 -41.07 -15.12
 884.00 -73.49 -50.64
 885.00 -70.14 -22.95
 886.00 -82.33 -43.80
 887.00  62.15  -2.80
 888.00 -92.67  33.63
 889.00 -107.82 142.85
 890.00 -123.32 143.18
 891.00 -53.59 144.80
 892.00 -72.75 137.13
 893.00 -60.59 -24.77
 894.00 -81.03 -32.62
 895.00 -62.02 -32.53
 896.00 -50.41 -45.91
 897.00 -66.09 -50.18
 898.00 -69.38 -44.31
 899.00 -102.29 -26.14
 900.00 -128.44  -7.15
 901.00 -101.20 -35.92
 902.00 -58.39 -47.54
 903.00 -39.15 -36.13
 904.00 -74.46 -44.27
 905.00 -73.90 -22.59
 906.00 -67.04 -49.66
 907.00 -109.52 -14.24
 908.00  81.90  -3.11
 909.00 -111.84  25.70
 910.00 -120.58   0.28
 911.00 -160.80 141.06
 912.00 -74.48 149.22
 913.00 -108.98 164.05
 914.00 -77.61  90.74
 915.00 -78.02 136.62
 916.00 -145.24 -35.94
 917.00 -161.13 177.07


