 residuo Phi Psi
 669.00 -66.98 171.87
 670.00 -55.83 146.31
 671.00 -145.44 142.34
 672.00 -40.70 -30.57
 673.00 -51.80 -63.17
 674.00 -68.60 -31.79
 675.00 -61.93 -37.92
 676.00 -48.45 -56.70
 677.00 -92.56 -30.82
 678.00 -75.28 -29.64
 679.00 -77.84 -34.48
 680.00 -80.92   5.41
 681.00 -64.47 128.08
 682.00 -67.51 174.10
 683.00 -74.85 144.65
 684.00 -88.55 126.58
 685.00 -79.05 127.03
 686.00 -67.42 136.75
 687.00 101.80 -26.25
 688.00 -59.49  15.39
 689.00 -141.90 150.04
 690.00 -47.72 127.76
 691.00 -57.76 -18.69
 692.00 -58.43 -39.79
 693.00 -68.51 125.09
 694.00 -84.93 159.60
 695.00 -72.94  31.21
 696.00 -57.51 155.29
 697.00 -66.29 -35.58
 698.00 -77.82 -46.20
 699.00 -61.53 -45.00
 700.00 -77.55 -47.63
 701.00 -59.50 -30.81
 702.00 -70.79 -43.82
 703.00 -70.21 -29.80
 704.00 -61.29 -39.75
 705.00 -63.00 -35.78
 706.00 -57.27 -52.89
 707.00 -64.84 -31.49
 708.00 -70.03 -39.44
 709.00 -67.52 -39.91
 710.00 -66.36 -39.24
 711.00 -59.38 -41.12
 712.00 -74.61 -41.90
 713.00 -67.19 -25.60
 714.00 -56.78 -41.60
 715.00 -61.59 -44.45
 716.00 -64.80 -48.94
 717.00 -75.84 -38.45
 718.00 -65.45 -36.11
 719.00 -62.60 -41.92
 720.00 -94.06 -18.36
 721.00 -74.83  -2.70
 722.00 -59.92 131.70
 723.00  69.72 117.21
 724.00 -68.89  22.47
 725.00 -48.85 -40.79
 726.00 -66.23 -17.65
 727.00 -56.60 -41.40
 728.00 -64.69 144.07
 729.00 -43.86 140.35
 730.00 -78.30 -35.16
 731.00 -85.39 -32.10
 732.00 -65.64 -34.14
 733.00 -69.48 -38.36
 734.00 -59.92 -35.25
 735.00 -67.43 -52.74
 736.00 -72.55 -29.12
 737.00 -64.69 -47.49
 738.00 -91.15 -25.13
 739.00 -93.04 -28.80
 740.00 -59.72 -12.11
 741.00 -66.33 -47.67
 742.00 -75.21 -41.78
 743.00 -59.93 -35.74
 744.00 -79.28 -45.54
 745.00 -72.77 -34.45
 746.00 -54.15 -38.69
 747.00 -70.30 -37.79
 748.00 -61.36 -48.23
 749.00 -65.09 -34.67
 750.00 -62.59 -45.17
 751.00 -68.48 -45.24
 752.00 -60.28 -37.63
 753.00 -58.95 -48.01
 754.00 -72.50 -50.72
 755.00 -93.24 -37.78
 756.00 -129.38 -38.84
 757.00  52.62  26.91
 758.00  54.97  44.08
 759.00 -51.33 -20.94
 760.00 -92.45 -52.30
 761.00 -95.82 160.80
 762.00 -79.15  94.07
 763.00 -47.18  59.38
 764.00 -149.15 -47.73
 765.00 -53.74 158.65
 766.00 -105.48 -14.18
 767.00 -115.93 -35.80
 768.00 -96.98  81.52
 769.00 -100.21 147.13
 770.00 -66.86 104.58
 771.00 -68.83 174.65
 772.00 -57.65 -26.94
 773.00 -72.98 -39.30
 774.00 -62.76 -33.91
 775.00 -75.55 -41.69
 776.00 -63.12 -38.19
 777.00 -70.09 -38.64
 778.00  60.38  -8.27
 779.00 -68.90 -24.98
 780.00 -69.86  41.35
 781.00 -50.65 -44.88
 782.00 -71.52 -43.47
 783.00 -62.95 -40.88
 784.00 -59.95 -33.83
 785.00 -57.35 -50.65
 786.00 -60.74 -44.37
 787.00 -53.62 -45.41
 788.00 -56.55 -49.93
 789.00 -68.85 -35.13
 790.00 -63.96 -34.49
 791.00 -74.77 -37.37
 792.00 -59.22 -21.96
 793.00 -55.92 -42.75
 794.00 -71.89 -39.99
 795.00 -66.86 -48.51
 796.00 -79.74 -34.00
 797.00  52.23 -14.52
 798.00 -66.57  59.28
 799.00 -83.09 138.88
 800.00 -65.38 157.78
 801.00 -60.22 -39.72
 802.00 -74.91 -38.54
 803.00 -59.29 -41.62
 804.00 -65.56 -44.46
 805.00 -63.68 -38.72
 806.00 -62.79 -44.71
 807.00 -60.12 -41.27
 808.00 -49.74 -53.41
 809.00 -61.68 -47.96
 810.00 -70.84 -27.07
 811.00 -76.77 -13.51
 812.00 -121.98 -17.86
 813.00 -146.88  56.62
 814.00 -145.64  -1.28
 815.00 -149.47 126.82
 816.00 -59.97 154.99
 817.00 -67.43 150.38
 818.00 -82.75 -31.82
 819.00  78.66  11.78
 820.00 -73.61 168.83
 821.00 -64.90 164.47
 822.00 -117.72 -45.29
 823.00 -82.37  96.63
 824.00 -68.45 -30.26
 825.00 -55.33 -35.99
 826.00 -67.14 -43.59
 827.00 -53.08 -42.27
 828.00 -72.20 -53.30
 829.00 -69.35 -30.54
 830.00 -66.75 -43.45
 831.00 -50.58 -51.96
 832.00 -55.83 -47.18
 833.00 -64.61 -53.68
 834.00 -56.09 -34.43
 835.00 -55.36 -55.73
 836.00 -70.71 -34.97
 837.00 -62.26 -38.27
 838.00 -77.61 -31.80
 839.00 -50.95 -24.94
 840.00 -138.63 -20.93
 841.00 -61.08  -5.28
 842.00 -82.42 154.62
 843.00 -141.50  96.48
 844.00 -82.25 153.48
 845.00 -53.45  92.73
 846.00 -57.39 -28.45
 847.00 -126.91 -26.35
 848.00 -58.22  99.74
 849.00 -52.38 -29.35
 850.00 -71.93 -38.01
 851.00 -62.46 -37.22
 852.00 -63.31 -45.62
 853.00 -71.51 -41.86
 854.00 -60.89 -30.29
 855.00 -61.74 -45.25
 856.00 -55.51 -48.26
 857.00 -66.68 -32.86
 858.00 -78.90 -34.23
 859.00 -61.01 -43.13
 860.00 -58.31 -40.23
 861.00 -66.31 -36.36
 862.00 -47.74 -56.75
 863.00 -68.68 -39.35
 864.00 -69.88 -37.28
 865.00 -60.04 -17.75
 866.00 -75.73 -40.38
 867.00 -67.40 -29.97
 868.00 -75.00 -31.74
 869.00 -52.34 -49.90
 870.00 -65.72 -44.08
 871.00 -61.67 -36.09
 872.00 -81.00 -37.09
 873.00 -67.88 -26.83
 874.00 -49.21 -45.27
 875.00 -66.10 -58.11
 876.00 -65.00 -43.98
 877.00 -67.78 -32.47
 878.00 -58.10 -43.81
 879.00 -59.78 -49.30
 880.00 -69.18 -36.21
 881.00 -63.41 -37.35
 882.00 -90.49 -37.65
 883.00 -53.12  -8.90
 884.00 -60.14 -49.76
 885.00 -77.70 -27.41
 886.00 -117.93 -16.14
 887.00  68.98  16.12
 888.00 -81.92   9.50
 889.00 -118.53 142.21
 890.00 -132.74 145.87
 891.00 -66.12 126.34
 892.00 -64.98 152.54
 893.00 -80.05 -34.28
 894.00 -66.43 -40.36
 895.00 -52.99 -47.94
 896.00 -71.64 -30.94
 897.00 -59.17 -52.59
 898.00 -72.44 -42.51
 899.00 -70.56 -45.91
 900.00 -106.10 -28.03
 901.00 -92.58 -54.12
 902.00 -60.97 -39.91
 903.00 -65.74 -35.36
 904.00 -69.34 -19.78
 905.00 -69.64 -34.23
 906.00 -79.11 -37.64
 907.00 -69.76 -27.90
 908.00  94.58 -19.92
 909.00 -59.53  -4.39
 910.00 -121.31 -20.02
 911.00 -141.73 140.88
 912.00 -76.13 153.99
 913.00 -93.85 158.88
 914.00 -113.82 134.21
 915.00 -95.59 157.53
 916.00 -134.31 -15.36
 917.00 -89.48 169.98


