 residuo Phi Psi
 669.00 -90.74 145.72
 670.00 -50.52 163.87
 671.00 -157.61 140.96
 672.00 -63.09 -23.23
 673.00 -70.40 -47.37
 674.00 -61.20 -31.59
 675.00 -67.01 -40.46
 676.00 -54.85 -53.47
 677.00 -59.74 -41.56
 678.00 -78.87 -43.24
 679.00 -72.34 -34.40
 680.00 -78.71  -1.46
 681.00 -66.30 123.73
 682.00 -80.32 171.15
 683.00 -66.59 179.49
 684.00 -126.67 140.52
 685.00 -77.27 117.38
 686.00 -87.52 156.97
 687.00  53.13   2.07
 688.00 -94.24  36.69
 689.00 -126.59 151.49
 690.00 -70.55 107.83
 691.00 -61.15 -12.32
 692.00 -79.45 -32.16
 693.00 -69.36 142.22
 694.00 -75.00 152.53
 695.00 -152.74 147.47
 696.00 -48.35 155.22
 697.00 -65.77 -54.84
 698.00 -70.19 -33.45
 699.00 -65.05 -43.31
 700.00 -71.90 -39.19
 701.00 -61.73 -43.13
 702.00 -73.87 -32.60
 703.00 -59.00 -43.54
 704.00 -70.37 -34.04
 705.00 -60.58 -39.62
 706.00 -57.99 -44.90
 707.00 -48.55 -45.79
 708.00 -79.90 -43.66
 709.00 -60.80 -43.24
 710.00 -60.52 -42.91
 711.00 -55.36 -48.38
 712.00 -61.15 -41.67
 713.00 -82.14 -35.30
 714.00 -71.29 -29.17
 715.00 -54.12 -36.73
 716.00 -53.30 -52.19
 717.00 -65.90 -42.91
 718.00 -53.42 -55.80
 719.00 -67.77 -31.59
 720.00 -90.06 -28.85
 721.00 -72.00 -12.51
 722.00 -57.26 135.31
 723.00  86.59 117.81
 724.00 -64.87 -13.15
 725.00 -62.00 -27.85
 726.00 -64.65 -11.80
 727.00 -84.75 -17.38
 728.00 -54.22 142.92
 729.00 -40.19 137.78
 730.00 -68.95 -42.80
 731.00 -54.16 -42.80
 732.00 -52.03 -50.36
 733.00 -62.69 -52.55
 734.00 -55.23 -41.67
 735.00 -67.58 -52.51
 736.00 -49.97 -48.96
 737.00 -82.22 -41.53
 738.00 -67.37 -48.84
 739.00 -65.50 -28.74
 740.00 -46.66 -20.03
 741.00 -70.10 -56.68
 742.00 -62.95 -44.50
 743.00 -71.86 -35.85
 744.00 -81.89 -42.17
 745.00 -67.33 -31.90
 746.00 -72.72 -38.68
 747.00 -58.98 -41.69
 748.00 -65.22 -48.55
 749.00 -48.58 -31.33
 750.00 -60.52 -54.03
 751.00 -55.30 -52.44
 752.00 -82.85 -32.38
 753.00 -60.33 -46.50
 754.00 -83.49 -34.08
 755.00 -80.97 -51.62
 756.00 -143.75 -30.78
 757.00  48.97  30.22
 758.00  68.90  34.53
 759.00 -67.72  -2.60
 760.00 -120.07 -39.78
 761.00 -83.04 156.80
 762.00 -108.02 124.20
 763.00 -65.82  72.09
 764.00 -153.33 -51.40
 765.00 -62.67 155.45
 766.00 -88.06 -27.87
 767.00 -127.94 -13.24
 768.00 -71.84  62.12
 769.00 -112.54 143.02
 770.00 -82.82 107.94
 771.00 -53.40 170.89
 772.00 -54.25 -44.28
 773.00 -62.88 -50.78
 774.00 -70.32 -27.60
 775.00 -60.09 -49.35
 776.00 -45.69 -55.23
 777.00 -97.40 -35.85
 778.00  60.62  10.09
 779.00 -125.46  18.90
 780.00 -55.38  32.78
 781.00 -62.72 -53.10
 782.00 -82.34 -22.43
 783.00 -66.79 -41.50
 784.00 -56.30 -37.87
 785.00 -71.10 -41.98
 786.00 -66.69 -37.54
 787.00 -66.46 -27.52
 788.00 -53.91 -55.30
 789.00 -83.94 -24.99
 790.00 -58.14 -36.67
 791.00 -57.78 -40.99
 792.00 -61.33 -33.25
 793.00 -63.80 -32.67
 794.00 -85.60 -26.95
 795.00 -70.15 -27.42
 796.00 -58.81 -48.97
 797.00  55.98 -33.86
 798.00 -55.53  40.02
 799.00 -97.33 146.24
 800.00 -58.11 156.64
 801.00 -46.10 -33.85
 802.00 -68.50 -57.08
 803.00 -47.63 -53.26
 804.00 -60.50 -51.80
 805.00 -80.29 -31.98
 806.00 -80.27 -32.79
 807.00 -66.32 -35.50
 808.00 -71.47 -34.08
 809.00 -61.07 -45.67
 810.00 -70.14 -20.15
 811.00 -91.65 -12.28
 812.00 -118.89  -1.01
 813.00 -116.78  26.17
 814.00 -141.41 -15.86
 815.00 -139.42 125.69
 816.00 -56.13 158.09
 817.00 -77.96 167.48
 818.00 -62.13 -38.86
 819.00  80.71 -14.88
 820.00 -73.88 172.19
 821.00 -55.73 156.96
 822.00 -105.22 -37.37
 823.00 -61.96  46.26
 824.00 -70.10 -37.77
 825.00 -59.25 -31.45
 826.00 -59.89 -46.18
 827.00 -56.60 -43.45
 828.00 -64.10 -49.50
 829.00 -70.16 -37.28
 830.00 -54.95 -42.71
 831.00 -57.93 -49.00
 832.00 -74.39 -27.06
 833.00 -75.83 -44.61
 834.00 -75.84 -16.27
 835.00 -61.13 -49.49
 836.00 -82.73 -40.38
 837.00 -71.71 -17.39
 838.00 -59.06 -54.71
 839.00 -74.04 -20.52
 840.00 -121.15 -20.53
 841.00 -52.37 -10.51
 842.00 -86.39 151.71
 843.00 -144.45  81.41
 844.00 -74.35 158.85
 845.00 -72.69 112.56
 846.00 -68.50 -34.53
 847.00 -118.77 -14.87
 848.00 -52.43  77.18
 849.00 -68.30 -24.81
 850.00 -64.73 -26.63
 851.00 -60.51 -45.49
 852.00 -66.80 -43.42
 853.00 -58.76 -36.53
 854.00 -61.35 -45.23
 855.00 -62.36 -47.70
 856.00 -59.95 -39.68
 857.00 -59.45 -51.34
 858.00 -65.92 -36.62
 859.00 -78.80 -50.26
 860.00 -52.66 -27.01
 861.00 -67.52 -44.77
 862.00 -71.40 -26.52
 863.00 -65.37 -45.31
 864.00 -90.12 -25.05
 865.00 -78.63  -1.16
 866.00 -59.74 -27.87
 867.00 -60.46 -43.17
 868.00 -65.95 -32.78
 869.00 -71.44 -40.76
 870.00 -63.86 -34.63
 871.00 -67.86 -39.40
 872.00 -85.44 -27.63
 873.00 -50.56 -45.66
 874.00 -64.70 -34.56
 875.00 -57.27 -54.09
 876.00 -72.81 -51.33
 877.00 -58.40 -28.55
 878.00 -73.09 -50.90
 879.00 -65.13 -40.04
 880.00 -60.90 -34.40
 881.00 -65.32 -58.17
 882.00 -95.64 -14.24
 883.00 -47.55 -10.28
 884.00 -65.21 -40.85
 885.00 -58.89 -41.50
 886.00 -111.51 -26.15
 887.00  58.83  12.14
 888.00 -74.43  24.68
 889.00 -82.02 124.98
 890.00 -113.23 123.23
 891.00 -51.16 121.10
 892.00 -52.04 138.48
 893.00 -56.92 -40.93
 894.00 -82.33 -44.08
 895.00 -70.49 -36.11
 896.00 -64.87 -22.87
 897.00 -67.01 -44.22
 898.00 -70.20 -41.85
 899.00 -89.95 -37.50
 900.00 -120.79 -10.98
 901.00 -109.21 -39.94
 902.00 -61.74 -40.43
 903.00 -58.84 -34.30
 904.00 -73.45 -25.84
 905.00 -76.32 -27.21
 906.00 -77.26 -33.35
 907.00 -72.86 -42.62
 908.00  94.53 -18.06
 909.00 -78.79  12.28
 910.00 -121.48  -9.29
 911.00 -129.17 131.16
 912.00 -55.29 134.62
 913.00 -95.88 156.90
 914.00 -67.56  81.34
 915.00 -72.80 138.98
 916.00 -134.50 -34.83
 917.00 -95.72 137.19


