 residuo Phi Psi
 669.00 -69.40 146.17
 670.00 -36.52 157.23
 671.00 -65.02 142.39
 672.00 -51.39 -47.50
 673.00 -79.23 -38.36
 674.00 -60.97 -30.78
 675.00 -69.02 -28.91
 676.00 -52.92 -53.01
 677.00 -69.65 -45.58
 678.00 -77.06 -25.20
 679.00 -78.07 -42.82
 680.00 -53.75  -5.33
 681.00 -58.79 123.38
 682.00 -94.28 151.98
 683.00 -55.48 157.22
 684.00 -137.31 144.41
 685.00 -113.22 153.69
 686.00 -58.01 140.46
 687.00  94.09 -34.23
 688.00 -91.38  32.59
 689.00 -141.31 167.47
 690.00 -58.49 100.57
 691.00 -56.33 -17.97
 692.00 -82.56 -39.24
 693.00 -67.53 143.01
 694.00 -85.37 157.96
 695.00 -169.95 163.85
 696.00 -54.50 150.65
 697.00 -65.15 -59.45
 698.00 -62.16 -43.45
 699.00 -62.42 -45.96
 700.00 -72.23 -41.43
 701.00 -59.67 -31.38
 702.00 -62.96 -44.13
 703.00 -69.81 -44.02
 704.00 -76.54 -35.75
 705.00 -58.71 -31.34
 706.00 -71.32 -41.45
 707.00 -55.96 -21.99
 708.00 -64.47 -55.91
 709.00 -51.41 -55.65
 710.00 -65.57 -46.47
 711.00 -46.31 -55.07
 712.00 -63.68 -49.54
 713.00 -73.98 -25.40
 714.00 -65.84 -39.77
 715.00 -57.44 -43.05
 716.00 -55.34 -49.13
 717.00 -66.80 -41.75
 718.00 -63.14 -46.62
 719.00 -65.81 -27.72
 720.00 -118.00 -23.50
 721.00 -52.49   0.21
 722.00 -62.41 131.92
 723.00  79.51 134.21
 724.00 -62.03 -17.50
 725.00 -56.33 -25.64
 726.00 -79.23 -11.35
 727.00 -100.56  -9.06
 728.00 -78.01 146.80
 729.00 -59.86 152.04
 730.00 -67.03 -24.90
 731.00 -66.37 -46.53
 732.00 -64.72 -36.91
 733.00 -62.22 -52.41
 734.00 -71.46 -26.09
 735.00 -61.53 -55.12
 736.00 -62.66 -32.97
 737.00 -68.74 -38.17
 738.00 -79.48 -42.92
 739.00 -81.21 -38.26
 740.00 -45.79 -26.01
 741.00 -58.73 -41.17
 742.00 -53.14 -45.58
 743.00 -73.86 -44.72
 744.00 -72.98 -32.77
 745.00 -71.20 -45.73
 746.00 -58.18 -51.71
 747.00 -71.19 -39.07
 748.00 -78.88 -29.51
 749.00 -60.58 -33.90
 750.00 -56.01 -44.13
 751.00 -68.82 -48.83
 752.00 -67.16 -27.48
 753.00 -70.23 -37.75
 754.00 -64.45 -51.81
 755.00 -83.05 -55.41
 756.00 -128.66 -38.38
 757.00  50.78  22.30
 758.00  60.10  38.81
 759.00 -66.15  -1.08
 760.00 -154.35 -11.82
 761.00 -104.01 162.22
 762.00 -90.93 110.75
 763.00 -76.94  68.33
 764.00 -156.04 -40.81
 765.00 -64.92 157.98
 766.00 -84.68 -16.69
 767.00 -86.40 -47.39
 768.00 -71.72  47.76
 769.00 -89.59 114.67
 770.00 -87.08 109.39
 771.00 -37.35 170.33
 772.00 -65.87 -46.01
 773.00 -60.04 -42.03
 774.00 -64.55 -32.48
 775.00 -61.59 -44.99
 776.00 -84.99 -40.50
 777.00 -71.59 -36.33
 778.00  49.10   4.35
 779.00 -141.35  50.01
 780.00 -66.03  33.16
 781.00 -60.59 -49.77
 782.00 -65.95 -36.09
 783.00 -55.64 -56.68
 784.00 -77.63 -26.50
 785.00 -76.36 -31.13
 786.00 -59.24 -40.32
 787.00 -53.26 -41.86
 788.00 -64.74 -47.60
 789.00 -57.57 -49.56
 790.00 -61.66 -42.15
 791.00 -50.85 -50.20
 792.00 -65.10 -31.79
 793.00 -62.35 -26.12
 794.00 -63.39 -45.60
 795.00 -58.52 -44.62
 796.00 -94.76 -28.52
 797.00  36.20 -18.26
 798.00 -57.41  56.74
 799.00 -88.42 132.98
 800.00 -58.84 139.54
 801.00 -68.33 -23.06
 802.00 -51.31 -47.84
 803.00 -42.88 -53.82
 804.00 -69.80 -45.50
 805.00 -67.45 -37.01
 806.00 -71.81 -37.65
 807.00 -71.03 -40.05
 808.00 -78.55 -18.88
 809.00 -56.78 -43.44
 810.00 -55.06 -39.50
 811.00 -71.38 -21.47
 812.00 -91.68 -36.07
 813.00 -121.79  31.67
 814.00 -160.07  13.03
 815.00 -141.98 128.43
 816.00 -74.91 170.35
 817.00 -55.05 156.99
 818.00 -89.53 -32.62
 819.00  73.51 -11.62
 820.00 -71.47 165.00
 821.00 -64.08 146.03
 822.00 -92.92 -32.88
 823.00 -54.97  37.66
 824.00 -63.01 -34.46
 825.00 -61.62 -44.85
 826.00 -77.82 -26.35
 827.00 -67.55 -39.91
 828.00 -67.04 -27.14
 829.00 -70.59 -59.44
 830.00 -61.10 -33.23
 831.00 -72.13 -50.01
 832.00 -71.84 -23.55
 833.00 -66.83 -39.72
 834.00 -70.16 -23.54
 835.00 -56.75 -55.97
 836.00 -60.67 -38.14
 837.00 -71.72 -39.01
 838.00 -55.59 -49.78
 839.00 -108.02  -3.57
 840.00 -128.98  -7.16
 841.00 -54.34  -2.16
 842.00 -77.69 148.07
 843.00 -155.03  91.21
 844.00 -80.96 147.09
 845.00 -56.23 107.14
 846.00 -80.22 -34.51
 847.00 -58.97 -28.45
 848.00 -81.36 162.67
 849.00 -113.65 -42.95
 850.00 -41.63 -11.82
 851.00 -60.39 -61.18
 852.00 -75.25 -41.37
 853.00 -68.23 -24.01
 854.00 -51.62 -48.26
 855.00 -72.54 -51.74
 856.00 -56.16 -27.68
 857.00 -72.95 -47.07
 858.00 -71.82 -34.95
 859.00 -77.88 -33.69
 860.00 -58.58 -27.89
 861.00 -78.61 -41.74
 862.00 -67.70 -23.85
 863.00 -64.95 -48.37
 864.00 -65.22 -33.95
 865.00 -59.50 -22.45
 866.00 -64.12 -39.81
 867.00 -60.86 -43.65
 868.00 -75.83 -37.06
 869.00 -68.93 -30.82
 870.00 -71.41 -34.35
 871.00 -53.71 -48.99
 872.00 -85.58 -36.14
 873.00 -59.96 -25.13
 874.00 -56.95 -49.27
 875.00 -56.23 -50.34
 876.00 -71.00 -51.78
 877.00 -60.62 -38.29
 878.00 -57.63 -58.72
 879.00 -60.21 -43.24
 880.00 -72.71 -28.38
 881.00 -54.43 -36.79
 882.00 -110.54 -32.38
 883.00 -60.16  17.80
 884.00 -83.49 -32.03
 885.00 -74.05 -36.82
 886.00 -95.82 -28.80
 887.00  62.22 -10.48
 888.00 -94.45  27.91
 889.00 -85.23 122.20
 890.00 -123.11 132.39
 891.00 -59.75 138.67
 892.00 -37.10 124.35
 893.00 -69.53 -47.83
 894.00 -66.62 -47.57
 895.00 -60.27 -32.12
 896.00 -64.90 -34.87
 897.00 -75.69 -27.37
 898.00 -62.86 -44.17
 899.00 -72.71 -45.98
 900.00 -121.41 -26.39
 901.00 -105.99 -36.78
 902.00 -65.63 -31.86
 903.00 -54.69 -44.93
 904.00 -60.13 -26.96
 905.00 -62.42 -48.09
 906.00 -79.19 -48.42
 907.00 -92.68 -18.04
 908.00  67.02   2.29
 909.00 -75.49  19.80
 910.00 -130.02 -23.60
 911.00 -164.37 140.80
 912.00 -63.28 151.69
 913.00 -107.01 158.58
 914.00 -84.81 100.91
 915.00 -87.83 139.24
 916.00 -111.34 -33.92
 917.00 -125.70 159.26


