 residuo Phi Psi
 669.00 -108.88 161.89
 670.00 -85.60 166.02
 671.00 -62.69 162.55
 672.00 -72.83 -41.12
 673.00 -73.16 -28.58
 674.00 -71.76 -17.71
 675.00 -46.43 -51.13
 676.00 -54.35 -56.71
 677.00 -64.52 -42.41
 678.00 -83.74 -26.10
 679.00 -85.92 -45.87
 680.00 -56.95  -2.39
 681.00 -69.98 126.30
 682.00 -63.27 150.73
 683.00 -67.53 148.06
 684.00 -108.90 131.02
 685.00 -84.13 150.99
 686.00 -91.13 159.67
 687.00  81.87 -27.92
 688.00 -63.30  14.99
 689.00 -150.24 166.32
 690.00 -60.66  94.04
 691.00 -61.55 -10.88
 692.00 -108.84 -31.57
 693.00 -69.78 147.67
 694.00 -69.18 142.78
 695.00 -150.82 148.89
 696.00 -38.11 150.11
 697.00 -72.36 -63.30
 698.00 -66.51 -32.28
 699.00 -61.16 -56.65
 700.00 -81.96 -35.74
 701.00 -71.09 -32.20
 702.00 -68.67 -32.20
 703.00 -51.07 -53.47
 704.00 -71.64 -34.81
 705.00 -64.84 -41.45
 706.00 -60.14 -42.30
 707.00 -55.64 -49.31
 708.00 -73.40 -37.28
 709.00 -69.20 -26.68
 710.00 -53.77 -46.31
 711.00 -63.05 -37.36
 712.00 -70.03 -36.51
 713.00 -69.59 -35.23
 714.00 -47.98 -39.85
 715.00 -66.66 -56.88
 716.00 -59.31 -37.64
 717.00 -71.13 -43.81
 718.00 -54.26 -40.22
 719.00 -70.79 -37.90
 720.00 -81.49 -33.82
 721.00 -83.43 -19.03
 722.00 -46.46 129.79
 723.00  75.20 150.19
 724.00 -68.94 -13.88
 725.00 -49.84 -47.91
 726.00 -60.52 -11.66
 727.00 -81.36 -26.03
 728.00 -65.63 145.36
 729.00 -56.58 159.96
 730.00 -58.40 -41.55
 731.00 -80.31 -35.05
 732.00 -59.45 -41.78
 733.00 -53.82 -49.95
 734.00 -52.59 -46.17
 735.00 -68.55 -59.62
 736.00 -57.99 -35.42
 737.00 -69.37 -53.02
 738.00 -89.30 -28.65
 739.00 -92.28 -20.42
 740.00 -52.98 -25.31
 741.00 -58.04 -41.54
 742.00 -62.82 -40.57
 743.00 -64.78 -42.81
 744.00 -67.33 -42.46
 745.00 -79.06 -48.50
 746.00 -67.82 -21.91
 747.00 -64.08 -47.63
 748.00 -67.53 -33.72
 749.00 -56.05 -47.14
 750.00 -66.69 -48.00
 751.00 -47.78 -55.92
 752.00 -62.60 -36.66
 753.00 -83.62 -37.07
 754.00 -77.33 -45.38
 755.00 -79.40 -35.20
 756.00 -134.34 -52.26
 757.00  56.81  17.98
 758.00  69.20  25.94
 759.00 -72.66  13.20
 760.00 -139.21 -31.12
 761.00 -103.29 150.40
 762.00 -111.49 132.88
 763.00 -65.07  65.69
 764.00 -145.19 -46.14
 765.00 -66.48 166.87
 766.00 -121.90   0.43
 767.00 -132.42   2.36
 768.00 -79.97  56.91
 769.00 -122.12 142.59
 770.00 -100.49 117.12
 771.00 -55.29 -173.38
 772.00 -74.45 -37.09
 773.00 -68.23 -45.05
 774.00 -63.12 -25.98
 775.00 -61.63 -44.47
 776.00 -70.07 -49.25
 777.00 -74.63 -34.54
 778.00  38.49   1.41
 779.00 -125.10  53.53
 780.00 -57.15  15.64
 781.00 -56.28 -49.94
 782.00 -68.44 -52.78
 783.00 -69.86 -29.77
 784.00 -69.69 -29.55
 785.00 -63.45 -37.48
 786.00 -57.66 -47.00
 787.00 -65.16 -46.14
 788.00 -63.61 -44.12
 789.00 -76.21 -25.69
 790.00 -66.18 -42.44
 791.00 -58.97 -29.61
 792.00 -72.12 -36.43
 793.00 -70.66 -20.03
 794.00 -64.19 -35.37
 795.00 -61.63 -47.55
 796.00 -84.83 -46.36
 797.00  60.51  -2.10
 798.00 -67.42  47.71
 799.00 -91.11 129.33
 800.00 -52.28 157.27
 801.00 -55.86 -41.22
 802.00 -74.11 -38.99
 803.00 -52.39 -46.91
 804.00 -64.91 -41.14
 805.00 -71.81 -46.95
 806.00 -64.77 -31.01
 807.00 -65.43 -47.62
 808.00 -57.21 -35.96
 809.00 -62.18 -45.52
 810.00 -76.98 -27.03
 811.00 -75.03  -9.69
 812.00 -113.41 -24.64
 813.00 -145.76  57.84
 814.00 -151.00   7.19
 815.00 -153.01 132.62
 816.00 -57.45 149.38
 817.00 -67.26 159.43
 818.00 -63.62 -33.53
 819.00  73.25 -18.99
 820.00 -77.48 159.13
 821.00 -66.42 157.49
 822.00 -109.74 -28.06
 823.00 -59.77  45.97
 824.00 -59.03 -33.49
 825.00 -79.29 -35.40
 826.00 -59.08 -33.56
 827.00 -58.09 -47.66
 828.00 -67.14 -42.93
 829.00 -79.00 -33.16
 830.00 -51.42 -43.59
 831.00 -69.32 -57.15
 832.00 -73.80 -20.61
 833.00 -70.93 -42.52
 834.00 -59.94 -32.04
 835.00 -46.63 -57.05
 836.00 -78.41 -38.79
 837.00 -69.63 -34.10
 838.00 -57.34 -34.94
 839.00 -79.50 -31.75
 840.00 -116.88 -14.52
 841.00 -67.82  -2.38
 842.00 -83.66 137.17
 843.00 -167.80  96.21
 844.00 -78.15 165.08
 845.00 -55.39  99.34
 846.00 -67.81 -31.45
 847.00 -112.00 -21.66
 848.00 -39.82  80.08
 849.00 -64.52 -38.07
 850.00 -76.83 -29.75
 851.00 -58.30 -52.77
 852.00 -53.20 -33.86
 853.00 -66.43 -48.08
 854.00 -73.96 -36.62
 855.00 -67.44 -49.51
 856.00 -56.39 -39.74
 857.00 -66.73 -44.22
 858.00 -73.13 -30.21
 859.00 -59.78 -41.61
 860.00 -49.70 -51.81
 861.00 -68.73 -37.57
 862.00 -56.35 -43.95
 863.00 -66.13 -43.60
 864.00 -62.78 -34.10
 865.00 -58.23 -31.43
 866.00 -52.79 -44.95
 867.00 -69.40 -53.23
 868.00 -49.93 -34.44
 869.00 -65.97 -51.29
 870.00 -57.06 -40.85
 871.00 -54.83 -43.54
 872.00 -76.86 -43.66
 873.00 -61.53 -31.63
 874.00 -58.00 -47.26
 875.00 -65.86 -47.84
 876.00 -77.62 -41.12
 877.00 -59.04 -28.70
 878.00 -55.16 -47.77
 879.00 -91.11 -20.59
 880.00 -65.14 -39.59
 881.00 -59.30 -40.95
 882.00 -129.61 -16.01
 883.00 -51.77  37.18
 884.00 -80.90 -43.97
 885.00 -54.63 -30.67
 886.00 -79.78 -51.32
 887.00  48.37  -5.64
 888.00 -97.66  32.75
 889.00 -83.57 126.84
 890.00 -132.60 140.52
 891.00 -73.04 128.26
 892.00 -77.69 155.18
 893.00 -71.79 -36.20
 894.00 -91.13 -24.28
 895.00 -63.36 -35.79
 896.00 -44.34 -41.15
 897.00 -75.90 -42.65
 898.00 -72.38 -39.35
 899.00 -84.90 -20.48
 900.00 -136.45 -21.87
 901.00 -81.03 -49.39
 902.00 -47.96 -50.87
 903.00 -53.45 -42.49
 904.00 -73.90 -35.03
 905.00 -68.38 -29.38
 906.00 -71.79 -48.49
 907.00 -85.42 -34.75
 908.00  75.13  10.30
 909.00 -81.76  17.02
 910.00 -138.94  -0.79
 911.00 -118.45 139.61
 912.00 -60.56 121.25
 913.00 -109.56 160.09
 914.00 -89.91 114.68
 915.00 -65.59 118.30
 916.00 -94.81 -37.64
 917.00 -86.75 155.16


