 residuo Phi Psi
 669.00 -77.57 142.89
 670.00 -44.34 142.37
 671.00 -160.68 155.19
 672.00 -61.54 -22.06
 673.00 -80.79 -36.09
 674.00 -55.86 -41.91
 675.00 -76.51 -32.83
 676.00 -52.31 -53.20
 677.00 -70.15 -43.65
 678.00 -61.07 -43.51
 679.00 -93.89 -34.77
 680.00 -62.71  -5.03
 681.00 -69.21 127.58
 682.00 -70.28 167.75
 683.00 -66.06 174.87
 684.00 -107.73 139.42
 685.00 -87.32 136.63
 686.00 -84.03 157.73
 687.00  69.09 -16.50
 688.00 -89.22  32.94
 689.00 -86.18 126.95
 690.00 -51.24  93.04
 691.00 -62.65 -24.72
 692.00 -70.71 -25.99
 693.00 -69.84 138.60
 694.00 -96.98 149.67
 695.00 -144.30 143.75
 696.00 -55.67 163.68
 697.00 -67.48 -44.32
 698.00 -83.02 -35.90
 699.00 -58.38 -42.97
 700.00 -64.24 -61.30
 701.00 -58.56 -44.83
 702.00 -64.16 -36.37
 703.00 -66.22 -35.63
 704.00 -66.85 -35.93
 705.00 -59.80 -43.23
 706.00 -67.35 -34.53
 707.00 -68.96 -30.40
 708.00 -71.04 -25.64
 709.00 -74.35 -44.06
 710.00 -76.13 -28.41
 711.00 -62.89 -41.58
 712.00 -68.15 -27.09
 713.00 -79.48 -38.04
 714.00 -57.12 -40.53
 715.00 -61.70 -49.82
 716.00 -66.61 -35.16
 717.00 -71.07 -37.41
 718.00 -61.70 -52.18
 719.00 -54.01 -35.13
 720.00 -87.83 -46.22
 721.00 -71.13  -1.47
 722.00 -76.29 135.87
 723.00  78.19 134.04
 724.00 -45.14 -12.09
 725.00 -73.40 -31.39
 726.00 -69.03  -4.89
 727.00 -76.81 -23.40
 728.00 -80.66 164.57
 729.00 -56.35 143.08
 730.00 -67.73 -26.33
 731.00 -69.75 -44.00
 732.00 -65.63 -28.66
 733.00 -63.34 -52.10
 734.00 -59.14 -31.89
 735.00 -68.92 -57.01
 736.00 -44.74 -34.20
 737.00 -48.31 -79.37
 738.00 -78.31 -25.59
 739.00 -74.79 -51.98
 740.00 -39.86  -8.20
 741.00 -73.13 -56.97
 742.00 -49.34 -54.79
 743.00 -70.17 -42.04
 744.00 -92.31 -30.54
 745.00 -62.81 -30.31
 746.00 -68.61 -39.95
 747.00 -77.58 -31.01
 748.00 -68.42 -37.84
 749.00 -48.28 -33.01
 750.00 -84.62 -41.22
 751.00 -53.43 -39.16
 752.00 -75.10 -36.26
 753.00 -59.54 -46.48
 754.00 -82.81 -45.56
 755.00 -84.36 -35.72
 756.00 -124.09 -44.89
 757.00  46.74  27.29
 758.00  59.22  38.37
 759.00 -74.82  -0.42
 760.00 -126.51 -24.51
 761.00 -99.06 166.70
 762.00 -98.80 113.67
 763.00 -72.48  75.52
 764.00 -159.04 -30.94
 765.00 -55.92 159.96
 766.00 -96.71 -33.39
 767.00 -91.63 -41.30
 768.00 -68.01  59.87
 769.00 -101.65 130.59
 770.00 -80.15 113.38
 771.00 -69.05 179.41
 772.00 -66.93 -23.87
 773.00 -59.72 -53.35
 774.00 -61.09 -39.06
 775.00 -100.94 -16.28
 776.00 -73.03 -37.02
 777.00 -79.46 -31.65
 778.00  42.89  16.31
 779.00 -124.47  34.69
 780.00 -71.95  31.62
 781.00 -60.11 -54.86
 782.00 -61.87 -37.24
 783.00 -75.31 -44.60
 784.00 -55.13 -34.95
 785.00 -56.54 -51.48
 786.00 -70.21 -32.45
 787.00 -49.53 -37.64
 788.00 -55.94 -49.08
 789.00 -69.35 -34.25
 790.00 -52.92 -50.41
 791.00 -65.59 -42.58
 792.00 -70.86 -23.30
 793.00 -70.22 -34.08
 794.00 -67.16 -44.30
 795.00 -77.44 -23.75
 796.00 -78.45 -38.80
 797.00  48.43 -12.67
 798.00 -62.63  53.65
 799.00 -108.19 150.22
 800.00 -61.94 167.32
 801.00 -80.08 -35.16
 802.00 -60.05 -37.52
 803.00 -59.38 -55.91
 804.00 -72.60 -33.15
 805.00 -61.37 -40.83
 806.00 -78.12 -38.25
 807.00 -75.37 -32.39
 808.00 -57.20 -41.74
 809.00 -62.33 -50.34
 810.00 -65.24 -25.56
 811.00 -79.32 -18.20
 812.00 -122.94 -11.14
 813.00 -133.28  40.47
 814.00 -143.65  -5.05
 815.00 -139.30 128.58
 816.00 -49.27 154.77
 817.00 -66.69 159.59
 818.00 -88.82 -28.93
 819.00  68.19  -5.15
 820.00 -68.44 169.53
 821.00 -52.88 156.42
 822.00 -103.75 -42.22
 823.00 -59.25  53.98
 824.00 -68.34 -32.17
 825.00 -70.55 -30.97
 826.00 -68.15 -38.80
 827.00 -56.24 -45.77
 828.00 -45.24 -55.24
 829.00 -65.11 -53.77
 830.00 -66.95 -35.31
 831.00 -70.22 -32.14
 832.00 -54.10 -41.29
 833.00 -58.69 -54.08
 834.00 -66.78 -50.63
 835.00 -69.14 -33.58
 836.00 -85.95 -31.84
 837.00 -64.69 -32.44
 838.00 -69.44 -31.38
 839.00 -108.83   1.23
 840.00 -79.55 -39.24
 841.00 -39.88 -28.76
 842.00 -82.25 136.61
 843.00 -87.66  42.28
 844.00 -73.93 163.40
 845.00 -43.21  89.37
 846.00 -76.45 -37.31
 847.00 -129.35  -9.95
 848.00 -60.40  81.90
 849.00 -59.01 -22.41
 850.00 -67.33 -31.34
 851.00 -81.99 -31.22
 852.00 -65.40 -37.62
 853.00 -62.05 -40.11
 854.00 -69.58 -44.44
 855.00 -68.48 -43.74
 856.00 -66.48 -29.51
 857.00 -69.43 -44.21
 858.00 -76.08 -31.10
 859.00 -71.53 -29.51
 860.00 -60.47 -37.36
 861.00 -60.48 -44.17
 862.00 -67.76 -43.38
 863.00 -71.91 -31.97
 864.00 -78.45 -31.20
 865.00 -71.03 -15.30
 866.00 -61.65 -40.30
 867.00 -66.62 -37.74
 868.00 -72.99 -26.61
 869.00 -67.87 -37.88
 870.00 -56.01 -43.99
 871.00 -68.11 -43.84
 872.00 -78.85 -33.48
 873.00 -55.34 -36.12
 874.00 -54.74 -49.02
 875.00 -85.66 -38.36
 876.00 -88.99 -28.60
 877.00 -59.73 -26.45
 878.00 -64.02 -40.37
 879.00 -72.01 -34.23
 880.00 -76.62 -38.35
 881.00 -69.99 -39.83
 882.00 -121.69 -17.55
 883.00 -52.00  10.49
 884.00 -65.84 -39.87
 885.00 -95.59 -21.28
 886.00 -71.92 -52.37
 887.00  64.79  -7.07
 888.00 -68.19  22.56
 889.00 -74.83 118.08
 890.00 -135.78 151.16
 891.00 -49.99 129.21
 892.00 -74.61 145.52
 893.00 -67.92 -24.25
 894.00 -80.21 -38.99
 895.00 -55.68 -24.88
 896.00 -65.19 -51.78
 897.00 -57.47 -45.88
 898.00 -69.63 -50.80
 899.00 -89.45 -23.87
 900.00 -90.27 -40.01
 901.00 -86.26 -57.75
 902.00 -56.08 -43.42
 903.00 -62.13 -44.04
 904.00 -70.13 -28.14
 905.00 -80.54 -21.18
 906.00 -56.05 -52.77
 907.00 -79.57 -38.87
 908.00  68.23 -16.70
 909.00 -65.90  28.58
 910.00 -110.13 -34.82
 911.00 -132.19 130.99
 912.00 -68.85 149.41
 913.00 -94.71 154.69
 914.00 -80.65  97.60
 915.00 -111.52 170.07
 916.00 -98.37 -38.42
 917.00 -76.24 138.13


