 residuo Phi Psi
 669.00 -101.16 137.73
 670.00 -64.53 133.41
 671.00 -132.20 131.78
 672.00 -57.64 -12.28
 673.00 -64.46 -49.56
 674.00 -53.57 -37.09
 675.00 -65.94 -53.73
 676.00 -52.20 -35.34
 677.00 -50.06 -50.00
 678.00 -72.11 -38.59
 679.00 -72.75 -48.49
 680.00 -72.17 -15.47
 681.00 -60.53 123.26
 682.00 -74.55 175.12
 683.00 -63.30 163.04
 684.00 -92.68 134.53
 685.00 -77.97 117.18
 686.00 -69.10 142.56
 687.00  75.05 -20.15
 688.00 -90.68  30.96
 689.00 -96.53 145.46
 690.00 -74.22 100.05
 691.00 -80.87   0.21
 692.00 -137.39  19.69
 693.00 -59.00 147.29
 694.00 -70.30 140.43
 695.00 -120.21 132.38
 696.00 -48.48 148.10
 697.00 -67.55 -44.78
 698.00 -71.01 -37.46
 699.00 -48.78 -38.91
 700.00 -82.55 -49.66
 701.00 -55.33 -36.92
 702.00 -66.76 -39.67
 703.00 -65.52 -40.69
 704.00 -67.76 -37.95
 705.00 -67.46 -41.97
 706.00 -72.68 -34.78
 707.00 -51.10 -41.49
 708.00 -65.56 -53.04
 709.00 -78.57 -30.64
 710.00 -63.00 -43.30
 711.00 -70.54 -33.98
 712.00 -66.13 -34.74
 713.00 -81.09 -32.51
 714.00 -65.10 -34.68
 715.00 -76.63 -25.63
 716.00 -40.49 -51.49
 717.00 -51.17 -63.13
 718.00 -59.85 -51.74
 719.00 -58.92 -33.95
 720.00 -110.65 -22.02
 721.00 -57.06 -10.34
 722.00 -59.81 116.16
 723.00  74.06 144.63
 724.00 -55.95 -17.96
 725.00 -67.19 -34.38
 726.00 -56.52 -14.60
 727.00 -67.38 -37.21
 728.00 -68.36 151.08
 729.00 -41.72 145.08
 730.00 -61.09 -48.48
 731.00 -74.08 -34.76
 732.00 -49.28 -41.01
 733.00 -55.74 -51.89
 734.00 -52.26 -46.56
 735.00 -65.22 -65.91
 736.00 -68.06 -21.38
 737.00 -57.95 -58.32
 738.00 -73.84 -39.72
 739.00 -75.72 -43.86
 740.00 -49.32  -4.71
 741.00 -78.83 -49.36
 742.00 -54.40 -51.30
 743.00 -57.56 -50.18
 744.00 -74.25 -45.22
 745.00 -81.53 -32.02
 746.00 -61.30 -29.29
 747.00 -84.23 -47.58
 748.00 -68.03 -17.94
 749.00 -57.08 -35.96
 750.00 -62.78 -40.52
 751.00 -61.49 -45.79
 752.00 -70.98 -35.45
 753.00 -69.36 -40.01
 754.00 -96.49 -29.67
 755.00 -100.62 -33.00
 756.00 -151.69 -24.53
 757.00  46.34  17.52
 758.00  53.81  50.54
 759.00 -79.90   9.98
 760.00 -92.51 -60.70
 761.00 -92.96 161.09
 762.00 -82.77 104.90
 763.00 -40.07  45.76
 764.00 -159.05 -44.38
 765.00 -68.69 159.45
 766.00 -104.94  -7.33
 767.00 -141.66   1.56
 768.00 -73.34  48.10
 769.00 -103.06 127.68
 770.00 -78.19 114.01
 771.00 -64.58 -177.23
 772.00 -63.04 -31.40
 773.00 -66.73 -42.33
 774.00 -55.25 -39.14
 775.00 -67.17 -45.52
 776.00 -78.90 -45.87
 777.00 -78.17 -23.73
 778.00  57.25   1.60
 779.00 -79.33 -17.39
 780.00 -66.93  46.65
 781.00 -65.48 -41.27
 782.00 -75.49 -38.78
 783.00 -65.74 -38.19
 784.00 -70.88 -38.20
 785.00 -55.96 -37.63
 786.00 -61.88 -44.61
 787.00 -57.61 -36.05
 788.00 -61.36 -45.88
 789.00 -55.43 -40.49
 790.00 -74.07 -39.98
 791.00 -57.74 -40.49
 792.00 -74.54 -24.52
 793.00 -67.52 -28.79
 794.00 -77.12 -35.77
 795.00 -85.42 -20.71
 796.00 -114.70 -13.20
 797.00  46.55   4.16
 798.00 -60.12  48.94
 799.00 -79.59 124.77
 800.00 -53.40 155.28
 801.00 -72.86 -38.37
 802.00 -58.65 -46.01
 803.00 -67.57 -42.67
 804.00 -56.14 -51.93
 805.00 -61.44 -53.40
 806.00 -71.20 -27.76
 807.00 -54.58 -43.42
 808.00 -57.52 -44.60
 809.00 -60.28 -49.74
 810.00 -56.56 -42.50
 811.00 -62.68 -35.35
 812.00 -130.37  -4.26
 813.00 -140.30  44.83
 814.00 -152.43   2.17
 815.00 -149.56 127.59
 816.00 -64.10 164.87
 817.00 -62.94 154.29
 818.00 -78.54 -39.70
 819.00  61.48   2.36
 820.00 -78.58 169.47
 821.00 -66.53 165.95
 822.00 -105.88 -28.05
 823.00 -52.82  33.72
 824.00 -50.39 -40.18
 825.00 -73.85 -46.70
 826.00 -62.10 -28.93
 827.00 -75.89 -34.90
 828.00 -75.01 -29.57
 829.00 -77.22 -30.64
 830.00 -56.33 -40.87
 831.00 -63.52 -38.64
 832.00 -58.19 -53.07
 833.00 -66.42 -38.47
 834.00 -71.32 -32.25
 835.00 -75.60 -38.53
 836.00 -72.76 -35.25
 837.00 -60.52 -34.99
 838.00 -56.87 -46.40
 839.00 -52.40 -37.35
 840.00 -126.67 -29.33
 841.00 -58.77   4.55
 842.00 -56.32 122.43
 843.00 -159.22 107.95
 844.00 -82.27 176.64
 845.00 -62.26  92.92
 846.00 -55.72 -28.60
 847.00 -152.84  -8.19
 848.00 -54.50  66.03
 849.00 -63.73 -14.44
 850.00 -62.57 -29.30
 851.00 -68.15 -42.59
 852.00 -64.81 -34.77
 853.00 -55.68 -50.39
 854.00 -68.26 -40.97
 855.00 -58.45 -38.36
 856.00 -64.72 -46.28
 857.00 -54.43 -54.91
 858.00 -78.82 -38.01
 859.00 -69.72 -32.01
 860.00 -70.64 -22.89
 861.00 -63.91 -37.11
 862.00 -62.57 -44.89
 863.00 -63.66 -31.75
 864.00 -68.55 -37.48
 865.00 -55.89 -31.62
 866.00 -67.22 -44.26
 867.00 -65.82 -31.79
 868.00 -57.78 -37.16
 869.00 -62.58 -53.25
 870.00 -60.14 -35.62
 871.00 -66.01 -42.57
 872.00 -76.66 -40.27
 873.00 -64.37 -31.95
 874.00 -58.17 -49.05
 875.00 -77.45 -31.80
 876.00 -69.95 -40.53
 877.00 -61.34 -37.78
 878.00 -72.86 -34.69
 879.00 -80.23 -28.14
 880.00 -81.09 -17.87
 881.00 -68.54 -44.94
 882.00 -143.13   2.59
 883.00 -53.11  28.41
 884.00 -67.39 -34.47
 885.00 -95.15 -12.49
 886.00 -95.22 -36.28
 887.00  71.16 -19.71
 888.00 -54.92  -6.77
 889.00 -103.89 140.43
 890.00 -123.86 142.63
 891.00 -63.38 122.57
 892.00 -67.48 134.81
 893.00 -57.24 -26.86
 894.00 -92.59 -34.32
 895.00 -54.47 -31.80
 896.00 -77.18 -37.31
 897.00 -60.09 -34.74
 898.00 -76.34 -43.24
 899.00 -104.40 -29.34
 900.00 -115.62  -4.27
 901.00 -77.53 -63.32
 902.00 -74.44 -36.82
 903.00 -54.97 -39.89
 904.00 -54.22 -38.15
 905.00 -62.37 -47.85
 906.00 -68.00 -53.30
 907.00 -67.75 -44.21
 908.00  77.58   8.49
 909.00 -78.24  14.95
 910.00 -114.93 -29.76
 911.00 -131.46 137.45
 912.00 -61.39 132.34
 913.00 -91.82 144.17
 914.00 -101.47 129.36
 915.00 -74.71 141.59
 916.00 -145.57 -27.23
 917.00 -138.97 154.67


