 residuo Phi Psi
 669.00 -87.25 -48.49
 670.00 -66.41 150.84
 671.00 -42.62 159.83
 672.00 -55.85 -54.17
 673.00 -77.63 -40.64
 674.00 -72.54 -17.25
 675.00 -71.75 -41.85
 676.00 -52.19 -54.53
 677.00 -65.35 -55.75
 678.00 -89.66 -22.82
 679.00 -71.32 -40.90
 680.00 -45.77 -14.00
 681.00 -64.22 116.69
 682.00 -80.18 145.76
 683.00 -85.53 168.61
 684.00 -144.16 165.19
 685.00 -79.43 146.80
 686.00 -89.61 160.89
 687.00  72.46  -8.18
 688.00 -84.87  22.81
 689.00 -70.19 100.50
 690.00 -65.43 110.25
 691.00 -69.96 -14.69
 692.00 -89.34 -18.84
 693.00 -60.08 133.78
 694.00 -63.81 153.05
 695.00 -149.53 143.38
 696.00 -43.37 145.98
 697.00 -68.54 -70.41
 698.00 -60.60 -38.38
 699.00 -58.45 -47.73
 700.00 -66.20 -47.55
 701.00 -65.52 -42.22
 702.00 -69.95 -32.87
 703.00 -63.98 -29.95
 704.00 -76.18 -33.70
 705.00 -55.87 -38.84
 706.00 -58.19 -50.16
 707.00 -49.88 -41.79
 708.00 -81.36 -39.16
 709.00 -56.36 -42.59
 710.00 -71.03 -45.13
 711.00 -58.78 -39.34
 712.00 -58.95 -39.21
 713.00 -61.24 -44.57
 714.00 -70.12 -43.21
 715.00 -62.33 -44.88
 716.00 -51.59 -44.57
 717.00 -61.81 -50.99
 718.00 -52.84 -47.61
 719.00 -52.53 -36.32
 720.00 -111.68 -27.51
 721.00 -63.73  -7.87
 722.00 -63.90 136.08
 723.00  78.90 131.04
 724.00 -67.57  -7.35
 725.00 -79.19 -13.57
 726.00 -66.31  -4.85
 727.00 -60.76 -41.86
 728.00 -77.92 133.40
 729.00 -48.14 139.26
 730.00 -72.92 -24.28
 731.00 -84.38 -26.70
 732.00 -58.90 -30.29
 733.00 -63.32 -50.03
 734.00 -70.75 -30.20
 735.00 -58.31 -56.53
 736.00 -58.42 -42.31
 737.00 -60.87 -54.37
 738.00 -69.58 -41.15
 739.00 -89.30 -32.71
 740.00 -59.03  -5.10
 741.00 -66.79 -45.32
 742.00 -56.03 -44.49
 743.00 -65.99 -50.16
 744.00 -57.02 -45.30
 745.00 -79.02 -45.25
 746.00 -76.78 -27.01
 747.00 -58.16 -40.72
 748.00 -66.77 -42.57
 749.00 -40.02 -44.29
 750.00 -74.48 -56.00
 751.00 -55.30 -35.39
 752.00 -62.69 -41.44
 753.00 -65.00 -50.88
 754.00 -84.40 -31.86
 755.00 -103.59 -29.67
 756.00 -145.53 -24.26
 757.00  39.37  25.98
 758.00  54.62  34.73
 759.00 -63.16   9.60
 760.00 -127.12 -23.83
 761.00 -90.79 150.21
 762.00 -87.82 111.93
 763.00 -59.80  64.72
 764.00 -156.01 -49.36
 765.00 -57.88 156.43
 766.00 -91.74 -27.56
 767.00 -106.50 -30.26
 768.00 -59.28  43.07
 769.00 -85.18 124.84
 770.00 -69.45  91.14
 771.00 -49.26 171.00
 772.00 -60.43 -46.08
 773.00 -74.17 -33.21
 774.00 -61.76 -32.66
 775.00 -61.63 -43.40
 776.00 -64.44 -60.81
 777.00 -76.96 -29.93
 778.00  63.51  -7.09
 779.00 -79.23   1.92
 780.00 -52.41   7.07
 781.00 -63.48 -42.55
 782.00 -69.58 -48.28
 783.00 -64.38 -27.98
 784.00 -60.06 -45.47
 785.00 -58.38 -44.38
 786.00 -61.97 -37.99
 787.00 -59.02 -43.55
 788.00 -64.77 -49.20
 789.00 -57.28 -32.78
 790.00 -53.24 -58.42
 791.00 -61.61 -33.49
 792.00 -69.93 -22.90
 793.00 -70.53 -20.62
 794.00 -85.82 -36.89
 795.00 -67.01 -27.74
 796.00 -87.68 -29.52
 797.00  54.80 -22.07
 798.00 -53.76  45.07
 799.00 -98.69 149.82
 800.00 -57.37 151.40
 801.00 -63.67 -29.90
 802.00 -53.40 -55.23
 803.00 -64.71 -37.98
 804.00 -45.13 -54.95
 805.00 -71.60 -43.12
 806.00 -66.80 -53.90
 807.00 -69.16 -29.86
 808.00 -74.25 -27.67
 809.00 -62.20 -42.01
 810.00 -79.22 -28.40
 811.00 -59.39 -22.05
 812.00 -110.65 -28.23
 813.00 -137.98  44.10
 814.00 -154.58  24.36
 815.00 -154.67 144.31
 816.00 -59.42 166.76
 817.00 -62.77 156.35
 818.00 -74.60 -34.26
 819.00  82.86 -16.42
 820.00 -92.60 -178.30
 821.00 -81.80 164.66
 822.00 -100.60 -15.49
 823.00 -39.16   7.08
 824.00 -70.92 -47.72
 825.00 -83.32 -30.02
 826.00 -56.86 -35.73
 827.00 -63.75 -48.70
 828.00 -62.58 -29.89
 829.00 -63.71 -45.77
 830.00 -58.40 -42.73
 831.00 -80.02 -41.72
 832.00 -61.65 -30.93
 833.00 -66.18 -45.04
 834.00 -67.52 -34.26
 835.00 -71.48 -39.74
 836.00 -54.38 -45.51
 837.00 -63.58 -42.88
 838.00 -72.59 -40.03
 839.00 -67.51 -23.47
 840.00 -112.54 -23.63
 841.00 -53.39  -7.86
 842.00 -95.02 157.37
 843.00 -150.21  97.31
 844.00 -85.19 166.53
 845.00 -57.53  81.11
 846.00 -64.90 -21.79
 847.00 -68.61 -44.36
 848.00 -58.92 138.02
 849.00 -117.10 -25.15
 850.00 -49.82 -11.18
 851.00 -78.39 -52.97
 852.00 -70.63 -29.42
 853.00 -45.60 -47.50
 854.00 -56.80 -49.59
 855.00 -62.60 -58.73
 856.00 -49.35 -37.52
 857.00 -83.65 -52.01
 858.00 -79.51  -7.35
 859.00 -68.27 -46.24
 860.00 -64.61 -30.69
 861.00 -76.94 -32.16
 862.00 -62.88 -46.11
 863.00 -70.04 -40.43
 864.00 -84.88 -15.11
 865.00 -73.10  -3.92
 866.00 -58.54 -37.64
 867.00 -65.75 -48.34
 868.00 -73.50 -31.72
 869.00 -62.47 -44.06
 870.00 -64.01 -45.23
 871.00 -65.31 -38.63
 872.00 -65.94 -37.22
 873.00 -62.51 -40.22
 874.00 -57.12 -42.54
 875.00 -51.05 -56.90
 876.00 -78.57 -46.01
 877.00 -63.38 -30.47
 878.00 -48.40 -54.01
 879.00 -87.04 -25.30
 880.00 -49.24 -48.65
 881.00 -55.59 -41.06
 882.00 -104.88 -33.98
 883.00 -57.36  -5.47
 884.00 -62.43 -38.23
 885.00 -76.58 -39.04
 886.00 -113.29 -11.62
 887.00  43.18  11.81
 888.00 -74.07  32.15
 889.00 -110.66 137.54
 890.00 -132.26 141.63
 891.00 -57.67 107.62
 892.00 -81.80 143.21
 893.00 -60.99 -23.73
 894.00 -84.26 -37.27
 895.00 -75.51 -33.13
 896.00 -63.83 -22.81
 897.00 -65.80 -38.53
 898.00 -59.11 -56.60
 899.00 -66.31 -44.27
 900.00 -87.12 -52.55
 901.00 -97.69 -51.18
 902.00 -52.37 -46.53
 903.00 -70.81 -46.52
 904.00 -59.30 -14.04
 905.00 -73.13 -33.05
 906.00 -70.07 -47.28
 907.00 -89.19 -30.70
 908.00  81.92  -3.47
 909.00 -63.26   1.80
 910.00 -123.34 -27.00
 911.00 -121.87 127.34
 912.00 -60.34 138.80
 913.00 -104.46 156.05
 914.00 -95.76 119.97
 915.00 -78.11 143.45
 916.00 -65.64 -41.18
 917.00 -92.13 160.68


