 residuo Phi Psi
 669.00 -64.49 163.19
 670.00 -61.83 138.69
 671.00 -61.74 144.03
 672.00 -62.50 -32.11
 673.00 -64.65 -35.59
 674.00 -58.89 -43.33
 675.00 -71.94 -36.70
 676.00 -71.42 -34.06
 677.00 -75.55 -31.45
 678.00 -70.17 -33.18
 679.00 -118.80  -9.13
 680.00 -59.08   0.02
 681.00 -65.22 131.91
 682.00 -60.79 151.29
 683.00 -67.16 167.15
 684.00 -113.37 135.00
 685.00 -92.23 147.90
 686.00 -102.90 166.50
 687.00  76.11  -2.89
 688.00 -77.06  11.82
 689.00 -87.09 148.29
 690.00 -91.34 106.68
 691.00 -91.91   5.70
 692.00 -90.36  -6.20
 693.00 -67.51 170.25
 694.00 -70.95 158.54
 695.00 -146.67 122.95
 696.00 -47.97 152.78
 697.00 -61.68 -78.70
 698.00 -72.15 -28.53
 699.00 -59.97 -35.95
 700.00 -73.55 -44.34
 701.00 -63.62 -43.60
 702.00 -69.62 -38.44
 703.00 -69.10 -30.37
 704.00 -75.88 -27.56
 705.00 -66.87 -40.62
 706.00 -65.05 -37.23
 707.00 -75.32 -25.64
 708.00 -58.73 -43.37
 709.00 -63.37 -50.53
 710.00 -65.45 -27.57
 711.00 -65.42 -49.57
 712.00 -61.44 -38.32
 713.00 -70.26 -34.38
 714.00 -60.13 -55.84
 715.00 -59.47 -33.44
 716.00 -65.22 -54.49
 717.00 -76.70 -21.86
 718.00 -67.94 -42.53
 719.00 -66.28 -39.39
 720.00 -74.93 -35.02
 721.00 -53.53 -35.43
 722.00 -56.45 113.83
 723.00  65.46 163.58
 724.00 -51.04 -28.57
 725.00 -63.22 -48.60
 726.00 -63.92   7.48
 727.00 -102.71 -18.30
 728.00 -56.31 133.02
 729.00 -62.67 160.12
 730.00 -61.92 -32.60
 731.00 -67.17 -41.74
 732.00 -57.89 -43.79
 733.00 -72.03 -34.93
 734.00 -62.78 -42.15
 735.00 -59.01 -59.90
 736.00 -63.49 -29.02
 737.00 -62.71 -49.32
 738.00 -67.64 -46.28
 739.00 -101.37 -29.20
 740.00 -44.09 -15.25
 741.00 -73.80 -38.26
 742.00 -59.99 -57.73
 743.00 -72.76 -29.29
 744.00 -60.84 -50.95
 745.00 -65.90 -42.42
 746.00 -50.39 -40.01
 747.00 -84.15 -41.61
 748.00 -71.94 -28.25
 749.00 -53.39 -32.25
 750.00 -58.97 -55.33
 751.00 -59.45 -56.01
 752.00 -70.93 -32.80
 753.00 -57.59 -36.34
 754.00 -67.04 -48.81
 755.00 -88.85 -41.70
 756.00 -150.42 -26.06
 757.00  46.55  18.00
 758.00  55.64  46.76
 759.00 -83.11  17.20
 760.00 -128.09 -29.26
 761.00 -76.41 137.58
 762.00 -90.75 112.64
 763.00 -35.03  55.74
 764.00 -147.12 -66.73
 765.00 -68.37 155.75
 766.00 -111.30 -11.51
 767.00 -142.72  -3.67
 768.00 -83.83  76.76
 769.00 -89.34 133.38
 770.00 -84.70 108.40
 771.00 -66.49 174.10
 772.00 -65.72 -32.54
 773.00 -67.08 -40.27
 774.00 -68.41 -28.64
 775.00 -66.02 -39.29
 776.00 -89.42 -41.56
 777.00 -92.75  -9.77
 778.00  51.74   3.80
 779.00 -106.73  24.77
 780.00 -59.07  21.42
 781.00 -68.04 -43.86
 782.00 -60.68 -40.24
 783.00 -63.35 -45.86
 784.00 -57.58 -40.18
 785.00 -80.15 -41.45
 786.00 -59.84 -31.07
 787.00 -57.42 -48.42
 788.00 -48.18 -56.37
 789.00 -72.22 -38.54
 790.00 -59.56 -39.23
 791.00 -65.19 -26.89
 792.00 -60.75 -32.72
 793.00 -72.39 -35.44
 794.00 -75.50 -37.69
 795.00 -66.72 -33.75
 796.00 -86.19 -37.08
 797.00  55.19  10.21
 798.00 -70.39  55.38
 799.00 -80.57 136.30
 800.00 -53.57 152.21
 801.00 -78.88 -31.20
 802.00 -64.55 -43.63
 803.00 -55.88 -34.85
 804.00 -72.65 -47.56
 805.00 -61.60 -41.45
 806.00 -96.47 -16.99
 807.00 -63.26 -38.50
 808.00 -65.32 -29.30
 809.00 -80.89 -44.48
 810.00 -55.99 -29.75
 811.00 -63.36 -31.15
 812.00 -120.57 -13.91
 813.00 -123.13  28.70
 814.00 -131.56  -8.99
 815.00 -140.89 116.56
 816.00 -54.09 159.42
 817.00 -86.50 159.91
 818.00 -83.17 -30.23
 819.00  89.94  -6.21
 820.00 -60.20 165.16
 821.00 -72.63 167.03
 822.00 -106.02 -36.99
 823.00 -71.20  47.33
 824.00 -71.20 -39.73
 825.00 -68.35 -34.00
 826.00 -39.80 -52.49
 827.00 -62.15 -46.25
 828.00 -75.96 -30.90
 829.00 -60.96 -41.74
 830.00 -63.45 -41.33
 831.00 -83.16 -50.61
 832.00 -80.76 -11.32
 833.00 -73.02 -31.01
 834.00 -73.21 -33.10
 835.00 -76.22 -30.71
 836.00 -68.71 -33.43
 837.00 -60.55 -39.12
 838.00 -60.30 -38.29
 839.00 -77.25 -26.59
 840.00 -103.42 -34.00
 841.00 -50.34  -8.23
 842.00 -84.15 140.32
 843.00 -77.72  15.61
 844.00 -74.35 143.82
 845.00 -52.39 106.09
 846.00 -73.43 -24.33
 847.00 -133.75  -4.83
 848.00 -54.24  80.63
 849.00 -38.11 -45.11
 850.00 -66.29 -47.74
 851.00 -66.32 -42.12
 852.00 -54.58 -42.19
 853.00 -72.44 -44.62
 854.00 -54.80 -47.79
 855.00 -68.88 -43.43
 856.00 -67.25 -33.94
 857.00 -71.26 -41.83
 858.00 -70.55 -30.41
 859.00 -75.88 -40.75
 860.00 -74.51 -22.75
 861.00 -65.57 -38.40
 862.00 -70.81 -43.89
 863.00 -67.10 -27.51
 864.00 -83.51 -16.06
 865.00 -86.26 -18.64
 866.00 -59.04 -28.97
 867.00 -69.69 -45.67
 868.00 -62.32 -36.68
 869.00 -64.64 -46.08
 870.00 -58.01 -29.28
 871.00 -58.19 -53.21
 872.00 -63.35 -40.99
 873.00 -67.39 -40.65
 874.00 -65.65 -34.82
 875.00 -65.67 -41.49
 876.00 -70.43 -40.62
 877.00 -68.87 -38.37
 878.00 -52.28 -49.81
 879.00 -64.17 -41.67
 880.00 -81.18 -28.21
 881.00 -45.48 -36.92
 882.00 -122.54 -29.92
 883.00 -55.20  24.19
 884.00 -75.32 -40.84
 885.00 -60.61 -30.02
 886.00 -108.91 -33.06
 887.00  60.02   4.21
 888.00 -87.94  33.06
 889.00 -96.25 129.00
 890.00 -127.07 131.15
 891.00 -76.20 132.13
 892.00 -69.43 145.30
 893.00 -72.29 -30.60
 894.00 -98.35 -16.15
 895.00 -60.23 -49.27
 896.00 -72.00 -32.65
 897.00 -54.25 -32.22
 898.00 -68.50 -48.64
 899.00 -90.92 -22.87
 900.00 -131.80 -26.11
 901.00 -91.13 -39.99
 902.00 -48.41 -45.14
 903.00 -50.86 -45.67
 904.00 -58.63 -34.34
 905.00 -69.28 -45.94
 906.00 -61.13 -49.26
 907.00 -66.61 -45.65
 908.00  73.51  -9.10
 909.00 -78.18  20.65
 910.00 -130.94 -10.67
 911.00 -142.26 134.38
 912.00 -63.32 131.62
 913.00 -80.09 143.41
 914.00 -76.74  78.33
 915.00 -47.33  92.23
 916.00 -81.98 -42.25
 917.00 -84.62 -25.20


