 residuo Phi Psi
 669.00 -72.29 142.74
 670.00 -45.01 173.50
 671.00 -56.81 152.37
 672.00 -63.99 -39.10
 673.00 -84.33 -39.99
 674.00 -61.34 -27.94
 675.00 -65.40 -40.91
 676.00 -53.21 -56.61
 677.00 -75.38 -39.92
 678.00 -69.97 -30.63
 679.00 -120.25 -12.87
 680.00 -68.32  -3.44
 681.00 -68.39 115.79
 682.00 -75.92 147.31
 683.00 -52.06 159.56
 684.00 -128.20 151.04
 685.00 -73.57 140.72
 686.00 -77.82 145.07
 687.00  74.61 -10.15
 688.00 -86.96  29.47
 689.00 -81.41 140.55
 690.00 -94.11  98.82
 691.00 -72.97   2.63
 692.00 -155.90  12.09
 693.00 -60.78 173.37
 694.00 -80.49 152.93
 695.00 -144.63 157.76
 696.00 -63.90 155.64
 697.00 -73.33 -47.94
 698.00 -60.72 -33.72
 699.00 -69.91 -41.94
 700.00 -63.33 -50.82
 701.00 -56.03 -47.56
 702.00 -55.92 -57.25
 703.00 -58.47 -32.96
 704.00 -70.49 -47.13
 705.00 -70.06 -24.97
 706.00 -65.05 -41.52
 707.00 -66.64 -31.65
 708.00 -62.93 -45.64
 709.00 -60.86 -38.86
 710.00 -69.71 -39.38
 711.00 -44.61 -55.11
 712.00 -67.64 -41.07
 713.00 -69.29 -44.53
 714.00 -46.95 -42.80
 715.00 -77.39 -43.41
 716.00 -76.92 -25.82
 717.00 -61.21 -41.75
 718.00 -63.91 -48.67
 719.00 -74.37 -36.17
 720.00 -76.10 -26.31
 721.00 -54.38 -28.61
 722.00 -37.75 119.70
 723.00  74.82 143.13
 724.00 -61.25 -22.86
 725.00 -75.86 -24.51
 726.00 -61.62  -9.59
 727.00 -84.17 -36.34
 728.00 -64.99 131.02
 729.00 -60.02 147.41
 730.00 -70.04 -23.23
 731.00 -65.00 -49.87
 732.00 -66.02 -25.30
 733.00 -61.55 -39.36
 734.00 -54.08 -50.43
 735.00 -62.43 -74.11
 736.00 -62.62 -30.17
 737.00 -61.03 -49.66
 738.00 -98.63 -25.80
 739.00 -58.65 -43.00
 740.00 -61.45 -24.86
 741.00 -65.81 -44.25
 742.00 -67.43 -37.63
 743.00 -66.01 -44.94
 744.00 -59.18 -43.20
 745.00 -81.67 -43.76
 746.00 -61.89 -28.52
 747.00 -60.60 -57.56
 748.00 -63.40 -36.83
 749.00 -62.08 -39.11
 750.00 -62.75 -33.00
 751.00 -66.76 -49.43
 752.00 -64.91 -34.38
 753.00 -72.16 -42.19
 754.00 -74.05 -56.07
 755.00 -95.88 -25.00
 756.00 -132.64 -38.90
 757.00  59.01   8.49
 758.00  54.79  46.30
 759.00 -63.14   7.63
 760.00 -141.39 -21.20
 761.00 -112.44 163.91
 762.00 -84.43 103.94
 763.00 -62.22  58.44
 764.00 -159.83 -42.75
 765.00 -58.67 154.82
 766.00 -94.38 -23.81
 767.00 -87.86 -46.10
 768.00 -58.02  32.20
 769.00 -104.45 127.97
 770.00 -140.38 145.23
 771.00 -48.89 176.71
 772.00 -72.39 -33.35
 773.00 -69.03 -54.68
 774.00 -61.57 -20.16
 775.00 -86.67 -46.48
 776.00 -64.42 -32.16
 777.00 -76.28 -41.31
 778.00  58.47 -14.61
 779.00 -120.10  45.65
 780.00 -64.86  29.47
 781.00 -47.65 -53.33
 782.00 -65.12 -56.88
 783.00 -68.50 -32.99
 784.00 -63.61 -41.24
 785.00 -65.83 -40.78
 786.00 -48.06 -50.46
 787.00 -67.27 -44.16
 788.00 -65.18 -43.54
 789.00 -72.92 -26.74
 790.00 -55.77 -47.78
 791.00 -71.57 -36.37
 792.00 -70.15 -24.14
 793.00 -55.16 -24.73
 794.00 -76.45 -53.00
 795.00 -61.96 -31.12
 796.00 -87.31 -29.58
 797.00  34.27 -16.85
 798.00 -75.09  63.40
 799.00 -107.86 138.13
 800.00 -53.01 159.98
 801.00 -65.32 -38.21
 802.00 -77.32 -39.08
 803.00 -53.55 -39.31
 804.00 -63.85 -56.67
 805.00 -55.88 -45.07
 806.00 -77.27 -46.20
 807.00 -60.55 -26.01
 808.00 -56.42 -47.49
 809.00 -72.70 -46.71
 810.00 -80.23 -21.78
 811.00 -54.33 -29.39
 812.00 -79.73 -47.78
 813.00 -126.38  22.75
 814.00 -157.02  22.77
 815.00 -147.07 128.12
 816.00 -55.10 162.96
 817.00 -50.83 145.59
 818.00 -75.37 -38.03
 819.00  70.52   4.02
 820.00 -86.06 172.91
 821.00 -68.15 161.94
 822.00 -91.39 -48.58
 823.00 -65.21  43.65
 824.00 -85.33 -27.22
 825.00 -62.30 -38.36
 826.00 -66.13 -39.55
 827.00 -63.19 -45.96
 828.00 -84.54 -19.83
 829.00 -59.56 -49.89
 830.00 -55.35 -35.19
 831.00 -72.63 -51.83
 832.00 -62.79 -26.70
 833.00 -66.31 -50.19
 834.00 -65.88 -20.49
 835.00 -79.93 -36.52
 836.00 -55.43 -42.03
 837.00 -75.92 -36.50
 838.00 -54.34 -50.26
 839.00 -71.70 -36.69
 840.00 -134.50 -10.65
 841.00 -66.44   0.54
 842.00 -79.84 151.15
 843.00 -125.06  73.26
 844.00 -82.35 158.52
 845.00 -81.17 117.13
 846.00 -85.79   3.05
 847.00 -128.73 -18.92
 848.00 -59.38  99.43
 849.00 -65.98 -12.88
 850.00 -63.42 -37.36
 851.00 -90.69 -32.67
 852.00 -50.19 -34.69
 853.00 -69.39 -41.83
 854.00 -63.57 -44.43
 855.00 -62.22 -43.78
 856.00 -50.64 -47.54
 857.00 -69.31 -51.88
 858.00 -73.25 -28.84
 859.00 -57.15 -42.45
 860.00 -60.55 -44.09
 861.00 -67.42 -40.52
 862.00 -61.80 -49.19
 863.00 -61.82 -32.40
 864.00 -53.82 -46.75
 865.00 -58.95 -26.94
 866.00 -66.34 -39.95
 867.00 -73.45 -49.73
 868.00 -91.81 -12.98
 869.00 -45.74 -45.30
 870.00 -51.62 -47.48
 871.00 -45.69 -61.85
 872.00 -63.87 -49.47
 873.00 -68.78 -37.16
 874.00 -73.62 -39.51
 875.00 -66.96 -24.21
 876.00 -63.42 -58.25
 877.00 -55.79 -32.52
 878.00 -69.01 -48.14
 879.00 -67.56 -30.66
 880.00 -55.33 -46.77
 881.00 -68.05 -40.12
 882.00 -102.08 -32.35
 883.00 -20.35   2.59
 884.00 -81.81 -58.21
 885.00 -66.22 -25.95
 886.00 -96.86 -46.86
 887.00  63.83   1.14
 888.00 -84.00  28.35
 889.00 -94.47 130.12
 890.00 -140.07 154.59
 891.00 -63.44 137.45
 892.00 -69.94 136.64
 893.00 -67.66 -38.87
 894.00 -62.00 -32.72
 895.00 -63.97 -52.64
 896.00 -71.78 -22.51
 897.00 -68.24 -35.04
 898.00 -63.99 -45.36
 899.00 -75.01 -33.26
 900.00 -136.76 -20.08
 901.00 -81.59 -54.55
 902.00 -55.51 -42.04
 903.00 -66.94 -45.06
 904.00 -78.34 -15.70
 905.00 -83.16 -14.96
 906.00 -58.27 -50.70
 907.00 -78.15 -34.16
 908.00  74.98  -6.09
 909.00 -73.50  13.98
 910.00 -92.57 -30.34
 911.00 -119.40 143.54
 912.00 -55.07 141.30
 913.00 -89.33 145.79
 914.00 -70.16  86.42
 915.00 -93.98 137.79
 916.00 -119.58 -24.35
 917.00 -149.77 155.78


