 residuo Phi Psi
 669.00 -74.74 170.93
 670.00 -80.90 127.64
 671.00 -133.96 149.34
 672.00 -65.11   4.14
 673.00 -73.47 -53.65
 674.00 -62.03 -33.34
 675.00 -56.73 -44.46
 676.00 -51.21 -57.39
 677.00 -80.92 -36.85
 678.00 -79.67 -12.10
 679.00 -77.39 -49.17
 680.00 -56.07 -18.92
 681.00 -86.24 137.79
 682.00 -69.40 175.10
 683.00 -66.40 -170.83
 684.00 -111.41 144.96
 685.00 -88.29 109.23
 686.00 -56.04 134.35
 687.00  81.18 -24.90
 688.00 -54.51  26.37
 689.00 -72.58 127.73
 690.00 -63.09  69.72
 691.00 -63.64 -35.75
 692.00 -78.54 -16.52
 693.00 -51.33 133.84
 694.00 -56.68 141.75
 695.00 -128.90 109.85
 696.00 -59.30 156.05
 697.00 -79.64 -54.86
 698.00 -64.09 -34.89
 699.00 -61.11 -48.71
 700.00 -75.01 -39.98
 701.00 -63.00 -35.81
 702.00 -74.55 -36.60
 703.00 -69.30 -32.21
 704.00 -73.75 -32.46
 705.00 -64.22 -34.99
 706.00 -63.64 -46.32
 707.00 -42.01 -47.92
 708.00 -58.28 -51.92
 709.00 -72.19 -38.99
 710.00 -49.35 -41.39
 711.00 -71.50 -51.98
 712.00 -50.17 -44.57
 713.00 -72.26 -41.76
 714.00 -55.51 -39.05
 715.00 -68.26 -44.94
 716.00 -66.64 -46.13
 717.00 -59.32 -31.78
 718.00 -56.17 -53.21
 719.00 -54.73 -39.62
 720.00 -100.48 -27.87
 721.00 -74.80   6.55
 722.00 -50.65 123.82
 723.00  90.88 126.08
 724.00 -51.76 -24.13
 725.00 -73.16 -28.40
 726.00 -76.49 -10.24
 727.00 -86.32 -12.77
 728.00 -62.85 135.24
 729.00 -56.57 148.89
 730.00 -69.02 -41.08
 731.00 -80.36 -23.86
 732.00 -49.40 -45.91
 733.00 -54.90 -50.61
 734.00 -66.26 -39.89
 735.00 -66.94 -56.67
 736.00 -53.90 -31.05
 737.00 -75.71 -47.59
 738.00 -104.66  -6.28
 739.00 -72.82 -30.32
 740.00 -59.71 -19.98
 741.00 -59.75 -54.19
 742.00 -80.22 -36.96
 743.00 -66.72 -27.16
 744.00 -56.12 -49.59
 745.00 -61.27 -54.72
 746.00 -59.28 -42.98
 747.00 -60.73 -53.53
 748.00 -72.24 -28.13
 749.00 -60.23 -35.40
 750.00 -75.46 -39.80
 751.00 -45.17 -46.77
 752.00 -62.20 -55.75
 753.00 -60.59 -37.00
 754.00 -55.55 -70.31
 755.00 -102.37 -42.24
 756.00 -143.86 -25.76
 757.00  46.79  26.57
 758.00  60.93  31.68
 759.00 -64.04  11.07
 760.00 -125.19 -27.83
 761.00 -91.00 163.47
 762.00 -92.73 110.06
 763.00 -58.07  62.30
 764.00 -154.52 -43.36
 765.00 -54.19 159.11
 766.00 -107.12 -21.51
 767.00 -78.19 -46.02
 768.00 -89.43  71.78
 769.00 -124.31 147.55
 770.00 -86.02 117.63
 771.00 -64.49 -175.65
 772.00 -89.82 -20.20
 773.00 -70.36 -29.70
 774.00 -52.15 -39.97
 775.00 -62.01 -51.87
 776.00 -63.34 -45.87
 777.00 -77.86 -38.19
 778.00  56.97   2.54
 779.00 -60.58 -32.29
 780.00 -48.57  32.17
 781.00 -60.24 -44.50
 782.00 -63.36 -51.43
 783.00 -64.75 -43.29
 784.00 -63.80 -26.17
 785.00 -58.55 -49.73
 786.00 -57.43 -42.26
 787.00 -58.79 -43.77
 788.00 -52.54 -45.49
 789.00 -67.32 -33.27
 790.00 -69.03 -44.30
 791.00 -69.97 -37.93
 792.00 -61.36 -17.85
 793.00 -57.91 -38.30
 794.00 -82.06 -49.22
 795.00 -68.96 -22.53
 796.00 -72.72 -45.37
 797.00  65.92 -27.74
 798.00 -81.57  75.08
 799.00 -71.02 129.29
 800.00 -70.03 158.63
 801.00 -73.79 -25.31
 802.00 -52.86 -42.37
 803.00 -57.97 -47.83
 804.00 -50.59 -46.87
 805.00 -63.63 -47.01
 806.00 -64.77 -48.76
 807.00 -57.50 -47.17
 808.00 -70.17 -37.01
 809.00 -66.28 -35.99
 810.00 -76.35 -23.74
 811.00 -68.57 -22.42
 812.00 -105.21 -23.93
 813.00 -133.61  36.08
 814.00 -165.75  14.47
 815.00 -151.24 130.52
 816.00 -49.40 159.80
 817.00 -66.49 150.23
 818.00 -90.18 -30.56
 819.00  72.54   5.91
 820.00 -58.71 155.65
 821.00 -64.48 158.41
 822.00 -136.39 -19.59
 823.00 -54.03  55.39
 824.00 -47.11 -25.99
 825.00 -70.20 -43.17
 826.00 -58.69 -44.22
 827.00 -63.44 -51.94
 828.00 -64.66 -25.20
 829.00 -60.19 -51.93
 830.00 -50.04 -46.87
 831.00 -65.30 -53.53
 832.00 -80.14 -34.36
 833.00 -83.75 -17.03
 834.00 -54.85 -38.34
 835.00 -51.61 -49.03
 836.00 -66.72 -43.05
 837.00 -61.67 -39.07
 838.00 -50.17 -52.24
 839.00 -82.66 -24.38
 840.00 -96.06 -42.39
 841.00 -56.85   3.62
 842.00 -70.80 143.66
 843.00 -134.70  89.98
 844.00 -86.18 168.28
 845.00 -60.64  95.63
 846.00 -68.65 -23.93
 847.00 -123.99 -24.61
 848.00 -52.31  78.14
 849.00 -58.05 -27.63
 850.00 -65.50 -34.84
 851.00 -55.22 -45.73
 852.00 -58.73 -43.26
 853.00 -54.36 -50.00
 854.00 -50.42 -54.07
 855.00 -60.27 -45.67
 856.00 -47.92 -52.12
 857.00 -57.69 -50.26
 858.00 -63.48 -44.53
 859.00 -70.74 -44.02
 860.00 -70.19 -29.12
 861.00 -48.34 -46.05
 862.00 -54.96 -50.57
 863.00 -64.83 -46.60
 864.00 -70.76 -31.86
 865.00 -74.33 -19.76
 866.00 -67.05 -31.23
 867.00 -68.45 -39.21
 868.00 -71.32 -31.90
 869.00 -58.90 -44.78
 870.00 -55.12 -46.68
 871.00 -53.48 -43.29
 872.00 -83.98 -37.88
 873.00 -56.47 -37.86
 874.00 -55.74 -37.39
 875.00 -48.28 -64.37
 876.00 -70.50 -45.62
 877.00 -65.70 -30.30
 878.00 -56.58 -54.23
 879.00 -88.71 -26.73
 880.00 -52.16 -43.85
 881.00 -65.90 -35.25
 882.00 -87.42 -46.07
 883.00 -32.68  -4.08
 884.00 -56.88 -62.75
 885.00 -57.27 -45.72
 886.00 -101.48 -36.44
 887.00  63.49   0.48
 888.00 -71.90  25.70
 889.00 -87.17 134.69
 890.00 -128.22 133.34
 891.00 -46.38 117.51
 892.00 -48.39 144.27
 893.00 -67.60 -33.12
 894.00 -55.92 -54.53
 895.00 -58.13 -43.54
 896.00 -76.69 -50.01
 897.00 -79.03 -20.68
 898.00 -75.38 -42.79
 899.00 -72.17 -38.48
 900.00 -117.25 -26.91
 901.00 -97.82 -39.93
 902.00 -59.17 -43.11
 903.00 -64.58 -34.65
 904.00 -70.15 -32.62
 905.00 -74.86 -22.26
 906.00 -70.53 -36.66
 907.00 -63.00 -49.47
 908.00 102.49 -22.35
 909.00 -83.11  14.45
 910.00 -138.91  -7.38
 911.00 -101.24 124.84
 912.00 -69.19 131.05
 913.00 -97.20 157.97
 914.00 -131.92 145.06
 915.00 -85.74 141.10
 916.00 -109.54 -30.75
 917.00 -92.43 131.96


