 residuo Phi Psi
 669.00 -118.89 -68.40
 670.00 -50.55 146.15
 671.00 -54.03 151.80
 672.00 -60.02 -26.81
 673.00 -75.56 -34.65
 674.00 -84.79 -13.73
 675.00 -66.91 -32.86
 676.00 -60.62 -52.65
 677.00 -57.86 -43.36
 678.00 -71.36 -37.76
 679.00 -80.27 -35.60
 680.00 -67.06 -10.55
 681.00 -68.63 112.33
 682.00 -64.69 157.65
 683.00 -67.03 163.99
 684.00 -113.01 146.72
 685.00 -98.41 141.34
 686.00 -69.14 139.02
 687.00  83.85 -22.39
 688.00 -69.21  13.23
 689.00 -91.35 137.62
 690.00 -89.28 109.31
 691.00 -66.19  -5.69
 692.00 -81.23 -45.65
 693.00 -54.29 152.10
 694.00 -65.88 148.75
 695.00 -125.48 123.56
 696.00 -60.26 151.54
 697.00 -72.57 -59.20
 698.00 -71.81 -38.53
 699.00 -69.70 -26.36
 700.00 -77.50 -37.74
 701.00 -51.60 -48.53
 702.00 -78.87 -32.78
 703.00 -77.17 -17.69
 704.00 -67.51 -35.21
 705.00 -60.14 -45.06
 706.00 -68.63 -43.21
 707.00 -42.68 -37.03
 708.00 -76.03 -47.11
 709.00 -76.68 -31.34
 710.00 -59.44 -55.03
 711.00 -46.91 -37.52
 712.00 -68.15 -48.75
 713.00 -73.69 -38.90
 714.00 -78.36 -24.65
 715.00 -73.92 -30.95
 716.00 -58.23 -39.91
 717.00 -72.05 -37.71
 718.00 -52.97 -53.65
 719.00 -64.90 -35.33
 720.00 -123.49  -7.70
 721.00 -51.31 -22.90
 722.00 -56.93 116.02
 723.00  81.75 136.55
 724.00 -73.11 -20.23
 725.00 -73.57 -13.02
 726.00 -74.77 -11.18
 727.00 -77.14 -12.42
 728.00 -68.68 135.22
 729.00 -53.05 147.35
 730.00 -74.51 -34.21
 731.00 -72.86 -26.81
 732.00 -64.12 -34.83
 733.00 -57.81 -44.09
 734.00 -70.17 -38.62
 735.00 -63.56 -52.41
 736.00 -55.15 -39.14
 737.00 -70.02 -54.22
 738.00 -82.21 -25.39
 739.00 -73.27 -41.23
 740.00 -64.33  -8.33
 741.00 -65.45 -41.32
 742.00 -68.80 -43.24
 743.00 -63.04 -40.40
 744.00 -75.45 -43.36
 745.00 -57.84 -41.59
 746.00 -61.29 -44.79
 747.00 -72.08 -51.58
 748.00 -63.23 -29.73
 749.00 -62.57 -40.29
 750.00 -52.59 -41.59
 751.00 -58.87 -62.04
 752.00 -57.62 -38.37
 753.00 -65.54 -44.87
 754.00 -66.13 -50.74
 755.00 -92.61 -42.27
 756.00 -147.17 -26.14
 757.00  50.07  27.86
 758.00  65.64  32.66
 759.00 -69.53  12.58
 760.00 -124.14 -41.72
 761.00 -81.17 147.48
 762.00 -83.90 116.48
 763.00 -61.46  75.81
 764.00 -148.94 -57.71
 765.00 -56.13 155.65
 766.00 -88.10 -36.23
 767.00 -132.94  -3.32
 768.00 -61.51  38.47
 769.00 -84.48 128.90
 770.00 -68.67 102.17
 771.00 -75.00 177.97
 772.00 -63.01 -24.12
 773.00 -79.06 -37.74
 774.00 -52.39 -29.39
 775.00 -71.75 -47.99
 776.00 -59.42 -50.51
 777.00 -68.95 -46.74
 778.00  56.66  -1.35
 779.00 -149.28  56.06
 780.00 -77.60  41.41
 781.00 -66.31 -45.20
 782.00 -64.75 -34.73
 783.00 -51.14 -45.64
 784.00 -73.17 -35.20
 785.00 -58.82 -43.15
 786.00 -54.54 -40.89
 787.00 -54.07 -54.06
 788.00 -67.30 -46.78
 789.00 -57.29 -28.87
 790.00 -69.72 -41.39
 791.00 -80.06 -23.12
 792.00 -69.05 -24.57
 793.00 -54.56 -38.91
 794.00 -86.96 -48.09
 795.00 -84.09  -5.63
 796.00 -70.13 -46.09
 797.00  51.12 -23.14
 798.00 -57.67  61.32
 799.00 -89.11 138.84
 800.00 -52.40 156.53
 801.00 -63.76 -38.71
 802.00 -56.08 -55.73
 803.00 -37.66 -53.21
 804.00 -45.20 -64.11
 805.00 -67.34 -51.33
 806.00 -66.56 -42.34
 807.00 -60.18 -49.35
 808.00 -50.02 -39.61
 809.00 -55.09 -60.41
 810.00 -66.26 -32.62
 811.00 -66.55 -21.16
 812.00 -99.22 -28.17
 813.00 -139.84  36.62
 814.00 -153.58  20.72
 815.00 -143.01 120.79
 816.00 -61.91 163.71
 817.00 -76.44 152.79
 818.00 -65.90 -34.47
 819.00  48.15   5.79
 820.00 -72.79 173.98
 821.00 -72.55 168.86
 822.00 -101.28 -28.29
 823.00 -42.25  29.30
 824.00 -65.20 -41.13
 825.00 -63.91 -38.04
 826.00 -61.72 -45.42
 827.00 -50.01 -51.23
 828.00 -78.80 -31.06
 829.00 -64.48 -42.51
 830.00 -65.76 -37.21
 831.00 -71.20 -49.04
 832.00 -51.79 -30.75
 833.00 -77.62 -50.91
 834.00 -55.73 -27.16
 835.00 -75.95 -48.71
 836.00 -78.22 -23.46
 837.00 -55.89 -40.55
 838.00 -46.01 -53.68
 839.00 -70.40 -28.93
 840.00 -134.14 -21.34
 841.00 -54.68   2.15
 842.00 -106.91 165.39
 843.00 -155.20  95.19
 844.00 -80.11 155.62
 845.00 -62.35  82.09
 846.00 -59.15 -11.94
 847.00 -73.65 -36.90
 848.00 -61.27 119.79
 849.00 -114.49 -20.26
 850.00 -61.69  -5.85
 851.00 -61.54 -46.84
 852.00 -62.20 -36.19
 853.00 -61.77 -43.91
 854.00 -58.43 -42.33
 855.00 -67.75 -48.18
 856.00 -63.30 -36.02
 857.00 -68.79 -30.74
 858.00 -83.17 -33.22
 859.00 -60.24 -36.88
 860.00 -67.82 -45.02
 861.00 -78.84 -19.12
 862.00 -68.78 -41.78
 863.00 -61.34 -37.10
 864.00 -76.59 -23.75
 865.00 -73.56 -13.49
 866.00 -57.43 -30.40
 867.00 -73.53 -43.50
 868.00 -60.61 -36.25
 869.00 -58.27 -39.05
 870.00 -64.94 -45.85
 871.00 -57.89 -43.45
 872.00 -72.93 -41.78
 873.00 -74.26 -27.00
 874.00 -78.25 -39.08
 875.00 -77.27 -16.09
 876.00 -77.98 -50.48
 877.00 -50.12 -36.30
 878.00 -71.87 -52.10
 879.00 -61.41 -37.32
 880.00 -65.70 -37.23
 881.00 -63.95 -38.80
 882.00 -89.09 -37.58
 883.00 -52.20   8.51
 884.00 -71.24 -30.33
 885.00 -77.58 -38.79
 886.00 -113.61 -25.25
 887.00  67.72  -3.94
 888.00 -119.54  52.64
 889.00 -92.34 126.54
 890.00 -137.87 155.21
 891.00 -50.43 103.13
 892.00 -26.71 128.14
 893.00 -63.47 -52.67
 894.00 -80.27 -40.55
 895.00 -61.95 -25.88
 896.00 -60.90 -38.41
 897.00 -64.33 -36.13
 898.00 -64.10 -58.23
 899.00 -78.70 -33.91
 900.00 -97.69 -37.83
 901.00 -87.09 -58.19
 902.00 -52.26 -42.67
 903.00 -65.86 -37.53
 904.00 -72.79 -16.27
 905.00 -79.00 -32.00
 906.00 -72.26 -42.08
 907.00 -77.83 -30.98
 908.00  71.74   6.90
 909.00 -47.96 -15.71
 910.00 -89.54 -49.72
 911.00 -126.12 126.38
 912.00 -67.55 147.26
 913.00 -94.44 154.71
 914.00 -95.36 130.11
 915.00 -70.28 124.95
 916.00 -139.32 -19.06
 917.00 -59.81 157.88


