 residuo Phi Psi
 669.00 -94.47 129.16
 670.00 -56.19 118.68
 671.00 -118.47 123.50
 672.00 -62.39  -9.65
 673.00 -62.59 -43.20
 674.00 -60.83 -30.51
 675.00 -80.34 -33.15
 676.00 -62.89 -44.14
 677.00 -67.47 -38.82
 678.00 -65.34 -42.92
 679.00 -85.35 -37.15
 680.00 -62.10  -2.24
 681.00 -74.70 122.71
 682.00 -77.92 131.88
 683.00 -60.05 -131.77
 684.00 -149.56 147.35
 685.00 -92.43 109.96
 686.00 -68.45 150.28
 687.00  86.67 -25.78
 688.00 -72.88  27.74
 689.00 -114.81 149.90
 690.00 -69.21 123.90
 691.00 -88.23 -11.53
 692.00 -66.45   8.55
 693.00 -71.17 150.71
 694.00 -100.80 170.08
 695.00 -75.67  47.43
 696.00 -49.75 159.34
 697.00 -59.33 -44.12
 698.00 -68.04 -53.37
 699.00 -56.84 -55.61
 700.00 -76.27 -35.09
 701.00 -64.31 -39.15
 702.00 -59.37 -36.10
 703.00 -55.54 -47.99
 704.00 -59.71 -56.05
 705.00 -80.24 -31.58
 706.00 -60.77 -41.80
 707.00 -52.22 -29.56
 708.00 -72.24 -41.50
 709.00 -69.14 -41.76
 710.00 -68.27 -35.85
 711.00 -58.89 -42.34
 712.00 -63.25 -38.86
 713.00 -88.40 -31.82
 714.00 -64.48 -23.68
 715.00 -79.26 -38.23
 716.00 -47.52 -50.04
 717.00 -74.50 -38.37
 718.00 -53.78 -57.12
 719.00 -64.88 -31.73
 720.00 -125.56  -9.80
 721.00 -61.21  -7.02
 722.00 -84.42 155.58
 723.00  69.92 146.55
 724.00 -52.20 -24.09
 725.00 -73.21 -38.43
 726.00 -78.44  -4.60
 727.00 -88.42  -9.70
 728.00 -71.91 157.36
 729.00 -49.87 147.06
 730.00 -61.83 -38.49
 731.00 -78.92 -40.10
 732.00 -64.64 -31.33
 733.00 -66.38 -47.26
 734.00 -68.17 -31.64
 735.00 -66.88 -50.27
 736.00 -68.56 -21.65
 737.00 -59.99 -49.90
 738.00 -96.71 -27.10
 739.00 -78.32 -37.41
 740.00 -56.89  -1.01
 741.00 -82.57 -42.57
 742.00 -70.83 -41.87
 743.00 -50.09 -47.89
 744.00 -62.53 -59.50
 745.00 -70.77 -23.65
 746.00 -48.15 -57.31
 747.00 -73.77 -47.14
 748.00 -49.44 -45.72
 749.00 -59.46 -42.85
 750.00 -70.41 -44.38
 751.00 -47.29 -45.41
 752.00 -74.45 -43.39
 753.00 -54.09 -34.61
 754.00 -92.53 -59.23
 755.00 -95.84 -12.22
 756.00 -126.37 -36.95
 757.00  58.93  17.07
 758.00  54.06  41.24
 759.00 -83.93   9.74
 760.00 -133.80 -20.65
 761.00 -85.01 153.16
 762.00 -93.32 111.52
 763.00 -41.68  55.24
 764.00 -147.96 -49.10
 765.00 -52.87 165.22
 766.00 -81.78 -36.92
 767.00 -76.37 -54.46
 768.00 -86.38  66.35
 769.00 -109.25 140.35
 770.00 -72.15 117.46
 771.00 -65.26 170.87
 772.00 -45.40 -29.77
 773.00 -65.11 -53.52
 774.00 -65.16 -25.73
 775.00 -61.62 -47.48
 776.00 -70.25 -55.83
 777.00 -83.27 -22.05
 778.00  59.16   4.50
 779.00 -74.13 -21.51
 780.00 -71.87  47.90
 781.00 -58.46 -54.23
 782.00 -71.87 -36.89
 783.00 -75.69 -33.37
 784.00 -67.37 -25.30
 785.00 -62.75 -42.68
 786.00 -76.79 -39.21
 787.00 -72.46 -20.66
 788.00 -64.86 -40.61
 789.00 -74.55 -36.04
 790.00 -74.07 -26.56
 791.00 -59.54 -35.46
 792.00 -69.19 -23.82
 793.00 -67.99 -41.62
 794.00 -47.79 -43.33
 795.00 -75.27 -53.51
 796.00 -82.17 -24.10
 797.00  51.23  -2.80
 798.00 -71.25  40.39
 799.00 -84.78 128.20
 800.00 -65.68 153.75
 801.00 -57.28 -27.05
 802.00 -71.85 -46.23
 803.00 -57.59 -39.50
 804.00 -64.12 -38.53
 805.00 -74.16 -45.69
 806.00 -71.47 -33.21
 807.00 -69.85 -37.15
 808.00 -55.55 -35.15
 809.00 -71.67 -40.09
 810.00 -60.13 -34.75
 811.00 -82.92 -15.96
 812.00 -125.13  -8.80
 813.00 -137.86  53.44
 814.00 -162.90  13.79
 815.00 -154.30 130.59
 816.00 -76.04 165.37
 817.00 -60.31 152.58
 818.00 -71.51 -43.48
 819.00  78.91  -4.85
 820.00 -95.62 -174.77
 821.00 -74.90 156.29
 822.00 -127.76  -9.14
 823.00 -54.11  37.78
 824.00 -60.48 -38.31
 825.00 -74.46 -38.48
 826.00 -54.52 -39.58
 827.00 -70.50 -35.56
 828.00 -64.14 -40.01
 829.00 -74.41 -38.93
 830.00 -76.32 -31.97
 831.00 -56.02 -40.68
 832.00 -68.23 -38.97
 833.00 -51.07 -59.92
 834.00 -68.14 -40.36
 835.00 -65.03 -35.66
 836.00 -70.80 -42.29
 837.00 -55.73 -34.13
 838.00 -54.06 -59.96
 839.00 -62.29 -30.01
 840.00 -139.49 -23.02
 841.00 -63.01  13.66
 842.00 -90.66 145.27
 843.00 -150.36  99.05
 844.00 -68.86 145.27
 845.00 -41.43  85.24
 846.00 -84.68 -33.58
 847.00 -127.54   5.31
 848.00 -59.42  76.18
 849.00 -73.37 -16.64
 850.00 -62.84 -24.78
 851.00 -73.24 -42.25
 852.00 -61.50 -41.16
 853.00 -70.98 -39.10
 854.00 -61.35 -42.16
 855.00 -56.58 -45.83
 856.00 -53.96 -44.01
 857.00 -55.34 -37.90
 858.00 -77.52 -39.56
 859.00 -58.13 -40.03
 860.00 -61.20 -49.00
 861.00 -65.20 -35.85
 862.00 -52.04 -55.72
 863.00 -76.31 -39.63
 864.00 -85.68 -21.97
 865.00 -71.16 -22.54
 866.00 -73.66 -20.07
 867.00 -69.81 -39.08
 868.00 -70.20 -27.16
 869.00 -67.06 -36.11
 870.00 -60.33 -38.06
 871.00 -57.35 -54.07
 872.00 -75.34 -42.15
 873.00 -68.22 -23.67
 874.00 -65.33 -38.42
 875.00 -81.92 -20.27
 876.00 -68.56 -48.75
 877.00 -56.48 -43.17
 878.00 -65.80 -49.63
 879.00 -76.24 -21.99
 880.00 -68.32 -43.02
 881.00 -63.25 -34.69
 882.00 -113.38 -24.29
 883.00 -46.34  10.83
 884.00 -47.46 -53.49
 885.00 -62.54 -52.68
 886.00 -128.91  -8.74
 887.00  60.87   6.09
 888.00 -79.92  18.76
 889.00 -103.45 135.07
 890.00 -135.61 156.35
 891.00 -63.12 135.49
 892.00 -69.96 148.83
 893.00 -65.07 -41.55
 894.00 -65.94 -43.30
 895.00 -73.53 -35.91
 896.00 -78.33 -19.98
 897.00 -59.28 -43.41
 898.00 -74.98 -42.69
 899.00 -79.45 -31.62
 900.00 -105.97 -35.62
 901.00 -95.66 -46.96
 902.00 -64.85 -37.18
 903.00 -58.82 -25.92
 904.00 -73.00 -30.19
 905.00 -63.46 -41.89
 906.00 -59.38 -50.76
 907.00 -86.05 -31.88
 908.00  60.37   3.21
 909.00 -67.41  13.08
 910.00 -109.94 -29.49
 911.00 -136.95 125.86
 912.00 -64.50 144.25
 913.00 -105.76 163.18
 914.00 -92.94 112.79
 915.00 -63.22 136.30
 916.00 -99.44 -50.49
 917.00 -123.12 -177.62


