 residuo Phi Psi
 669.00 -66.15 133.17
 670.00 -56.86 158.78
 671.00 -55.00 164.13
 672.00 -56.41 -48.61
 673.00 -72.54 -37.57
 674.00 -60.11 -40.60
 675.00 -67.03 -31.84
 676.00 -45.54 -62.93
 677.00 -87.29 -36.15
 678.00 -70.28 -27.74
 679.00 -86.61 -31.93
 680.00 -53.01 -11.74
 681.00 -79.00 111.76
 682.00 -83.00 147.32
 683.00 -61.55 152.21
 684.00 -102.13 122.11
 685.00 -89.85 134.98
 686.00 -87.53 158.89
 687.00  88.17 -20.90
 688.00 -92.60  27.48
 689.00 -78.88 115.45
 690.00 -66.07  93.02
 691.00 -68.25 -16.81
 692.00 -95.87 -17.13
 693.00 -42.53 149.94
 694.00 -60.86 123.06
 695.00 -140.78 113.84
 696.00 -25.32 152.05
 697.00 -84.20 -66.90
 698.00 -68.01 -24.54
 699.00 -76.92 -28.27
 700.00 -66.31 -51.66
 701.00 -61.14 -40.18
 702.00 -82.99 -26.18
 703.00 -73.93 -28.04
 704.00 -68.66 -45.16
 705.00 -56.25 -39.34
 706.00 -65.96 -48.36
 707.00 -69.02 -27.61
 708.00 -78.52 -27.81
 709.00 -50.76 -43.07
 710.00 -61.25 -53.08
 711.00 -70.49 -39.69
 712.00 -46.03 -38.39
 713.00 -75.27 -44.29
 714.00 -61.40 -41.89
 715.00 -63.69 -35.60
 716.00 -63.86 -51.34
 717.00 -64.44 -35.38
 718.00 -59.48 -47.88
 719.00 -56.06 -47.67
 720.00 -100.70 -16.62
 721.00 -56.55 -31.31
 722.00 -58.93 128.72
 723.00  70.45 149.26
 724.00 -73.24 -19.78
 725.00 -70.70 -24.75
 726.00 -67.92 -10.10
 727.00 -74.47 -29.35
 728.00 -58.31 133.27
 729.00 -66.55 147.87
 730.00 -74.04 -19.66
 731.00 -79.47 -31.72
 732.00 -59.29 -40.79
 733.00 -52.68 -44.57
 734.00 -59.83 -40.65
 735.00 -65.03 -70.25
 736.00 -64.79 -21.53
 737.00 -77.89 -40.78
 738.00 -104.63 -10.25
 739.00 -93.35 -29.54
 740.00 -47.35 -23.88
 741.00 -68.33 -46.84
 742.00 -52.09 -43.05
 743.00 -64.90 -45.33
 744.00 -76.90 -41.25
 745.00 -73.47 -40.70
 746.00 -63.47 -35.72
 747.00 -72.66 -45.71
 748.00 -61.13 -33.88
 749.00 -59.35 -44.06
 750.00 -49.46 -51.98
 751.00 -62.56 -41.45
 752.00 -64.54 -46.72
 753.00 -65.33 -33.60
 754.00 -66.16 -57.54
 755.00 -113.33 -18.58
 756.00 -140.20 -34.53
 757.00  53.59  38.97
 758.00  52.24  18.94
 759.00 -62.78  25.50
 760.00 -116.77 -54.52
 761.00 -85.55 165.68
 762.00 -94.28 117.67
 763.00 -44.87  54.36
 764.00 -143.98 -61.79
 765.00 -67.27 166.42
 766.00 -72.79 -38.85
 767.00 -104.40 -35.85
 768.00 -80.00  55.34
 769.00 -109.48 144.13
 770.00 -75.28 115.14
 771.00 -55.18 175.13
 772.00 -52.02 -47.14
 773.00 -68.05 -43.57
 774.00 -56.67 -35.71
 775.00 -51.13 -62.01
 776.00 -55.48 -44.12
 777.00 -64.80 -57.13
 778.00  56.44  -6.70
 779.00 -121.95  40.45
 780.00 -46.97   9.89
 781.00 -44.82 -51.69
 782.00 -68.47 -51.56
 783.00 -63.99 -40.37
 784.00 -55.86 -38.71
 785.00 -58.48 -43.97
 786.00 -58.86 -44.45
 787.00 -72.92 -28.50
 788.00 -58.73 -47.14
 789.00 -60.23 -49.35
 790.00 -54.53 -43.04
 791.00 -71.18 -43.03
 792.00 -71.49 -14.36
 793.00 -48.97 -46.18
 794.00 -73.79 -47.93
 795.00 -73.47 -35.24
 796.00 -83.63 -43.26
 797.00  47.99   0.16
 798.00 -72.64  57.94
 799.00 -85.19 124.42
 800.00 -51.11 151.38
 801.00 -69.30 -36.37
 802.00 -69.51 -39.55
 803.00 -61.43 -39.43
 804.00 -60.16 -47.98
 805.00 -73.04 -35.48
 806.00 -52.17 -39.35
 807.00 -58.92 -53.59
 808.00 -65.12 -43.64
 809.00 -58.16 -46.61
 810.00 -65.24 -33.03
 811.00 -68.81 -23.28
 812.00 -82.96 -42.76
 813.00 -129.55  37.09
 814.00 -156.21  18.05
 815.00 -137.24 126.27
 816.00 -63.68 170.49
 817.00 -74.97 156.17
 818.00 -60.77 -41.16
 819.00  89.47 -12.51
 820.00 -77.83 165.34
 821.00 -70.78 167.32
 822.00 -104.88 -29.86
 823.00 -47.52  24.16
 824.00 -66.49 -39.38
 825.00 -71.84 -37.14
 826.00 -62.21 -29.51
 827.00 -54.17 -56.71
 828.00 -62.27 -40.36
 829.00 -65.90 -44.27
 830.00 -61.32 -40.71
 831.00 -60.87 -48.12
 832.00 -66.63 -39.72
 833.00 -68.75 -43.80
 834.00 -82.45 -22.95
 835.00 -70.39 -42.74
 836.00 -86.93 -29.59
 837.00 -57.94 -28.09
 838.00 -55.43 -53.69
 839.00 -75.89 -31.36
 840.00 -141.90 -12.74
 841.00 -61.23   6.15
 842.00 -68.39 135.60
 843.00 -147.14  98.58
 844.00 -76.54 158.79
 845.00 -53.57  76.66
 846.00 -56.34 -17.31
 847.00 -122.09 -41.17
 848.00 -75.48 107.92
 849.00 -51.01 -13.89
 850.00 -52.76 -49.76
 851.00 -69.27 -44.92
 852.00 -85.57 -30.43
 853.00 -71.38 -34.74
 854.00 -51.44 -38.18
 855.00 -69.20 -58.45
 856.00 -45.86 -45.37
 857.00 -64.55 -51.18
 858.00 -60.13 -40.94
 859.00 -69.04 -44.53
 860.00 -46.61 -40.25
 861.00 -70.95 -53.56
 862.00 -69.46 -36.53
 863.00 -74.65 -33.97
 864.00 -87.24 -14.36
 865.00 -62.79 -22.72
 866.00 -68.64 -28.19
 867.00 -58.10 -51.59
 868.00 -52.47 -41.61
 869.00 -66.19 -47.00
 870.00 -75.85 -37.09
 871.00 -71.87 -35.34
 872.00 -84.45 -21.96
 873.00 -55.38 -45.88
 874.00 -67.16 -46.45
 875.00 -65.56 -39.04
 876.00 -62.76 -51.49
 877.00 -73.94 -28.99
 878.00 -77.63 -31.91
 879.00 -81.15 -26.91
 880.00 -60.37 -35.97
 881.00 -62.01 -41.03
 882.00 -103.97 -24.50
 883.00 -54.19  17.17
 884.00 -64.50 -40.21
 885.00 -60.52 -44.03
 886.00 -91.71 -47.03
 887.00  52.64   2.65
 888.00 -92.52  31.84
 889.00 -85.31 133.99
 890.00 -111.18 134.96
 891.00 -50.13 133.64
 892.00 -64.37 141.52
 893.00 -69.88 -31.13
 894.00 -122.17  -7.29
 895.00 -60.62 -32.53
 896.00 -69.66 -33.40
 897.00 -63.08 -49.83
 898.00 -68.12 -47.69
 899.00 -79.96 -28.14
 900.00 -85.36 -48.27
 901.00 -90.18 -52.07
 902.00 -56.87 -39.47
 903.00 -64.91 -34.26
 904.00 -79.44 -13.04
 905.00 -78.60 -23.73
 906.00 -85.65 -25.25
 907.00 -77.22 -35.21
 908.00  81.84 -16.11
 909.00 -76.30  14.02
 910.00 -100.39 -19.90
 911.00 -114.80 147.67
 912.00 -67.63 118.58
 913.00 -104.16 151.55
 914.00 -77.88  94.26
 915.00 -93.00 133.10
 916.00 -81.54 -40.48
 917.00 -52.78 133.94


