 residuo Phi Psi
 669.00 -58.33 161.84
 670.00 -56.13 134.74
 671.00 -164.61 156.89
 672.00 -57.80  -0.94
 673.00 -50.42 -63.67
 674.00 -65.03 -51.91
 675.00 -70.84 -23.59
 676.00 -61.89 -54.22
 677.00 -64.72 -39.02
 678.00 -77.01 -30.57
 679.00 -69.15 -40.89
 680.00 -60.27 -24.89
 681.00 -68.37 107.53
 682.00 -105.80 177.79
 683.00 -58.99 149.17
 684.00 -72.19 134.51
 685.00 -93.88 137.50
 686.00 -79.48 142.10
 687.00  85.42 -21.19
 688.00 -83.08  19.51
 689.00 -167.11 157.04
 690.00 -56.91 150.74
 691.00 -80.66 -21.57
 692.00 -60.73 -27.12
 693.00 -66.79 149.50
 694.00 -91.47 136.04
 695.00 -95.28  55.18
 696.00 -43.28 151.64
 697.00 -47.07 -53.09
 698.00 -73.42 -52.80
 699.00 -62.81 -36.95
 700.00 -77.10 -42.13
 701.00 -63.91 -33.47
 702.00 -81.30 -34.41
 703.00 -66.54 -29.75
 704.00 -64.11 -44.39
 705.00 -62.17 -41.93
 706.00 -64.61 -41.00
 707.00 -49.43 -33.61
 708.00 -56.58 -57.78
 709.00 -55.71 -55.23
 710.00 -61.96 -47.42
 711.00 -73.41 -32.88
 712.00 -56.43 -38.83
 713.00 -81.97 -40.45
 714.00 -94.84  -4.66
 715.00 -69.05 -41.23
 716.00 -64.31 -33.18
 717.00 -57.50 -46.94
 718.00 -65.08 -48.34
 719.00 -60.52 -38.24
 720.00 -64.87 -37.53
 721.00 -54.22 -33.70
 722.00 -53.94 141.33
 723.00  72.34 130.22
 724.00 -58.52  -8.88
 725.00 -73.74 -34.93
 726.00 -68.06 -12.50
 727.00 -77.76 -14.95
 728.00 -60.21 152.32
 729.00 -53.37 143.68
 730.00 -71.38 -35.58
 731.00 -83.25 -24.12
 732.00 -58.00 -38.16
 733.00 -75.42 -37.50
 734.00 -70.00 -38.82
 735.00 -62.44 -52.03
 736.00 -53.67 -37.19
 737.00 -59.89 -48.41
 738.00 -87.99 -30.10
 739.00 -73.64 -45.67
 740.00 -68.15  -5.23
 741.00 -53.88 -55.46
 742.00 -61.39 -39.79
 743.00 -33.67 -63.51
 744.00 -81.19 -52.19
 745.00 -71.21 -34.70
 746.00 -59.80 -43.10
 747.00 -66.23 -41.72
 748.00 -70.89 -40.07
 749.00 -67.40 -28.57
 750.00 -58.50 -46.32
 751.00 -68.92 -48.99
 752.00 -56.27 -33.74
 753.00 -68.70 -45.94
 754.00 -89.05 -40.55
 755.00 -95.18 -27.01
 756.00 -142.07 -39.37
 757.00  47.52  30.76
 758.00  59.89  40.34
 759.00 -71.62  -2.85
 760.00 -72.83 -60.22
 761.00 -100.59 162.02
 762.00 -92.56 107.72
 763.00 -54.89  66.14
 764.00 -143.13 -50.04
 765.00 -60.09 162.68
 766.00 -85.11 -37.06
 767.00 -97.58 -41.07
 768.00 -96.75  98.60
 769.00 -109.34 141.28
 770.00 -70.25 111.50
 771.00 -64.69 -179.74
 772.00 -57.33 -31.48
 773.00 -68.82 -48.77
 774.00 -68.71 -22.01
 775.00 -87.61 -23.32
 776.00 -59.00 -50.30
 777.00 -71.12 -42.84
 778.00  70.67  -8.64
 779.00 -61.49 -29.67
 780.00 -70.40  48.80
 781.00 -59.53 -60.84
 782.00 -64.84 -26.90
 783.00 -64.50 -47.80
 784.00 -58.92 -35.72
 785.00 -54.51 -50.05
 786.00 -63.70 -41.72
 787.00 -49.82 -41.23
 788.00 -77.01 -42.94
 789.00 -79.49 -17.18
 790.00 -62.99 -42.88
 791.00 -72.25 -38.36
 792.00 -67.23 -24.28
 793.00 -68.45 -25.23
 794.00 -67.20 -37.28
 795.00 -61.50 -58.45
 796.00 -79.86 -44.78
 797.00  58.94  -3.32
 798.00 -82.80  63.74
 799.00 -85.75 131.00
 800.00 -56.09 146.17
 801.00 -47.02 -41.65
 802.00 -71.68 -43.48
 803.00 -58.86 -42.49
 804.00 -58.32 -47.97
 805.00 -61.87 -40.70
 806.00 -63.47 -40.91
 807.00 -68.38 -45.10
 808.00 -85.75 -29.63
 809.00 -65.10 -31.66
 810.00 -59.90 -35.14
 811.00 -55.66 -39.72
 812.00 -99.39 -35.32
 813.00 -131.14  34.12
 814.00 -157.06  16.29
 815.00 -139.76 123.24
 816.00 -58.64 165.47
 817.00 -57.20 152.63
 818.00 -72.11 -36.74
 819.00  65.39  -1.32
 820.00 -70.46 169.65
 821.00 -61.79 166.99
 822.00 -147.41 -26.43
 823.00 -70.51  68.50
 824.00 -58.26 -26.76
 825.00 -65.13 -38.78
 826.00 -60.27 -46.13
 827.00 -69.80 -46.11
 828.00 -69.72 -34.97
 829.00 -60.94 -43.64
 830.00 -53.75 -50.51
 831.00 -56.96 -47.01
 832.00 -71.03 -51.24
 833.00 -63.52 -32.20
 834.00 -49.52 -49.54
 835.00 -72.02 -45.33
 836.00 -69.45 -39.26
 837.00 -58.17 -34.43
 838.00 -69.22 -53.24
 839.00 -66.89 -15.63
 840.00 -127.80 -19.69
 841.00 -54.15   0.10
 842.00 -83.11 139.93
 843.00 -105.79  59.57
 844.00 -87.50 166.42
 845.00 -53.86  93.68
 846.00 -59.11 -33.00
 847.00 -119.52 -34.62
 848.00 -50.96  71.25
 849.00 -56.35 -14.01
 850.00 -63.10 -31.02
 851.00 -94.58 -19.39
 852.00 -72.47 -23.90
 853.00 -52.63 -43.56
 854.00 -70.19 -50.12
 855.00 -63.78 -42.13
 856.00 -58.49 -42.48
 857.00 -62.58 -38.31
 858.00 -58.78 -50.15
 859.00 -66.38 -42.71
 860.00 -68.73 -32.64
 861.00 -63.00 -36.52
 862.00 -68.35 -50.01
 863.00 -66.93 -36.48
 864.00 -77.58 -21.77
 865.00 -72.65  -7.23
 866.00 -72.85 -30.75
 867.00 -72.55 -39.45
 868.00 -74.91 -18.56
 869.00 -53.79 -60.27
 870.00 -64.47 -32.70
 871.00 -69.86 -42.28
 872.00 -74.63 -33.72
 873.00 -67.18 -34.86
 874.00 -73.09 -33.92
 875.00 -58.49 -38.45
 876.00 -84.65 -44.97
 877.00 -57.80 -24.55
 878.00 -51.01 -56.23
 879.00 -73.53 -32.64
 880.00 -66.98 -49.40
 881.00 -68.02 -31.06
 882.00 -148.76  -5.65
 883.00 -61.52  38.31
 884.00 -82.48 -50.36
 885.00 -77.44  -7.08
 886.00 -135.09  -5.78
 887.00  54.50  16.99
 888.00 -80.15  13.64
 889.00 -86.26 117.26
 890.00 -135.23 154.49
 891.00 -64.14 143.20
 892.00 -57.64 134.88
 893.00 -67.46 -29.01
 894.00 -84.04 -33.20
 895.00 -57.80 -46.22
 896.00 -61.41 -31.31
 897.00 -70.40 -40.95
 898.00 -71.63 -39.82
 899.00 -94.09 -30.61
 900.00 -92.72 -42.26
 901.00 -92.70 -42.86
 902.00 -55.17 -47.46
 903.00 -44.00 -39.70
 904.00 -65.76 -43.68
 905.00 -62.44 -39.94
 906.00 -73.80 -44.81
 907.00 -78.70 -21.61
 908.00  99.40 -27.40
 909.00 -64.31  -0.24
 910.00 -122.39 -21.21
 911.00 -126.72 128.01
 912.00 -52.70 149.38
 913.00 -101.10 160.49
 914.00 -74.61  88.41
 915.00 -74.42 137.25
 916.00 -120.08 -33.61
 917.00 -68.78 164.95


