 residuo Phi Psi
 669.00 -151.84 136.76
 670.00 -63.69 166.69
 671.00 -133.90 147.02
 672.00 -61.59 -19.91
 673.00 -69.31 -40.31
 674.00 -53.14 -33.19
 675.00 -59.21 -47.55
 676.00 -56.68 -56.92
 677.00 -77.52 -29.71
 678.00 -53.97 -43.93
 679.00 -57.92 -55.41
 680.00 -50.05 -22.89
 681.00 -55.13 113.39
 682.00 -68.65 154.28
 683.00 -82.04 154.75
 684.00 -115.48 136.75
 685.00 -99.42 152.03
 686.00 -84.26 151.85
 687.00  62.85   2.94
 688.00 -83.12  27.46
 689.00 -129.65 158.91
 690.00 -55.37  91.98
 691.00 -67.23  -7.40
 692.00 -81.94 -26.05
 693.00 -75.54 157.02
 694.00 -80.50 143.08
 695.00 -142.92 154.84
 696.00 -54.29 144.76
 697.00 -67.20 -39.15
 698.00 -64.87 -43.03
 699.00 -55.09 -53.09
 700.00 -85.34 -30.28
 701.00 -73.80 -27.27
 702.00 -67.78 -40.69
 703.00 -59.79 -39.95
 704.00 -64.04 -44.10
 705.00 -65.60 -43.93
 706.00 -62.26 -38.44
 707.00 -64.83 -38.61
 708.00 -73.83 -36.73
 709.00 -58.77 -31.52
 710.00 -72.05 -45.93
 711.00 -58.42 -36.89
 712.00 -66.74 -46.74
 713.00 -65.69 -33.01
 714.00 -61.03 -36.00
 715.00 -63.69 -51.73
 716.00 -53.01 -47.14
 717.00 -61.65 -42.50
 718.00 -72.95 -42.37
 719.00 -78.72 -20.46
 720.00 -130.61  10.19
 721.00 -54.01 -18.32
 722.00 -67.76 133.64
 723.00  85.76 142.00
 724.00 -69.24 -30.64
 725.00 -56.95 -27.51
 726.00 -45.94 -26.71
 727.00 -81.79 -39.53
 728.00 -86.75 153.76
 729.00 -61.47 151.99
 730.00 -78.82 -28.22
 731.00 -79.39 -28.32
 732.00 -64.04 -31.94
 733.00 -51.75 -52.28
 734.00 -56.36 -43.34
 735.00 -64.04 -73.08
 736.00 -70.52 -25.10
 737.00 -73.13 -44.25
 738.00 -89.19 -17.33
 739.00 -82.04 -38.80
 740.00 -46.72 -12.44
 741.00 -73.12 -46.88
 742.00 -61.40 -52.46
 743.00 -72.85 -33.73
 744.00 -71.31 -45.75
 745.00 -75.48 -28.20
 746.00 -58.23 -40.64
 747.00 -64.88 -39.06
 748.00 -66.24 -41.85
 749.00 -48.96 -38.55
 750.00 -63.89 -53.88
 751.00 -55.47 -47.30
 752.00 -81.09 -32.59
 753.00 -63.66 -37.59
 754.00 -82.19 -40.83
 755.00 -98.87 -38.79
 756.00 -139.20 -22.02
 757.00  45.92  39.65
 758.00  56.39  33.89
 759.00 -83.38  -9.00
 760.00 -82.39 -36.45
 761.00 -103.46 158.27
 762.00 -112.80 126.05
 763.00 -62.89  74.84
 764.00 -142.37 -52.94
 765.00 -58.74 162.13
 766.00 -89.46 -36.27
 767.00 -133.07 -14.67
 768.00 -104.98  91.33
 769.00 -120.43 158.90
 770.00 -77.32 115.56
 771.00 -55.89 173.25
 772.00 -65.72 -23.06
 773.00 -65.45 -47.85
 774.00 -48.93 -34.67
 775.00 -69.09 -54.88
 776.00 -53.59 -46.28
 777.00 -87.89 -32.10
 778.00  55.74   6.58
 779.00 -76.06 -18.34
 780.00 -70.01  53.46
 781.00 -65.15 -41.80
 782.00 -56.77 -42.29
 783.00 -75.57 -40.97
 784.00 -54.14 -31.77
 785.00 -63.99 -50.07
 786.00 -67.92 -44.71
 787.00 -60.00 -29.84
 788.00 -63.22 -46.03
 789.00 -65.46 -38.86
 790.00 -75.96 -34.57
 791.00 -62.02 -34.39
 792.00 -64.44 -24.77
 793.00 -67.23 -32.01
 794.00 -73.26 -38.05
 795.00 -57.47 -43.95
 796.00 -77.84 -42.93
 797.00  58.55 -21.70
 798.00 -53.86  68.71
 799.00 -102.12 128.79
 800.00 -43.45 143.34
 801.00 -61.72 -38.56
 802.00 -74.70 -41.39
 803.00 -64.69 -34.20
 804.00 -62.02 -40.92
 805.00 -64.50 -44.13
 806.00 -59.01 -44.76
 807.00 -82.62 -29.81
 808.00 -61.25 -28.58
 809.00 -62.02 -47.40
 810.00 -63.78 -36.58
 811.00 -96.15 -15.20
 812.00 -116.49  -8.63
 813.00 -125.91  34.79
 814.00 -118.52 -29.92
 815.00 -153.10 131.83
 816.00 -53.14 159.20
 817.00 -67.73 157.15
 818.00 -97.98 -16.98
 819.00  80.18   1.36
 820.00 -84.90 176.09
 821.00 -58.66 161.85
 822.00 -118.19 -45.06
 823.00 -51.39  67.45
 824.00 -58.03 -32.46
 825.00 -71.72 -28.58
 826.00 -60.55 -47.15
 827.00 -65.85 -41.78
 828.00 -60.01 -52.11
 829.00 -63.14 -33.74
 830.00 -52.92 -56.78
 831.00 -69.04 -48.41
 832.00 -61.87 -40.48
 833.00 -76.96 -34.42
 834.00 -68.69 -24.68
 835.00 -74.33 -43.82
 836.00 -79.16 -21.39
 837.00 -58.23 -36.39
 838.00 -60.40 -43.41
 839.00 -99.52 -18.39
 840.00 -95.06 -25.76
 841.00 -38.38 -15.50
 842.00 -80.02 148.46
 843.00 -162.81 115.24
 844.00 -65.39 143.99
 845.00 -67.42  91.31
 846.00 -50.58 -22.98
 847.00 -125.69 -30.69
 848.00 -55.65  85.30
 849.00 -64.42 -18.12
 850.00 -58.35 -20.02
 851.00 -85.94 -26.69
 852.00 -59.60 -43.76
 853.00 -63.25 -46.92
 854.00 -55.29 -43.37
 855.00 -70.91 -47.11
 856.00 -68.98 -28.98
 857.00 -64.41 -45.04
 858.00 -73.75 -31.93
 859.00 -71.97 -34.49
 860.00 -60.12 -35.23
 861.00 -57.14 -45.93
 862.00 -58.70 -49.04
 863.00 -69.38 -36.49
 864.00 -59.37 -38.74
 865.00 -60.68 -20.17
 866.00 -48.40 -55.89
 867.00 -66.60 -47.35
 868.00 -76.65 -32.41
 869.00 -75.06 -29.06
 870.00 -73.00 -31.36
 871.00 -58.57 -35.41
 872.00 -72.55 -52.20
 873.00 -53.84 -36.76
 874.00 -66.82 -40.00
 875.00 -66.24 -43.97
 876.00 -71.95 -41.23
 877.00 -57.64 -41.71
 878.00 -57.50 -51.96
 879.00 -72.83 -39.41
 880.00 -61.98 -35.23
 881.00 -56.97 -36.11
 882.00 -114.62 -28.87
 883.00 -59.69   7.96
 884.00 -81.01 -15.45
 885.00 -96.24 -31.16
 886.00 -82.29 -31.83
 887.00  63.17 -19.25
 888.00 -95.39  47.74
 889.00 -85.65 133.02
 890.00 -142.42 156.65
 891.00 -56.21 135.42
 892.00 -66.84 138.99
 893.00 -67.98 -35.74
 894.00 -77.41 -27.21
 895.00 -67.13 -43.96
 896.00 -70.64 -28.43
 897.00 -66.44 -35.78
 898.00 -61.93 -53.04
 899.00 -87.45 -32.66
 900.00 -111.42 -31.32
 901.00 -88.37 -35.54
 902.00 -68.32 -46.60
 903.00 -60.23 -37.13
 904.00 -67.89 -25.25
 905.00 -64.46 -30.20
 906.00 -73.94 -55.67
 907.00 -91.80 -12.73
 908.00  75.96  -2.00
 909.00 -74.58   2.48
 910.00 -115.17 -12.28
 911.00 -143.49 131.00
 912.00 -62.23 134.02
 913.00 -100.69 158.98
 914.00 -96.74 123.12
 915.00 -83.66 137.23
 916.00 -134.80 -22.68
 917.00 -65.35 164.19


