 residuo Phi Psi
 669.00 -65.32 171.27
 670.00 -67.92 133.76
 671.00 -148.43 106.71
 672.00 -50.83 -16.56
 673.00 -73.76 -42.16
 674.00 -82.07 -25.51
 675.00 -77.20 -32.12
 676.00 -49.87 -40.10
 677.00 -67.53 -46.19
 678.00 -62.70 -36.98
 679.00 -81.51 -35.41
 680.00 -81.73 -10.81
 681.00 -72.39 112.47
 682.00 -68.47 177.22
 683.00 -63.03 161.18
 684.00 -82.22 133.03
 685.00 -81.81 126.37
 686.00 -85.05 148.68
 687.00  72.80 -14.89
 688.00 -71.92  19.39
 689.00 -124.71 155.54
 690.00 -95.37 135.08
 691.00 -77.52  -5.28
 692.00 -120.95  -0.56
 693.00 -63.66 152.89
 694.00 -84.21 148.06
 695.00 -162.30 168.51
 696.00 -59.47 166.71
 697.00 -67.03 -32.45
 698.00 -66.49 -52.86
 699.00 -64.29 -52.84
 700.00 -71.77 -49.53
 701.00 -63.49 -33.28
 702.00 -73.25 -44.02
 703.00 -65.74 -25.08
 704.00 -66.00 -42.93
 705.00 -68.43 -36.27
 706.00 -65.73 -34.34
 707.00 -40.70 -34.74
 708.00 -67.92 -54.84
 709.00 -56.74 -42.16
 710.00 -68.67 -48.44
 711.00 -52.93 -44.28
 712.00 -70.42 -46.61
 713.00 -71.29 -31.29
 714.00 -62.30 -34.35
 715.00 -56.80 -44.36
 716.00 -58.46 -50.01
 717.00 -75.92 -31.03
 718.00 -48.25 -54.55
 719.00 -62.53 -39.83
 720.00 -137.00  -9.11
 721.00 -51.42 -11.61
 722.00 -66.43 114.22
 723.00  63.13 160.49
 724.00 -58.06 -18.02
 725.00 -73.36 -35.21
 726.00 -73.92   6.08
 727.00 -76.96 -23.33
 728.00 -63.92 136.08
 729.00 -59.72 150.55
 730.00 -83.40 -19.53
 731.00 -59.79 -40.46
 732.00 -68.08 -38.22
 733.00 -55.89 -50.72
 734.00 -78.48 -33.67
 735.00 -75.43 -43.09
 736.00 -66.17 -21.33
 737.00 -87.83 -31.97
 738.00 -64.94 -45.12
 739.00 -75.59 -34.54
 740.00 -52.53  -8.90
 741.00 -63.64 -60.49
 742.00 -53.36 -46.40
 743.00 -67.62 -45.81
 744.00 -71.28 -54.03
 745.00 -65.84 -33.88
 746.00 -62.91 -44.22
 747.00 -69.44 -35.78
 748.00 -59.28 -49.10
 749.00 -63.17 -39.04
 750.00 -38.79 -49.69
 751.00 -50.77 -71.93
 752.00 -69.74 -34.62
 753.00 -78.69 -36.99
 754.00 -63.15 -41.14
 755.00 -80.51 -44.44
 756.00 -141.20 -43.02
 757.00  51.33  35.38
 758.00  71.44  31.44
 759.00 -95.37  -7.13
 760.00 -127.20  -9.40
 761.00 -79.57 150.68
 762.00 -109.04 119.18
 763.00 -51.45  63.17
 764.00 -153.81 -48.10
 765.00 -55.41 162.52
 766.00 -96.84 -29.27
 767.00 -132.23 -10.87
 768.00 -66.83  44.30
 769.00 -126.69 148.33
 770.00 -156.61 154.38
 771.00 -34.59 168.84
 772.00 -79.26 -39.28
 773.00 -75.48 -42.74
 774.00 -61.33 -23.47
 775.00 -68.07 -42.37
 776.00 -83.72 -36.42
 777.00 -85.17 -24.16
 778.00  60.98 -19.83
 779.00 -78.10   7.34
 780.00 -74.21  47.74
 781.00 -58.60 -58.80
 782.00 -65.49 -35.71
 783.00 -65.09 -49.20
 784.00 -59.14 -34.66
 785.00 -72.05 -44.90
 786.00 -64.85 -37.60
 787.00 -57.04 -45.10
 788.00 -68.55 -36.20
 789.00 -71.71 -21.70
 790.00 -58.77 -50.99
 791.00 -56.94 -35.23
 792.00 -86.52 -29.36
 793.00 -46.39 -38.67
 794.00 -71.03 -53.69
 795.00 -82.94 -15.05
 796.00 -80.11 -29.46
 797.00  56.48 -16.70
 798.00 -64.44  39.45
 799.00 -82.21 135.57
 800.00 -62.78 168.61
 801.00 -51.24 -45.87
 802.00 -64.36 -45.14
 803.00 -55.21 -54.47
 804.00 -67.24 -35.98
 805.00 -68.55 -45.47
 806.00 -74.11 -37.27
 807.00 -64.62 -33.89
 808.00 -50.82 -41.50
 809.00 -65.20 -61.98
 810.00 -68.04 -17.88
 811.00 -70.59 -17.32
 812.00 -119.80 -14.13
 813.00 -113.49  34.76
 814.00 -159.70  -7.10
 815.00 -153.08 125.62
 816.00 -49.07 162.24
 817.00 -62.40 144.36
 818.00 -80.37 -31.02
 819.00  64.98   8.81
 820.00 -65.66 155.09
 821.00 -57.58 156.75
 822.00 -115.19 -21.04
 823.00 -56.28  33.48
 824.00 -54.87 -21.21
 825.00 -89.96 -38.36
 826.00 -63.90 -39.71
 827.00 -61.22 -40.30
 828.00 -61.59 -44.46
 829.00 -61.33 -44.96
 830.00 -62.73 -41.31
 831.00 -60.68 -49.32
 832.00 -85.93 -31.70
 833.00 -58.91 -36.30
 834.00 -66.12 -33.06
 835.00 -54.91 -49.17
 836.00 -67.20 -50.56
 837.00 -69.71 -27.65
 838.00 -48.47 -46.46
 839.00 -61.09 -39.27
 840.00 -97.05 -50.18
 841.00 -60.33  -6.95
 842.00 -74.25 149.78
 843.00 -153.39 100.36
 844.00 -71.72 150.17
 845.00 -46.14  96.99
 846.00 -40.28 -35.45
 847.00 -114.16 -41.30
 848.00 -73.26  61.90
 849.00 -50.15  -9.64
 850.00 -66.21 -44.05
 851.00 -65.49 -32.35
 852.00 -76.39 -33.21
 853.00 -63.79 -38.46
 854.00 -53.15 -38.15
 855.00 -54.36 -52.39
 856.00 -52.60 -52.33
 857.00 -54.73 -57.66
 858.00 -69.97 -33.37
 859.00 -50.83 -58.97
 860.00 -65.59 -42.44
 861.00 -63.65 -34.46
 862.00 -63.68 -53.94
 863.00 -74.08 -34.62
 864.00 -74.29 -25.02
 865.00 -68.28  -7.61
 866.00 -57.27 -44.42
 867.00 -73.08 -32.57
 868.00 -61.62 -37.17
 869.00 -56.19 -47.93
 870.00 -60.28 -48.17
 871.00 -59.27 -36.92
 872.00 -72.57 -46.72
 873.00 -69.43 -30.07
 874.00 -61.02 -45.51
 875.00 -85.74 -21.95
 876.00 -56.78 -56.18
 877.00 -76.48 -37.20
 878.00 -66.63 -41.81
 879.00 -75.15 -29.23
 880.00 -81.35 -30.21
 881.00 -67.97 -36.35
 882.00 -122.89 -17.49
 883.00 -44.94  14.28
 884.00 -64.18 -42.97
 885.00 -94.60 -23.02
 886.00 -97.19 -29.37
 887.00  61.23   7.48
 888.00 -86.72  15.60
 889.00 -115.02 147.69
 890.00 -135.41 141.55
 891.00 -63.31 134.58
 892.00 -64.91 145.10
 893.00 -72.32 -27.86
 894.00 -68.66 -38.96
 895.00 -72.09 -35.17
 896.00 -58.50 -39.00
 897.00 -64.91 -54.07
 898.00 -70.29 -42.28
 899.00 -92.95 -30.89
 900.00 -116.80  -9.41
 901.00 -82.63 -54.29
 902.00 -57.96 -51.81
 903.00 -56.44 -40.83
 904.00 -86.07  -8.79
 905.00 -61.34 -32.25
 906.00 -68.92 -42.23
 907.00 -69.00 -45.45
 908.00  88.09 -13.17
 909.00 -83.47  -7.83
 910.00 -127.42   4.33
 911.00 -108.17 124.22
 912.00 -74.06 148.71
 913.00 -120.51 170.90
 914.00 -110.91 126.93
 915.00 -88.75 139.72
 916.00 -130.12 -32.87
 917.00 -90.72 169.52


