 residuo Phi Psi
 669.00 -59.28 116.68
 670.00 -52.83 131.64
 671.00 -149.61 143.73
 672.00 -65.47 -20.36
 673.00 -75.23 -44.07
 674.00 -86.21 -15.21
 675.00 -81.29 -35.19
 676.00 -57.77 -37.42
 677.00 -70.52 -38.97
 678.00 -70.53 -34.21
 679.00 -92.61 -36.69
 680.00 -67.55  -4.08
 681.00 -70.37 125.79
 682.00 -76.86 168.41
 683.00 -65.89 169.67
 684.00 -105.65 144.12
 685.00 -78.16 119.06
 686.00 -83.09 151.60
 687.00  80.75  -9.06
 688.00 -76.58   8.80
 689.00 -117.83 149.13
 690.00 -80.73 100.19
 691.00 -81.01   2.56
 692.00 -61.48 -31.19
 693.00 -68.78 154.81
 694.00 -73.93 165.33
 695.00 -151.91 145.60
 696.00 -58.28 161.79
 697.00 -56.41 -38.13
 698.00 -69.87 -52.86
 699.00 -60.73 -48.41
 700.00 -79.02 -42.60
 701.00 -53.56 -41.94
 702.00 -74.52 -33.49
 703.00 -47.16 -43.65
 704.00 -72.26 -42.82
 705.00 -66.86 -38.18
 706.00 -55.07 -45.91
 707.00 -70.97 -36.25
 708.00 -66.13 -22.69
 709.00 -59.92 -61.49
 710.00 -64.52 -28.54
 711.00 -44.43 -62.74
 712.00 -70.47 -45.20
 713.00 -70.68 -32.31
 714.00 -61.33 -33.01
 715.00 -55.61 -48.11
 716.00 -57.62 -39.00
 717.00 -60.36 -49.00
 718.00 -72.32 -34.80
 719.00 -72.41 -25.70
 720.00 -131.97   7.46
 721.00 -65.79   2.10
 722.00 -56.71 118.99
 723.00  80.36 131.51
 724.00 -61.35 -19.22
 725.00 -70.79 -26.38
 726.00 -54.55 -10.29
 727.00 -85.23 -16.95
 728.00 -61.94 151.53
 729.00 -51.93 144.60
 730.00 -80.87 -30.63
 731.00 -67.69 -29.14
 732.00 -72.22 -27.92
 733.00 -53.64 -57.79
 734.00 -61.53 -33.69
 735.00 -75.76 -56.13
 736.00 -59.22 -24.70
 737.00 -63.11 -60.87
 738.00 -93.54 -10.90
 739.00 -79.98 -38.80
 740.00 -64.02  -6.56
 741.00 -62.37 -44.01
 742.00 -63.38 -50.81
 743.00 -64.64 -45.48
 744.00 -75.27 -36.50
 745.00 -57.87 -39.99
 746.00 -63.17 -53.47
 747.00 -69.41 -45.92
 748.00 -77.81 -23.64
 749.00 -56.59 -33.77
 750.00 -68.20 -41.16
 751.00 -64.44 -49.09
 752.00 -70.80 -27.45
 753.00 -66.12 -34.18
 754.00 -96.06 -31.81
 755.00 -88.48 -35.29
 756.00 -141.35 -25.98
 757.00  55.52   5.61
 758.00  61.36  41.52
 759.00 -78.63   1.04
 760.00 -139.49 -10.50
 761.00 -86.99 154.55
 762.00 -96.27 113.66
 763.00 -43.31  58.23
 764.00 -165.46 -43.09
 765.00 -65.28 168.65
 766.00 -124.92  -8.89
 767.00 -138.31   6.20
 768.00 -70.35  40.61
 769.00 -80.34 105.43
 770.00 -74.12 108.47
 771.00 -46.34 171.41
 772.00 -66.56 -33.55
 773.00 -60.93 -49.97
 774.00 -71.25 -20.78
 775.00 -63.32 -48.44
 776.00 -63.24 -49.27
 777.00 -89.52 -34.99
 778.00  51.18  -4.75
 779.00 -69.09   3.46
 780.00 -62.63  26.26
 781.00 -67.93 -42.53
 782.00 -76.21 -37.35
 783.00 -68.07 -29.18
 784.00 -67.83 -30.94
 785.00 -71.39 -39.14
 786.00 -63.19 -35.04
 787.00 -70.94 -36.09
 788.00 -44.41 -42.33
 789.00 -68.45 -46.63
 790.00 -64.57 -43.02
 791.00 -59.93 -37.87
 792.00 -80.77 -24.19
 793.00 -64.30 -22.57
 794.00 -59.86 -48.52
 795.00 -64.84 -39.84
 796.00 -81.64 -30.40
 797.00  51.51 -31.00
 798.00 -81.94  63.72
 799.00 -92.46 136.98
 800.00 -62.17 167.39
 801.00 -87.04 -22.84
 802.00 -64.34 -34.80
 803.00 -45.10 -42.88
 804.00 -57.47 -59.73
 805.00 -66.05 -48.21
 806.00 -69.16 -35.77
 807.00 -53.34 -47.31
 808.00 -68.36 -44.59
 809.00 -71.38 -23.08
 810.00 -77.01 -21.41
 811.00 -74.49 -18.55
 812.00 -112.92 -12.70
 813.00 -120.53  19.63
 814.00 -168.19  26.45
 815.00 -142.47 120.04
 816.00 -63.59 164.82
 817.00 -53.59 141.41
 818.00 -101.68 -23.50
 819.00  80.95   0.04
 820.00 -62.81 152.36
 821.00 -54.47 162.26
 822.00 -118.38 -24.22
 823.00 -52.57  32.05
 824.00 -45.87 -31.04
 825.00 -79.00 -46.47
 826.00 -53.00 -45.33
 827.00 -54.37 -57.52
 828.00 -84.09 -25.18
 829.00 -60.84 -43.34
 830.00 -47.51 -42.40
 831.00 -73.16 -47.39
 832.00 -47.73 -42.23
 833.00 -72.65 -55.03
 834.00 -80.99 -12.86
 835.00 -65.32 -40.30
 836.00 -71.04 -38.87
 837.00 -55.76 -44.03
 838.00 -61.86 -49.34
 839.00 -74.26 -18.02
 840.00 -125.37 -22.16
 841.00 -61.64 -11.77
 842.00 -79.62 142.42
 843.00 -163.43  95.40
 844.00 -85.45 155.61
 845.00 -57.11  89.59
 846.00 -57.65 -32.31
 847.00 -135.64 -17.79
 848.00 -53.51  79.14
 849.00 -52.34 -23.05
 850.00 -61.61 -37.02
 851.00 -57.87 -54.69
 852.00 -65.36 -33.05
 853.00 -70.83 -39.93
 854.00 -69.62 -32.44
 855.00 -63.03 -43.94
 856.00 -57.85 -46.29
 857.00 -62.95 -52.02
 858.00 -79.01 -33.01
 859.00 -80.05 -30.14
 860.00 -60.05 -28.87
 861.00 -58.29 -46.63
 862.00 -70.32 -40.33
 863.00 -70.12 -37.85
 864.00 -76.11 -15.30
 865.00 -69.05 -17.02
 866.00 -67.00 -40.16
 867.00 -65.08 -35.00
 868.00 -65.85 -41.63
 869.00 -72.59 -40.62
 870.00 -59.61 -40.69
 871.00 -69.63 -46.26
 872.00 -89.48 -27.31
 873.00 -51.25 -37.81
 874.00 -65.34 -52.57
 875.00 -61.70 -29.76
 876.00 -66.74 -57.88
 877.00 -70.91 -28.07
 878.00 -78.63 -38.56
 879.00 -72.76 -32.33
 880.00 -57.37 -30.42
 881.00 -59.06 -48.81
 882.00 -104.48 -38.45
 883.00 -61.51  20.65
 884.00 -63.58 -27.00
 885.00 -100.49 -24.97
 886.00 -91.08 -33.05
 887.00  53.38   7.98
 888.00 -77.75   5.08
 889.00 -113.49 137.14
 890.00 -114.03 125.17
 891.00 -69.61 129.67
 892.00 -69.22 148.15
 893.00 -55.87 -34.87
 894.00 -72.43 -51.91
 895.00 -58.63 -38.51
 896.00 -70.29 -28.61
 897.00 -64.07 -35.68
 898.00 -56.81 -54.48
 899.00 -100.14 -34.63
 900.00 -114.23 -18.32
 901.00 -97.44 -39.50
 902.00 -47.81 -49.29
 903.00 -61.16 -52.83
 904.00 -59.33 -35.28
 905.00 -77.06 -23.55
 906.00 -65.91 -55.82
 907.00 -77.15 -33.38
 908.00  92.94  -8.41
 909.00 -72.44  12.60
 910.00 -132.64 -20.80
 911.00 -144.08 147.52
 912.00 -59.37 136.59
 913.00 -102.24 164.69
 914.00 -72.34 105.62
 915.00 -71.63 126.50
 916.00 -138.20 -21.36
 917.00 -75.52 162.53


