 residuo Phi Psi
 669.00 -83.05 139.73
 670.00 -64.12 158.57
 671.00 -60.44 149.12
 672.00 -55.21 -41.84
 673.00 -74.01 -42.02
 674.00 -50.30 -41.16
 675.00 -65.11 -55.33
 676.00 -54.84 -45.86
 677.00 -70.36 -40.27
 678.00 -49.87 -53.46
 679.00 -63.75 -46.19
 680.00 -65.76 -18.77
 681.00 -54.82 118.00
 682.00 -89.90 159.50
 683.00 -53.92 -177.00
 684.00 -154.66 143.53
 685.00 -88.04 144.54
 686.00 -74.26 150.21
 687.00  87.93 -12.42
 688.00 -76.81  16.02
 689.00 -116.10 153.10
 690.00 -74.00  90.82
 691.00 -76.94   5.56
 692.00 -100.46  -7.46
 693.00 -54.16 147.14
 694.00 -62.92 142.23
 695.00 -158.31 149.33
 696.00 -39.59 163.48
 697.00 -41.63 -72.75
 698.00 -91.44 -44.99
 699.00 -57.70 -41.40
 700.00 -75.59 -51.57
 701.00 -60.34 -25.65
 702.00 -73.85 -41.64
 703.00 -63.48 -33.41
 704.00 -75.14 -30.38
 705.00 -60.12 -41.32
 706.00 -44.70 -46.80
 707.00 -59.85 -38.34
 708.00 -63.67 -50.84
 709.00 -66.14 -36.63
 710.00 -73.39 -46.47
 711.00 -62.41 -28.29
 712.00 -55.02 -45.92
 713.00 -65.16 -57.09
 714.00 -67.88 -30.84
 715.00 -58.17 -44.54
 716.00 -61.16 -50.25
 717.00 -57.80 -35.67
 718.00 -60.26 -54.77
 719.00 -73.28 -35.65
 720.00 -110.37 -11.30
 721.00 -77.87   3.55
 722.00 -63.70 124.96
 723.00  73.65 150.68
 724.00 -65.53 -24.19
 725.00 -63.54 -42.98
 726.00 -65.48  -6.83
 727.00 -79.67 -30.85
 728.00 -69.80 154.45
 729.00 -64.36 159.16
 730.00 -61.75 -35.61
 731.00 -71.21 -38.59
 732.00 -56.26 -44.98
 733.00 -57.22 -58.91
 734.00 -59.31 -29.60
 735.00 -56.57 -58.02
 736.00 -75.13 -30.46
 737.00 -59.27 -52.51
 738.00 -97.37 -24.67
 739.00 -68.64 -48.23
 740.00 -53.06 -12.49
 741.00 -61.89 -53.62
 742.00 -57.58 -50.01
 743.00 -81.97 -27.79
 744.00 -67.51 -39.85
 745.00 -74.34 -45.64
 746.00 -57.27 -37.00
 747.00 -68.59 -47.64
 748.00 -62.19 -40.64
 749.00 -78.40 -24.97
 750.00 -67.20 -43.37
 751.00 -68.29 -43.79
 752.00 -67.23 -34.82
 753.00 -60.81 -43.52
 754.00 -83.37 -55.52
 755.00 -81.09 -24.65
 756.00 -143.51 -45.40
 757.00  40.62  38.31
 758.00  61.56  34.56
 759.00 -62.46  -2.18
 760.00 -150.66 -12.32
 761.00 -81.32 144.27
 762.00 -98.35 122.46
 763.00 -56.42  66.32
 764.00 -166.09 -45.88
 765.00 -78.29 165.08
 766.00 -93.76 -15.71
 767.00 -140.04  -1.37
 768.00 -74.27  39.45
 769.00 -92.87 135.56
 770.00 -68.46  95.04
 771.00 -72.59 168.56
 772.00 -55.74 -31.85
 773.00 -63.08 -46.99
 774.00 -60.39 -39.01
 775.00 -77.71 -33.86
 776.00 -66.26 -40.81
 777.00 -69.45 -41.76
 778.00  55.12  -2.34
 779.00 -139.70  36.28
 780.00 -68.54  35.87
 781.00 -50.44 -44.46
 782.00 -61.22 -45.82
 783.00 -62.64 -38.31
 784.00 -55.62 -47.75
 785.00 -61.49 -38.72
 786.00 -58.40 -48.32
 787.00 -69.34 -30.89
 788.00 -55.13 -50.73
 789.00 -60.10 -37.17
 790.00 -67.83 -54.19
 791.00 -64.80 -37.92
 792.00 -74.76 -17.45
 793.00 -69.59 -26.65
 794.00 -74.18 -31.58
 795.00 -85.76 -25.42
 796.00 -80.60 -35.12
 797.00  47.06  -4.83
 798.00 -63.83  55.45
 799.00 -102.85 151.97
 800.00 -45.06 150.59
 801.00 -63.44 -40.75
 802.00 -78.62 -36.43
 803.00 -68.29 -32.65
 804.00 -62.08 -42.11
 805.00 -76.30 -34.27
 806.00 -64.47 -38.07
 807.00 -52.28 -46.30
 808.00 -71.69 -36.32
 809.00 -64.38 -37.49
 810.00 -57.39 -41.08
 811.00 -69.51 -36.48
 812.00 -110.10 -16.98
 813.00 -114.35  35.31
 814.00 -160.94   5.28
 815.00 -139.14 119.79
 816.00 -54.70 153.78
 817.00 -77.34 151.97
 818.00 -108.45 -10.91
 819.00  62.90  17.57
 820.00 -69.29 174.43
 821.00 -67.47 160.83
 822.00 -82.57 -38.35
 823.00 -58.53  40.29
 824.00 -66.18 -35.29
 825.00 -66.71 -37.42
 826.00 -60.46 -51.26
 827.00 -56.56 -46.92
 828.00 -69.31 -44.83
 829.00 -55.00 -37.30
 830.00 -56.91 -49.28
 831.00 -70.07 -39.63
 832.00 -66.29 -35.37
 833.00 -54.13 -50.01
 834.00 -70.53 -37.70
 835.00 -72.16 -40.54
 836.00 -58.85 -43.01
 837.00 -48.42 -49.69
 838.00 -49.01 -52.45
 839.00 -64.27 -36.03
 840.00 -104.94 -28.61
 841.00 -49.36  -4.41
 842.00 -81.49 126.25
 843.00 -121.02  68.58
 844.00 -88.79 159.81
 845.00 -71.93 112.23
 846.00 -66.23  -6.29
 847.00 -110.39 -32.93
 848.00 -57.01  71.21
 849.00 -79.59 -29.29
 850.00 -77.15  -3.70
 851.00 -63.30 -46.04
 852.00 -54.10 -45.52
 853.00 -52.19 -47.97
 854.00 -64.65 -44.62
 855.00 -43.54 -52.08
 856.00 -61.24 -45.13
 857.00 -73.53 -46.18
 858.00 -66.96 -23.05
 859.00 -75.25 -43.59
 860.00 -64.95 -27.98
 861.00 -76.21 -39.05
 862.00 -70.84 -30.00
 863.00 -80.41 -29.59
 864.00 -93.55  -7.87
 865.00 -110.04  -6.93
 866.00 -66.06 -31.73
 867.00 -55.96 -37.44
 868.00 -66.40 -44.38
 869.00 -46.17 -49.28
 870.00 -60.84 -47.28
 871.00 -64.64 -44.98
 872.00 -66.33 -42.18
 873.00 -87.28 -18.75
 874.00 -66.14 -40.70
 875.00 -58.76 -28.14
 876.00 -54.57 -56.11
 877.00 -58.75 -51.44
 878.00 -55.09 -54.63
 879.00 -64.38 -34.15
 880.00 -88.79 -27.12
 881.00 -66.15 -22.01
 882.00 -120.67 -22.27
 883.00 -49.60   0.56
 884.00 -75.39 -43.66
 885.00 -83.75 -22.43
 886.00 -92.70 -37.44
 887.00  60.10  10.44
 888.00 -91.15  29.53
 889.00 -146.91 167.75
 890.00 -127.72 142.52
 891.00 -57.52 139.55
 892.00 -58.17 134.77
 893.00 -71.06 -37.35
 894.00 -90.24 -20.79
 895.00 -56.74 -35.05
 896.00 -71.72 -38.63
 897.00 -50.55 -38.86
 898.00 -62.75 -52.99
 899.00 -74.63 -48.31
 900.00 -145.19  -3.52
 901.00 -91.16 -46.48
 902.00 -68.50 -34.76
 903.00 -40.56 -46.00
 904.00 -70.84 -38.33
 905.00 -59.96 -40.93
 906.00 -61.86 -49.23
 907.00 -83.12 -33.52
 908.00  90.26 -13.60
 909.00 -84.47   0.38
 910.00 -129.79  -1.56
 911.00 -140.65 138.36
 912.00 -68.88 142.59
 913.00 -93.48 152.65
 914.00 -71.11  76.28
 915.00 -72.66 113.38
 916.00 -103.82 -35.79
 917.00 -93.97   7.96


