 residuo Phi Psi
 669.00 -79.22 110.98
 670.00 -42.95 123.77
 671.00 -63.54 141.53
 672.00 -59.74 -38.52
 673.00 -63.77 -41.73
 674.00 -64.79 -44.76
 675.00 -65.49 -39.15
 676.00 -54.28 -55.76
 677.00 -76.72 -32.73
 678.00 -80.21 -32.93
 679.00 -118.03  -1.34
 680.00 -62.04  -8.87
 681.00 -67.02 131.59
 682.00 -65.66 151.11
 683.00 -74.80 164.26
 684.00 -104.64 149.72
 685.00 -89.88 145.80
 686.00 -85.90 167.07
 687.00  69.71 -17.72
 688.00 -76.99  22.34
 689.00 -129.09 161.27
 690.00 -88.23 120.23
 691.00 -74.09  -7.61
 692.00 -73.52 -20.30
 693.00 -74.32 149.68
 694.00 -60.10 125.40
 695.00 -146.39 140.65
 696.00 -58.40 172.34
 697.00 -66.75 -64.89
 698.00 -66.21 -36.11
 699.00 -76.56 -29.18
 700.00 -83.73 -47.58
 701.00 -75.05 -20.42
 702.00 -67.87 -34.63
 703.00 -64.36 -33.29
 704.00 -63.21 -46.36
 705.00 -45.84 -44.53
 706.00 -57.03 -56.99
 707.00 -57.60 -40.58
 708.00 -74.64 -43.33
 709.00 -73.18 -20.66
 710.00 -44.82 -62.09
 711.00 -62.09 -41.83
 712.00 -44.11 -55.53
 713.00 -71.17 -44.59
 714.00 -74.23 -29.27
 715.00 -64.05 -38.26
 716.00 -71.40 -24.69
 717.00 -57.78 -54.24
 718.00 -65.31 -40.35
 719.00 -75.66 -24.71
 720.00 -91.43 -28.84
 721.00 -54.67 -19.70
 722.00 -64.31 123.79
 723.00  61.92 158.20
 724.00 -54.02 -20.28
 725.00 -61.43 -43.02
 726.00 -74.00  -5.58
 727.00 -78.77 -18.98
 728.00 -56.48 137.22
 729.00 -30.26 139.34
 730.00 -72.87 -47.12
 731.00 -78.39 -35.56
 732.00 -60.69 -22.92
 733.00 -72.47 -51.35
 734.00 -59.85 -31.05
 735.00 -82.37 -44.38
 736.00 -63.23 -22.81
 737.00 -73.31 -38.98
 738.00 -55.33 -52.78
 739.00 -84.40 -41.25
 740.00 -52.39 -13.25
 741.00 -70.95 -46.39
 742.00 -57.23 -64.41
 743.00 -65.82 -39.05
 744.00 -78.32 -40.59
 745.00 -65.45 -32.69
 746.00 -56.82 -43.67
 747.00 -67.62 -46.94
 748.00 -67.08 -35.49
 749.00 -70.11 -32.51
 750.00 -56.91 -43.24
 751.00 -61.41 -47.70
 752.00 -68.50 -42.82
 753.00 -50.58 -38.28
 754.00 -71.44 -64.53
 755.00 -97.42 -35.52
 756.00 -145.43 -30.81
 757.00  67.87  16.90
 758.00  63.74  40.64
 759.00 -78.12  -1.51
 760.00 -154.71  -6.09
 761.00 -83.92 154.54
 762.00 -84.81 101.12
 763.00 -68.05  73.35
 764.00 -154.58 -46.87
 765.00 -70.53 163.20
 766.00 -96.43 -11.60
 767.00 -138.16 -18.81
 768.00 -107.93  99.59
 769.00 -92.60 143.39
 770.00 -79.80 122.82
 771.00 -63.39 179.68
 772.00 -63.88 -33.42
 773.00 -72.66 -33.12
 774.00 -56.08 -35.92
 775.00 -64.60 -49.68
 776.00 -67.00 -45.43
 777.00 -82.33 -31.88
 778.00  49.34   1.34
 779.00 -131.86  40.79
 780.00 -67.17  29.67
 781.00 -60.77 -51.34
 782.00 -55.71 -46.88
 783.00 -61.39 -45.14
 784.00 -57.60 -38.05
 785.00 -60.99 -56.85
 786.00 -56.16 -36.12
 787.00 -49.21 -56.16
 788.00 -51.49 -54.87
 789.00 -72.84 -36.00
 790.00 -53.17 -46.83
 791.00 -72.87 -33.98
 792.00 -72.23 -19.76
 793.00 -54.87 -41.80
 794.00 -84.88 -30.68
 795.00 -61.30 -35.35
 796.00 -81.10 -55.09
 797.00  49.23  -9.63
 798.00 -71.91  61.93
 799.00 -95.12 139.39
 800.00 -56.53 153.87
 801.00 -67.13 -33.44
 802.00 -60.93 -47.42
 803.00 -64.88 -41.51
 804.00 -56.12 -53.76
 805.00 -66.39 -34.09
 806.00 -72.51 -46.81
 807.00 -74.20 -22.79
 808.00 -55.66 -40.00
 809.00 -61.21 -43.22
 810.00 -61.96 -30.84
 811.00 -77.17 -26.73
 812.00 -99.27 -19.21
 813.00 -104.90   6.54
 814.00 -157.97   6.64
 815.00 -146.60 124.47
 816.00 -71.59 163.76
 817.00 -62.21 157.55
 818.00 -109.74 -28.60
 819.00  75.10  12.60
 820.00 -59.60 157.53
 821.00 -69.48 162.02
 822.00 -96.75 -29.76
 823.00 -42.72  19.79
 824.00 -56.32 -38.66
 825.00 -90.90 -44.33
 826.00 -58.50 -26.15
 827.00 -60.59 -51.97
 828.00 -72.87 -38.05
 829.00 -54.70 -40.51
 830.00 -68.72 -50.85
 831.00 -70.68 -38.11
 832.00 -62.87 -35.39
 833.00 -58.51 -46.16
 834.00 -64.28 -36.53
 835.00 -77.72 -39.82
 836.00 -77.57 -21.54
 837.00 -55.96 -48.00
 838.00 -69.96 -37.72
 839.00 -103.45  -9.33
 840.00 -133.92  -4.28
 841.00 -55.77  -0.57
 842.00 -70.54 142.17
 843.00 -143.17  75.00
 844.00 -116.88 168.87
 845.00 -74.59 101.29
 846.00 -85.17 -23.85
 847.00 -103.00  -1.19
 848.00 -55.61 111.44
 849.00 -97.82 -35.44
 850.00 -58.18 -10.05
 851.00 -70.28 -55.56
 852.00 -45.53 -51.98
 853.00 -67.99 -44.48
 854.00 -65.16 -38.53
 855.00 -45.68 -57.35
 856.00 -64.50 -40.63
 857.00 -67.89 -45.14
 858.00 -79.84 -25.62
 859.00 -54.81 -44.67
 860.00 -62.67 -44.09
 861.00 -71.02 -40.58
 862.00 -75.19 -30.79
 863.00 -61.81 -41.82
 864.00 -63.27 -36.73
 865.00 -61.60 -15.66
 866.00 -60.82 -40.44
 867.00 -51.38 -56.97
 868.00 -84.54 -29.83
 869.00 -60.59 -39.01
 870.00 -60.13 -40.66
 871.00 -61.33 -45.73
 872.00 -75.65 -42.11
 873.00 -49.67 -40.70
 874.00 -69.55 -41.17
 875.00 -60.23 -54.81
 876.00 -63.81 -40.81
 877.00 -63.86 -41.80
 878.00 -59.03 -46.13
 879.00 -57.01 -42.79
 880.00 -61.81 -47.47
 881.00 -62.57 -41.58
 882.00 -118.37 -18.41
 883.00 -44.10  10.06
 884.00 -67.77 -45.44
 885.00 -62.68 -36.81
 886.00 -101.04 -32.66
 887.00  55.86   6.59
 888.00 -86.55  14.74
 889.00 -86.58 123.89
 890.00 -126.46 144.71
 891.00 -51.30 120.80
 892.00 -44.74 121.49
 893.00 -66.28 -44.56
 894.00 -80.61 -29.60
 895.00 -63.49 -33.34
 896.00 -61.93 -26.00
 897.00 -59.03 -36.31
 898.00 -81.42 -54.07
 899.00 -79.95 -24.50
 900.00 -143.84  -6.74
 901.00 -88.28 -49.47
 902.00 -56.77 -32.98
 903.00 -62.32 -38.18
 904.00 -69.80 -36.78
 905.00 -63.72 -43.01
 906.00 -79.29 -58.85
 907.00 -55.27 -30.54
 908.00  80.67 -25.86
 909.00 -79.85  16.51
 910.00 -130.88  -3.51
 911.00 -140.03 136.64
 912.00 -62.54 140.06
 913.00 -117.60 -178.73
 914.00 -104.13 122.89
 915.00 -77.09 129.33
 916.00 -113.47 -31.95
 917.00 -66.60 108.64


