 residuo Phi Psi
 669.00 -95.11 157.48
 670.00 -57.95 149.96
 671.00 -69.74 121.44
 672.00 -82.28 -50.18
 673.00 -61.64 -35.80
 674.00 -77.10 -38.03
 675.00 -77.91  -2.80
 676.00 -61.11 -51.23
 677.00 -63.88 -48.19
 678.00 -75.04 -36.11
 679.00 -84.08 -26.66
 680.00 -64.57  -3.26
 681.00 -63.89 124.63
 682.00 -66.05 130.48
 683.00 -71.66 177.19
 684.00 -156.19 171.55
 685.00 -71.27 129.19
 686.00 -66.80 143.99
 687.00 103.72 -33.59
 688.00 -67.26   9.64
 689.00 -102.42 154.11
 690.00 -55.06  63.98
 691.00 -85.78   0.38
 692.00 -81.85 -44.18
 693.00 -59.21 157.79
 694.00 -54.25 143.21
 695.00 -151.34 144.90
 696.00 -61.80 153.30
 697.00 -75.06 -52.21
 698.00 -68.10 -20.93
 699.00 -65.24 -49.07
 700.00 -64.82 -39.03
 701.00 -60.14 -50.61
 702.00 -76.19 -28.87
 703.00 -70.39 -37.38
 704.00 -67.93 -33.17
 705.00 -66.00 -34.58
 706.00 -73.94 -30.15
 707.00 -65.43 -39.56
 708.00 -57.92 -37.75
 709.00 -70.85 -45.67
 710.00 -66.88 -39.70
 711.00 -59.70 -35.34
 712.00 -66.29 -32.90
 713.00 -71.68 -56.78
 714.00 -50.87 -38.34
 715.00 -66.34 -47.00
 716.00 -54.77 -38.90
 717.00 -61.94 -48.92
 718.00 -47.85 -52.27
 719.00 -74.78 -28.57
 720.00 -121.97 -11.27
 721.00 -75.97  -4.04
 722.00 -56.03 125.19
 723.00  83.17 142.28
 724.00 -69.00 -18.53
 725.00 -87.27 -16.23
 726.00 -76.63   9.07
 727.00 -78.78 -23.62
 728.00 -69.21 151.42
 729.00 -64.47 159.94
 730.00 -61.69 -37.00
 731.00 -68.28 -42.83
 732.00 -66.37 -38.56
 733.00 -68.79 -42.30
 734.00 -74.83 -23.03
 735.00 -82.75 -44.68
 736.00 -66.56 -14.12
 737.00 -67.96 -42.70
 738.00 -69.96 -36.27
 739.00 -82.72 -43.66
 740.00 -58.40  -8.72
 741.00 -65.50 -49.03
 742.00 -58.26 -59.02
 743.00 -58.95 -43.61
 744.00 -78.04 -44.92
 745.00 -68.60 -36.23
 746.00 -64.48 -35.33
 747.00 -66.88 -39.53
 748.00 -54.28 -47.03
 749.00 -69.59 -31.19
 750.00 -67.00 -40.96
 751.00 -70.24 -32.98
 752.00 -71.92 -40.71
 753.00 -69.48 -31.50
 754.00 -69.26 -47.43
 755.00 -80.69 -62.40
 756.00 -144.11 -24.03
 757.00  58.59  18.09
 758.00  60.18  39.46
 759.00 -65.08 -23.03
 760.00 -111.28 -25.47
 761.00 -88.93 155.46
 762.00 -94.47 120.26
 763.00 -64.87  71.33
 764.00 -148.50 -61.12
 765.00 -67.07 168.78
 766.00 -114.80 -12.98
 767.00 -145.51   4.58
 768.00 -80.51  55.82
 769.00 -96.85 128.78
 770.00 -86.71 114.28
 771.00 -64.80 171.97
 772.00 -61.19 -29.42
 773.00 -63.75 -46.99
 774.00 -59.66 -36.86
 775.00 -58.94 -57.13
 776.00 -71.09 -52.13
 777.00 -82.44 -21.82
 778.00  59.45   0.06
 779.00 -70.63  -6.05
 780.00 -61.11  27.20
 781.00 -74.89 -48.26
 782.00 -56.38 -40.56
 783.00 -64.53 -40.24
 784.00 -56.19 -46.58
 785.00 -72.21 -37.74
 786.00 -72.63 -29.09
 787.00 -67.67 -40.52
 788.00 -59.17 -45.14
 789.00 -70.07 -35.21
 790.00 -62.59 -43.50
 791.00 -62.15 -32.79
 792.00 -89.77 -20.98
 793.00 -58.34 -40.20
 794.00 -67.06 -37.65
 795.00 -47.85 -58.75
 796.00 -74.73 -42.87
 797.00  41.41 -19.44
 798.00 -56.14  61.32
 799.00 -90.70 125.53
 800.00 -69.24 168.48
 801.00 -70.01 -27.48
 802.00 -73.63 -36.44
 803.00 -57.43 -42.77
 804.00 -61.56 -53.99
 805.00 -74.41 -36.36
 806.00 -71.32 -34.18
 807.00 -69.38 -41.62
 808.00 -58.14 -34.68
 809.00 -59.54 -40.41
 810.00 -52.35 -39.05
 811.00 -81.52 -23.39
 812.00 -102.57 -25.95
 813.00 -129.64  44.41
 814.00 -136.75 -13.33
 815.00 -148.40 119.30
 816.00 -68.17 160.04
 817.00 -61.50 153.78
 818.00 -131.39 -20.13
 819.00  58.63  32.85
 820.00 -78.13 162.21
 821.00 -73.86 169.14
 822.00 -122.63  -1.10
 823.00 -54.31  23.18
 824.00 -72.42 -24.91
 825.00 -80.60 -26.60
 826.00 -55.01 -33.94
 827.00 -51.34 -56.42
 828.00 -71.80 -41.60
 829.00 -61.34 -34.48
 830.00 -53.10 -52.85
 831.00 -53.47 -51.61
 832.00 -59.86 -47.80
 833.00 -53.72 -48.37
 834.00 -70.64 -37.99
 835.00 -73.08 -36.93
 836.00 -71.47 -40.88
 837.00 -56.72 -29.36
 838.00 -55.42 -36.34
 839.00 -77.46 -23.65
 840.00 -121.48 -30.13
 841.00 -64.50   9.85
 842.00 -84.96 152.21
 843.00 -141.88  82.19
 844.00 -71.54 158.26
 845.00 -60.44 106.65
 846.00 -55.01 -30.86
 847.00 -115.53 -26.42
 848.00 -58.94 102.52
 849.00 -56.07 -32.47
 850.00 -61.61 -46.63
 851.00 -74.36 -54.02
 852.00 -78.16 -33.89
 853.00 -74.22 -22.02
 854.00 -51.56 -48.82
 855.00 -63.11 -50.34
 856.00 -57.65 -45.16
 857.00 -69.96 -43.43
 858.00 -62.21 -35.87
 859.00 -61.33 -53.24
 860.00 -63.31 -31.42
 861.00 -59.20 -50.72
 862.00 -79.44 -27.29
 863.00 -66.36 -38.54
 864.00 -68.39 -21.62
 865.00 -71.37 -17.09
 866.00 -60.28 -48.65
 867.00 -68.86 -27.60
 868.00 -69.19 -38.43
 869.00 -62.36 -46.04
 870.00 -60.54 -39.47
 871.00 -60.58 -44.46
 872.00 -65.83 -46.59
 873.00 -67.11 -32.37
 874.00 -78.89 -22.06
 875.00 -66.30 -39.85
 876.00 -73.71 -45.87
 877.00 -72.41 -30.67
 878.00 -73.37 -35.62
 879.00 -72.43 -33.63
 880.00 -70.82 -23.00
 881.00 -65.96 -35.83
 882.00 -97.85 -49.78
 883.00 -55.72  16.01
 884.00 -76.51 -35.13
 885.00 -62.23 -33.05
 886.00 -77.59 -53.62
 887.00  68.25  -8.64
 888.00 -88.76  33.95
 889.00 -95.25 150.51
 890.00 -130.65 146.14
 891.00 -73.19 136.35
 892.00 -51.99 134.43
 893.00 -63.22 -44.22
 894.00 -74.90 -36.98
 895.00 -64.21 -46.92
 896.00 -58.47 -31.35
 897.00 -54.67 -42.23
 898.00 -58.69 -59.30
 899.00 -64.64 -53.89
 900.00 -123.27 -15.65
 901.00 -89.20 -32.37
 902.00 -65.00 -29.60
 903.00 -58.05 -37.97
 904.00 -62.21 -34.65
 905.00 -61.74 -53.86
 906.00 -61.66 -38.70
 907.00 -97.88 -39.32
 908.00  86.33   4.59
 909.00 -56.05  -8.65
 910.00 -144.66 -16.34
 911.00 -152.28 137.54
 912.00 -70.93 159.28
 913.00 -98.84 164.33
 914.00 -107.33 130.89
 915.00 -77.07 140.90
 916.00 -114.87 -36.27
 917.00 -110.35 147.33


