 residuo Phi Psi
 669.00 -72.19 163.06
 670.00 -57.72 153.84
 671.00 -53.10 145.32
 672.00 -57.35 -37.80
 673.00 -76.69 -35.66
 674.00 -71.94 -13.53
 675.00 -60.65 -47.05
 676.00 -70.75 -44.32
 677.00 -81.26 -17.72
 678.00 -69.80 -34.16
 679.00 -84.47 -25.55
 680.00 -75.46  -5.44
 681.00 -78.23 128.99
 682.00 -102.77 151.26
 683.00 -78.73 -139.47
 684.00 -135.82 114.84
 685.00 -59.11 119.49
 686.00 -69.17 144.47
 687.00  92.50 -19.39
 688.00 -78.41   9.11
 689.00 -106.35 145.21
 690.00 -89.88 109.09
 691.00 -72.00  -0.24
 692.00 -107.35  -6.58
 693.00 -68.12 159.85
 694.00 -71.25 138.97
 695.00 -136.23 142.82
 696.00 -55.09 152.62
 697.00 -56.88 -49.64
 698.00 -75.90 -47.73
 699.00 -65.46 -36.68
 700.00 -70.09 -59.10
 701.00 -50.60 -44.96
 702.00 -66.49 -45.69
 703.00 -67.10 -34.77
 704.00 -69.16 -30.46
 705.00 -71.23 -39.58
 706.00 -48.44 -49.45
 707.00 -58.48 -41.76
 708.00 -86.25 -40.75
 709.00 -65.88 -27.88
 710.00 -65.38 -41.96
 711.00 -62.05 -36.82
 712.00 -60.36 -38.42
 713.00 -63.14 -52.83
 714.00 -83.73 -26.29
 715.00 -71.50 -36.56
 716.00 -63.19 -47.32
 717.00 -96.88  -6.11
 718.00 -54.28 -38.48
 719.00 -74.39 -42.16
 720.00 -125.16  -0.90
 721.00 -82.11  -1.93
 722.00 -61.22 125.05
 723.00  62.28 149.21
 724.00 -67.81 -17.25
 725.00 -65.84 -22.24
 726.00 -66.48 -23.94
 727.00 -73.38 -22.03
 728.00 -58.89 139.65
 729.00 -75.89 155.12
 730.00 -75.40 -15.63
 731.00 -83.84 -26.80
 732.00 -67.60 -29.94
 733.00 -52.06 -44.91
 734.00 -61.82 -40.07
 735.00 -61.23 -67.53
 736.00 -72.85 -19.74
 737.00 -56.19 -57.12
 738.00 -92.39 -27.02
 739.00 -103.80 -30.25
 740.00 -62.05  -3.78
 741.00 -68.39 -44.71
 742.00 -52.95 -42.26
 743.00 -50.99 -61.72
 744.00 -59.98 -48.86
 745.00 -67.18 -49.45
 746.00 -59.00 -33.97
 747.00 -69.57 -49.26
 748.00 -61.09 -41.25
 749.00 -58.03 -39.43
 750.00 -70.90 -45.31
 751.00 -71.34 -40.20
 752.00 -70.02 -34.40
 753.00 -59.90 -36.28
 754.00 -69.60 -57.73
 755.00 -92.13 -30.17
 756.00 -149.37 -30.89
 757.00  60.31  14.00
 758.00  66.82  30.27
 759.00 -74.23   6.14
 760.00 -125.25 -24.82
 761.00 -89.94 161.43
 762.00 -67.96  93.31
 763.00 -58.35  60.48
 764.00 -134.72 -56.18
 765.00 -54.15 162.58
 766.00 -103.57 -32.58
 767.00 -137.33   8.87
 768.00 -79.50  64.35
 769.00 -94.11 125.53
 770.00 -88.56 103.36
 771.00 -53.34 164.44
 772.00 -44.29 -54.01
 773.00 -68.26 -45.91
 774.00 -71.72 -22.42
 775.00 -74.92 -33.90
 776.00 -63.99 -36.33
 777.00 -80.38 -37.52
 778.00  52.72  -3.80
 779.00 -107.56  29.56
 780.00 -62.37  26.81
 781.00 -75.63 -45.67
 782.00 -70.29 -27.75
 783.00 -68.75 -40.77
 784.00 -59.76 -40.60
 785.00 -60.10 -41.73
 786.00 -56.48 -42.73
 787.00 -54.77 -49.20
 788.00 -68.47 -49.85
 789.00 -79.64 -23.29
 790.00 -62.73 -34.28
 791.00 -78.07 -28.83
 792.00 -63.33 -24.26
 793.00 -66.32 -27.84
 794.00 -76.25 -30.78
 795.00 -75.53 -36.06
 796.00 -70.61 -51.45
 797.00  47.29 -16.40
 798.00 -57.96  60.50
 799.00 -104.77 142.11
 800.00 -54.66 157.33
 801.00 -51.38 -40.88
 802.00 -81.87 -39.98
 803.00 -59.03 -34.83
 804.00 -54.40 -50.90
 805.00 -84.99 -36.97
 806.00 -61.98 -36.56
 807.00 -55.11 -35.58
 808.00 -58.75 -54.96
 809.00 -60.55 -49.24
 810.00 -59.68 -27.61
 811.00 -66.35 -36.24
 812.00 -108.40 -13.45
 813.00 -129.81  19.17
 814.00 -161.87  16.92
 815.00 -132.56 119.66
 816.00 -66.66 152.33
 817.00 -69.09 158.64
 818.00 -77.45 -39.12
 819.00  80.29   0.43
 820.00 -76.53 152.08
 821.00 -63.22 148.72
 822.00 -90.57 -40.33
 823.00 -59.75  40.63
 824.00 -50.30 -52.15
 825.00 -70.14 -37.42
 826.00 -53.84 -53.87
 827.00 -54.47 -38.92
 828.00 -87.29 -36.17
 829.00 -60.79 -30.53
 830.00 -60.82 -47.20
 831.00 -62.64 -44.24
 832.00 -62.51 -39.37
 833.00 -77.67 -45.41
 834.00 -59.64 -19.87
 835.00 -69.21 -46.38
 836.00 -76.40 -34.20
 837.00 -62.44 -47.42
 838.00 -54.34 -49.25
 839.00 -74.62 -30.37
 840.00 -126.66 -11.18
 841.00 -78.98  14.16
 842.00 -82.27 160.64
 843.00 -143.85  67.35
 844.00 -72.92 142.43
 845.00 -41.46  92.69
 846.00 -51.52 -35.87
 847.00 -116.87 -17.01
 848.00 -53.01  75.45
 849.00 -68.95 -40.88
 850.00 -81.14 -16.66
 851.00 -60.87 -36.98
 852.00 -59.92 -41.33
 853.00 -69.08 -40.62
 854.00 -54.00 -48.29
 855.00 -61.08 -47.64
 856.00 -45.39 -45.31
 857.00 -63.53 -58.45
 858.00 -67.05 -41.29
 859.00 -66.48 -47.40
 860.00 -67.47 -23.93
 861.00 -57.71 -36.73
 862.00 -63.27 -50.96
 863.00 -62.50 -27.97
 864.00 -83.39 -32.65
 865.00 -72.35  -7.73
 866.00 -75.69 -32.58
 867.00 -65.77 -40.46
 868.00 -61.06 -44.41
 869.00 -57.26 -41.86
 870.00 -59.86 -50.02
 871.00 -79.79 -28.97
 872.00 -59.26 -45.87
 873.00 -67.50 -40.13
 874.00 -62.06 -44.36
 875.00 -59.39 -42.54
 876.00 -70.46 -38.68
 877.00 -69.47 -39.80
 878.00 -58.53 -42.07
 879.00 -64.80 -35.02
 880.00 -63.32 -37.97
 881.00 -72.30 -41.98
 882.00 -142.17  -1.80
 883.00 -48.10  20.18
 884.00 -61.97 -62.71
 885.00 -62.40 -30.75
 886.00 -97.56 -42.22
 887.00  49.84   5.80
 888.00 -110.96  51.64
 889.00 -82.79 119.96
 890.00 -134.57 143.14
 891.00 -51.37 103.63
 892.00 -59.81 128.91
 893.00 -56.07 -48.45
 894.00 -71.05 -35.24
 895.00 -57.66 -42.95
 896.00 -75.47 -25.23
 897.00 -81.14 -25.77
 898.00 -66.08 -42.63
 899.00 -88.32 -32.79
 900.00 -99.29 -42.20
 901.00 -98.91 -39.47
 902.00 -60.26 -37.57
 903.00 -54.74 -44.39
 904.00 -62.06 -22.55
 905.00 -57.89 -52.86
 906.00 -60.23 -59.57
 907.00 -84.48 -33.56
 908.00  83.92   4.06
 909.00 -61.74  -0.70
 910.00 -119.58 -11.06
 911.00 -133.22 152.24
 912.00 -71.13 133.89
 913.00 -110.75 164.48
 914.00 -67.44  93.33
 915.00 -91.53 147.89
 916.00 -122.09 -31.46
 917.00 -86.45 162.02


