 residuo Phi Psi
 669.00 -56.00 156.16
 670.00 -62.54 125.50
 671.00 -62.71 116.91
 672.00 -46.35 -21.97
 673.00 -77.19 -37.13
 674.00 -73.93 -27.62
 675.00 -62.80 -30.03
 676.00 -54.95 -57.95
 677.00 -55.29 -46.92
 678.00 -64.80 -54.54
 679.00 -121.50  -7.37
 680.00 -88.32  17.27
 681.00 -69.83 126.58
 682.00 -115.32 165.88
 683.00 -65.07 -125.08
 684.00 -127.26 127.99
 685.00 -133.97 151.26
 686.00 -73.46 155.01
 687.00  83.99 -37.71
 688.00 -85.26  22.50
 689.00 -106.61 148.46
 690.00 -104.09 137.92
 691.00 -60.88 -22.69
 692.00 -82.63 -32.04
 693.00 -65.05 155.67
 694.00 -73.10 149.85
 695.00 -155.18 150.60
 696.00 -54.50 153.40
 697.00 -74.92 -55.45
 698.00 -65.01 -24.74
 699.00 -71.62 -51.39
 700.00 -70.81 -36.01
 701.00 -64.95 -41.37
 702.00 -69.62 -36.80
 703.00 -72.49 -27.01
 704.00 -54.71 -45.27
 705.00 -66.39 -43.61
 706.00 -52.21 -52.72
 707.00 -62.72 -38.53
 708.00 -67.96 -37.84
 709.00 -75.64 -31.48
 710.00 -67.14 -35.29
 711.00 -56.46 -46.96
 712.00 -62.56 -37.92
 713.00 -74.72 -35.12
 714.00 -80.90 -33.73
 715.00 -70.81 -29.81
 716.00 -60.21 -43.90
 717.00 -71.48 -38.31
 718.00 -47.81 -55.92
 719.00 -65.10 -42.31
 720.00 -110.24 -12.52
 721.00 -53.36  -4.70
 722.00 -65.27 140.30
 723.00  80.43 148.62
 724.00 -67.99 -19.26
 725.00 -53.83 -37.73
 726.00 -67.74 -13.66
 727.00 -83.82 -37.42
 728.00 -66.70 140.07
 729.00 -59.68 145.43
 730.00 -57.00 -31.70
 731.00 -72.35 -46.64
 732.00 -67.92 -31.61
 733.00 -79.04 -35.42
 734.00 -56.80 -31.74
 735.00 -63.72 -57.58
 736.00 -68.80 -39.39
 737.00 -60.41 -37.31
 738.00 -99.18 -33.06
 739.00 -96.70 -15.04
 740.00 -67.28 -14.47
 741.00 -63.60 -30.66
 742.00 -76.49 -56.36
 743.00 -54.87 -31.46
 744.00 -65.24 -50.38
 745.00 -65.85 -32.08
 746.00 -64.88 -44.57
 747.00 -76.30 -35.69
 748.00 -45.71 -48.55
 749.00 -67.15 -43.80
 750.00 -77.62 -31.34
 751.00 -60.61 -38.60
 752.00 -58.29 -41.77
 753.00 -79.46 -33.92
 754.00 -87.63 -38.86
 755.00 -79.84 -41.93
 756.00 -151.66 -33.63
 757.00  46.25  30.77
 758.00  54.58  36.20
 759.00 -98.94  23.11
 760.00 -148.00  -7.87
 761.00 -99.17 154.54
 762.00 -89.69 114.82
 763.00 -44.10  50.88
 764.00 -153.14 -54.56
 765.00 -60.57 156.85
 766.00 -77.71 -42.21
 767.00 -138.38  -3.93
 768.00 -74.38  66.74
 769.00 -91.95 126.17
 770.00 -80.24 101.87
 771.00 -62.28 169.02
 772.00 -73.21 -23.63
 773.00 -63.70 -44.81
 774.00 -54.32 -43.36
 775.00 -68.57 -44.25
 776.00 -62.74 -41.57
 777.00 -86.79 -31.34
 778.00  58.55 -11.74
 779.00 -140.16  48.00
 780.00 -49.56  31.19
 781.00 -57.46 -47.62
 782.00 -77.09 -41.18
 783.00 -72.42 -29.86
 784.00 -63.19 -32.72
 785.00 -69.70 -33.10
 786.00 -60.09 -40.48
 787.00 -62.10 -41.34
 788.00 -46.86 -52.90
 789.00 -71.81 -49.94
 790.00 -61.90 -28.32
 791.00 -51.88 -42.30
 792.00 -51.84 -34.82
 793.00 -47.62 -45.82
 794.00 -76.38 -49.86
 795.00 -64.71 -40.89
 796.00 -80.84 -42.60
 797.00  53.53  -6.11
 798.00 -74.32  57.19
 799.00 -67.58 114.05
 800.00 -55.70 150.38
 801.00 -58.29 -27.59
 802.00 -64.89 -48.48
 803.00 -61.62 -42.02
 804.00 -47.50 -57.93
 805.00 -75.89 -38.97
 806.00 -58.22 -48.05
 807.00 -60.31 -39.95
 808.00 -69.86 -35.13
 809.00 -56.29 -43.97
 810.00 -80.39 -19.67
 811.00 -78.67 -10.31
 812.00 -126.85 -20.53
 813.00 -145.85  63.11
 814.00 -152.69   2.48
 815.00 -149.15 121.66
 816.00 -46.33 148.37
 817.00 -73.80 142.41
 818.00 -78.25 -27.16
 819.00  82.48  -5.57
 820.00 -83.93 179.90
 821.00 -67.62 -177.74
 822.00 -130.76 -31.43
 823.00 -72.94 103.49
 824.00 -45.92 -37.37
 825.00 -64.81 -49.67
 826.00 -68.14 -38.23
 827.00 -63.23 -42.88
 828.00 -74.31 -37.39
 829.00 -56.29 -43.79
 830.00 -58.23 -46.68
 831.00 -72.17 -39.22
 832.00 -54.32 -44.43
 833.00 -62.60 -43.95
 834.00 -52.67 -52.22
 835.00 -44.29 -50.65
 836.00 -79.37 -41.76
 837.00 -58.59 -26.31
 838.00 -51.86 -45.97
 839.00 -83.97 -36.18
 840.00 -106.55 -22.28
 841.00 -55.70  -9.76
 842.00 -97.61 159.76
 843.00 -161.37  89.97
 844.00 -75.48 156.45
 845.00 -69.10 119.09
 846.00 -66.80 -20.09
 847.00 -111.82 -20.27
 848.00 -51.39  59.77
 849.00 -53.11 -41.43
 850.00 -67.57 -44.49
 851.00 -72.85 -33.01
 852.00 -67.68 -40.49
 853.00 -65.73 -33.87
 854.00 -56.79 -46.20
 855.00 -59.68 -43.08
 856.00 -52.33 -54.25
 857.00 -58.11 -43.84
 858.00 -77.65 -47.79
 859.00 -66.48 -27.55
 860.00 -65.35 -41.18
 861.00 -73.66 -30.31
 862.00 -64.91 -43.49
 863.00 -57.24 -43.55
 864.00 -79.11 -25.88
 865.00 -62.27 -12.62
 866.00 -89.16 -20.14
 867.00 -62.62 -43.47
 868.00 -65.77 -34.65
 869.00 -55.95 -44.73
 870.00 -60.76 -49.33
 871.00 -59.84 -40.39
 872.00 -75.91 -37.69
 873.00 -48.73 -41.47
 874.00 -45.46 -58.56
 875.00 -51.77 -54.56
 876.00 -77.85 -46.91
 877.00 -56.91 -39.61
 878.00 -70.68 -40.36
 879.00 -57.03 -47.55
 880.00 -56.22 -41.28
 881.00 -63.43 -43.55
 882.00 -86.93 -45.85
 883.00 -54.72   2.13
 884.00 -69.42 -39.98
 885.00 -77.23 -37.27
 886.00 -100.93 -19.29
 887.00  60.52  -3.62
 888.00 -70.12  35.12
 889.00 -93.75 126.92
 890.00 -119.44 146.53
 891.00 -63.02 140.84
 892.00 -54.60 138.25
 893.00 -77.67 -28.69
 894.00 -61.51 -40.15
 895.00 -64.82 -36.37
 896.00 -62.63 -39.46
 897.00 -53.84 -58.18
 898.00 -76.34 -40.57
 899.00 -59.06 -62.72
 900.00 -101.86 -20.04
 901.00 -103.60 -41.24
 902.00 -72.56 -24.97
 903.00 -67.92 -40.86
 904.00 -72.86 -11.95
 905.00 -73.63 -33.99
 906.00 -72.58 -37.52
 907.00 -59.38 -37.22
 908.00  66.06 -21.74
 909.00 -68.08  17.44
 910.00 -100.71 -36.73
 911.00 -160.64 141.88
 912.00 -68.88 163.49
 913.00 -88.45 155.03
 914.00 -110.68 127.36
 915.00 -62.68 129.11
 916.00 -116.74 -38.57
 917.00 -124.11 144.07


