 residuo Phi Psi
 669.00 -66.95 126.67
 670.00 -73.48 166.86
 671.00 -141.01 136.21
 672.00 -61.76  -1.54
 673.00 -61.98 -52.88
 674.00 -67.81 -38.73
 675.00 -71.06 -21.65
 676.00 -66.43 -49.50
 677.00 -58.94 -29.91
 678.00 -82.68 -33.21
 679.00 -84.39 -39.90
 680.00 -64.66  -6.84
 681.00 -61.36 122.83
 682.00 -71.46 151.74
 683.00 -64.44 156.73
 684.00 -115.21 147.71
 685.00 -89.82 144.20
 686.00 -85.21 164.11
 687.00  76.34 -20.62
 688.00 -85.40  31.89
 689.00 -132.32 143.00
 690.00 -87.13 131.04
 691.00 -62.93   3.84
 692.00 -99.04 -29.65
 693.00 -76.43 154.76
 694.00 -83.88 160.30
 695.00 -151.76 138.11
 696.00 -31.23 159.43
 697.00 -73.21 -54.64
 698.00 -53.19 -44.04
 699.00 -60.74 -58.53
 700.00 -76.56 -43.00
 701.00 -64.88 -33.53
 702.00 -73.36 -37.44
 703.00 -77.95 -29.13
 704.00 -57.57 -40.43
 705.00 -62.16 -44.94
 706.00 -38.92 -50.52
 707.00 -59.33 -40.34
 708.00 -79.68 -35.74
 709.00 -63.73 -42.53
 710.00 -48.25 -53.66
 711.00 -60.46 -48.58
 712.00 -54.34 -41.53
 713.00 -67.45 -50.85
 714.00 -51.52 -33.32
 715.00 -66.37 -46.75
 716.00 -62.43 -47.46
 717.00 -65.57 -41.82
 718.00 -66.05 -52.13
 719.00 -60.69 -35.01
 720.00 -100.37 -23.30
 721.00 -59.05  -4.57
 722.00 -58.63 128.92
 723.00  83.42 144.15
 724.00 -60.07  -3.58
 725.00 -58.08 -33.32
 726.00 -66.29 -10.88
 727.00 -110.96 -11.15
 728.00 -73.77 146.32
 729.00 -53.63 156.93
 730.00 -80.02 -34.75
 731.00 -88.65 -19.81
 732.00 -64.52 -32.46
 733.00 -63.90 -49.54
 734.00 -72.38 -31.38
 735.00 -68.94 -46.74
 736.00 -50.11 -36.47
 737.00 -69.93 -49.83
 738.00 -74.22 -38.01
 739.00 -80.20 -31.82
 740.00 -45.27 -18.41
 741.00 -70.59 -55.48
 742.00 -81.39 -36.80
 743.00 -70.07 -30.08
 744.00 -56.70 -48.92
 745.00 -73.37 -37.58
 746.00 -48.90 -45.81
 747.00 -64.25 -50.32
 748.00 -60.34 -39.86
 749.00 -60.71 -44.13
 750.00 -68.36 -40.83
 751.00 -58.45 -34.90
 752.00 -68.91 -48.80
 753.00 -67.24 -41.14
 754.00 -81.04 -41.08
 755.00 -76.75 -43.42
 756.00 -134.55 -42.29
 757.00  51.32  29.41
 758.00  63.58  33.00
 759.00 -87.65  13.95
 760.00 -131.23 -22.23
 761.00 -77.77 147.73
 762.00 -84.30 104.86
 763.00 -59.42  65.05
 764.00 -158.18 -45.14
 765.00 -60.78 168.17
 766.00 -94.03 -30.24
 767.00 -134.30 -16.90
 768.00 -116.19  96.10
 769.00 -101.38 146.48
 770.00 -83.90 121.04
 771.00 -63.18 172.07
 772.00 -49.36 -32.95
 773.00 -77.10 -43.76
 774.00 -69.76 -20.54
 775.00 -72.75 -44.50
 776.00 -72.19 -23.86
 777.00 -72.15 -41.79
 778.00  53.80 -10.06
 779.00 -140.42  45.01
 780.00 -55.38  47.29
 781.00 -52.98 -59.97
 782.00 -68.91 -39.70
 783.00 -65.34 -42.16
 784.00 -62.21 -51.57
 785.00 -60.88 -49.29
 786.00 -76.35 -33.57
 787.00 -61.69 -22.41
 788.00 -59.31 -51.13
 789.00 -67.61 -29.70
 790.00 -65.25 -48.97
 791.00 -63.09 -29.79
 792.00 -65.08 -23.04
 793.00 -64.82 -32.09
 794.00 -73.21 -45.27
 795.00 -70.36 -35.12
 796.00 -84.51 -27.29
 797.00  57.03 -25.13
 798.00 -69.12  83.05
 799.00 -94.70 141.63
 800.00 -48.82 144.54
 801.00 -68.74 -29.54
 802.00 -59.44 -52.83
 803.00 -56.19 -36.04
 804.00 -65.02 -64.95
 805.00 -66.23 -37.42
 806.00 -56.91 -42.41
 807.00 -74.19 -43.20
 808.00 -61.92 -35.12
 809.00 -67.68 -35.17
 810.00 -56.75 -34.35
 811.00 -78.73 -22.20
 812.00 -108.00 -27.92
 813.00 -135.09  52.12
 814.00 -156.12   6.22
 815.00 -152.07 133.74
 816.00 -66.25 170.84
 817.00 -51.05 165.24
 818.00 -102.64 -40.72
 819.00  86.09   7.12
 820.00 -70.98 173.24
 821.00 -66.67 168.06
 822.00 -127.56 -29.10
 823.00 -58.08  75.31
 824.00 -58.81 -29.17
 825.00 -72.50 -31.91
 826.00 -58.37 -43.00
 827.00 -49.75 -51.70
 828.00 -66.73 -54.18
 829.00 -74.61 -25.43
 830.00 -47.42 -45.68
 831.00 -62.87 -51.76
 832.00 -53.96 -50.16
 833.00 -77.49 -31.68
 834.00 -52.84 -35.79
 835.00 -65.81 -42.28
 836.00 -68.70 -50.35
 837.00 -54.37 -25.40
 838.00 -63.93 -57.40
 839.00 -55.66 -22.89
 840.00 -118.11 -37.78
 841.00 -69.80  13.05
 842.00 -80.78 134.05
 843.00 -151.32  98.91
 844.00 -80.92 157.44
 845.00 -59.79  93.04
 846.00 -63.91 -28.90
 847.00 -120.49 -20.48
 848.00 -63.07  80.48
 849.00 -69.73 -19.87
 850.00 -45.82 -25.03
 851.00 -71.24 -40.82
 852.00 -60.47 -41.65
 853.00 -64.18 -45.28
 854.00 -65.88 -37.35
 855.00 -69.18 -47.40
 856.00 -48.51 -39.36
 857.00 -67.49 -43.69
 858.00 -79.50 -33.40
 859.00 -67.71 -29.97
 860.00 -68.33 -37.60
 861.00 -64.42 -35.62
 862.00 -66.88 -40.49
 863.00 -69.39 -43.19
 864.00 -80.75 -19.75
 865.00 -53.07 -27.69
 866.00 -68.26 -41.62
 867.00 -67.40 -45.46
 868.00 -72.53 -22.01
 869.00 -53.46 -42.90
 870.00 -63.16 -46.62
 871.00 -52.55 -44.71
 872.00 -79.99 -44.91
 873.00 -55.21 -38.29
 874.00 -58.18 -44.82
 875.00 -74.76 -41.90
 876.00 -74.23 -45.56
 877.00 -68.58 -32.81
 878.00 -59.21 -40.59
 879.00 -69.98 -38.50
 880.00 -75.49 -25.46
 881.00 -59.61 -37.52
 882.00 -99.19 -33.96
 883.00 -43.35  -5.62
 884.00 -65.47 -57.14
 885.00 -67.78 -42.12
 886.00 -124.19 -11.93
 887.00  64.17   6.77
 888.00 -91.57  24.11
 889.00 -105.27 128.50
 890.00 -132.89 147.42
 891.00 -57.60 137.36
 892.00 -64.40 142.49
 893.00 -67.31 -29.79
 894.00 -73.72 -39.37
 895.00 -63.91 -45.17
 896.00 -62.42 -25.87
 897.00 -53.11 -56.37
 898.00 -71.16 -45.54
 899.00 -94.64 -22.90
 900.00 -99.78 -34.80
 901.00 -101.83 -39.38
 902.00 -77.06 -35.94
 903.00 -53.59 -32.91
 904.00 -66.92 -38.21
 905.00 -67.96 -32.53
 906.00 -69.61 -45.40
 907.00 -87.44 -30.05
 908.00  65.44   3.17
 909.00 -61.26   9.01
 910.00 -117.64 -26.18
 911.00 -122.29 136.13
 912.00 -65.74 131.94
 913.00 -88.53 160.37
 914.00 -129.51 141.61
 915.00 -84.98 141.35
 916.00 -121.70 -28.96
 917.00 -108.65 164.73


