 residuo Phi Psi
 669.00 -45.69 155.56
 670.00 -73.51 147.00
 671.00 -142.56 143.69
 672.00 -54.78 -14.93
 673.00 -81.06 -43.20
 674.00 -59.50 -22.65
 675.00 -72.10 -38.06
 676.00 -64.14 -50.08
 677.00 -71.26 -31.88
 678.00 -68.53 -31.50
 679.00 -87.24 -36.62
 680.00 -57.63 -14.24
 681.00 -86.11 125.76
 682.00 -99.03 170.85
 683.00 -54.91 -158.91
 684.00 -137.75 139.06
 685.00 -121.83 139.01
 686.00 -82.51 165.44
 687.00  80.87 -23.55
 688.00 -67.32   8.23
 689.00 -153.12 158.89
 690.00 -54.60 114.92
 691.00 -70.06 -17.10
 692.00 -58.52 -28.66
 693.00 -79.64 152.35
 694.00 -79.04 146.42
 695.00 -89.37  51.49
 696.00 -70.25 172.11
 697.00 -36.22 -55.10
 698.00 -57.37 -65.17
 699.00 -64.05 -47.54
 700.00 -75.35 -42.31
 701.00 -52.01 -44.82
 702.00 -76.89 -37.38
 703.00 -88.24 -16.66
 704.00 -63.86 -29.97
 705.00 -76.67 -36.63
 706.00 -63.32 -26.23
 707.00 -58.91 -49.21
 708.00 -74.49 -28.35
 709.00 -64.51 -38.21
 710.00 -66.53 -39.42
 711.00 -64.16 -37.90
 712.00 -71.36 -29.83
 713.00 -66.95 -49.20
 714.00 -46.57 -47.14
 715.00 -61.35 -53.95
 716.00 -62.77 -34.82
 717.00 -65.64 -45.26
 718.00 -61.28 -49.78
 719.00 -60.95 -34.92
 720.00 -139.47  -2.49
 721.00 -59.64   7.13
 722.00 -62.32 157.62
 723.00  65.66 148.69
 724.00 -61.42 -29.11
 725.00 -71.32 -23.13
 726.00 -67.66  -9.70
 727.00 -74.98 -31.81
 728.00 -73.17 154.94
 729.00 -50.18 149.76
 730.00 -75.73 -26.19
 731.00 -64.96 -35.03
 732.00 -59.55 -40.68
 733.00 -62.77 -52.43
 734.00 -67.74 -25.06
 735.00 -76.52 -55.11
 736.00 -47.48 -30.96
 737.00 -75.13 -55.85
 738.00 -87.85 -24.62
 739.00 -69.19 -36.46
 740.00 -34.27 -24.94
 741.00 -62.15 -62.60
 742.00 -55.95 -56.59
 743.00 -73.69 -44.33
 744.00 -68.43 -33.06
 745.00 -81.71 -35.37
 746.00 -54.73 -35.73
 747.00 -58.42 -56.77
 748.00 -62.64 -38.55
 749.00 -62.67 -41.35
 750.00 -70.53 -40.73
 751.00 -64.71 -39.78
 752.00 -67.29 -36.03
 753.00 -67.64 -37.40
 754.00 -62.05 -60.11
 755.00 -99.13 -24.11
 756.00 -123.54 -36.70
 757.00  55.32  20.29
 758.00  55.21  21.97
 759.00 -65.12  10.20
 760.00 -101.95 -41.78
 761.00 -87.79 164.49
 762.00 -120.25 120.71
 763.00 -63.20  80.99
 764.00 -135.57 -55.28
 765.00 -71.24 170.18
 766.00 -112.47 -15.82
 767.00 -102.77 -33.39
 768.00 -117.54  94.89
 769.00 -103.43 136.53
 770.00 -72.82 111.45
 771.00 -64.27 173.96
 772.00 -55.20 -30.04
 773.00 -75.91 -34.66
 774.00 -63.47 -34.71
 775.00 -60.17 -42.66
 776.00 -67.98 -55.31
 777.00 -74.60 -25.26
 778.00  58.26   5.85
 779.00 -140.59  21.56
 780.00 -60.50  50.29
 781.00 -66.59 -53.09
 782.00 -71.39 -35.38
 783.00 -61.26 -33.78
 784.00 -81.15 -40.59
 785.00 -38.41 -44.83
 786.00 -56.14 -60.40
 787.00 -62.86 -34.41
 788.00 -51.41 -46.37
 789.00 -56.23 -46.08
 790.00 -76.13 -33.96
 791.00 -71.71 -26.46
 792.00 -59.30 -36.18
 793.00 -58.51 -31.84
 794.00 -73.33 -52.86
 795.00 -74.85 -32.58
 796.00 -77.20 -37.02
 797.00  50.82   4.74
 798.00 -68.55  46.09
 799.00 -81.11 118.15
 800.00 -51.44 148.58
 801.00 -49.95 -41.74
 802.00 -65.49 -52.06
 803.00 -65.80 -42.33
 804.00 -68.40 -28.32
 805.00 -70.43 -58.57
 806.00 -68.59 -23.95
 807.00 -64.51 -54.25
 808.00 -60.29 -29.76
 809.00 -55.55 -52.76
 810.00 -56.02 -41.49
 811.00 -62.71 -29.03
 812.00 -96.14 -31.98
 813.00 -122.63  43.02
 814.00 -158.88   5.67
 815.00 -147.99 123.65
 816.00 -70.81 166.65
 817.00 -50.27 148.26
 818.00 -64.06 -46.85
 819.00  78.69 -14.87
 820.00 -69.02 173.49
 821.00 -74.53 174.82
 822.00 -108.72 -26.34
 823.00 -63.71  40.10
 824.00 -64.43 -39.66
 825.00 -57.46 -41.37
 826.00 -55.64 -45.52
 827.00 -59.55 -47.65
 828.00 -72.26 -38.49
 829.00 -79.03 -37.10
 830.00 -55.74 -30.69
 831.00 -67.60 -43.37
 832.00 -70.62 -31.76
 833.00 -60.96 -46.03
 834.00 -71.05 -36.24
 835.00 -60.00 -38.10
 836.00 -78.61 -37.70
 837.00 -59.83 -36.39
 838.00 -50.61 -52.76
 839.00 -76.17 -26.73
 840.00 -105.47 -36.17
 841.00 -57.27   1.13
 842.00 -70.94 137.82
 843.00 -159.24  93.21
 844.00 -107.57 -178.09
 845.00 -52.17  95.31
 846.00 -72.80 -42.81
 847.00 -123.55  -5.36
 848.00 -63.91  78.37
 849.00 -61.87 -15.70
 850.00 -57.90 -32.33
 851.00 -77.65 -36.91
 852.00 -64.69 -36.19
 853.00 -63.52 -33.92
 854.00 -58.68 -48.32
 855.00 -64.40 -35.79
 856.00 -62.39 -33.05
 857.00 -60.20 -42.87
 858.00 -61.38 -49.33
 859.00 -64.35 -45.45
 860.00 -65.18 -34.84
 861.00 -74.19 -35.19
 862.00 -65.24 -36.41
 863.00 -66.44 -43.05
 864.00 -65.28 -20.73
 865.00 -84.16 -29.90
 866.00 -84.28 -10.69
 867.00 -61.94 -37.49
 868.00 -73.76 -32.97
 869.00 -65.93 -39.93
 870.00 -49.71 -38.87
 871.00 -65.39 -50.76
 872.00 -89.37 -23.47
 873.00 -63.64 -31.18
 874.00 -56.36 -40.78
 875.00 -68.68 -50.01
 876.00 -77.01 -47.21
 877.00 -69.83 -29.85
 878.00 -71.31 -42.79
 879.00 -79.93 -22.62
 880.00 -57.86 -45.12
 881.00 -65.17 -31.79
 882.00 -148.67   0.08
 883.00 -81.24  26.98
 884.00 -61.05 -20.48
 885.00 -68.00 -37.50
 886.00 -78.67 -44.93
 887.00  62.59 -12.22
 888.00 -83.85  26.08
 889.00 -108.50 131.22
 890.00 -119.73 137.29
 891.00 -74.43 136.95
 892.00 -35.69 139.41
 893.00 -68.57 -47.12
 894.00 -76.78 -36.73
 895.00 -55.54 -32.07
 896.00 -67.84 -44.36
 897.00 -59.52 -52.60
 898.00 -73.71 -38.71
 899.00 -93.27 -33.62
 900.00 -104.96 -23.79
 901.00 -87.47 -53.56
 902.00 -69.78 -39.39
 903.00 -57.16 -33.25
 904.00 -62.33 -28.58
 905.00 -60.12 -42.03
 906.00 -79.92 -46.49
 907.00 -75.04 -30.02
 908.00  87.42 -14.49
 909.00 -56.79  -7.15
 910.00 -129.53 -24.96
 911.00 -140.14 142.22
 912.00 -62.01 144.14
 913.00 -122.01 177.76
 914.00 -119.17 132.53
 915.00 -74.66 130.21
 916.00 -122.01 -24.45
 917.00 -93.16 109.13


