 residuo Phi Psi
 669.00 -82.81 -90.14
 670.00 -83.92 137.73
 671.00 -48.17 171.59
 672.00 -60.16 -57.58
 673.00 -64.42 -27.52
 674.00 -72.21 -17.62
 675.00 -75.88 -27.82
 676.00 -67.61 -45.20
 677.00 -88.59 -22.44
 678.00 -63.20 -32.00
 679.00 -87.88 -22.92
 680.00 -65.95 -19.84
 681.00 -78.20 124.38
 682.00 -75.99 146.93
 683.00 -77.22 171.08
 684.00 -93.01 124.08
 685.00 -86.96 137.34
 686.00 -82.56 158.10
 687.00  76.53 -14.82
 688.00 -79.53  36.59
 689.00 -91.10 128.37
 690.00 -52.15  61.59
 691.00 -69.73 -11.67
 692.00 -131.22   4.80
 693.00 -43.97 148.27
 694.00 -77.64 149.99
 695.00 -135.34 158.53
 696.00 -52.72 136.84
 697.00 -74.01 -44.67
 698.00 -71.70 -38.30
 699.00 -48.68 -39.86
 700.00 -84.50 -43.11
 701.00 -55.82 -30.94
 702.00 -66.60 -45.97
 703.00 -78.00 -28.42
 704.00 -65.82 -34.72
 705.00 -60.57 -36.27
 706.00 -70.29 -43.75
 707.00 -54.09 -25.34
 708.00 -62.76 -57.05
 709.00 -58.19 -52.40
 710.00 -79.53 -38.27
 711.00 -67.20 -28.41
 712.00 -46.47 -52.66
 713.00 -61.65 -47.65
 714.00 -68.20 -38.45
 715.00 -65.92 -42.97
 716.00 -61.17 -39.72
 717.00 -81.92 -22.91
 718.00 -64.92 -39.18
 719.00 -62.13 -39.59
 720.00 -141.70   9.09
 721.00 -44.12 -38.25
 722.00 -41.29 104.77
 723.00  96.59 119.83
 724.00 -52.89 -29.11
 725.00 -59.24 -30.85
 726.00 -82.91 -23.51
 727.00 -105.71  18.53
 728.00 -62.88 149.95
 729.00 -52.61 145.69
 730.00 -57.99 -37.28
 731.00 -67.63 -53.21
 732.00 -69.13 -25.03
 733.00 -60.02 -53.15
 734.00 -60.03 -31.48
 735.00 -73.04 -55.82
 736.00 -51.27 -29.64
 737.00 -62.07 -64.46
 738.00 -58.36 -49.21
 739.00 -113.13 -26.47
 740.00 -63.73  -7.49
 741.00 -72.52 -29.30
 742.00 -68.29 -52.47
 743.00 -65.32 -31.58
 744.00 -60.10 -45.86
 745.00 -61.34 -47.64
 746.00 -82.62 -41.97
 747.00 -59.41 -38.57
 748.00 -57.95 -42.44
 749.00 -62.47 -36.97
 750.00 -50.36 -50.88
 751.00 -74.10 -42.08
 752.00 -60.32 -41.97
 753.00 -69.09 -35.19
 754.00 -79.23 -47.89
 755.00 -94.65 -33.80
 756.00 -139.71 -46.01
 757.00  44.50  36.24
 758.00  67.97  34.57
 759.00 -53.90 -15.24
 760.00 -123.54 -36.58
 761.00 -90.27 161.03
 762.00 -107.77 129.69
 763.00 -55.41  64.62
 764.00 -142.88 -56.66
 765.00 -47.78 150.83
 766.00 -103.56 -21.65
 767.00 -121.90 -11.84
 768.00 -85.52  58.47
 769.00 -103.46 135.12
 770.00 -63.71  90.98
 771.00 -62.99 168.33
 772.00 -63.19 -32.34
 773.00 -72.01 -36.38
 774.00 -67.79 -18.14
 775.00 -78.95 -41.56
 776.00 -63.40 -40.39
 777.00 -75.20 -42.33
 778.00  63.05 -14.08
 779.00 -138.87  51.80
 780.00 -64.20  29.46
 781.00 -61.11 -54.09
 782.00 -68.60 -33.53
 783.00 -61.67 -48.55
 784.00 -57.29 -38.16
 785.00 -54.74 -50.45
 786.00 -48.54 -63.06
 787.00 -40.92 -45.17
 788.00 -67.04 -56.31
 789.00 -55.34 -37.98
 790.00 -76.27 -44.89
 791.00 -63.14 -28.32
 792.00 -67.45 -28.73
 793.00 -54.65 -33.65
 794.00 -85.57 -34.33
 795.00 -58.49 -26.46
 796.00 -70.47 -50.25
 797.00  49.80 -26.89
 798.00 -66.47  63.43
 799.00 -81.21 127.76
 800.00 -58.98 154.46
 801.00 -67.43 -29.21
 802.00 -62.08 -35.95
 803.00 -58.96 -50.93
 804.00 -52.36 -50.85
 805.00 -72.48 -47.06
 806.00 -70.44 -38.11
 807.00 -55.50 -30.52
 808.00 -65.33 -52.27
 809.00 -69.08 -43.72
 810.00 -73.83 -27.84
 811.00 -49.25 -41.02
 812.00 -83.83 -39.16
 813.00 -119.75  27.80
 814.00 -151.46  18.19
 815.00 -152.11 127.46
 816.00 -58.16 158.51
 817.00 -81.63 160.37
 818.00 -93.89 -11.86
 819.00  67.45   2.08
 820.00 -81.15 169.47
 821.00 -70.00 159.63
 822.00 -89.74 -27.30
 823.00 -51.56  26.85
 824.00 -55.14 -40.41
 825.00 -55.26 -54.24
 826.00 -52.91 -50.58
 827.00 -63.16 -44.88
 828.00 -57.24 -49.09
 829.00 -73.96 -36.48
 830.00 -59.50 -51.10
 831.00 -68.69 -36.75
 832.00 -73.67 -25.47
 833.00 -59.87 -50.79
 834.00 -67.92 -37.04
 835.00 -63.71 -44.66
 836.00 -73.26 -38.38
 837.00 -47.60 -43.77
 838.00 -59.53 -52.52
 839.00 -82.25 -19.06
 840.00 -114.30 -29.05
 841.00 -86.08   8.61
 842.00 -67.25 161.04
 843.00 -164.53  93.10
 844.00 -99.80 159.01
 845.00 -58.45  90.89
 846.00 -50.24 -32.17
 847.00 -87.55 -41.87
 848.00 -74.35 132.44
 849.00 -140.30  10.24
 850.00 -53.36 -21.09
 851.00 -80.08 -41.53
 852.00 -77.58 -26.85
 853.00 -76.63 -35.65
 854.00 -63.89 -41.25
 855.00 -61.99 -49.83
 856.00 -53.78 -51.42
 857.00 -73.20 -37.67
 858.00 -87.80 -23.44
 859.00 -65.87 -40.15
 860.00 -74.96 -25.16
 861.00 -55.03 -38.45
 862.00 -46.91 -57.80
 863.00 -64.73 -48.68
 864.00 -60.49 -26.60
 865.00 -76.96 -19.31
 866.00 -52.92 -41.50
 867.00 -76.55 -33.88
 868.00 -76.46 -28.89
 869.00 -58.86 -37.33
 870.00 -66.84 -40.73
 871.00 -62.49 -40.94
 872.00 -72.17 -48.42
 873.00 -45.13 -43.67
 874.00 -67.97 -44.00
 875.00 -73.83 -32.99
 876.00 -81.12 -36.83
 877.00 -52.10 -41.88
 878.00 -69.57 -46.20
 879.00 -64.37 -45.71
 880.00 -75.04 -30.38
 881.00 -58.47 -33.65
 882.00 -82.79 -50.34
 883.00 -51.79   6.40
 884.00 -77.16 -41.56
 885.00 -71.41 -33.34
 886.00 -132.51   1.22
 887.00  64.91 -10.69
 888.00 -80.17  27.44
 889.00 -72.67 130.02
 890.00 -122.81 138.43
 891.00 -63.63 134.91
 892.00 -59.05 147.32
 893.00 -61.30 -51.89
 894.00 -84.20 -33.75
 895.00 -58.47 -34.53
 896.00 -74.84 -38.08
 897.00 -59.39 -29.61
 898.00 -82.18 -47.27
 899.00 -77.61 -24.09
 900.00 -97.12 -40.29
 901.00 -78.52 -64.02
 902.00 -55.13 -48.43
 903.00 -59.57 -38.21
 904.00 -78.24 -19.23
 905.00 -64.64 -34.90
 906.00 -62.85 -51.77
 907.00 -81.09 -35.47
 908.00  77.24 -11.04
 909.00 -75.51  10.93
 910.00 -103.11 -17.31
 911.00 -125.52 140.73
 912.00 -57.94 130.04
 913.00 -84.17 144.02
 914.00 -89.66 113.36
 915.00 -77.92 133.06
 916.00 -147.20 -20.92
 917.00 -113.43 156.78


