 residuo Phi Psi
 669.00 -82.99 163.45
 670.00 -72.35 144.55
 671.00 -46.09 145.23
 672.00 -60.52 -37.61
 673.00 -58.36 -62.08
 674.00 -59.17 -35.71
 675.00 -77.69 -35.02
 676.00 -56.56 -53.60
 677.00 -75.52 -34.62
 678.00 -75.11 -37.44
 679.00 -107.41 -16.82
 680.00 -67.64  20.61
 681.00 -67.48 140.76
 682.00 -75.25 161.05
 683.00 -62.94 153.23
 684.00 -121.57 141.30
 685.00 -93.29 150.39
 686.00 -97.55 163.95
 687.00  83.46 -15.13
 688.00 -74.75  21.54
 689.00 -119.03 153.84
 690.00 -62.34  90.46
 691.00 -61.05 -30.94
 692.00 -66.61 -29.65
 693.00 -65.04 152.14
 694.00 -68.83 160.97
 695.00 -137.36 129.96
 696.00 -59.36 156.30
 697.00 -62.16 -57.33
 698.00 -78.56 -38.17
 699.00 -62.80 -38.91
 700.00 -87.36 -41.49
 701.00 -62.52 -22.97
 702.00 -68.31 -48.93
 703.00 -52.75 -36.60
 704.00 -67.44 -46.12
 705.00 -61.89 -39.40
 706.00 -71.93 -40.40
 707.00 -57.88 -13.16
 708.00 -64.71 -51.53
 709.00 -57.92 -52.11
 710.00 -78.77 -37.36
 711.00 -53.31 -33.61
 712.00 -41.22 -53.36
 713.00 -66.21 -56.05
 714.00 -57.90 -43.84
 715.00 -72.89 -33.65
 716.00 -62.30 -43.66
 717.00 -75.78 -28.68
 718.00 -63.08 -49.71
 719.00 -70.17 -32.40
 720.00 -121.70 -12.28
 721.00 -64.49  -5.03
 722.00 -67.16 138.56
 723.00  77.86 137.66
 724.00 -81.05  -9.71
 725.00 -68.12 -20.25
 726.00 -96.87   9.75
 727.00 -115.68   9.01
 728.00 -43.61 144.05
 729.00 -61.19 138.03
 730.00 -77.81 -35.76
 731.00 -74.27 -21.11
 732.00 -64.15 -38.69
 733.00 -64.60 -39.25
 734.00 -60.49 -38.86
 735.00 -65.32 -56.44
 736.00 -58.87 -39.52
 737.00 -72.85 -46.37
 738.00 -78.22 -29.12
 739.00 -90.37 -38.15
 740.00 -68.72   3.31
 741.00 -66.79 -43.75
 742.00 -50.72 -46.04
 743.00 -68.96 -47.31
 744.00 -60.87 -53.04
 745.00 -62.59 -39.41
 746.00 -59.35 -45.34
 747.00 -69.79 -44.82
 748.00 -61.82 -37.39
 749.00 -49.84 -41.26
 750.00 -48.11 -57.79
 751.00 -62.17 -56.24
 752.00 -62.12 -31.53
 753.00 -70.69 -40.36
 754.00 -65.62 -52.72
 755.00 -83.08 -45.86
 756.00 -141.92 -42.90
 757.00  49.65  25.50
 758.00  57.86  42.53
 759.00 -45.92   6.38
 760.00 -138.49 -47.11
 761.00 -77.79 150.53
 762.00 -90.52 112.74
 763.00 -59.28  59.07
 764.00 -145.57 -45.99
 765.00 -68.63 168.21
 766.00 -102.38 -23.69
 767.00 -138.03   3.38
 768.00 -74.52  51.02
 769.00 -105.50 125.12
 770.00 -56.88  77.57
 771.00 -48.29 160.69
 772.00 -67.18 -39.89
 773.00 -60.77 -34.03
 774.00 -58.01 -40.19
 775.00 -56.88 -44.98
 776.00 -71.30 -51.24
 777.00 -79.53 -26.86
 778.00  56.59 -13.93
 779.00 -133.30  45.15
 780.00 -68.77  41.10
 781.00 -64.42 -37.15
 782.00 -63.89 -42.77
 783.00 -68.24 -42.58
 784.00 -61.30 -31.12
 785.00 -59.82 -42.21
 786.00 -70.91 -43.27
 787.00 -74.43 -34.10
 788.00 -52.40 -36.47
 789.00 -54.71 -53.55
 790.00 -58.11 -42.95
 791.00 -65.29 -45.51
 792.00 -69.12 -20.33
 793.00 -75.01 -32.06
 794.00 -49.04 -40.87
 795.00 -65.20 -55.96
 796.00 -85.13 -40.41
 797.00  46.73  -5.80
 798.00 -54.10  59.27
 799.00 -99.01 141.44
 800.00 -67.18 166.01
 801.00 -55.82 -27.83
 802.00 -65.81 -53.26
 803.00 -61.43 -38.18
 804.00 -60.75 -56.68
 805.00 -63.07 -47.94
 806.00 -63.76 -39.72
 807.00 -71.03 -16.47
 808.00 -49.27 -58.61
 809.00 -70.14 -40.38
 810.00 -70.54 -27.17
 811.00 -56.52 -44.87
 812.00 -101.24 -28.13
 813.00 -128.46  29.65
 814.00 -152.90  16.94
 815.00 -137.91 116.94
 816.00 -69.62 169.53
 817.00 -72.86 161.72
 818.00 -119.34  -3.40
 819.00  83.63  10.43
 820.00 -78.91 178.16
 821.00 -68.95 167.38
 822.00 -104.10 -32.98
 823.00 -74.28  55.97
 824.00 -63.28 -41.68
 825.00 -66.02 -38.68
 826.00 -57.56 -35.62
 827.00 -57.94 -51.93
 828.00 -50.30 -45.69
 829.00 -63.99 -63.85
 830.00 -60.25 -38.21
 831.00 -58.04 -52.47
 832.00 -64.11 -39.33
 833.00 -66.47 -38.76
 834.00 -61.30 -38.23
 835.00 -87.43 -26.86
 836.00 -60.94 -40.98
 837.00 -45.63 -54.37
 838.00 -56.43 -50.21
 839.00 -88.46 -12.21
 840.00 -90.07 -39.87
 841.00 -59.02 -17.70
 842.00 -97.49 131.60
 843.00 -74.47  47.30
 844.00 -61.72 175.38
 845.00 -68.13  87.18
 846.00 -67.49  -6.28
 847.00 -146.91  -8.33
 848.00 -51.78  97.53
 849.00 -45.61 -34.83
 850.00 -59.73 -48.03
 851.00 -64.25 -32.43
 852.00 -65.29 -53.29
 853.00 -57.42 -41.52
 854.00 -78.00 -34.82
 855.00 -49.38 -40.14
 856.00 -62.81 -45.47
 857.00 -89.44 -23.18
 858.00 -70.63 -22.38
 859.00 -77.33 -44.73
 860.00 -59.58 -37.98
 861.00 -64.14 -36.78
 862.00 -62.43 -47.43
 863.00 -64.49 -35.62
 864.00 -71.80 -42.05
 865.00 -88.51 -15.27
 866.00 -58.99 -25.39
 867.00 -69.09 -44.57
 868.00 -71.49 -26.19
 869.00 -61.67 -48.76
 870.00 -57.68 -30.57
 871.00 -61.56 -58.68
 872.00 -66.05 -44.81
 873.00 -71.82 -29.64
 874.00 -57.80 -33.44
 875.00 -55.49 -56.18
 876.00 -77.05 -38.99
 877.00 -64.25 -33.83
 878.00 -68.54 -45.45
 879.00 -70.58 -34.16
 880.00 -49.53 -42.98
 881.00 -68.14 -44.07
 882.00 -114.89 -21.89
 883.00 -46.23  14.66
 884.00 -69.30 -47.19
 885.00 -61.70 -48.13
 886.00 -85.17 -42.27
 887.00  57.05  -3.56
 888.00 -102.70  33.64
 889.00 -79.83 127.65
 890.00 -153.25 149.73
 891.00 -68.52 105.35
 892.00 -57.49 146.41
 893.00 -72.14 -44.61
 894.00 -82.62 -31.09
 895.00 -48.96 -49.51
 896.00 -73.36 -36.10
 897.00 -66.39 -38.24
 898.00 -61.69 -40.88
 899.00 -64.70 -37.05
 900.00 -93.75 -53.96
 901.00 -101.76 -41.59
 902.00 -55.20 -47.38
 903.00 -52.07 -38.61
 904.00 -63.45 -45.54
 905.00 -72.00 -33.91
 906.00 -66.39 -52.63
 907.00 -84.45 -45.92
 908.00  51.29  24.85
 909.00 -90.22  32.65
 910.00 -138.27 -14.39
 911.00 -141.18 129.83
 912.00 -61.08 135.88
 913.00 -76.38 146.88
 914.00 -67.01  72.15
 915.00 -96.90 126.93
 916.00 -95.23 -32.80
 917.00 -72.98 -10.22


