 residuo Phi Psi
 669.00 -66.98 140.85
 670.00 -58.01 139.82
 671.00 -148.42 133.68
 672.00 -61.96 -20.38
 673.00 -56.09 -47.43
 674.00 -71.19 -37.08
 675.00 -63.73 -30.71
 676.00 -48.14 -57.52
 677.00 -84.02 -38.42
 678.00 -77.71 -31.98
 679.00 -84.99 -27.21
 680.00 -62.92  -6.51
 681.00 -78.06 116.13
 682.00 -82.50 170.28
 683.00 -71.58 -179.57
 684.00 -79.32 116.38
 685.00 -89.94 138.32
 686.00 -81.20 155.92
 687.00  82.59 -15.60
 688.00 -72.25  -1.91
 689.00 -81.60 151.19
 690.00 -89.21 136.61
 691.00 -105.50  -8.01
 692.00 -67.04 -18.73
 693.00 -67.03 142.10
 694.00 -77.22 144.40
 695.00 -151.46 143.99
 696.00 -52.47 152.93
 697.00 -79.66 -52.71
 698.00 -64.20 -37.51
 699.00 -58.88 -47.16
 700.00 -67.34 -44.04
 701.00 -57.30 -45.61
 702.00 -78.81 -35.55
 703.00 -71.32 -23.72
 704.00 -61.71 -44.58
 705.00 -67.43 -29.75
 706.00 -45.87 -58.94
 707.00 -43.16 -46.61
 708.00 -64.04 -60.59
 709.00 -72.50 -24.88
 710.00 -72.19 -38.64
 711.00 -41.32 -45.07
 712.00 -63.52 -48.06
 713.00 -73.72 -41.47
 714.00 -84.27 -15.31
 715.00 -50.35 -50.57
 716.00 -62.98 -50.37
 717.00 -87.84 -24.34
 718.00 -64.39 -43.21
 719.00 -71.90 -27.46
 720.00 -90.52 -25.76
 721.00 -75.04  -1.92
 722.00 -82.31 150.91
 723.00  81.29 145.00
 724.00 -58.82 -16.92
 725.00 -78.62 -34.16
 726.00 -67.25 -12.18
 727.00 -65.17 -45.96
 728.00 -57.12 151.11
 729.00 -62.98 134.20
 730.00 -90.55 -18.46
 731.00 -87.12 -12.33
 732.00 -52.38 -31.57
 733.00 -56.25 -46.91
 734.00 -55.70 -49.31
 735.00 -65.31 -60.83
 736.00 -67.17 -31.22
 737.00 -71.05 -46.01
 738.00 -102.64 -18.22
 739.00 -74.76 -40.42
 740.00 -47.20  -8.25
 741.00 -74.87 -55.89
 742.00 -46.92 -50.70
 743.00 -50.64 -50.16
 744.00 -61.64 -66.85
 745.00 -68.55 -35.30
 746.00 -54.90 -50.41
 747.00 -62.70 -44.49
 748.00 -60.38 -43.51
 749.00 -67.18 -44.03
 750.00 -61.39 -41.00
 751.00 -49.22 -51.18
 752.00 -74.27 -41.81
 753.00 -60.00 -36.54
 754.00 -86.59 -49.58
 755.00 -79.44 -42.51
 756.00 -119.28 -47.48
 757.00  64.17  28.01
 758.00  76.92  19.91
 759.00 -78.88  -3.77
 760.00 -103.98 -47.98
 761.00 -89.79 162.19
 762.00 -86.57 110.18
 763.00 -66.41  65.81
 764.00 -143.93 -59.05
 765.00 -58.08 158.28
 766.00 -85.42 -28.86
 767.00 -136.75 -11.45
 768.00 -69.89  47.94
 769.00 -90.82 120.69
 770.00 -119.43 138.54
 771.00 -56.67 -178.90
 772.00 -67.30 -34.24
 773.00 -54.66 -43.71
 774.00 -65.98 -46.50
 775.00 -51.20 -46.26
 776.00 -67.60 -51.30
 777.00 -72.64 -37.92
 778.00  66.26  -6.43
 779.00 -139.61  24.96
 780.00 -68.46  54.79
 781.00 -62.62 -41.38
 782.00 -57.99 -46.22
 783.00 -81.25 -28.93
 784.00 -65.89 -31.05
 785.00 -82.36 -34.78
 786.00 -53.81 -34.15
 787.00 -60.86 -53.86
 788.00 -78.01 -31.00
 789.00 -61.23 -25.11
 790.00 -73.28 -46.26
 791.00 -72.76 -37.20
 792.00 -67.17 -36.22
 793.00 -59.01 -27.18
 794.00 -74.13 -36.84
 795.00 -62.40 -30.36
 796.00 -90.91 -38.09
 797.00  46.77 -11.26
 798.00 -60.64  61.12
 799.00 -74.60 124.10
 800.00 -56.47 155.47
 801.00 -74.93 -31.65
 802.00 -55.95 -45.17
 803.00 -57.24 -51.06
 804.00 -56.43 -50.96
 805.00 -71.86 -49.57
 806.00 -64.23 -32.41
 807.00 -63.67 -43.13
 808.00 -57.43 -46.38
 809.00 -85.04 -23.27
 810.00 -57.61 -31.23
 811.00 -78.14 -13.92
 812.00 -96.61 -49.21
 813.00 -128.61  50.05
 814.00 -141.58   0.88
 815.00 -145.05 132.89
 816.00 -75.12 176.68
 817.00 -69.02 156.92
 818.00 -74.71 -30.07
 819.00  61.13   5.87
 820.00 -65.62 163.95
 821.00 -64.64 170.88
 822.00 -111.48 -48.13
 823.00 -74.45  98.90
 824.00 -53.12 -36.66
 825.00 -76.95 -33.96
 826.00 -58.18 -48.18
 827.00 -53.92 -50.89
 828.00 -67.43 -30.05
 829.00 -61.39 -60.35
 830.00 -67.66 -35.83
 831.00 -61.78 -40.90
 832.00 -59.76 -42.60
 833.00 -66.76 -54.51
 834.00 -61.56 -32.88
 835.00 -76.11 -50.93
 836.00 -76.09 -22.90
 837.00 -58.95 -37.89
 838.00 -68.15 -36.31
 839.00 -72.07 -23.23
 840.00 -132.67 -21.48
 841.00 -65.98  12.46
 842.00 -68.61 136.61
 843.00 -158.22 101.32
 844.00 -75.09 130.62
 845.00 -69.71 127.13
 846.00 -56.03 -27.97
 847.00 -126.66 -13.10
 848.00 -60.22 118.99
 849.00 -84.29 -44.70
 850.00 -46.57  -1.45
 851.00 -62.93 -63.27
 852.00 -62.66 -36.84
 853.00 -77.38 -34.23
 854.00 -62.57 -30.18
 855.00 -68.79 -39.67
 856.00 -50.37 -42.82
 857.00 -51.17 -51.63
 858.00 -68.68 -48.17
 859.00 -74.54 -30.44
 860.00 -74.43 -30.45
 861.00 -69.43 -25.89
 862.00 -46.68 -63.14
 863.00 -87.11 -30.22
 864.00 -70.33 -42.07
 865.00 -66.65 -16.97
 866.00 -68.32 -35.17
 867.00 -66.10 -39.34
 868.00 -71.67 -31.28
 869.00 -70.60 -41.72
 870.00 -64.78 -18.30
 871.00 -62.35 -49.55
 872.00 -73.09 -37.51
 873.00 -72.34 -36.92
 874.00 -63.50 -32.32
 875.00 -76.46 -44.00
 876.00 -71.10 -40.30
 877.00 -65.84 -32.11
 878.00 -72.42 -36.49
 879.00 -60.21 -36.44
 880.00 -67.34 -38.35
 881.00 -59.95 -49.49
 882.00 -82.09 -36.05
 883.00 -43.10  -9.10
 884.00 -61.03 -54.66
 885.00 -67.65 -38.87
 886.00 -115.01 -14.17
 887.00  44.80  12.27
 888.00 -81.57  27.87
 889.00 -112.87 147.49
 890.00 -129.33 155.83
 891.00 -50.91 143.40
 892.00 -62.69 152.24
 893.00 -48.07 -52.92
 894.00 -71.18 -49.46
 895.00 -66.46 -40.96
 896.00 -67.77 -36.45
 897.00 -62.32 -39.54
 898.00 -70.65 -47.16
 899.00 -91.82 -23.32
 900.00 -96.16 -30.04
 901.00 -106.92 -46.83
 902.00 -60.97 -36.78
 903.00 -57.73 -36.90
 904.00 -65.74 -29.23
 905.00 -71.16 -38.53
 906.00 -93.60 -34.31
 907.00 -110.41  -1.67
 908.00  87.05   4.65
 909.00 -78.01  -2.14
 910.00 -122.68 -28.25
 911.00 -150.02 131.18
 912.00 -54.79 140.53
 913.00 -84.67 148.18
 914.00 -64.28  93.84
 915.00 -69.89 125.27
 916.00 -103.23 -41.64
 917.00 -87.87 142.75


