 residuo Phi Psi
 669.00 -63.57 163.03
 670.00 -61.64 142.98
 671.00 -132.68 147.37
 672.00 -53.29 -25.82
 673.00 -64.32 -46.19
 674.00 -73.62 -40.73
 675.00 -70.74 -18.27
 676.00 -44.68 -47.24
 677.00 -69.41 -44.94
 678.00 -65.61 -40.10
 679.00 -67.46 -48.07
 680.00 -76.92 -14.05
 681.00 -75.54 116.45
 682.00 -66.61 165.14
 683.00 -74.20 174.17
 684.00 -113.25 155.33
 685.00 -91.77 127.30
 686.00 -73.54 144.30
 687.00  87.12 -31.02
 688.00 -53.42  15.48
 689.00 -142.90 163.78
 690.00 -78.63  93.97
 691.00 -79.63   0.90
 692.00 -86.84 -13.32
 693.00 -49.06 143.51
 694.00 -85.33 146.37
 695.00 -138.28 150.51
 696.00 -55.60 156.00
 697.00 -66.87 -45.92
 698.00 -60.20 -39.44
 699.00 -68.75 -54.88
 700.00 -63.43 -40.52
 701.00 -70.15 -39.59
 702.00 -69.47 -50.48
 703.00 -72.80 -17.33
 704.00 -58.85 -46.74
 705.00 -54.15 -49.26
 706.00 -70.00 -32.47
 707.00 -52.91 -39.33
 708.00 -60.86 -31.42
 709.00 -77.93 -51.84
 710.00 -53.74 -46.64
 711.00 -73.74 -29.40
 712.00 -61.91 -45.85
 713.00 -69.25 -34.72
 714.00 -65.27 -32.36
 715.00 -63.47 -45.81
 716.00 -54.82 -47.73
 717.00 -48.41 -50.95
 718.00 -60.01 -58.27
 719.00 -76.65 -20.14
 720.00 -136.36  -5.38
 721.00 -53.12  -2.49
 722.00 -66.63 132.98
 723.00  57.41 148.17
 724.00 -56.94  -6.71
 725.00 -68.06 -31.22
 726.00 -83.69  -4.51
 727.00 -75.32 -16.57
 728.00 -68.75 147.89
 729.00 -59.99 163.91
 730.00 -70.79 -41.63
 731.00 -62.18 -39.61
 732.00 -47.19 -49.73
 733.00 -68.28 -40.64
 734.00 -77.58 -30.50
 735.00 -57.61 -51.25
 736.00 -59.52 -40.99
 737.00 -64.22 -56.23
 738.00 -77.68 -35.53
 739.00 -69.17 -36.21
 740.00 -41.74 -17.73
 741.00 -60.99 -53.32
 742.00 -71.52 -54.05
 743.00 -71.73 -32.75
 744.00 -72.38 -50.01
 745.00 -70.04 -29.72
 746.00 -58.96 -49.60
 747.00 -56.21 -42.03
 748.00 -60.09 -49.39
 749.00 -46.68 -32.35
 750.00 -60.28 -59.14
 751.00 -55.30 -48.58
 752.00 -65.82 -33.00
 753.00 -70.21 -45.25
 754.00 -74.08 -54.08
 755.00 -104.49 -26.40
 756.00 -134.17 -37.25
 757.00  49.47  25.65
 758.00  58.16  28.26
 759.00 -73.80  -7.37
 760.00 -107.53 -21.32
 761.00 -88.85 158.26
 762.00 -109.82 137.74
 763.00 -71.93  80.09
 764.00 -153.23 -48.27
 765.00 -48.61 159.32
 766.00 -118.10 -18.34
 767.00 -133.24   0.27
 768.00 -80.31  62.21
 769.00 -108.28 134.09
 770.00 -92.15 117.19
 771.00 -66.48 -174.85
 772.00 -54.32 -25.52
 773.00 -52.20 -58.72
 774.00 -59.26 -39.28
 775.00 -74.07 -48.44
 776.00 -75.57 -38.07
 777.00 -61.17 -37.47
 778.00  51.16 -11.88
 779.00 -70.18  -1.65
 780.00 -66.61  29.13
 781.00 -65.81 -52.43
 782.00 -69.14 -32.55
 783.00 -70.37 -32.85
 784.00 -56.48 -45.52
 785.00 -62.49 -37.11
 786.00 -66.66 -44.67
 787.00 -51.15 -37.32
 788.00 -71.71 -41.83
 789.00 -66.47 -34.21
 790.00 -70.81 -44.95
 791.00 -61.15 -28.84
 792.00 -81.23 -14.45
 793.00 -61.93 -31.64
 794.00 -50.67 -44.93
 795.00 -67.19 -49.14
 796.00 -71.51 -39.31
 797.00  55.40 -18.26
 798.00 -73.81  52.04
 799.00 -75.76 121.48
 800.00 -63.06 156.59
 801.00 -67.74 -30.12
 802.00 -62.77 -39.29
 803.00 -61.01 -44.62
 804.00 -64.84 -63.60
 805.00 -81.29 -20.23
 806.00 -73.73 -31.86
 807.00 -67.82 -27.85
 808.00 -56.73 -36.46
 809.00 -59.29 -62.13
 810.00 -60.66 -24.19
 811.00 -64.65 -50.51
 812.00 -111.89 -14.29
 813.00 -134.54  42.23
 814.00 -133.29  -7.96
 815.00 -150.52 138.28
 816.00 -70.67 168.06
 817.00 -68.28 161.04
 818.00 -94.81 -30.05
 819.00  77.73  16.53
 820.00 -81.30 175.55
 821.00 -52.51 147.75
 822.00 -106.47 -32.76
 823.00 -63.77  42.53
 824.00 -64.99 -32.78
 825.00 -68.51 -52.67
 826.00 -72.31 -19.05
 827.00 -56.96 -55.74
 828.00 -62.56 -38.82
 829.00 -52.56 -52.44
 830.00 -74.56 -45.94
 831.00 -61.54 -35.90
 832.00 -62.44 -42.98
 833.00 -78.18 -44.94
 834.00 -67.78 -20.56
 835.00 -73.40 -42.07
 836.00 -62.81 -31.20
 837.00 -53.09 -50.88
 838.00 -48.10 -54.03
 839.00 -87.91 -27.39
 840.00 -105.75 -24.84
 841.00 -55.50 -10.52
 842.00 -76.21 127.57
 843.00 -86.08  38.46
 844.00 -71.44 154.83
 845.00 -66.35 118.21
 846.00 -76.35 -10.84
 847.00 -105.56  -8.70
 848.00 -69.24  86.25
 849.00 -93.62 -30.74
 850.00 -75.71  -7.79
 851.00 -72.64 -30.47
 852.00 -68.72 -39.79
 853.00 -59.77 -32.02
 854.00 -76.69 -46.98
 855.00 -70.87 -28.07
 856.00 -68.47 -39.49
 857.00 -60.40 -40.24
 858.00 -74.35 -37.62
 859.00 -79.64 -29.32
 860.00 -68.56 -42.90
 861.00 -67.86 -27.23
 862.00 -56.82 -45.96
 863.00 -75.50 -41.76
 864.00 -71.81 -17.76
 865.00 -63.43 -12.33
 866.00 -80.95 -44.00
 867.00 -58.87 -27.67
 868.00 -87.75 -32.22
 869.00 -56.49 -40.96
 870.00 -60.97 -47.52
 871.00 -58.01 -41.89
 872.00 -74.54 -47.74
 873.00 -50.44 -32.55
 874.00 -64.82 -56.39
 875.00 -62.14 -38.54
 876.00 -62.82 -46.46
 877.00 -72.11 -45.58
 878.00 -62.38 -34.49
 879.00 -80.47 -41.64
 880.00 -51.72 -46.50
 881.00 -65.94 -44.93
 882.00 -102.69 -22.96
 883.00 -41.01  -0.37
 884.00 -93.39 -32.24
 885.00 -73.75 -28.27
 886.00 -88.07 -35.95
 887.00  57.32  -5.07
 888.00 -67.57  18.28
 889.00 -88.17 136.03
 890.00 -131.75 144.49
 891.00 -67.16 118.97
 892.00 -55.10 132.66
 893.00 -59.62 -46.90
 894.00 -60.83 -50.64
 895.00 -61.30 -35.83
 896.00 -61.98 -38.00
 897.00 -60.68 -45.56
 898.00 -58.49 -47.16
 899.00 -69.79 -51.87
 900.00 -111.32 -26.26
 901.00 -80.63 -47.86
 902.00 -51.71 -36.19
 903.00 -54.60 -62.64
 904.00 -44.84 -44.64
 905.00 -74.97 -37.42
 906.00 -69.29 -53.24
 907.00 -71.05 -28.86
 908.00  81.52  -8.42
 909.00 -66.99   2.50
 910.00 -127.93 -14.34
 911.00 -139.38 133.40
 912.00 -71.00 131.06
 913.00 -85.28 153.31
 914.00 -67.07  94.59
 915.00 -135.62 159.08
 916.00 -101.10  -9.49
 917.00 -147.28 166.19


