 residuo Phi Psi
 669.00 -71.60 137.73
 670.00 -57.08 146.94
 671.00 -72.63 113.89
 672.00 -70.67 -41.55
 673.00 -48.83 -33.65
 674.00 -59.19 -57.74
 675.00 -62.04 -27.25
 676.00 -72.61 -44.10
 677.00 -59.11 -42.78
 678.00 -84.58 -32.12
 679.00 -88.43 -27.38
 680.00 -71.06   3.87
 681.00 -79.82 121.13
 682.00 -68.14 160.45
 683.00 -70.91 164.80
 684.00 -127.26 143.39
 685.00 -78.55 139.17
 686.00 -68.18 148.52
 687.00  71.82 -10.60
 688.00 -84.27  32.55
 689.00 -72.78 109.87
 690.00 -62.65  75.38
 691.00 -83.93  11.11
 692.00 -83.90 -20.56
 693.00 -55.70 146.77
 694.00 -64.59 130.51
 695.00 -130.56 138.41
 696.00 -43.70 156.09
 697.00 -81.60 -44.40
 698.00 -47.44 -42.65
 699.00 -62.60 -47.36
 700.00 -77.18 -49.91
 701.00 -72.50 -28.05
 702.00 -77.14 -26.43
 703.00 -70.29 -27.48
 704.00 -64.37 -40.30
 705.00 -64.06 -44.19
 706.00 -50.63 -50.18
 707.00 -71.22 -40.04
 708.00 -64.81 -27.23
 709.00 -61.69 -52.98
 710.00 -62.86 -34.08
 711.00 -62.80 -48.07
 712.00 -80.99 -22.09
 713.00 -67.28 -33.12
 714.00 -68.96 -27.93
 715.00 -61.42 -60.18
 716.00 -60.24 -28.89
 717.00 -62.75 -61.67
 718.00 -62.38 -36.91
 719.00 -69.77 -36.68
 720.00 -72.83 -31.55
 721.00 -68.53 -27.46
 722.00 -57.58 138.07
 723.00  76.33 127.83
 724.00 -51.67  -5.71
 725.00 -85.28 -34.79
 726.00 -67.13  10.79
 727.00 -80.80 -24.87
 728.00 -78.52 158.61
 729.00 -47.17 156.17
 730.00 -70.35 -43.89
 731.00 -83.24 -22.16
 732.00 -53.34 -41.11
 733.00 -72.66 -43.10
 734.00 -62.42 -40.66
 735.00 -70.41 -43.31
 736.00 -63.65 -28.32
 737.00 -63.59 -52.76
 738.00 -92.62 -16.23
 739.00 -80.00 -39.71
 740.00 -56.00  -9.88
 741.00 -67.34 -58.14
 742.00 -66.11 -39.44
 743.00 -51.42 -40.70
 744.00 -52.04 -69.82
 745.00 -64.66 -42.09
 746.00 -59.76 -40.12
 747.00 -56.31 -51.69
 748.00 -59.40 -44.70
 749.00 -64.18 -31.43
 750.00 -56.45 -45.60
 751.00 -56.22 -50.15
 752.00 -69.34 -45.63
 753.00 -73.44 -29.60
 754.00 -78.12 -34.08
 755.00 -79.87 -55.93
 756.00 -127.86 -42.62
 757.00  52.87  31.28
 758.00  59.74  32.45
 759.00 -71.79 -15.62
 760.00 -102.28 -31.62
 761.00 -85.83 153.27
 762.00 -113.47 133.42
 763.00 -56.53  74.42
 764.00 -147.97 -55.36
 765.00 -53.37 163.11
 766.00 -78.94 -44.93
 767.00 -142.40   1.85
 768.00 -94.58  70.87
 769.00 -107.31 139.29
 770.00 -82.20 118.89
 771.00 -52.83 172.54
 772.00 -69.45 -24.52
 773.00 -71.62 -42.27
 774.00 -56.90 -30.03
 775.00 -74.36 -39.50
 776.00 -76.19 -41.39
 777.00 -68.02 -40.41
 778.00  65.06 -15.41
 779.00 -119.49  25.63
 780.00 -63.76  31.02
 781.00 -71.25 -51.56
 782.00 -70.68 -35.57
 783.00 -67.18 -35.82
 784.00 -70.94 -31.73
 785.00 -66.54 -31.67
 786.00 -65.60 -38.64
 787.00 -64.22 -40.74
 788.00 -50.00 -41.54
 789.00 -64.62 -47.27
 790.00 -66.76 -37.96
 791.00 -64.97 -35.92
 792.00 -72.92 -29.11
 793.00 -51.39 -39.53
 794.00 -70.92 -42.67
 795.00 -74.52 -33.61
 796.00 -69.40 -41.66
 797.00  62.07 -22.07
 798.00 -51.36  43.79
 799.00 -89.06 126.93
 800.00 -63.47 159.63
 801.00 -80.64 -13.93
 802.00 -67.37 -49.41
 803.00 -62.29 -35.27
 804.00 -58.94 -45.72
 805.00 -73.67 -45.92
 806.00 -65.51 -39.59
 807.00 -70.03 -41.31
 808.00 -58.72 -31.09
 809.00 -65.65 -46.38
 810.00 -68.64 -27.56
 811.00 -72.19 -11.58
 812.00 -124.69 -21.33
 813.00 -148.41  55.51
 814.00 -166.91   7.70
 815.00 -149.64 130.90
 816.00 -46.75 163.05
 817.00 -59.06 144.03
 818.00 -93.01 -33.95
 819.00  95.29  -0.95
 820.00 -77.13 178.84
 821.00 -65.79 170.77
 822.00 -107.09 -28.70
 823.00 -63.54  43.45
 824.00 -66.86 -32.28
 825.00 -72.61 -38.47
 826.00 -61.47 -32.87
 827.00 -46.31 -52.89
 828.00 -72.51 -48.23
 829.00 -67.55 -26.94
 830.00 -53.76 -52.29
 831.00 -63.14 -40.37
 832.00 -53.38 -54.90
 833.00 -61.00 -49.73
 834.00 -62.76 -30.78
 835.00 -67.70 -52.32
 836.00 -67.24 -37.84
 837.00 -70.26 -27.31
 838.00 -56.94 -49.53
 839.00 -93.11 -18.24
 840.00 -140.67  -2.60
 841.00 -57.30  13.32
 842.00 -77.10 156.52
 843.00 -153.39  83.12
 844.00 -74.60 155.29
 845.00 -49.90 114.90
 846.00 -62.14 -41.98
 847.00 -112.99  -7.19
 848.00 -60.04  71.90
 849.00 -76.81 -31.97
 850.00 -66.88 -12.88
 851.00 -54.02 -56.44
 852.00 -61.80 -36.68
 853.00 -66.02 -41.02
 854.00 -62.45 -53.44
 855.00 -57.21 -36.74
 856.00 -65.00 -50.40
 857.00 -67.41 -35.04
 858.00 -68.45 -30.92
 859.00 -58.13 -52.23
 860.00 -48.41 -35.69
 861.00 -75.48 -47.94
 862.00 -60.40 -38.84
 863.00 -60.86 -53.30
 864.00 -66.11 -26.59
 865.00 -62.55 -15.44
 866.00 -66.77 -37.72
 867.00 -57.78 -37.54
 868.00 -63.38 -43.40
 869.00 -55.51 -53.71
 870.00 -66.03 -42.36
 871.00 -60.79 -37.34
 872.00 -80.20 -40.79
 873.00 -69.23 -25.96
 874.00 -67.92 -40.45
 875.00 -55.13 -36.99
 876.00 -67.47 -56.09
 877.00 -63.78 -35.48
 878.00 -70.72 -41.44
 879.00 -123.95   5.62
 880.00 -54.54 -41.80
 881.00 -53.99 -39.40
 882.00 -136.06 -19.97
 883.00 -48.80  19.19
 884.00 -82.35 -26.74
 885.00 -50.78 -48.13
 886.00 -98.51 -37.66
 887.00  59.92   9.11
 888.00 -123.13  34.68
 889.00 -99.00 125.18
 890.00 -114.93 135.91
 891.00 -77.95 124.35
 892.00 -60.84 135.63
 893.00 -59.77 -51.62
 894.00 -82.16 -29.63
 895.00 -59.19 -37.77
 896.00 -68.33 -41.27
 897.00 -61.43 -28.74
 898.00 -58.29 -58.25
 899.00 -76.38 -53.24
 900.00 -94.66 -14.99
 901.00 -95.15 -47.39
 902.00 -61.81 -29.82
 903.00 -46.74 -45.11
 904.00 -71.45 -33.57
 905.00 -69.97 -39.94
 906.00 -71.31 -42.56
 907.00 -73.65 -38.46
 908.00  90.66 -16.19
 909.00 -73.16  -2.24
 910.00 -115.79 -22.02
 911.00 -149.83 142.35
 912.00 -79.81 146.02
 913.00 -102.53 162.99
 914.00 -116.48 128.40
 915.00 -78.75 141.56
 916.00 -89.19 -46.07
 917.00 -64.59  59.31


