 residuo Phi Psi
 669.00 -109.39 125.12
 670.00 -53.72 145.18
 671.00 -147.84 130.84
 672.00 -58.49 -14.41
 673.00 -72.72 -33.75
 674.00 -78.82 -31.91
 675.00 -66.65 -37.80
 676.00 -64.34 -44.91
 677.00 -59.53 -33.14
 678.00 -68.82 -44.47
 679.00 -97.34 -33.40
 680.00 -71.87  -4.75
 681.00 -75.61 127.74
 682.00 -53.99 153.48
 683.00 -68.68 163.71
 684.00 -117.89 145.31
 685.00 -93.40 145.27
 686.00 -75.84 145.88
 687.00  84.67 -19.75
 688.00 -74.82  15.09
 689.00 -86.79 141.45
 690.00 -80.93 100.56
 691.00 -69.21  -0.32
 692.00 -95.17 -19.41
 693.00 -69.11 145.69
 694.00 -65.37 139.68
 695.00 -144.65 136.90
 696.00 -52.83 159.06
 697.00 -67.59 -43.16
 698.00 -77.73 -44.75
 699.00 -52.12 -39.32
 700.00 -92.49 -52.34
 701.00 -67.92 -15.77
 702.00 -61.07 -38.53
 703.00 -71.91 -40.39
 704.00 -53.88 -41.66
 705.00 -74.91 -41.27
 706.00 -42.80 -43.68
 707.00 -61.52 -41.47
 708.00 -72.71 -45.63
 709.00 -49.86 -39.94
 710.00 -81.03 -34.82
 711.00 -64.94 -48.18
 712.00 -60.10 -38.89
 713.00 -81.53 -36.26
 714.00 -66.99 -25.51
 715.00 -66.55 -38.42
 716.00 -69.98 -33.90
 717.00 -55.21 -43.45
 718.00 -59.11 -47.29
 719.00 -66.49 -40.40
 720.00 -118.55  -8.85
 721.00 -65.15  -6.61
 722.00 -56.04 130.68
 723.00  70.50 143.30
 724.00 -58.09 -20.70
 725.00 -75.67 -24.13
 726.00 -62.55   6.27
 727.00 -86.24 -28.70
 728.00 -63.94 152.85
 729.00 -61.18 149.27
 730.00 -81.78 -25.57
 731.00 -55.17 -36.91
 732.00 -63.60 -41.98
 733.00 -63.90 -44.11
 734.00 -60.85 -45.29
 735.00 -75.01 -46.23
 736.00 -65.19 -19.79
 737.00 -62.00 -56.29
 738.00 -97.14 -22.07
 739.00 -63.23 -44.11
 740.00 -54.60 -15.99
 741.00 -74.45 -37.31
 742.00 -64.55 -61.31
 743.00 -59.38 -35.82
 744.00 -80.10 -46.46
 745.00 -70.16 -19.47
 746.00 -68.16 -51.37
 747.00 -61.16 -33.45
 748.00 -73.35 -39.49
 749.00 -46.03 -40.84
 750.00 -58.55 -50.39
 751.00 -51.37 -62.05
 752.00 -69.38 -38.65
 753.00 -68.75 -32.41
 754.00 -101.49 -26.66
 755.00 -82.39 -49.55
 756.00 -148.49 -19.66
 757.00  53.28  14.06
 758.00  71.80  39.39
 759.00 -60.33  -4.96
 760.00 -144.71 -30.85
 761.00 -89.94 169.29
 762.00 -88.65  99.72
 763.00 -60.67  77.71
 764.00 -160.58 -40.90
 765.00 -60.56 160.05
 766.00 -102.45 -19.85
 767.00 -136.50  -8.50
 768.00 -97.43  85.30
 769.00 -99.63 145.11
 770.00 -71.14 111.06
 771.00 -59.38 173.39
 772.00 -51.61 -47.29
 773.00 -54.41 -48.90
 774.00 -71.58 -29.15
 775.00 -58.27 -46.23
 776.00 -66.51 -42.40
 777.00 -87.27 -36.23
 778.00  57.59   4.93
 779.00 -115.34  29.99
 780.00 -67.45  37.94
 781.00 -75.59 -60.18
 782.00 -54.21 -28.87
 783.00 -77.03 -40.36
 784.00 -61.94 -29.61
 785.00 -64.86 -44.34
 786.00 -59.73 -41.79
 787.00 -72.52 -36.17
 788.00 -72.48 -31.13
 789.00 -76.04 -20.45
 790.00 -72.35 -38.23
 791.00 -61.36 -34.16
 792.00 -83.79 -26.84
 793.00 -54.08 -25.32
 794.00 -78.26 -25.57
 795.00 -65.18 -32.38
 796.00 -74.66 -32.60
 797.00  56.44 -43.17
 798.00 -50.13  40.38
 799.00 -71.57 122.79
 800.00 -66.30 156.27
 801.00 -66.68 -29.82
 802.00 -77.68 -34.43
 803.00 -53.43 -41.85
 804.00 -66.43 -42.11
 805.00 -92.06 -26.09
 806.00 -60.02 -36.91
 807.00 -64.89 -44.66
 808.00 -51.46 -40.95
 809.00 -63.09 -48.99
 810.00 -54.67 -28.59
 811.00 -73.61 -21.01
 812.00 -95.98 -37.65
 813.00 -125.16  47.64
 814.00 -161.17   9.44
 815.00 -139.73 133.06
 816.00 -76.98 164.56
 817.00 -49.46 140.59
 818.00 -82.56 -36.05
 819.00  78.93  -3.34
 820.00 -74.25 153.26
 821.00 -70.54 172.29
 822.00 -91.59 -51.60
 823.00 -67.95  56.13
 824.00 -72.79 -29.84
 825.00 -68.56 -39.18
 826.00 -70.29 -32.06
 827.00 -49.05 -51.77
 828.00 -61.51 -52.70
 829.00 -76.12 -44.87
 830.00 -63.52 -26.77
 831.00 -56.38 -51.32
 832.00 -66.63 -44.79
 833.00 -67.22 -39.93
 834.00 -62.59 -36.51
 835.00 -69.42 -41.75
 836.00 -73.71 -38.20
 837.00 -73.50 -31.11
 838.00 -58.21 -38.53
 839.00 -78.86 -30.23
 840.00 -113.44 -23.48
 841.00 -51.85 -15.86
 842.00 -74.98 142.34
 843.00 -160.14 113.73
 844.00 -63.48 157.18
 845.00 -56.20  82.41
 846.00 -56.07 -28.06
 847.00 -141.79 -24.80
 848.00 -76.36  87.41
 849.00 -67.78   4.79
 850.00 -54.85 -18.62
 851.00 -81.05 -37.65
 852.00 -54.52 -37.82
 853.00 -66.14 -42.47
 854.00 -70.47 -44.73
 855.00 -60.26 -34.97
 856.00 -61.53 -48.15
 857.00 -62.63 -47.07
 858.00 -74.60 -37.78
 859.00 -66.44 -37.38
 860.00 -66.98 -24.44
 861.00 -66.75 -47.26
 862.00 -79.80 -25.43
 863.00 -63.60 -44.03
 864.00 -78.23 -28.32
 865.00 -74.65   1.33
 866.00 -67.05 -30.90
 867.00 -73.75 -35.15
 868.00 -66.07 -25.82
 869.00 -59.16 -57.48
 870.00 -68.53 -33.27
 871.00 -79.42 -30.58
 872.00 -83.15 -28.45
 873.00 -56.15 -37.48
 874.00 -76.05 -38.48
 875.00 -65.66 -41.42
 876.00 -67.80 -38.61
 877.00 -57.55 -42.18
 878.00 -51.80 -57.63
 879.00 -82.33 -32.66
 880.00 -59.53 -36.84
 881.00 -70.48 -47.36
 882.00 -121.02  -1.17
 883.00 -62.20  11.16
 884.00 -48.91 -55.03
 885.00 -73.90 -38.13
 886.00 -112.77 -21.18
 887.00  62.17   7.87
 888.00 -101.44  35.13
 889.00 -84.99 122.85
 890.00 -106.81 133.48
 891.00 -76.70 153.63
 892.00 -59.61 143.95
 893.00 -61.52 -39.02
 894.00 -64.92 -49.55
 895.00 -65.63 -38.66
 896.00 -59.76 -33.10
 897.00 -66.62 -48.08
 898.00 -74.03 -37.97
 899.00 -80.97 -41.33
 900.00 -108.25 -29.05
 901.00 -83.83 -45.93
 902.00 -63.12 -44.70
 903.00 -60.55 -35.63
 904.00 -76.72 -21.13
 905.00 -82.65 -30.50
 906.00 -54.46 -40.10
 907.00 -89.54 -49.17
 908.00  93.42  18.33
 909.00 -65.27 -18.88
 910.00 -122.06 -26.31
 911.00 -143.67 121.53
 912.00 -57.88 163.31
 913.00 -95.28 146.77
 914.00 -77.47  95.70
 915.00 -119.02 160.92
 916.00 -142.32 -14.64
 917.00 -83.71 157.71


