 residuo Phi Psi
 669.00 -70.11 102.68
 670.00 -52.90 141.21
 671.00 -66.36 145.91
 672.00 -56.31 -33.02
 673.00 -73.72 -30.06
 674.00 -59.17 -35.59
 675.00 -67.88 -31.48
 676.00 -61.72 -43.03
 677.00 -82.36 -27.85
 678.00 -59.54 -35.28
 679.00 -92.17 -38.31
 680.00 -80.79   0.38
 681.00 -63.68 122.53
 682.00 -86.25 146.05
 683.00 -66.39 160.88
 684.00 -108.35 139.41
 685.00 -82.91 146.47
 686.00 -98.40 154.11
 687.00  80.21  -5.27
 688.00 -72.97   7.19
 689.00 -132.81 153.58
 690.00 -70.18 110.83
 691.00 -63.41  -9.25
 692.00 -107.39 -17.11
 693.00 -68.42 155.71
 694.00 -80.96 128.80
 695.00 -141.42 146.23
 696.00 -63.42 174.00
 697.00 -73.35 -49.44
 698.00 -75.90 -32.08
 699.00 -64.59 -37.56
 700.00 -73.17 -43.38
 701.00 -57.32 -36.92
 702.00 -67.39 -40.28
 703.00 -66.87 -37.84
 704.00 -69.73 -38.23
 705.00 -68.67 -29.42
 706.00 -56.01 -51.38
 707.00 -61.39 -34.33
 708.00 -62.65 -47.48
 709.00 -76.18 -30.14
 710.00 -65.63 -41.08
 711.00 -63.78 -30.82
 712.00 -62.62 -42.51
 713.00 -48.71 -45.40
 714.00 -54.24 -55.49
 715.00 -79.41 -38.15
 716.00 -66.81 -31.00
 717.00 -66.83 -41.34
 718.00 -47.85 -46.33
 719.00 -62.24 -56.55
 720.00 -102.39 -18.41
 721.00 -86.77   1.03
 722.00 -58.59 141.90
 723.00  76.83 136.59
 724.00 -58.27 -17.85
 725.00 -55.79 -33.37
 726.00 -58.91 -36.67
 727.00 -81.84 -18.90
 728.00 -61.07 148.72
 729.00 -45.81 143.11
 730.00 -58.25 -42.92
 731.00 -84.46 -36.85
 732.00 -64.00 -37.52
 733.00 -58.62 -45.99
 734.00 -75.03 -30.32
 735.00 -60.93 -61.26
 736.00 -63.45 -26.77
 737.00 -56.75 -57.23
 738.00 -81.52 -41.17
 739.00 -95.21 -23.52
 740.00 -69.98 -12.95
 741.00 -46.50 -39.73
 742.00 -56.58 -57.70
 743.00 -52.27 -54.34
 744.00 -65.32 -49.73
 745.00 -69.52 -44.27
 746.00 -63.16 -37.77
 747.00 -62.37 -49.95
 748.00 -67.01 -29.49
 749.00 -55.19 -42.90
 750.00 -63.59 -45.59
 751.00 -69.31 -42.13
 752.00 -63.60 -41.67
 753.00 -46.86 -50.96
 754.00 -77.88 -54.90
 755.00 -91.76 -38.11
 756.00 -162.26 -17.32
 757.00  54.64  33.05
 758.00  74.88  18.64
 759.00 -65.64   2.75
 760.00 -110.07 -61.10
 761.00 -84.81 152.21
 762.00 -77.96 111.63
 763.00 -42.13  49.82
 764.00 -140.78 -55.13
 765.00 -67.00 166.90
 766.00 -87.04 -38.92
 767.00 -88.94 -50.49
 768.00 -84.44  63.13
 769.00 -90.68 127.18
 770.00 -51.44  82.78
 771.00 -76.47 174.18
 772.00 -76.14 -24.05
 773.00 -63.95 -40.20
 774.00 -67.65 -28.36
 775.00 -84.91 -35.28
 776.00 -64.40 -47.75
 777.00 -82.86 -32.64
 778.00  55.44  -1.05
 779.00 -122.50  41.10
 780.00 -73.68  19.34
 781.00 -55.83 -42.94
 782.00 -76.24 -35.84
 783.00 -62.79 -37.87
 784.00 -63.72 -39.61
 785.00 -64.42 -41.08
 786.00 -59.71 -42.23
 787.00 -56.84 -33.88
 788.00 -67.09 -39.23
 789.00 -77.69 -35.35
 790.00 -66.53 -39.78
 791.00 -65.55 -31.40
 792.00 -72.65 -38.38
 793.00 -55.94 -24.16
 794.00 -77.54 -40.04
 795.00 -53.68 -42.02
 796.00 -105.18 -36.56
 797.00  41.81   1.81
 798.00 -65.88  52.71
 799.00 -86.36 126.99
 800.00 -58.19 163.52
 801.00 -82.50 -28.82
 802.00 -58.15 -40.25
 803.00 -53.97 -55.94
 804.00 -56.65 -51.32
 805.00 -71.09 -55.67
 806.00 -74.15 -29.95
 807.00 -65.86 -35.02
 808.00 -62.28 -35.16
 809.00 -72.36 -46.79
 810.00 -58.10 -21.63
 811.00 -73.79 -16.99
 812.00 -96.11 -32.72
 813.00 -116.30  17.06
 814.00 -146.90   7.86
 815.00 -153.33 128.91
 816.00 -64.76 162.83
 817.00 -63.79 160.99
 818.00 -63.78 -42.97
 819.00  58.82   4.19
 820.00 -92.69 -176.06
 821.00 -66.81 160.90
 822.00 -99.56 -41.07
 823.00 -60.26  41.54
 824.00 -58.92 -38.86
 825.00 -81.47 -34.07
 826.00 -77.05 -28.14
 827.00 -53.48 -35.75
 828.00 -55.64 -47.88
 829.00 -47.09 -57.01
 830.00 -50.91 -53.33
 831.00 -62.30 -47.17
 832.00 -59.86 -38.35
 833.00 -68.49 -49.28
 834.00 -68.20 -28.09
 835.00 -57.57 -49.73
 836.00 -69.32 -32.94
 837.00 -62.95 -47.44
 838.00 -42.64 -45.09
 839.00 -79.56 -34.98
 840.00 -108.81 -30.25
 841.00 -62.00  11.16
 842.00 -88.65 139.39
 843.00 -55.08   9.95
 844.00 -52.75 151.34
 845.00 -61.37 143.23
 846.00 -70.55 -36.31
 847.00 -126.22  -5.34
 848.00 -52.23  49.02
 849.00 -71.61 -25.71
 850.00 -65.16 -47.03
 851.00 -51.96 -34.89
 852.00 -70.21 -37.49
 853.00 -45.11 -51.46
 854.00 -79.79 -41.28
 855.00 -55.13 -40.74
 856.00 -55.44 -40.49
 857.00 -56.83 -45.76
 858.00 -67.08 -43.34
 859.00 -73.41 -41.29
 860.00 -64.60 -32.10
 861.00 -63.26 -52.52
 862.00 -68.54 -28.95
 863.00 -64.06 -45.43
 864.00 -74.05 -26.77
 865.00 -75.01  -8.26
 866.00 -62.99 -29.55
 867.00 -67.80 -45.24
 868.00 -95.38  -5.60
 869.00 -56.01 -46.97
 870.00 -63.26 -44.02
 871.00 -60.15 -49.77
 872.00 -63.93 -45.15
 873.00 -67.59 -38.63
 874.00 -58.88 -44.26
 875.00 -60.27 -49.03
 876.00 -70.44 -44.71
 877.00 -62.01 -33.98
 878.00 -86.68 -35.88
 879.00 -87.30  -4.52
 880.00 -56.11 -41.05
 881.00 -58.09 -49.91
 882.00 -134.82  -0.58
 883.00 -54.57  20.24
 884.00 -67.60 -44.32
 885.00 -57.13 -38.16
 886.00 -94.77 -42.09
 887.00  52.80  -4.59
 888.00 -95.86  39.50
 889.00 -74.31 127.84
 890.00 -144.60 144.95
 891.00 -65.39 112.40
 892.00 -53.47 130.17
 893.00 -78.47 -37.47
 894.00 -91.35 -26.34
 895.00 -74.82 -32.67
 896.00 -61.57 -22.86
 897.00 -56.92 -52.80
 898.00 -60.96 -43.65
 899.00 -75.95 -45.21
 900.00 -93.83 -38.37
 901.00 -84.00 -50.72
 902.00 -69.33 -33.81
 903.00 -55.94 -37.45
 904.00 -55.03 -38.33
 905.00 -83.09 -31.85
 906.00 -84.12 -35.49
 907.00 -78.70 -36.38
 908.00 109.47 -22.61
 909.00 -75.02   8.71
 910.00 -128.76 -11.20
 911.00 -136.25 130.37
 912.00 -70.56 151.91
 913.00 -105.32 163.46
 914.00 -80.56 100.32
 915.00 -71.34 142.14
 916.00 -90.07 -51.77
 917.00 -54.73 148.71


