 residuo Phi Psi
 669.00 -53.19 130.35
 670.00 -64.64 155.89
 671.00 -145.50 126.90
 672.00 -58.48  -6.38
 673.00 -64.31 -53.33
 674.00 -71.84 -27.24
 675.00 -70.46 -43.32
 676.00 -58.15 -49.41
 677.00 -79.05 -34.03
 678.00 -61.80 -38.54
 679.00 -72.63 -43.91
 680.00 -71.25 -12.48
 681.00 -73.03 115.87
 682.00 -72.43 163.09
 683.00 -60.20 145.28
 684.00 -84.83 128.13
 685.00 -99.83 149.85
 686.00 -79.27 147.46
 687.00  73.96 -14.64
 688.00 -76.24  18.20
 689.00 -142.78 157.14
 690.00 -77.66  99.81
 691.00 -82.50  19.04
 692.00 -97.46 -20.46
 693.00 -63.90 139.91
 694.00 -68.52 123.75
 695.00 -152.19 169.12
 696.00 -42.86 164.42
 697.00 -70.27 -52.78
 698.00 -61.00 -50.95
 699.00 -52.69 -50.83
 700.00 -65.87 -57.50
 701.00 -72.35 -29.80
 702.00 -61.29 -45.73
 703.00 -69.63 -28.22
 704.00 -52.43 -52.78
 705.00 -64.09 -41.22
 706.00 -55.59 -40.20
 707.00 -64.72 -37.63
 708.00 -67.82 -31.20
 709.00 -64.96 -46.61
 710.00 -73.17 -39.49
 711.00 -67.87 -29.97
 712.00 -55.29 -46.95
 713.00 -63.50 -44.58
 714.00 -53.36 -44.24
 715.00 -65.25 -45.96
 716.00 -68.58 -49.91
 717.00 -80.71 -21.90
 718.00 -71.78 -35.53
 719.00 -69.07 -29.45
 720.00 -109.08  -9.82
 721.00 -63.48  -6.57
 722.00 -61.93 135.76
 723.00  71.03 152.86
 724.00 -55.50  -6.40
 725.00 -74.42 -38.46
 726.00 -69.62   4.52
 727.00 -71.85 -49.57
 728.00 -77.96 152.79
 729.00 -52.03 149.29
 730.00 -66.60 -32.83
 731.00 -52.81 -54.80
 732.00 -71.36 -38.63
 733.00 -75.73 -38.23
 734.00 -72.71 -28.44
 735.00 -54.47 -44.18
 736.00 -55.40 -48.74
 737.00 -70.70 -51.99
 738.00 -99.31 -16.06
 739.00 -80.78 -34.83
 740.00 -63.14  -2.48
 741.00 -59.06 -56.09
 742.00 -70.94 -53.09
 743.00 -67.70 -28.23
 744.00 -57.96 -53.68
 745.00 -55.94 -40.35
 746.00 -53.74 -54.46
 747.00 -77.32 -40.62
 748.00 -64.77 -34.27
 749.00 -56.84 -36.56
 750.00 -61.41 -48.26
 751.00 -59.33 -49.62
 752.00 -75.82 -33.42
 753.00 -71.57 -33.38
 754.00 -69.23 -51.20
 755.00 -88.01 -34.03
 756.00 -105.00 -76.19
 757.00  54.14  37.56
 758.00  66.72  18.50
 759.00 -72.92  -1.57
 760.00 -128.79 -21.33
 761.00 -96.32 169.16
 762.00 -94.91 117.81
 763.00 -69.78  82.97
 764.00 -150.59 -49.82
 765.00 -56.45 159.41
 766.00 -78.30 -38.93
 767.00 -126.53 -20.62
 768.00 -101.23  79.59
 769.00 -105.59 135.48
 770.00 -82.67 110.66
 771.00 -65.85 -171.31
 772.00 -48.86 -36.40
 773.00 -69.77 -48.02
 774.00 -57.57 -39.08
 775.00 -71.28 -45.16
 776.00 -61.63 -48.83
 777.00 -68.62 -36.01
 778.00  69.10 -16.95
 779.00 -141.50  41.94
 780.00 -40.56  27.44
 781.00 -52.38 -57.40
 782.00 -65.24 -51.13
 783.00 -66.05 -38.91
 784.00 -67.63 -38.48
 785.00 -62.57 -34.68
 786.00 -59.61 -48.70
 787.00 -69.59 -36.89
 788.00 -76.59 -30.48
 789.00 -75.16 -22.10
 790.00 -80.97 -28.90
 791.00 -57.84 -36.72
 792.00 -62.70 -40.24
 793.00 -65.03 -34.43
 794.00 -75.47 -31.51
 795.00 -69.46 -31.85
 796.00 -71.86 -52.43
 797.00  51.24 -20.46
 798.00 -70.88  68.48
 799.00 -78.82 131.00
 800.00 -63.97 154.06
 801.00 -72.89 -19.87
 802.00 -67.68 -50.63
 803.00 -59.81 -29.15
 804.00 -69.77 -49.18
 805.00 -71.09 -34.38
 806.00 -69.90 -35.90
 807.00 -63.85 -44.48
 808.00 -67.71 -26.12
 809.00 -57.98 -60.34
 810.00 -71.91 -21.04
 811.00 -71.51 -17.24
 812.00 -123.59 -24.02
 813.00 -130.27  58.71
 814.00 -156.89   5.10
 815.00 -126.92 120.44
 816.00 -54.47 149.22
 817.00 -75.24 150.46
 818.00 -95.50 -30.72
 819.00  86.71  20.92
 820.00 -68.68 158.76
 821.00 -58.02 165.61
 822.00 -125.46 -34.99
 823.00 -66.27  76.98
 824.00 -55.54 -30.01
 825.00 -78.69 -28.48
 826.00 -79.61 -21.08
 827.00 -61.08 -40.80
 828.00 -71.99 -47.64
 829.00 -65.71 -36.60
 830.00 -50.48 -51.64
 831.00 -59.68 -47.71
 832.00 -62.14 -37.68
 833.00 -82.19 -36.89
 834.00 -66.21 -28.09
 835.00 -67.69 -40.15
 836.00 -80.39 -22.77
 837.00 -58.01 -39.82
 838.00 -56.73 -26.47
 839.00 -119.77 -29.70
 840.00 -77.37 -30.26
 841.00 -68.90  -8.84
 842.00 -90.51 148.84
 843.00 -147.40 111.58
 844.00 -76.35 160.43
 845.00 -60.70  82.91
 846.00 -56.16 -26.79
 847.00 -101.39 -22.48
 848.00 -53.35  96.64
 849.00 -66.08 -35.03
 850.00 -63.26 -29.78
 851.00 -63.41 -37.53
 852.00 -48.89 -42.93
 853.00 -59.16 -56.34
 854.00 -56.40 -43.47
 855.00 -52.96 -44.41
 856.00 -62.93 -50.62
 857.00 -62.29 -38.30
 858.00 -58.94 -51.40
 859.00 -67.58 -45.02
 860.00 -61.20 -37.43
 861.00 -62.56 -33.23
 862.00 -62.45 -52.00
 863.00 -56.82 -36.22
 864.00 -90.89 -31.38
 865.00 -76.48  -3.33
 866.00 -57.93 -32.89
 867.00 -73.80 -40.94
 868.00 -68.06 -27.94
 869.00 -60.92 -43.72
 870.00 -60.23 -45.53
 871.00 -60.30 -41.62
 872.00 -66.15 -45.82
 873.00 -54.71 -47.04
 874.00 -84.59 -23.43
 875.00 -54.14 -38.00
 876.00 -70.04 -52.41
 877.00 -54.62 -39.33
 878.00 -68.67 -37.05
 879.00 -54.23 -43.16
 880.00 -63.60 -40.80
 881.00 -58.56 -44.13
 882.00 -94.69 -35.73
 883.00 -61.78  -3.17
 884.00 -75.82 -26.51
 885.00 -81.91 -28.01
 886.00 -78.29 -34.37
 887.00  40.91  -9.86
 888.00 -77.76  37.06
 889.00 -96.57 139.48
 890.00 -129.99 141.71
 891.00 -65.05 133.37
 892.00 -51.46 147.13
 893.00 -73.03 -52.44
 894.00 -62.35 -32.20
 895.00 -70.51 -47.39
 896.00 -46.84 -36.18
 897.00 -67.04 -59.42
 898.00 -73.34 -33.77
 899.00 -106.09 -28.96
 900.00 -119.80 -21.93
 901.00 -84.58 -43.30
 902.00 -54.82 -56.47
 903.00 -60.18 -33.88
 904.00 -53.41 -31.97
 905.00 -74.87 -39.20
 906.00 -79.72 -47.95
 907.00 -123.66   2.26
 908.00  81.61  14.06
 909.00 -117.07  22.74
 910.00 -119.91  -9.25
 911.00 -142.70 137.65
 912.00 -50.66 137.79
 913.00 -115.55 156.88
 914.00 -108.60 127.44
 915.00 -81.53 141.36
 916.00 -123.92 -31.65
 917.00 -137.25 172.10


