 residuo Phi Psi
 669.00 -97.52 153.43
 670.00 -67.94 162.91
 671.00 -62.01 151.52
 672.00 -57.96 -32.31
 673.00 -62.28 -33.61
 674.00 -74.11 -35.65
 675.00 -69.09 -26.78
 676.00 -60.70 -43.42
 677.00 -80.22 -35.27
 678.00 -75.41 -22.18
 679.00 -57.51 -53.57
 680.00 -41.44 -29.53
 681.00 -76.82 120.62
 682.00 -63.74 161.71
 683.00 -66.39 175.06
 684.00 -118.97 152.91
 685.00 -111.01 139.30
 686.00 -93.36 153.65
 687.00  79.44 -13.09
 688.00 -87.49  15.67
 689.00 -93.58 116.13
 690.00 -54.82  73.59
 691.00 -50.24  -5.47
 692.00 -77.15 -42.41
 693.00 -54.16 149.33
 694.00 -67.23 133.67
 695.00 -148.87 148.01
 696.00 -50.58 147.05
 697.00 -61.37 -43.58
 698.00 -66.18 -45.97
 699.00 -48.28 -56.76
 700.00 -67.27 -60.19
 701.00 -62.35 -33.98
 702.00 -64.29 -41.41
 703.00 -58.29 -40.21
 704.00 -58.14 -45.34
 705.00 -51.92 -50.91
 706.00 -63.92 -48.96
 707.00 -64.19 -24.64
 708.00 -81.64 -26.11
 709.00 -59.79 -50.59
 710.00 -61.29 -44.77
 711.00 -71.80 -42.62
 712.00 -73.19 -28.37
 713.00 -82.36 -30.86
 714.00 -66.12 -20.09
 715.00 -65.47 -43.18
 716.00 -72.00 -29.17
 717.00 -57.17 -52.72
 718.00 -66.63 -46.89
 719.00 -64.34 -23.13
 720.00 -131.36  -9.14
 721.00 -74.48   6.91
 722.00 -52.06 123.45
 723.00  68.91 131.44
 724.00 -80.49   1.00
 725.00 -77.19 -17.86
 726.00 -72.52  -3.62
 727.00 -95.84  -2.48
 728.00 -60.39 148.45
 729.00 -63.80 151.45
 730.00 -55.17 -38.71
 731.00 -80.34 -40.46
 732.00 -66.16 -22.48
 733.00 -72.61 -55.00
 734.00 -60.38 -32.81
 735.00 -66.77 -56.24
 736.00 -61.89 -25.86
 737.00 -65.20 -50.90
 738.00 -78.49 -36.04
 739.00 -88.64 -35.85
 740.00 -34.05  -7.68
 741.00 -71.23 -59.85
 742.00 -75.66 -29.29
 743.00 -64.80 -43.78
 744.00 -61.02 -48.86
 745.00 -78.25 -33.16
 746.00 -63.89 -38.39
 747.00 -79.40 -34.90
 748.00 -61.76 -43.86
 749.00 -55.78 -29.64
 750.00 -70.73 -47.78
 751.00 -67.92 -36.71
 752.00 -60.28 -41.31
 753.00 -66.39 -38.25
 754.00 -86.00 -49.73
 755.00 -92.55 -23.77
 756.00 -146.75 -36.02
 757.00  45.19  32.82
 758.00  62.20  46.01
 759.00 -79.77 -10.40
 760.00 -129.31 -25.77
 761.00 -95.65 168.03
 762.00 -96.86 111.44
 763.00 -70.64  70.91
 764.00 -150.27 -46.76
 765.00 -64.93 168.51
 766.00 -95.31 -23.39
 767.00 -130.67 -16.53
 768.00 -97.79  82.14
 769.00 -86.86 130.00
 770.00 -73.97 111.18
 771.00 -57.77 170.24
 772.00 -72.30 -27.69
 773.00 -62.75 -42.90
 774.00 -63.15 -34.36
 775.00 -53.68 -44.26
 776.00 -53.38 -64.07
 777.00 -77.84 -38.33
 778.00  51.42   2.77
 779.00 -124.95  29.30
 780.00 -68.91  27.12
 781.00 -64.26 -45.19
 782.00 -61.17 -41.04
 783.00 -64.48 -39.18
 784.00 -45.16 -45.82
 785.00 -66.02 -48.03
 786.00 -68.65 -44.13
 787.00 -64.48 -34.92
 788.00 -63.44 -50.85
 789.00 -66.72 -31.08
 790.00 -54.40 -43.48
 791.00 -73.88 -47.11
 792.00 -75.30  -9.06
 793.00 -64.87 -25.31
 794.00 -85.79 -31.49
 795.00 -65.36 -31.41
 796.00 -88.15 -45.05
 797.00  24.59  16.08
 798.00 -88.71  64.71
 799.00 -84.15 141.94
 800.00 -57.24 161.54
 801.00 -69.06 -38.70
 802.00 -59.15 -50.98
 803.00 -50.58 -41.08
 804.00 -62.68 -55.23
 805.00 -72.19 -35.58
 806.00 -67.91 -32.96
 807.00 -61.96 -35.22
 808.00 -67.42 -38.87
 809.00 -67.83 -36.42
 810.00 -74.37 -24.73
 811.00 -77.28 -13.67
 812.00 -110.94 -26.52
 813.00 -134.16  53.75
 814.00 -150.20   1.42
 815.00 -133.93 114.92
 816.00 -58.62 160.70
 817.00 -57.38 138.33
 818.00 -102.74 -18.78
 819.00  80.12   9.97
 820.00 -74.80 155.52
 821.00 -47.95 155.28
 822.00 -95.81 -39.13
 823.00 -53.60  27.92
 824.00 -63.63 -36.76
 825.00 -65.09 -43.74
 826.00 -70.15 -39.67
 827.00 -62.63 -40.87
 828.00 -71.81 -36.68
 829.00 -67.42 -43.03
 830.00 -55.02 -43.59
 831.00 -72.29 -43.37
 832.00 -63.11 -26.38
 833.00 -78.27 -41.94
 834.00 -70.20 -15.04
 835.00 -66.82 -52.22
 836.00 -69.87 -41.88
 837.00 -62.60 -40.47
 838.00 -49.90 -45.40
 839.00 -77.75 -31.47
 840.00 -108.01 -36.04
 841.00 -48.48  -4.15
 842.00 -69.55 139.79
 843.00 -118.35  68.15
 844.00 -74.92 154.00
 845.00 -61.66  97.92
 846.00 -60.38 -38.58
 847.00 -130.66 -20.59
 848.00 -46.67  79.21
 849.00 -66.03 -21.30
 850.00 -64.42 -21.95
 851.00 -72.19 -34.85
 852.00 -61.80 -52.24
 853.00 -67.51 -30.53
 854.00 -63.92 -49.68
 855.00 -53.69 -53.08
 856.00 -70.85 -42.12
 857.00 -70.71 -29.77
 858.00 -65.02 -29.54
 859.00 -62.46 -50.52
 860.00 -67.23 -30.38
 861.00 -60.29 -44.33
 862.00 -76.98 -36.58
 863.00 -66.28 -42.55
 864.00 -65.41 -29.47
 865.00 -66.48 -20.54
 866.00 -78.42 -31.81
 867.00 -53.10 -33.53
 868.00 -79.87 -29.21
 869.00 -56.49 -41.49
 870.00 -68.06 -45.70
 871.00 -51.76 -47.14
 872.00 -69.43 -46.27
 873.00 -54.14 -38.51
 874.00 -60.09 -52.15
 875.00 -67.84 -36.40
 876.00 -81.87 -43.65
 877.00 -57.52 -37.14
 878.00 -67.80 -52.73
 879.00 -84.29 -18.67
 880.00 -65.23 -44.98
 881.00 -55.76 -41.51
 882.00 -109.20 -25.77
 883.00 -54.26  11.51
 884.00 -74.93 -45.50
 885.00 -81.13 -12.36
 886.00 -122.20 -20.71
 887.00  60.82   2.09
 888.00 -115.99  47.31
 889.00 -94.84 131.10
 890.00 -129.41 138.29
 891.00 -55.58 116.55
 892.00 -65.36 134.81
 893.00 -68.25 -40.15
 894.00 -77.97 -28.42
 895.00 -54.48 -38.83
 896.00 -65.06 -39.66
 897.00 -68.17 -45.22
 898.00 -59.66 -35.32
 899.00 -138.79 -23.81
 900.00 -116.00  -2.33
 901.00 -81.93 -39.00
 902.00 -41.97 -71.98
 903.00 -59.15 -40.03
 904.00 -59.83 -24.68
 905.00 -70.94 -33.43
 906.00 -77.82 -57.69
 907.00 -130.57  20.74
 908.00 109.04 -38.86
 909.00 -58.59   5.65
 910.00 -115.14 -35.74
 911.00 -139.66 143.72
 912.00 -64.77 139.62
 913.00 -110.81 165.51
 914.00 -122.80 131.30
 915.00 -96.20 137.58
 916.00 -110.83 -17.39
 917.00 -60.09 125.72


