 residuo Phi Psi
 669.00 -72.03 126.74
 670.00 -74.70 147.93
 671.00 -66.95 147.35
 672.00 -56.82 -35.96
 673.00 -77.05 -30.77
 674.00 -81.13 -11.76
 675.00 -69.77 -23.15
 676.00 -54.84 -57.76
 677.00 -65.93 -36.19
 678.00 -64.82 -49.33
 679.00 -93.63 -21.51
 680.00 -69.44   1.00
 681.00 -82.81 129.85
 682.00 -76.73 154.49
 683.00 -58.95 159.21
 684.00 -106.08 142.00
 685.00 -73.77 131.97
 686.00 -75.15 143.54
 687.00  91.89 -16.28
 688.00 -74.31   1.93
 689.00 -145.73 165.36
 690.00 -65.56 111.17
 691.00 -68.84 -15.58
 692.00 -101.16 -12.55
 693.00 -67.19 158.90
 694.00 -65.39 143.84
 695.00 -125.96 136.17
 696.00 -59.10 156.02
 697.00 -82.83 -45.88
 698.00 -67.39 -29.65
 699.00 -66.02 -42.31
 700.00 -73.44 -41.47
 701.00 -72.26 -38.49
 702.00 -74.97 -26.81
 703.00 -74.98 -28.28
 704.00 -62.23 -36.96
 705.00 -63.23 -48.40
 706.00 -65.81 -33.12
 707.00 -57.26 -42.21
 708.00 -66.90 -43.19
 709.00 -60.90 -39.82
 710.00 -64.85 -44.03
 711.00 -62.38 -43.04
 712.00 -47.40 -44.21
 713.00 -61.80 -61.56
 714.00 -71.27 -31.31
 715.00 -74.23 -34.78
 716.00 -64.26 -51.83
 717.00 -68.12 -25.11
 718.00 -53.80 -54.69
 719.00 -53.71 -43.30
 720.00 -103.16 -24.14
 721.00 -53.76 -10.55
 722.00 -79.64 149.75
 723.00  68.64 145.12
 724.00 -83.70   8.09
 725.00 -55.23 -23.21
 726.00 -60.39 -35.20
 727.00 -78.23 -20.55
 728.00 -57.55 134.35
 729.00 -63.45 146.41
 730.00 -68.17 -30.14
 731.00 -71.50 -38.54
 732.00 -61.15 -39.52
 733.00 -65.68 -45.71
 734.00 -66.79 -39.75
 735.00 -62.13 -51.58
 736.00 -73.38 -25.39
 737.00 -64.54 -53.62
 738.00 -71.21 -29.90
 739.00 -102.19 -26.13
 740.00 -49.57 -19.44
 741.00 -65.60 -49.91
 742.00 -69.88 -43.21
 743.00 -64.18 -33.89
 744.00 -64.36 -48.94
 745.00 -67.20 -44.16
 746.00 -77.01 -29.17
 747.00 -63.81 -43.17
 748.00 -76.30 -34.26
 749.00 -55.85 -36.16
 750.00 -63.38 -54.06
 751.00 -67.31 -33.89
 752.00 -66.68 -37.36
 753.00 -65.65 -37.79
 754.00 -69.23 -49.99
 755.00 -82.11 -51.95
 756.00 -138.91 -40.41
 757.00  58.87  28.01
 758.00  67.91  24.50
 759.00 -61.49   3.21
 760.00 -142.65 -40.46
 761.00 -96.22 166.40
 762.00 -82.49 104.78
 763.00 -71.54  67.47
 764.00 -159.35 -48.41
 765.00 -62.28 148.41
 766.00 -79.08 -29.72
 767.00 -92.14 -57.65
 768.00 -95.64  80.95
 769.00 -107.52 141.45
 770.00 -73.15  98.13
 771.00 -44.96 174.72
 772.00 -65.41 -44.93
 773.00 -66.96 -35.78
 774.00 -63.12 -35.27
 775.00 -84.53 -32.53
 776.00 -61.47 -39.54
 777.00 -88.86 -23.56
 778.00  33.18   0.91
 779.00 -136.29  55.21
 780.00 -71.56  31.07
 781.00 -53.44 -50.72
 782.00 -86.58 -32.00
 783.00 -67.00 -36.61
 784.00 -54.89 -39.46
 785.00 -56.71 -51.22
 786.00 -57.65 -49.53
 787.00 -65.71 -28.56
 788.00 -55.04 -52.54
 789.00 -72.25 -37.99
 790.00 -55.11 -42.69
 791.00 -51.43 -51.86
 792.00 -68.07 -26.83
 793.00 -64.90 -23.68
 794.00 -67.86 -45.87
 795.00 -70.72 -29.29
 796.00 -90.06 -37.80
 797.00  47.86 -12.70
 798.00 -67.89  66.06
 799.00 -97.55 139.50
 800.00 -56.53 157.91
 801.00 -49.03 -44.52
 802.00 -63.49 -55.37
 803.00 -43.64 -53.37
 804.00 -73.58 -46.40
 805.00 -53.90 -45.62
 806.00 -42.77 -59.24
 807.00 -67.39 -51.20
 808.00 -70.01 -27.44
 809.00 -64.57 -47.09
 810.00 -76.68 -12.06
 811.00 -82.24 -14.55
 812.00 -125.50 -11.10
 813.00 -133.58  37.18
 814.00 -145.79   9.89
 815.00 -137.90 129.53
 816.00 -61.43 150.25
 817.00 -86.35 164.30
 818.00 -52.73 -36.16
 819.00  88.40 -25.92
 820.00 -80.99 164.46
 821.00 -74.44 152.92
 822.00 -98.80 -28.42
 823.00 -69.80  32.16
 824.00 -59.45 -43.80
 825.00 -68.57 -40.31
 826.00 -67.92 -38.52
 827.00 -67.75 -36.85
 828.00 -60.33 -36.21
 829.00 -63.56 -39.06
 830.00 -63.96 -45.85
 831.00 -51.73 -49.22
 832.00 -53.79 -42.76
 833.00 -68.39 -56.10
 834.00 -71.35 -20.06
 835.00 -68.59 -42.62
 836.00 -70.10 -46.37
 837.00 -63.80 -31.75
 838.00 -50.94 -46.09
 839.00 -68.87 -36.15
 840.00 -140.13  -3.31
 841.00 -66.62   3.44
 842.00 -72.96 128.22
 843.00 -73.59  39.25
 844.00 -67.42 172.62
 845.00 -69.56 126.99
 846.00 -54.38 -44.74
 847.00 -130.96 -14.98
 848.00 -53.21  95.09
 849.00 -49.82 -32.26
 850.00 -67.92 -36.03
 851.00 -64.65 -45.27
 852.00 -70.84 -27.66
 853.00 -59.25 -55.59
 854.00 -62.89 -41.69
 855.00 -44.53 -54.05
 856.00 -71.97 -37.21
 857.00 -62.73 -53.43
 858.00 -73.99 -23.35
 859.00 -70.57 -45.31
 860.00 -63.68 -27.02
 861.00 -67.99 -41.11
 862.00 -68.32 -38.57
 863.00 -68.96 -39.63
 864.00 -67.66 -31.42
 865.00 -43.21 -40.62
 866.00 -66.07 -43.92
 867.00 -53.54 -51.64
 868.00 -75.00 -26.18
 869.00 -67.72 -37.33
 870.00 -75.51 -32.32
 871.00 -61.98 -34.90
 872.00 -53.82 -48.48
 873.00 -61.83 -46.59
 874.00 -62.83 -41.04
 875.00 -58.00 -45.78
 876.00 -70.08 -49.74
 877.00 -67.44 -36.94
 878.00 -69.33 -33.43
 879.00 -91.20 -13.64
 880.00 -60.98 -46.55
 881.00 -60.33 -28.34
 882.00 -127.11 -25.57
 883.00 -54.51  17.70
 884.00 -62.72 -52.48
 885.00 -65.44 -43.70
 886.00 -75.43 -40.31
 887.00  60.99   1.43
 888.00 -100.78  32.64
 889.00 -102.40 139.26
 890.00 -115.46 133.18
 891.00 -74.32 143.54
 892.00 -60.54 143.89
 893.00 -78.44 -35.67
 894.00 -102.57 -15.59
 895.00 -56.29 -44.49
 896.00 -73.50 -19.04
 897.00 -51.83 -54.82
 898.00 -66.55 -47.66
 899.00 -76.08 -40.61
 900.00 -101.21 -28.50
 901.00 -84.87 -60.62
 902.00 -61.53 -31.85
 903.00 -56.81 -43.01
 904.00 -65.35 -26.32
 905.00 -66.70 -39.51
 906.00 -78.76 -54.94
 907.00 -97.65 -17.39
 908.00  85.62   0.44
 909.00 -55.38  -5.33
 910.00 -116.44 -33.68
 911.00 -140.15 133.61
 912.00 -56.91 139.58
 913.00 -89.45 159.85
 914.00 -91.18 107.65
 915.00 -89.78 127.59
 916.00 -83.18 -35.65
 917.00 -122.76 157.24


