 residuo Phi Psi
 669.00 -72.97 156.72
 670.00 -48.13 136.34
 671.00 -72.01 137.82
 672.00 -60.14 -34.44
 673.00 -73.60 -32.70
 674.00 -68.65  -4.25
 675.00 -61.57 -26.59
 676.00 -82.19 -42.50
 677.00 -69.45 -28.42
 678.00 -65.99 -44.26
 679.00 -95.38 -18.09
 680.00 -61.52 -13.01
 681.00 -71.88 116.78
 682.00 -74.34 138.10
 683.00 -73.67 -176.94
 684.00 -143.91 146.81
 685.00 -62.56 130.82
 686.00 -97.24 157.21
 687.00  71.75  -6.72
 688.00 -80.11  16.88
 689.00 -84.02 119.12
 690.00 -70.39  81.08
 691.00 -67.93   3.26
 692.00 -79.04 -31.64
 693.00 -67.59 160.03
 694.00 -75.74 153.00
 695.00 -144.18 128.04
 696.00 -57.43 151.70
 697.00 -52.92 -38.13
 698.00 -77.58 -66.15
 699.00 -64.15 -31.24
 700.00 -77.79 -53.68
 701.00 -63.94 -28.84
 702.00 -72.39 -39.52
 703.00 -60.22 -38.11
 704.00 -64.70 -42.03
 705.00 -46.22 -45.44
 706.00 -64.96 -49.87
 707.00 -58.24 -39.03
 708.00 -68.98 -34.57
 709.00 -59.59 -45.06
 710.00 -63.84 -46.54
 711.00 -56.35 -44.22
 712.00 -54.96 -52.01
 713.00 -69.03 -39.88
 714.00 -56.59 -44.39
 715.00 -71.14 -39.55
 716.00 -63.59 -37.85
 717.00 -61.85 -38.99
 718.00 -44.49 -55.35
 719.00 -61.12 -51.93
 720.00 -137.32  12.66
 721.00 -73.08   1.62
 722.00 -61.57 145.01
 723.00  68.20 149.35
 724.00 -64.58 -19.19
 725.00 -63.28 -24.35
 726.00 -73.08 -15.60
 727.00 -78.63 -32.92
 728.00 -59.94 131.62
 729.00 -59.05 147.41
 730.00 -66.80 -30.58
 731.00 -65.20 -43.07
 732.00 -63.67 -33.93
 733.00 -50.88 -54.18
 734.00 -70.53 -40.39
 735.00 -81.21 -41.73
 736.00 -60.51 -29.56
 737.00 -71.83 -53.44
 738.00 -87.59 -19.67
 739.00 -99.25 -23.52
 740.00 -48.59 -22.77
 741.00 -70.58 -49.01
 742.00 -75.72 -27.92
 743.00 -44.05 -47.76
 744.00 -63.90 -56.36
 745.00 -67.78 -40.06
 746.00 -59.93 -49.58
 747.00 -71.29 -39.44
 748.00 -70.48 -23.88
 749.00 -59.00 -34.20
 750.00 -56.32 -43.67
 751.00 -58.10 -56.90
 752.00 -69.06 -29.19
 753.00 -66.13 -42.94
 754.00 -85.28 -36.23
 755.00 -76.49 -44.15
 756.00 -144.50 -37.55
 757.00  50.28  21.62
 758.00  45.64  33.35
 759.00 -69.12  23.91
 760.00 -122.24 -46.72
 761.00 -73.04 154.04
 762.00 -91.75 109.45
 763.00 -77.86  81.13
 764.00 -130.67 -53.37
 765.00 -66.36 165.77
 766.00 -108.65 -20.06
 767.00 -127.33  -9.43
 768.00 -75.45  69.98
 769.00 -111.26 143.77
 770.00 -80.63 102.45
 771.00 -76.34 -178.50
 772.00 -61.43 -21.84
 773.00 -59.39 -51.38
 774.00 -62.82 -34.13
 775.00 -88.26 -39.12
 776.00 -75.03 -34.24
 777.00 -108.20  -4.77
 778.00  55.29   2.03
 779.00 -130.13  42.66
 780.00 -53.71  15.10
 781.00 -68.42 -51.75
 782.00 -72.52 -28.43
 783.00 -62.10 -39.18
 784.00 -45.10 -41.17
 785.00 -53.99 -54.49
 786.00 -73.96 -43.47
 787.00 -72.87 -27.54
 788.00 -43.86 -53.74
 789.00 -53.99 -49.56
 790.00 -58.69 -49.99
 791.00 -61.08 -47.17
 792.00 -59.65 -28.14
 793.00 -61.10 -29.62
 794.00 -85.75 -47.42
 795.00 -47.36 -42.63
 796.00 -95.50 -40.58
 797.00  50.65  -0.35
 798.00 -57.94  45.76
 799.00 -92.91 129.37
 800.00 -51.11 150.84
 801.00 -64.30 -40.34
 802.00 -71.05 -35.10
 803.00 -52.62 -48.13
 804.00 -64.91 -44.10
 805.00 -72.04 -36.70
 806.00 -72.66 -37.08
 807.00 -58.10 -40.27
 808.00 -52.46 -48.60
 809.00 -60.35 -48.93
 810.00 -60.43 -34.15
 811.00 -77.18 -17.89
 812.00 -113.29 -23.34
 813.00 -124.97  37.43
 814.00 -140.31   3.48
 815.00 -147.98 138.32
 816.00 -62.38 157.89
 817.00 -61.98 143.04
 818.00 -70.94 -30.79
 819.00  86.42  -6.56
 820.00 -92.57 148.25
 821.00 -60.97 147.68
 822.00 -122.74 -12.06
 823.00 -59.58  35.86
 824.00 -61.00 -42.30
 825.00 -72.71 -35.51
 826.00 -57.91 -35.32
 827.00 -72.70 -45.01
 828.00 -79.15 -29.14
 829.00 -72.89 -19.06
 830.00 -63.99 -45.94
 831.00 -65.42 -53.89
 832.00 -66.06 -22.33
 833.00 -68.06 -52.45
 834.00 -68.53 -14.78
 835.00 -71.40 -52.47
 836.00 -82.94 -21.42
 837.00 -76.93 -27.86
 838.00 -63.01 -38.32
 839.00 -71.73 -32.09
 840.00 -125.85 -11.26
 841.00 -47.04  -7.45
 842.00 -94.51 141.01
 843.00 -142.92  92.83
 844.00 -83.86 174.76
 845.00 -46.45  71.58
 846.00 -60.95 -40.73
 847.00 -114.59 -17.72
 848.00 -65.59  90.94
 849.00 -71.23 -23.37
 850.00 -68.75 -22.68
 851.00 -59.18 -52.95
 852.00 -61.93 -37.70
 853.00 -52.71 -49.84
 854.00 -51.79 -57.06
 855.00 -63.75 -48.32
 856.00 -64.01 -35.18
 857.00 -73.24 -31.06
 858.00 -62.88 -42.85
 859.00 -66.26 -43.25
 860.00 -60.07 -34.88
 861.00 -60.44 -53.91
 862.00 -55.26 -36.96
 863.00 -71.31 -50.00
 864.00 -71.86 -12.76
 865.00 -58.26 -40.63
 866.00 -60.04 -41.05
 867.00 -66.96 -43.58
 868.00 -74.12 -29.40
 869.00 -63.02 -35.06
 870.00 -70.06 -40.57
 871.00 -69.10 -26.33
 872.00 -74.20 -51.38
 873.00 -62.57 -28.40
 874.00 -72.08 -42.34
 875.00 -67.58 -40.23
 876.00 -65.63 -46.42
 877.00 -59.38 -45.60
 878.00 -66.14 -47.91
 879.00 -68.69 -25.88
 880.00 -66.60 -43.36
 881.00 -72.63 -47.07
 882.00 -107.67 -17.71
 883.00 -44.70  -5.20
 884.00 -59.73 -46.21
 885.00 -68.09 -42.78
 886.00 -94.33 -36.33
 887.00  58.95  19.97
 888.00 -111.13  30.50
 889.00 -101.58 137.45
 890.00 -126.73 147.82
 891.00 -66.52 135.06
 892.00 -76.52 146.17
 893.00 -73.60 -36.83
 894.00 -86.00 -28.15
 895.00 -60.91 -29.11
 896.00 -78.49 -27.82
 897.00 -69.87 -31.21
 898.00 -75.37 -38.99
 899.00 -69.51 -30.73
 900.00 -89.29 -48.54
 901.00 -89.99 -55.80
 902.00 -75.50 -21.63
 903.00 -48.84 -37.26
 904.00 -67.57 -33.35
 905.00 -81.99 -35.26
 906.00 -70.18 -48.14
 907.00 -86.18 -29.73
 908.00  76.64   9.07
 909.00 -62.85   9.04
 910.00 -126.44  -9.02
 911.00 -116.74 131.39
 912.00 -53.33 134.63
 913.00 -104.06 145.03
 914.00 -120.73 138.77
 915.00 -78.59 138.70
 916.00 -74.70 -46.86
 917.00 -88.02 148.56


