 residuo Phi Psi
 669.00 -71.60 141.85
 670.00 -66.10 150.62
 671.00 -76.54 126.14
 672.00 -58.84 -19.91
 673.00 -60.47 -36.98
 674.00 -64.31 -43.66
 675.00 -66.55 -39.16
 676.00 -64.87 -44.24
 677.00 -65.39 -38.24
 678.00 -89.92 -24.57
 679.00 -73.25 -39.81
 680.00 -65.46 -16.48
 681.00 -88.71 132.04
 682.00 -56.39 149.61
 683.00 -44.99 159.19
 684.00 -134.62 141.66
 685.00 -82.20 132.69
 686.00 -80.06 153.95
 687.00  84.11 -22.54
 688.00 -71.37  16.89
 689.00 -85.37 126.27
 690.00 -70.39  80.08
 691.00 -81.57   6.76
 692.00 -89.07 -32.17
 693.00 -59.23 162.97
 694.00 -62.26 136.58
 695.00 -142.66 143.09
 696.00 -48.87 158.40
 697.00 -46.31 -54.98
 698.00 -55.34 -74.59
 699.00 -78.84 -28.78
 700.00 -66.92 -58.83
 701.00 -77.90 -28.75
 702.00 -75.88 -37.30
 703.00 -73.40 -23.99
 704.00 -69.60 -31.35
 705.00 -54.84 -45.01
 706.00 -55.06 -53.10
 707.00 -64.17 -26.87
 708.00 -58.19 -46.38
 709.00 -59.14 -49.95
 710.00 -61.58 -52.93
 711.00 -61.05 -33.57
 712.00 -48.29 -47.90
 713.00 -64.27 -49.36
 714.00 -62.94 -32.04
 715.00 -66.85 -47.97
 716.00 -60.56 -44.87
 717.00 -71.49 -31.47
 718.00 -52.63 -50.53
 719.00 -55.12 -45.00
 720.00 -82.05 -44.74
 721.00 -54.25 -27.06
 722.00 -73.64 135.37
 723.00  76.41 151.08
 724.00 -59.18 -24.22
 725.00 -60.67 -30.31
 726.00 -70.70 -16.65
 727.00 -111.58   5.91
 728.00 -63.32 137.83
 729.00 -58.46 145.14
 730.00 -63.64 -38.28
 731.00 -77.35 -26.12
 732.00 -53.75 -47.39
 733.00 -65.41 -44.59
 734.00 -55.41 -43.28
 735.00 -77.76 -49.44
 736.00 -67.78 -22.48
 737.00 -76.82 -48.24
 738.00 -73.23 -30.79
 739.00 -92.46 -36.66
 740.00 -50.73 -11.61
 741.00 -71.09 -42.74
 742.00 -56.78 -51.27
 743.00 -88.13 -30.82
 744.00 -56.50 -51.44
 745.00 -69.86 -43.03
 746.00 -74.58 -35.12
 747.00 -57.35 -41.69
 748.00 -59.84 -50.57
 749.00 -57.79 -42.61
 750.00 -66.09 -40.77
 751.00 -66.30 -50.12
 752.00 -66.38 -32.83
 753.00 -59.59 -36.38
 754.00 -64.23 -53.94
 755.00 -72.09 -49.87
 756.00 -141.79 -42.93
 757.00  56.46  13.93
 758.00  75.82  32.08
 759.00 -77.83   6.08
 760.00 -140.68 -15.54
 761.00 -84.02 154.39
 762.00 -89.52 108.85
 763.00 -65.39  66.35
 764.00 -153.19 -39.95
 765.00 -56.71 162.48
 766.00 -94.81 -18.79
 767.00 -76.54 -58.72
 768.00 -75.66  50.14
 769.00 -85.06 118.52
 770.00 -78.90 102.23
 771.00 -51.23 178.76
 772.00 -62.59 -50.30
 773.00 -85.47 -29.70
 774.00 -71.55 -24.63
 775.00 -61.97 -31.94
 776.00 -59.08 -62.26
 777.00 -86.32 -32.17
 778.00  46.70   3.38
 779.00 -110.03  35.75
 780.00 -55.14  19.80
 781.00 -67.63 -45.89
 782.00 -81.50 -28.60
 783.00 -63.85 -35.32
 784.00 -61.67 -28.67
 785.00 -58.88 -51.81
 786.00 -64.80 -41.29
 787.00 -73.84 -38.02
 788.00 -68.91 -36.48
 789.00 -66.41 -27.71
 790.00 -52.28 -51.80
 791.00 -57.00 -43.59
 792.00 -70.75 -29.14
 793.00 -64.18 -35.29
 794.00 -60.23 -42.06
 795.00 -60.14 -52.62
 796.00 -71.98 -51.41
 797.00  56.23  -3.51
 798.00 -70.15  54.95
 799.00 -91.46 135.29
 800.00 -47.86 155.92
 801.00 -65.65 -48.56
 802.00 -74.65 -29.53
 803.00 -63.71 -52.23
 804.00 -70.99 -33.70
 805.00 -73.41 -31.21
 806.00 -67.02 -41.14
 807.00 -63.60 -36.84
 808.00 -51.99 -46.22
 809.00 -53.23 -54.57
 810.00 -57.99 -36.30
 811.00 -69.64 -32.67
 812.00 -119.53 -17.60
 813.00 -145.15  61.66
 814.00 -165.96   7.73
 815.00 -146.89 134.50
 816.00 -56.11 157.16
 817.00 -67.37 148.31
 818.00 -80.95 -18.90
 819.00  73.44  -4.86
 820.00 -61.00 154.30
 821.00 -87.86 -173.50
 822.00 -116.64 -19.13
 823.00 -66.13  46.31
 824.00 -70.76 -39.23
 825.00 -62.59 -44.67
 826.00 -77.53 -32.11
 827.00 -66.01 -35.81
 828.00 -65.83 -41.57
 829.00 -73.01 -40.79
 830.00 -51.52 -42.75
 831.00 -57.16 -55.46
 832.00 -53.67 -51.65
 833.00 -76.25 -36.94
 834.00 -59.44 -29.53
 835.00 -70.44 -48.42
 836.00 -85.97 -17.52
 837.00 -67.89 -30.92
 838.00 -57.37 -37.33
 839.00 -70.23 -46.37
 840.00 -83.98 -60.75
 841.00 -55.61   4.57
 842.00 -93.14 144.23
 843.00 -98.99  57.39
 844.00 -59.64 154.92
 845.00 -74.51 110.43
 846.00 -75.44  -7.88
 847.00 -123.62   3.86
 848.00 -54.14  61.28
 849.00 -74.23 -36.86
 850.00 -65.77 -31.11
 851.00 -62.82 -40.49
 852.00 -62.36 -40.23
 853.00 -65.36 -51.33
 854.00 -72.40 -36.15
 855.00 -61.93 -34.25
 856.00 -51.45 -47.38
 857.00 -72.06 -46.86
 858.00 -68.23 -31.63
 859.00 -69.56 -43.34
 860.00 -60.39 -25.44
 861.00 -61.34 -47.91
 862.00 -72.97 -40.35
 863.00 -65.81 -24.64
 864.00 -65.07 -41.18
 865.00 -80.78 -14.40
 866.00 -61.50 -29.01
 867.00 -72.93 -45.44
 868.00 -74.32 -27.55
 869.00 -59.88 -34.35
 870.00 -62.43 -45.44
 871.00 -74.99 -32.38
 872.00 -65.91 -37.53
 873.00 -72.88 -42.24
 874.00 -65.20 -23.76
 875.00 -86.99 -32.44
 876.00 -65.23 -34.86
 877.00 -55.73 -47.86
 878.00 -61.55 -49.61
 879.00 -69.33 -32.79
 880.00 -67.04 -25.82
 881.00 -51.29 -54.03
 882.00 -84.47 -41.69
 883.00 -55.79  -5.40
 884.00 -65.83 -40.64
 885.00 -56.12 -50.99
 886.00 -80.34 -46.12
 887.00  73.40   0.42
 888.00 -89.68  28.31
 889.00 -101.59 141.48
 890.00 -125.13 138.32
 891.00 -71.41 126.88
 892.00 -56.24 146.26
 893.00 -71.03 -38.84
 894.00 -93.40 -19.67
 895.00 -46.49 -42.71
 896.00 -74.88 -43.95
 897.00 -65.81 -24.96
 898.00 -61.22 -48.83
 899.00 -85.76 -37.34
 900.00 -134.21 -31.50
 901.00 -84.97 -38.87
 902.00 -62.03 -40.25
 903.00 -54.82 -39.78
 904.00 -72.71 -26.58
 905.00 -66.09 -38.00
 906.00 -66.36 -52.39
 907.00 -92.36 -25.30
 908.00  58.78   3.63
 909.00 -75.93  30.03
 910.00 -98.08 -31.17
 911.00 -130.91 131.07
 912.00 -60.12 151.09
 913.00 -77.80 151.01
 914.00 -86.93  95.49
 915.00 -81.17 130.82
 916.00 -85.32 -46.84
 917.00 -128.37 119.88


