 residuo Phi Psi
 669.00 -41.25 137.19
 670.00 -74.43 139.94
 671.00 -128.99 113.49
 672.00 -67.26 -30.42
 673.00 -61.16 -46.03
 674.00 -65.02 -39.35
 675.00 -57.35 -38.48
 676.00 -53.06 -54.51
 677.00 -64.59 -49.44
 678.00 -49.86 -44.34
 679.00 -96.99 -36.11
 680.00 -72.88   3.28
 681.00 -69.88 121.14
 682.00 -89.95 152.90
 683.00 -50.30 -159.97
 684.00 -123.68 132.99
 685.00 -75.03  99.90
 686.00 -76.25 146.71
 687.00  85.60 -26.06
 688.00 -84.79  17.63
 689.00 -89.34 119.46
 690.00 -64.24  97.09
 691.00 -72.03  -9.54
 692.00 -90.89 -25.66
 693.00 -73.81 142.50
 694.00 -61.16 146.57
 695.00 -162.35 143.37
 696.00 -43.47 147.20
 697.00 -74.68 -60.21
 698.00 -60.93 -43.96
 699.00 -75.62 -31.98
 700.00 -66.15 -48.29
 701.00 -67.56 -43.34
 702.00 -68.02 -30.16
 703.00 -62.00 -36.90
 704.00 -56.97 -45.54
 705.00 -62.49 -36.87
 706.00 -48.75 -56.88
 707.00 -51.88 -38.79
 708.00 -71.42 -44.16
 709.00 -55.56 -44.18
 710.00 -79.17 -46.43
 711.00 -60.91 -33.18
 712.00 -62.67 -40.98
 713.00 -62.94 -34.35
 714.00 -72.00 -42.75
 715.00 -81.18 -25.17
 716.00 -65.24 -35.95
 717.00 -66.08 -40.91
 718.00 -74.29 -48.16
 719.00 -63.87 -22.50
 720.00 -113.88  -5.93
 721.00 -65.83   3.22
 722.00 -66.07 144.82
 723.00  62.00 145.21
 724.00 -58.47 -14.53
 725.00 -84.23 -30.47
 726.00 -72.69  -3.40
 727.00 -100.04  -6.27
 728.00 -67.16 156.47
 729.00 -66.12 140.35
 730.00 -69.29 -36.00
 731.00 -72.01 -30.26
 732.00 -52.44 -41.25
 733.00 -70.25 -44.34
 734.00 -65.32 -28.13
 735.00 -70.17 -51.97
 736.00 -52.69 -30.35
 737.00 -74.40 -50.58
 738.00 -69.47 -35.01
 739.00 -64.98 -47.38
 740.00 -40.27 -12.94
 741.00 -78.64 -51.33
 742.00 -62.20 -52.86
 743.00 -51.83 -44.68
 744.00 -55.14 -59.75
 745.00 -58.82 -44.14
 746.00 -59.80 -43.92
 747.00 -57.49 -48.65
 748.00 -58.95 -46.78
 749.00 -71.39 -40.49
 750.00 -72.28 -33.34
 751.00 -57.06 -44.32
 752.00 -69.13 -40.94
 753.00 -69.26 -34.31
 754.00 -79.09 -34.74
 755.00 -80.91 -48.63
 756.00 -138.90 -34.39
 757.00  55.85  21.74
 758.00  63.58  34.11
 759.00 -71.66   0.45
 760.00 -134.20 -29.32
 761.00 -85.23 150.14
 762.00 -112.39 114.27
 763.00 -75.50  85.55
 764.00 -147.66 -39.84
 765.00 -54.37 160.52
 766.00 -75.79 -31.60
 767.00 -72.65 -56.87
 768.00 -85.85  46.18
 769.00 -91.23 130.59
 770.00 -90.36 122.42
 771.00 -49.19 179.03
 772.00 -55.88 -46.47
 773.00 -61.86 -49.13
 774.00 -56.39 -45.73
 775.00 -65.41 -33.46
 776.00 -79.93 -49.05
 777.00 -71.78 -28.07
 778.00  54.48  -7.29
 779.00 -122.57  27.31
 780.00 -56.47  46.92
 781.00 -57.61 -56.95
 782.00 -65.54 -41.15
 783.00 -68.52 -39.63
 784.00 -55.09 -36.37
 785.00 -66.30 -45.70
 786.00 -63.25 -34.02
 787.00 -67.96 -29.30
 788.00 -54.64 -50.99
 789.00 -58.22 -41.75
 790.00 -77.49 -42.13
 791.00 -55.59 -38.86
 792.00 -68.79 -25.34
 793.00 -56.10 -31.51
 794.00 -72.37 -40.25
 795.00 -64.90 -42.53
 796.00 -99.04 -31.32
 797.00  46.27 -14.71
 798.00 -56.72  58.08
 799.00 -83.97 133.46
 800.00 -60.01 155.38
 801.00 -77.02 -18.98
 802.00 -65.38 -41.71
 803.00 -55.11 -33.39
 804.00 -65.02 -52.59
 805.00 -81.04 -35.84
 806.00 -77.97 -23.42
 807.00 -64.53 -37.95
 808.00 -59.66 -44.78
 809.00 -76.70 -32.78
 810.00 -60.44 -30.95
 811.00 -68.16 -28.59
 812.00 -123.18 -20.69
 813.00 -120.96  47.48
 814.00 -146.44  -9.85
 815.00 -145.63 129.28
 816.00 -60.64 170.75
 817.00 -81.19 157.31
 818.00 -55.27 -35.33
 819.00  74.93 -19.41
 820.00 -74.39 159.47
 821.00 -74.17 -178.91
 822.00 -86.06 -58.60
 823.00 -43.78  33.06
 824.00 -55.31 -45.46
 825.00 -80.20 -36.44
 826.00 -55.92 -42.62
 827.00 -67.29 -47.64
 828.00 -71.12 -24.95
 829.00 -75.02 -40.59
 830.00 -66.27 -32.93
 831.00 -60.39 -37.40
 832.00 -55.65 -42.23
 833.00 -62.80 -61.86
 834.00 -66.88 -31.05
 835.00 -59.68 -48.62
 836.00 -68.99 -37.06
 837.00 -50.82 -43.45
 838.00 -60.64 -53.62
 839.00 -64.33 -24.27
 840.00 -112.03 -46.20
 841.00 -70.62  10.54
 842.00 -72.75 155.80
 843.00 -110.93  44.35
 844.00 -99.72 163.68
 845.00 -57.16 138.13
 846.00 -67.50 -42.95
 847.00 -119.96  -5.75
 848.00 -53.06  75.79
 849.00 -69.55 -36.05
 850.00 -65.90 -35.42
 851.00 -62.25 -38.81
 852.00 -63.20 -41.13
 853.00 -68.76 -45.69
 854.00 -61.00 -41.47
 855.00 -64.53 -47.71
 856.00 -63.68 -37.96
 857.00 -73.48 -35.35
 858.00 -75.83 -17.89
 859.00 -65.18 -45.89
 860.00 -53.65 -36.18
 861.00 -79.18 -31.91
 862.00 -66.78 -41.54
 863.00 -61.69 -40.78
 864.00 -65.09 -37.37
 865.00 -72.68 -20.25
 866.00 -68.86 -36.07
 867.00 -83.51 -32.77
 868.00 -77.33  -8.23
 869.00 -55.74 -46.53
 870.00 -62.82 -38.93
 871.00 -68.40 -38.18
 872.00 -72.68 -44.39
 873.00 -62.95 -40.94
 874.00 -47.77 -52.08
 875.00 -68.15 -44.10
 876.00 -72.28 -43.34
 877.00 -69.85 -30.85
 878.00 -76.97 -35.06
 879.00 -71.12 -23.03
 880.00 -68.14 -42.19
 881.00 -66.71 -56.10
 882.00 -142.16  -0.76
 883.00 -54.71  37.48
 884.00 -66.84 -30.54
 885.00 -103.17 -16.71
 886.00 -82.96 -45.98
 887.00  61.47 -11.13
 888.00 -85.64  19.33
 889.00 -107.65 135.35
 890.00 -129.07 146.62
 891.00 -54.79 139.89
 892.00 -62.23 133.72
 893.00 -55.64 -35.10
 894.00 -79.56 -36.04
 895.00 -59.08 -40.47
 896.00 -62.12 -27.23
 897.00 -79.38 -42.28
 898.00 -79.00 -31.52
 899.00 -119.94 -13.77
 900.00 -89.68 -30.92
 901.00 -85.80 -50.75
 902.00 -57.86 -55.42
 903.00 -66.23 -36.51
 904.00 -59.96 -21.51
 905.00 -66.77 -39.57
 906.00 -58.54 -54.01
 907.00 -90.74 -31.66
 908.00  75.75   7.52
 909.00 -79.72  14.26
 910.00 -134.86 -24.64
 911.00 -140.29 131.85
 912.00 -62.07 134.20
 913.00 -100.47 157.56
 914.00 -79.08 100.42
 915.00 -76.32 122.96
 916.00 -131.34 -19.23
 917.00 -80.28 155.27


