 residuo Phi Psi
 669.00 -80.90 152.95
 670.00 -56.95 154.30
 671.00 -63.61 155.19
 672.00 -61.79 -23.00
 673.00 -67.61 -34.45
 674.00 -75.65 -29.62
 675.00 -49.51 -43.50
 676.00 -58.30 -56.83
 677.00 -78.12 -32.35
 678.00 -67.01 -29.80
 679.00 -83.39 -31.59
 680.00 -46.71 -19.49
 681.00 -68.93 102.92
 682.00 -73.75 161.43
 683.00 -65.28 162.32
 684.00 -78.83 111.39
 685.00 -68.31 133.40
 686.00 -93.48 165.22
 687.00  74.22  -9.43
 688.00 -69.95  16.42
 689.00 -132.97 148.96
 690.00 -58.91 123.17
 691.00 -62.96 -35.06
 692.00 -120.80   1.29
 693.00 -63.76 134.59
 694.00 -89.11 161.95
 695.00 -90.20  82.81
 696.00 -69.84 173.93
 697.00 -60.51 -36.82
 698.00 -66.01 -49.93
 699.00 -60.13 -49.13
 700.00 -89.57 -45.75
 701.00 -60.03 -28.44
 702.00 -83.14 -32.72
 703.00 -76.45 -19.67
 704.00 -69.04 -38.68
 705.00 -58.15 -45.37
 706.00 -58.36 -48.21
 707.00 -55.19 -41.47
 708.00 -59.22 -53.79
 709.00 -78.27 -27.29
 710.00 -49.26 -50.53
 711.00 -61.88 -42.61
 712.00 -62.31 -54.75
 713.00 -62.47 -36.55
 714.00 -59.62 -49.31
 715.00 -70.98 -34.31
 716.00 -72.43 -33.98
 717.00 -72.05 -34.82
 718.00 -73.43 -33.36
 719.00 -68.45 -30.61
 720.00 -116.22  -9.22
 721.00 -57.39 -16.16
 722.00 -48.59 123.82
 723.00  81.82 153.39
 724.00 -55.97 -45.92
 725.00 -63.48 -24.79
 726.00 -68.14 -14.94
 727.00 -90.59 -21.05
 728.00 -62.91 136.91
 729.00 -55.62 156.58
 730.00 -71.39 -33.69
 731.00 -83.55 -25.70
 732.00 -60.69 -46.40
 733.00 -44.49 -50.84
 734.00 -67.97 -48.23
 735.00 -61.74 -59.78
 736.00 -71.59 -25.01
 737.00 -68.56 -48.45
 738.00 -97.43  -8.79
 739.00 -96.73 -35.39
 740.00 -54.81 -13.65
 741.00 -79.93 -37.15
 742.00 -67.23 -34.63
 743.00 -68.39 -37.57
 744.00 -56.80 -53.91
 745.00 -66.59 -45.78
 746.00 -68.52 -24.48
 747.00 -71.44 -42.59
 748.00 -67.97 -30.17
 749.00 -71.85 -40.81
 750.00 -53.32 -33.04
 751.00 -73.50 -49.32
 752.00 -59.81 -37.99
 753.00 -83.80 -23.15
 754.00 -62.10 -67.91
 755.00 -98.02 -22.88
 756.00 -138.73 -39.17
 757.00  59.18  13.90
 758.00  55.36  42.37
 759.00 -73.05   5.68
 760.00 -135.49 -24.73
 761.00 -106.10 175.61
 762.00 -103.89 116.71
 763.00 -72.27  81.89
 764.00 -152.11 -47.02
 765.00 -58.71 172.69
 766.00 -96.96 -29.89
 767.00 -96.21 -33.69
 768.00 -84.94  60.59
 769.00 -88.46 120.11
 770.00 -77.67 100.73
 771.00 -62.59 166.57
 772.00 -66.16 -26.28
 773.00 -64.95 -39.94
 774.00 -55.93 -47.98
 775.00 -68.47 -37.89
 776.00 -65.37 -53.56
 777.00 -87.15 -19.18
 778.00  67.03 -12.39
 779.00 -58.11  -4.55
 780.00 -63.64  17.04
 781.00 -65.93 -54.09
 782.00 -66.65 -38.24
 783.00 -75.49 -30.33
 784.00 -62.15 -33.36
 785.00 -70.74 -44.93
 786.00 -64.31 -38.26
 787.00 -47.69 -38.79
 788.00 -67.35 -48.81
 789.00 -62.14 -38.54
 790.00 -62.05 -43.61
 791.00 -56.21 -39.16
 792.00 -61.83 -44.05
 793.00 -59.58 -29.46
 794.00 -84.39 -42.62
 795.00 -93.04  -0.71
 796.00 -93.65 -40.30
 797.00  58.20  -8.46
 798.00 -65.07  51.92
 799.00 -82.66 122.50
 800.00 -46.51 156.09
 801.00 -68.61 -32.86
 802.00 -63.28 -53.50
 803.00 -64.77 -32.54
 804.00 -51.87 -47.23
 805.00 -83.79 -37.87
 806.00 -53.94 -47.02
 807.00 -78.36 -35.60
 808.00 -67.53 -33.85
 809.00 -72.50 -42.75
 810.00 -66.73 -14.01
 811.00 -64.07 -32.36
 812.00 -101.20 -28.94
 813.00 -142.61  44.46
 814.00 -149.36  15.03
 815.00 -150.26 128.70
 816.00 -68.86 157.26
 817.00 -57.82 145.38
 818.00 -84.39 -35.32
 819.00  70.50   4.04
 820.00 -78.24 166.22
 821.00 -77.19 174.72
 822.00 -78.32 -56.90
 823.00 -62.21  47.47
 824.00 -60.26 -38.84
 825.00 -75.64 -40.42
 826.00 -56.80 -37.54
 827.00 -59.08 -52.24
 828.00 -66.46 -42.88
 829.00 -69.12 -41.76
 830.00 -52.36 -41.64
 831.00 -66.45 -47.21
 832.00 -64.73 -39.68
 833.00 -63.31 -43.47
 834.00 -70.97 -26.18
 835.00 -61.10 -47.25
 836.00 -74.31 -29.33
 837.00 -59.89 -32.99
 838.00 -58.11 -49.92
 839.00 -50.24 -38.86
 840.00 -128.12 -30.75
 841.00 -53.62   6.40
 842.00 -94.10 128.27
 843.00 -110.57  71.76
 844.00 -53.67 150.01
 845.00 -61.12 125.82
 846.00 -104.94 -21.12
 847.00 -127.60  -6.55
 848.00 -66.88 116.55
 849.00 -62.12 -23.86
 850.00 -53.28 -36.00
 851.00 -66.75 -50.58
 852.00 -65.45 -48.27
 853.00 -70.09 -30.27
 854.00 -65.06 -43.39
 855.00 -52.39 -48.55
 856.00 -75.73 -38.44
 857.00 -62.93 -41.13
 858.00 -66.56 -29.33
 859.00 -80.98 -41.49
 860.00 -66.77 -25.55
 861.00 -79.27 -29.55
 862.00 -58.09 -44.09
 863.00 -76.03 -32.39
 864.00 -65.25 -31.63
 865.00 -72.55 -28.88
 866.00 -62.08 -34.42
 867.00 -79.18 -50.01
 868.00 -66.02 -25.75
 869.00 -55.63 -48.65
 870.00 -67.21 -34.48
 871.00 -56.79 -38.63
 872.00 -71.93 -32.90
 873.00 -61.71 -44.58
 874.00 -54.69 -43.90
 875.00 -68.98 -46.14
 876.00 -73.67 -38.14
 877.00 -58.58 -41.25
 878.00 -80.95 -35.91
 879.00 -108.28  -2.97
 880.00 -67.79 -40.08
 881.00 -55.12 -28.84
 882.00 -147.59 -18.67
 883.00 -57.53  17.16
 884.00 -64.52 -35.35
 885.00 -53.87 -49.12
 886.00 -119.67  -8.07
 887.00  50.57  17.34
 888.00 -97.55  27.77
 889.00 -76.27 127.07
 890.00 -129.72 147.81
 891.00 -78.10 143.31
 892.00 -65.76 149.19
 893.00 -50.11 -55.57
 894.00 -75.07 -48.31
 895.00 -63.46 -27.85
 896.00 -62.52 -30.67
 897.00 -62.11 -48.58
 898.00 -66.70 -41.14
 899.00 -55.69 -42.16
 900.00 -92.45 -59.16
 901.00 -102.95 -39.91
 902.00 -62.95 -39.56
 903.00 -53.27 -46.27
 904.00 -71.69 -27.42
 905.00 -60.81 -33.91
 906.00 -72.77 -51.96
 907.00 -78.86 -21.80
 908.00  89.30 -20.02
 909.00 -59.47  -7.95
 910.00 -125.88 -22.74
 911.00 -137.14 131.03
 912.00 -72.88 154.30
 913.00 -103.11 176.98
 914.00 -112.81 129.70
 915.00 -107.73 153.02
 916.00 -101.26 -27.76
 917.00 -62.93 161.91


