 residuo Phi Psi
 669.00 -57.94 157.40
 670.00 -61.38 147.66
 671.00 -154.34 120.87
 672.00 -62.33   5.16
 673.00 -65.99  -9.72
 674.00 -66.13 -25.01
 675.00 -88.64 -17.91
 676.00 -56.57 -45.73
 677.00 -58.86 -56.98
 678.00 -74.86 -31.15
 679.00 -69.00 -50.98
 680.00 -56.91 -16.16
 681.00 -83.81 119.79
 682.00 -59.88 172.42
 683.00 -74.96 158.28
 684.00 -102.18 130.95
 685.00 -77.21 134.54
 686.00 -92.37 157.89
 687.00  91.03 -25.45
 688.00 -93.45  27.46
 689.00 -141.76 160.04
 690.00 -71.44 120.46
 691.00 -77.76 -17.97
 692.00 -108.08  -8.07
 693.00 -71.80 152.54
 694.00 -76.07 140.82
 695.00 -136.52 125.01
 696.00 -48.85 156.03
 697.00 -74.95 -63.08
 698.00 -75.68 -30.65
 699.00 -69.59 -22.28
 700.00 -62.12 -47.92
 701.00 -63.48 -41.31
 702.00 -58.38 -38.29
 703.00 -51.27 -45.11
 704.00 -69.45 -47.97
 705.00 -68.24 -32.36
 706.00 -57.62 -53.17
 707.00 -49.71 -31.37
 708.00 -54.73 -57.74
 709.00 -70.74 -39.30
 710.00 -60.38 -42.99
 711.00 -59.68 -48.55
 712.00 -56.10 -47.55
 713.00 -71.95 -41.43
 714.00 -63.06 -38.97
 715.00 -54.66 -41.27
 716.00 -65.73 -52.73
 717.00 -70.25 -38.12
 718.00 -60.62 -39.64
 719.00 -64.22 -44.24
 720.00 -94.94 -15.16
 721.00 -74.89  -7.58
 722.00 -67.07 151.83
 723.00  65.60 149.39
 724.00 -52.11 -11.49
 725.00 -67.02 -42.66
 726.00 -69.14  -5.00
 727.00 -94.43 -16.16
 728.00 -69.83 150.84
 729.00 -51.10 147.80
 730.00 -67.44 -44.22
 731.00 -72.62 -35.54
 732.00 -58.12 -37.91
 733.00 -63.04 -46.73
 734.00 -59.22 -43.28
 735.00 -72.52 -55.35
 736.00 -64.33 -31.88
 737.00 -56.37 -50.60
 738.00 -76.45 -33.94
 739.00 -100.37 -27.37
 740.00 -58.16   3.09
 741.00 -51.91 -68.84
 742.00 -57.47 -54.35
 743.00 -64.89 -46.32
 744.00 -69.30 -39.27
 745.00 -61.04 -39.19
 746.00 -64.65 -44.48
 747.00 -62.50 -47.71
 748.00 -64.87 -38.00
 749.00 -66.21 -41.82
 750.00 -63.85 -31.05
 751.00 -59.58 -56.24
 752.00 -60.83 -32.66
 753.00 -46.15 -54.22
 754.00 -76.50 -55.73
 755.00 -96.63 -31.68
 756.00 -149.67 -29.81
 757.00  50.43  34.04
 758.00  66.26  35.40
 759.00 -71.48  -9.02
 760.00 -69.62 -66.39
 761.00 -73.57 140.72
 762.00 -83.83 100.84
 763.00 -62.67  77.54
 764.00 -159.64 -40.19
 765.00 -72.33 172.27
 766.00 -94.75 -21.06
 767.00 -121.20 -23.16
 768.00 -143.68 110.31
 769.00 -100.41 130.95
 770.00 -55.98  94.11
 771.00 -65.87 161.71
 772.00 -47.76 -36.17
 773.00 -76.58 -38.18
 774.00 -60.02 -36.61
 775.00 -66.35 -42.61
 776.00 -62.92 -45.46
 777.00 -75.61 -38.00
 778.00  57.22   2.26
 779.00 -138.09  37.40
 780.00 -62.51  38.36
 781.00 -45.55 -46.49
 782.00 -73.83 -49.24
 783.00 -66.12 -30.84
 784.00 -58.71 -38.35
 785.00 -81.02 -36.07
 786.00 -70.50 -32.53
 787.00 -61.14 -41.58
 788.00 -57.96 -44.13
 789.00 -57.89 -45.63
 790.00 -64.66 -48.19
 791.00 -70.96 -34.89
 792.00 -70.24 -14.22
 793.00 -63.37 -24.73
 794.00 -77.12 -32.27
 795.00 -57.48 -42.36
 796.00 -72.30 -50.31
 797.00  41.56 -23.22
 798.00 -68.70  73.85
 799.00 -87.05 134.10
 800.00 -65.67 162.19
 801.00 -47.96 -29.19
 802.00 -65.37 -51.35
 803.00 -61.03 -43.65
 804.00 -56.32 -54.28
 805.00 -74.42 -38.17
 806.00 -66.67 -44.36
 807.00 -61.57 -42.00
 808.00 -69.93 -30.12
 809.00 -45.68 -49.18
 810.00 -61.40 -46.71
 811.00 -80.31 -11.43
 812.00 -121.29 -16.53
 813.00 -136.25  46.93
 814.00 -151.29  12.54
 815.00 -137.37 129.14
 816.00 -51.46 165.68
 817.00 -49.48 146.64
 818.00 -86.97 -34.04
 819.00  62.25   3.84
 820.00 -68.16 172.13
 821.00 -51.93 160.38
 822.00 -103.35 -54.24
 823.00 -50.42  56.55
 824.00 -55.85 -24.41
 825.00 -62.52 -41.66
 826.00 -72.36 -39.88
 827.00 -54.97 -45.64
 828.00 -78.31 -39.31
 829.00 -64.27 -43.71
 830.00 -68.46 -29.38
 831.00 -69.24 -40.41
 832.00 -59.62 -38.10
 833.00 -102.45 -29.44
 834.00 -56.26 -16.75
 835.00 -69.98 -53.01
 836.00 -59.96 -40.15
 837.00 -59.52 -46.40
 838.00 -58.22 -54.84
 839.00 -66.15 -22.48
 840.00 -122.76 -27.69
 841.00 -55.82   4.86
 842.00 -84.04 143.59
 843.00 -145.32  94.88
 844.00 -81.40 172.65
 845.00 -48.47  81.19
 846.00 -68.00 -23.66
 847.00 -136.46 -15.71
 848.00 -49.25  76.39
 849.00 -59.19 -33.32
 850.00 -57.62 -32.74
 851.00 -64.80 -35.65
 852.00 -59.79 -42.67
 853.00 -52.04 -51.08
 854.00 -65.51 -47.32
 855.00 -76.38 -33.67
 856.00 -56.78 -40.24
 857.00 -67.26 -40.61
 858.00 -71.55 -22.96
 859.00 -70.15 -40.78
 860.00 -66.56 -28.07
 861.00 -67.23 -36.01
 862.00 -73.50 -39.73
 863.00 -64.98 -35.11
 864.00 -84.52 -16.31
 865.00 -66.21 -20.82
 866.00 -64.60 -33.53
 867.00 -57.47 -48.37
 868.00 -73.01 -39.60
 869.00 -71.02 -32.39
 870.00 -49.33 -52.14
 871.00 -55.97 -49.78
 872.00 -78.39 -43.74
 873.00 -74.61 -22.99
 874.00 -59.09 -43.66
 875.00 -67.35 -38.14
 876.00 -66.37 -55.56
 877.00 -69.08 -35.86
 878.00 -72.94 -21.39
 879.00 -71.42 -43.04
 880.00 -70.65 -36.75
 881.00 -58.60 -40.94
 882.00 -89.14 -37.68
 883.00 -61.21   6.60
 884.00 -67.21 -30.68
 885.00 -49.16 -48.46
 886.00 -80.29 -55.14
 887.00  62.38  -1.03
 888.00 -74.19  18.23
 889.00 -86.27 130.84
 890.00 -105.72 118.06
 891.00 -63.43 112.99
 892.00 -41.92 132.48
 893.00 -66.64 -38.02
 894.00 -87.45 -38.43
 895.00 -64.01 -27.16
 896.00 -50.55 -41.63
 897.00 -54.18 -53.85
 898.00 -70.21 -47.97
 899.00 -76.87 -40.88
 900.00 -113.34 -21.00
 901.00 -98.91 -45.27
 902.00 -60.04 -38.79
 903.00 -43.37 -48.03
 904.00 -76.00 -25.13
 905.00 -66.31 -43.41
 906.00 -59.68 -40.36
 907.00 -71.18 -58.65
 908.00  90.43  -5.72
 909.00 -65.27   4.52
 910.00 -111.88 -31.67
 911.00 -118.10 136.60
 912.00 -81.13 136.40
 913.00 -87.49 135.81
 914.00 -76.98 115.73
 915.00 -101.37 164.61
 916.00 -125.92 -30.19
 917.00 -67.91 156.88


