 residuo Phi Psi
 669.00 -55.79 153.25
 670.00 -77.13 151.81
 671.00 -149.40 145.10
 672.00 -63.96   3.28
 673.00 -65.56 -45.55
 674.00 -86.68 -30.49
 675.00 -67.83 -30.10
 676.00 -60.88 -45.81
 677.00 -82.22 -41.37
 678.00 -63.47 -29.24
 679.00 -81.24 -41.52
 680.00 -78.13  15.87
 681.00 -58.52 119.64
 682.00 -71.58 143.08
 683.00 -65.85 164.40
 684.00 -98.23 120.97
 685.00 -94.87 148.67
 686.00 -68.09 141.50
 687.00  84.68 -22.38
 688.00 -86.90  20.97
 689.00 -113.20 145.20
 690.00 -63.11 103.15
 691.00 -60.05 -33.59
 692.00 -76.78 -23.60
 693.00 -54.06 140.48
 694.00 -76.70 156.61
 695.00 -162.66 146.94
 696.00 -68.47 176.39
 697.00 -71.76 -67.82
 698.00 -63.05 -26.39
 699.00 -82.86 -30.97
 700.00 -68.91 -40.65
 701.00 -53.32 -37.60
 702.00 -71.96 -52.00
 703.00 -58.81 -34.77
 704.00 -72.46 -44.40
 705.00 -69.30 -27.58
 706.00 -53.98 -45.74
 707.00 -66.00 -31.05
 708.00 -67.15 -47.81
 709.00 -61.37 -27.72
 710.00 -72.16 -48.30
 711.00 -58.71 -40.89
 712.00 -70.07 -35.39
 713.00 -52.79 -52.42
 714.00 -49.37 -53.16
 715.00 -64.55 -50.81
 716.00 -59.29 -48.62
 717.00 -61.73 -34.01
 718.00 -70.18 -43.10
 719.00 -63.97 -41.24
 720.00 -112.14   2.07
 721.00 -56.09 -12.96
 722.00 -72.28 140.33
 723.00 104.82 129.67
 724.00 -65.53 -13.55
 725.00 -70.04 -24.90
 726.00 -60.15 -25.16
 727.00 -71.62 -41.61
 728.00 -72.48 147.55
 729.00 -60.53 151.52
 730.00 -74.37 -27.75
 731.00 -63.45 -32.22
 732.00 -45.58 -49.27
 733.00 -68.82 -44.27
 734.00 -70.53 -38.60
 735.00 -63.69 -55.01
 736.00 -79.20 -27.85
 737.00 -77.80 -39.35
 738.00 -75.93 -29.19
 739.00 -97.92 -39.03
 740.00 -44.84  -2.77
 741.00 -67.13 -59.22
 742.00 -68.70 -36.32
 743.00 -42.23 -53.05
 744.00 -63.82 -56.61
 745.00 -57.03 -46.08
 746.00 -53.62 -45.09
 747.00 -70.77 -47.77
 748.00 -61.15 -32.32
 749.00 -60.12 -43.96
 750.00 -67.64 -43.05
 751.00 -58.94 -37.23
 752.00 -63.00 -44.44
 753.00 -61.79 -36.25
 754.00 -93.20 -45.04
 755.00 -116.29 -12.20
 756.00 -139.36 -38.20
 757.00  57.47  31.68
 758.00  64.69  46.54
 759.00 -90.54 -16.74
 760.00 -65.80 -50.02
 761.00 -101.97 152.97
 762.00 -107.11 124.78
 763.00 -38.36  60.05
 764.00 -148.42 -64.81
 765.00 -56.33 167.53
 766.00 -93.56 -30.05
 767.00 -85.36 -45.47
 768.00 -80.39  60.51
 769.00 -102.26 131.03
 770.00 -100.86 119.72
 771.00 -57.47 173.31
 772.00 -63.47 -29.25
 773.00 -64.27 -50.46
 774.00 -65.74 -31.50
 775.00 -79.74 -32.83
 776.00 -63.68 -44.48
 777.00 -91.89 -27.43
 778.00  48.20   6.29
 779.00 -124.18  24.88
 780.00 -46.71  29.73
 781.00 -56.23 -50.02
 782.00 -67.78 -49.34
 783.00 -73.77 -36.70
 784.00 -73.47 -26.18
 785.00 -70.62 -43.12
 786.00 -69.26 -23.06
 787.00 -68.37 -35.20
 788.00 -61.72 -38.95
 789.00 -75.88 -35.55
 790.00 -66.38 -32.75
 791.00 -62.28 -38.62
 792.00 -56.52 -34.59
 793.00 -68.96 -25.84
 794.00 -74.26 -39.70
 795.00 -88.01 -16.26
 796.00 -76.04 -50.32
 797.00  55.28 -22.59
 798.00 -74.69  70.95
 799.00 -65.51 120.00
 800.00 -48.65 144.18
 801.00 -48.41 -39.62
 802.00 -77.50 -50.09
 803.00 -57.60 -35.50
 804.00 -65.29 -44.55
 805.00 -71.08 -38.63
 806.00 -64.64 -42.48
 807.00 -58.84 -42.91
 808.00 -71.96 -34.34
 809.00 -62.22 -49.31
 810.00 -56.06 -28.73
 811.00 -71.01 -27.39
 812.00 -126.19 -16.89
 813.00 -132.52  34.44
 814.00 -153.97  15.46
 815.00 -147.21 126.90
 816.00 -54.86 150.80
 817.00 -67.99 145.92
 818.00 -113.68 -26.91
 819.00  77.03  14.94
 820.00 -62.17 163.96
 821.00 -53.06 151.01
 822.00 -124.28 -41.71
 823.00 -48.49  68.04
 824.00 -51.54 -33.05
 825.00 -68.39 -40.02
 826.00 -68.36 -33.16
 827.00 -62.07 -53.35
 828.00 -66.01 -42.27
 829.00 -76.74 -28.46
 830.00 -52.49 -43.54
 831.00 -57.22 -53.53
 832.00 -51.16 -50.98
 833.00 -62.35 -50.24
 834.00 -63.86 -46.85
 835.00 -68.94 -37.50
 836.00 -75.77 -21.87
 837.00 -62.94 -34.50
 838.00 -63.68 -35.24
 839.00 -138.14  12.03
 840.00 -92.36 -17.54
 841.00 -67.08 -16.31
 842.00 -79.48 157.75
 843.00 -171.56 107.53
 844.00 -81.05 159.50
 845.00 -51.08  92.98
 846.00 -52.85 -35.79
 847.00 -118.41 -35.76
 848.00 -67.97  79.70
 849.00 -58.90 -12.02
 850.00 -52.53 -39.93
 851.00 -72.22 -37.05
 852.00 -53.06 -48.82
 853.00 -66.38 -44.13
 854.00 -58.24 -47.42
 855.00 -58.04 -46.83
 856.00 -49.85 -50.55
 857.00 -64.62 -44.32
 858.00 -88.20 -31.91
 859.00 -69.45 -36.13
 860.00 -56.29 -37.13
 861.00 -54.29 -51.73
 862.00 -56.38 -49.21
 863.00 -47.68 -51.24
 864.00 -63.02 -46.38
 865.00 -71.29 -19.75
 866.00 -66.18 -30.69
 867.00 -79.66 -39.85
 868.00 -75.46 -20.33
 869.00 -54.85 -38.22
 870.00 -58.43 -54.86
 871.00 -59.29 -42.91
 872.00 -78.87 -35.45
 873.00 -54.40 -40.56
 874.00 -63.43 -48.74
 875.00 -74.53 -32.76
 876.00 -71.67 -42.76
 877.00 -58.31 -44.38
 878.00 -73.90 -41.27
 879.00 -91.14  -8.29
 880.00 -52.81 -59.33
 881.00 -38.94 -50.53
 882.00 -143.28 -28.44
 883.00 -60.69  32.48
 884.00 -78.68 -37.03
 885.00 -75.05 -22.62
 886.00 -133.35  -8.91
 887.00  63.93  12.16
 888.00 -91.69  29.41
 889.00 -84.96 132.22
 890.00 -136.08 141.40
 891.00 -68.67 129.53
 892.00 -52.53 126.56
 893.00 -57.31 -48.83
 894.00 -87.22 -31.23
 895.00 -57.22 -34.72
 896.00 -53.51 -39.47
 897.00 -57.40 -51.42
 898.00 -70.44 -40.45
 899.00 -84.24 -44.04
 900.00 -115.93 -17.31
 901.00 -87.53 -46.03
 902.00 -55.03 -50.43
 903.00 -58.03 -40.08
 904.00 -69.05 -24.53
 905.00 -76.79 -27.69
 906.00 -66.22 -51.85
 907.00 -89.68 -30.04
 908.00  68.80   1.97
 909.00 -70.34  12.07
 910.00 -91.91 -36.15
 911.00 -142.15 141.70
 912.00 -68.58 150.80
 913.00 -111.88 176.57
 914.00 -71.51  91.78
 915.00 -60.47 115.09
 916.00 -116.48 -36.60
 917.00 -113.30 123.67


