 residuo Phi Psi
 669.00 -72.60 -68.67
 670.00 -43.13 162.77
 671.00 -49.99 147.47
 672.00 -79.54 -38.21
 673.00 -67.75 -25.29
 674.00 -68.63 -34.89
 675.00 -73.64 -34.87
 676.00 -68.17 -34.05
 677.00 -66.75 -43.20
 678.00 -68.86 -31.39
 679.00 -87.09 -36.82
 680.00 -79.06  -5.11
 681.00 -77.79 133.06
 682.00 -82.84 160.82
 683.00 -60.54 174.72
 684.00 -76.89 104.09
 685.00 -63.56 123.42
 686.00 -73.94 146.03
 687.00  72.06 -20.87
 688.00 -94.67  37.62
 689.00 -123.91 157.21
 690.00 -71.97 106.94
 691.00 -77.45  -4.51
 692.00 -68.79 -19.90
 693.00 -61.33 143.59
 694.00 -75.04 144.49
 695.00 -143.26 122.02
 696.00 -48.73 148.26
 697.00 -82.00 -54.38
 698.00 -65.19 -27.12
 699.00 -68.72 -42.54
 700.00 -60.46 -49.50
 701.00 -58.83 -45.05
 702.00 -60.07 -42.17
 703.00 -86.28 -30.82
 704.00 -58.59 -30.99
 705.00 -58.92 -39.57
 706.00 -62.85 -50.65
 707.00 -59.33 -31.51
 708.00 -67.21 -40.14
 709.00 -64.92 -43.14
 710.00 -67.00 -47.27
 711.00 -48.65 -44.39
 712.00 -50.19 -48.65
 713.00 -62.30 -51.66
 714.00 -52.95 -47.55
 715.00 -82.10 -37.64
 716.00 -59.63 -38.87
 717.00 -68.89 -39.87
 718.00 -56.32 -45.92
 719.00 -71.00 -37.34
 720.00 -114.67  -5.05
 721.00 -67.28  -7.45
 722.00 -71.88 116.97
 723.00  77.55 160.48
 724.00 -61.34 -33.34
 725.00 -67.17 -31.58
 726.00 -63.63  -8.64
 727.00 -72.94 -17.54
 728.00 -56.53 144.53
 729.00 -52.67 150.84
 730.00 -80.37 -35.87
 731.00 -95.50 -16.33
 732.00 -55.76 -32.77
 733.00 -61.84 -42.76
 734.00 -48.83 -44.34
 735.00 -71.21 -61.98
 736.00 -79.36 -11.97
 737.00 -76.52 -42.71
 738.00 -94.30  -4.61
 739.00 -81.91 -56.94
 740.00 -52.87  -9.45
 741.00 -90.80 -36.51
 742.00 -74.05 -26.93
 743.00 -54.73 -52.08
 744.00 -68.87 -44.72
 745.00 -74.25 -47.36
 746.00 -54.58 -40.24
 747.00 -71.09 -45.62
 748.00 -77.83 -26.61
 749.00 -70.17 -28.86
 750.00 -62.96 -36.41
 751.00 -47.37 -53.51
 752.00 -49.50 -51.44
 753.00 -75.18 -45.66
 754.00 -72.90 -45.37
 755.00 -76.65 -50.10
 756.00 -142.70 -43.19
 757.00  63.71  26.13
 758.00  51.31  31.35
 759.00 -57.99  -2.69
 760.00 -112.53 -38.55
 761.00 -94.87 162.62
 762.00 -102.16 115.58
 763.00 -50.00  67.23
 764.00 -158.69 -51.00
 765.00 -56.19 165.72
 766.00 -90.64 -24.98
 767.00 -87.02 -55.89
 768.00 -59.74  25.96
 769.00 -106.91 133.98
 770.00 -129.51 130.04
 771.00 -56.89 168.71
 772.00 -56.08 -40.22
 773.00 -77.20 -41.55
 774.00 -67.72 -28.32
 775.00 -87.80 -24.00
 776.00 -61.75 -42.95
 777.00 -92.06 -36.06
 778.00  38.59   3.89
 779.00 -123.00  51.53
 780.00 -66.67  19.90
 781.00 -60.62 -45.07
 782.00 -56.76 -46.73
 783.00 -73.92 -34.91
 784.00 -52.23 -41.23
 785.00 -57.03 -52.22
 786.00 -56.72 -46.09
 787.00 -59.10 -43.26
 788.00 -54.79 -52.90
 789.00 -64.72 -34.45
 790.00 -68.09 -53.13
 791.00 -62.95 -28.55
 792.00 -66.66 -25.99
 793.00 -73.30 -29.43
 794.00 -80.34 -41.79
 795.00 -71.71 -14.75
 796.00 -62.47 -50.87
 797.00  54.79 -33.01
 798.00 -60.87  59.24
 799.00 -89.23 133.56
 800.00 -66.01 161.83
 801.00 -58.09 -31.24
 802.00 -71.62 -42.95
 803.00 -58.54 -39.49
 804.00 -54.94 -53.17
 805.00 -76.55 -41.56
 806.00 -72.70 -32.02
 807.00 -61.23 -40.74
 808.00 -60.71 -39.64
 809.00 -55.81 -53.89
 810.00 -59.87 -35.84
 811.00 -71.51 -22.48
 812.00 -91.64 -41.49
 813.00 -116.64  32.86
 814.00 -147.91  10.20
 815.00 -146.67 120.40
 816.00 -73.14 166.32
 817.00 -59.91 159.24
 818.00 -75.70 -36.25
 819.00  64.85 -12.76
 820.00 -63.67 163.55
 821.00 -55.58 152.10
 822.00 -96.92 -41.63
 823.00 -55.93  27.83
 824.00 -76.16 -31.05
 825.00 -68.42 -31.61
 826.00 -63.20 -33.42
 827.00 -59.32 -49.83
 828.00 -62.13 -41.46
 829.00 -70.82 -37.22
 830.00 -59.01 -42.43
 831.00 -67.70 -42.79
 832.00 -63.16 -32.92
 833.00 -77.00 -42.41
 834.00 -55.02 -29.62
 835.00 -69.21 -53.21
 836.00 -59.84 -29.61
 837.00 -62.08 -44.15
 838.00 -63.97 -42.36
 839.00 -74.42 -28.22
 840.00 -117.70 -22.35
 841.00 -59.65  -0.08
 842.00 -92.24 155.77
 843.00 -136.60  92.18
 844.00 -95.43 151.50
 845.00 -61.11  93.82
 846.00 -59.81 -20.17
 847.00 -102.01 -20.56
 848.00 -53.16 115.43
 849.00 -121.76 -13.26
 850.00 -61.03  -7.85
 851.00 -81.34 -39.56
 852.00 -62.64 -51.55
 853.00 -76.77 -23.00
 854.00 -56.98 -44.19
 855.00 -67.13 -42.59
 856.00 -62.03 -42.97
 857.00 -67.84 -35.95
 858.00 -67.77 -38.79
 859.00 -64.13 -38.17
 860.00 -58.17 -41.69
 861.00 -65.13 -44.66
 862.00 -63.96 -36.02
 863.00 -72.29 -36.70
 864.00 -66.26 -28.80
 865.00 -62.60 -29.46
 866.00 -40.65 -49.48
 867.00 -65.17 -55.17
 868.00 -66.44 -31.74
 869.00 -59.46 -48.98
 870.00 -63.92 -38.31
 871.00 -54.31 -40.80
 872.00 -65.54 -44.65
 873.00 -66.51 -41.28
 874.00 -60.04 -40.69
 875.00 -71.78 -41.57
 876.00 -82.63 -35.27
 877.00 -62.31 -34.76
 878.00 -65.00 -42.12
 879.00 -85.67 -16.44
 880.00 -58.08 -43.41
 881.00 -67.30 -39.44
 882.00 -138.78  -8.30
 883.00 -55.50  25.86
 884.00 -66.35 -39.01
 885.00 -101.60  -5.99
 886.00 -91.30 -39.93
 887.00  68.91  -6.04
 888.00 -84.94  19.17
 889.00 -81.75 128.69
 890.00 -134.86 142.37
 891.00 -55.96 131.33
 892.00 -60.46 136.27
 893.00 -73.68 -33.73
 894.00 -82.73 -20.87
 895.00 -62.01 -43.61
 896.00 -73.82 -28.45
 897.00 -70.08 -38.40
 898.00 -65.98 -38.07
 899.00 -64.96 -46.73
 900.00 -104.54 -35.94
 901.00 -96.26 -55.43
 902.00 -64.31 -31.07
 903.00 -53.47 -31.50
 904.00 -73.06 -30.91
 905.00 -69.63 -32.73
 906.00 -67.98 -55.62
 907.00 -89.28 -26.07
 908.00  85.59  -7.67
 909.00 -62.44   7.04
 910.00 -117.15 -32.79
 911.00 -136.58 135.91
 912.00 -63.83 148.48
 913.00 -82.35 127.70
 914.00 -70.29  88.83
 915.00 -85.04 141.31
 916.00 -120.20 -28.02
 917.00 -117.93 157.37


