 residuo Phi Psi
 669.00 -143.98 148.97
 670.00 -65.16 151.21
 671.00 -154.04 166.39
 672.00 -59.29 -44.18
 673.00 -51.91 -49.78
 674.00 -69.78 -45.79
 675.00 -77.90 -21.76
 676.00 -60.90 -44.05
 677.00 -70.75 -24.16
 678.00 -68.17 -40.55
 679.00 -93.62 -33.83
 680.00 -66.01 -25.74
 681.00 -78.09 129.72
 682.00 -61.07 167.07
 683.00 -59.71 162.88
 684.00 -102.13 139.22
 685.00 -82.59 130.99
 686.00 -75.81 144.86
 687.00  93.93 -24.99
 688.00 -91.49  17.42
 689.00 -121.63 146.56
 690.00 -75.75 110.27
 691.00 -83.61  -4.47
 692.00 -76.33 -21.60
 693.00 -72.37 155.63
 694.00 -72.06 139.77
 695.00 -148.99 136.06
 696.00 -53.29 161.58
 697.00 -49.41 -54.97
 698.00 -66.89 -47.01
 699.00 -65.93 -47.02
 700.00 -63.88 -49.68
 701.00 -56.71 -44.32
 702.00 -70.97 -34.85
 703.00 -76.33 -33.00
 704.00 -60.41 -40.47
 705.00 -88.74 -19.64
 706.00 -55.64 -41.06
 707.00 -46.42 -45.83
 708.00 -69.73 -52.75
 709.00 -61.56 -48.62
 710.00 -73.47 -31.74
 711.00 -58.48 -31.30
 712.00 -52.35 -42.48
 713.00 -93.69 -40.06
 714.00 -62.37 -35.19
 715.00 -74.54 -38.23
 716.00 -67.23 -35.86
 717.00 -68.30 -25.16
 718.00 -55.77 -57.21
 719.00 -53.32 -33.40
 720.00 -127.91 -12.15
 721.00 -65.89 -10.61
 722.00 -55.38 118.09
 723.00  88.25 140.70
 724.00 -60.98 -31.82
 725.00 -77.23 -30.62
 726.00 -57.09  -3.15
 727.00 -84.33 -24.34
 728.00 -69.04 145.67
 729.00 -47.57 147.44
 730.00 -75.38 -26.09
 731.00 -68.31 -41.41
 732.00 -64.63 -32.00
 733.00 -58.96 -54.07
 734.00 -63.40 -26.51
 735.00 -66.45 -58.32
 736.00 -65.01 -25.99
 737.00 -71.72 -49.67
 738.00 -95.18 -15.97
 739.00 -89.68 -29.18
 740.00 -52.18 -10.22
 741.00 -66.04 -47.90
 742.00 -67.24 -46.73
 743.00 -75.17 -30.83
 744.00 -69.86 -47.37
 745.00 -64.98 -27.38
 746.00 -68.17 -51.53
 747.00 -55.60 -33.26
 748.00 -67.53 -41.02
 749.00 -65.85 -36.19
 750.00 -69.98 -38.41
 751.00 -61.86 -46.37
 752.00 -84.12 -23.15
 753.00 -67.34 -31.11
 754.00 -73.23 -45.81
 755.00 -93.01 -40.87
 756.00 -127.73 -37.46
 757.00  52.76  18.58
 758.00  58.93  44.50
 759.00 -71.20   1.35
 760.00 -133.05 -23.41
 761.00 -86.67 158.70
 762.00 -148.29 155.94
 763.00 -62.35  70.24
 764.00 -138.39 -57.30
 765.00 -59.45 156.16
 766.00 -76.06 -37.39
 767.00 -123.88 -22.90
 768.00 -85.23  64.83
 769.00 -117.28 136.60
 770.00 -72.23 100.75
 771.00 -47.14 162.90
 772.00 -59.17 -44.55
 773.00 -78.71 -30.16
 774.00 -51.38 -42.14
 775.00 -55.94 -51.82
 776.00 -67.25 -53.60
 777.00 -85.15 -26.05
 778.00  58.25   3.87
 779.00 -140.82  39.58
 780.00 -58.00  42.44
 781.00 -42.69 -55.85
 782.00 -63.18 -51.54
 783.00 -76.29 -40.30
 784.00 -54.63 -35.63
 785.00 -60.24 -47.96
 786.00 -54.95 -40.55
 787.00 -64.63 -46.18
 788.00 -56.55 -50.83
 789.00 -68.47 -30.98
 790.00 -82.77 -35.21
 791.00 -76.89 -16.98
 792.00 -59.51 -29.70
 793.00 -66.63 -26.24
 794.00 -75.90 -40.89
 795.00 -72.63 -31.43
 796.00 -81.90 -32.10
 797.00  56.73 -25.26
 798.00 -73.08  61.18
 799.00 -103.88 155.38
 800.00 -58.88 154.87
 801.00 -70.55 -27.48
 802.00 -85.20 -30.96
 803.00 -58.87 -31.25
 804.00 -58.16 -51.48
 805.00 -82.65 -32.99
 806.00 -62.38 -34.60
 807.00 -63.14 -42.60
 808.00 -67.56 -43.38
 809.00 -65.81 -44.27
 810.00 -63.56 -33.64
 811.00 -76.94 -20.14
 812.00 -122.57  -9.55
 813.00 -137.29  43.28
 814.00 -132.59 -17.63
 815.00 -164.43 144.10
 816.00 -64.69 159.47
 817.00 -71.21 155.07
 818.00 -83.44 -25.73
 819.00  68.67  -3.13
 820.00 -57.34 150.83
 821.00 -68.64 168.41
 822.00 -106.78 -28.35
 823.00 -44.52  30.34
 824.00 -73.72 -39.83
 825.00 -65.92 -40.54
 826.00 -65.36 -34.41
 827.00 -49.43 -54.47
 828.00 -56.48 -49.24
 829.00 -84.89 -39.67
 830.00 -59.58 -32.47
 831.00 -72.61 -40.49
 832.00 -68.92 -28.06
 833.00 -70.65 -46.28
 834.00 -94.87  -2.08
 835.00 -52.51 -59.52
 836.00 -79.79 -25.83
 837.00 -64.03 -45.27
 838.00 -67.03 -39.63
 839.00 -81.36  -9.76
 840.00 -123.96 -28.94
 841.00 -56.03   9.52
 842.00 -74.56 139.44
 843.00 -141.60  91.45
 844.00 -83.25 167.24
 845.00 -49.78  78.78
 846.00 -77.04 -27.36
 847.00 -111.50 -13.51
 848.00 -59.84  72.52
 849.00 -53.47 -24.28
 850.00 -67.31 -26.66
 851.00 -76.09 -35.98
 852.00 -81.01 -28.55
 853.00 -68.88 -23.09
 854.00 -57.70 -44.93
 855.00 -72.47 -51.91
 856.00 -65.40 -21.18
 857.00 -55.84 -51.34
 858.00 -79.98 -32.70
 859.00 -61.09 -51.19
 860.00 -79.98 -16.75
 861.00 -74.69 -32.89
 862.00 -67.39 -42.04
 863.00 -50.84 -45.48
 864.00 -66.12 -49.54
 865.00 -84.11 -13.65
 866.00 -74.51 -17.16
 867.00 -65.96 -42.87
 868.00 -68.58 -24.05
 869.00 -52.18 -51.11
 870.00 -37.36 -51.75
 871.00 -55.40 -60.61
 872.00 -70.59 -48.14
 873.00 -65.85 -27.98
 874.00 -63.66 -46.97
 875.00 -60.40 -43.68
 876.00 -86.36 -42.62
 877.00 -62.87 -30.25
 878.00 -74.84 -37.57
 879.00 -75.04 -18.23
 880.00 -65.92 -39.66
 881.00 -71.28 -58.55
 882.00 -112.75  -3.95
 883.00 -55.17  14.93
 884.00 -53.58 -45.59
 885.00 -74.06 -45.40
 886.00 -95.11 -55.27
 887.00  64.93  10.40
 888.00 -85.11  18.21
 889.00 -103.14 127.93
 890.00 -115.72 137.78
 891.00 -80.95 137.85
 892.00 -54.59 154.98
 893.00 -61.02 -43.13
 894.00 -83.03 -35.82
 895.00 -64.81 -31.24
 896.00 -65.03 -37.97
 897.00 -64.15 -30.82
 898.00 -61.65 -65.34
 899.00 -71.48 -34.43
 900.00 -126.82 -26.12
 901.00 -69.89 -49.50
 902.00 -54.56 -53.46
 903.00 -43.19 -42.73
 904.00 -68.39 -55.49
 905.00 -60.31 -34.73
 906.00 -58.14 -55.36
 907.00 -71.63 -55.06
 908.00  84.49   5.16
 909.00 -72.51  13.84
 910.00 -144.08 -10.82
 911.00 -149.33 132.11
 912.00 -75.21 149.70
 913.00 -85.98 155.72
 914.00 -85.96 122.25
 915.00 -78.67 141.53
 916.00 -130.73 -34.98
 917.00 -134.57 145.31


