 residuo Phi Psi
 669.00 -74.98 -79.24
 670.00 -56.39 171.31
 671.00 -44.06 158.56
 672.00 -51.24 -58.37
 673.00 -64.84 -55.00
 674.00 -73.80 -18.63
 675.00 -75.98 -43.69
 676.00 -56.27 -47.05
 677.00 -85.82 -30.42
 678.00 -72.83 -23.06
 679.00 -119.96  -4.54
 680.00 -66.81   0.67
 681.00 -82.49 127.46
 682.00 -79.49 153.37
 683.00 -111.57 -165.28
 684.00 -130.79 147.11
 685.00 -75.55 140.09
 686.00 -85.26 150.38
 687.00 101.84 -24.79
 688.00 -61.24  -2.54
 689.00 -138.65 154.10
 690.00 -70.12 107.22
 691.00 -75.46 -12.24
 692.00 -81.24 -38.40
 693.00 -64.32 130.45
 694.00 -73.93 152.15
 695.00 -159.53 162.46
 696.00 -53.49 155.48
 697.00 -66.17 -66.88
 698.00 -64.70 -33.39
 699.00 -75.08 -39.00
 700.00 -65.49 -42.81
 701.00 -65.46 -29.68
 702.00 -72.77 -41.79
 703.00 -63.22 -28.16
 704.00 -62.48 -49.65
 705.00 -71.08 -34.40
 706.00 -64.88 -41.55
 707.00 -45.60 -34.80
 708.00 -81.97 -40.91
 709.00 -60.93 -33.15
 710.00 -71.34 -43.06
 711.00 -51.24 -47.73
 712.00 -60.38 -41.21
 713.00 -76.68 -41.86
 714.00 -76.18 -31.77
 715.00 -76.15 -24.75
 716.00 -55.26 -42.94
 717.00 -77.39 -31.20
 718.00 -64.97 -38.57
 719.00 -60.04 -38.71
 720.00 -125.53 -12.33
 721.00 -56.69 -14.68
 722.00 -54.37 123.69
 723.00 107.66 111.84
 724.00 -61.67 -15.08
 725.00 -78.74 -28.42
 726.00 -75.07   1.54
 727.00 -67.15 -32.96
 728.00 -66.64 155.36
 729.00 -59.36 148.76
 730.00 -56.63 -33.18
 731.00 -85.56 -32.58
 732.00 -63.34 -28.78
 733.00 -64.62 -43.46
 734.00 -62.93 -35.62
 735.00 -58.19 -63.61
 736.00 -62.19 -41.80
 737.00 -66.16 -51.20
 738.00 -102.40 -21.92
 739.00 -82.95 -29.67
 740.00 -55.78 -23.07
 741.00 -54.01 -49.96
 742.00 -56.56 -45.47
 743.00 -54.78 -57.90
 744.00 -66.94 -36.05
 745.00 -75.36 -45.30
 746.00 -67.16 -38.19
 747.00 -75.27 -39.40
 748.00 -79.72 -17.85
 749.00 -70.79 -34.33
 750.00 -53.73 -29.40
 751.00 -57.84 -69.09
 752.00 -67.40 -31.23
 753.00 -71.71 -39.18
 754.00 -67.32 -43.47
 755.00 -81.48 -54.10
 756.00 -149.21 -27.57
 757.00  52.62  37.66
 758.00  63.40  26.75
 759.00 -50.23 -12.33
 760.00 -120.23 -43.13
 761.00 -87.42 159.44
 762.00 -84.42 107.27
 763.00 -59.63  70.34
 764.00 -135.15 -57.85
 765.00 -64.20 172.28
 766.00 -94.61 -19.27
 767.00 -63.25 -60.83
 768.00 -91.66  74.64
 769.00 -120.09 136.24
 770.00 -88.49 112.76
 771.00 -43.35 176.10
 772.00 -62.11 -40.76
 773.00 -76.13 -39.85
 774.00 -55.51 -34.74
 775.00 -86.47 -34.19
 776.00 -66.94 -31.92
 777.00 -80.21 -37.84
 778.00  48.48  -3.35
 779.00 -113.73  37.54
 780.00 -62.95  15.04
 781.00 -71.95 -36.86
 782.00 -67.39 -40.29
 783.00 -68.08 -40.20
 784.00 -61.06 -28.61
 785.00 -61.49 -49.49
 786.00 -76.22 -34.44
 787.00 -51.71 -37.36
 788.00 -67.43 -55.72
 789.00 -52.16 -34.50
 790.00 -56.88 -63.93
 791.00 -52.95 -37.03
 792.00 -67.82 -29.37
 793.00 -69.55 -24.94
 794.00 -91.04 -37.93
 795.00 -65.08 -30.14
 796.00 -92.29 -31.46
 797.00  66.81 -28.32
 798.00 -60.64  46.69
 799.00 -90.22 134.95
 800.00 -63.96 159.82
 801.00 -78.13 -22.34
 802.00 -63.46 -45.53
 803.00 -60.71 -37.30
 804.00 -42.08 -54.63
 805.00 -77.55 -48.02
 806.00 -59.04 -40.78
 807.00 -73.81 -37.09
 808.00 -81.82 -20.27
 809.00 -57.76 -44.41
 810.00 -69.23 -37.24
 811.00 -75.32 -17.08
 812.00 -81.71 -41.02
 813.00 -135.58  41.24
 814.00 -145.86  14.96
 815.00 -145.52 130.94
 816.00 -52.64 160.32
 817.00 -63.66 151.71
 818.00 -70.02 -28.73
 819.00  75.17   1.89
 820.00 -83.31 165.97
 821.00 -53.69 158.37
 822.00 -98.98 -45.81
 823.00 -57.59  49.50
 824.00 -54.23 -42.08
 825.00 -74.83 -42.75
 826.00 -59.22 -41.53
 827.00 -52.28 -51.50
 828.00 -60.74 -43.07
 829.00 -47.89 -55.31
 830.00 -50.21 -49.16
 831.00 -53.23 -61.15
 832.00 -62.35 -39.81
 833.00 -83.67 -41.23
 834.00 -64.80 -11.39
 835.00 -69.97 -55.30
 836.00 -68.86 -34.19
 837.00 -66.54 -40.40
 838.00 -59.57 -44.14
 839.00 -75.20 -27.49
 840.00 -117.10 -25.11
 841.00 -56.68   4.73
 842.00 -76.01 152.93
 843.00 -157.31  87.66
 844.00 -90.70 153.24
 845.00 -79.76 133.53
 846.00 -70.47 -34.28
 847.00 -62.21 -34.69
 848.00 -55.33 134.50
 849.00 -131.61 -36.99
 850.00 -60.44  -8.99
 851.00 -72.69 -47.56
 852.00 -65.34 -31.58
 853.00 -84.53 -36.12
 854.00 -66.07 -36.36
 855.00 -66.43 -42.03
 856.00 -55.18 -46.03
 857.00 -61.95 -40.09
 858.00 -65.01 -45.92
 859.00 -68.07 -30.62
 860.00 -51.54 -44.86
 861.00 -67.46 -47.32
 862.00 -58.91 -36.51
 863.00 -61.79 -51.53
 864.00 -56.43 -36.39
 865.00 -62.01 -31.61
 866.00 -61.98 -39.31
 867.00 -69.85 -46.66
 868.00 -62.18 -32.32
 869.00 -56.76 -48.83
 870.00 -56.82 -46.42
 871.00 -61.15 -44.10
 872.00 -66.07 -44.21
 873.00 -68.59 -42.36
 874.00 -64.19 -42.41
 875.00 -64.79 -33.87
 876.00 -82.11 -45.05
 877.00 -64.46 -26.68
 878.00 -69.95 -37.08
 879.00 -96.77 -16.80
 880.00 -60.40 -40.20
 881.00 -62.34 -36.16
 882.00 -142.43 -12.51
 883.00 -48.39  30.13
 884.00 -63.39 -65.26
 885.00 -83.22 -23.17
 886.00 -89.69 -28.13
 887.00  53.22  -0.87
 888.00 -91.48  27.74
 889.00 -90.24 127.85
 890.00 -142.91 140.65
 891.00 -58.07  91.60
 892.00 -64.84 148.92
 893.00 -77.59 -39.42
 894.00 -82.25 -26.96
 895.00 -62.11 -39.56
 896.00 -69.89 -28.11
 897.00 -53.44 -35.85
 898.00 -85.82 -41.32
 899.00 -78.87 -29.79
 900.00 -118.65 -28.17
 901.00 -95.21 -52.71
 902.00 -66.91 -29.97
 903.00 -48.33 -45.52
 904.00 -68.45 -28.74
 905.00 -72.75 -32.26
 906.00 -58.59 -42.52
 907.00 -61.73 -52.99
 908.00  89.03  -7.29
 909.00 -69.05  -0.93
 910.00 -132.26 -23.59
 911.00 -129.22 135.65
 912.00 -81.72 153.67
 913.00 -109.41 163.60
 914.00 -65.68  90.67
 915.00 -64.87 126.39
 916.00 -88.50 -52.34
 917.00 -125.92 166.39


