 residuo Phi Psi
 669.00 -67.56 178.45
 670.00 -62.48 140.99
 671.00 -155.84 157.98
 672.00 -62.93 -21.32
 673.00 -54.37 -39.87
 674.00 -53.06 -52.32
 675.00 -89.61 -27.18
 676.00 -61.33 -39.33
 677.00 -50.92 -40.91
 678.00 -79.80 -36.78
 679.00 -104.34 -31.59
 680.00 -69.25   2.86
 681.00 -81.45 127.14
 682.00 -69.35 167.95
 683.00 -60.52 156.52
 684.00 -114.56 142.74
 685.00 -87.25 125.31
 686.00 -75.44 148.26
 687.00  57.81 -17.98
 688.00 -72.48  54.47
 689.00 -140.34 156.87
 690.00 -70.85 142.81
 691.00 -61.60  -5.75
 692.00 -81.02 -30.13
 693.00 -79.12 124.87
 694.00 -75.29 149.41
 695.00 -72.51  41.93
 696.00 -47.14 159.03
 697.00 -84.94 -44.13
 698.00 -59.96 -44.13
 699.00 -67.84 -38.38
 700.00 -69.83 -61.38
 701.00 -70.30 -27.47
 702.00 -54.19 -38.22
 703.00 -81.45 -33.58
 704.00 -59.39 -40.12
 705.00 -78.95 -32.70
 706.00 -60.71 -48.33
 707.00 -53.43 -29.86
 708.00 -66.20 -42.81
 709.00 -64.21 -47.26
 710.00 -68.30 -39.85
 711.00 -56.66 -45.86
 712.00 -56.98 -37.78
 713.00 -79.01 -51.55
 714.00 -73.63 -18.84
 715.00 -89.75 -25.59
 716.00 -48.79 -35.21
 717.00 -65.04 -43.51
 718.00 -55.50 -60.96
 719.00 -55.44 -32.80
 720.00 -83.01 -36.12
 721.00 -50.98 -27.06
 722.00 -85.48 132.54
 723.00  77.87 148.90
 724.00 -52.18 -32.14
 725.00 -68.93 -28.51
 726.00 -79.86  -0.02
 727.00 -92.41  -8.34
 728.00 -65.25 139.67
 729.00 -52.64 152.17
 730.00 -57.25 -40.97
 731.00 -69.35 -51.34
 732.00 -37.94 -42.88
 733.00 -72.87 -50.64
 734.00 -56.40 -41.79
 735.00 -62.25 -61.74
 736.00 -69.00 -26.41
 737.00 -73.76 -43.65
 738.00 -97.37 -21.63
 739.00 -82.10 -28.92
 740.00 -49.82  -4.30
 741.00 -65.91 -53.17
 742.00 -69.91 -61.89
 743.00 -67.92 -26.21
 744.00 -74.62 -43.55
 745.00 -46.75 -42.62
 746.00 -76.78 -49.59
 747.00 -68.69 -33.50
 748.00 -69.70 -33.96
 749.00 -68.86 -27.16
 750.00 -72.25 -32.64
 751.00 -68.77 -40.11
 752.00 -63.03 -38.90
 753.00 -59.48 -36.86
 754.00 -65.59 -67.29
 755.00 -83.17 -37.96
 756.00 -144.02 -34.26
 757.00  56.09  37.79
 758.00  62.07  30.84
 759.00 -74.70 -16.34
 760.00 -93.37 -49.04
 761.00 -101.76 161.99
 762.00 -118.19 132.17
 763.00 -62.55  68.65
 764.00 -150.93 -54.99
 765.00 -67.97 152.44
 766.00 -87.60 -21.31
 767.00 -136.78  -5.90
 768.00 -104.13  79.59
 769.00 -117.16 149.14
 770.00 -95.52 115.84
 771.00 -59.03 -174.80
 772.00 -52.35 -44.52
 773.00 -56.24 -56.27
 774.00 -72.53 -28.39
 775.00 -62.23 -45.61
 776.00 -75.03 -43.51
 777.00 -100.48 -18.19
 778.00  59.42   2.66
 779.00 -85.78 -14.02
 780.00 -57.07  31.17
 781.00 -74.62 -61.87
 782.00 -54.96 -32.05
 783.00 -67.05 -44.37
 784.00 -60.69 -39.50
 785.00 -69.71 -32.08
 786.00 -63.70 -36.01
 787.00 -81.12 -25.86
 788.00 -54.55 -44.85
 789.00 -78.99 -35.23
 790.00 -66.04 -36.47
 791.00 -62.22 -34.91
 792.00 -75.35 -23.81
 793.00 -60.30 -32.86
 794.00 -77.52 -34.75
 795.00 -70.61 -31.17
 796.00 -84.59 -39.88
 797.00  53.59 -11.74
 798.00 -79.75  60.64
 799.00 -83.72 138.12
 800.00 -53.80 151.80
 801.00 -56.32 -39.32
 802.00 -71.64 -41.05
 803.00 -61.18 -34.25
 804.00 -65.05 -55.60
 805.00 -71.25 -26.93
 806.00 -67.08 -32.47
 807.00 -65.35 -44.27
 808.00 -68.30 -30.37
 809.00 -72.03 -42.02
 810.00 -74.99 -22.51
 811.00 -68.64 -19.72
 812.00 -118.52 -21.28
 813.00 -132.32  44.53
 814.00 -166.92  21.03
 815.00 -141.46 124.10
 816.00 -47.01 158.80
 817.00 -48.17 144.68
 818.00 -67.90 -49.48
 819.00  74.07  -5.30
 820.00 -65.00 140.79
 821.00 -73.94 158.33
 822.00 -102.98 -22.91
 823.00 -52.16  26.05
 824.00 -58.91 -47.61
 825.00 -76.34 -38.09
 826.00 -60.35 -33.79
 827.00 -56.34 -47.33
 828.00 -59.90 -58.83
 829.00 -71.78 -30.61
 830.00 -57.92 -49.60
 831.00 -47.35 -45.71
 832.00 -62.47 -51.24
 833.00 -62.60 -51.25
 834.00 -85.53 -20.16
 835.00 -63.79 -49.10
 836.00 -65.81 -40.41
 837.00 -74.02 -26.88
 838.00 -47.83 -53.36
 839.00 -60.64 -38.87
 840.00 -113.88 -27.42
 841.00 -53.62  -9.35
 842.00 -80.10 143.37
 843.00 -86.33  49.99
 844.00 -92.30 173.64
 845.00 -51.56  88.40
 846.00 -71.99 -26.72
 847.00 -118.15 -12.42
 848.00 -56.27  68.46
 849.00 -63.59 -20.35
 850.00 -59.32 -37.09
 851.00 -76.41 -36.87
 852.00 -55.47 -42.81
 853.00 -69.43 -45.35
 854.00 -61.69 -43.08
 855.00 -49.43 -58.68
 856.00 -70.19 -35.25
 857.00 -67.85 -32.35
 858.00 -71.59 -40.79
 859.00 -69.62 -41.05
 860.00 -64.70 -34.44
 861.00 -62.65 -39.40
 862.00 -56.30 -51.41
 863.00 -64.33 -38.31
 864.00 -57.72 -46.49
 865.00 -67.11 -22.08
 866.00 -71.49 -36.06
 867.00 -58.53 -43.87
 868.00 -64.40 -33.89
 869.00 -57.17 -52.37
 870.00 -69.33 -37.25
 871.00 -63.25 -41.04
 872.00 -71.84 -38.85
 873.00 -57.95 -37.63
 874.00 -64.12 -40.43
 875.00 -67.94 -47.10
 876.00 -57.66 -45.28
 877.00 -74.13 -40.29
 878.00 -81.96 -22.59
 879.00 -66.92 -29.82
 880.00 -74.98 -37.29
 881.00 -72.91 -39.76
 882.00 -108.71 -30.74
 883.00 -45.49  26.96
 884.00 -58.38 -47.22
 885.00 -74.35 -30.20
 886.00 -107.81 -32.38
 887.00  57.75  -6.48
 888.00 -86.10  27.50
 889.00 -97.42 133.24
 890.00 -150.37 161.68
 891.00 -58.62 134.67
 892.00 -70.28 145.06
 893.00 -63.84 -26.40
 894.00 -81.91 -38.54
 895.00 -66.07 -34.33
 896.00 -70.70 -32.34
 897.00 -65.63 -48.83
 898.00 -72.57 -36.69
 899.00 -97.93 -26.46
 900.00 -95.92 -28.16
 901.00 -93.53 -53.12
 902.00 -55.33 -45.27
 903.00 -64.14 -26.22
 904.00 -69.67 -25.60
 905.00 -73.85 -30.49
 906.00 -74.69 -40.68
 907.00 -72.37 -30.40
 908.00  78.39  -0.91
 909.00 -78.01   3.65
 910.00 -113.76 -31.49
 911.00 -135.22 129.62
 912.00 -55.91 139.71
 913.00 -94.68 151.97
 914.00 -83.72  96.97
 915.00 -69.82 133.91
 916.00 -119.51 -40.07
 917.00 -83.58 169.35


