 residuo Phi Psi
 669.00 -47.46 153.58
 670.00 -69.52 154.32
 671.00 -81.40 103.72
 672.00 -40.52 -53.54
 673.00 -58.68 -79.90
 674.00 -55.29 -31.35
 675.00 -87.67 -28.84
 676.00 -69.02 -26.73
 677.00 -78.26 -28.56
 678.00 -79.46 -15.89
 679.00 -74.73 -60.24
 680.00 -50.05 -22.35
 681.00 -83.86 120.33
 682.00 -63.62 166.64
 683.00 -72.21 147.79
 684.00 -97.61 131.31
 685.00 -84.79 157.66
 686.00 -57.35 139.22
 687.00  75.41 -26.95
 688.00 -76.52  28.41
 689.00 -149.32 167.93
 690.00 -68.23 113.52
 691.00 -68.96  -6.77
 692.00 -82.29 -16.77
 693.00 -54.87 117.16
 694.00 -76.48 138.41
 695.00 -158.03 143.67
 696.00 -53.04 159.25
 697.00 -68.30 -64.94
 698.00 -89.26 -29.56
 699.00 -66.03 -25.32
 700.00 -61.41 -45.90
 701.00 -56.48 -48.76
 702.00 -80.48 -30.33
 703.00 -68.70 -31.21
 704.00 -70.14 -38.88
 705.00 -61.54 -39.30
 706.00 -53.69 -52.74
 707.00 -55.33 -37.54
 708.00 -64.98 -43.79
 709.00 -71.68 -46.78
 710.00 -59.68 -39.07
 711.00 -76.03 -42.13
 712.00 -53.10 -32.80
 713.00 -79.08 -41.69
 714.00 -70.18 -23.20
 715.00 -59.34 -41.25
 716.00 -55.78 -49.93
 717.00 -66.56 -44.35
 718.00 -66.85 -40.86
 719.00 -34.01 -49.56
 720.00 -76.80 -53.86
 721.00 -57.71 -10.11
 722.00 -51.45 141.07
 723.00  90.87 132.63
 724.00 -56.44 -24.72
 725.00 -57.67 -41.04
 726.00 -63.48 -21.26
 727.00 -67.77 -34.90
 728.00 -85.84 153.93
 729.00 -50.40 142.43
 730.00 -69.09 -35.76
 731.00 -72.63 -31.78
 732.00 -54.45 -47.32
 733.00 -65.10 -42.71
 734.00 -71.80 -45.64
 735.00 -83.73 -37.42
 736.00 -60.67 -21.93
 737.00 -72.30 -40.37
 738.00 -70.24 -41.34
 739.00 -86.83 -28.65
 740.00 -49.85 -15.60
 741.00 -56.16 -53.92
 742.00 -59.50 -56.18
 743.00 -78.46 -39.53
 744.00 -66.18 -47.45
 745.00 -63.57 -42.19
 746.00 -60.97 -41.51
 747.00 -73.41 -37.57
 748.00 -85.18 -23.18
 749.00 -50.69 -31.48
 750.00 -69.97 -46.17
 751.00 -60.44 -41.09
 752.00 -59.45 -39.77
 753.00 -58.74 -49.56
 754.00 -90.19 -47.87
 755.00 -87.07 -19.15
 756.00 -144.87 -43.09
 757.00  57.57  27.01
 758.00  61.98  32.05
 759.00 -80.17  12.86
 760.00 -141.58 -12.09
 761.00 -83.48 160.25
 762.00 -101.79 118.15
 763.00 -63.13  77.02
 764.00 -147.80 -53.12
 765.00 -60.47 166.09
 766.00 -98.36 -19.10
 767.00 -142.55  -5.92
 768.00 -124.48  85.05
 769.00 -124.90 143.59
 770.00 -61.26 105.20
 771.00 -53.09 172.76
 772.00 -58.64 -39.55
 773.00 -63.45 -52.49
 774.00 -59.43 -20.57
 775.00 -59.73 -60.50
 776.00 -71.23 -45.96
 777.00 -92.64 -25.01
 778.00  61.71   8.36
 779.00 -137.55  30.20
 780.00 -53.22  37.91
 781.00 -50.50 -56.92
 782.00 -67.08 -40.37
 783.00 -69.36 -38.79
 784.00 -58.70 -36.46
 785.00 -69.54 -45.62
 786.00 -76.79 -27.88
 787.00 -67.11 -34.31
 788.00 -47.17 -41.39
 789.00 -71.89 -42.88
 790.00 -62.27 -44.72
 791.00 -60.70 -39.03
 792.00 -63.87 -27.67
 793.00 -53.54 -38.53
 794.00 -71.00 -36.54
 795.00 -58.94 -57.13
 796.00 -102.20 -29.55
 797.00  67.75  -9.53
 798.00 -70.86  58.41
 799.00 -104.96 146.05
 800.00 -65.69 160.31
 801.00 -62.62 -29.03
 802.00 -67.01 -45.99
 803.00 -55.11 -43.58
 804.00 -63.66 -47.08
 805.00 -80.27 -33.25
 806.00 -64.66 -42.45
 807.00 -67.08 -38.53
 808.00 -66.00 -30.23
 809.00 -57.47 -44.91
 810.00 -78.11 -23.22
 811.00 -70.45 -14.70
 812.00 -121.62 -29.07
 813.00 -141.61  61.83
 814.00 -157.69  21.43
 815.00 -152.61 132.42
 816.00 -65.86 169.61
 817.00 -62.94 165.66
 818.00 -101.96 -28.35
 819.00  89.73  -3.95
 820.00 -66.89 -179.53
 821.00 -53.90 161.18
 822.00 -117.03 -44.66
 823.00 -47.40  74.13
 824.00 -42.77 -38.32
 825.00 -82.34 -27.95
 826.00 -74.70 -27.87
 827.00 -67.08 -46.59
 828.00 -73.19 -43.39
 829.00 -77.04 -29.33
 830.00 -52.15 -44.67
 831.00 -55.68 -45.91
 832.00 -61.70 -45.79
 833.00 -62.77 -44.25
 834.00 -65.45 -32.55
 835.00 -73.86 -39.81
 836.00 -76.01 -39.60
 837.00 -76.08 -25.57
 838.00 -56.37 -37.42
 839.00 -65.65 -30.78
 840.00 -131.90 -18.63
 841.00 -64.89   0.27
 842.00 -67.82 141.18
 843.00 -141.65  89.53
 844.00 -92.77 177.46
 845.00 -51.85  95.02
 846.00 -55.59 -30.32
 847.00 -124.46 -30.50
 848.00 -57.62  81.25
 849.00 -55.64 -26.56
 850.00 -68.65 -26.11
 851.00 -73.84 -35.03
 852.00 -56.71 -45.05
 853.00 -69.09 -35.57
 854.00 -64.04 -37.50
 855.00 -66.43 -40.70
 856.00 -51.77 -46.93
 857.00 -63.39 -45.01
 858.00 -86.99 -29.79
 859.00 -80.97 -28.60
 860.00 -69.35 -25.88
 861.00 -59.46 -45.80
 862.00 -56.18 -43.36
 863.00 -67.36 -51.52
 864.00 -75.64 -24.60
 865.00 -72.77 -14.31
 866.00 -61.13 -28.88
 867.00 -66.12 -53.18
 868.00 -74.08 -23.73
 869.00 -50.92 -38.62
 870.00 -61.70 -46.97
 871.00 -59.91 -49.85
 872.00 -82.07 -40.67
 873.00 -66.28 -18.56
 874.00 -55.37 -54.14
 875.00 -75.74 -29.33
 876.00 -74.99 -47.70
 877.00 -58.34 -32.05
 878.00 -57.95 -53.42
 879.00 -71.57 -32.93
 880.00 -67.90 -41.17
 881.00 -69.64 -35.45
 882.00 -86.91 -32.12
 883.00 -59.44   4.57
 884.00 -57.24 -37.86
 885.00 -110.76 -27.44
 886.00 -73.76 -26.57
 887.00  51.44  -6.25
 888.00 -85.11  41.96
 889.00 -93.92 138.28
 890.00 -121.32 137.05
 891.00 -56.05 114.57
 892.00 -46.61 149.13
 893.00 -74.48 -40.75
 894.00 -61.54 -41.78
 895.00 -62.33 -38.22
 896.00 -68.03 -46.30
 897.00 -63.23 -27.60
 898.00 -69.89 -52.66
 899.00 -102.66 -28.37
 900.00 -113.64  -7.23
 901.00 -71.33 -62.28
 902.00 -69.55 -38.93
 903.00 -37.84 -32.62
 904.00 -71.83 -50.21
 905.00 -63.35 -32.37
 906.00 -54.40 -72.75
 907.00 -87.06 -26.13
 908.00  69.47   5.25
 909.00 -78.20   3.63
 910.00 -131.54  -6.36
 911.00 -107.39 114.67
 912.00 -72.84 143.90
 913.00 -128.15 -172.37
 914.00 -133.94 147.63
 915.00 -132.94 179.67
 916.00 -111.83 -40.96
 917.00 -94.41 130.08


