 residuo Phi Psi
 669.00 -65.74 144.11
 670.00 -57.53 133.90
 671.00 -62.03 137.90
 672.00 -54.29 -19.87
 673.00 -68.90 -21.69
 674.00 -65.28 -33.89
 675.00 -67.90 -40.86
 676.00 -55.57 -42.72
 677.00 -76.84 -37.78
 678.00 -60.04 -35.18
 679.00 -78.35 -44.55
 680.00 -67.98 -12.73
 681.00 -61.38 132.88
 682.00 -65.85 141.04
 683.00 -63.70 169.80
 684.00 -113.70 148.49
 685.00 -82.24 147.85
 686.00 -67.69 145.16
 687.00  87.53 -19.17
 688.00 -80.77  22.07
 689.00 -107.17 146.68
 690.00 -75.36  76.38
 691.00 -73.55   8.12
 692.00 -103.05 -18.00
 693.00 -56.94 152.78
 694.00 -65.11 152.08
 695.00 -146.90 157.96
 696.00 -58.87 162.49
 697.00 -58.83 -50.83
 698.00 -48.63 -45.29
 699.00 -54.97 -64.48
 700.00 -71.01 -45.45
 701.00 -63.81 -31.46
 702.00 -69.53 -42.36
 703.00 -64.98 -35.24
 704.00 -85.27 -28.61
 705.00 -59.39 -28.25
 706.00 -47.19 -54.25
 707.00 -72.97 -36.87
 708.00 -52.92 -38.03
 709.00 -57.22 -53.39
 710.00 -73.10 -33.12
 711.00 -75.94 -30.25
 712.00 -56.41 -41.35
 713.00 -71.85 -42.38
 714.00 -56.45 -29.19
 715.00 -59.12 -51.16
 716.00 -51.01 -46.10
 717.00 -69.19 -52.98
 718.00 -60.01 -42.14
 719.00 -65.53 -33.33
 720.00 -90.75 -35.22
 721.00 -68.76 -19.17
 722.00 -68.06 130.52
 723.00  76.13 162.57
 724.00 -57.56 -29.60
 725.00 -56.32 -27.43
 726.00 -67.66 -29.51
 727.00 -74.85 -19.11
 728.00 -58.43 140.20
 729.00 -61.19 151.41
 730.00 -74.61 -30.32
 731.00 -75.20 -30.15
 732.00 -58.08 -40.44
 733.00 -57.22 -58.54
 734.00 -62.03 -41.75
 735.00 -71.77 -57.02
 736.00 -61.09 -24.18
 737.00 -70.23 -46.64
 738.00 -80.39 -21.55
 739.00 -103.85 -28.38
 740.00 -55.95 -18.71
 741.00 -77.39 -36.36
 742.00 -61.77 -35.61
 743.00 -54.38 -42.30
 744.00 -61.49 -50.95
 745.00 -58.44 -55.16
 746.00 -74.48 -37.43
 747.00 -47.66 -56.61
 748.00 -61.75 -42.32
 749.00 -69.63 -40.10
 750.00 -62.44 -43.41
 751.00 -56.04 -58.72
 752.00 -74.59 -32.51
 753.00 -63.93 -33.52
 754.00 -75.58 -41.33
 755.00 -104.80 -30.58
 756.00 -139.61 -39.63
 757.00  51.27  29.24
 758.00  66.81  24.94
 759.00 -73.84  17.44
 760.00 -130.54 -40.54
 761.00 -76.90 144.96
 762.00 -101.35 123.27
 763.00 -62.31  57.23
 764.00 -153.02 -44.39
 765.00 -69.77 155.30
 766.00 -84.69 -26.76
 767.00 -147.61  -6.68
 768.00 -71.00  68.94
 769.00 -110.02 145.59
 770.00 -90.62 105.64
 771.00 -51.34 161.88
 772.00 -65.06 -35.01
 773.00 -60.89 -45.12
 774.00 -59.80 -29.74
 775.00 -76.19 -46.41
 776.00 -74.85 -38.15
 777.00 -73.35 -37.14
 778.00  58.62  -3.69
 779.00 -135.98  41.70
 780.00 -68.16  30.89
 781.00 -62.12 -55.51
 782.00 -59.69 -42.14
 783.00 -73.11 -42.80
 784.00 -70.75 -25.33
 785.00 -49.42 -47.26
 786.00 -65.13 -47.08
 787.00 -57.90 -30.31
 788.00 -60.64 -59.69
 789.00 -71.94 -34.43
 790.00 -61.35 -33.63
 791.00 -77.51 -30.25
 792.00 -51.32 -34.87
 793.00 -54.23 -39.82
 794.00 -95.57 -32.33
 795.00 -65.04 -22.92
 796.00 -93.90 -43.07
 797.00  53.88 -13.51
 798.00 -65.06  60.61
 799.00 -102.28 141.19
 800.00 -61.17 151.17
 801.00 -60.84 -28.97
 802.00 -66.53 -40.32
 803.00 -47.22 -50.57
 804.00 -67.14 -56.07
 805.00 -79.10 -26.70
 806.00 -59.93 -48.56
 807.00 -72.92 -30.76
 808.00 -73.48 -29.70
 809.00 -54.98 -40.57
 810.00 -66.18 -39.63
 811.00 -59.20 -33.65
 812.00 -107.33 -15.95
 813.00 -119.86  22.77
 814.00 -155.17  16.60
 815.00 -141.46 117.66
 816.00 -59.93 164.73
 817.00 -66.91 159.81
 818.00 -90.07 -21.43
 819.00  83.68 -12.80
 820.00 -87.90 -179.53
 821.00 -44.63 155.65
 822.00 -81.51 -61.39
 823.00 -66.76  52.58
 824.00 -80.43 -18.93
 825.00 -73.05 -32.71
 826.00 -62.48 -41.26
 827.00 -69.58 -43.90
 828.00 -53.34 -38.79
 829.00 -74.27 -39.53
 830.00 -56.02 -45.82
 831.00 -66.63 -38.70
 832.00 -61.66 -48.45
 833.00 -74.96 -36.26
 834.00 -63.43 -35.95
 835.00 -62.65 -43.07
 836.00 -77.26 -28.87
 837.00 -64.35 -32.62
 838.00 -63.24 -34.42
 839.00 -74.36 -32.02
 840.00 -82.73 -59.87
 841.00 -53.22  -8.08
 842.00 -84.08 154.15
 843.00 -73.90  12.68
 844.00 -80.05 153.98
 845.00 -45.55 109.20
 846.00 -74.78 -27.54
 847.00 -123.75  -7.12
 848.00 -59.08  77.28
 849.00 -63.99 -35.80
 850.00 -79.64 -16.04
 851.00 -66.32 -39.46
 852.00 -65.13 -48.58
 853.00 -72.18 -25.72
 854.00 -77.96 -49.71
 855.00 -53.87 -37.80
 856.00 -68.89 -39.58
 857.00 -63.67 -42.45
 858.00 -65.36 -35.38
 859.00 -60.03 -45.37
 860.00 -60.17 -30.17
 861.00 -54.33 -56.26
 862.00 -68.94 -43.86
 863.00 -60.11 -42.44
 864.00 -67.81 -32.79
 865.00 -83.62 -22.93
 866.00 -61.91 -28.64
 867.00 -59.23 -44.45
 868.00 -88.82 -28.20
 869.00 -64.32 -28.79
 870.00 -58.84 -35.81
 871.00 -70.23 -46.55
 872.00 -74.42 -46.90
 873.00 -70.61 -19.90
 874.00 -46.58 -51.87
 875.00 -52.62 -47.56
 876.00 -81.37 -40.36
 877.00 -85.18 -17.71
 878.00 -65.70 -39.46
 879.00 -107.60  -0.35
 880.00 -53.56 -64.67
 881.00 -45.58 -38.14
 882.00 -132.30 -25.32
 883.00 -39.38  13.91
 884.00 -74.31 -52.18
 885.00 -56.87 -32.90
 886.00 -102.17 -32.65
 887.00  62.35   9.93
 888.00 -92.80  24.03
 889.00 -86.98 138.00
 890.00 -129.42 136.43
 891.00 -70.49 130.86
 892.00 -59.50 142.39
 893.00 -64.36 -49.68
 894.00 -70.23 -46.81
 895.00 -56.63 -29.82
 896.00 -62.26 -48.55
 897.00 -70.30 -30.05
 898.00 -62.41 -42.05
 899.00 -96.84 -29.72
 900.00 -134.78  -6.95
 901.00 -93.85 -52.87
 902.00 -75.60 -37.90
 903.00 -42.07 -36.45
 904.00 -62.39 -40.60
 905.00 -80.79 -34.79
 906.00 -68.75 -42.50
 907.00 -79.87 -35.35
 908.00  84.48  -5.23
 909.00 -75.62  12.07
 910.00 -114.08 -18.34
 911.00 -142.13 135.10
 912.00 -73.50 155.39
 913.00 -83.63 152.01
 914.00 -71.21  86.57
 915.00 -66.63 130.33
 916.00 -85.44 -47.38
 917.00 -75.98 165.11


