 residuo Phi Psi
 669.00 -70.17 131.75
 670.00 -66.76 136.45
 671.00 -70.07  50.88
 672.00 -47.96 -17.95
 673.00 -64.30 -44.71
 674.00 -88.86 -27.46
 675.00 -68.80 -24.60
 676.00 -44.30 -62.61
 677.00 -63.59 -41.78
 678.00 -69.20 -42.87
 679.00 -81.57 -43.40
 680.00 -62.68  -5.71
 681.00 -61.91 112.56
 682.00 -64.88 147.53
 683.00 -59.03 152.46
 684.00 -123.22 134.09
 685.00 -92.35 139.75
 686.00 -79.33 147.13
 687.00  70.73 -27.95
 688.00 -76.29  21.98
 689.00 -87.20 149.40
 690.00 -99.40 134.34
 691.00 -78.60  -9.72
 692.00 -72.93 -17.29
 693.00 -79.82 156.08
 694.00 -65.59 143.22
 695.00 -165.31 132.50
 696.00 -49.30 159.13
 697.00 -78.63 -54.34
 698.00 -79.14 -43.98
 699.00 -70.74 -10.81
 700.00 -69.86 -55.61
 701.00 -59.06 -35.46
 702.00 -76.90 -39.09
 703.00 -78.17 -17.43
 704.00 -60.59 -41.60
 705.00 -62.68 -33.14
 706.00 -47.31 -54.18
 707.00 -60.51 -45.96
 708.00 -53.49 -43.90
 709.00 -65.18 -52.75
 710.00 -81.69 -28.47
 711.00 -61.98 -38.24
 712.00 -51.35 -36.70
 713.00 -74.71 -53.63
 714.00 -63.75 -18.78
 715.00 -49.23 -60.91
 716.00 -51.34 -52.19
 717.00 -70.14 -46.69
 718.00 -47.14 -55.95
 719.00 -51.88 -43.67
 720.00 -101.11 -30.40
 721.00 -65.16   4.75
 722.00 -68.90 144.17
 723.00  74.02 145.64
 724.00 -56.10 -35.98
 725.00 -60.05 -34.79
 726.00 -75.04  -5.30
 727.00 -94.89  -5.97
 728.00 -69.15 146.47
 729.00 -57.32 155.26
 730.00 -56.83 -37.78
 731.00 -70.02 -43.31
 732.00 -54.73 -39.44
 733.00 -53.92 -49.79
 734.00 -81.41 -31.52
 735.00 -69.68 -41.72
 736.00 -58.57 -35.62
 737.00 -66.46 -57.17
 738.00 -80.58 -21.74
 739.00 -99.85 -27.26
 740.00 -69.22  -0.52
 741.00 -61.62 -46.26
 742.00 -59.91 -55.59
 743.00 -84.47 -24.71
 744.00 -65.10 -52.80
 745.00 -67.03 -33.22
 746.00 -71.04 -30.60
 747.00 -60.69 -44.10
 748.00 -59.59 -43.85
 749.00 -55.12 -37.48
 750.00 -61.05 -50.47
 751.00 -58.08 -49.53
 752.00 -65.80 -38.10
 753.00 -64.16 -38.06
 754.00 -90.07 -33.90
 755.00 -126.93 -20.59
 756.00 -139.01 -20.81
 757.00  35.39  43.34
 758.00  57.53  27.70
 759.00 -112.74  40.13
 760.00 -110.22 -34.75
 761.00 -106.67 162.99
 762.00 -78.61 101.18
 763.00 -65.05  68.99
 764.00 -152.30 -59.78
 765.00 -62.66 162.35
 766.00 -99.19 -26.45
 767.00 -142.39  -1.51
 768.00 -108.38  81.00
 769.00 -107.54 133.47
 770.00 -74.82 115.83
 771.00 -58.16 172.75
 772.00 -71.44 -25.20
 773.00 -61.52 -42.40
 774.00 -52.00 -49.09
 775.00 -70.48 -40.47
 776.00 -70.43 -59.96
 777.00 -73.95 -13.31
 778.00  66.92 -11.11
 779.00 -121.34  18.36
 780.00 -42.66  38.92
 781.00 -63.33 -61.62
 782.00 -63.41 -40.20
 783.00 -65.64 -35.27
 784.00 -54.19 -45.85
 785.00 -63.57 -39.53
 786.00 -58.22 -48.36
 787.00 -63.17 -41.12
 788.00 -70.96 -40.32
 789.00 -72.61 -23.84
 790.00 -72.81 -33.88
 791.00 -58.17 -41.90
 792.00 -57.73 -25.04
 793.00 -56.71 -45.50
 794.00 -91.96 -31.83
 795.00 -64.97 -35.96
 796.00 -85.60 -41.07
 797.00  56.95 -20.76
 798.00 -71.49  62.52
 799.00 -76.18 132.35
 800.00 -43.16 141.10
 801.00 -60.84 -38.85
 802.00 -69.47 -42.05
 803.00 -53.96 -48.03
 804.00 -57.83 -49.17
 805.00 -76.86 -37.31
 806.00 -70.77 -32.60
 807.00 -62.38 -38.01
 808.00 -53.68 -39.35
 809.00 -59.91 -49.30
 810.00 -67.44 -26.43
 811.00 -85.66 -15.73
 812.00 -108.70 -20.12
 813.00 -134.34  43.07
 814.00 -154.58   4.04
 815.00 -144.92 132.70
 816.00 -70.59 157.04
 817.00 -61.79 150.95
 818.00 -73.12 -32.90
 819.00  87.94 -20.98
 820.00 -63.47 174.15
 821.00 -73.88 176.83
 822.00 -134.78 -23.66
 823.00 -96.26 120.34
 824.00 -69.65 -22.03
 825.00 -62.69 -31.19
 826.00 -69.25 -48.21
 827.00 -69.77 -37.12
 828.00 -72.41 -33.65
 829.00 -53.88 -47.89
 830.00 -57.82 -54.40
 831.00 -72.34 -45.14
 832.00 -61.65 -31.93
 833.00 -72.61 -41.05
 834.00 -72.98 -27.12
 835.00 -51.02 -50.68
 836.00 -86.46 -24.61
 837.00 -53.43 -37.67
 838.00 -61.17 -31.41
 839.00 -107.92 -26.59
 840.00 -76.09 -32.95
 841.00 -61.00 -10.47
 842.00 -64.96 129.16
 843.00 -149.65  92.74
 844.00 -88.96 162.37
 845.00 -74.74 114.17
 846.00 -84.32 -17.57
 847.00 -138.24  -5.18
 848.00 -60.59  66.89
 849.00 -60.85 -13.07
 850.00 -59.78 -35.43
 851.00 -79.90 -29.25
 852.00 -59.11 -45.13
 853.00 -70.60 -40.80
 854.00 -65.60 -37.26
 855.00 -60.43 -43.31
 856.00 -63.66 -46.14
 857.00 -81.63 -31.50
 858.00 -65.67 -29.52
 859.00 -62.65 -47.12
 860.00 -71.48 -32.93
 861.00 -71.61 -35.60
 862.00 -51.81 -43.60
 863.00 -69.06 -47.54
 864.00 -62.45 -18.91
 865.00 -79.97 -36.95
 866.00 -46.30 -40.08
 867.00 -72.62 -43.37
 868.00 -68.84 -31.25
 869.00 -65.30 -34.64
 870.00 -71.73 -39.66
 871.00 -49.15 -44.21
 872.00 -77.49 -40.72
 873.00 -64.02 -33.80
 874.00 -71.53 -43.80
 875.00 -71.94 -16.00
 876.00 -79.07 -53.92
 877.00 -68.89 -25.52
 878.00 -76.39 -34.42
 879.00 -76.14 -31.90
 880.00 -65.24 -32.16
 881.00 -78.95 -44.25
 882.00 -112.07  -7.00
 883.00 -59.33  15.13
 884.00 -72.17 -28.55
 885.00 -76.81 -47.85
 886.00 -88.83 -30.44
 887.00  62.48  -5.06
 888.00 -106.54  38.21
 889.00 -88.32 137.35
 890.00 -123.30 134.31
 891.00 -65.98 128.60
 892.00 -45.81 128.81
 893.00 -60.31 -34.13
 894.00 -77.40 -49.03
 895.00 -56.92 -39.38
 896.00 -59.14 -42.92
 897.00 -75.93 -34.76
 898.00 -62.97 -47.43
 899.00 -65.73 -39.46
 900.00 -130.62 -28.37
 901.00 -87.73 -33.37
 902.00 -71.89 -39.87
 903.00 -67.36 -25.14
 904.00 -56.62 -33.17
 905.00 -76.96 -36.01
 906.00 -66.88 -48.31
 907.00 -93.23 -27.28
 908.00  57.67  10.38
 909.00 -71.32  15.94
 910.00 -130.65 -21.43
 911.00 -150.78 128.19
 912.00 -63.43 139.50
 913.00 -103.66 156.69
 914.00 -91.18 109.10
 915.00 -70.98 143.91
 916.00 -87.50 -60.17
 917.00 -62.47 172.72


