 residuo Phi Psi
 669.00 -63.88 136.22
 670.00 -76.62 156.04
 671.00 -68.31 167.79
 672.00 -56.82 -31.68
 673.00 -76.48 -35.47
 674.00 -74.89 -27.18
 675.00 -72.56 -24.81
 676.00 -43.54 -51.28
 677.00 -65.26 -40.37
 678.00 -64.74 -47.23
 679.00 -81.50 -39.30
 680.00 -71.40 -12.18
 681.00 -66.92 123.09
 682.00 -69.75 146.27
 683.00 -83.16 176.68
 684.00 -110.98 125.53
 685.00 -84.64 148.59
 686.00 -84.66 164.15
 687.00  82.69 -32.56
 688.00 -74.83  24.87
 689.00 -99.98 146.11
 690.00 -80.43 103.82
 691.00 -83.72  -4.13
 692.00 -84.96  -5.52
 693.00 -64.24 151.70
 694.00 -65.52 144.70
 695.00 -150.48 145.98
 696.00 -44.02 143.32
 697.00 -54.25 -62.06
 698.00 -73.45 -51.15
 699.00 -66.60 -36.53
 700.00 -77.60 -29.10
 701.00 -66.73 -45.49
 702.00 -65.68 -35.87
 703.00 -60.99 -32.27
 704.00 -71.30 -39.84
 705.00 -62.38 -35.39
 706.00 -68.52 -49.31
 707.00 -57.87 -32.33
 708.00 -75.12 -42.47
 709.00 -62.27 -36.24
 710.00 -67.94 -41.03
 711.00 -60.27 -38.40
 712.00 -64.73 -40.95
 713.00 -69.42 -46.10
 714.00 -74.16 -15.00
 715.00 -62.44 -47.14
 716.00 -55.31 -51.43
 717.00 -78.63 -37.60
 718.00 -50.04 -56.49
 719.00 -52.81 -43.92
 720.00 -84.75 -36.21
 721.00 -64.01 -19.96
 722.00 -55.07 127.97
 723.00  79.18 147.10
 724.00 -61.36  -8.40
 725.00 -61.34 -46.07
 726.00 -81.35 -20.71
 727.00 -76.72  -0.77
 728.00 -54.54 145.10
 729.00 -51.70 139.43
 730.00 -68.05 -32.57
 731.00 -75.74 -29.95
 732.00 -57.66 -45.25
 733.00 -55.44 -42.91
 734.00 -68.06 -38.73
 735.00 -70.61 -51.86
 736.00 -54.12 -39.66
 737.00 -65.68 -52.29
 738.00 -79.91 -36.60
 739.00 -79.35 -41.97
 740.00 -64.49  -1.57
 741.00 -66.81 -44.27
 742.00 -58.35 -35.49
 743.00 -74.88 -48.49
 744.00 -63.53 -27.80
 745.00 -65.56 -54.28
 746.00 -52.58 -44.84
 747.00 -80.08 -56.09
 748.00 -68.82 -16.88
 749.00 -59.73 -36.26
 750.00 -69.04 -43.54
 751.00 -52.43 -52.48
 752.00 -60.91 -44.01
 753.00 -65.86 -45.01
 754.00 -83.29 -41.60
 755.00 -95.93 -25.37
 756.00 -127.23 -52.74
 757.00  51.80  29.52
 758.00  71.53  33.24
 759.00 -72.61   3.86
 760.00 -169.76  -2.92
 761.00 -103.55 167.64
 762.00 -96.10 120.50
 763.00 -61.85  69.22
 764.00 -152.91 -46.75
 765.00 -57.70 165.36
 766.00 -94.07 -30.09
 767.00 -129.78  -3.60
 768.00 -86.34  58.77
 769.00 -101.62 123.41
 770.00 -73.20 113.61
 771.00 -65.30 169.03
 772.00 -66.18 -29.14
 773.00 -60.65 -48.08
 774.00 -58.15 -42.18
 775.00 -69.25 -38.70
 776.00 -68.22 -47.05
 777.00 -89.77 -25.34
 778.00  36.03   9.86
 779.00 -129.35  50.78
 780.00 -66.96  26.15
 781.00 -79.97 -42.71
 782.00 -79.54 -22.11
 783.00 -67.98 -34.46
 784.00 -66.00 -36.58
 785.00 -67.35 -37.61
 786.00 -95.27 -20.65
 787.00 -65.85 -28.40
 788.00 -72.52 -40.08
 789.00 -58.46 -32.58
 790.00 -76.38 -37.85
 791.00 -60.72 -35.80
 792.00 -59.50 -30.59
 793.00 -58.99 -36.96
 794.00 -97.53 -31.08
 795.00 -78.53 -24.59
 796.00 -86.13 -33.62
 797.00  38.59   2.57
 798.00 -80.13  69.60
 799.00 -81.58 135.24
 800.00 -62.97 163.77
 801.00 -71.06 -36.30
 802.00 -67.95 -36.83
 803.00 -51.42 -38.55
 804.00 -80.31 -42.95
 805.00 -64.96 -38.20
 806.00 -51.82 -47.20
 807.00 -67.51 -44.67
 808.00 -57.92 -42.52
 809.00 -59.28 -52.03
 810.00 -63.35 -25.38
 811.00 -71.21 -33.87
 812.00 -116.60  -7.24
 813.00 -122.61  28.42
 814.00 -153.07   2.87
 815.00 -139.01 121.36
 816.00 -65.63 169.05
 817.00 -69.05 149.44
 818.00 -67.59 -38.70
 819.00  56.19  -2.51
 820.00 -86.54 171.46
 821.00 -63.91 158.52
 822.00 -115.55 -27.77
 823.00 -51.64  26.08
 824.00 -67.07 -36.80
 825.00 -69.68 -42.91
 826.00 -57.98 -39.13
 827.00 -53.38 -55.20
 828.00 -69.89 -35.80
 829.00 -56.37 -50.26
 830.00 -53.04 -43.09
 831.00 -55.74 -54.52
 832.00 -70.51 -26.07
 833.00 -55.05 -50.03
 834.00 -70.87 -22.42
 835.00 -58.28 -50.13
 836.00 -65.54 -40.59
 837.00 -62.80 -44.08
 838.00 -51.18 -53.02
 839.00 -66.84 -36.81
 840.00 -132.99 -16.08
 841.00 -48.12  -4.76
 842.00 -74.44 132.85
 843.00 -129.37  70.82
 844.00 -85.92 162.26
 845.00 -71.24 101.76
 846.00 -71.31 -23.28
 847.00 -122.24  -7.20
 848.00 -52.96  93.24
 849.00 -65.17 -37.60
 850.00 -68.88 -33.78
 851.00 -63.47 -43.98
 852.00 -73.51 -34.84
 853.00 -58.26 -44.60
 854.00 -61.16 -45.54
 855.00 -64.90 -43.03
 856.00 -70.84 -43.21
 857.00 -66.68 -36.03
 858.00 -85.12 -30.48
 859.00 -59.44 -41.11
 860.00 -70.17 -27.83
 861.00 -59.93 -47.35
 862.00 -78.26 -34.56
 863.00 -57.08 -30.68
 864.00 -81.56 -39.87
 865.00 -67.92 -18.28
 866.00 -73.63 -29.16
 867.00 -62.94 -45.90
 868.00 -65.67 -31.67
 869.00 -56.08 -52.94
 870.00 -59.04 -45.86
 871.00 -63.26 -44.71
 872.00 -75.69 -33.59
 873.00 -55.76 -45.02
 874.00 -60.60 -47.24
 875.00 -71.41 -38.99
 876.00 -77.63 -29.60
 877.00 -57.45 -50.99
 878.00 -74.56 -32.93
 879.00 -97.66 -18.90
 880.00 -64.09 -32.10
 881.00 -55.57 -36.99
 882.00 -131.42 -19.38
 883.00 -52.31  18.74
 884.00 -77.28 -45.50
 885.00 -49.08 -38.29
 886.00 -93.81 -46.21
 887.00  54.54   6.48
 888.00 -100.41  34.51
 889.00 -104.15 136.60
 890.00 -127.97 144.36
 891.00 -59.60 122.73
 892.00 -59.80 145.08
 893.00 -57.57 -56.06
 894.00 -85.70 -24.97
 895.00 -67.65 -42.24
 896.00 -63.06 -24.93
 897.00 -62.10 -37.82
 898.00 -67.70 -41.60
 899.00 -65.86 -45.40
 900.00 -107.38 -40.54
 901.00 -97.60 -44.30
 902.00 -56.24 -34.79
 903.00 -45.29 -41.51
 904.00 -51.93 -45.22
 905.00 -68.99 -46.76
 906.00 -75.49 -37.18
 907.00 -76.71 -36.63
 908.00  80.93 -18.93
 909.00 -84.00  19.79
 910.00 -126.41  -1.57
 911.00 -152.25 150.20
 912.00 -58.55 140.05
 913.00 -100.66 152.90
 914.00 -67.03  93.33
 915.00 -73.96 127.69
 916.00 -84.86 -38.89
 917.00 -76.52 117.37


