 residuo Phi Psi
 669.00 -65.33 142.38
 670.00 -51.34 155.57
 671.00 -51.82 151.86
 672.00 -58.46 -48.39
 673.00 -56.12 -61.62
 674.00 -56.55 -25.90
 675.00 -96.71 -29.23
 676.00 -72.08 -33.75
 677.00 -77.20 -25.94
 678.00 -67.06 -54.09
 679.00 -85.97 -21.83
 680.00 -79.17  -4.78
 681.00 -81.79 119.25
 682.00 -94.85 170.60
 683.00 -51.35 164.97
 684.00 -82.21 108.87
 685.00 -88.29 141.06
 686.00 -100.19 173.42
 687.00  78.52 -33.61
 688.00 -66.68  35.79
 689.00 -131.82 169.35
 690.00 -64.68  85.27
 691.00 -71.93  -9.90
 692.00 -91.11 -13.11
 693.00 -76.00 160.11
 694.00 -73.71 154.38
 695.00 -147.19 122.55
 696.00 -32.47 134.83
 697.00 -77.41 -58.71
 698.00 -71.93 -20.37
 699.00 -64.42 -39.92
 700.00 -79.35 -38.63
 701.00 -48.86 -52.97
 702.00 -65.60 -34.28
 703.00 -67.21 -47.66
 704.00 -64.98 -26.83
 705.00 -62.13 -53.93
 706.00 -57.48 -37.96
 707.00 -70.09 -47.64
 708.00 -71.97 -29.41
 709.00 -52.90 -43.57
 710.00 -48.61 -53.59
 711.00 -71.43 -38.19
 712.00 -67.34 -28.77
 713.00 -79.35 -36.76
 714.00 -65.40 -32.39
 715.00 -58.48 -45.26
 716.00 -70.15 -39.95
 717.00 -73.39 -28.21
 718.00 -54.30 -55.17
 719.00 -60.84 -48.99
 720.00 -107.71  -9.95
 721.00 -58.89 -12.99
 722.00 -48.35 128.10
 723.00  88.36 120.85
 724.00 -62.42 -14.60
 725.00 -67.62 -35.73
 726.00 -52.52  -9.94
 727.00 -62.88 -37.11
 728.00 -74.14 142.79
 729.00 -61.09 148.40
 730.00 -72.25 -33.63
 731.00 -100.79 -19.96
 732.00 -59.59 -19.36
 733.00 -55.54 -52.28
 734.00 -70.71 -28.74
 735.00 -67.76 -51.79
 736.00 -59.51 -35.04
 737.00 -68.29 -58.29
 738.00 -69.49 -22.82
 739.00 -90.74 -47.99
 740.00 -53.03  -8.65
 741.00 -67.12 -46.49
 742.00 -67.72 -32.57
 743.00 -69.64 -45.69
 744.00 -60.03 -45.86
 745.00 -57.61 -52.73
 746.00 -68.27 -37.18
 747.00 -49.05 -58.59
 748.00 -65.15 -41.06
 749.00 -60.00 -40.62
 750.00 -54.93 -49.26
 751.00 -71.74 -41.18
 752.00 -56.82 -41.67
 753.00 -65.21 -39.95
 754.00 -86.58 -49.30
 755.00 -109.16 -22.64
 756.00 -149.80 -21.25
 757.00  47.28  27.54
 758.00  59.80  32.46
 759.00 -91.07  24.41
 760.00 -150.54 -18.85
 761.00 -85.08 143.79
 762.00 -82.25 100.38
 763.00 -58.30  70.15
 764.00 -124.25 -69.70
 765.00 -73.67 171.88
 766.00 -79.94 -37.07
 767.00 -125.02 -20.85
 768.00 -75.76  74.50
 769.00 -115.41 152.85
 770.00 -71.41 107.82
 771.00 -59.11 173.78
 772.00 -64.84 -32.29
 773.00 -68.76 -39.54
 774.00 -66.30 -36.75
 775.00 -65.35 -38.66
 776.00 -58.30 -52.33
 777.00 -59.88 -45.17
 778.00  65.53 -14.59
 779.00 -106.54  12.75
 780.00 -58.22  34.65
 781.00 -65.62 -52.37
 782.00 -86.52 -19.96
 783.00 -69.26 -30.23
 784.00 -50.73 -41.25
 785.00 -75.45 -50.38
 786.00 -67.30 -34.83
 787.00 -65.48 -26.46
 788.00 -74.38 -54.12
 789.00 -62.04 -19.32
 790.00 -57.15 -53.51
 791.00 -55.15 -44.66
 792.00 -72.35 -24.12
 793.00 -64.30 -30.00
 794.00 -73.14 -35.21
 795.00 -59.08 -37.96
 796.00 -120.81 -20.08
 797.00  40.40   7.94
 798.00 -70.56  63.09
 799.00 -87.49 133.32
 800.00 -51.60 148.00
 801.00 -78.16 -27.79
 802.00 -55.86 -39.77
 803.00 -59.72 -41.94
 804.00 -57.21 -52.64
 805.00 -71.29 -44.66
 806.00 -69.21 -29.62
 807.00 -64.61 -26.42
 808.00 -61.89 -45.10
 809.00 -73.87 -42.64
 810.00 -72.43 -26.87
 811.00 -80.06 -23.58
 812.00 -98.38 -23.65
 813.00 -135.46  53.59
 814.00 -145.64   6.82
 815.00 -133.53 124.98
 816.00 -61.93 161.78
 817.00 -74.39 157.68
 818.00 -103.28 -14.30
 819.00  77.39  -6.22
 820.00 -66.82 168.09
 821.00 -59.52 164.25
 822.00 -96.93 -31.54
 823.00 -60.39  27.95
 824.00 -64.69 -35.14
 825.00 -67.07 -48.37
 826.00 -72.44 -32.05
 827.00 -62.06 -43.59
 828.00 -59.17 -40.36
 829.00 -63.52 -50.77
 830.00 -60.50 -49.31
 831.00 -77.61 -32.06
 832.00 -56.43 -35.23
 833.00 -60.98 -48.64
 834.00 -65.44 -29.72
 835.00 -73.26 -49.59
 836.00 -88.66 -22.33
 837.00 -66.77 -27.86
 838.00 -69.86 -44.03
 839.00 -75.76 -13.07
 840.00 -134.49 -21.95
 841.00 -72.57  13.26
 842.00 -63.08 133.68
 843.00 -145.44  80.39
 844.00 -68.43 154.46
 845.00 -63.18  92.60
 846.00 -64.54 -25.65
 847.00 -129.10 -10.50
 848.00 -65.68 116.45
 849.00 -70.66 -36.32
 850.00 -65.74 -16.41
 851.00 -79.78 -40.56
 852.00 -63.87 -39.36
 853.00 -59.03 -54.73
 854.00 -83.12 -25.77
 855.00 -56.11 -47.11
 856.00 -49.20 -46.76
 857.00 -85.40 -44.99
 858.00 -62.62 -24.43
 859.00 -57.42 -52.21
 860.00 -68.05 -36.84
 861.00 -70.22 -23.14
 862.00 -66.23 -45.16
 863.00 -69.96 -37.06
 864.00 -92.40 -16.27
 865.00 -93.85 -10.88
 866.00 -70.28 -27.30
 867.00 -64.79 -38.52
 868.00 -73.00 -32.68
 869.00 -67.06 -18.05
 870.00 -54.22 -53.24
 871.00 -66.40 -39.21
 872.00 -82.79 -32.36
 873.00 -69.92 -38.96
 874.00 -54.64 -35.77
 875.00 -71.98 -52.63
 876.00 -68.18 -31.27
 877.00 -70.81 -40.66
 878.00 -74.17 -23.10
 879.00 -80.68 -34.77
 880.00 -57.55 -31.04
 881.00 -61.03 -53.46
 882.00 -150.39   9.40
 883.00 -59.76  15.22
 884.00 -71.30 -29.92
 885.00 -65.55 -23.11
 886.00 -124.02 -46.10
 887.00  60.34  17.46
 888.00 -87.93  24.67
 889.00 -114.45 135.46
 890.00 -115.77 135.63
 891.00 -69.15 109.82
 892.00 -52.02 147.12
 893.00 -69.52 -46.18
 894.00 -82.16 -29.40
 895.00 -61.49 -46.57
 896.00 -62.17 -27.79
 897.00 -75.96 -28.33
 898.00 -77.45 -37.63
 899.00 -65.43 -35.17
 900.00 -110.21 -52.29
 901.00 -103.69 -33.95
 902.00 -52.63 -46.13
 903.00 -66.48 -45.79
 904.00 -72.88 -24.12
 905.00 -72.77 -39.85
 906.00 -74.45 -39.74
 907.00 -74.86 -25.40
 908.00  58.82  -1.27
 909.00 -80.31  23.38
 910.00 -132.01 -12.24
 911.00 -149.46 136.20
 912.00 -66.36 139.66
 913.00 -61.27 142.95
 914.00 -67.96  84.35
 915.00 -67.55 104.74
 916.00 -72.61 -40.70
 917.00 -103.22  -0.38


