 residuo Phi Psi
 669.00 -56.86 131.17
 670.00 -56.17 147.62
 671.00 -168.16 116.32
 672.00 -59.94 -37.28
 673.00 -85.55 -46.92
 674.00 -57.67 -13.21
 675.00 -53.48 -52.97
 676.00 -50.56 -53.94
 677.00 -63.95 -38.24
 678.00 -73.94 -34.34
 679.00 -84.90 -41.40
 680.00 -63.68  -7.31
 681.00 -75.32 126.22
 682.00 -56.75 145.96
 683.00 -68.33 171.11
 684.00 -126.28 156.53
 685.00 -98.02 136.61
 686.00 -96.29 159.40
 687.00  67.60 -19.24
 688.00 -69.33  27.14
 689.00 -103.70 146.11
 690.00 -79.23  91.67
 691.00 -68.99 -10.79
 692.00 -90.30  -7.30
 693.00 -70.65 163.47
 694.00 -68.18 137.03
 695.00 -139.19 127.17
 696.00 -57.71 139.77
 697.00 -61.49 -51.22
 698.00 -62.60 -46.20
 699.00 -54.69 -45.04
 700.00 -66.80 -45.26
 701.00 -77.89 -42.48
 702.00 -66.46 -38.47
 703.00 -70.35 -33.54
 704.00 -49.08 -43.82
 705.00 -65.68 -45.42
 706.00 -68.41 -37.84
 707.00 -54.78 -28.36
 708.00 -80.31 -40.65
 709.00 -62.02 -52.60
 710.00 -81.52 -20.99
 711.00 -56.62 -38.06
 712.00 -67.53 -36.51
 713.00 -80.10 -37.52
 714.00 -65.31 -30.73
 715.00 -57.08 -39.55
 716.00 -59.15 -54.31
 717.00 -66.90 -47.78
 718.00 -69.63 -30.33
 719.00 -62.07 -33.50
 720.00 -97.94 -29.46
 721.00 -51.12  -9.34
 722.00 -65.60 117.12
 723.00  65.36 145.49
 724.00 -68.13  -3.66
 725.00 -77.70 -24.55
 726.00 -77.93   3.93
 727.00 -85.59   0.41
 728.00 -74.27 146.59
 729.00 -54.97 142.87
 730.00 -65.14 -30.84
 731.00 -80.21 -30.62
 732.00 -57.36 -36.35
 733.00 -67.48 -50.75
 734.00 -54.93 -39.34
 735.00 -71.39 -54.34
 736.00 -57.39 -33.36
 737.00 -78.55 -45.66
 738.00 -89.52 -20.62
 739.00 -72.46 -42.61
 740.00 -49.32 -18.92
 741.00 -63.05 -51.15
 742.00 -67.96 -46.48
 743.00 -62.81 -42.96
 744.00 -71.24 -42.77
 745.00 -73.82 -25.29
 746.00 -72.96 -34.59
 747.00 -65.72 -34.38
 748.00 -59.83 -51.48
 749.00 -70.27 -43.06
 750.00 -77.08 -22.18
 751.00 -72.81 -41.94
 752.00 -69.63 -25.74
 753.00 -64.16 -41.18
 754.00 -63.63 -63.41
 755.00 -100.77 -32.12
 756.00 -127.76 -38.88
 757.00  47.42  28.50
 758.00  61.47  42.70
 759.00 -81.91   7.11
 760.00 -147.97  -8.84
 761.00 -105.77 161.92
 762.00 -85.64 103.41
 763.00 -60.67  65.91
 764.00 -138.75 -52.32
 765.00 -45.41 160.65
 766.00 -76.40 -49.06
 767.00 -121.01 -18.13
 768.00 -74.78  48.50
 769.00 -90.00 122.71
 770.00 -83.48 124.11
 771.00 -69.67 176.02
 772.00 -65.89 -24.18
 773.00 -62.45 -45.12
 774.00 -60.97 -30.64
 775.00 -89.06 -35.76
 776.00 -66.39 -42.26
 777.00 -77.46 -26.80
 778.00  49.41  -2.30
 779.00 -129.91  39.17
 780.00 -62.23  32.89
 781.00 -52.04 -54.51
 782.00 -73.56 -39.99
 783.00 -60.04 -41.94
 784.00 -76.59 -32.32
 785.00 -60.24 -41.28
 786.00 -66.24 -35.22
 787.00 -55.28 -49.73
 788.00 -69.31 -39.19
 789.00 -69.05 -32.25
 790.00 -66.57 -39.71
 791.00 -54.52 -35.66
 792.00 -77.21 -31.59
 793.00 -49.96 -37.77
 794.00 -64.03 -37.65
 795.00 -72.11 -45.31
 796.00 -83.81 -39.09
 797.00  58.43 -11.73
 798.00 -74.21  60.09
 799.00 -103.61 137.80
 800.00 -59.99 165.21
 801.00 -74.38 -30.15
 802.00 -64.32 -34.08
 803.00 -67.80 -42.60
 804.00 -61.62 -58.76
 805.00 -60.49 -37.98
 806.00 -72.34 -47.57
 807.00 -72.96 -25.53
 808.00 -70.78 -28.46
 809.00 -73.56 -35.22
 810.00 -61.26 -26.10
 811.00 -87.15 -20.28
 812.00 -113.89  -7.10
 813.00 -154.21  52.05
 814.00 -150.49  23.32
 815.00 -137.64 128.29
 816.00 -69.70 158.60
 817.00 -70.19 161.50
 818.00 -70.84 -39.68
 819.00  66.20   5.30
 820.00 -80.83 175.48
 821.00 -59.72 160.05
 822.00 -91.28 -47.32
 823.00 -61.66  29.80
 824.00 -38.17 -39.30
 825.00 -82.64 -48.69
 826.00 -68.02 -17.30
 827.00 -64.86 -54.76
 828.00 -68.91 -30.36
 829.00 -68.42 -55.20
 830.00 -48.28 -38.26
 831.00 -59.93 -64.48
 832.00 -49.05 -33.92
 833.00 -70.57 -50.13
 834.00 -49.44 -43.28
 835.00 -70.72 -47.02
 836.00 -94.04 -11.80
 837.00 -64.27 -44.79
 838.00 -46.00 -37.67
 839.00 -98.52 -34.12
 840.00 -85.98 -48.36
 841.00 -58.66  -3.06
 842.00 -88.92 155.42
 843.00 -70.99  38.12
 844.00 -64.77 159.04
 845.00 -66.09 110.62
 846.00 -62.53 -18.29
 847.00 -127.45 -19.08
 848.00 -37.52  71.97
 849.00 -76.52 -40.99
 850.00 -74.73 -18.66
 851.00 -60.51 -43.45
 852.00 -76.05 -41.06
 853.00 -54.20 -42.47
 854.00 -52.19 -47.98
 855.00 -40.96 -63.25
 856.00 -69.13 -55.91
 857.00 -72.28 -37.10
 858.00 -67.01 -31.16
 859.00 -66.16 -47.09
 860.00 -76.48 -26.08
 861.00 -69.26 -31.90
 862.00 -62.34 -31.33
 863.00 -65.24 -41.05
 864.00 -70.64 -37.76
 865.00 -79.01  -5.04
 866.00 -64.01 -34.43
 867.00 -76.04 -35.67
 868.00 -71.13 -22.90
 869.00 -68.06 -34.21
 870.00 -74.70 -35.57
 871.00 -59.54 -43.15
 872.00 -75.29 -42.81
 873.00 -75.36 -25.11
 874.00 -63.05 -44.03
 875.00 -59.67 -52.90
 876.00 -66.51 -48.77
 877.00 -61.75 -38.12
 878.00 -60.83 -41.11
 879.00 -68.22 -35.71
 880.00 -72.90 -41.72
 881.00 -67.33 -38.05
 882.00 -121.36 -10.79
 883.00 -61.57  16.20
 884.00 -71.85 -15.99
 885.00 -74.87 -34.15
 886.00 -127.27 -12.06
 887.00  66.29  -6.84
 888.00 -68.61  13.80
 889.00 -94.03 136.96
 890.00 -137.99 147.71
 891.00 -58.60 122.30
 892.00 -69.81 154.91
 893.00 -66.14 -32.47
 894.00 -90.78 -26.23
 895.00 -54.52 -43.85
 896.00 -57.65 -36.85
 897.00 -66.65 -52.70
 898.00 -74.63 -39.75
 899.00 -91.70 -27.97
 900.00 -118.72 -25.60
 901.00 -92.90 -42.03
 902.00 -52.66 -48.99
 903.00 -67.49 -49.06
 904.00 -66.36 -16.78
 905.00 -69.22 -29.80
 906.00 -68.69 -50.48
 907.00 -93.69 -19.27
 908.00  89.68   1.28
 909.00 -71.48  -3.24
 910.00 -129.99 -13.12
 911.00 -147.87 141.83
 912.00 -57.05 127.15
 913.00 -82.41 147.29
 914.00 -115.79 125.19
 915.00 -102.69 139.87
 916.00 -85.11 -47.87
 917.00 -80.51 -179.26


