 residuo Phi Psi
 669.00 -69.50 140.70
 670.00 -61.32 115.67
 671.00 -67.36 130.62
 672.00 -67.04 -33.79
 673.00 -56.39 -44.18
 674.00 -69.60 -39.16
 675.00 -62.56 -35.22
 676.00 -59.57 -43.55
 677.00 -77.96 -36.49
 678.00 -74.66 -18.66
 679.00 -79.43 -48.00
 680.00 -69.13  -7.79
 681.00 -66.49 115.28
 682.00 -93.24 148.89
 683.00 -83.80 -136.03
 684.00 -123.21 134.20
 685.00 -86.42 110.47
 686.00 -91.87 154.30
 687.00 100.48 -33.90
 688.00 -86.17  10.42
 689.00 -81.55 131.31
 690.00 -81.64 129.27
 691.00 -78.12 -10.40
 692.00 -75.96 -23.51
 693.00 -55.21 159.34
 694.00 -62.77 130.48
 695.00 -156.09 134.05
 696.00 -60.74 170.68
 697.00 -62.31 -76.94
 698.00 -58.18 -38.12
 699.00 -63.08 -45.21
 700.00 -66.69 -47.61
 701.00 -57.44 -52.61
 702.00 -64.52 -39.70
 703.00 -78.26 -25.58
 704.00 -54.02 -37.90
 705.00 -68.26 -37.38
 706.00 -56.46 -48.51
 707.00 -61.96 -28.99
 708.00 -55.55 -51.76
 709.00 -58.78 -48.61
 710.00 -68.44 -44.91
 711.00 -64.45 -35.91
 712.00 -66.94 -30.19
 713.00 -65.69 -42.84
 714.00 -72.65 -42.24
 715.00 -60.63 -35.60
 716.00 -60.83 -45.09
 717.00 -70.79 -37.66
 718.00 -49.28 -54.97
 719.00 -46.05 -52.10
 720.00 -82.84 -42.63
 721.00 -70.40  -6.40
 722.00 -65.75 146.77
 723.00  72.83 144.71
 724.00 -63.81 -16.55
 725.00 -75.00 -31.99
 726.00 -76.73  -2.33
 727.00 -57.50 -27.27
 728.00 -49.99 148.37
 729.00 -55.39 148.09
 730.00 -85.83 -33.70
 731.00 -90.94 -11.12
 732.00 -60.00 -31.91
 733.00 -71.02 -41.86
 734.00 -74.56 -26.53
 735.00 -62.27 -60.47
 736.00 -64.75 -21.39
 737.00 -79.68 -44.19
 738.00 -86.05 -25.64
 739.00 -91.89 -31.48
 740.00 -43.37 -21.06
 741.00 -60.39 -51.62
 742.00 -47.73 -64.78
 743.00 -62.62 -39.03
 744.00 -71.74 -52.31
 745.00 -81.93 -28.77
 746.00 -68.92 -27.46
 747.00 -67.16 -41.04
 748.00 -56.31 -43.42
 749.00 -58.60 -38.46
 750.00 -60.46 -43.79
 751.00 -51.71 -51.85
 752.00 -60.65 -46.07
 753.00 -56.11 -48.59
 754.00 -78.89 -52.33
 755.00 -75.39 -50.81
 756.00 -148.00 -33.38
 757.00  57.59  36.81
 758.00  52.54  31.60
 759.00 -88.81  26.38
 760.00 -89.66 -73.48
 761.00 -90.72 163.54
 762.00 -110.59 129.64
 763.00 -71.91  79.43
 764.00 -155.87 -48.42
 765.00 -68.46 158.50
 766.00 -85.77 -22.55
 767.00 -141.92  -9.30
 768.00 -91.87  68.41
 769.00 -88.36 124.32
 770.00 -56.89  94.72
 771.00 -52.47 166.10
 772.00 -65.38 -43.12
 773.00 -73.46 -27.61
 774.00 -52.15 -38.21
 775.00 -52.47 -55.38
 776.00 -87.33 -37.07
 777.00 -83.97 -13.46
 778.00  65.01 -18.01
 779.00 -77.25 -19.36
 780.00 -64.28  34.44
 781.00 -61.95 -38.99
 782.00 -67.66 -41.35
 783.00 -56.44 -40.30
 784.00 -71.18 -38.27
 785.00 -64.71 -35.69
 786.00 -65.04 -45.62
 787.00 -58.78 -40.15
 788.00 -57.47 -52.02
 789.00 -73.57 -29.09
 790.00 -56.36 -40.44
 791.00 -68.34 -39.00
 792.00 -55.56 -20.97
 793.00 -54.39 -33.70
 794.00 -80.36 -43.98
 795.00 -60.75 -40.36
 796.00 -85.55 -43.67
 797.00  50.53  -9.83
 798.00 -69.93  60.71
 799.00 -75.56 117.33
 800.00 -37.34 148.77
 801.00 -68.40 -35.36
 802.00 -58.95 -55.73
 803.00 -71.49 -31.84
 804.00 -62.18 -49.73
 805.00 -70.41 -41.13
 806.00 -76.80 -31.15
 807.00 -63.39 -41.12
 808.00 -75.36 -36.55
 809.00 -68.41 -37.70
 810.00 -68.12 -11.99
 811.00 -58.91 -32.60
 812.00 -107.39 -30.58
 813.00 -120.97  22.06
 814.00 -147.78  12.21
 815.00 -148.90 119.08
 816.00 -68.83 162.25
 817.00 -62.73 160.00
 818.00 -74.36 -48.82
 819.00  70.99   3.77
 820.00 -93.00 -177.40
 821.00 -68.99 153.63
 822.00 -137.32 -13.89
 823.00 -80.57 101.99
 824.00 -65.71 -21.12
 825.00 -58.02 -46.14
 826.00 -67.80 -38.01
 827.00 -52.28 -53.35
 828.00 -79.45 -33.00
 829.00 -62.21 -37.82
 830.00 -61.11 -46.05
 831.00 -66.62 -40.16
 832.00 -64.70 -47.44
 833.00 -60.42 -43.86
 834.00 -57.58 -29.52
 835.00 -63.85 -49.16
 836.00 -77.00 -34.94
 837.00 -56.93 -34.90
 838.00 -56.80 -53.47
 839.00 -57.09 -29.55
 840.00 -123.83 -35.57
 841.00 -71.81  18.93
 842.00 -92.10 150.87
 843.00 -145.90  95.18
 844.00 -75.84 147.70
 845.00 -52.41  89.76
 846.00 -62.17 -29.18
 847.00 -87.96 -33.22
 848.00 -67.05  96.49
 849.00 -62.64 -21.63
 850.00 -56.47 -43.50
 851.00 -75.79 -36.80
 852.00 -60.94 -39.11
 853.00 -61.76 -50.04
 854.00 -63.78 -41.45
 855.00 -64.83 -49.62
 856.00 -70.76 -35.63
 857.00 -56.87 -29.14
 858.00 -68.37 -46.09
 859.00 -71.32 -38.34
 860.00 -74.22 -35.69
 861.00 -57.63 -36.18
 862.00 -58.84 -43.56
 863.00 -79.26 -43.47
 864.00 -89.69  -7.07
 865.00 -65.97 -24.20
 866.00 -57.55 -40.74
 867.00 -76.58 -44.67
 868.00 -81.99 -18.21
 869.00 -55.53 -42.69
 870.00 -60.38 -46.29
 871.00 -70.70 -33.28
 872.00 -75.45 -41.46
 873.00 -60.02 -34.95
 874.00 -90.25 -30.74
 875.00 -69.65 -31.73
 876.00 -75.71 -40.70
 877.00 -59.44 -29.92
 878.00 -86.19 -44.22
 879.00 -62.58 -26.76
 880.00 -68.56 -36.44
 881.00 -47.01 -57.03
 882.00 -86.82 -46.03
 883.00 -46.67  -3.60
 884.00 -57.78 -52.86
 885.00 -66.44 -48.84
 886.00 -112.03 -15.66
 887.00  66.29  16.09
 888.00 -78.75   3.53
 889.00 -80.27 114.87
 890.00 -124.74 141.28
 891.00 -74.53 134.86
 892.00 -59.05 141.54
 893.00 -59.86 -37.08
 894.00 -83.20 -36.95
 895.00 -73.91 -37.08
 896.00 -71.34 -25.88
 897.00 -56.63 -48.01
 898.00 -72.02 -42.98
 899.00 -98.61 -34.78
 900.00 -112.98 -13.67
 901.00 -67.61 -57.50
 902.00 -54.05 -61.52
 903.00 -42.79 -43.16
 904.00 -65.10 -38.83
 905.00 -66.82 -33.89
 906.00 -74.92 -45.28
 907.00 -109.81 -10.06
 908.00  69.28   0.25
 909.00 -54.90   3.58
 910.00 -102.76 -36.71
 911.00 -126.07 139.04
 912.00 -58.37 128.39
 913.00 -80.48 128.08
 914.00 -63.96  92.96
 915.00 -90.15 147.79
 916.00 -117.95 -15.39
 917.00 -67.33 124.91


