 residuo Phi Psi
 669.00 -78.48 143.24
 670.00 -64.04 145.56
 671.00 -61.85 161.63
 672.00 -84.44 -29.59
 673.00 -63.50 -46.70
 674.00 -66.42 -28.58
 675.00 -89.52 -33.06
 676.00 -49.53 -43.33
 677.00 -65.31 -52.56
 678.00 -66.32 -30.91
 679.00 -85.13 -41.46
 680.00 -80.29  -0.44
 681.00 -63.39 123.22
 682.00 -74.39 147.17
 683.00 -71.76 172.72
 684.00 -107.74 128.51
 685.00 -97.57 156.13
 686.00 -67.39 144.67
 687.00  80.72 -21.99
 688.00 -73.79  12.87
 689.00 -95.04 136.28
 690.00 -65.46 102.90
 691.00 -55.94 -27.25
 692.00 -82.09 -18.77
 693.00 -56.76 125.15
 694.00 -59.35 143.46
 695.00 -156.22 139.61
 696.00 -62.81 143.11
 697.00 -60.66 -59.72
 698.00 -73.67 -36.35
 699.00 -72.03 -37.05
 700.00 -69.20 -48.89
 701.00 -51.08 -43.00
 702.00 -73.81 -35.50
 703.00 -76.01 -24.30
 704.00 -61.81 -35.99
 705.00 -49.09 -50.04
 706.00 -65.80 -58.15
 707.00 -63.80 -25.74
 708.00 -79.35 -32.79
 709.00 -53.72 -47.96
 710.00 -68.50 -50.34
 711.00 -59.96 -32.01
 712.00 -51.27 -47.77
 713.00 -76.31 -41.67
 714.00 -62.71 -44.06
 715.00 -77.10 -29.58
 716.00 -61.09 -42.34
 717.00 -60.20 -41.44
 718.00 -55.09 -52.71
 719.00 -65.26 -39.69
 720.00 -114.13  -9.81
 721.00 -65.33  -6.59
 722.00 -61.36 125.72
 723.00  73.27 133.40
 724.00 -58.67  -8.66
 725.00 -55.87 -47.47
 726.00 -63.41 -12.43
 727.00 -80.32 -18.50
 728.00 -60.96 142.13
 729.00 -55.76 147.96
 730.00 -72.49 -35.63
 731.00 -59.22 -36.99
 732.00 -64.42 -40.17
 733.00 -61.52 -50.67
 734.00 -74.88 -27.96
 735.00 -72.04 -36.15
 736.00 -69.97 -32.76
 737.00 -78.81 -44.95
 738.00 -88.68 -13.15
 739.00 -88.42 -29.53
 740.00 -40.14 -23.89
 741.00 -72.23 -45.49
 742.00 -61.41 -45.19
 743.00 -52.66 -48.26
 744.00 -70.88 -44.96
 745.00 -82.01 -32.92
 746.00 -67.03 -31.91
 747.00 -80.13 -37.74
 748.00 -61.31 -32.45
 749.00 -43.05 -48.83
 750.00 -72.70 -55.69
 751.00 -56.70 -46.97
 752.00 -59.18 -42.35
 753.00 -65.32 -40.70
 754.00 -70.61 -51.59
 755.00 -87.82 -37.05
 756.00 -128.33 -48.89
 757.00  53.63  32.20
 758.00  55.63  34.23
 759.00 -62.91   2.97
 760.00 -125.63 -33.52
 761.00 -80.85 156.46
 762.00 -125.76 145.93
 763.00 -48.86  58.08
 764.00 -127.23 -64.97
 765.00 -70.49 173.03
 766.00 -71.71 -29.08
 767.00 -71.98 -62.96
 768.00 -77.13  49.04
 769.00 -112.39 141.71
 770.00 -76.31 103.04
 771.00 -45.25 157.75
 772.00 -62.71 -42.87
 773.00 -67.23 -36.50
 774.00 -67.41 -35.34
 775.00 -71.97 -29.24
 776.00 -45.71 -62.13
 777.00 -74.06 -49.57
 778.00  63.85  -5.26
 779.00 -72.54  -7.51
 780.00 -58.12  37.02
 781.00 -75.55 -42.04
 782.00 -61.87 -32.93
 783.00 -78.68 -37.76
 784.00 -53.41 -38.44
 785.00 -56.97 -53.51
 786.00 -60.13 -48.24
 787.00 -73.95 -35.56
 788.00 -65.17 -34.99
 789.00 -62.50 -44.15
 790.00 -58.09 -32.82
 791.00 -60.11 -45.98
 792.00 -71.33 -17.31
 793.00 -60.64 -38.68
 794.00 -72.47 -31.62
 795.00 -65.58 -51.05
 796.00 -83.26 -31.66
 797.00  55.50  -7.35
 798.00 -68.12  58.43
 799.00 -81.33 134.17
 800.00 -63.74 159.31
 801.00 -56.72 -33.64
 802.00 -55.18 -57.21
 803.00 -60.80 -45.55
 804.00 -60.13 -56.30
 805.00 -56.94 -39.28
 806.00 -58.28 -52.11
 807.00 -57.00 -38.91
 808.00 -66.11 -51.51
 809.00 -73.79 -26.69
 810.00 -80.43 -24.08
 811.00 -76.49 -19.68
 812.00 -108.91 -19.59
 813.00 -135.80  34.01
 814.00 -153.46  14.99
 815.00 -132.63 112.81
 816.00 -57.90 159.02
 817.00 -66.03 147.38
 818.00 -98.54 -24.14
 819.00  72.56   8.69
 820.00 -72.63 179.61
 821.00 -49.84 153.29
 822.00 -84.14 -57.08
 823.00 -60.24  38.94
 824.00 -61.96 -40.98
 825.00 -74.14 -36.29
 826.00 -69.95 -36.10
 827.00 -68.06 -38.86
 828.00 -73.66 -28.33
 829.00 -63.16 -44.45
 830.00 -58.69 -43.16
 831.00 -75.45 -45.08
 832.00 -62.44 -26.31
 833.00 -52.64 -62.02
 834.00 -73.12 -29.21
 835.00 -76.54 -39.57
 836.00 -61.40 -34.34
 837.00 -46.52 -50.69
 838.00 -67.15 -44.55
 839.00 -75.46 -16.86
 840.00 -129.88 -24.14
 841.00 -59.28  -6.46
 842.00 -80.79 128.67
 843.00 -80.22  38.01
 844.00 -85.72 161.93
 845.00 -47.12  91.16
 846.00 -40.64 -39.34
 847.00 -118.57 -29.53
 848.00 -58.03  80.66
 849.00 -65.00 -35.28
 850.00 -73.92 -20.25
 851.00 -62.98 -36.53
 852.00 -70.48 -43.16
 853.00 -82.66 -17.00
 854.00 -53.38 -52.86
 855.00 -70.74 -42.12
 856.00 -64.65 -36.62
 857.00 -56.94 -46.41
 858.00 -71.83 -33.50
 859.00 -67.20 -50.02
 860.00 -70.37 -28.83
 861.00 -80.29 -27.76
 862.00 -59.21 -30.89
 863.00 -61.04 -48.65
 864.00 -78.24 -22.41
 865.00 -74.75 -26.46
 866.00 -60.65 -34.23
 867.00 -68.96 -41.13
 868.00 -52.54 -48.44
 869.00 -59.71 -45.59
 870.00 -78.32 -36.42
 871.00 -68.09 -23.20
 872.00 -62.27 -48.02
 873.00 -67.77 -32.88
 874.00 -49.83 -42.03
 875.00 -62.27 -56.94
 876.00 -61.38 -47.81
 877.00 -78.21 -32.75
 878.00 -58.88 -37.01
 879.00 -84.79 -25.64
 880.00 -66.21 -34.34
 881.00 -75.86 -22.46
 882.00 -116.07 -26.29
 883.00 -44.30   2.76
 884.00 -74.82 -44.21
 885.00 -71.97 -32.23
 886.00 -87.43 -42.19
 887.00  49.04   6.83
 888.00 -87.60  44.98
 889.00 -75.40 138.34
 890.00 -130.76 142.33
 891.00 -83.48 126.98
 892.00 -60.87 138.19
 893.00 -57.69 -40.93
 894.00 -79.04 -32.48
 895.00 -47.84 -40.24
 896.00 -67.96 -41.40
 897.00 -50.17 -51.60
 898.00 -49.50 -52.63
 899.00 -94.38 -32.27
 900.00 -106.02 -27.07
 901.00 -95.99 -52.91
 902.00 -61.72 -37.63
 903.00 -43.55 -32.79
 904.00 -69.16 -46.99
 905.00 -68.73 -34.68
 906.00 -74.67 -50.57
 907.00 -84.32 -14.67
 908.00  80.88 -16.38
 909.00 -78.28  13.63
 910.00 -126.01  -4.73
 911.00 -144.52 139.35
 912.00 -66.54 137.95
 913.00 -78.50 140.90
 914.00 -72.21  81.30
 915.00 -64.17 116.16
 916.00 -108.74 -36.31
 917.00 -81.74 -10.46


