 residuo Phi Psi
 669.00 -76.69 119.51
 670.00 -58.63 125.42
 671.00 -138.53 148.25
 672.00 -56.89 -11.28
 673.00 -78.56 -38.35
 674.00 -62.95 -43.74
 675.00 -73.83 -20.33
 676.00 -61.66 -51.98
 677.00 -67.55 -26.56
 678.00 -75.97 -39.29
 679.00 -99.50 -32.81
 680.00 -50.72 -13.48
 681.00 -74.79 112.36
 682.00 -67.84 171.02
 683.00 -54.56 135.74
 684.00 -85.34 131.23
 685.00 -81.90 128.34
 686.00 -64.40 146.74
 687.00  77.35 -22.45
 688.00 -87.66  23.64
 689.00 -77.98 115.20
 690.00 -60.63 131.60
 691.00 -88.73 -21.94
 692.00 -51.81  -9.78
 693.00 -86.60 148.22
 694.00 -58.84 131.22
 695.00 -152.18  80.15
 696.00 -48.84 157.97
 697.00 -55.18 -83.67
 698.00 -46.60 -36.82
 699.00 -62.57 -58.74
 700.00 -62.28 -49.73
 701.00 -64.80 -45.47
 702.00 -54.42 -32.63
 703.00 -99.01 -28.34
 704.00 -66.73 -22.52
 705.00 -73.09 -36.43
 706.00 -62.39 -42.99
 707.00 -79.97 -30.32
 708.00 -57.55 -22.87
 709.00 -57.83 -67.35
 710.00 -74.26 -31.74
 711.00 -58.32 -40.59
 712.00 -55.05 -47.67
 713.00 -68.73 -41.77
 714.00 -54.70 -40.39
 715.00 -56.67 -47.40
 716.00 -60.09 -46.83
 717.00 -81.20 -38.04
 718.00 -70.74 -18.53
 719.00 -67.02 -33.99
 720.00 -144.71  13.67
 721.00 -57.75 -18.90
 722.00 -64.33 140.49
 723.00  75.29 143.11
 724.00 -75.64 -20.32
 725.00 -61.53 -17.96
 726.00 -69.56 -14.71
 727.00 -69.44 -37.70
 728.00 -64.67 156.66
 729.00 -61.03 143.10
 730.00 -73.81 -28.94
 731.00 -69.54 -32.15
 732.00 -67.29 -32.28
 733.00 -54.37 -48.66
 734.00 -58.69 -50.89
 735.00 -72.44 -44.46
 736.00 -73.36 -26.08
 737.00 -75.82 -36.32
 738.00 -101.10 -12.38
 739.00 -83.64 -37.00
 740.00 -57.54 -10.47
 741.00 -67.88 -52.64
 742.00 -66.82 -42.70
 743.00 -71.47 -37.11
 744.00 -62.48 -45.30
 745.00 -83.05 -27.85
 746.00 -57.98 -36.04
 747.00 -79.26 -45.93
 748.00 -76.40 -25.97
 749.00 -58.71 -31.51
 750.00 -77.89 -40.53
 751.00 -66.31 -42.20
 752.00 -60.31 -35.03
 753.00 -62.33 -45.59
 754.00 -67.66 -58.18
 755.00 -89.77 -48.31
 756.00 -141.07 -33.81
 757.00  49.01  39.89
 758.00  69.60  32.40
 759.00 -64.03 -17.51
 760.00 -117.92 -22.20
 761.00 -111.34 165.14
 762.00 -82.22  93.22
 763.00 -58.00  67.23
 764.00 -154.16 -47.11
 765.00 -72.01 167.79
 766.00 -94.06 -17.18
 767.00 -109.10 -43.28
 768.00 -103.16  83.80
 769.00 -101.14 135.79
 770.00 -70.97 114.63
 771.00 -59.74 177.67
 772.00 -48.89 -36.35
 773.00 -73.60 -48.38
 774.00 -68.09 -24.55
 775.00 -64.95 -42.51
 776.00 -71.35 -40.75
 777.00 -88.99 -32.16
 778.00  58.29   1.94
 779.00 -127.57  23.04
 780.00 -65.31  46.71
 781.00 -59.42 -47.07
 782.00 -67.56 -39.36
 783.00 -59.26 -49.90
 784.00 -69.73 -30.95
 785.00 -62.86 -38.88
 786.00 -63.43 -35.97
 787.00 -71.52 -36.20
 788.00 -65.46 -41.91
 789.00 -70.37 -33.97
 790.00 -45.80 -41.44
 791.00 -75.43 -44.75
 792.00 -63.63 -17.39
 793.00 -62.09 -42.17
 794.00 -77.60 -29.12
 795.00 -58.66 -36.42
 796.00 -81.99 -40.83
 797.00  43.40 -19.64
 798.00 -74.99  75.95
 799.00 -75.64 128.97
 800.00 -45.30 150.31
 801.00 -67.74 -36.04
 802.00 -56.41 -49.19
 803.00 -45.80 -46.52
 804.00 -70.19 -46.95
 805.00 -85.85 -27.82
 806.00 -72.31 -24.09
 807.00 -70.79 -42.64
 808.00 -50.91 -36.71
 809.00 -73.82 -44.85
 810.00 -63.37 -22.96
 811.00 -57.19 -29.91
 812.00 -102.26 -41.49
 813.00 -132.56  56.22
 814.00 -145.20  -6.56
 815.00 -137.32 123.12
 816.00 -57.68 174.60
 817.00 -57.96 157.35
 818.00 -78.83 -35.29
 819.00  75.59  -2.52
 820.00 -63.98 172.69
 821.00 -74.25 170.20
 822.00 -118.11 -28.46
 823.00 -37.89  51.23
 824.00 -82.47 -34.18
 825.00 -72.23 -12.56
 826.00 -62.48 -45.93
 827.00 -56.64 -40.88
 828.00 -72.24 -42.80
 829.00 -59.76 -37.78
 830.00 -56.09 -41.82
 831.00 -68.67 -41.36
 832.00 -71.01 -42.04
 833.00 -74.74 -44.29
 834.00 -65.06 -16.63
 835.00 -71.12 -49.97
 836.00 -67.28 -36.54
 837.00 -77.87 -26.53
 838.00 -58.67 -50.77
 839.00 -65.57 -21.88
 840.00 -118.91 -40.06
 841.00 -57.76  14.76
 842.00 -72.62 132.84
 843.00 -165.98 107.47
 844.00 -73.02 155.00
 845.00 -56.67  90.01
 846.00 -62.52 -28.63
 847.00 -133.53 -16.78
 848.00 -47.64  77.69
 849.00 -49.83 -20.24
 850.00 -62.58 -45.32
 851.00 -80.54 -28.55
 852.00 -69.34 -35.71
 853.00 -74.59 -36.86
 854.00 -75.90 -26.14
 855.00 -52.34 -46.42
 856.00 -61.70 -47.20
 857.00 -59.88 -34.42
 858.00 -85.63 -36.33
 859.00 -75.95 -22.24
 860.00 -64.60 -40.15
 861.00 -60.19 -43.01
 862.00 -66.95 -44.98
 863.00 -53.78 -57.89
 864.00 -72.10 -25.10
 865.00 -71.35 -20.91
 866.00 -60.04 -34.26
 867.00 -53.40 -40.91
 868.00 -68.36 -49.10
 869.00 -58.09 -42.60
 870.00 -83.56 -35.68
 871.00 -79.66 -13.67
 872.00 -61.50 -48.98
 873.00 -71.80 -31.14
 874.00 -70.57 -35.25
 875.00 -55.10 -42.62
 876.00 -59.78 -50.10
 877.00 -69.59 -37.50
 878.00 -60.73 -40.72
 879.00 -74.98 -30.71
 880.00 -66.99 -43.69
 881.00 -40.59 -47.04
 882.00 -113.99 -36.44
 883.00 -43.49 -12.23
 884.00 -75.33 -42.87
 885.00 -78.12 -31.13
 886.00 -120.46 -17.88
 887.00  57.66  25.69
 888.00 -83.74  16.57
 889.00 -106.86 122.55
 890.00 -137.19 136.97
 891.00 -73.52 142.39
 892.00 -58.51 144.13
 893.00 -68.09 -33.91
 894.00 -71.07 -39.77
 895.00 -60.39 -41.52
 896.00 -67.32 -40.19
 897.00 -56.30 -44.31
 898.00 -74.42 -50.54
 899.00 -92.80 -19.32
 900.00 -118.18 -26.19
 901.00 -78.66 -43.59
 902.00 -53.19 -66.99
 903.00 -72.89 -35.95
 904.00 -71.42  -6.45
 905.00 -57.44 -37.30
 906.00 -63.80 -52.11
 907.00 -92.77 -16.33
 908.00  76.95 -11.23
 909.00 -66.01  -0.62
 910.00 -119.79 -25.94
 911.00 -149.85 137.52
 912.00 -91.26 147.56
 913.00 -76.14 157.81
 914.00 -108.76 133.82
 915.00 -70.95 131.23
 916.00 -111.52 -31.40
 917.00 -103.95  96.34


