 residuo Phi Psi
 669.00 -70.98 -179.10
 670.00 -35.86 148.14
 671.00 -62.32 125.43
 672.00 -63.40 -15.70
 673.00 -87.46 -28.56
 674.00 -68.82 -21.57
 675.00 -70.19 -36.75
 676.00 -56.43 -49.28
 677.00 -75.17 -36.09
 678.00 -73.82 -28.60
 679.00 -80.89 -32.87
 680.00 -67.82  -3.13
 681.00 -70.42 125.17
 682.00 -79.65 153.46
 683.00 -62.98 162.26
 684.00 -123.03 143.32
 685.00 -73.82 134.63
 686.00 -80.70 156.47
 687.00  78.98 -16.55
 688.00 -76.78  15.84
 689.00 -114.40 148.33
 690.00 -80.04 100.06
 691.00 -77.65  11.88
 692.00 -71.82 -34.32
 693.00 -67.53 143.34
 694.00 -52.21 150.23
 695.00 -157.20 136.49
 696.00 -48.01 148.11
 697.00 -64.46 -60.60
 698.00 -63.84 -45.15
 699.00 -74.46 -32.53
 700.00 -76.73 -47.67
 701.00 -69.09 -38.27
 702.00 -69.53 -37.16
 703.00 -64.45 -28.90
 704.00 -58.67 -43.95
 705.00 -63.93 -43.20
 706.00 -62.30 -39.86
 707.00 -51.31 -50.76
 708.00 -60.92 -40.76
 709.00 -66.50 -42.44
 710.00 -74.85 -34.28
 711.00 -85.17 -17.40
 712.00 -52.59 -31.62
 713.00 -82.33 -41.85
 714.00 -67.89 -26.73
 715.00 -59.48 -43.46
 716.00 -55.38 -51.83
 717.00 -60.10 -46.38
 718.00 -67.08 -48.83
 719.00 -54.49 -38.13
 720.00 -106.94 -27.89
 721.00 -58.37 -13.28
 722.00 -69.11 144.05
 723.00  75.39 139.13
 724.00 -72.52 -20.65
 725.00 -73.14 -18.36
 726.00 -86.84 -26.36
 727.00 -79.58  13.47
 728.00 -70.10 159.35
 729.00 -63.28 147.01
 730.00 -57.83 -32.20
 731.00 -79.56 -36.65
 732.00 -59.04 -40.02
 733.00 -66.49 -34.89
 734.00 -62.19 -46.89
 735.00 -62.88 -59.45
 736.00 -61.52 -32.05
 737.00 -67.98 -51.69
 738.00 -84.84 -29.08
 739.00 -117.25 -18.26
 740.00 -67.91   4.24
 741.00 -58.95 -47.76
 742.00 -52.87 -40.24
 743.00 -62.88 -49.56
 744.00 -55.36 -54.49
 745.00 -67.47 -51.39
 746.00 -58.80 -35.53
 747.00 -61.73 -47.67
 748.00 -63.42 -53.84
 749.00 -51.45 -39.24
 750.00 -67.69 -45.86
 751.00 -61.14 -42.96
 752.00 -65.70 -43.71
 753.00 -66.63 -35.06
 754.00 -74.09 -52.01
 755.00 -95.39 -42.72
 756.00 -132.32 -22.39
 757.00  56.62  19.58
 758.00  49.85  32.31
 759.00 -72.28  11.36
 760.00 -142.71 -14.82
 761.00 -75.22 155.93
 762.00 -92.13 120.37
 763.00 -54.94  68.63
 764.00 -149.62 -57.30
 765.00 -53.71 159.31
 766.00 -86.90 -38.15
 767.00 -86.81 -45.08
 768.00 -85.70  63.21
 769.00 -118.79 144.30
 770.00 -73.50  86.22
 771.00 -59.44 160.18
 772.00 -69.76 -28.86
 773.00 -64.28 -28.64
 774.00 -64.33 -39.08
 775.00 -57.67 -48.16
 776.00 -79.81 -46.80
 777.00 -82.42 -26.69
 778.00  55.20  -4.85
 779.00 -152.81  62.45
 780.00 -53.60  17.07
 781.00 -60.74 -39.64
 782.00 -85.72 -31.07
 783.00 -72.33 -37.59
 784.00 -65.56 -42.50
 785.00 -68.73 -32.14
 786.00 -57.43 -52.29
 787.00 -72.72 -29.57
 788.00 -53.76 -41.63
 789.00 -54.19 -46.76
 790.00 -71.40 -39.64
 791.00 -68.14 -38.68
 792.00 -65.58 -22.61
 793.00 -74.52 -22.16
 794.00 -78.89 -32.42
 795.00 -62.95 -44.42
 796.00 -84.92 -45.22
 797.00  41.43  -2.57
 798.00 -69.37  65.90
 799.00 -78.54 123.74
 800.00 -58.26 153.88
 801.00 -71.64 -31.46
 802.00 -68.89 -33.41
 803.00 -55.66 -38.93
 804.00 -59.24 -47.59
 805.00 -74.77 -40.77
 806.00 -61.18 -45.23
 807.00 -60.12 -41.80
 808.00 -57.52 -48.07
 809.00 -75.14 -32.65
 810.00 -63.69 -30.37
 811.00 -63.18 -35.61
 812.00 -118.62 -12.85
 813.00 -140.91  45.75
 814.00 -132.50  13.14
 815.00 -151.43 133.30
 816.00 -54.81 148.90
 817.00 -67.17 160.73
 818.00 -108.26 -24.67
 819.00  74.69  15.14
 820.00 -67.78 159.63
 821.00 -66.96 168.18
 822.00 -102.36 -37.10
 823.00 -66.63  43.46
 824.00 -73.34 -28.87
 825.00 -73.67 -42.45
 826.00 -68.94 -26.12
 827.00 -57.33 -44.40
 828.00 -43.05 -50.39
 829.00 -77.92 -46.75
 830.00 -52.02 -35.24
 831.00 -51.47 -54.60
 832.00 -51.31 -52.56
 833.00 -77.82 -51.73
 834.00 -61.05 -26.58
 835.00 -67.91 -47.99
 836.00 -75.01 -19.42
 837.00 -69.98 -38.13
 838.00 -43.88 -46.31
 839.00 -72.11 -44.73
 840.00 -113.42 -33.63
 841.00 -56.97  14.60
 842.00 -75.42 134.86
 843.00 -138.97  95.32
 844.00 -72.24 157.35
 845.00 -52.11  87.13
 846.00 -63.01 -17.75
 847.00 -118.21  -6.45
 848.00 -44.98  73.30
 849.00 -71.88 -33.35
 850.00 -59.39 -44.09
 851.00 -72.11 -36.93
 852.00 -63.62 -34.00
 853.00 -58.06 -41.54
 854.00 -63.31 -44.90
 855.00 -50.56 -43.75
 856.00 -69.84 -52.84
 857.00 -67.25 -29.73
 858.00 -63.66 -38.73
 859.00 -70.50 -38.56
 860.00 -61.17 -37.37
 861.00 -70.73 -33.97
 862.00 -51.55 -56.77
 863.00 -71.48 -38.42
 864.00 -84.65 -20.16
 865.00 -82.18 -15.49
 866.00 -71.59 -23.20
 867.00 -63.01 -45.81
 868.00 -67.16 -37.19
 869.00 -73.95 -32.99
 870.00 -54.42 -34.41
 871.00 -53.49 -52.27
 872.00 -68.42 -52.97
 873.00 -73.99 -32.35
 874.00 -59.80 -38.23
 875.00 -58.43 -49.05
 876.00 -63.41 -45.18
 877.00 -73.87 -39.11
 878.00 -61.91 -30.94
 879.00 -66.30 -34.54
 880.00 -64.14 -41.14
 881.00 -71.96 -34.03
 882.00 -138.70 -19.43
 883.00 -50.17  31.39
 884.00 -70.90 -46.17
 885.00 -64.36 -30.96
 886.00 -86.39 -45.37
 887.00  68.23 -14.74
 888.00 -95.20  28.71
 889.00 -103.48 133.93
 890.00 -121.80 138.62
 891.00 -59.48 117.41
 892.00 -49.00 139.85
 893.00 -56.86 -46.71
 894.00 -71.39 -43.29
 895.00 -57.76 -38.92
 896.00 -74.38 -43.68
 897.00 -62.68 -31.83
 898.00 -76.56 -49.13
 899.00 -62.07 -34.73
 900.00 -114.38 -47.06
 901.00 -81.82 -36.87
 902.00 -49.71 -48.23
 903.00 -60.69 -36.88
 904.00 -72.38 -30.64
 905.00 -66.38 -34.22
 906.00 -78.10 -39.72
 907.00 -82.46 -23.53
 908.00  71.10   0.84
 909.00 -68.94   4.84
 910.00 -111.70 -23.12
 911.00 -134.14 145.13
 912.00 -72.35 155.45
 913.00 -85.21 151.50
 914.00 -69.70  93.70
 915.00 -68.43 131.85
 916.00 -103.18 -37.81
 917.00 -106.44 151.91


