 residuo Phi Psi
 669.00 -82.24 150.52
 670.00 -57.05 152.07
 671.00 -68.32 151.97
 672.00 -45.60 -46.17
 673.00 -57.16 -45.58
 674.00 -74.98 -36.33
 675.00 -73.10 -24.94
 676.00 -55.66 -38.26
 677.00 -74.93 -33.12
 678.00 -65.19 -36.34
 679.00 -82.96 -37.37
 680.00 -69.58 -11.63
 681.00 -66.06 125.18
 682.00 -82.83 167.42
 683.00 -75.08 -165.73
 684.00 -142.71 154.71
 685.00 -126.44 150.59
 686.00 -77.27 149.32
 687.00  83.91 -18.28
 688.00 -74.42  16.70
 689.00 -128.58 163.31
 690.00 -82.06 105.52
 691.00 -85.48   3.91
 692.00 -103.91 -11.71
 693.00 -52.00 132.89
 694.00 -57.46 132.75
 695.00 -145.23 147.06
 696.00 -38.61 143.37
 697.00 -74.87 -55.26
 698.00 -62.33 -37.14
 699.00 -55.49 -51.40
 700.00 -79.92 -49.45
 701.00 -72.57 -30.52
 702.00 -67.23 -32.70
 703.00 -58.87 -36.82
 704.00 -70.52 -48.62
 705.00 -52.83 -33.62
 706.00 -61.01 -55.69
 707.00 -49.23 -33.31
 708.00 -80.11 -43.74
 709.00 -52.64 -42.37
 710.00 -57.60 -46.24
 711.00 -44.14 -50.86
 712.00 -61.43 -51.13
 713.00 -68.20 -39.10
 714.00 -63.66 -44.38
 715.00 -73.56 -45.16
 716.00 -59.14 -35.66
 717.00 -54.77 -50.01
 718.00 -58.41 -51.94
 719.00 -69.19 -34.10
 720.00 -74.42 -41.91
 721.00 -30.06 -29.75
 722.00 -44.95 122.12
 723.00 101.55 122.67
 724.00 -76.64 -29.83
 725.00 -59.09 -24.07
 726.00 -66.08 -23.58
 727.00 -81.59 -24.59
 728.00 -66.71 141.50
 729.00 -57.52 160.38
 730.00 -77.92 -41.09
 731.00 -83.88 -13.52
 732.00 -62.37 -38.81
 733.00 -56.42 -50.61
 734.00 -52.84 -35.38
 735.00 -63.43 -74.78
 736.00 -64.20 -31.02
 737.00 -72.56 -48.49
 738.00 -95.20 -17.16
 739.00 -80.94 -43.93
 740.00 -59.68  -6.98
 741.00 -74.42 -38.28
 742.00 -45.34 -46.12
 743.00 -69.17 -49.60
 744.00 -62.67 -44.80
 745.00 -69.99 -52.82
 746.00 -57.21 -38.52
 747.00 -56.51 -54.16
 748.00 -74.50 -40.15
 749.00 -59.62 -39.29
 750.00 -51.00 -51.63
 751.00 -57.62 -57.67
 752.00 -71.96 -33.43
 753.00 -61.21 -33.87
 754.00 -77.62 -47.92
 755.00 -93.69 -29.59
 756.00 -147.60 -28.91
 757.00  40.47  31.88
 758.00  54.49  45.54
 759.00 -79.89  13.29
 760.00 -137.52 -20.09
 761.00 -86.00 162.45
 762.00 -78.95 105.33
 763.00 -73.16  73.00
 764.00 -133.93 -49.39
 765.00 -74.29 -179.34
 766.00 -75.40 -28.94
 767.00 -77.20 -62.78
 768.00 -78.67  54.40
 769.00 -108.03 136.26
 770.00 -67.50  98.99
 771.00 -45.45 158.43
 772.00 -58.95 -43.91
 773.00 -70.04 -38.49
 774.00 -54.16 -34.22
 775.00 -70.43 -44.26
 776.00 -68.77 -47.79
 777.00 -76.56 -36.36
 778.00  60.42   3.01
 779.00 -130.95  43.68
 780.00 -70.69  22.18
 781.00 -70.75 -37.92
 782.00 -67.16 -38.55
 783.00 -58.87 -43.79
 784.00 -75.64 -41.55
 785.00 -52.82 -39.17
 786.00 -73.35 -43.49
 787.00 -68.31 -23.64
 788.00 -55.37 -45.47
 789.00 -58.27 -56.05
 790.00 -65.91 -33.09
 791.00 -71.87 -33.67
 792.00 -47.55 -30.60
 793.00 -61.35 -45.08
 794.00 -63.38 -49.55
 795.00 -86.46 -30.06
 796.00 -81.10 -41.94
 797.00  54.37  -5.42
 798.00 -85.00  66.27
 799.00 -83.68 140.05
 800.00 -67.81 154.66
 801.00 -64.34 -20.71
 802.00 -60.58 -45.46
 803.00 -57.98 -46.96
 804.00 -59.84 -42.70
 805.00 -64.72 -38.85
 806.00 -63.61 -57.19
 807.00 -58.74 -34.74
 808.00 -72.46 -39.65
 809.00 -61.17 -50.19
 810.00 -57.08 -21.11
 811.00 -62.19 -54.33
 812.00 -118.50  -5.97
 813.00 -135.95  36.94
 814.00 -148.27  19.12
 815.00 -145.58 134.31
 816.00 -61.45 148.44
 817.00 -44.93 133.26
 818.00 -83.21 -22.64
 819.00  74.26  -5.67
 820.00 -71.87 158.34
 821.00 -54.63 144.07
 822.00 -101.78 -40.82
 823.00 -59.47  48.11
 824.00 -54.65 -44.28
 825.00 -66.00 -36.46
 826.00 -65.11 -43.05
 827.00 -66.10 -48.90
 828.00 -64.52 -38.09
 829.00 -71.34 -40.64
 830.00 -60.52 -29.51
 831.00 -63.05 -49.74
 832.00 -55.28 -42.10
 833.00 -81.10 -44.94
 834.00 -76.35 -11.18
 835.00 -65.72 -37.50
 836.00 -69.21 -46.04
 837.00 -72.32 -31.20
 838.00 -51.06 -52.55
 839.00 -61.44 -38.07
 840.00 -134.24 -17.75
 841.00 -55.89  14.05
 842.00 -76.37 137.31
 843.00 -72.30  16.10
 844.00 -78.38 161.83
 845.00 -59.83 116.82
 846.00 -60.77 -26.64
 847.00 -104.11 -24.71
 848.00 -54.97  86.22
 849.00 -74.76 -36.71
 850.00 -64.83 -31.34
 851.00 -68.93 -41.69
 852.00 -67.68 -34.74
 853.00 -51.04 -45.75
 854.00 -61.68 -41.12
 855.00 -62.75 -50.85
 856.00 -56.91 -45.18
 857.00 -59.73 -54.47
 858.00 -83.97 -23.97
 859.00 -60.32 -41.89
 860.00 -69.49 -33.22
 861.00 -76.21 -33.13
 862.00 -59.73 -44.34
 863.00 -70.87 -40.05
 864.00 -78.48 -20.68
 865.00 -67.38  -9.46
 866.00 -55.81 -41.25
 867.00 -76.15 -39.37
 868.00 -87.37 -25.39
 869.00 -57.23 -43.47
 870.00 -55.36 -50.25
 871.00 -50.84 -48.72
 872.00 -54.80 -50.33
 873.00 -67.98 -39.37
 874.00 -52.39 -56.66
 875.00 -70.34 -35.59
 876.00 -73.08 -35.65
 877.00 -57.87 -37.80
 878.00 -62.67 -36.98
 879.00 -84.27 -28.88
 880.00 -54.78 -42.15
 881.00 -60.05 -47.25
 882.00 -138.86 -17.52
 883.00 -64.97  41.32
 884.00 -66.40 -29.69
 885.00 -80.30 -39.40
 886.00 -71.53 -46.62
 887.00  70.93 -11.21
 888.00 -70.90  -4.55
 889.00 -97.82 130.77
 890.00 -140.80 156.38
 891.00 -66.15 113.61
 892.00 -42.09 140.73
 893.00 -75.18 -39.70
 894.00 -79.20 -35.26
 895.00 -52.26 -39.12
 896.00 -77.74 -34.06
 897.00 -57.17 -35.75
 898.00 -56.46 -53.44
 899.00 -73.89 -45.40
 900.00 -121.85 -32.50
 901.00 -78.68 -42.51
 902.00 -60.81 -43.51
 903.00 -43.58 -40.63
 904.00 -61.10 -39.76
 905.00 -62.59 -42.71
 906.00 -75.23 -53.13
 907.00 -126.29   4.36
 908.00  83.49  18.31
 909.00 -100.56  13.56
 910.00 -136.82   5.97
 911.00 -132.13 141.83
 912.00 -61.98 133.99
 913.00 -101.45 160.48
 914.00 -65.04  84.90
 915.00 -75.33 123.37
 916.00 -110.51 -36.12
 917.00 -72.56 161.57


