 residuo Phi Psi
 669.00 -60.25 166.42
 670.00 -57.87 155.75
 671.00 -151.35 144.15
 672.00 -58.63   1.76
 673.00 -62.21 -39.32
 674.00 -60.78 -41.11
 675.00 -66.25 -47.01
 676.00 -58.37 -44.46
 677.00 -85.50 -33.98
 678.00 -66.97 -26.32
 679.00 -123.32 -15.39
 680.00 -58.23  -8.92
 681.00 -78.81 120.57
 682.00 -74.74 167.88
 683.00 -78.28 170.14
 684.00 -105.08 141.94
 685.00 -103.01 141.35
 686.00 -70.16 145.71
 687.00  87.38 -19.01
 688.00 -79.41  15.64
 689.00 -140.30 166.13
 690.00 -63.06 110.27
 691.00 -72.37 -13.66
 692.00 -77.78 -23.21
 693.00 -60.70 150.31
 694.00 -94.71 151.49
 695.00 -168.58 129.86
 696.00 -52.58 146.44
 697.00 -60.30 -75.44
 698.00 -66.13 -32.19
 699.00 -68.93 -39.57
 700.00 -68.63 -34.94
 701.00 -64.67 -50.65
 702.00 -80.76 -24.45
 703.00 -58.94 -38.38
 704.00 -53.86 -37.90
 705.00 -55.29 -52.14
 706.00 -71.88 -48.64
 707.00 -57.06 -25.98
 708.00 -68.29 -41.88
 709.00 -65.71 -42.64
 710.00 -68.31 -44.88
 711.00 -55.08 -40.48
 712.00 -53.57 -41.58
 713.00 -69.82 -55.89
 714.00 -73.85 -22.24
 715.00 -59.72 -50.25
 716.00 -64.55 -44.71
 717.00 -85.17 -25.81
 718.00 -62.47 -30.36
 719.00 -72.70 -40.92
 720.00 -97.09 -16.34
 721.00 -50.05 -15.09
 722.00 -67.82 146.02
 723.00  87.91 132.71
 724.00 -73.71  -0.39
 725.00 -65.56 -34.64
 726.00 -80.58   3.87
 727.00 -90.80 -19.43
 728.00 -73.26 142.28
 729.00 -60.20 159.52
 730.00 -69.22 -36.84
 731.00 -92.34 -24.95
 732.00 -62.10 -28.29
 733.00 -59.13 -39.98
 734.00 -59.73 -41.49
 735.00 -67.28 -47.28
 736.00 -66.60 -37.54
 737.00 -64.42 -47.09
 738.00 -97.93 -22.24
 739.00 -64.38 -43.80
 740.00 -62.81 -15.93
 741.00 -77.48 -33.29
 742.00 -54.64 -57.90
 743.00 -59.73 -48.97
 744.00 -64.28 -61.69
 745.00 -61.57 -31.90
 746.00 -64.39 -45.13
 747.00 -46.19 -52.81
 748.00 -64.23 -45.84
 749.00 -66.02 -34.72
 750.00 -67.99 -37.11
 751.00 -68.02 -38.73
 752.00 -70.51 -27.78
 753.00 -55.82 -50.90
 754.00 -66.67 -53.30
 755.00 -110.55 -32.95
 756.00 -134.80 -22.96
 757.00  64.89  28.76
 758.00  58.28  25.36
 759.00 -78.04   3.64
 760.00 -105.69 -49.70
 761.00 -86.39 160.52
 762.00 -88.32 105.46
 763.00 -61.46  67.36
 764.00 -159.96 -40.81
 765.00 -59.65 158.56
 766.00 -97.04 -17.32
 767.00 -72.01 -61.40
 768.00 -63.98  38.08
 769.00 -108.71 139.39
 770.00 -73.64 107.21
 771.00 -56.03 175.39
 772.00 -60.46 -40.45
 773.00 -59.37 -44.51
 774.00 -51.84 -36.09
 775.00 -50.19 -63.28
 776.00 -71.34 -57.62
 777.00 -90.60 -19.65
 778.00  62.11   2.12
 779.00 -141.25  32.65
 780.00 -54.07  49.14
 781.00 -60.42 -48.65
 782.00 -65.67 -44.99
 783.00 -75.16 -37.40
 784.00 -72.49 -28.02
 785.00 -59.90 -36.00
 786.00 -69.97 -36.80
 787.00 -54.27 -40.45
 788.00 -63.14 -42.37
 789.00 -58.64 -49.35
 790.00 -60.41 -41.24
 791.00 -65.51 -45.04
 792.00 -75.95 -17.50
 793.00 -54.46 -29.20
 794.00 -81.36 -33.18
 795.00 -71.04 -29.07
 796.00 -76.52 -39.61
 797.00  37.72 -18.03
 798.00 -65.08  80.16
 799.00 -104.62 137.32
 800.00 -54.63 150.56
 801.00 -66.51 -33.30
 802.00 -67.80 -38.30
 803.00 -44.89 -53.20
 804.00 -55.57 -59.42
 805.00 -53.53 -53.48
 806.00 -71.81 -43.02
 807.00 -65.46 -32.47
 808.00 -74.39 -33.65
 809.00 -86.38 -24.76
 810.00 -63.97 -28.22
 811.00 -54.03 -29.73
 812.00 -121.62 -30.57
 813.00 -142.71  59.68
 814.00 -160.71  14.29
 815.00 -157.20 136.37
 816.00 -45.89 161.15
 817.00 -53.37 153.47
 818.00 -93.20 -34.11
 819.00  90.45  -6.29
 820.00 -82.83 -175.71
 821.00 -64.11 176.32
 822.00 -141.55 -25.10
 823.00 -51.87  61.20
 824.00 -54.47 -20.62
 825.00 -82.08 -23.72
 826.00 -76.31 -36.99
 827.00 -58.18 -50.58
 828.00 -68.36 -42.38
 829.00 -59.83 -38.13
 830.00 -72.83 -43.29
 831.00 -72.74 -43.67
 832.00 -54.79 -39.82
 833.00 -71.41 -48.50
 834.00 -59.69 -29.91
 835.00 -70.48 -47.79
 836.00 -75.13 -25.69
 837.00 -59.99 -34.09
 838.00 -51.12 -48.84
 839.00 -73.34 -20.53
 840.00 -131.84 -27.06
 841.00 -87.89  19.22
 842.00 -81.51 150.68
 843.00 -116.08  66.96
 844.00 -78.22 158.97
 845.00 -61.90  91.26
 846.00 -58.32 -27.02
 847.00 -122.76 -25.56
 848.00 -70.05  80.92
 849.00 -58.74 -11.11
 850.00 -54.06 -30.33
 851.00 -65.35 -37.47
 852.00 -56.54 -44.63
 853.00 -65.05 -41.66
 854.00 -56.89 -46.90
 855.00 -55.42 -56.76
 856.00 -62.16 -37.74
 857.00 -70.93 -47.43
 858.00 -83.52 -17.96
 859.00 -73.16 -43.97
 860.00 -60.46 -32.39
 861.00 -64.94 -33.75
 862.00 -71.00 -42.22
 863.00 -67.40 -35.92
 864.00 -64.72 -32.22
 865.00 -63.25 -26.55
 866.00 -63.95 -37.06
 867.00 -54.96 -42.11
 868.00 -91.77 -27.52
 869.00 -73.13 -23.66
 870.00 -57.69 -52.74
 871.00 -64.84 -42.70
 872.00 -72.74 -44.37
 873.00 -68.74 -22.67
 874.00 -63.66 -40.76
 875.00 -69.85 -41.88
 876.00 -69.01 -41.78
 877.00 -70.99 -37.74
 878.00 -63.68 -36.54
 879.00 -53.18 -55.21
 880.00 -68.55 -41.07
 881.00 -71.97 -42.15
 882.00 -73.08 -33.83
 883.00 -57.47 -10.72
 884.00 -77.89 -38.17
 885.00 -70.68 -19.30
 886.00 -102.08 -32.86
 887.00  58.17  15.21
 888.00 -86.41  21.56
 889.00 -114.40 136.52
 890.00 -131.84 149.95
 891.00 -73.22 155.75
 892.00 -66.44 144.37
 893.00 -69.01 -31.15
 894.00 -86.92 -27.03
 895.00 -60.03 -41.04
 896.00 -59.55 -30.27
 897.00 -59.31 -53.46
 898.00 -74.08 -42.16
 899.00 -84.78 -36.41
 900.00 -103.95 -28.83
 901.00 -96.54 -35.78
 902.00 -75.79 -31.87
 903.00 -66.10 -33.36
 904.00 -65.61 -13.16
 905.00 -56.48 -45.53
 906.00 -68.92 -58.27
 907.00 -90.23 -24.98
 908.00  62.91   6.67
 909.00 -64.85  28.34
 910.00 -129.98 -20.63
 911.00 -111.18 136.33
 912.00 -62.68 110.21
 913.00 -79.52 130.03
 914.00 -140.06 147.33
 915.00 -66.86 133.22
 916.00 -139.31 -24.19
 917.00 -65.25 161.98


