 residuo Phi Psi
 669.00 -57.48 141.66
 670.00 -54.59 145.57
 671.00 -149.64 130.15
 672.00 -64.89 -12.89
 673.00 -61.39 -42.45
 674.00 -69.47 -19.38
 675.00 -71.83 -43.09
 676.00 -63.66 -46.56
 677.00 -84.32 -25.30
 678.00 -66.12 -31.48
 679.00 -94.19 -28.55
 680.00 -86.70  -6.14
 681.00 -59.34 118.70
 682.00 -77.55 145.57
 683.00 -66.02 -173.02
 684.00 -134.72 150.96
 685.00 -64.76 119.78
 686.00 -82.71 147.36
 687.00  86.78 -18.36
 688.00 -82.49  16.39
 689.00 -112.55 152.70
 690.00 -70.48 102.35
 691.00 -61.82  -6.42
 692.00 -92.61 -34.68
 693.00 -56.98 144.78
 694.00 -75.38 149.87
 695.00 -158.03 141.58
 696.00 -42.24 145.52
 697.00 -78.32 -58.75
 698.00 -68.14 -35.45
 699.00 -67.74 -34.12
 700.00 -80.89 -39.45
 701.00 -47.45 -45.85
 702.00 -65.37 -44.01
 703.00 -58.10 -44.51
 704.00 -60.87 -58.78
 705.00 -64.69 -37.61
 706.00 -60.54 -41.26
 707.00 -64.59 -23.62
 708.00 -67.15 -40.78
 709.00 -56.33 -52.02
 710.00 -76.09 -37.88
 711.00 -48.31 -50.89
 712.00 -61.45 -33.34
 713.00 -91.83 -34.92
 714.00 -71.86 -20.54
 715.00 -61.59 -44.46
 716.00 -62.76 -39.42
 717.00 -73.22 -34.62
 718.00 -57.62 -50.45
 719.00 -64.05 -38.27
 720.00 -116.28  -3.35
 721.00 -72.05 -14.17
 722.00 -59.16 131.96
 723.00  65.60 134.18
 724.00 -61.51  -1.00
 725.00 -67.62 -31.91
 726.00 -72.85 -11.04
 727.00 -77.16 -25.85
 728.00 -54.81 148.62
 729.00 -59.58 143.25
 730.00 -58.90 -38.68
 731.00 -85.94 -22.41
 732.00 -45.45 -48.61
 733.00 -65.61 -52.45
 734.00 -73.35 -29.75
 735.00 -62.93 -49.52
 736.00 -63.83 -25.21
 737.00 -92.41 -41.11
 738.00 -70.47 -23.88
 739.00 -64.36 -51.16
 740.00 -57.50  -8.95
 741.00 -71.97 -52.05
 742.00 -55.81 -42.41
 743.00 -63.06 -46.34
 744.00 -55.60 -62.58
 745.00 -71.19 -36.03
 746.00 -64.28 -46.65
 747.00 -65.20 -38.53
 748.00 -59.00 -40.20
 749.00 -64.60 -38.79
 750.00 -52.31 -47.69
 751.00 -58.04 -52.10
 752.00 -70.36 -32.15
 753.00 -49.31 -41.60
 754.00 -62.58 -62.93
 755.00 -80.25 -45.18
 756.00 -141.56 -44.35
 757.00  45.39  25.09
 758.00  52.42  41.90
 759.00 -75.31  15.48
 760.00 -117.97 -28.30
 761.00 -91.25 157.45
 762.00 -83.54 101.01
 763.00 -53.07  61.23
 764.00 -150.43 -50.70
 765.00 -57.15 157.45
 766.00 -99.44 -21.41
 767.00 -118.71 -22.32
 768.00 -74.91  56.24
 769.00 -83.86 114.26
 770.00 -108.54 123.37
 771.00 -67.66 172.11
 772.00 -76.78 -17.33
 773.00 -60.68 -42.21
 774.00 -63.85 -30.78
 775.00 -57.80 -48.47
 776.00 -73.37 -59.20
 777.00 -59.68 -28.58
 778.00  74.76 -28.88
 779.00 -132.56  30.67
 780.00 -54.47  26.97
 781.00 -57.54 -62.36
 782.00 -75.51 -37.79
 783.00 -66.28 -33.96
 784.00 -59.87 -35.55
 785.00 -65.65 -46.79
 786.00 -61.31 -37.39
 787.00 -71.87 -40.22
 788.00 -67.97 -31.02
 789.00 -63.40 -32.01
 790.00 -58.85 -52.83
 791.00 -59.75 -48.60
 792.00 -59.74 -29.55
 793.00 -59.79 -28.28
 794.00 -86.07 -41.22
 795.00 -82.58 -10.31
 796.00 -76.20 -35.57
 797.00  60.72 -23.41
 798.00 -82.29  63.16
 799.00 -95.75 147.65
 800.00 -68.72 155.32
 801.00 -66.84 -20.62
 802.00 -69.56 -42.20
 803.00 -67.98 -39.30
 804.00 -64.38 -49.18
 805.00 -72.73 -29.72
 806.00 -66.65 -40.20
 807.00 -75.05 -34.61
 808.00 -54.03 -40.64
 809.00 -80.61 -39.27
 810.00 -68.84 -18.76
 811.00 -85.34 -10.73
 812.00 -119.24 -13.01
 813.00 -125.33  37.24
 814.00 -152.36  10.49
 815.00 -142.82 132.83
 816.00 -61.06 150.85
 817.00 -81.61 164.24
 818.00 -54.73 -31.85
 819.00  76.76  -6.82
 820.00 -84.84 177.32
 821.00 -60.84 152.83
 822.00 -94.00 -27.89
 823.00 -63.09  33.10
 824.00 -63.43 -25.69
 825.00 -93.38 -28.07
 826.00 -65.73 -28.72
 827.00 -57.90 -53.74
 828.00 -69.14 -31.08
 829.00 -51.22 -49.37
 830.00 -60.63 -50.64
 831.00 -61.78 -46.76
 832.00 -57.13 -36.37
 833.00 -75.61 -41.25
 834.00 -63.02 -34.85
 835.00 -84.32 -26.74
 836.00 -70.84 -34.33
 837.00 -58.58 -41.47
 838.00 -69.80 -46.55
 839.00 -101.86  -2.52
 840.00 -124.60 -10.58
 841.00 -73.46   8.04
 842.00 -75.60 141.37
 843.00 -165.38 112.61
 844.00 -64.03 153.24
 845.00 -72.21 116.41
 846.00 -74.09 -17.76
 847.00 -124.68  -4.79
 848.00 -69.74  62.96
 849.00 -69.54  -7.04
 850.00 -46.43 -38.13
 851.00 -64.63 -52.89
 852.00 -57.11 -57.69
 853.00 -76.31 -37.85
 854.00 -56.76 -31.81
 855.00 -52.20 -59.37
 856.00 -74.48 -41.79
 857.00 -66.31 -37.54
 858.00 -76.36 -27.23
 859.00 -66.86 -44.84
 860.00 -55.55 -33.10
 861.00 -72.34 -31.55
 862.00 -62.73 -41.48
 863.00 -61.85 -51.29
 864.00 -88.46 -14.76
 865.00 -70.34  -5.08
 866.00 -65.76 -44.72
 867.00 -65.88 -40.66
 868.00 -70.00 -26.80
 869.00 -65.15 -48.78
 870.00 -62.72 -32.14
 871.00 -71.66 -34.09
 872.00 -75.75 -31.21
 873.00 -66.79 -34.71
 874.00 -50.39 -52.47
 875.00 -69.47 -34.46
 876.00 -88.98 -43.09
 877.00 -60.73 -27.44
 878.00 -59.96 -41.78
 879.00 -77.64 -46.61
 880.00 -66.58 -25.08
 881.00 -70.80 -42.80
 882.00 -121.08  -8.65
 883.00 -59.08  12.83
 884.00 -72.74 -32.34
 885.00 -55.57 -44.06
 886.00 -93.68 -37.80
 887.00  47.52   0.36
 888.00 -93.35  38.46
 889.00 -65.09 108.80
 890.00 -106.98 119.31
 891.00 -61.67 127.99
 892.00 -53.58 139.16
 893.00 -65.05 -35.28
 894.00 -73.43 -42.70
 895.00 -63.45 -46.73
 896.00 -64.06 -29.54
 897.00 -55.09 -55.40
 898.00 -70.06 -40.93
 899.00 -83.57 -38.50
 900.00 -96.65 -34.89
 901.00 -78.36 -65.11
 902.00 -56.12 -47.11
 903.00 -65.94 -41.66
 904.00 -53.88 -28.61
 905.00 -73.92 -36.41
 906.00 -74.87 -47.42
 907.00 -80.04 -28.29
 908.00  72.96  -7.95
 909.00 -81.05  21.25
 910.00 -134.94  -7.29
 911.00 -126.67 129.46
 912.00 -64.65 129.33
 913.00 -95.83 150.64
 914.00 -103.65 111.49
 915.00 -73.79 130.28
 916.00 -112.10 -38.43
 917.00 -132.97 158.21


