 residuo Phi Psi
 669.00 -134.13 147.75
 670.00 -74.53 148.37
 671.00 -61.13 174.11
 672.00 -76.01 -43.59
 673.00 -68.32 -44.71
 674.00 -73.88 -35.68
 675.00 -93.79 -15.05
 676.00 -52.95 -44.40
 677.00 -58.62 -36.94
 678.00 -65.22 -54.95
 679.00 -74.82 -36.33
 680.00 -58.77 -19.84
 681.00 -60.73 125.70
 682.00 -85.81 153.33
 683.00 -55.34 131.88
 684.00 -80.57 101.84
 685.00 -84.45 153.63
 686.00 -63.72 149.71
 687.00 106.23 -30.24
 688.00 -66.96  -1.97
 689.00 -103.67 142.00
 690.00 -82.98 108.08
 691.00 -94.57  19.52
 692.00 -91.48 -14.00
 693.00 -43.88 144.15
 694.00 -65.51 131.84
 695.00 -134.88 132.52
 696.00 -52.85 165.20
 697.00 -79.90 -45.69
 698.00 -76.85 -32.45
 699.00 -67.84 -40.25
 700.00 -89.56 -38.98
 701.00 -70.52 -28.57
 702.00 -67.29 -32.45
 703.00 -73.69 -24.76
 704.00 -55.22 -41.87
 705.00 -63.71 -54.84
 706.00 -56.88 -42.26
 707.00 -56.57 -39.28
 708.00 -63.44 -39.38
 709.00 -52.52 -57.67
 710.00 -68.69 -44.90
 711.00 -55.52 -45.78
 712.00 -70.19 -36.72
 713.00 -65.26 -41.31
 714.00 -65.79 -41.19
 715.00 -72.04 -38.22
 716.00 -72.06 -31.60
 717.00 -73.88 -21.27
 718.00 -66.92 -43.63
 719.00 -68.11 -29.00
 720.00 -110.71 -18.47
 721.00 -67.14  -3.37
 722.00 -63.38 111.38
 723.00  89.50 126.96
 724.00 -69.42 -13.37
 725.00 -67.32 -28.75
 726.00 -71.82  -0.07
 727.00 -88.81 -17.40
 728.00 -64.05 162.32
 729.00 -49.50 141.00
 730.00 -54.54 -35.30
 731.00 -64.11 -49.72
 732.00 -77.56 -29.59
 733.00 -55.52 -48.35
 734.00 -70.90 -29.12
 735.00 -67.75 -64.23
 736.00 -62.97 -17.74
 737.00 -63.54 -68.69
 738.00 -70.11 -20.08
 739.00 -85.78 -50.60
 740.00 -55.17  -4.80
 741.00 -56.01 -53.03
 742.00 -42.30 -59.86
 743.00 -60.18 -62.43
 744.00 -63.82 -40.35
 745.00 -68.93 -43.43
 746.00 -60.44 -43.99
 747.00 -61.74 -51.36
 748.00 -71.84 -37.23
 749.00 -58.96 -35.30
 750.00 -65.89 -44.83
 751.00 -61.05 -48.24
 752.00 -62.49 -33.10
 753.00 -61.72 -50.82
 754.00 -83.95 -42.78
 755.00 -74.69 -47.18
 756.00 -140.29 -28.31
 757.00  57.15   3.39
 758.00  67.11  35.90
 759.00 -58.07  20.91
 760.00 -134.60 -33.35
 761.00 -83.54 161.01
 762.00 -91.61 105.78
 763.00 -53.43  56.64
 764.00 -162.40 -39.17
 765.00 -68.06 154.02
 766.00 -103.55  -6.58
 767.00 -87.06 -52.00
 768.00 -62.29  49.60
 769.00 -103.69 124.38
 770.00 -92.53 106.12
 771.00 -56.00 175.11
 772.00 -73.69 -27.97
 773.00 -78.92 -40.00
 774.00 -57.56 -36.43
 775.00 -73.64 -35.63
 776.00 -55.81 -62.66
 777.00 -75.16 -30.03
 778.00  60.95 -14.09
 779.00 -115.33  22.66
 780.00 -66.18  43.67
 781.00 -65.05 -38.97
 782.00 -70.87 -35.91
 783.00 -51.69 -43.82
 784.00 -64.34 -42.78
 785.00 -63.84 -46.53
 786.00 -55.30 -54.61
 787.00 -69.27 -33.87
 788.00 -53.77 -48.21
 789.00 -51.20 -48.04
 790.00 -67.76 -51.49
 791.00 -63.65 -32.63
 792.00 -72.21 -21.65
 793.00 -74.52 -28.29
 794.00 -44.63 -33.31
 795.00 -65.64 -60.87
 796.00 -75.53 -47.44
 797.00  52.67  -9.32
 798.00 -60.23  60.80
 799.00 -78.07 130.91
 800.00 -66.18 154.86
 801.00 -60.48 -30.66
 802.00 -67.84 -42.09
 803.00 -57.60 -41.48
 804.00 -65.21 -41.57
 805.00 -67.34 -44.02
 806.00 -59.18 -49.69
 807.00 -65.74 -35.39
 808.00 -70.74 -33.46
 809.00 -58.23 -44.07
 810.00 -82.37 -22.09
 811.00 -58.61 -28.71
 812.00 -98.15 -31.72
 813.00 -134.16  46.28
 814.00 -163.97   6.43
 815.00 -147.12 116.03
 816.00 -63.33 167.47
 817.00 -68.61 153.56
 818.00 -65.97 -33.42
 819.00  66.87   3.80
 820.00 -80.74 -173.38
 821.00 -71.54 164.91
 822.00 -88.80 -35.52
 823.00 -65.30  41.56
 824.00 -67.44 -34.94
 825.00 -71.06 -37.12
 826.00 -68.02 -31.36
 827.00 -55.00 -44.33
 828.00 -56.48 -46.51
 829.00 -82.23 -41.13
 830.00 -63.52 -29.70
 831.00 -66.85 -46.50
 832.00 -54.31 -39.62
 833.00 -64.90 -55.92
 834.00 -60.39 -32.62
 835.00 -69.03 -49.60
 836.00 -69.10 -34.43
 837.00 -57.47 -41.61
 838.00 -65.68 -44.20
 839.00 -69.02 -24.02
 840.00 -127.51 -28.44
 841.00 -45.54   7.85
 842.00 -81.98 124.53
 843.00 -78.91  50.73
 844.00 -60.65 151.95
 845.00 -56.15 106.08
 846.00 -59.81 -21.60
 847.00 -129.56  -9.84
 848.00 -52.32  75.71
 849.00 -65.32 -26.12
 850.00 -64.67 -40.33
 851.00 -66.97 -37.43
 852.00 -55.75 -50.60
 853.00 -60.31 -49.67
 854.00 -59.95 -44.97
 855.00 -58.32 -43.38
 856.00 -52.26 -44.69
 857.00 -76.25 -43.55
 858.00 -57.42 -26.69
 859.00 -67.85 -58.50
 860.00 -70.45 -27.62
 861.00 -60.22 -42.12
 862.00 -57.57 -35.42
 863.00 -51.65 -53.54
 864.00 -60.50 -44.54
 865.00 -101.38  -5.81
 866.00 -62.62 -25.79
 867.00 -82.35 -34.31
 868.00 -76.18 -14.40
 869.00 -62.30 -32.30
 870.00 -54.45 -56.69
 871.00 -77.01 -34.71
 872.00 -66.58 -39.36
 873.00 -65.43 -42.12
 874.00 -58.80 -44.82
 875.00 -65.90 -33.47
 876.00 -77.22 -40.46
 877.00 -67.78 -31.48
 878.00 -68.25 -41.05
 879.00 -70.57 -34.25
 880.00 -69.95 -27.66
 881.00 -55.94 -52.24
 882.00 -101.47 -41.45
 883.00 -69.54  19.46
 884.00 -80.79 -27.51
 885.00 -62.49 -33.01
 886.00 -91.79 -40.45
 887.00  54.78  -5.38
 888.00 -79.23  43.00
 889.00 -108.94 135.36
 890.00 -114.14 128.98
 891.00 -63.85 131.39
 892.00 -63.76 136.70
 893.00 -58.81 -42.68
 894.00 -46.27 -55.39
 895.00 -65.22 -50.67
 896.00 -61.85 -18.97
 897.00 -58.27 -47.90
 898.00 -66.11 -44.50
 899.00 -72.05 -37.85
 900.00 -117.15 -26.37
 901.00 -83.08 -66.90
 902.00 -51.06 -39.96
 903.00 -55.05 -47.84
 904.00 -61.88 -37.48
 905.00 -81.63 -33.58
 906.00 -67.28 -40.21
 907.00 -101.31 -33.63
 908.00  73.50  19.23
 909.00 -92.71  21.30
 910.00 -119.94 -20.78
 911.00 -148.16 134.19
 912.00 -55.46 139.39
 913.00 -90.94 157.19
 914.00 -67.85  73.99
 915.00 -76.22 121.32
 916.00 -93.32 -41.84
 917.00 -82.17  -7.94


