 residuo Phi Psi
 669.00 -71.12 145.89
 670.00 -76.06 157.36
 671.00 -58.09 119.02
 672.00 -49.14 -33.12
 673.00 -74.51 -49.70
 674.00 -74.45 -23.38
 675.00 -59.10 -42.74
 676.00 -61.93 -45.73
 677.00 -77.51 -33.01
 678.00 -76.16 -23.67
 679.00 -100.65 -24.29
 680.00 -73.22 -10.14
 681.00 -78.59 126.67
 682.00 -59.21 155.13
 683.00 -76.73 164.53
 684.00 -108.74 131.11
 685.00 -103.73 141.60
 686.00 -76.85 152.77
 687.00  73.31 -15.21
 688.00 -86.77  20.31
 689.00 -94.56 131.94
 690.00 -90.58 121.32
 691.00 -85.86   1.73
 692.00 -118.92  -1.93
 693.00 -55.00 143.43
 694.00 -81.66 155.59
 695.00 -154.69 140.42
 696.00 -39.19 146.96
 697.00 -72.41 -63.68
 698.00 -75.04 -27.62
 699.00 -52.47 -47.84
 700.00 -71.62 -47.06
 701.00 -61.84 -39.40
 702.00 -65.45 -44.07
 703.00 -65.43 -37.39
 704.00 -65.93 -43.32
 705.00 -56.12 -42.16
 706.00 -54.30 -53.20
 707.00 -55.50 -37.20
 708.00 -85.23 -38.34
 709.00 -57.37 -37.17
 710.00 -62.29 -38.00
 711.00 -58.09 -38.04
 712.00 -59.15 -43.71
 713.00 -61.30 -56.08
 714.00 -72.24 -26.04
 715.00 -71.42 -46.85
 716.00 -66.70 -33.58
 717.00 -65.96 -36.96
 718.00 -55.24 -49.76
 719.00 -55.69 -55.49
 720.00 -125.49   3.88
 721.00 -83.46  -7.38
 722.00 -72.44 133.39
 723.00  74.67 149.25
 724.00 -74.09 -10.13
 725.00 -48.93 -39.80
 726.00 -76.17 -38.65
 727.00 -74.43  -7.40
 728.00 -71.35 162.26
 729.00 -67.37 158.24
 730.00 -78.52 -26.61
 731.00 -94.63  -9.12
 732.00 -57.84 -55.70
 733.00 -69.29 -42.22
 734.00 -65.48 -35.77
 735.00 -55.03 -56.66
 736.00 -68.59 -35.67
 737.00 -60.72 -52.95
 738.00 -103.19 -25.27
 739.00 -88.19 -31.16
 740.00 -60.40 -21.12
 741.00 -81.61 -26.86
 742.00 -76.00 -30.96
 743.00 -48.43 -45.90
 744.00 -55.28 -47.07
 745.00 -77.27 -51.64
 746.00 -60.37 -31.53
 747.00 -57.59 -48.70
 748.00 -75.68 -38.15
 749.00 -37.06 -46.61
 750.00 -58.18 -58.22
 751.00 -71.95 -44.23
 752.00 -72.54 -31.91
 753.00 -64.26 -32.04
 754.00 -76.72 -46.01
 755.00 -83.12 -47.62
 756.00 -135.17 -36.90
 757.00  54.52  20.70
 758.00  43.75  42.24
 759.00 -94.13  29.77
 760.00 -115.09 -46.18
 761.00 -109.28 178.14
 762.00 -82.31 113.32
 763.00 -54.12  59.94
 764.00 -155.90 -49.25
 765.00 -49.43 164.27
 766.00 -95.92 -35.30
 767.00 -130.58  -9.23
 768.00 -81.53  66.71
 769.00 -112.04 138.48
 770.00 -73.50 101.64
 771.00 -60.62 170.78
 772.00 -71.32 -36.53
 773.00 -64.68 -33.35
 774.00 -55.68 -42.05
 775.00 -89.15 -32.51
 776.00 -65.26 -47.19
 777.00 -75.76 -31.18
 778.00  60.20  -2.78
 779.00 -130.10  38.98
 780.00 -66.82  23.76
 781.00 -54.49 -43.39
 782.00 -81.56 -38.13
 783.00 -54.51 -39.89
 784.00 -58.93 -49.24
 785.00 -65.23 -40.75
 786.00 -62.51 -43.92
 787.00 -71.07 -40.43
 788.00 -73.98 -28.06
 789.00 -55.02 -30.37
 790.00 -54.67 -46.28
 791.00 -51.99 -50.16
 792.00 -72.86 -28.04
 793.00 -64.25 -32.98
 794.00 -62.64 -54.37
 795.00 -65.59 -34.64
 796.00 -68.21 -55.05
 797.00  38.86  -3.43
 798.00 -59.93  67.93
 799.00 -103.46 152.21
 800.00 -59.71 151.47
 801.00 -76.19 -25.67
 802.00 -58.29 -36.12
 803.00 -49.81 -55.51
 804.00 -67.00 -37.52
 805.00 -67.39 -47.41
 806.00 -66.37 -34.52
 807.00 -64.30 -38.56
 808.00 -68.65 -36.31
 809.00 -59.70 -37.34
 810.00 -58.91 -33.59
 811.00 -75.17 -25.57
 812.00 -110.83 -25.25
 813.00 -130.25  41.03
 814.00 -155.45  13.38
 815.00 -135.69 124.91
 816.00 -56.12 160.61
 817.00 -62.46 155.06
 818.00 -81.20 -35.54
 819.00  66.51  17.23
 820.00 -133.77 -149.64
 821.00 -66.34 161.62
 822.00 -129.35 -17.76
 823.00 -47.80  42.64
 824.00 -77.98 -38.52
 825.00 -65.36 -31.89
 826.00 -63.61 -34.74
 827.00 -62.68 -48.95
 828.00 -78.21 -22.62
 829.00 -71.09 -48.44
 830.00 -46.40 -34.51
 831.00 -61.77 -66.57
 832.00 -47.73 -39.29
 833.00 -61.60 -60.54
 834.00 -66.04 -25.60
 835.00 -54.22 -59.88
 836.00 -65.75 -47.88
 837.00 -72.01 -34.77
 838.00 -56.49 -42.70
 839.00 -70.14 -34.58
 840.00 -103.47 -33.80
 841.00 -54.04 -10.29
 842.00 -77.56 137.31
 843.00 -156.56  88.61
 844.00 -70.86 151.70
 845.00 -75.52 106.63
 846.00 -75.13 -16.64
 847.00 -131.31  -3.71
 848.00 -55.97  53.32
 849.00 -46.67 -29.95
 850.00 -82.99 -34.58
 851.00 -64.57 -34.52
 852.00 -61.46 -44.74
 853.00 -61.51 -30.74
 854.00 -63.56 -46.46
 855.00 -56.59 -46.37
 856.00 -70.10 -42.40
 857.00 -75.24 -42.53
 858.00 -81.52 -22.77
 859.00 -72.02 -29.90
 860.00 -49.50 -40.57
 861.00 -73.01 -37.52
 862.00 -60.44 -47.39
 863.00 -57.60 -41.15
 864.00 -77.63 -26.27
 865.00 -66.85 -18.26
 866.00 -70.88 -46.48
 867.00 -64.20 -35.54
 868.00 -62.97 -38.55
 869.00 -69.17 -42.72
 870.00 -59.99 -35.32
 871.00 -62.69 -49.55
 872.00 -80.24 -33.61
 873.00 -46.43 -40.08
 874.00 -70.18 -54.00
 875.00 -61.56 -34.32
 876.00 -75.44 -47.22
 877.00 -71.59 -21.40
 878.00 -77.41 -33.59
 879.00 -79.04 -19.96
 880.00 -77.11 -28.92
 881.00 -61.68 -37.68
 882.00 -132.75 -18.64
 883.00 -53.97  22.52
 884.00 -67.18 -43.66
 885.00 -64.55 -39.73
 886.00 -78.09 -40.27
 887.00  80.74 -20.47
 888.00 -85.40  21.70
 889.00 -70.65 130.79
 890.00 -130.90 143.44
 891.00 -59.13 117.91
 892.00 -63.05 134.23
 893.00 -55.25 -47.66
 894.00 -81.54 -34.23
 895.00 -58.75 -33.26
 896.00 -60.18 -42.13
 897.00 -81.87 -18.91
 898.00 -44.78 -57.43
 899.00 -73.33 -36.71
 900.00 -120.39 -41.16
 901.00 -108.80 -33.16
 902.00 -57.76 -38.50
 903.00 -60.33 -45.84
 904.00 -68.67 -20.14
 905.00 -56.33 -36.02
 906.00 -64.43 -57.03
 907.00 -87.18 -31.34
 908.00  76.09  -1.84
 909.00 -63.15   4.97
 910.00 -118.62 -19.79
 911.00 -137.84 142.33
 912.00 -70.09 142.67
 913.00 -92.25 153.12
 914.00 -114.32 134.52
 915.00 -80.35 131.22
 916.00 -107.03 -38.69
 917.00 -62.23 148.74


