 residuo Phi Psi
 669.00 -125.83 140.40
 670.00 -64.24 166.21
 671.00 -65.04 160.05
 672.00 -53.23 -42.27
 673.00 -61.96 -34.31
 674.00 -70.22 -30.37
 675.00 -76.69 -29.81
 676.00 -54.47 -48.11
 677.00 -79.88 -28.96
 678.00 -66.62 -41.17
 679.00 -94.33 -26.78
 680.00 -78.01  -5.22
 681.00 -66.04 120.34
 682.00 -71.43 160.61
 683.00 -66.97 168.96
 684.00 -104.02 139.29
 685.00 -81.45 136.16
 686.00 -79.80 157.46
 687.00  65.65  -7.43
 688.00 -101.71  38.69
 689.00 -97.02 129.04
 690.00 -69.88 109.12
 691.00 -69.68  -9.36
 692.00 -91.63 -21.59
 693.00 -70.93 160.64
 694.00 -78.75 168.28
 695.00 -144.89 135.48
 696.00 -73.33 137.22
 697.00 -68.17 -45.96
 698.00 -64.28 -30.30
 699.00 -66.88 -50.97
 700.00 -77.30 -36.86
 701.00 -76.24 -34.40
 702.00 -66.65 -28.85
 703.00 -65.16 -40.05
 704.00 -74.74 -31.54
 705.00 -72.06 -33.87
 706.00 -64.93 -33.68
 707.00 -61.55 -36.85
 708.00 -70.11 -38.06
 709.00 -49.49 -46.11
 710.00 -80.45 -53.72
 711.00 -52.11 -26.06
 712.00 -54.19 -55.04
 713.00 -76.96 -36.98
 714.00 -66.88 -28.09
 715.00 -72.62 -42.76
 716.00 -58.26 -36.54
 717.00 -56.92 -49.97
 718.00 -68.34 -46.32
 719.00 -64.43 -33.50
 720.00 -77.35 -35.81
 721.00 -54.28 -33.61
 722.00 -79.38 136.14
 723.00  92.80 141.68
 724.00 -63.27 -15.77
 725.00 -47.37 -31.02
 726.00 -56.99 -33.20
 727.00 -86.44 -17.74
 728.00 -75.05 158.09
 729.00 -74.09 150.17
 730.00 -67.10 -25.16
 731.00 -77.62 -24.43
 732.00 -65.21 -40.30
 733.00 -47.29 -56.93
 734.00 -73.21 -40.42
 735.00 -69.72 -41.46
 736.00 -66.48 -27.91
 737.00 -69.76 -55.86
 738.00 -79.17 -30.32
 739.00 -88.53 -39.23
 740.00 -49.64 -11.03
 741.00 -64.73 -54.77
 742.00 -70.46 -37.34
 743.00 -66.93 -46.99
 744.00 -60.86 -34.32
 745.00 -64.96 -52.97
 746.00 -61.46 -39.26
 747.00 -60.40 -47.63
 748.00 -62.31 -47.96
 749.00 -69.56 -30.68
 750.00 -67.37 -43.19
 751.00 -60.80 -39.07
 752.00 -57.10 -39.06
 753.00 -63.37 -44.12
 754.00 -81.02 -57.35
 755.00 -92.81 -32.66
 756.00 -139.32 -25.02
 757.00  57.72  21.43
 758.00  62.68  23.46
 759.00 -61.95  -0.33
 760.00 -98.88 -49.27
 761.00 -92.81 165.39
 762.00 -81.96 106.05
 763.00 -61.11  62.61
 764.00 -137.66 -52.72
 765.00 -74.24 169.31
 766.00 -84.68 -26.11
 767.00 -81.46 -50.43
 768.00 -59.45  42.78
 769.00 -95.30 126.15
 770.00 -77.31 107.30
 771.00 -65.61 167.12
 772.00 -71.47 -18.81
 773.00 -68.44 -29.03
 774.00 -53.15 -43.67
 775.00 -72.71 -37.13
 776.00 -59.81 -65.89
 777.00 -74.19 -21.39
 778.00  56.77 -16.75
 779.00 -151.51  56.71
 780.00 -63.25  21.77
 781.00 -63.57 -53.08
 782.00 -54.40 -42.13
 783.00 -63.20 -42.83
 784.00 -53.59 -43.35
 785.00 -69.36 -45.85
 786.00 -69.15 -29.73
 787.00 -72.41 -36.69
 788.00 -49.97 -38.38
 789.00 -58.53 -45.77
 790.00 -72.24 -46.13
 791.00 -67.84 -28.74
 792.00 -72.17 -33.97
 793.00 -57.86 -28.50
 794.00 -80.51 -39.86
 795.00 -60.59 -26.95
 796.00 -97.15 -36.22
 797.00  62.71 -30.20
 798.00 -53.92  58.03
 799.00 -104.29 141.40
 800.00 -48.35 163.31
 801.00 -54.07 -52.35
 802.00 -58.19 -48.86
 803.00 -51.26 -56.92
 804.00 -61.14 -49.69
 805.00 -70.02 -35.67
 806.00 -66.65 -47.18
 807.00 -68.49 -41.82
 808.00 -60.62 -32.59
 809.00 -66.01 -49.04
 810.00 -59.57 -34.20
 811.00 -54.63 -30.86
 812.00 -104.55 -35.41
 813.00 -137.14  43.61
 814.00 -154.36   8.51
 815.00 -150.69 133.02
 816.00 -55.18 164.34
 817.00 -68.88 156.02
 818.00 -116.56 -18.10
 819.00  78.76  21.70
 820.00 -79.46 172.06
 821.00 -66.71 172.58
 822.00 -93.87 -42.73
 823.00 -64.95  42.51
 824.00 -55.58 -30.71
 825.00 -77.61 -47.61
 826.00 -55.82 -29.66
 827.00 -68.34 -47.09
 828.00 -61.06 -34.04
 829.00 -61.44 -55.34
 830.00 -54.96 -38.48
 831.00 -63.63 -43.97
 832.00 -57.10 -32.33
 833.00 -61.01 -58.22
 834.00 -75.28 -24.74
 835.00 -76.72 -46.21
 836.00 -72.23 -16.56
 837.00 -59.44 -44.13
 838.00 -62.01 -39.53
 839.00 -94.12 -12.29
 840.00 -135.50 -13.81
 841.00 -60.94   3.46
 842.00 -77.65 142.27
 843.00 -159.61  84.50
 844.00 -88.77 163.12
 845.00 -59.15 100.21
 846.00 -75.29 -39.43
 847.00 -93.38 -11.99
 848.00 -62.55 135.15
 849.00 -133.52 -21.90
 850.00 -54.05 -16.38
 851.00 -81.68 -39.69
 852.00 -58.55 -38.76
 853.00 -66.08 -39.09
 854.00 -59.95 -45.76
 855.00 -64.70 -45.40
 856.00 -53.93 -46.84
 857.00 -52.94 -49.64
 858.00 -75.22 -48.22
 859.00 -65.57 -28.12
 860.00 -58.28 -41.25
 861.00 -65.70 -42.02
 862.00 -66.35 -33.33
 863.00 -63.68 -47.78
 864.00 -63.68 -33.18
 865.00 -77.97 -13.23
 866.00 -67.86 -37.50
 867.00 -84.39 -31.44
 868.00 -68.66 -23.16
 869.00 -48.45 -52.80
 870.00 -63.22 -52.76
 871.00 -71.28 -38.75
 872.00 -71.61 -38.58
 873.00 -54.18 -35.00
 874.00 -68.39 -45.19
 875.00 -67.04 -42.20
 876.00 -73.16 -47.44
 877.00 -74.31 -24.72
 878.00 -70.76 -34.40
 879.00 -62.87 -34.38
 880.00 -64.18 -47.06
 881.00 -57.62 -34.15
 882.00 -82.58 -55.29
 883.00 -52.07   7.37
 884.00 -68.29 -47.44
 885.00 -64.86 -41.19
 886.00 -99.86 -43.11
 887.00  67.56  -6.90
 888.00 -98.09  46.74
 889.00 -93.71 127.93
 890.00 -134.59 144.21
 891.00 -62.82 130.66
 892.00 -57.79 143.46
 893.00 -72.73 -45.45
 894.00 -71.08 -22.99
 895.00 -57.11 -47.12
 896.00 -64.90 -50.16
 897.00 -73.03 -25.34
 898.00 -71.25 -44.39
 899.00 -82.03 -31.64
 900.00 -93.66 -38.19
 901.00 -98.49 -57.97
 902.00 -52.39 -35.09
 903.00 -54.61 -41.81
 904.00 -78.14 -15.99
 905.00 -75.33 -32.71
 906.00 -57.45 -36.51
 907.00 -85.43 -48.60
 908.00  79.13   3.17
 909.00 -81.61 -10.47
 910.00 -112.64  -0.17
 911.00 -129.32 130.78
 912.00 -82.26 138.73
 913.00 -90.15 147.65
 914.00 -104.94 113.21
 915.00 -82.22 140.53
 916.00 -123.69 -36.87
 917.00 -88.55 -179.71


