 residuo Phi Psi
 669.00 -82.45 -45.95
 670.00 -39.82 142.27
 671.00 -44.41 141.93
 672.00 -48.49 -49.43
 673.00 -68.48 -46.99
 674.00 -70.03 -30.88
 675.00 -64.68 -41.93
 676.00 -44.95 -54.49
 677.00 -62.49 -48.52
 678.00 -82.59 -28.49
 679.00 -85.00 -35.86
 680.00 -63.48 -11.06
 681.00 -68.32 126.42
 682.00 -78.07 151.86
 683.00 -58.05 147.23
 684.00 -146.50 150.41
 685.00 -72.87 137.63
 686.00 -72.80 144.92
 687.00  78.61 -11.89
 688.00 -72.02  16.76
 689.00 -101.68 145.98
 690.00 -57.61  68.16
 691.00 -73.45  -7.59
 692.00 -104.47  -9.89
 693.00 -80.39 153.52
 694.00 -60.11 154.52
 695.00 -124.41 133.35
 696.00 -59.54 139.61
 697.00 -68.48 -44.88
 698.00 -68.19 -32.39
 699.00 -53.47 -59.51
 700.00 -73.75 -36.82
 701.00 -50.82 -44.12
 702.00 -73.80 -44.98
 703.00 -70.60 -31.35
 704.00 -55.83 -44.53
 705.00 -80.96 -32.78
 706.00 -45.25 -47.44
 707.00 -51.10 -29.21
 708.00 -77.70 -48.33
 709.00 -64.34 -34.59
 710.00 -70.42 -48.24
 711.00 -49.12 -46.88
 712.00 -73.22 -42.36
 713.00 -74.12 -20.84
 714.00 -73.70 -46.33
 715.00 -60.34 -38.76
 716.00 -63.51 -34.70
 717.00 -64.39 -33.83
 718.00 -61.57 -50.50
 719.00 -52.18 -42.63
 720.00 -125.14 -18.87
 721.00 -87.84  23.06
 722.00 -61.60 131.18
 723.00  86.88 143.94
 724.00 -53.86 -37.51
 725.00 -77.13 -33.93
 726.00 -65.85   0.48
 727.00 -78.13 -20.94
 728.00 -70.30 157.42
 729.00 -47.89 147.41
 730.00 -67.17 -43.92
 731.00 -98.76 -25.19
 732.00 -64.73 -19.76
 733.00 -47.87 -51.23
 734.00 -58.20 -47.99
 735.00 -57.57 -62.96
 736.00 -64.77 -32.15
 737.00 -77.44 -42.03
 738.00 -86.02 -24.51
 739.00 -86.22 -30.33
 740.00 -39.79 -20.32
 741.00 -67.78 -50.02
 742.00 -52.87 -46.75
 743.00 -65.97 -47.40
 744.00 -55.40 -43.19
 745.00 -65.23 -56.84
 746.00 -79.25 -32.84
 747.00 -59.14 -35.31
 748.00 -59.95 -47.40
 749.00 -68.51 -39.88
 750.00 -68.70 -26.22
 751.00 -52.64 -54.51
 752.00 -75.61 -35.05
 753.00 -54.75 -39.72
 754.00 -76.25 -64.06
 755.00 -81.46 -36.19
 756.00 -134.10 -43.12
 757.00  57.94  15.97
 758.00  70.30  30.55
 759.00 -55.33  -2.48
 760.00 -135.29 -29.19
 761.00 -76.99 148.87
 762.00 -101.46 112.40
 763.00 -50.57  68.85
 764.00 -144.72 -71.82
 765.00 -46.87 153.42
 766.00 -73.46 -49.21
 767.00 -133.94  -7.38
 768.00 -74.96  40.05
 769.00 -75.62 110.64
 770.00 -67.80  95.21
 771.00 -59.54 171.58
 772.00 -73.51 -33.78
 773.00 -58.67 -37.67
 774.00 -57.00 -42.55
 775.00 -79.76 -32.23
 776.00 -70.37 -40.71
 777.00 -75.88 -44.21
 778.00  56.96 -11.56
 779.00 -134.87  58.29
 780.00 -50.88   7.07
 781.00 -65.85 -45.94
 782.00 -61.63 -43.13
 783.00 -76.70 -35.84
 784.00 -63.20 -44.41
 785.00 -71.82 -37.55
 786.00 -74.53 -27.69
 787.00 -55.75 -40.81
 788.00 -58.46 -39.06
 789.00 -54.32 -49.26
 790.00 -76.05 -39.69
 791.00 -54.69 -39.95
 792.00 -56.02 -27.63
 793.00 -59.97 -40.29
 794.00 -66.59 -44.10
 795.00 -79.94 -39.69
 796.00 -98.34 -26.21
 797.00  46.84  -3.10
 798.00 -52.75  53.48
 799.00 -77.49 128.55
 800.00 -53.88 151.70
 801.00 -76.01 -28.48
 802.00 -71.00 -34.31
 803.00 -51.40 -47.92
 804.00 -56.44 -56.18
 805.00 -75.89 -36.28
 806.00 -76.69 -41.18
 807.00 -71.33 -23.76
 808.00 -72.27 -21.83
 809.00 -65.91 -37.68
 810.00 -71.01 -29.26
 811.00 -70.04 -23.32
 812.00 -109.87 -23.18
 813.00 -122.70  34.33
 814.00 -143.78   3.36
 815.00 -134.70 120.54
 816.00 -55.48 150.66
 817.00 -72.74 150.41
 818.00 -91.84 -27.83
 819.00  78.47   7.14
 820.00 -90.94 177.65
 821.00 -69.18 172.63
 822.00 -92.83 -32.19
 823.00 -60.53  25.23
 824.00 -57.75 -26.89
 825.00 -87.48 -49.15
 826.00 -60.93 -19.93
 827.00 -53.11 -61.27
 828.00 -57.70 -52.98
 829.00 -69.54 -41.03
 830.00 -53.79 -36.63
 831.00 -63.52 -46.21
 832.00 -46.33 -50.04
 833.00 -75.10 -49.88
 834.00 -59.32 -26.48
 835.00 -74.87 -40.54
 836.00 -80.58 -20.79
 837.00 -71.47 -32.60
 838.00 -60.02 -32.35
 839.00 -92.23 -32.54
 840.00 -141.94   7.59
 841.00 -67.26   6.49
 842.00 -79.26 128.26
 843.00 -125.36  83.34
 844.00 -98.63 177.67
 845.00 -62.82  95.47
 846.00 -76.69 -19.62
 847.00 -50.58 -49.28
 848.00 -78.16 158.60
 849.00 -129.58 -22.36
 850.00 -41.70 -23.98
 851.00 -79.20 -43.18
 852.00 -52.53 -52.02
 853.00 -63.55 -34.21
 854.00 -51.94 -55.69
 855.00 -66.35 -34.38
 856.00 -62.61 -50.22
 857.00 -56.92 -50.94
 858.00 -77.95 -40.81
 859.00 -83.23 -28.55
 860.00 -55.65 -30.31
 861.00 -68.34 -39.30
 862.00 -67.06 -40.95
 863.00 -64.15 -43.74
 864.00 -70.57 -23.84
 865.00 -63.90 -24.27
 866.00 -58.01 -39.58
 867.00 -63.10 -48.51
 868.00 -85.50 -30.49
 869.00 -68.21 -33.77
 870.00 -71.25 -34.91
 871.00 -67.90 -34.51
 872.00 -64.46 -41.18
 873.00 -56.30 -45.94
 874.00 -66.85 -48.03
 875.00 -51.21 -35.69
 876.00 -81.89 -40.66
 877.00 -59.22 -40.88
 878.00 -58.16 -50.30
 879.00 -87.15 -25.10
 880.00 -58.90 -39.05
 881.00 -77.81 -27.05
 882.00 -96.06 -35.59
 883.00 -57.19   8.42
 884.00 -66.48 -32.53
 885.00 -75.91 -38.44
 886.00 -86.31 -32.16
 887.00  64.89  -4.33
 888.00 -101.86  38.00
 889.00 -110.74 144.43
 890.00 -137.61 153.60
 891.00 -71.12 140.53
 892.00 -58.79 143.14
 893.00 -74.72 -28.87
 894.00 -83.84 -33.30
 895.00 -57.34 -45.43
 896.00 -74.45 -32.89
 897.00 -63.47 -30.28
 898.00 -64.29 -50.22
 899.00 -73.44 -29.83
 900.00 -110.46 -41.56
 901.00 -87.18 -51.76
 902.00 -55.98 -45.72
 903.00 -78.45 -39.08
 904.00 -65.37  -7.64
 905.00 -79.09 -24.75
 906.00 -76.83 -33.36
 907.00 -80.72 -26.73
 908.00  73.27  -1.01
 909.00 -75.53 -10.47
 910.00 -151.72  19.26
 911.00 -100.51 111.00
 912.00 -63.90 133.07
 913.00 -82.20 144.34
 914.00 -74.23 100.57
 915.00 -90.45 136.23
 916.00 -82.12 -51.07
 917.00 -75.64 168.36


