 residuo Phi Psi
 669.00 -105.17 136.82
 670.00 -48.02 149.16
 671.00 -54.54 142.62
 672.00 -64.43 -35.91
 673.00 -85.27 -37.14
 674.00 -64.41 -28.05
 675.00 -76.40 -37.35
 676.00 -62.85 -30.31
 677.00 -82.04 -31.03
 678.00 -77.30 -20.11
 679.00 -79.26 -42.06
 680.00 -63.34 -14.08
 681.00 -52.68 123.78
 682.00 -75.64 143.50
 683.00 -69.51 -177.77
 684.00 -135.79 157.53
 685.00 -83.01 135.72
 686.00 -83.33 148.60
 687.00  71.88  -8.65
 688.00 -88.42  23.62
 689.00 -82.32 121.71
 690.00 -71.18  91.11
 691.00 -61.59 -20.06
 692.00 -65.31 -34.73
 693.00 -57.28 154.67
 694.00 -87.11 150.39
 695.00 -135.83 131.61
 696.00 -24.61 117.62
 697.00 -74.35 -60.85
 698.00 -69.47 -34.34
 699.00 -58.75 -40.68
 700.00 -64.47 -53.15
 701.00 -58.65 -39.24
 702.00 -72.81 -34.43
 703.00 -66.21 -34.71
 704.00 -58.78 -43.87
 705.00 -65.13 -41.85
 706.00 -68.13 -42.60
 707.00 -55.30 -31.96
 708.00 -55.98 -49.13
 709.00 -61.58 -46.08
 710.00 -53.92 -52.87
 711.00 -53.04 -45.82
 712.00 -62.49 -46.70
 713.00 -76.10 -45.38
 714.00 -77.26 -23.48
 715.00 -75.70 -36.63
 716.00 -50.74 -30.73
 717.00 -62.92 -54.17
 718.00 -65.60 -49.10
 719.00 -71.70 -30.49
 720.00 -107.90  -8.69
 721.00 -84.05  -2.68
 722.00 -58.07 111.02
 723.00  88.19 145.32
 724.00 -64.41 -23.41
 725.00 -89.50 -30.91
 726.00 -79.60  16.39
 727.00 -75.83 -33.84
 728.00 -65.93 147.77
 729.00 -50.12 150.23
 730.00 -70.71 -39.50
 731.00 -71.56 -40.87
 732.00 -60.21 -21.58
 733.00 -66.01 -51.86
 734.00 -70.71 -27.35
 735.00 -68.02 -48.28
 736.00 -68.45 -23.86
 737.00 -63.91 -50.73
 738.00 -68.65 -34.41
 739.00 -78.77 -53.74
 740.00 -57.69 -10.37
 741.00 -68.09 -54.94
 742.00 -58.31 -45.06
 743.00 -60.69 -48.49
 744.00 -59.50 -47.41
 745.00 -66.59 -37.63
 746.00 -64.15 -39.14
 747.00 -83.18 -35.88
 748.00 -60.78 -33.33
 749.00 -66.34 -31.81
 750.00 -57.41 -48.43
 751.00 -66.70 -35.34
 752.00 -58.58 -42.59
 753.00 -72.10 -38.48
 754.00 -81.99 -46.56
 755.00 -73.33 -45.94
 756.00 -146.13 -36.08
 757.00  46.41  25.09
 758.00  65.12  38.43
 759.00 -50.92  -8.66
 760.00 -139.24 -25.49
 761.00 -104.84 165.37
 762.00 -94.21 104.61
 763.00 -75.75  77.69
 764.00 -162.65 -31.47
 765.00 -66.81 167.09
 766.00 -107.61 -11.59
 767.00 -125.02 -17.06
 768.00 -82.93  83.75
 769.00 -99.05 135.34
 770.00 -117.68 141.96
 771.00 -66.01 -177.90
 772.00 -74.43 -16.94
 773.00 -47.18 -70.40
 774.00 -69.80 -28.32
 775.00 -78.56 -35.43
 776.00 -69.06 -42.18
 777.00 -78.14 -31.33
 778.00  64.93  -6.82
 779.00 -121.40  34.75
 780.00 -62.42  28.48
 781.00 -74.74 -42.67
 782.00 -46.77 -49.04
 783.00 -67.30 -59.50
 784.00 -63.56 -27.57
 785.00 -65.68 -43.41
 786.00 -66.04 -34.25
 787.00 -65.76 -37.19
 788.00 -66.09 -40.56
 789.00 -44.18 -41.90
 790.00 -78.62 -55.01
 791.00 -61.36 -33.46
 792.00 -51.91 -32.91
 793.00 -65.75 -32.57
 794.00 -89.44 -26.59
 795.00 -68.95 -34.91
 796.00 -90.36 -29.29
 797.00  35.86   2.00
 798.00 -68.19  60.74
 799.00 -75.54 124.79
 800.00 -52.30 161.46
 801.00 -68.09 -49.82
 802.00 -51.99 -39.47
 803.00 -62.68 -53.65
 804.00 -60.89 -43.24
 805.00 -90.03 -26.79
 806.00 -49.77 -45.46
 807.00 -81.83 -37.37
 808.00 -62.67 -36.06
 809.00 -59.41 -44.63
 810.00 -65.04 -24.64
 811.00 -70.01 -30.90
 812.00 -129.38  -7.20
 813.00 -129.02  34.69
 814.00 -152.60  15.84
 815.00 -159.41 134.64
 816.00 -58.27 157.51
 817.00 -60.18 156.77
 818.00 -112.14 -17.26
 819.00  79.03  10.16
 820.00 -81.58 170.34
 821.00 -62.29 162.89
 822.00 -93.86 -38.90
 823.00 -74.69  47.65
 824.00 -63.31 -40.10
 825.00 -82.59 -23.51
 826.00 -63.40 -39.19
 827.00 -45.93 -47.90
 828.00 -70.13 -40.17
 829.00 -70.63 -45.46
 830.00 -69.39 -28.68
 831.00 -59.02 -57.17
 832.00 -58.49 -40.27
 833.00 -63.45 -42.51
 834.00 -49.01 -46.23
 835.00 -68.98 -46.67
 836.00 -63.82 -43.45
 837.00 -58.27 -48.51
 838.00 -69.53 -36.49
 839.00 -81.05 -19.90
 840.00 -101.21 -49.52
 841.00 -51.58   7.12
 842.00 -82.37 131.25
 843.00 -164.79 105.15
 844.00 -93.24 171.85
 845.00 -67.83 107.28
 846.00 -72.75 -44.36
 847.00 -82.56 -26.48
 848.00 -80.37 157.48
 849.00 -112.29 -31.60
 850.00 -65.56  -8.28
 851.00 -71.98 -51.57
 852.00 -76.83 -26.54
 853.00 -70.69 -32.70
 854.00 -59.86 -39.23
 855.00 -73.08 -42.51
 856.00 -65.74 -33.58
 857.00 -74.26 -48.78
 858.00 -77.97 -16.76
 859.00 -73.15 -25.57
 860.00 -73.88 -29.14
 861.00 -72.19 -25.94
 862.00 -80.31 -36.62
 863.00 -66.44 -31.30
 864.00 -69.31 -23.93
 865.00 -63.40 -33.98
 866.00 -61.13 -46.60
 867.00 -65.51 -29.66
 868.00 -77.24 -34.87
 869.00 -58.01 -36.86
 870.00 -61.73 -41.80
 871.00 -65.94 -43.46
 872.00 -69.57 -47.90
 873.00 -51.58 -34.70
 874.00 -69.79 -39.20
 875.00 -48.79 -51.86
 876.00 -63.76 -60.82
 877.00 -64.57 -36.15
 878.00 -69.96 -44.70
 879.00 -58.90 -37.31
 880.00 -61.43 -36.95
 881.00 -65.37 -33.50
 882.00 -103.72 -34.49
 883.00 -44.85   1.11
 884.00 -73.98 -31.15
 885.00 -64.81 -46.52
 886.00 -77.51 -42.72
 887.00  58.89 -17.87
 888.00 -94.31  42.27
 889.00 -77.28 130.70
 890.00 -104.55 133.20
 891.00 -56.53 136.87
 892.00 -58.82 144.90
 893.00 -79.32 -34.98
 894.00 -63.49 -41.56
 895.00 -69.35 -39.75
 896.00 -63.94 -30.96
 897.00 -64.53 -39.49
 898.00 -66.73 -49.86
 899.00 -90.92 -30.72
 900.00 -103.20 -27.76
 901.00 -84.24 -54.71
 902.00 -60.46 -51.23
 903.00 -57.66 -41.27
 904.00 -60.81 -23.38
 905.00 -68.60 -39.06
 906.00 -62.96 -48.05
 907.00 -82.07 -40.74
 908.00  89.08 -10.41
 909.00 -54.17  -3.35
 910.00 -123.07 -23.69
 911.00 -141.49 136.96
 912.00 -71.12 144.54
 913.00 -88.74 152.56
 914.00 -68.19 100.83
 915.00 -83.79 144.84
 916.00 -151.80 -16.52
 917.00 -84.25 134.89


