 residuo Phi Psi
 669.00 -59.62 146.22
 670.00 -51.58 145.35
 671.00 -155.74 158.26
 672.00 -58.38 -23.29
 673.00 -61.43 -47.37
 674.00 -68.53 -28.57
 675.00 -73.13 -41.30
 676.00 -59.80 -49.36
 677.00 -69.35 -34.64
 678.00 -60.51 -40.19
 679.00 -81.91 -39.23
 680.00 -85.94  -5.16
 681.00 -61.11 124.24
 682.00 -58.48 152.27
 683.00 -71.76 155.35
 684.00 -99.88 138.12
 685.00 -78.05 140.80
 686.00 -65.12 141.82
 687.00  79.84 -20.59
 688.00 -85.83  18.62
 689.00 -80.68 129.40
 690.00 -76.82  96.24
 691.00 -77.27  -3.70
 692.00 -80.11 -19.28
 693.00 -68.89 152.80
 694.00 -60.70 139.01
 695.00 -158.64 163.03
 696.00 -46.59 154.04
 697.00 -59.19 -60.83
 698.00 -68.16 -47.66
 699.00 -62.93 -43.87
 700.00 -66.72 -39.35
 701.00 -52.36 -46.40
 702.00 -75.78 -44.96
 703.00 -69.18 -25.72
 704.00 -66.81 -50.95
 705.00 -62.59 -33.48
 706.00 -53.53 -47.42
 707.00 -64.88 -35.21
 708.00 -79.40 -33.18
 709.00 -69.00 -32.99
 710.00 -65.19 -40.49
 711.00 -54.72 -47.83
 712.00 -58.43 -50.93
 713.00 -74.15 -39.05
 714.00 -65.82 -31.60
 715.00 -59.67 -44.10
 716.00 -72.68 -40.32
 717.00 -64.62 -36.78
 718.00 -60.59 -42.84
 719.00 -69.73 -41.71
 720.00 -117.10  -6.03
 721.00 -62.53  -9.36
 722.00 -67.74 139.38
 723.00  76.22 146.13
 724.00 -55.66 -24.87
 725.00 -69.56 -24.41
 726.00 -61.07 -13.65
 727.00 -91.98 -28.06
 728.00 -61.54 136.10
 729.00 -49.65 143.73
 730.00 -74.25 -24.68
 731.00 -72.43 -42.76
 732.00 -59.10 -40.02
 733.00 -65.56 -47.60
 734.00 -64.60 -39.17
 735.00 -51.52 -52.91
 736.00 -60.88 -34.36
 737.00 -72.59 -59.28
 738.00 -71.90 -22.42
 739.00 -88.17 -44.40
 740.00 -51.64  -3.76
 741.00 -57.65 -52.80
 742.00 -58.47 -62.05
 743.00 -68.06 -38.03
 744.00 -71.65 -44.33
 745.00 -68.25 -39.90
 746.00 -58.90 -41.20
 747.00 -60.33 -51.56
 748.00 -59.27 -34.88
 749.00 -65.48 -42.18
 750.00 -68.68 -32.88
 751.00 -67.35 -45.71
 752.00 -60.96 -36.12
 753.00 -70.10 -39.59
 754.00 -78.34 -59.39
 755.00 -112.40  -7.00
 756.00 -136.57 -35.33
 757.00  59.25   8.54
 758.00  52.07  28.22
 759.00 -50.41   0.67
 760.00 -121.90 -30.15
 761.00 -115.07 -179.14
 762.00 -90.67 112.99
 763.00 -67.26  78.83
 764.00 -158.05 -55.16
 765.00 -55.45 152.68
 766.00 -117.28 -13.72
 767.00 -137.28  -3.60
 768.00 -80.63  55.50
 769.00 -97.15 125.41
 770.00 -99.37 117.51
 771.00 -65.69 174.59
 772.00 -79.16 -18.00
 773.00 -73.72 -41.82
 774.00 -66.05 -27.00
 775.00 -87.68 -35.51
 776.00 -65.60 -26.19
 777.00 -71.80 -50.80
 778.00  55.44  -3.94
 779.00 -143.83  53.86
 780.00 -52.02  21.13
 781.00 -58.27 -63.72
 782.00 -58.88 -39.27
 783.00 -47.78 -51.73
 784.00 -61.67 -41.63
 785.00 -86.33 -37.94
 786.00 -75.44 -15.07
 787.00 -57.33 -40.38
 788.00 -66.39 -48.32
 789.00 -84.65 -11.53
 790.00 -62.57 -41.55
 791.00 -47.93 -42.12
 792.00 -75.69 -29.82
 793.00 -67.40 -21.25
 794.00 -73.51 -43.11
 795.00 -59.07 -27.39
 796.00 -81.24 -41.25
 797.00  64.38 -29.24
 798.00 -74.72  48.47
 799.00 -94.16 142.88
 800.00 -61.81 167.32
 801.00 -83.16 -32.08
 802.00 -70.27 -29.96
 803.00 -55.37 -50.64
 804.00 -62.77 -37.14
 805.00 -56.58 -46.35
 806.00 -53.50 -65.47
 807.00 -70.27 -37.01
 808.00 -56.27 -52.39
 809.00 -79.14 -32.29
 810.00 -63.13 -26.60
 811.00 -74.44 -27.61
 812.00 -121.08  -8.34
 813.00 -147.80  56.53
 814.00 -158.35  11.46
 815.00 -152.77 135.58
 816.00 -67.14 166.09
 817.00 -63.39 177.05
 818.00 -87.11 -42.69
 819.00  75.00   8.16
 820.00 -73.75 170.72
 821.00 -66.84 162.12
 822.00 -102.67 -17.87
 823.00 -57.01  21.95
 824.00 -58.33 -22.68
 825.00 -64.79 -52.39
 826.00 -53.45 -43.02
 827.00 -64.08 -58.71
 828.00 -68.84 -27.53
 829.00 -70.82 -45.28
 830.00 -61.27 -36.16
 831.00 -74.39 -43.03
 832.00 -69.23 -26.63
 833.00 -71.54 -44.62
 834.00 -67.67 -35.19
 835.00 -69.10 -37.79
 836.00 -74.45 -30.66
 837.00 -49.09 -46.56
 838.00 -44.94 -56.05
 839.00 -76.99 -32.39
 840.00 -86.40 -40.31
 841.00 -63.15  -7.78
 842.00 -89.03 147.75
 843.00 -75.82  45.81
 844.00 -67.50 161.98
 845.00 -45.78  98.22
 846.00 -51.96 -32.22
 847.00 -106.36 -30.63
 848.00 -58.26  77.09
 849.00 -69.40 -21.33
 850.00 -85.32 -26.59
 851.00 -46.33 -44.48
 852.00 -60.78 -52.17
 853.00 -74.42 -31.74
 854.00 -71.60 -32.05
 855.00 -51.39 -52.06
 856.00 -67.33 -32.06
 857.00 -72.14 -42.63
 858.00 -47.67 -37.83
 859.00 -70.23 -62.44
 860.00 -64.46 -29.62
 861.00 -71.27 -33.77
 862.00 -70.27 -38.88
 863.00 -92.06 -20.14
 864.00 -90.70  -8.77
 865.00 -80.22  -5.61
 866.00 -49.62 -58.23
 867.00 -60.91 -29.29
 868.00 -74.49 -40.38
 869.00 -59.39 -31.03
 870.00 -66.56 -44.36
 871.00 -41.22 -47.44
 872.00 -67.88 -58.16
 873.00 -63.02 -30.17
 874.00 -64.54 -41.41
 875.00 -62.22 -43.77
 876.00 -82.11 -45.10
 877.00 -67.66 -29.57
 878.00 -70.05 -42.36
 879.00 -96.29  -9.66
 880.00 -61.84 -43.27
 881.00 -63.69 -27.93
 882.00 -123.79 -18.01
 883.00 -63.74   6.74
 884.00 -69.08 -33.52
 885.00 -71.54 -36.16
 886.00 -74.53 -54.73
 887.00  66.95  -5.75
 888.00 -98.02  32.39
 889.00 -68.58 119.38
 890.00 -107.36 115.08
 891.00 -68.96 117.70
 892.00 -42.66 130.04
 893.00 -69.67 -35.38
 894.00 -70.74 -38.24
 895.00 -62.93 -45.08
 896.00 -71.78 -25.60
 897.00 -58.57 -45.49
 898.00 -77.66 -39.08
 899.00 -91.31 -36.28
 900.00 -143.00   7.16
 901.00 -85.71 -53.21
 902.00 -53.02 -49.68
 903.00 -69.90 -33.02
 904.00 -65.96 -24.15
 905.00 -68.91 -34.48
 906.00 -73.13 -48.37
 907.00 -95.00 -16.47
 908.00  63.50   6.06
 909.00 -60.63  -0.89
 910.00 -122.66 -18.21
 911.00 -117.06 123.51
 912.00 -74.02 132.57
 913.00 -92.31 155.23
 914.00 -126.60 151.74
 915.00 -78.59 120.30
 916.00 -94.66 -32.51
 917.00 -67.75 131.24


