 residuo Phi Psi
 669.00 -153.24 101.86
 670.00 -57.34 161.25
 671.00 -143.40 171.11
 672.00 -40.41 -19.88
 673.00 -77.62 -51.56
 674.00 -69.90 -24.38
 675.00 -71.07 -32.70
 676.00 -56.76 -42.26
 677.00 -52.56 -41.91
 678.00 -86.61 -39.51
 679.00 -76.07 -38.48
 680.00 -68.81  -4.55
 681.00 -70.70 134.99
 682.00 -60.64 137.53
 683.00 -58.58 -173.24
 684.00 -86.12 105.28
 685.00 -87.19 111.46
 686.00 -83.21 153.44
 687.00  57.01 -10.55
 688.00 -72.06  31.28
 689.00 -83.38 146.49
 690.00 -43.33  65.37
 691.00 -78.30 -29.13
 692.00 -67.65 -13.36
 693.00 -59.51 157.12
 694.00 -70.78 152.34
 695.00 -71.46  74.74
 696.00 -59.54 136.75
 697.00 -69.52 -54.14
 698.00 -75.20 -29.36
 699.00 -51.69 -43.58
 700.00 -63.98 -51.34
 701.00 -70.43 -38.39
 702.00 -72.87 -30.85
 703.00 -57.53 -44.19
 704.00 -66.59 -35.05
 705.00 -65.44 -38.14
 706.00 -62.91 -39.94
 707.00 -56.55 -36.62
 708.00 -84.12 -32.63
 709.00 -54.74 -47.16
 710.00 -59.73 -40.57
 711.00 -68.31 -39.77
 712.00 -56.12 -42.76
 713.00 -83.63 -33.03
 714.00 -65.86 -28.13
 715.00 -65.57 -45.05
 716.00 -59.99 -44.66
 717.00 -65.61 -35.45
 718.00 -63.04 -49.94
 719.00 -60.49 -39.05
 720.00 -134.35  -0.55
 721.00 -62.30   4.21
 722.00 -55.70 130.08
 723.00  87.83 101.91
 724.00 -53.22  13.74
 725.00 -52.68 -39.68
 726.00 -71.51  -9.40
 727.00 -92.05 -12.48
 728.00 -63.23 138.67
 729.00 -51.22 152.19
 730.00 -69.10 -35.37
 731.00 -61.98 -49.60
 732.00 -59.97 -34.52
 733.00 -57.14 -57.89
 734.00 -64.90 -36.27
 735.00 -82.83 -46.34
 736.00 -62.75 -22.63
 737.00 -63.70 -50.95
 738.00 -89.76 -15.46
 739.00 -86.82 -46.25
 740.00 -51.87  -9.32
 741.00 -45.80 -56.02
 742.00 -67.35 -66.63
 743.00 -68.51 -22.76
 744.00 -71.41 -50.74
 745.00 -66.51 -36.11
 746.00 -83.09 -33.03
 747.00 -65.53 -28.48
 748.00 -67.48 -40.36
 749.00 -53.49 -38.50
 750.00 -72.12 -47.12
 751.00 -69.93 -32.90
 752.00 -69.80 -30.97
 753.00 -66.72 -40.38
 754.00 -87.94 -36.74
 755.00 -118.41 -21.80
 756.00 -148.52 -29.40
 757.00  64.67  27.86
 758.00  62.93  26.94
 759.00 -97.67   1.00
 760.00 -98.96 -24.97
 761.00 -102.85 159.42
 762.00 -94.27 108.88
 763.00 -72.16  75.66
 764.00 -148.36 -41.66
 765.00 -71.56 161.32
 766.00 -92.61 -12.70
 767.00 -141.43  -7.36
 768.00 -106.38  66.42
 769.00 -105.85 135.64
 770.00 -94.31 126.00
 771.00 -57.68 178.61
 772.00 -58.22 -34.22
 773.00 -57.73 -57.80
 774.00 -54.97 -38.53
 775.00 -69.77 -47.39
 776.00 -57.97 -50.18
 777.00 -83.86 -29.23
 778.00  64.41 -12.59
 779.00 -99.95   9.49
 780.00 -58.75  33.21
 781.00 -61.20 -58.85
 782.00 -57.79 -46.96
 783.00 -67.82 -38.95
 784.00 -60.65 -39.03
 785.00 -73.60 -39.30
 786.00 -80.12 -27.19
 787.00 -54.82 -36.66
 788.00 -60.31 -48.25
 789.00 -48.07 -57.41
 790.00 -52.52 -49.24
 791.00 -62.63 -43.99
 792.00 -63.05 -31.26
 793.00 -51.32 -34.86
 794.00 -80.53 -47.00
 795.00 -69.99 -26.33
 796.00 -83.19 -33.35
 797.00  58.45 -17.51
 798.00 -85.63  76.53
 799.00 -81.27 130.34
 800.00 -55.33 163.10
 801.00 -78.09 -39.60
 802.00 -57.10 -33.34
 803.00 -44.51 -58.07
 804.00 -62.81 -51.10
 805.00 -79.94 -35.57
 806.00 -54.67 -42.48
 807.00 -54.72 -51.56
 808.00 -66.28 -37.66
 809.00 -66.05 -42.11
 810.00 -69.72 -25.01
 811.00 -79.29 -15.71
 812.00 -112.52 -16.14
 813.00 -109.53  30.37
 814.00 -151.78  -3.87
 815.00 -136.14 122.52
 816.00 -54.91 154.78
 817.00 -62.66 154.33
 818.00 -82.04 -37.94
 819.00  60.72  22.20
 820.00 -62.46 174.13
 821.00 -58.40 157.47
 822.00 -125.79 -26.28
 823.00 -60.46  63.21
 824.00 -47.32 -24.69
 825.00 -86.90 -28.18
 826.00 -76.10 -29.79
 827.00 -59.68 -42.46
 828.00 -75.11 -31.22
 829.00 -55.79 -52.79
 830.00 -60.96 -50.96
 831.00 -72.53 -33.18
 832.00 -58.66 -42.99
 833.00 -77.23 -42.58
 834.00 -63.47 -27.64
 835.00 -81.92 -37.20
 836.00 -77.33 -13.59
 837.00 -61.63 -46.23
 838.00 -43.25 -52.01
 839.00 -59.51 -34.45
 840.00 -150.97 -17.93
 841.00 -56.20  11.74
 842.00 -69.38 128.75
 843.00 -89.20  32.71
 844.00 -81.18 169.30
 845.00 -56.83  95.29
 846.00 -81.25 -24.24
 847.00 -116.64   0.61
 848.00 -49.15  80.65
 849.00 -68.81 -49.65
 850.00 -78.75 -21.61
 851.00 -70.44 -26.61
 852.00 -70.54 -40.95
 853.00 -63.69 -28.89
 854.00 -52.22 -47.18
 855.00 -63.18 -39.90
 856.00 -43.87 -57.68
 857.00 -69.82 -48.66
 858.00 -96.29 -10.35
 859.00 -65.88 -42.24
 860.00 -65.95 -27.64
 861.00 -83.15 -25.83
 862.00 -50.95 -53.36
 863.00 -51.16 -54.08
 864.00 -82.79 -24.83
 865.00 -71.27 -21.36
 866.00 -73.72 -29.25
 867.00 -65.93 -42.81
 868.00 -66.46 -39.17
 869.00 -68.19 -34.52
 870.00 -47.05 -44.36
 871.00 -63.67 -47.18
 872.00 -75.10 -37.90
 873.00 -70.38 -34.01
 874.00 -66.07 -32.92
 875.00 -71.57 -46.47
 876.00 -57.64 -47.15
 877.00 -76.27 -36.88
 878.00 -50.45 -45.24
 879.00 -65.08 -46.53
 880.00 -54.58 -45.81
 881.00 -67.36 -41.56
 882.00 -91.11 -34.38
 883.00 -59.47   8.37
 884.00 -77.39 -12.05
 885.00 -65.96 -46.28
 886.00 -87.45 -38.06
 887.00  49.19  -8.71
 888.00 -75.74  36.31
 889.00 -92.01 141.41
 890.00 -108.94 124.28
 891.00 -57.73 128.85
 892.00 -43.17 141.55
 893.00 -73.96 -43.56
 894.00 -77.41 -35.46
 895.00 -63.80 -44.08
 896.00 -74.25 -28.54
 897.00 -57.31 -41.46
 898.00 -77.46 -51.20
 899.00 -109.54 -11.41
 900.00 -138.07  -1.40
 901.00 -80.98 -47.18
 902.00 -64.75 -41.23
 903.00 -51.51 -45.33
 904.00 -58.85 -37.02
 905.00 -64.97 -40.63
 906.00 -63.42 -44.56
 907.00 -82.76 -45.82
 908.00  70.90   9.70
 909.00 -64.53  -5.45
 910.00 -127.51 -18.93
 911.00 -107.13 114.62
 912.00 -71.62 140.76
 913.00 -107.96 162.51
 914.00 -118.13 133.15
 915.00 -90.52 146.12
 916.00 -120.65 -19.38
 917.00 -164.33 143.61


