 residuo Phi Psi
 669.00 -63.41 152.24
 670.00 -80.49 129.55
 671.00 -165.58 143.33
 672.00 -55.35  -0.75
 673.00 -70.21 -49.55
 674.00 -65.15 -30.88
 675.00 -66.80 -41.27
 676.00 -69.94 -38.96
 677.00 -69.11 -40.81
 678.00 -83.80 -21.76
 679.00 -80.10 -42.03
 680.00 -66.06 -17.27
 681.00 -88.70 129.17
 682.00 -94.26 -174.03
 683.00 -66.91 159.76
 684.00 -75.07 114.92
 685.00 -105.62 136.42
 686.00 -77.57 166.49
 687.00  74.11 -11.33
 688.00 -55.54  15.82
 689.00 -120.82 148.73
 690.00 -62.03 119.23
 691.00 -66.51  -7.36
 692.00 -63.90 -28.99
 693.00 -73.87 148.14
 694.00 -74.45 160.48
 695.00 -68.97  28.14
 696.00 -50.76 151.90
 697.00 -61.14 -52.35
 698.00 -55.52 -46.14
 699.00 -58.65 -55.92
 700.00 -64.97 -47.13
 701.00 -61.43 -42.23
 702.00 -48.78 -42.83
 703.00 -78.13 -37.68
 704.00 -64.81 -31.77
 705.00 -83.16 -30.71
 706.00 -64.38 -42.08
 707.00 -50.12 -33.75
 708.00 -64.30 -55.32
 709.00 -64.88 -39.70
 710.00 -71.30 -38.19
 711.00 -58.52 -33.92
 712.00 -58.72 -39.57
 713.00 -71.31 -51.49
 714.00 -57.14 -39.03
 715.00 -50.27 -48.11
 716.00 -60.47 -57.83
 717.00 -74.02 -33.15
 718.00 -50.76 -46.27
 719.00 -69.03 -38.58
 720.00 -133.76   2.65
 721.00 -60.58  -6.76
 722.00 -67.13 130.23
 723.00  58.83 148.16
 724.00 -68.29  -2.83
 725.00 -75.14 -28.58
 726.00 -73.46   0.18
 727.00 -101.83  -0.01
 728.00 -56.68 140.43
 729.00 -63.25 153.66
 730.00 -67.49 -22.55
 731.00 -81.29 -35.22
 732.00 -64.79 -32.13
 733.00 -71.91 -43.38
 734.00 -70.66 -26.28
 735.00 -70.25 -48.30
 736.00 -68.25 -25.90
 737.00 -63.40 -47.53
 738.00 -86.24 -27.53
 739.00 -94.67 -25.94
 740.00 -48.42 -11.04
 741.00 -46.13 -66.79
 742.00 -68.65 -53.81
 743.00 -65.01 -38.84
 744.00 -58.40 -47.92
 745.00 -73.09 -44.05
 746.00 -67.08 -28.66
 747.00 -57.87 -50.25
 748.00 -78.38 -34.54
 749.00 -67.33 -28.07
 750.00 -66.00 -39.04
 751.00 -45.69 -56.79
 752.00 -79.24 -38.02
 753.00 -77.30 -27.39
 754.00 -75.20 -44.87
 755.00 -91.09 -36.28
 756.00 -145.33 -31.49
 757.00  47.92  35.12
 758.00  67.36  30.80
 759.00 -70.74  -0.67
 760.00 -117.85 -34.62
 761.00 -106.61 167.06
 762.00 -115.61 128.58
 763.00 -59.94  73.98
 764.00 -165.47 -42.79
 765.00 -57.70 170.49
 766.00 -98.38 -34.47
 767.00 -139.93   7.44
 768.00 -98.63  56.31
 769.00 -109.97 130.37
 770.00 -89.51 125.22
 771.00 -57.00 161.75
 772.00 -58.89 -26.29
 773.00 -66.79 -53.45
 774.00 -71.97 -28.98
 775.00 -61.95 -38.02
 776.00 -62.77 -45.40
 777.00 -79.27 -46.53
 778.00  59.29   5.88
 779.00 -76.39 -15.46
 780.00 -58.82  39.97
 781.00 -80.24 -41.39
 782.00 -60.19 -38.02
 783.00 -63.30 -39.37
 784.00 -72.27 -26.35
 785.00 -56.17 -43.49
 786.00 -59.98 -46.14
 787.00 -54.66 -44.22
 788.00 -75.74 -40.20
 789.00 -55.86 -35.49
 790.00 -71.27 -33.40
 791.00 -54.68 -50.25
 792.00 -64.43 -32.13
 793.00 -61.88 -29.16
 794.00 -94.11 -24.22
 795.00 -72.08 -25.76
 796.00 -101.68 -32.81
 797.00  53.06   1.85
 798.00 -63.46  36.45
 799.00 -91.46 139.93
 800.00 -58.25 154.09
 801.00 -75.53 -32.80
 802.00 -58.42 -43.55
 803.00 -57.42 -41.31
 804.00 -63.90 -48.38
 805.00 -70.25 -40.16
 806.00 -75.67 -21.66
 807.00 -56.66 -49.74
 808.00 -71.44 -31.47
 809.00 -78.17 -33.07
 810.00 -57.61 -31.72
 811.00 -73.37 -25.19
 812.00 -106.69 -23.12
 813.00 -129.79  44.11
 814.00 -163.62   0.78
 815.00 -151.51 129.64
 816.00 -51.07 158.87
 817.00 -73.86 167.47
 818.00 -59.00 -44.86
 819.00  76.24 -23.98
 820.00 -65.61 173.07
 821.00 -66.47 171.47
 822.00 -87.43 -50.12
 823.00 -52.58  31.51
 824.00 -55.29 -45.33
 825.00 -62.74 -42.50
 826.00 -53.18 -47.65
 827.00 -60.87 -41.82
 828.00 -87.11 -38.92
 829.00 -58.98 -28.90
 830.00 -63.58 -51.51
 831.00 -68.56 -36.36
 832.00 -68.54 -31.44
 833.00 -76.87 -36.01
 834.00 -58.94 -32.97
 835.00 -56.82 -59.00
 836.00 -74.13 -35.36
 837.00 -68.12 -22.09
 838.00 -50.16 -52.52
 839.00 -68.41 -25.34
 840.00 -103.97 -50.31
 841.00 -57.85   7.64
 842.00 -86.31 138.20
 843.00 -151.23 112.55
 844.00 -60.10 143.94
 845.00 -56.29  69.10
 846.00 -74.63 -17.95
 847.00 -130.85  -4.53
 848.00 -65.38  80.00
 849.00 -60.07 -16.29
 850.00 -65.37 -24.25
 851.00 -71.68 -41.05
 852.00 -60.05 -34.00
 853.00 -52.79 -59.83
 854.00 -59.73 -38.60
 855.00 -67.11 -51.76
 856.00 -47.59 -48.31
 857.00 -70.78 -42.20
 858.00 -77.85 -26.13
 859.00 -66.72 -40.41
 860.00 -66.43 -30.81
 861.00 -60.30 -50.17
 862.00 -64.42 -38.41
 863.00 -53.18 -49.85
 864.00 -57.30 -31.40
 865.00 -66.35 -42.27
 866.00 -72.25 -32.92
 867.00 -64.64 -40.55
 868.00 -72.57 -26.70
 869.00 -54.82 -38.36
 870.00 -68.77 -42.26
 871.00 -66.56 -38.25
 872.00 -73.64 -40.13
 873.00 -50.89 -43.02
 874.00 -61.81 -54.64
 875.00 -56.89 -41.92
 876.00 -76.51 -43.43
 877.00 -63.45 -32.75
 878.00 -75.51 -40.62
 879.00 -90.61  -8.95
 880.00 -60.73 -48.45
 881.00 -62.20 -35.32
 882.00 -142.27  -5.26
 883.00 -59.61  22.67
 884.00 -65.04 -27.03
 885.00 -42.83 -64.19
 886.00 -94.34 -45.46
 887.00  56.36   7.78
 888.00 -89.80  22.49
 889.00 -98.68 138.17
 890.00 -127.96 151.78
 891.00 -54.96 143.84
 892.00 -66.58 140.49
 893.00 -72.77 -29.09
 894.00 -61.19 -42.79
 895.00 -62.85 -44.68
 896.00 -59.43 -36.72
 897.00 -63.88 -43.44
 898.00 -57.64 -44.47
 899.00 -110.83 -27.78
 900.00 -120.89  -7.08
 901.00 -107.54 -31.82
 902.00 -75.18 -36.46
 903.00 -57.02 -36.59
 904.00 -55.56 -43.27
 905.00 -53.14 -47.25
 906.00 -51.80 -68.58
 907.00 -80.33 -42.11
 908.00  73.87  -5.23
 909.00 -67.36  22.94
 910.00 -121.34 -23.33
 911.00 -118.52 116.48
 912.00 -69.99 149.75
 913.00 -109.39 168.93
 914.00 -86.81  97.47
 915.00 -68.61 132.03
 916.00 -107.06 -43.66
 917.00 -61.44 146.55


