 residuo Phi Psi
 669.00 -60.04 144.79
 670.00 -52.53 150.52
 671.00 -69.70 133.91
 672.00 -61.98 -33.51
 673.00 -67.00 -49.80
 674.00 -46.02 -32.04
 675.00 -54.92 -45.65
 676.00 -58.62 -51.31
 677.00 -75.46 -29.54
 678.00 -75.19 -40.87
 679.00 -97.92 -22.38
 680.00 -56.27  -7.63
 681.00 -63.38 134.21
 682.00 -86.52 138.15
 683.00 -62.41 -168.25
 684.00 -143.25 145.07
 685.00 -105.98 144.85
 686.00 -70.81 159.02
 687.00  69.08 -17.21
 688.00 -70.95  19.16
 689.00 -126.89 164.80
 690.00 -64.47 107.69
 691.00 -74.21  -8.12
 692.00 -89.18 -17.41
 693.00 -58.24 134.51
 694.00 -87.74 137.97
 695.00 -143.30 156.70
 696.00 -47.99 151.57
 697.00 -75.52 -69.77
 698.00 -67.28 -15.91
 699.00 -57.24 -56.83
 700.00 -74.68 -45.61
 701.00 -51.90 -45.90
 702.00 -79.47 -28.81
 703.00 -57.96 -43.66
 704.00 -75.02 -37.84
 705.00 -71.18 -23.42
 706.00 -47.71 -47.30
 707.00 -50.48 -46.28
 708.00 -48.80 -51.75
 709.00 -68.92 -54.31
 710.00 -66.50 -31.34
 711.00 -63.82 -42.60
 712.00 -82.12 -27.65
 713.00 -59.09 -37.23
 714.00 -55.80 -56.38
 715.00 -68.09 -42.57
 716.00 -56.78 -38.11
 717.00 -68.22 -34.14
 718.00 -54.61 -45.57
 719.00 -82.27 -36.40
 720.00 -110.62  -6.87
 721.00 -54.71 -17.76
 722.00 -57.89 130.27
 723.00  77.89 128.55
 724.00 -60.35  -9.92
 725.00 -74.92 -22.43
 726.00 -72.54   2.71
 727.00 -92.73 -13.15
 728.00 -52.18 128.56
 729.00 -45.57 151.19
 730.00 -72.77 -41.69
 731.00 -70.44 -38.16
 732.00 -58.41 -36.05
 733.00 -62.14 -44.20
 734.00 -66.25 -39.89
 735.00 -70.92 -57.06
 736.00 -57.69 -27.19
 737.00 -66.14 -58.00
 738.00 -76.65 -32.70
 739.00 -97.86 -23.45
 740.00 -54.09 -21.10
 741.00 -46.99 -57.96
 742.00 -57.36 -57.66
 743.00 -56.23 -49.51
 744.00 -81.12 -41.21
 745.00 -70.62 -33.56
 746.00 -67.21 -37.31
 747.00 -56.45 -42.10
 748.00 -56.38 -50.24
 749.00 -65.47 -46.98
 750.00 -55.92 -32.53
 751.00 -47.12 -54.94
 752.00 -66.60 -42.45
 753.00 -60.52 -46.60
 754.00 -63.60 -52.85
 755.00 -85.05 -55.52
 756.00 -133.33 -39.37
 757.00  50.89  21.27
 758.00  52.48  40.71
 759.00 -70.77   3.06
 760.00 -146.74 -15.08
 761.00 -104.28 166.61
 762.00 -81.17  99.83
 763.00 -55.66  63.85
 764.00 -155.49 -45.57
 765.00 -53.81 169.58
 766.00 -72.03 -42.18
 767.00 -78.04 -68.88
 768.00 -100.27  85.27
 769.00 -86.54 132.54
 770.00 -80.26 103.88
 771.00 -45.19 164.84
 772.00 -64.48 -35.36
 773.00 -62.82 -47.74
 774.00 -52.98 -39.42
 775.00 -73.98 -49.79
 776.00 -63.25 -48.27
 777.00 -99.90 -17.29
 778.00  53.50   9.13
 779.00 -109.74  26.15
 780.00 -50.62   1.95
 781.00 -50.71 -53.69
 782.00 -57.29 -48.24
 783.00 -73.16 -49.31
 784.00 -75.49 -18.24
 785.00 -60.83 -60.98
 786.00 -54.96 -38.37
 787.00 -55.04 -47.04
 788.00 -61.18 -45.07
 789.00 -62.13 -31.75
 790.00 -72.25 -40.95
 791.00 -68.18 -33.00
 792.00 -83.97 -20.95
 793.00 -64.63 -23.95
 794.00 -66.07 -31.02
 795.00 -58.25 -52.21
 796.00 -94.64 -32.21
 797.00  41.21 -18.45
 798.00 -50.48  61.47
 799.00 -80.57 125.75
 800.00 -56.64 154.97
 801.00 -61.53 -32.09
 802.00 -59.39 -52.76
 803.00 -59.19 -44.82
 804.00 -63.53 -51.97
 805.00 -85.62 -16.95
 806.00 -66.97 -45.55
 807.00 -65.31 -36.34
 808.00 -62.40 -45.59
 809.00 -67.73 -37.27
 810.00 -69.20 -24.09
 811.00 -77.49 -21.57
 812.00 -124.42  -2.36
 813.00 -142.26  37.92
 814.00 -160.42   6.80
 815.00 -147.60 125.29
 816.00 -73.82 174.89
 817.00 -63.35 163.36
 818.00 -118.07 -21.22
 819.00  74.99  11.81
 820.00 -67.65 158.76
 821.00 -67.27 165.39
 822.00 -71.39 -51.79
 823.00 -69.23  22.75
 824.00 -53.57 -37.27
 825.00 -75.94 -31.81
 826.00 -62.78 -42.99
 827.00 -62.42 -48.07
 828.00 -66.02 -33.53
 829.00 -68.77 -41.43
 830.00 -61.75 -40.65
 831.00 -67.39 -53.99
 832.00 -59.08 -31.68
 833.00 -54.70 -56.60
 834.00 -57.81 -44.62
 835.00 -83.54 -34.59
 836.00 -69.48 -30.41
 837.00 -63.07 -27.94
 838.00 -56.12 -43.64
 839.00 -77.07 -25.30
 840.00 -130.01 -17.19
 841.00 -52.06  -4.01
 842.00 -84.04 136.63
 843.00 -156.83  87.35
 844.00 -74.25 155.18
 845.00 -60.23 100.25
 846.00 -74.88 -26.71
 847.00 -73.69 -19.16
 848.00 -67.97 148.21
 849.00 -126.54 -41.51
 850.00 -56.00  -7.34
 851.00 -64.47 -36.79
 852.00 -64.24 -32.45
 853.00 -62.12 -50.59
 854.00 -61.93 -40.30
 855.00 -62.03 -54.50
 856.00 -55.65 -49.83
 857.00 -79.41 -33.16
 858.00 -71.47 -27.02
 859.00 -70.56 -38.12
 860.00 -62.69 -34.89
 861.00 -65.21 -38.10
 862.00 -52.97 -49.04
 863.00 -60.32 -44.96
 864.00 -69.97 -31.91
 865.00 -72.15 -22.29
 866.00 -72.94 -31.97
 867.00 -60.88 -43.83
 868.00 -72.68 -26.40
 869.00 -56.25 -42.14
 870.00 -74.48 -29.85
 871.00 -60.50 -44.98
 872.00 -86.72 -31.73
 873.00 -60.24 -26.81
 874.00 -69.08 -43.13
 875.00 -75.33 -37.82
 876.00 -77.52 -38.41
 877.00 -61.63 -34.46
 878.00 -60.79 -47.37
 879.00 -76.61 -36.02
 880.00 -69.51 -33.41
 881.00 -69.41 -29.74
 882.00 -103.62 -26.44
 883.00 -55.13 -13.08
 884.00 -62.60 -33.33
 885.00 -70.26 -40.71
 886.00 -89.96 -44.80
 887.00  47.71   5.86
 888.00 -77.58  38.05
 889.00 -58.89 130.74
 890.00 -127.70 139.65
 891.00 -69.02 137.73
 892.00 -53.17 129.00
 893.00 -54.48 -42.24
 894.00 -107.18 -20.10
 895.00 -60.30 -28.72
 896.00 -54.40 -44.42
 897.00 -61.96 -40.80
 898.00 -69.09 -57.38
 899.00 -88.30 -27.23
 900.00 -99.85 -26.53
 901.00 -94.76 -52.81
 902.00 -62.79 -37.98
 903.00 -61.65 -25.03
 904.00 -57.89 -34.62
 905.00 -74.83 -37.22
 906.00 -69.55 -54.35
 907.00 -98.91 -15.13
 908.00  68.07   0.44
 909.00 -57.18  10.73
 910.00 -128.89 -18.83
 911.00 -152.46 131.01
 912.00 -69.59 147.63
 913.00 -84.75 156.66
 914.00 -103.36 126.44
 915.00 -66.24 133.92
 916.00 -129.47 -35.11
 917.00 -137.40 144.20


