 residuo Phi Psi
 669.00 -51.83 142.13
 670.00 -80.05 145.15
 671.00 -106.58 141.25
 672.00 -44.99 -34.49
 673.00 -62.82 -49.00
 674.00 -69.47 -41.11
 675.00 -63.78 -33.00
 676.00 -65.56 -47.19
 677.00 -72.57 -35.24
 678.00 -71.81 -24.34
 679.00 -114.99 -21.50
 680.00 -52.14  -7.59
 681.00 -69.58 141.25
 682.00 -82.68 148.44
 683.00 -65.56 -177.64
 684.00 -111.63 130.07
 685.00 -73.55 102.07
 686.00 -89.57 150.50
 687.00 107.08 -17.13
 688.00 -87.85   4.42
 689.00 -138.32 160.66
 690.00 -56.80 122.04
 691.00 -83.85 -18.12
 692.00 -83.72   2.78
 693.00 -72.45 157.84
 694.00 -81.18 141.76
 695.00 -140.61 131.78
 696.00 -54.36 151.95
 697.00 -62.32 -40.76
 698.00 -81.86 -31.80
 699.00 -75.06 -45.38
 700.00 -64.16 -46.12
 701.00 -61.51 -38.49
 702.00 -66.89 -42.62
 703.00 -65.09 -31.52
 704.00 -63.73 -43.43
 705.00 -59.45 -41.95
 706.00 -60.14 -47.71
 707.00 -42.78 -39.28
 708.00 -55.63 -61.65
 709.00 -64.32 -46.65
 710.00 -87.07 -33.34
 711.00 -62.31 -23.93
 712.00 -61.66 -44.30
 713.00 -64.57 -42.41
 714.00 -67.53 -34.20
 715.00 -54.17 -52.84
 716.00 -63.21 -55.23
 717.00 -89.00 -15.13
 718.00 -58.66 -46.76
 719.00 -68.68 -45.44
 720.00 -93.52 -17.48
 721.00 -58.15 -12.60
 722.00 -57.44 143.24
 723.00  82.02 128.29
 724.00 -68.56  -1.66
 725.00 -73.94 -38.76
 726.00 -69.61 -10.81
 727.00 -60.12 -27.66
 728.00 -62.35 160.01
 729.00 -54.71 137.57
 730.00 -72.64 -33.23
 731.00 -82.25 -20.83
 732.00 -63.54 -34.45
 733.00 -73.63 -27.66
 734.00 -63.80 -52.04
 735.00 -66.37 -44.22
 736.00 -63.12 -25.02
 737.00 -66.68 -49.35
 738.00 -98.88 -21.67
 739.00 -95.51 -19.49
 740.00 -44.37 -32.51
 741.00 -61.84 -37.39
 742.00 -76.13 -47.68
 743.00 -63.44 -41.29
 744.00 -73.51 -38.24
 745.00 -70.26 -36.39
 746.00 -55.36 -37.29
 747.00 -74.53 -47.42
 748.00 -52.37 -40.40
 749.00 -62.01 -47.08
 750.00 -76.83 -26.16
 751.00 -55.75 -44.76
 752.00 -59.98 -40.09
 753.00 -63.92 -45.08
 754.00 -90.87 -43.14
 755.00 -106.53 -27.43
 756.00 -137.15 -27.71
 757.00  49.26  20.63
 758.00  58.79  40.43
 759.00 -67.32   7.73
 760.00 -118.57 -41.81
 761.00 -87.55 152.68
 762.00 -83.80 106.43
 763.00 -55.23  53.70
 764.00 -160.40 -39.43
 765.00 -72.25 152.18
 766.00 -84.60 -18.09
 767.00 -89.83 -48.05
 768.00 -72.39  56.52
 769.00 -87.84 126.92
 770.00 -75.43 102.01
 771.00 -72.76 178.50
 772.00 -70.16 -25.41
 773.00 -67.42 -46.02
 774.00 -62.69 -34.91
 775.00 -59.10 -39.23
 776.00 -68.68 -54.06
 777.00 -79.75   2.29
 778.00  64.13 -16.08
 779.00 -154.81  18.98
 780.00 -54.71  49.08
 781.00 -49.84 -41.96
 782.00 -67.18 -53.41
 783.00 -73.19 -29.12
 784.00 -51.43 -42.67
 785.00 -58.45 -58.20
 786.00 -66.09 -36.95
 787.00 -69.97 -31.88
 788.00 -58.97 -47.69
 789.00 -62.25 -37.30
 790.00 -71.86 -35.82
 791.00 -62.29 -34.15
 792.00 -63.04 -13.88
 793.00 -54.45 -46.65
 794.00 -93.36 -27.50
 795.00 -57.31 -46.03
 796.00 -88.89 -31.14
 797.00  38.77  -4.75
 798.00 -63.04  55.60
 799.00 -81.74 138.80
 800.00 -46.82 154.27
 801.00 -76.65 -29.68
 802.00 -73.95 -38.13
 803.00 -58.40 -35.03
 804.00 -58.18 -62.27
 805.00 -71.71 -43.94
 806.00 -67.38 -31.63
 807.00 -57.48 -42.34
 808.00 -56.27 -39.26
 809.00 -74.30 -42.83
 810.00 -57.80 -25.08
 811.00 -74.34 -23.64
 812.00 -133.64 -14.87
 813.00 -130.18  35.23
 814.00 -152.18   4.01
 815.00 -148.31 129.12
 816.00 -51.49 156.82
 817.00 -53.37 134.34
 818.00 -72.47 -35.66
 819.00  95.13 -10.44
 820.00 -78.65 170.48
 821.00 -76.53 165.27
 822.00 -119.73 -28.58
 823.00 -64.94  83.69
 824.00 -64.14 -33.73
 825.00 -74.14 -39.86
 826.00 -58.02 -32.17
 827.00 -45.44 -58.10
 828.00 -66.58 -48.92
 829.00 -70.46 -42.73
 830.00 -54.44 -47.25
 831.00 -63.32 -41.13
 832.00 -70.85 -43.88
 833.00 -75.54 -28.51
 834.00 -69.85 -24.79
 835.00 -65.19 -53.11
 836.00 -80.00 -19.43
 837.00 -54.22 -33.57
 838.00 -55.06 -52.20
 839.00 -67.87 -28.43
 840.00 -139.03 -18.76
 841.00 -76.06  15.51
 842.00 -72.66 140.38
 843.00 -153.25 102.90
 844.00 -80.34 -178.38
 845.00 -46.21  98.04
 846.00 -68.43 -45.42
 847.00 -128.86 -10.30
 848.00 -43.09  86.63
 849.00 -36.76 -32.34
 850.00 -70.72 -50.58
 851.00 -77.29 -36.60
 852.00 -60.29 -43.88
 853.00 -67.98 -31.43
 854.00 -63.21 -43.07
 855.00 -55.56 -44.68
 856.00 -63.16 -49.58
 857.00 -54.67 -40.98
 858.00 -65.48 -44.66
 859.00 -63.26 -44.55
 860.00 -68.88 -37.10
 861.00 -71.54 -26.71
 862.00 -68.31 -48.92
 863.00 -79.00 -28.17
 864.00 -69.14 -18.00
 865.00 -82.51  -1.18
 866.00 -57.25 -37.47
 867.00 -59.44 -44.91
 868.00 -69.94 -30.72
 869.00 -49.89 -54.79
 870.00 -47.53 -61.70
 871.00 -74.12 -49.39
 872.00 -62.12 -35.31
 873.00 -64.44 -35.28
 874.00 -50.80 -50.83
 875.00 -75.15 -34.08
 876.00 -52.88 -56.07
 877.00 -58.22 -46.42
 878.00 -72.78 -42.69
 879.00 -57.30 -32.78
 880.00 -62.60 -46.67
 881.00 -60.17 -35.81
 882.00 -115.84 -30.60
 883.00 -58.92   9.81
 884.00 -60.12 -55.62
 885.00 -73.34 -43.76
 886.00 -91.13 -27.24
 887.00  55.60   7.78
 888.00 -77.20  22.56
 889.00 -114.70 140.81
 890.00 -115.58 132.90
 891.00 -57.36 130.35
 892.00 -71.84 150.40
 893.00 -62.14 -37.35
 894.00 -70.20 -42.64
 895.00 -56.92 -43.47
 896.00 -71.57 -37.19
 897.00 -82.56 -20.28
 898.00 -59.65 -38.66
 899.00 -82.55 -46.18
 900.00 -133.91 -14.10
 901.00 -91.33 -35.76
 902.00 -65.91 -35.86
 903.00 -66.22 -31.22
 904.00 -55.06 -30.65
 905.00 -69.62 -39.20
 906.00 -73.61 -52.55
 907.00 -80.06 -19.10
 908.00  68.76 -13.66
 909.00 -60.88  19.91
 910.00 -142.16 -20.62
 911.00 -149.48 134.47
 912.00 -80.63 142.80
 913.00 -107.31 169.13
 914.00 -74.30  97.28
 915.00 -68.41 134.04
 916.00 -108.64 -41.01
 917.00 -129.47 155.69


