 residuo Phi Psi
 669.00 -66.61 -62.67
 670.00 -51.71 162.03
 671.00 -51.76 145.45
 672.00 -72.11 -53.79
 673.00 -70.08 -33.47
 674.00 -60.84 -30.26
 675.00 -77.55 -28.17
 676.00 -54.04 -54.28
 677.00 -64.34 -44.80
 678.00 -62.57 -40.83
 679.00 -76.77 -39.74
 680.00 -70.78  -8.30
 681.00 -92.52 132.44
 682.00 -81.12 157.17
 683.00 -61.30 157.91
 684.00 -126.63 148.55
 685.00 -62.80 132.69
 686.00 -69.46 138.29
 687.00  77.62 -24.63
 688.00 -82.77  30.47
 689.00 -129.50 152.92
 690.00 -63.11 109.90
 691.00 -54.45 -12.02
 692.00 -65.17 -50.33
 693.00 -68.07 133.61
 694.00 -77.62 152.13
 695.00 -114.53 117.61
 696.00 -30.98 144.97
 697.00 -66.17 -77.32
 698.00 -70.34 -31.34
 699.00 -66.24 -35.99
 700.00 -57.53 -48.04
 701.00 -68.60 -46.49
 702.00 -80.02 -28.01
 703.00 -63.23 -26.35
 704.00 -77.89 -38.18
 705.00 -48.95 -44.45
 706.00 -75.66 -34.70
 707.00 -49.22 -29.99
 708.00 -45.25 -56.27
 709.00 -60.90 -53.14
 710.00 -65.83 -47.05
 711.00 -72.53 -32.51
 712.00 -67.54 -36.10
 713.00 -62.97 -40.19
 714.00 -80.42 -34.49
 715.00 -57.13 -39.05
 716.00 -62.15 -32.64
 717.00 -59.65 -55.72
 718.00 -63.18 -46.05
 719.00 -66.23 -31.26
 720.00 -101.48 -18.70
 721.00 -42.97 -31.47
 722.00 -54.99 125.30
 723.00  71.26 155.53
 724.00 -50.35 -32.35
 725.00 -66.51 -43.94
 726.00 -69.58   6.42
 727.00 -76.67 -20.63
 728.00 -55.72 154.61
 729.00 -57.51 148.16
 730.00 -67.46 -29.82
 731.00 -67.47 -41.65
 732.00 -65.40 -36.96
 733.00 -71.29 -45.59
 734.00 -62.23 -23.94
 735.00 -68.10 -64.58
 736.00 -47.92 -33.33
 737.00 -78.26 -52.95
 738.00 -87.30 -23.12
 739.00 -99.65 -27.09
 740.00 -56.10 -15.32
 741.00 -62.02 -44.30
 742.00 -64.27 -44.10
 743.00 -59.34 -52.33
 744.00 -71.80 -34.82
 745.00 -62.14 -55.47
 746.00 -69.91 -36.24
 747.00 -79.29 -34.09
 748.00 -66.83 -32.03
 749.00 -54.88 -37.65
 750.00 -63.92 -48.37
 751.00 -61.54 -45.34
 752.00 -63.56 -36.08
 753.00 -82.46 -34.42
 754.00 -89.90 -27.50
 755.00 -94.27 -40.89
 756.00 -112.67 -50.65
 757.00  52.74  25.34
 758.00  53.93  41.40
 759.00 -75.81   3.04
 760.00 -81.93 -59.53
 761.00 -86.00 160.99
 762.00 -87.75 112.34
 763.00 -55.31  61.76
 764.00 -147.13 -51.12
 765.00 -71.99 158.35
 766.00 -79.89 -28.49
 767.00 -79.33 -57.04
 768.00 -70.64  55.07
 769.00 -137.85 160.65
 770.00 -70.87  85.88
 771.00 -51.58 165.41
 772.00 -58.06 -37.90
 773.00 -60.88 -48.30
 774.00 -46.66 -34.12
 775.00 -82.51 -49.60
 776.00 -57.64 -35.97
 777.00 -85.95 -43.77
 778.00  50.55  10.71
 779.00 -126.62  44.93
 780.00 -66.69  24.19
 781.00 -66.09 -49.67
 782.00 -73.91 -37.10
 783.00 -62.48 -35.87
 784.00 -69.27 -33.22
 785.00 -65.43 -37.07
 786.00 -81.25 -31.85
 787.00 -50.68 -43.47
 788.00 -75.59 -44.89
 789.00 -81.73 -12.05
 790.00 -67.17 -41.68
 791.00 -51.94 -40.62
 792.00 -64.56 -37.95
 793.00 -64.24 -29.81
 794.00 -71.28 -43.66
 795.00 -68.08 -25.53
 796.00 -98.27 -31.26
 797.00  49.52 -19.46
 798.00 -61.41  55.68
 799.00 -58.48 119.21
 800.00 -65.92 160.30
 801.00 -74.70 -23.95
 802.00 -72.21 -36.24
 803.00 -64.13 -35.80
 804.00 -77.30 -36.21
 805.00 -81.04 -30.95
 806.00 -63.87 -35.17
 807.00 -56.77 -52.09
 808.00 -63.00 -35.74
 809.00 -68.72 -46.97
 810.00 -68.27 -24.73
 811.00 -61.70 -21.59
 812.00 -73.81 -54.21
 813.00 -132.61  39.44
 814.00 -153.70  12.30
 815.00 -138.36 125.06
 816.00 -69.26 171.78
 817.00 -61.07 156.46
 818.00 -111.89 -16.75
 819.00  54.13  21.91
 820.00 -70.76 -179.57
 821.00 -59.02 146.71
 822.00 -95.46 -39.03
 823.00 -70.73  38.92
 824.00 -66.68 -21.41
 825.00 -73.34 -34.94
 826.00 -58.23 -39.94
 827.00 -70.42 -39.72
 828.00 -63.33 -35.64
 829.00 -71.27 -37.30
 830.00 -63.97 -42.12
 831.00 -58.52 -43.45
 832.00 -60.62 -40.34
 833.00 -67.12 -56.10
 834.00 -62.43 -28.75
 835.00 -58.42 -53.92
 836.00 -59.18 -36.08
 837.00 -50.90 -48.97
 838.00 -54.78 -56.32
 839.00 -70.50 -34.81
 840.00 -101.51 -37.31
 841.00 -72.62  19.10
 842.00 -75.12 141.02
 843.00 -137.05  87.88
 844.00 -81.05 137.46
 845.00 -54.79  80.73
 846.00 -67.40 -28.83
 847.00 -85.32 -15.79
 848.00 -34.14 128.57
 849.00 -107.00 -50.56
 850.00 -53.01 -11.97
 851.00 -93.48 -39.08
 852.00 -62.30 -39.20
 853.00 -74.48 -33.51
 854.00 -53.06 -42.52
 855.00 -50.26 -58.36
 856.00 -64.83 -47.34
 857.00 -63.26 -48.67
 858.00 -64.27 -29.27
 859.00 -78.81 -45.46
 860.00 -48.70 -26.14
 861.00 -73.83 -56.90
 862.00 -79.00 -28.27
 863.00 -63.25 -36.47
 864.00 -71.63 -25.43
 865.00 -67.29 -18.45
 866.00 -69.40 -43.13
 867.00 -64.82 -36.44
 868.00 -82.15 -29.36
 869.00 -71.53 -34.21
 870.00 -65.44 -33.62
 871.00 -56.83 -44.77
 872.00 -67.34 -53.23
 873.00 -74.30 -26.81
 874.00 -75.89 -31.42
 875.00 -56.87 -37.04
 876.00 -60.25 -59.37
 877.00 -71.73 -29.37
 878.00 -72.14 -49.34
 879.00 -74.56 -17.62
 880.00 -55.11 -39.05
 881.00 -42.22 -58.52
 882.00 -104.83 -42.55
 883.00 -67.48  16.28
 884.00 -77.84 -39.81
 885.00 -58.02 -32.86
 886.00 -85.96 -39.78
 887.00  53.01   0.75
 888.00 -70.78  26.72
 889.00 -101.30 133.40
 890.00 -130.96 156.76
 891.00 -77.78 164.71
 892.00 -54.90 138.47
 893.00 -66.15 -40.84
 894.00 -76.53 -36.72
 895.00 -53.61 -49.77
 896.00 -65.96 -33.61
 897.00 -68.41 -35.58
 898.00 -59.63 -43.82
 899.00 -67.85 -46.03
 900.00 -107.33 -36.10
 901.00 -87.28 -47.47
 902.00 -66.16 -39.40
 903.00 -57.82 -35.81
 904.00 -72.95 -23.03
 905.00 -68.50 -39.94
 906.00 -68.04 -52.11
 907.00 -90.86 -19.59
 908.00  67.94   9.02
 909.00 -71.27   4.13
 910.00 -108.55 -20.40
 911.00 -128.31 134.11
 912.00 -71.07 125.44
 913.00 -105.01 141.36
 914.00 -91.79 119.25
 915.00 -85.26 145.07
 916.00 -104.15 -32.81
 917.00 -99.73 146.76


