 residuo Phi Psi
 669.00 -62.01 118.91
 670.00 -79.47 127.31
 671.00 -59.08  67.46
 672.00 -63.37 -12.01
 673.00 -64.51 -23.65
 674.00 -82.52 -25.55
 675.00 -55.18 -34.47
 676.00 -63.37 -51.49
 677.00 -76.01 -39.81
 678.00 -70.97 -31.75
 679.00 -96.74 -22.04
 680.00 -86.04  13.92
 681.00 -61.10 138.47
 682.00 -69.12 141.79
 683.00 -57.53 161.59
 684.00 -132.72 145.02
 685.00 -90.50 122.04
 686.00 -89.94 163.24
 687.00  87.67 -28.52
 688.00 -93.45  31.06
 689.00 -131.52 168.14
 690.00 -117.62 146.00
 691.00 -102.86  20.52
 692.00 -48.02 -38.48
 693.00 -88.76 157.00
 694.00 -91.72 171.07
 695.00 -149.69 143.64
 696.00 -51.09 149.10
 697.00 -64.54 -50.11
 698.00 -57.63 -58.82
 699.00 -68.69 -43.38
 700.00 -75.90 -49.51
 701.00 -81.79 -15.21
 702.00 -65.10 -42.97
 703.00 -74.94 -27.78
 704.00 -69.68 -32.76
 705.00 -79.47 -32.87
 706.00 -57.02 -38.04
 707.00 -70.14 -42.02
 708.00 -68.71 -27.99
 709.00 -52.19 -54.84
 710.00 -67.33 -38.16
 711.00 -51.73 -47.25
 712.00 -44.78 -53.06
 713.00 -82.67 -44.18
 714.00 -56.50 -45.39
 715.00 -78.24 -35.82
 716.00 -58.65 -53.30
 717.00 -78.55 -13.44
 718.00 -51.59 -64.59
 719.00 -60.41 -28.54
 720.00 -121.96 -18.75
 721.00 -58.12 -16.29
 722.00 -76.09 147.26
 723.00  66.05 177.99
 724.00 -48.40 -41.71
 725.00 -77.91 -42.29
 726.00 -64.43  11.51
 727.00 -82.41 -31.05
 728.00 -71.26 154.26
 729.00 -58.47 155.43
 730.00 -77.33 -31.30
 731.00 -78.00 -19.04
 732.00 -63.55 -43.63
 733.00 -85.66 -35.17
 734.00 -67.81 -24.48
 735.00 -60.59 -63.27
 736.00 -67.57 -24.26
 737.00 -68.46 -44.91
 738.00 -88.12 -31.92
 739.00 -83.39 -34.77
 740.00 -62.75 -13.18
 741.00 -64.14 -30.87
 742.00 -40.10 -59.96
 743.00 -61.26 -57.55
 744.00 -70.26 -51.88
 745.00 -63.12 -30.45
 746.00 -70.36 -46.30
 747.00 -71.83 -35.35
 748.00 -69.12 -36.45
 749.00 -49.77 -45.73
 750.00 -60.54 -45.49
 751.00 -58.27 -51.79
 752.00 -74.89 -31.46
 753.00 -59.04 -38.21
 754.00 -58.89 -61.85
 755.00 -85.60 -42.04
 756.00 -146.27 -42.59
 757.00  58.07  21.29
 758.00  52.47  33.90
 759.00 -63.71   5.70
 760.00 -133.61 -27.46
 761.00 -78.68 141.11
 762.00 -73.40 103.01
 763.00 -64.50  68.34
 764.00 -165.42 -40.02
 765.00 -65.75 173.39
 766.00 -103.65 -19.72
 767.00 -144.00  -0.92
 768.00 -123.25  91.45
 769.00 -93.14 134.66
 770.00 -153.81 156.37
 771.00 -71.41 171.18
 772.00 -69.86 -24.33
 773.00 -74.47 -35.27
 774.00 -67.97 -33.44
 775.00 -62.28 -36.56
 776.00 -74.01 -50.19
 777.00 -72.66 -39.68
 778.00  65.36 -13.24
 779.00 -74.31 -13.49
 780.00 -51.83  42.76
 781.00 -52.98 -58.03
 782.00 -56.72 -46.40
 783.00 -53.74 -54.81
 784.00 -64.53 -40.28
 785.00 -63.08 -49.42
 786.00 -69.42 -27.00
 787.00 -67.93 -39.68
 788.00 -59.72 -43.87
 789.00 -54.70 -44.07
 790.00 -67.10 -49.24
 791.00 -53.72 -39.89
 792.00 -78.18 -12.79
 793.00 -51.01 -28.50
 794.00 -100.91 -30.17
 795.00 -61.16 -42.40
 796.00 -95.37 -32.28
 797.00  35.95  11.11
 798.00 -52.96  46.45
 799.00 -78.50 116.13
 800.00 -56.95 155.63
 801.00 -50.55 -39.49
 802.00 -70.96 -52.33
 803.00 -58.96 -32.59
 804.00 -56.73 -51.75
 805.00 -81.59 -45.64
 806.00 -83.63 -13.77
 807.00 -70.13 -29.96
 808.00 -53.07 -39.72
 809.00 -73.87 -45.54
 810.00 -69.96 -12.73
 811.00 -74.99 -19.78
 812.00 -118.94 -17.34
 813.00 -125.56  34.67
 814.00 -153.14  16.46
 815.00 -153.04 131.73
 816.00 -68.83 170.99
 817.00 -62.26 175.04
 818.00 -108.31 -38.46
 819.00  70.64  16.32
 820.00 -82.78 -165.90
 821.00 -74.43 176.92
 822.00 -136.17 -18.90
 823.00 -79.63 101.03
 824.00 -71.60 -18.70
 825.00 -63.98 -47.71
 826.00 -72.39 -22.46
 827.00 -52.88 -51.28
 828.00 -68.16 -38.86
 829.00 -70.67 -30.58
 830.00 -62.79 -44.27
 831.00 -52.61 -56.96
 832.00 -62.83 -44.92
 833.00 -67.06 -42.88
 834.00 -69.30 -27.91
 835.00 -67.52 -37.66
 836.00 -70.21 -40.40
 837.00 -51.16 -38.66
 838.00 -63.99 -54.56
 839.00 -60.70 -20.21
 840.00 -130.95 -28.69
 841.00 -77.24  16.63
 842.00 -80.56 153.27
 843.00 -154.66  96.98
 844.00 -115.06 164.80
 845.00 -68.33  87.95
 846.00 -87.02   4.89
 847.00 -109.17 -17.90
 848.00 -55.46  81.50
 849.00 -49.61 -23.03
 850.00 -77.75 -33.00
 851.00 -76.25 -23.99
 852.00 -59.11 -44.51
 853.00 -64.84 -31.61
 854.00 -65.50 -46.45
 855.00 -46.27 -45.53
 856.00 -63.48 -37.80
 857.00 -67.09 -39.72
 858.00 -85.17 -24.93
 859.00 -59.60 -40.13
 860.00 -71.13 -42.47
 861.00 -77.59 -30.40
 862.00 -58.43 -48.65
 863.00 -61.06 -44.95
 864.00 -70.12 -33.83
 865.00 -66.32 -22.25
 866.00 -57.07 -33.19
 867.00 -59.86 -56.88
 868.00 -70.39 -27.03
 869.00 -59.40 -43.45
 870.00 -73.74 -37.16
 871.00 -64.71 -39.09
 872.00 -74.92 -38.38
 873.00 -50.74 -36.02
 874.00 -67.64 -42.79
 875.00 -55.90 -54.99
 876.00 -71.62 -43.18
 877.00 -67.29 -35.94
 878.00 -56.83 -41.45
 879.00 -80.16 -40.12
 880.00 -70.32 -25.38
 881.00 -55.66 -43.01
 882.00 -86.86 -42.56
 883.00 -43.95 -16.46
 884.00 -65.92 -53.80
 885.00 -75.16 -32.26
 886.00 -90.66 -36.14
 887.00  44.67  22.22
 888.00 -88.40  32.00
 889.00 -121.35 142.25
 890.00 -116.03 136.66
 891.00 -66.22 138.70
 892.00 -62.26 155.37
 893.00 -75.81 -27.32
 894.00 -77.48 -45.19
 895.00 -54.15 -37.87
 896.00 -69.95 -40.13
 897.00 -58.61 -49.06
 898.00 -67.23 -45.10
 899.00 -77.06 -44.86
 900.00 -130.96 -10.24
 901.00 -88.13 -43.40
 902.00 -54.09 -55.90
 903.00 -41.23 -46.21
 904.00 -66.59 -32.46
 905.00 -62.15 -37.70
 906.00 -78.64 -35.03
 907.00 -79.49 -30.18
 908.00  83.12  -3.80
 909.00 -75.24   1.84
 910.00 -121.45 -12.28
 911.00 -134.21 139.02
 912.00 -58.80 135.08
 913.00 -93.94 145.01
 914.00 -122.68 153.60
 915.00 -76.64 148.16
 916.00 -95.20 -46.21
 917.00 -89.67 108.15


