 residuo Phi Psi
 669.00 -91.58 137.64
 670.00 -66.49 165.48
 671.00 -74.41 166.11
 672.00 -74.75 -42.27
 673.00 -71.24 -27.52
 674.00 -79.36 -29.09
 675.00 -66.55 -30.63
 676.00 -61.55 -50.03
 677.00 -70.71 -38.32
 678.00 -53.99 -36.40
 679.00 -89.98 -34.97
 680.00 -78.75  -6.93
 681.00 -71.87 122.28
 682.00 -71.40 163.97
 683.00 -63.84 157.40
 684.00 -99.11 129.04
 685.00 -75.62 131.66
 686.00 -81.45 149.26
 687.00  87.36 -10.90
 688.00 -81.36  19.70
 689.00 -77.95 126.67
 690.00 -63.54  74.64
 691.00 -60.25 -10.37
 692.00 -129.35  -3.75
 693.00 -80.17 158.60
 694.00 -73.81 148.73
 695.00 -122.51 135.21
 696.00 -54.36 168.43
 697.00 -60.02 -54.26
 698.00 -70.18 -42.72
 699.00 -72.72 -36.81
 700.00 -74.58 -42.00
 701.00 -58.50 -38.11
 702.00 -79.36 -33.82
 703.00 -66.16 -28.10
 704.00 -70.40 -38.68
 705.00 -68.21 -26.90
 706.00 -54.06 -51.31
 707.00 -38.92 -47.85
 708.00 -57.04 -56.58
 709.00 -59.62 -48.52
 710.00 -71.08 -41.38
 711.00 -61.41 -34.45
 712.00 -42.22 -52.48
 713.00 -94.45 -34.48
 714.00 -58.73 -32.01
 715.00 -63.47 -42.71
 716.00 -58.93 -36.82
 717.00 -59.14 -48.45
 718.00 -54.72 -48.61
 719.00 -69.31 -43.13
 720.00 -105.04 -19.78
 721.00 -83.04   1.54
 722.00 -63.02 132.27
 723.00  60.02 151.05
 724.00 -54.25 -26.21
 725.00 -63.83 -27.83
 726.00 -59.68  -6.79
 727.00 -81.72 -33.81
 728.00 -66.03 137.52
 729.00 -49.70 155.14
 730.00 -76.48 -31.01
 731.00 -81.35 -37.91
 732.00 -48.07 -35.27
 733.00 -65.61 -49.86
 734.00 -55.34 -45.50
 735.00 -67.61 -61.29
 736.00 -74.35 -14.30
 737.00 -75.15 -44.70
 738.00 -116.35  -5.43
 739.00 -76.11 -35.67
 740.00 -50.27 -16.72
 741.00 -59.60 -60.24
 742.00 -68.78 -47.04
 743.00 -60.34 -42.72
 744.00 -58.84 -48.49
 745.00 -52.75 -59.39
 746.00 -70.77 -39.45
 747.00 -77.42 -31.39
 748.00 -63.66 -30.65
 749.00 -58.99 -39.45
 750.00 -73.34 -43.71
 751.00 -71.60 -35.38
 752.00 -71.60 -29.14
 753.00 -46.74 -49.38
 754.00 -69.40 -54.96
 755.00 -81.20 -54.37
 756.00 -137.71 -29.45
 757.00  38.91  19.84
 758.00  60.70  49.22
 759.00 -74.33   7.32
 760.00 -135.12 -22.12
 761.00 -96.48 163.42
 762.00 -99.38 118.85
 763.00 -72.82  82.49
 764.00 -154.92 -48.54
 765.00 -69.72 173.79
 766.00 -94.10 -29.49
 767.00 -139.43   0.47
 768.00 -84.57  63.83
 769.00 -90.18 132.31
 770.00 -64.68  90.70
 771.00 -70.95 170.27
 772.00 -69.44 -22.59
 773.00 -65.33 -44.39
 774.00 -64.24 -32.31
 775.00 -79.01 -39.76
 776.00 -64.19 -46.40
 777.00 -55.97 -40.60
 778.00  60.27 -17.97
 779.00 -123.48  36.49
 780.00 -68.79  29.27
 781.00 -59.96 -49.82
 782.00 -58.67 -47.48
 783.00 -56.69 -42.62
 784.00 -53.45 -47.11
 785.00 -61.84 -46.18
 786.00 -68.64 -37.33
 787.00 -62.76 -34.69
 788.00 -70.28 -44.70
 789.00 -65.85 -34.30
 790.00 -67.35 -47.79
 791.00 -52.39 -39.21
 792.00 -64.97 -37.44
 793.00 -51.65 -28.26
 794.00 -68.90 -31.48
 795.00 -75.12 -38.57
 796.00 -74.98 -36.20
 797.00  57.24 -29.97
 798.00 -54.00  46.24
 799.00 -90.18 131.69
 800.00 -58.18 161.02
 801.00 -71.66 -21.44
 802.00 -62.53 -49.65
 803.00 -50.51 -41.27
 804.00 -72.37 -39.21
 805.00 -75.67 -48.19
 806.00 -66.39 -36.31
 807.00 -64.83 -43.43
 808.00 -67.27 -30.88
 809.00 -48.30 -56.13
 810.00 -58.28 -33.38
 811.00 -65.20 -27.99
 812.00 -100.09 -33.40
 813.00 -117.53  27.80
 814.00 -149.98   8.53
 815.00 -146.77 132.87
 816.00 -48.52 155.72
 817.00 -59.48 147.41
 818.00 -105.07 -25.52
 819.00  69.27  16.71
 820.00 -73.48 176.58
 821.00 -73.37 168.34
 822.00 -91.25 -35.15
 823.00 -52.22  26.87
 824.00 -66.96 -42.72
 825.00 -84.56 -24.82
 826.00 -54.52 -37.07
 827.00 -60.81 -46.24
 828.00 -59.87 -46.34
 829.00 -85.73 -44.53
 830.00 -59.29 -31.83
 831.00 -61.12 -41.36
 832.00 -64.77 -38.37
 833.00 -79.29 -37.53
 834.00 -53.62 -28.12
 835.00 -76.72 -50.81
 836.00 -67.40 -26.69
 837.00 -77.17 -29.28
 838.00 -57.10 -43.58
 839.00 -50.58 -46.12
 840.00 -117.77 -31.25
 841.00 -69.62   6.84
 842.00 -77.45 152.62
 843.00 -146.34  71.23
 844.00 -83.82 153.30
 845.00 -53.86 111.75
 846.00 -76.71 -40.74
 847.00 -63.52 -13.56
 848.00 -60.26 119.41
 849.00 -122.93 -27.65
 850.00 -64.74  -3.82
 851.00 -69.80 -51.81
 852.00 -70.94 -34.98
 853.00 -66.63 -33.73
 854.00 -66.50 -48.50
 855.00 -65.44 -32.96
 856.00 -54.64 -44.19
 857.00 -56.05 -58.00
 858.00 -71.22 -38.40
 859.00 -76.42 -39.93
 860.00 -73.65 -26.68
 861.00 -65.82 -37.04
 862.00 -70.11 -37.17
 863.00 -63.26 -37.47
 864.00 -73.50 -38.82
 865.00 -67.42  -6.86
 866.00 -58.11 -43.16
 867.00 -62.95 -39.48
 868.00 -77.12 -38.61
 869.00 -61.92 -33.73
 870.00 -65.02 -49.31
 871.00 -55.24 -44.67
 872.00 -70.99 -39.41
 873.00 -67.35 -34.36
 874.00 -52.64 -42.78
 875.00 -65.79 -47.47
 876.00 -50.17 -58.74
 877.00 -61.05 -43.77
 878.00 -71.47 -43.68
 879.00 -57.43 -42.78
 880.00 -74.64 -41.41
 881.00 -68.75 -37.67
 882.00 -107.77 -15.95
 883.00 -55.25   7.78
 884.00 -63.28 -37.50
 885.00 -59.97 -51.74
 886.00 -78.69 -45.25
 887.00  61.94  -3.06
 888.00 -88.37  24.37
 889.00 -73.25 120.15
 890.00 -119.08 130.56
 891.00 -66.48 125.57
 892.00 -59.59 157.72
 893.00 -64.01 -54.93
 894.00 -51.88 -41.56
 895.00 -62.78 -50.81
 896.00 -65.80 -25.07
 897.00 -58.07 -46.30
 898.00 -63.58 -53.83
 899.00 -82.30 -44.70
 900.00 -125.57 -13.10
 901.00 -101.79 -26.90
 902.00 -65.85 -38.39
 903.00 -63.81 -24.07
 904.00 -62.55 -33.79
 905.00 -71.80 -32.37
 906.00 -51.74 -57.71
 907.00 -77.90 -54.72
 908.00  86.52  10.00
 909.00 -91.03  10.00
 910.00 -137.15 -11.59
 911.00 -150.27 130.17
 912.00 -66.16 141.28
 913.00 -83.09 147.34
 914.00 -107.21 136.98
 915.00 -78.76 146.63
 916.00 -135.03 -30.13
 917.00 -48.08 170.74


