 residuo Phi Psi
 669.00 -58.91  83.76
 670.00 -63.71 133.93
 671.00 -143.62 123.36
 672.00 -66.66   2.18
 673.00 -54.10 -16.80
 674.00 -55.97 -34.08
 675.00 -83.36 -39.08
 676.00 -51.44 -47.86
 677.00 -69.97 -47.78
 678.00 -86.90 -28.01
 679.00 -76.04 -35.52
 680.00 -61.89 -10.73
 681.00 -77.65 116.73
 682.00 -64.48 151.50
 683.00 -70.94 145.28
 684.00 -73.97 122.22
 685.00 -75.10 145.98
 686.00 -64.52 134.19
 687.00  88.47 -14.81
 688.00 -82.86   7.05
 689.00 -108.06 138.59
 690.00 -79.15 110.22
 691.00 -77.27  -0.50
 692.00 -59.82 -48.22
 693.00 -61.15 135.53
 694.00 -89.62 156.85
 695.00 -123.46 133.62
 696.00 -50.78 141.99
 697.00 -63.29 -57.93
 698.00 -90.76 -30.08
 699.00 -60.31 -28.58
 700.00 -60.90 -50.43
 701.00 -62.53 -45.36
 702.00 -63.99 -41.71
 703.00 -63.09 -37.30
 704.00 -62.03 -47.14
 705.00 -66.95 -46.03
 706.00 -68.85 -32.76
 707.00 -51.96 -37.43
 708.00 -53.87 -49.18
 709.00 -61.69 -53.59
 710.00 -67.88 -41.95
 711.00 -67.27 -36.32
 712.00 -66.80 -34.36
 713.00 -75.06 -40.13
 714.00 -68.03 -24.99
 715.00 -56.15 -45.46
 716.00 -68.11 -53.70
 717.00 -67.61 -27.91
 718.00 -49.97 -53.90
 719.00 -40.77 -43.30
 720.00 -72.45 -51.95
 721.00 -55.81 -15.58
 722.00 -54.30 130.43
 723.00  68.99 146.52
 724.00 -64.28  -5.81
 725.00 -69.57 -25.30
 726.00 -68.03  -7.27
 727.00 -77.84 -26.40
 728.00 -75.46 151.79
 729.00 -60.51 155.42
 730.00 -76.60 -33.67
 731.00 -88.64 -20.43
 732.00 -46.98 -41.03
 733.00 -62.88 -52.39
 734.00 -60.33 -38.85
 735.00 -64.96 -56.95
 736.00 -60.72 -23.93
 737.00 -59.57 -57.44
 738.00 -104.41 -16.14
 739.00 -74.13 -35.89
 740.00 -43.87 -24.59
 741.00 -69.38 -48.61
 742.00 -53.43 -62.86
 743.00 -59.58 -42.25
 744.00 -71.89 -51.17
 745.00 -65.65 -40.10
 746.00 -56.47 -45.50
 747.00 -62.18 -43.52
 748.00 -53.09 -43.51
 749.00 -62.52 -57.51
 750.00 -71.92 -32.96
 751.00 -55.34 -45.09
 752.00 -60.35 -41.56
 753.00 -66.70 -41.74
 754.00 -64.64 -53.96
 755.00 -100.05 -34.85
 756.00 -131.08 -42.20
 757.00  54.14  33.76
 758.00  61.06  38.99
 759.00 -95.18   6.61
 760.00 -61.28 -62.69
 761.00 -105.16 156.94
 762.00 -104.68 128.16
 763.00 -64.21  66.09
 764.00 -153.04 -44.01
 765.00 -61.60 157.86
 766.00 -89.11 -20.87
 767.00 -65.90 -59.08
 768.00 -80.64  49.54
 769.00 -108.28 130.79
 770.00 -83.94 109.10
 771.00 -58.37 163.85
 772.00 -56.93 -26.80
 773.00 -64.81 -52.87
 774.00 -74.13 -13.02
 775.00 -62.68 -44.53
 776.00 -69.80 -48.03
 777.00 -76.94 -21.06
 778.00  62.85 -24.40
 779.00 -157.12  52.21
 780.00 -66.07  53.88
 781.00 -59.89 -41.60
 782.00 -64.21 -46.60
 783.00 -70.37 -30.73
 784.00 -61.92 -45.38
 785.00 -68.01 -33.73
 786.00 -62.27 -43.01
 787.00 -69.88 -31.72
 788.00 -59.80 -49.34
 789.00 -53.53 -47.37
 790.00 -66.34 -49.20
 791.00 -64.73 -33.66
 792.00 -78.26 -23.35
 793.00 -53.53 -38.44
 794.00 -48.62 -47.62
 795.00 -71.15 -50.26
 796.00 -79.26 -36.27
 797.00  61.46 -25.67
 798.00 -71.03  63.75
 799.00 -84.92 130.86
 800.00 -59.78 155.14
 801.00 -60.86 -28.66
 802.00 -68.72 -41.77
 803.00 -53.47 -49.89
 804.00 -65.50 -50.24
 805.00 -71.77 -33.70
 806.00 -70.41 -42.08
 807.00 -62.65 -30.83
 808.00 -52.07 -49.68
 809.00 -74.67 -33.28
 810.00 -79.21 -17.89
 811.00 -63.09 -13.08
 812.00 -107.34 -36.03
 813.00 -142.52  45.74
 814.00 -159.12  15.10
 815.00 -149.68 131.44
 816.00 -57.44 163.85
 817.00 -69.01 152.32
 818.00 -84.01 -31.93
 819.00  93.37  -7.10
 820.00 -68.29 170.02
 821.00 -43.88 159.88
 822.00 -136.90 -33.36
 823.00 -42.49  72.41
 824.00 -61.29 -30.66
 825.00 -77.57 -28.65
 826.00 -67.13 -27.65
 827.00 -62.64 -48.99
 828.00 -64.22 -32.91
 829.00 -58.79 -52.36
 830.00 -64.35 -43.84
 831.00 -63.64 -38.17
 832.00 -66.99 -31.17
 833.00 -76.18 -42.07
 834.00 -86.76  -8.65
 835.00 -71.05 -41.33
 836.00 -76.76 -16.16
 837.00 -67.85 -36.39
 838.00 -59.85 -39.25
 839.00 -80.29 -21.72
 840.00 -133.48 -18.15
 841.00 -59.17  13.99
 842.00 -68.63 138.71
 843.00 -144.68  88.99
 844.00 -73.80 154.22
 845.00 -65.22  86.75
 846.00 -56.35 -15.61
 847.00 -129.95 -27.16
 848.00 -51.24  87.90
 849.00 -50.75 -25.78
 850.00 -68.04 -38.73
 851.00 -78.24 -30.24
 852.00 -55.77 -42.89
 853.00 -60.81 -51.59
 854.00 -60.89 -42.40
 855.00 -78.83 -42.76
 856.00 -61.85 -27.83
 857.00 -53.72 -49.80
 858.00 -68.89 -38.25
 859.00 -71.75 -45.27
 860.00 -74.04 -29.23
 861.00 -64.85 -30.58
 862.00 -58.31 -47.15
 863.00 -65.04 -43.46
 864.00 -64.28 -38.92
 865.00 -80.68 -14.38
 866.00 -65.36 -18.28
 867.00 -62.68 -52.46
 868.00 -82.14 -22.37
 869.00 -70.48 -30.91
 870.00 -64.79 -35.94
 871.00 -66.51 -29.61
 872.00 -74.92 -52.82
 873.00 -54.20 -34.78
 874.00 -47.67 -58.11
 875.00 -71.21 -43.23
 876.00 -65.64 -46.26
 877.00 -70.87 -29.69
 878.00 -67.49 -33.42
 879.00 -70.21 -39.35
 880.00 -68.21 -37.02
 881.00 -73.04 -42.80
 882.00 -105.68 -31.82
 883.00 -48.18   4.46
 884.00 -82.04 -32.03
 885.00 -67.79 -20.43
 886.00 -96.86 -27.76
 887.00  55.58  -2.65
 888.00 -81.90  24.53
 889.00 -99.52 143.41
 890.00 -121.45 143.75
 891.00 -73.23 143.89
 892.00 -69.01 144.17
 893.00 -57.31 -38.57
 894.00 -90.91 -29.94
 895.00 -50.98 -37.40
 896.00 -60.80 -45.33
 897.00 -60.73 -46.17
 898.00 -77.91 -41.77
 899.00 -84.32 -36.37
 900.00 -129.74 -15.77
 901.00 -83.44 -52.01
 902.00 -47.68 -55.74
 903.00 -52.47 -43.97
 904.00 -69.88 -28.94
 905.00 -77.70 -22.58
 906.00 -69.86 -51.55
 907.00 -72.70 -35.83
 908.00  73.47  -5.36
 909.00 -70.41  16.27
 910.00 -124.53 -21.87
 911.00 -123.16 138.91
 912.00 -77.57 143.89
 913.00 -77.18 140.00
 914.00 -133.43 142.69
 915.00 -67.30 146.00
 916.00 -129.96 -32.83
 917.00 -69.82 -179.17


