 residuo Phi Psi
 669.00 -68.12 -62.99
 670.00 -59.15 154.00
 671.00 -56.00 152.26
 672.00 -62.80 -53.43
 673.00 -70.17 -23.43
 674.00 -76.43 -31.40
 675.00 -58.57 -28.37
 676.00 -55.06 -61.76
 677.00 -60.75 -49.74
 678.00 -78.01 -25.07
 679.00 -55.96 -46.57
 680.00 -56.72 -29.31
 681.00 -55.31 100.77
 682.00 -66.68 165.20
 683.00 -55.04 137.59
 684.00 -126.85 147.78
 685.00 -77.39 130.97
 686.00 -74.25 140.54
 687.00  88.11 -13.49
 688.00 -67.00  10.33
 689.00 -129.19 158.34
 690.00 -64.17  97.25
 691.00 -71.15  -3.31
 692.00 -71.92 -42.86
 693.00 -44.93 140.14
 694.00 -67.90 142.06
 695.00 -145.03 149.12
 696.00 -44.86 144.90
 697.00 -63.72 -62.24
 698.00 -73.16 -34.12
 699.00 -54.84 -45.53
 700.00 -70.68 -47.97
 701.00 -62.86 -33.13
 702.00 -68.20 -36.57
 703.00 -69.84 -33.62
 704.00 -75.66 -31.77
 705.00 -40.43 -47.08
 706.00 -55.07 -56.49
 707.00 -54.61 -47.51
 708.00 -60.10 -44.22
 709.00 -68.79 -49.20
 710.00 -66.02 -29.99
 711.00 -53.94 -50.21
 712.00 -69.99 -33.78
 713.00 -72.08 -39.84
 714.00 -66.83 -36.00
 715.00 -75.62 -33.16
 716.00 -50.62 -43.06
 717.00 -56.63 -50.81
 718.00 -67.28 -45.32
 719.00 -56.81 -32.51
 720.00 -138.15  -5.94
 721.00 -89.07   3.28
 722.00 -58.27 122.19
 723.00  66.34 150.79
 724.00 -64.64  -1.60
 725.00 -66.68 -41.41
 726.00 -67.37  -0.73
 727.00 -81.19 -22.80
 728.00 -53.85 134.23
 729.00 -49.81 143.57
 730.00 -68.71 -32.35
 731.00 -68.41 -39.49
 732.00 -63.22 -27.35
 733.00 -65.17 -56.47
 734.00 -50.99 -32.35
 735.00 -72.09 -58.16
 736.00 -64.97 -30.32
 737.00 -82.12 -28.67
 738.00 -67.36 -49.53
 739.00 -89.92 -22.42
 740.00 -65.50 -23.61
 741.00 -61.94 -44.02
 742.00 -62.52 -46.82
 743.00 -67.13 -37.01
 744.00 -55.98 -41.68
 745.00 -68.94 -56.76
 746.00 -51.79 -38.80
 747.00 -80.91 -47.62
 748.00 -62.35 -28.63
 749.00 -56.63 -37.35
 750.00 -61.22 -52.14
 751.00 -52.68 -53.34
 752.00 -85.49 -34.22
 753.00 -68.34 -23.08
 754.00 -83.69 -43.54
 755.00 -58.48 -67.55
 756.00 -130.83 -37.20
 757.00  51.71  20.72
 758.00  55.61  44.97
 759.00 -77.00  -7.23
 760.00 -129.14 -21.50
 761.00 -96.77 159.23
 762.00 -91.15 105.88
 763.00 -56.79  59.82
 764.00 -126.69 -58.42
 765.00 -76.32 171.93
 766.00 -79.33 -27.26
 767.00 -73.35 -50.42
 768.00 -103.08  65.78
 769.00 -101.17 121.23
 770.00 -90.92 119.50
 771.00 -57.60 -175.23
 772.00 -65.65 -34.50
 773.00 -64.99 -38.63
 774.00 -49.86 -35.00
 775.00 -49.04 -53.20
 776.00 -60.17 -60.99
 777.00 -77.52 -35.41
 778.00  57.96  -0.01
 779.00 -69.01  -9.83
 780.00 -43.57  15.32
 781.00 -73.78 -59.39
 782.00 -67.83 -31.49
 783.00 -61.73 -37.39
 784.00 -49.39 -49.81
 785.00 -62.28 -48.43
 786.00 -66.94 -39.58
 787.00 -61.85 -34.93
 788.00 -67.52 -49.93
 789.00 -78.44 -31.36
 790.00 -76.70 -27.89
 791.00 -57.06 -31.76
 792.00 -61.88 -28.76
 793.00 -62.94 -38.89
 794.00 -74.15 -32.73
 795.00 -72.52 -31.52
 796.00 -67.83 -55.33
 797.00  52.15 -22.68
 798.00 -67.90  61.14
 799.00 -93.65 138.08
 800.00 -54.62 151.40
 801.00 -73.93 -27.93
 802.00 -63.09 -41.99
 803.00 -42.32 -54.85
 804.00 -58.33 -48.31
 805.00 -74.60 -39.43
 806.00 -67.22 -40.14
 807.00 -66.56 -35.91
 808.00 -79.66 -25.28
 809.00 -50.88 -47.90
 810.00 -71.67 -39.05
 811.00 -68.48 -20.87
 812.00 -103.98 -28.98
 813.00 -149.76  45.59
 814.00 -158.90  21.58
 815.00 -131.35 112.41
 816.00 -63.54 157.19
 817.00 -74.10 145.67
 818.00 -79.99 -34.72
 819.00  90.23   1.22
 820.00 -71.76 153.66
 821.00 -61.11 164.82
 822.00 -83.27 -51.87
 823.00 -55.27  46.17
 824.00 -77.70 -33.82
 825.00 -57.82 -45.13
 826.00 -62.83 -34.08
 827.00 -65.87 -48.19
 828.00 -63.45 -36.06
 829.00 -80.30 -37.94
 830.00 -70.75 -22.56
 831.00 -75.23 -40.78
 832.00 -53.85 -29.66
 833.00 -66.06 -61.43
 834.00 -61.89 -18.94
 835.00 -69.89 -51.37
 836.00 -70.96 -31.36
 837.00 -77.79 -24.61
 838.00 -52.89 -56.05
 839.00 -78.75 -25.99
 840.00 -119.69 -27.15
 841.00 -42.48   0.15
 842.00 -87.24 153.84
 843.00 -141.00  76.91
 844.00 -75.91 137.97
 845.00 -57.08  75.31
 846.00 -56.20 -25.66
 847.00 -91.74 -30.37
 848.00 -78.82 171.94
 849.00 -147.27 -19.06
 850.00 -65.52   5.48
 851.00 -76.69 -46.20
 852.00 -71.20 -34.55
 853.00 -64.50 -37.66
 854.00 -61.58 -48.38
 855.00 -62.06 -44.18
 856.00 -68.87 -32.37
 857.00 -58.75 -57.03
 858.00 -64.59 -35.18
 859.00 -63.24 -48.08
 860.00 -60.08 -35.86
 861.00 -65.12 -33.57
 862.00 -55.41 -52.71
 863.00 -71.10 -30.82
 864.00 -89.07 -24.06
 865.00 -50.20 -34.19
 866.00 -59.59 -35.20
 867.00 -66.25 -59.29
 868.00 -59.05 -38.50
 869.00 -62.31 -47.79
 870.00 -56.68 -44.00
 871.00 -78.43 -31.24
 872.00 -74.87 -32.40
 873.00 -49.88 -37.06
 874.00 -57.56 -55.11
 875.00 -66.99 -39.01
 876.00 -70.30 -48.12
 877.00 -77.14 -26.71
 878.00 -64.09 -47.23
 879.00 -57.87 -36.19
 880.00 -56.50 -50.26
 881.00 -68.66 -40.17
 882.00 -79.16 -43.63
 883.00 -61.86  -0.99
 884.00 -59.18 -34.81
 885.00 -67.19 -52.49
 886.00 -100.11 -26.12
 887.00  66.37  -1.30
 888.00 -98.48  40.59
 889.00 -102.09 138.39
 890.00 -121.96 140.23
 891.00 -52.41 136.48
 892.00 -50.76 132.13
 893.00 -77.06 -43.97
 894.00 -77.98 -20.83
 895.00 -69.08 -45.78
 896.00 -65.46 -20.97
 897.00 -47.30 -63.19
 898.00 -75.16 -45.02
 899.00 -70.42 -25.14
 900.00 -125.11 -34.97
 901.00 -101.79 -30.86
 902.00 -52.47 -51.01
 903.00 -55.80 -45.03
 904.00 -58.58 -35.49
 905.00 -91.60 -18.83
 906.00 -68.11 -54.16
 907.00 -73.75 -33.70
 908.00  68.02  12.91
 909.00 -65.63  -5.85
 910.00 -118.51 -14.52
 911.00 -128.18 139.36
 912.00 -64.77 135.44
 913.00 -87.27 144.12
 914.00 -66.62  85.44
 915.00 -74.24 124.30
 916.00 -96.43 -32.39
 917.00 -142.35 132.42


