 residuo Phi Psi
 669.00 -53.05 113.63
 670.00 -67.09 151.13
 671.00 -151.68 152.89
 672.00 -63.30 -12.12
 673.00 -83.69 -39.25
 674.00 -67.38 -18.17
 675.00 -65.92 -33.28
 676.00 -59.78 -47.42
 677.00 -75.72 -34.94
 678.00 -68.79 -26.93
 679.00 -90.85 -38.17
 680.00 -68.47 -14.67
 681.00 -73.14 125.16
 682.00 -74.69 168.21
 683.00 -65.26 178.71
 684.00 -134.07 154.23
 685.00 -71.54 118.06
 686.00 -90.02 161.88
 687.00  81.42 -16.45
 688.00 -93.85  34.24
 689.00 -114.44 157.23
 690.00 -92.57 126.42
 691.00 -78.22 -17.06
 692.00 -83.11  -6.46
 693.00 -65.94 144.66
 694.00 -76.11 161.36
 695.00 -132.28 130.56
 696.00 -57.90 142.08
 697.00 -61.84 -35.86
 698.00 -80.54 -37.00
 699.00 -67.34 -39.69
 700.00 -62.61 -53.14
 701.00 -47.68 -48.59
 702.00 -87.41 -35.79
 703.00 -60.93 -28.27
 704.00 -44.78 -55.12
 705.00 -71.91 -49.14
 706.00 -64.57 -35.44
 707.00 -47.83 -51.67
 708.00 -66.62 -36.64
 709.00 -71.09 -47.05
 710.00 -55.52 -44.68
 711.00 -62.78 -40.60
 712.00 -78.53 -36.53
 713.00 -71.37 -25.98
 714.00 -70.76 -29.26
 715.00 -58.29 -49.39
 716.00 -60.24 -36.45
 717.00 -59.07 -52.11
 718.00 -69.15 -47.70
 719.00 -71.21 -24.46
 720.00 -87.95 -36.91
 721.00 -56.07 -15.81
 722.00 -62.56 132.56
 723.00  66.86 137.25
 724.00 -68.13  -1.40
 725.00 -56.64 -24.07
 726.00 -72.52 -24.22
 727.00 -64.61 -24.72
 728.00 -64.00 128.29
 729.00 -53.38 149.77
 730.00 -62.80 -39.29
 731.00 -88.67 -31.03
 732.00 -55.43 -31.13
 733.00 -61.87 -45.35
 734.00 -85.07 -13.98
 735.00 -59.86 -63.59
 736.00 -62.61 -35.84
 737.00 -70.75 -43.03
 738.00 -80.87 -28.43
 739.00 -65.54 -45.48
 740.00 -52.28 -24.19
 741.00 -70.69 -36.67
 742.00 -54.63 -71.00
 743.00 -64.48 -39.78
 744.00 -79.22 -46.49
 745.00 -75.39 -20.97
 746.00 -67.59 -40.51
 747.00 -69.69 -36.06
 748.00 -63.36 -40.30
 749.00 -67.19 -36.95
 750.00 -72.35 -38.26
 751.00 -54.46 -48.52
 752.00 -64.95 -37.81
 753.00 -62.03 -38.42
 754.00 -65.09 -54.57
 755.00 -113.82 -29.22
 756.00 -148.59 -22.20
 757.00  57.43  18.98
 758.00  71.03  34.59
 759.00 -86.24   4.09
 760.00 -96.38 -45.87
 761.00 -81.17 147.47
 762.00 -92.26 114.64
 763.00 -76.24  77.05
 764.00 -144.62 -43.42
 765.00 -62.92 176.05
 766.00 -85.93 -37.59
 767.00 -139.36  -3.75
 768.00 -78.61  50.78
 769.00 -59.87 101.30
 770.00 -74.40  98.27
 771.00 -78.76 -175.67
 772.00 -72.06 -23.28
 773.00 -70.37 -33.86
 774.00 -69.59 -23.10
 775.00 -62.98 -40.72
 776.00 -87.07 -38.09
 777.00 -96.83  23.72
 778.00  50.06 -24.93
 779.00 -130.99  11.29
 780.00 -64.72  45.70
 781.00 -57.97 -35.72
 782.00 -73.51 -46.53
 783.00 -61.51 -39.54
 784.00 -53.81 -47.39
 785.00 -53.11 -48.46
 786.00 -71.05 -47.63
 787.00 -67.66 -34.85
 788.00 -69.59 -31.46
 789.00 -69.72 -31.13
 790.00 -69.40 -38.08
 791.00 -56.29 -38.15
 792.00 -59.81 -24.15
 793.00 -62.87 -46.57
 794.00 -88.85 -21.79
 795.00 -77.72 -25.97
 796.00 -72.04 -49.29
 797.00  60.41 -29.03
 798.00 -54.80  73.13
 799.00 -89.23 133.19
 800.00 -53.89 155.93
 801.00 -44.84 -40.89
 802.00 -78.41 -47.66
 803.00 -61.13 -31.15
 804.00 -63.36 -44.36
 805.00 -77.34 -39.18
 806.00 -52.84 -44.36
 807.00 -69.92 -39.02
 808.00 -51.34 -40.74
 809.00 -57.45 -49.79
 810.00 -74.57 -28.51
 811.00 -85.00 -20.39
 812.00 -120.24  -5.15
 813.00 -137.80  35.91
 814.00 -154.96  -3.16
 815.00 -148.42 124.96
 816.00 -71.40 166.83
 817.00 -59.71 156.43
 818.00 -101.85 -24.24
 819.00  74.26  12.69
 820.00 -67.13 174.22
 821.00 -53.16 152.97
 822.00 -90.52 -36.94
 823.00 -63.00  31.16
 824.00 -66.62 -24.19
 825.00 -65.74 -45.91
 826.00 -60.53 -37.17
 827.00 -64.16 -59.27
 828.00 -76.92 -26.25
 829.00 -57.73 -50.94
 830.00 -55.56 -45.23
 831.00 -65.89 -43.45
 832.00 -65.80 -37.19
 833.00 -70.33 -46.47
 834.00 -65.79 -33.58
 835.00 -66.45 -44.92
 836.00 -59.25 -40.36
 837.00 -64.42 -30.18
 838.00 -62.76 -52.25
 839.00 -72.50 -16.16
 840.00 -131.66 -21.10
 841.00 -70.62  13.02
 842.00 -71.31 139.39
 843.00 -148.59  99.97
 844.00 -78.77 170.58
 845.00 -61.23 116.84
 846.00 -96.80 -24.92
 847.00 -112.73 -26.83
 848.00 -67.46  75.56
 849.00 -61.78   2.35
 850.00 -59.10 -35.16
 851.00 -61.46 -47.99
 852.00 -66.19 -39.30
 853.00 -62.25 -37.39
 854.00 -67.27 -48.98
 855.00 -58.28 -46.38
 856.00 -55.44 -45.78
 857.00 -81.28 -39.64
 858.00 -77.96 -24.29
 859.00 -68.99 -40.85
 860.00 -67.70 -30.38
 861.00 -60.72 -43.22
 862.00 -65.79 -41.72
 863.00 -69.09 -37.39
 864.00 -76.23 -20.88
 865.00 -69.85  -8.95
 866.00 -64.72 -44.92
 867.00 -63.06 -37.32
 868.00 -80.14 -39.04
 869.00 -65.32 -30.03
 870.00 -62.81 -42.46
 871.00 -60.19 -48.67
 872.00 -67.54 -45.97
 873.00 -57.36 -38.77
 874.00 -72.64 -41.49
 875.00 -69.05 -32.35
 876.00 -63.46 -56.66
 877.00 -78.45 -27.11
 878.00 -63.98 -28.25
 879.00 -95.22 -20.73
 880.00 -50.50 -51.05
 881.00 -49.24 -46.53
 882.00 -137.63 -13.14
 883.00 -61.74  15.23
 884.00 -53.01 -53.11
 885.00 -86.24 -19.24
 886.00 -81.46 -44.13
 887.00  56.92  18.16
 888.00 -108.89  33.06
 889.00 -72.43 109.66
 890.00 -130.35 146.15
 891.00 -66.54 147.61
 892.00 -72.06 151.17
 893.00 -61.77 -40.72
 894.00 -72.03 -36.94
 895.00 -49.44 -44.80
 896.00 -58.31 -44.01
 897.00 -59.78 -48.13
 898.00 -68.94 -49.60
 899.00 -88.08 -38.75
 900.00 -134.42 -15.17
 901.00 -92.59 -28.33
 902.00 -56.88 -49.98
 903.00 -67.98 -44.59
 904.00 -73.10 -11.39
 905.00 -85.76 -28.76
 906.00 -75.81 -29.86
 907.00 -67.82 -45.63
 908.00  98.66 -22.00
 909.00 -57.25   1.07
 910.00 -137.20 -12.02
 911.00 -148.77 145.75
 912.00 -76.59 142.35
 913.00 -67.16 145.46
 914.00 -80.22 116.45
 915.00 -80.91 141.76
 916.00 -134.14 -24.65
 917.00 -147.86 141.72


