 residuo Phi Psi
 669.00 -83.70 145.79
 670.00 -57.33 127.10
 671.00 -129.58 140.01
 672.00 -60.25 -17.29
 673.00 -70.15 -44.83
 674.00 -70.35 -29.66
 675.00 -81.05 -25.88
 676.00 -56.11 -37.87
 677.00 -65.35 -40.96
 678.00 -77.67 -41.28
 679.00 -89.81 -22.02
 680.00 -66.61 -15.60
 681.00 -77.08 114.57
 682.00 -66.80 154.27
 683.00 -64.69 178.15
 684.00 -129.81 147.07
 685.00 -83.94 127.06
 686.00 -84.49 147.83
 687.00  65.83  13.01
 688.00 -72.34   6.67
 689.00 -140.08 163.53
 690.00 -63.11 142.56
 691.00 -88.93  -9.70
 692.00 -83.93   0.04
 693.00 -54.80 154.41
 694.00 -103.22 152.94
 695.00 -77.23  53.91
 696.00 -50.72 153.26
 697.00 -65.20 -43.41
 698.00 -71.87 -45.91
 699.00 -56.89 -47.40
 700.00 -90.92 -34.52
 701.00 -58.13 -29.36
 702.00 -67.85 -41.16
 703.00 -66.46 -33.75
 704.00 -60.45 -42.52
 705.00 -77.05 -31.21
 706.00 -54.06 -43.19
 707.00 -73.69 -31.50
 708.00 -62.65 -41.03
 709.00 -66.57 -42.23
 710.00 -56.84 -49.67
 711.00 -52.01 -46.64
 712.00 -67.92 -50.70
 713.00 -76.61 -26.56
 714.00 -75.40 -32.84
 715.00 -54.03 -44.21
 716.00 -83.87 -29.39
 717.00 -65.86 -39.61
 718.00 -71.95 -43.27
 719.00 -48.09 -38.14
 720.00 -73.32 -38.52
 721.00 -65.43  -2.61
 722.00 -65.73 141.23
 723.00  58.48 137.35
 724.00 -77.23  15.39
 725.00 -73.39 -25.83
 726.00 -73.70  12.72
 727.00 -76.86 -21.48
 728.00 -69.05 149.95
 729.00 -59.80 143.15
 730.00 -83.35 -28.84
 731.00 -82.05 -17.77
 732.00 -67.48 -37.61
 733.00 -64.40 -43.31
 734.00 -72.24 -34.03
 735.00 -70.42 -44.68
 736.00 -44.96 -40.77
 737.00 -79.46 -44.02
 738.00 -77.74 -44.44
 739.00 -73.63 -28.61
 740.00 -61.47  -7.09
 741.00 -64.63 -43.64
 742.00 -68.95 -49.26
 743.00 -59.59 -50.21
 744.00 -69.88 -49.89
 745.00 -69.34 -26.36
 746.00 -52.42 -50.39
 747.00 -62.44 -45.57
 748.00 -54.93 -48.23
 749.00 -76.94 -32.45
 750.00 -59.56 -34.11
 751.00 -56.83 -49.34
 752.00 -80.27 -37.58
 753.00 -66.05 -33.19
 754.00 -70.80 -56.56
 755.00 -87.05 -32.67
 756.00 -116.31 -62.49
 757.00  50.50  27.63
 758.00  61.06  46.11
 759.00 -49.90 -21.48
 760.00 -121.48 -41.09
 761.00 -97.91 155.48
 762.00 -84.68 111.27
 763.00 -50.28  65.24
 764.00 -148.81 -58.20
 765.00 -64.65 159.15
 766.00 -72.22 -32.43
 767.00 -116.71 -38.74
 768.00 -79.57  80.08
 769.00 -93.84 139.15
 770.00 -61.01  86.51
 771.00 -62.09 161.41
 772.00 -63.26 -27.88
 773.00 -65.08 -43.15
 774.00 -72.30 -29.77
 775.00 -86.22 -20.35
 776.00 -60.20 -51.12
 777.00 -68.48 -36.18
 778.00  58.54  -7.66
 779.00 -134.72  38.06
 780.00 -70.01  40.71
 781.00 -35.35 -58.15
 782.00 -61.78 -50.61
 783.00 -62.69 -48.85
 784.00 -64.48 -35.97
 785.00 -53.68 -44.94
 786.00 -73.49 -43.51
 787.00 -60.68 -39.43
 788.00 -68.00 -37.25
 789.00 -74.16 -25.82
 790.00 -63.85 -32.05
 791.00 -57.58 -41.98
 792.00 -56.36 -43.76
 793.00 -58.56 -38.92
 794.00 -63.26 -51.39
 795.00 -64.28 -30.88
 796.00 -73.89 -56.00
 797.00  64.12 -20.11
 798.00 -60.58  52.75
 799.00 -86.42 140.13
 800.00 -54.75 159.22
 801.00 -58.25 -47.95
 802.00 -75.32 -36.91
 803.00 -60.08 -43.48
 804.00 -52.24 -45.64
 805.00 -67.42 -49.90
 806.00 -58.54 -44.91
 807.00 -57.33 -46.21
 808.00 -68.22 -40.41
 809.00 -85.81 -20.13
 810.00 -55.23 -33.79
 811.00 -52.91 -34.92
 812.00 -101.00 -27.37
 813.00 -93.51   7.27
 814.00 -163.67  11.47
 815.00 -139.71 128.14
 816.00 -74.99 170.95
 817.00 -63.91 157.29
 818.00 -55.21 -31.81
 819.00  81.14 -26.37
 820.00 -94.18 179.66
 821.00 -71.34 158.27
 822.00 -122.71 -29.23
 823.00 -73.62  57.17
 824.00 -60.29 -23.67
 825.00 -77.43 -40.55
 826.00 -67.04 -25.75
 827.00 -47.43 -53.25
 828.00 -55.41 -46.83
 829.00 -65.92 -48.62
 830.00 -60.56 -44.70
 831.00 -53.76 -53.61
 832.00 -51.52 -46.38
 833.00 -70.60 -53.65
 834.00 -70.46 -23.54
 835.00 -76.95 -45.86
 836.00 -66.91 -32.93
 837.00 -70.03 -29.93
 838.00 -59.09 -46.33
 839.00 -67.83 -31.09
 840.00 -120.28 -27.13
 841.00 -69.25  12.99
 842.00 -80.70 139.12
 843.00 -134.42  88.12
 844.00 -76.80 149.21
 845.00 -63.00  85.32
 846.00 -62.37 -21.03
 847.00 -126.26 -11.40
 848.00 -59.55  90.67
 849.00 -66.72 -23.68
 850.00 -61.36 -31.62
 851.00 -51.56 -51.75
 852.00 -58.58 -45.79
 853.00 -69.18 -42.61
 854.00 -57.43 -45.05
 855.00 -60.43 -34.16
 856.00 -62.76 -44.67
 857.00 -54.07 -38.15
 858.00 -70.41 -46.57
 859.00 -58.56 -47.83
 860.00 -65.28 -32.49
 861.00 -65.40 -47.72
 862.00 -62.90 -39.27
 863.00 -64.91 -42.77
 864.00 -62.02 -34.40
 865.00 -60.35 -23.03
 866.00 -64.65 -40.71
 867.00 -61.44 -42.77
 868.00 -72.90 -34.76
 869.00 -65.10 -37.45
 870.00 -55.66 -43.93
 871.00 -56.59 -55.81
 872.00 -76.05 -41.73
 873.00 -54.82 -32.26
 874.00 -58.13 -54.51
 875.00 -64.91 -37.37
 876.00 -77.21 -43.28
 877.00 -74.08 -29.05
 878.00 -63.40 -41.75
 879.00 -53.95 -33.36
 880.00 -61.60 -54.97
 881.00 -71.44 -31.80
 882.00 -104.08 -23.25
 883.00 -57.69  14.56
 884.00 -68.47 -38.70
 885.00 -101.68 -24.03
 886.00 -70.27 -35.54
 887.00  58.40 -11.93
 888.00 -90.28  32.76
 889.00 -91.76 137.97
 890.00 -111.46 127.97
 891.00 -57.14 121.80
 892.00 -60.08 140.01
 893.00 -66.09 -35.98
 894.00 -77.55 -34.71
 895.00 -70.09 -35.93
 896.00 -62.20 -22.98
 897.00 -57.30 -51.98
 898.00 -68.83 -45.36
 899.00 -95.00 -37.48
 900.00 -111.80 -19.34
 901.00 -89.60 -48.18
 902.00 -38.06 -54.99
 903.00 -48.81 -43.94
 904.00 -65.51 -38.88
 905.00 -73.33 -36.02
 906.00 -78.52 -41.17
 907.00 -49.04 -40.62
 908.00  91.94 -38.21
 909.00 -59.72   5.94
 910.00 -117.44 -22.68
 911.00 -151.20 139.69
 912.00 -63.63 151.27
 913.00 -108.00 167.37
 914.00 -118.78 132.24
 915.00 -76.81 133.88
 916.00 -108.74 -28.35
 917.00 -67.98 164.91


