 residuo Phi Psi
 669.00 -55.95 170.59
 670.00 -64.49 157.89
 671.00 -130.42 112.40
 672.00 -49.98 -37.29
 673.00 -64.09 -53.19
 674.00 -74.94 -30.32
 675.00 -48.48 -38.37
 676.00 -57.56 -67.26
 677.00 -67.79 -30.86
 678.00 -73.14 -41.29
 679.00 -75.44 -35.55
 680.00 -57.24 -16.75
 681.00 -71.15 120.22
 682.00 -80.15 150.64
 683.00 -63.64 -166.41
 684.00 -141.12 138.99
 685.00 -104.54 126.82
 686.00 -64.28 150.55
 687.00  92.42 -39.29
 688.00 -81.83  13.67
 689.00 -75.60 112.85
 690.00 -66.04  90.11
 691.00 -59.28 -21.31
 692.00 -93.86 -15.37
 693.00 -49.10 154.40
 694.00 -67.12 135.52
 695.00 -147.82 141.40
 696.00 -57.17 158.85
 697.00 -72.81 -63.68
 698.00 -56.43 -31.00
 699.00 -61.27 -52.77
 700.00 -63.26 -47.54
 701.00 -65.90 -43.73
 702.00 -58.73 -33.43
 703.00 -54.14 -50.59
 704.00 -54.67 -54.03
 705.00 -59.82 -51.53
 706.00 -64.40 -42.58
 707.00 -47.33 -35.05
 708.00 -75.11 -41.79
 709.00 -68.42 -35.11
 710.00 -68.44 -40.17
 711.00 -66.29 -42.28
 712.00 -45.43 -43.31
 713.00 -72.18 -51.13
 714.00 -61.84 -41.72
 715.00 -73.98 -43.35
 716.00 -56.60 -29.77
 717.00 -68.01 -46.01
 718.00 -64.39 -37.51
 719.00 -64.93 -35.42
 720.00 -122.29  -8.39
 721.00 -60.49  -1.11
 722.00 -78.45 150.72
 723.00  76.84 144.19
 724.00 -46.07 -36.03
 725.00 -73.18 -34.92
 726.00 -74.46  -5.93
 727.00 -77.47  -0.61
 728.00 -50.26 136.71
 729.00 -56.05 150.55
 730.00 -76.07 -39.92
 731.00 -82.78 -10.31
 732.00 -51.50 -45.72
 733.00 -79.08 -36.77
 734.00 -66.20 -32.44
 735.00 -60.96 -50.83
 736.00 -68.75 -28.88
 737.00 -61.94 -48.15
 738.00 -99.44 -24.66
 739.00 -78.03 -31.78
 740.00 -42.12 -15.08
 741.00 -70.34 -54.16
 742.00 -59.50 -55.58
 743.00 -72.10 -36.10
 744.00 -74.27 -45.99
 745.00 -80.91 -22.45
 746.00 -61.85 -45.11
 747.00 -63.40 -43.42
 748.00 -68.56 -47.35
 749.00 -57.48 -33.85
 750.00 -72.75 -47.60
 751.00 -47.81 -48.20
 752.00 -75.98 -34.50
 753.00 -56.21 -47.30
 754.00 -87.79 -40.40
 755.00 -91.91 -30.42
 756.00 -148.57 -32.02
 757.00  48.05  33.58
 758.00  58.23  32.67
 759.00 -67.60   2.62
 760.00 -120.66 -25.78
 761.00 -81.33 160.94
 762.00 -84.92 111.43
 763.00 -57.94  71.73
 764.00 -146.06 -52.50
 765.00 -63.96 174.61
 766.00 -83.25 -30.59
 767.00 -82.47 -52.19
 768.00 -94.90  70.15
 769.00 -114.90 145.47
 770.00 -71.74 105.15
 771.00 -51.73 174.86
 772.00 -44.12 -39.93
 773.00 -58.02 -62.39
 774.00 -59.85 -26.98
 775.00 -79.05 -37.19
 776.00 -57.12 -42.42
 777.00 -72.36 -46.19
 778.00  50.12   2.54
 779.00 -133.55  35.54
 780.00 -65.93  40.55
 781.00 -72.42 -38.74
 782.00 -56.13 -42.61
 783.00 -68.51 -37.05
 784.00 -68.04 -36.19
 785.00 -56.91 -39.39
 786.00 -69.12 -42.62
 787.00 -68.31 -33.18
 788.00 -69.73 -38.38
 789.00 -74.72 -17.12
 790.00 -57.68 -41.24
 791.00 -63.47 -46.48
 792.00 -58.68 -25.95
 793.00 -52.79 -49.28
 794.00 -61.02 -48.91
 795.00 -50.38 -47.36
 796.00 -70.25 -53.96
 797.00  59.59 -19.41
 798.00 -88.08  68.80
 799.00 -94.91 142.81
 800.00 -45.74 156.11
 801.00 -67.80 -36.32
 802.00 -63.18 -46.60
 803.00 -52.19 -50.54
 804.00 -58.02 -51.20
 805.00 -71.09 -42.84
 806.00 -65.58 -44.22
 807.00 -64.54 -40.09
 808.00 -58.59 -44.03
 809.00 -69.11 -36.06
 810.00 -68.15 -28.34
 811.00 -78.26 -24.03
 812.00 -107.61 -16.47
 813.00 -120.80  44.15
 814.00 -131.01 -22.33
 815.00 -144.88 123.22
 816.00 -88.77 -178.75
 817.00 -67.26 162.81
 818.00 -59.09 -35.52
 819.00  76.38 -22.24
 820.00 -86.45 174.92
 821.00 -61.00 163.66
 822.00 -111.66 -35.81
 823.00 -60.73  40.92
 824.00 -60.33 -37.70
 825.00 -76.92 -23.71
 826.00 -44.25 -52.07
 827.00 -61.84 -54.59
 828.00 -94.99 -19.83
 829.00 -62.62 -42.53
 830.00 -57.07 -39.46
 831.00 -68.26 -45.95
 832.00 -62.43 -38.08
 833.00 -84.74 -33.85
 834.00 -67.90 -21.64
 835.00 -65.61 -49.24
 836.00 -87.00 -17.20
 837.00 -63.06 -27.63
 838.00 -67.25 -36.10
 839.00 -79.66 -22.92
 840.00 -135.89  -9.41
 841.00 -66.28  12.26
 842.00 -68.89 138.96
 843.00 -152.05 103.55
 844.00 -59.87 151.21
 845.00 -52.35 102.46
 846.00 -93.76 -33.62
 847.00 -117.57   4.29
 848.00 -45.46  60.96
 849.00 -61.38 -33.17
 850.00 -46.20 -36.56
 851.00 -48.75 -56.03
 852.00 -51.17 -48.69
 853.00 -70.82 -37.65
 854.00 -58.73 -40.48
 855.00 -50.51 -51.46
 856.00 -61.91 -49.39
 857.00 -59.61 -50.93
 858.00 -69.82 -37.98
 859.00 -72.69 -40.01
 860.00 -67.28 -26.54
 861.00 -68.39 -36.45
 862.00 -68.25 -35.82
 863.00 -71.01 -39.18
 864.00 -62.61 -30.27
 865.00 -62.21 -26.26
 866.00 -54.76 -37.56
 867.00 -80.27 -49.10
 868.00 -67.10 -15.70
 869.00 -58.36 -42.68
 870.00 -51.84 -51.47
 871.00 -51.17 -51.15
 872.00 -93.56 -38.15
 873.00 -64.40 -30.17
 874.00 -65.54 -39.62
 875.00 -49.23 -49.59
 876.00 -69.25 -58.63
 877.00 -64.95 -33.86
 878.00 -57.40 -44.20
 879.00 -71.22 -32.31
 880.00 -64.08 -52.72
 881.00 -63.81 -43.43
 882.00 -141.97  -3.56
 883.00 -59.05  25.25
 884.00 -49.00 -33.99
 885.00 -74.94 -32.55
 886.00 -59.68 -63.90
 887.00  54.38 -19.18
 888.00 -97.18  33.12
 889.00 -90.47 119.03
 890.00 -108.23 130.66
 891.00 -59.95 136.94
 892.00 -62.80 147.77
 893.00 -77.58 -34.23
 894.00 -85.51 -23.99
 895.00 -60.85 -38.04
 896.00 -67.44 -35.49
 897.00 -55.20 -45.29
 898.00 -84.70 -42.38
 899.00 -97.26 -22.15
 900.00 -92.25 -36.58
 901.00 -91.01 -43.99
 902.00 -55.74 -51.07
 903.00 -50.96 -46.24
 904.00 -64.49 -26.37
 905.00 -70.99 -35.69
 906.00 -77.40 -35.60
 907.00 -67.11 -41.77
 908.00  67.39   2.47
 909.00 -72.68   9.35
 910.00 -119.88 -14.79
 911.00 -148.91 136.97
 912.00 -83.05 144.24
 913.00 -98.43 169.00
 914.00 -88.72 117.27
 915.00 -82.50 144.16
 916.00 -114.21 -39.38
 917.00 -90.68 -178.36


