 residuo Phi Psi
 669.00 -149.09 158.64
 670.00 -53.23 154.07
 671.00 -58.17 151.47
 672.00 -58.26 -38.39
 673.00 -81.33 -39.64
 674.00 -71.12 -26.18
 675.00 -68.74 -27.30
 676.00 -47.70 -57.23
 677.00 -62.93 -49.97
 678.00 -74.25 -35.05
 679.00 -85.23 -32.36
 680.00 -75.12  -2.97
 681.00 -61.07 115.13
 682.00 -73.21 155.29
 683.00 -65.61 165.60
 684.00 -124.10 147.30
 685.00 -90.76 137.42
 686.00 -65.31 149.67
 687.00  74.94 -20.39
 688.00 -81.78  27.93
 689.00 -109.69 151.90
 690.00 -71.16  94.24
 691.00 -83.45  -4.14
 692.00 -138.87  21.14
 693.00 -68.80 149.85
 694.00 -65.94 133.19
 695.00 -84.67 116.59
 696.00 -62.45 152.00
 697.00 -72.87 -44.07
 698.00 -70.51 -30.85
 699.00 -51.44 -49.15
 700.00 -65.52 -53.02
 701.00 -77.64 -34.37
 702.00 -64.44 -44.74
 703.00 -76.79 -23.49
 704.00 -63.39 -33.43
 705.00 -60.74 -44.91
 706.00 -67.53 -43.71
 707.00 -61.31 -30.25
 708.00 -61.73 -45.31
 709.00 -62.96 -50.94
 710.00 -66.29 -45.08
 711.00 -65.23 -39.67
 712.00 -45.33 -45.22
 713.00 -78.53 -52.69
 714.00 -60.55 -23.28
 715.00 -60.43 -45.99
 716.00 -68.71 -45.94
 717.00 -69.42 -29.06
 718.00 -67.60 -54.35
 719.00 -67.42 -29.64
 720.00 -101.37 -17.99
 721.00 -65.21 -17.88
 722.00 -51.60 136.19
 723.00  63.49 134.93
 724.00 -65.98  -8.42
 725.00 -69.24 -26.75
 726.00 -61.51 -12.26
 727.00 -82.38 -21.56
 728.00 -66.60 151.76
 729.00 -56.15 143.55
 730.00 -81.74 -22.25
 731.00 -65.22 -30.46
 732.00 -70.04 -34.74
 733.00 -57.56 -51.95
 734.00 -68.17 -28.52
 735.00 -54.27 -64.84
 736.00 -57.03 -44.81
 737.00 -58.24 -57.72
 738.00 -89.94 -34.01
 739.00 -89.77 -27.04
 740.00 -58.20  -9.08
 741.00 -69.81 -43.86
 742.00 -62.12 -32.16
 743.00 -64.99 -50.40
 744.00 -68.86 -41.44
 745.00 -62.49 -46.73
 746.00 -65.24 -34.89
 747.00 -48.94 -60.10
 748.00 -59.30 -38.34
 749.00 -63.31 -54.50
 750.00 -63.28 -32.04
 751.00 -56.99 -52.18
 752.00 -51.44 -43.84
 753.00 -61.98 -47.93
 754.00 -58.59 -67.37
 755.00 -79.84 -45.48
 756.00 -138.83 -41.28
 757.00  53.98  29.57
 758.00  59.02  44.45
 759.00 -70.98   8.01
 760.00 -156.76 -23.24
 761.00 -91.15 159.94
 762.00 -81.79 104.57
 763.00 -58.00  61.55
 764.00 -149.07 -52.02
 765.00 -45.10 155.67
 766.00 -105.09 -32.42
 767.00 -136.47   0.28
 768.00 -95.96  80.43
 769.00 -90.61 123.81
 770.00 -91.59 111.60
 771.00 -65.84 163.87
 772.00 -64.03 -21.74
 773.00 -70.43 -42.09
 774.00 -64.76 -29.37
 775.00 -66.03 -42.35
 776.00 -74.36 -44.48
 777.00 -69.73 -35.22
 778.00  53.56   0.20
 779.00 -98.96  23.70
 780.00 -72.47  11.20
 781.00 -74.72 -26.22
 782.00 -77.86 -30.20
 783.00 -76.79 -34.52
 784.00 -65.95  -3.84
 785.00 -51.21 -63.90
 786.00 -74.57 -39.29
 787.00 -65.96 -27.99
 788.00 -46.55 -53.57
 789.00 -50.50 -53.75
 790.00 -64.84 -47.98
 791.00 -84.14 -32.29
 792.00 -69.64 -21.57
 793.00 -67.63 -34.21
 794.00 -73.60 -36.06
 795.00 -77.07 -32.28
 796.00 -94.13 -21.20
 797.00  56.90 -10.93
 798.00 -60.89  50.02
 799.00 -95.50 143.82
 800.00 -44.97 160.73
 801.00 -54.69 -43.75
 802.00 -67.00 -55.03
 803.00 -57.20 -43.59
 804.00 -67.31 -44.17
 805.00 -85.20 -24.25
 806.00 -72.44 -34.10
 807.00 -69.56 -28.85
 808.00 -75.03 -27.31
 809.00 -67.45 -48.94
 810.00 -64.77 -27.34
 811.00 -61.72 -35.32
 812.00 -70.18 -43.22
 813.00 -110.48  12.30
 814.00 -145.94  18.94
 815.00 -149.63 129.95
 816.00 -75.19 164.00
 817.00 -59.91 147.41
 818.00 -68.53 -25.39
 819.00  73.25 -18.14
 820.00 -60.88 159.15
 821.00 -69.26 158.99
 822.00 -82.96 -59.13
 823.00 -55.80  44.07
 824.00 -67.06 -34.91
 825.00 -81.30 -26.19
 826.00 -69.52 -27.93
 827.00 -53.63 -54.07
 828.00 -64.85 -35.53
 829.00 -71.95 -47.71
 830.00 -56.71 -43.93
 831.00 -71.71 -40.79
 832.00 -62.30 -37.74
 833.00 -76.02 -34.44
 834.00 -66.73 -25.18
 835.00 -67.43 -51.49
 836.00 -79.41 -28.77
 837.00 -67.89 -32.37
 838.00 -53.65 -37.90
 839.00 -78.08 -37.01
 840.00 -144.48  -2.78
 841.00 -75.28  14.47
 842.00 -73.87 150.88
 843.00 -138.00  86.33
 844.00 -69.60 157.87
 845.00 -45.30  99.39
 846.00 -70.40 -46.43
 847.00 -130.73  -3.93
 848.00 -51.05  91.29
 849.00 -54.07 -35.84
 850.00 -49.12 -51.54
 851.00 -79.81 -40.51
 852.00 -73.52 -36.12
 853.00 -54.03 -40.95
 854.00 -59.98 -50.54
 855.00 -57.92 -47.65
 856.00 -60.58 -42.87
 857.00 -63.00 -43.94
 858.00 -64.10 -39.41
 859.00 -82.53 -38.58
 860.00 -67.08 -21.51
 861.00 -71.24 -40.82
 862.00 -68.15 -39.60
 863.00 -58.38 -38.99
 864.00 -68.33 -37.51
 865.00 -75.18 -11.33
 866.00 -67.51 -35.73
 867.00 -58.10 -49.49
 868.00 -73.91 -32.79
 869.00 -65.36 -41.64
 870.00 -66.84 -34.51
 871.00 -71.54 -37.04
 872.00 -85.16 -23.42
 873.00 -70.58 -39.17
 874.00 -62.36 -26.69
 875.00 -63.94 -48.37
 876.00 -80.42 -34.17
 877.00 -69.40 -31.61
 878.00 -59.63 -39.60
 879.00 -97.62 -21.09
 880.00 -60.50 -33.03
 881.00 -58.77 -47.90
 882.00 -110.03 -23.72
 883.00 -57.73  10.92
 884.00 -67.08 -55.41
 885.00 -65.20 -34.39
 886.00 -91.52 -38.32
 887.00  60.85  -6.94
 888.00 -82.72  38.35
 889.00 -86.94 136.06
 890.00 -122.35 121.04
 891.00 -41.94  99.01
 892.00 -67.75 126.77
 893.00 -60.11 -20.59
 894.00 -83.58 -34.72
 895.00 -62.53 -38.67
 896.00 -71.83 -29.08
 897.00 -55.89 -38.82
 898.00 -85.81 -39.36
 899.00 -63.21 -38.37
 900.00 -118.53 -40.14
 901.00 -90.04 -36.95
 902.00 -46.24 -47.10
 903.00 -65.41 -39.42
 904.00 -73.35 -25.38
 905.00 -61.36 -34.59
 906.00 -67.39 -57.14
 907.00 -78.35 -35.53
 908.00  86.00 -11.98
 909.00 -42.83  -8.18
 910.00 -105.37 -34.11
 911.00 -118.39 122.82
 912.00 -75.77 144.68
 913.00 -90.97 144.52
 914.00 -68.22  96.79
 915.00 -83.98 146.30
 916.00 -110.36 -31.85
 917.00 -96.12 108.58


