 residuo Phi Psi
 669.00 -63.35 143.60
 670.00 -60.43 141.75
 671.00 -154.13 154.61
 672.00 -62.59   7.07
 673.00 -85.72 -31.12
 674.00 -64.06 -19.33
 675.00 -68.83 -43.27
 676.00 -76.30 -35.75
 677.00 -92.33 -25.33
 678.00 -79.11 -23.94
 679.00 -78.54 -27.01
 680.00 -70.91  -7.65
 681.00 -71.96 126.84
 682.00 -63.16 156.13
 683.00 -75.92 168.57
 684.00 -82.07 135.87
 685.00 -126.25 136.74
 686.00 -70.25 134.37
 687.00  59.87  -9.02
 688.00 -103.45  40.57
 689.00 -82.82 138.14
 690.00 -99.69 122.79
 691.00 -69.11   3.03
 692.00 -76.20 -37.42
 693.00 -69.09 147.50
 694.00 -64.57 139.54
 695.00 -134.98 149.04
 696.00 -41.08 144.72
 697.00 -79.00 -57.12
 698.00 -61.16 -39.24
 699.00 -52.65 -38.29
 700.00 -64.16 -56.28
 701.00 -60.67 -41.56
 702.00 -76.19 -33.55
 703.00 -64.80 -34.29
 704.00 -65.00 -46.30
 705.00 -43.79 -47.47
 706.00 -76.36 -43.52
 707.00 -60.40 -38.11
 708.00 -65.97 -39.56
 709.00 -58.38 -38.88
 710.00 -59.89 -51.98
 711.00 -58.81 -32.96
 712.00 -59.57 -44.45
 713.00 -52.43 -49.35
 714.00 -73.48 -37.01
 715.00 -54.69 -40.02
 716.00 -51.86 -50.75
 717.00 -63.71 -40.84
 718.00 -72.22 -51.57
 719.00 -62.87 -28.59
 720.00 -86.82 -34.13
 721.00 -59.10 -21.59
 722.00 -64.54 125.12
 723.00  99.76 133.97
 724.00 -61.52 -27.58
 725.00 -65.75 -38.65
 726.00 -69.89  -4.44
 727.00 -88.53  -9.08
 728.00 -77.98 151.15
 729.00 -59.78 149.01
 730.00 -72.39 -24.49
 731.00 -79.37 -31.58
 732.00 -62.08 -28.46
 733.00 -56.96 -45.05
 734.00 -56.81 -46.80
 735.00 -61.86 -53.31
 736.00 -58.18 -35.88
 737.00 -66.67 -55.86
 738.00 -98.17 -14.19
 739.00 -97.41 -21.80
 740.00 -65.73 -12.62
 741.00 -64.79 -39.41
 742.00 -76.71 -37.71
 743.00 -67.77 -30.50
 744.00 -85.57 -46.42
 745.00 -75.93 -18.85
 746.00 -60.13 -46.00
 747.00 -64.94 -45.83
 748.00 -72.70 -26.86
 749.00 -62.32 -38.67
 750.00 -58.99 -47.15
 751.00 -59.02 -48.51
 752.00 -55.10 -44.15
 753.00 -58.71 -54.20
 754.00 -93.06 -33.24
 755.00 -108.53 -19.31
 756.00 -133.35 -45.65
 757.00  46.70  42.77
 758.00  66.25  30.16
 759.00 -66.37 -15.79
 760.00 -89.10 -51.45
 761.00 -88.67 159.55
 762.00 -101.74 119.18
 763.00 -49.31  65.27
 764.00 -149.69 -58.46
 765.00 -56.10 160.20
 766.00 -100.30 -26.94
 767.00 -131.38  -1.89
 768.00 -77.41  39.11
 769.00 -104.01 135.20
 770.00 -74.58 103.55
 771.00 -59.31 178.58
 772.00 -63.46 -38.40
 773.00 -64.34 -41.09
 774.00 -65.44 -34.28
 775.00 -54.95 -45.15
 776.00 -76.92 -41.27
 777.00 -78.37 -39.56
 778.00  40.69  -5.62
 779.00 -115.73  40.28
 780.00 -72.92  39.07
 781.00 -57.94 -57.36
 782.00 -78.65 -21.23
 783.00 -81.23 -31.42
 784.00 -57.23 -37.54
 785.00 -67.61 -48.29
 786.00 -68.18 -38.86
 787.00 -58.18 -34.73
 788.00 -65.68 -45.90
 789.00 -74.40 -21.91
 790.00 -57.75 -42.12
 791.00 -71.52 -26.54
 792.00 -66.47 -22.68
 793.00 -59.48 -35.28
 794.00 -77.86 -45.56
 795.00 -70.01 -27.79
 796.00 -70.74 -35.26
 797.00  48.48 -29.71
 798.00 -53.74  48.33
 799.00 -76.13 127.11
 800.00 -60.28 146.08
 801.00 -64.77 -35.04
 802.00 -65.54 -40.97
 803.00 -61.58 -43.21
 804.00 -65.23 -45.27
 805.00 -62.01 -33.47
 806.00 -57.99 -55.69
 807.00 -55.77 -49.36
 808.00 -54.11 -44.93
 809.00 -73.22 -42.54
 810.00 -65.17 -28.21
 811.00 -78.50 -17.34
 812.00 -107.35 -18.46
 813.00 -142.00  44.98
 814.00 -150.77   1.71
 815.00 -147.05 133.97
 816.00 -67.27 173.05
 817.00 -71.77 156.29
 818.00 -75.46 -30.02
 819.00  76.96  -4.34
 820.00 -88.96 -170.58
 821.00 -68.62 167.27
 822.00 -112.30 -28.40
 823.00 -56.45  42.21
 824.00 -53.47 -24.87
 825.00 -69.71 -64.33
 826.00 -73.08 -19.10
 827.00 -68.36 -43.90
 828.00 -64.40 -34.93
 829.00 -71.27 -51.78
 830.00 -55.57 -41.34
 831.00 -65.14 -45.18
 832.00 -62.73 -36.22
 833.00 -67.12 -49.72
 834.00 -93.97  -6.95
 835.00 -65.74 -40.22
 836.00 -76.24 -34.10
 837.00 -88.93 -14.06
 838.00 -53.72 -45.27
 839.00 -65.11 -33.48
 840.00 -132.06 -20.87
 841.00 -49.38  -4.52
 842.00 -68.49 128.51
 843.00 -171.01 108.17
 844.00 -84.80 176.99
 845.00 -64.87 110.22
 846.00 -79.11 -23.12
 847.00 -120.44 -18.21
 848.00 -45.29  83.11
 849.00 -50.88 -38.07
 850.00 -78.20 -33.91
 851.00 -88.06 -24.87
 852.00 -54.98 -47.20
 853.00 -62.54 -41.72
 854.00 -67.74 -33.72
 855.00 -69.51 -47.84
 856.00 -61.05 -29.55
 857.00 -75.67 -45.64
 858.00 -54.27 -39.76
 859.00 -75.78 -51.15
 860.00 -64.73 -21.72
 861.00 -67.35 -44.34
 862.00 -62.53 -37.42
 863.00 -70.91 -39.76
 864.00 -72.24 -35.22
 865.00 -63.75 -24.89
 866.00 -74.08 -22.26
 867.00 -72.66 -43.54
 868.00 -74.01 -12.76
 869.00 -54.42 -44.25
 870.00 -71.00 -35.98
 871.00 -52.20 -43.80
 872.00 -87.47 -42.19
 873.00 -68.04 -24.07
 874.00 -53.84 -51.12
 875.00 -60.25 -49.70
 876.00 -77.64 -49.98
 877.00 -81.26 -18.34
 878.00 -58.81 -41.73
 879.00 -69.98 -36.50
 880.00 -67.65 -36.05
 881.00 -69.69 -41.88
 882.00 -85.22 -19.18
 883.00 -44.94 -15.32
 884.00 -54.48 -64.65
 885.00 -80.06 -39.09
 886.00 -91.94 -31.55
 887.00  59.04   1.82
 888.00 -81.03  32.89
 889.00 -122.02 149.87
 890.00 -115.16 128.49
 891.00 -55.35 139.98
 892.00 -48.14 127.23
 893.00 -62.87 -47.42
 894.00 -81.80 -28.52
 895.00 -67.00 -40.45
 896.00 -75.14 -21.85
 897.00 -70.13 -52.08
 898.00 -80.62 -31.60
 899.00 -99.97 -20.40
 900.00 -105.73 -22.50
 901.00 -87.08 -44.28
 902.00 -50.64 -58.48
 903.00 -63.73 -48.58
 904.00 -83.89 -13.93
 905.00 -82.04 -17.05
 906.00 -67.48 -42.83
 907.00 -67.77 -30.31
 908.00  82.26 -19.69
 909.00 -80.22  10.49
 910.00 -126.98  -9.80
 911.00 -141.50 135.78
 912.00 -57.26 146.63
 913.00 -70.13 134.84
 914.00 -73.28  92.82
 915.00 -71.78 134.61
 916.00 -130.39 -43.89
 917.00 -72.13 116.56


