 residuo Phi Psi
 669.00 -74.43 126.19
 670.00 -54.23 147.17
 671.00 -66.65 146.70
 672.00 -60.24 -39.81
 673.00 -80.26 -32.63
 674.00 -68.15 -32.24
 675.00 -74.27 -29.41
 676.00 -54.00 -42.14
 677.00 -59.53 -50.21
 678.00 -63.88 -39.12
 679.00 -94.63 -33.42
 680.00 -73.90   4.96
 681.00 -80.94 138.41
 682.00 -67.86 143.46
 683.00 -52.78 157.10
 684.00 -112.86 138.13
 685.00 -75.06 137.75
 686.00 -103.85 162.02
 687.00  88.76  -8.06
 688.00 -59.72  -8.89
 689.00 -107.76 136.46
 690.00 -79.80 112.40
 691.00 -65.62 -24.57
 692.00 -164.46  41.13
 693.00 -52.28 163.16
 694.00 -66.60 132.76
 695.00 -141.82 153.19
 696.00 -41.70 151.62
 697.00 -68.13 -62.28
 698.00 -76.57 -21.99
 699.00 -64.96 -44.93
 700.00 -68.63 -45.10
 701.00 -61.59 -40.04
 702.00 -62.09 -33.43
 703.00 -64.01 -46.15
 704.00 -74.40 -37.55
 705.00 -72.75 -33.17
 706.00 -65.67 -36.38
 707.00 -68.81 -27.33
 708.00 -62.57 -36.60
 709.00 -68.61 -48.26
 710.00 -70.16 -32.67
 711.00 -67.39 -38.67
 712.00 -59.82 -35.04
 713.00 -65.27 -49.82
 714.00 -69.94 -35.71
 715.00 -78.92 -35.09
 716.00 -60.89 -38.58
 717.00 -57.95 -45.88
 718.00 -69.57 -44.32
 719.00 -96.45 -12.16
 720.00 -84.72 -22.50
 721.00 -65.90 -20.00
 722.00 -56.65 125.36
 723.00  66.19 152.42
 724.00 -58.68 -22.91
 725.00 -61.34 -21.78
 726.00 -59.96 -21.81
 727.00 -61.76 -37.09
 728.00 -68.76 155.99
 729.00 -63.65 155.79
 730.00 -49.94 -31.44
 731.00 -62.60 -59.07
 732.00 -55.19 -42.38
 733.00 -58.37 -55.93
 734.00 -66.03 -19.16
 735.00 -58.45 -68.09
 736.00 -54.43 -38.48
 737.00 -68.33 -51.18
 738.00 -79.23 -33.93
 739.00 -81.18 -33.29
 740.00 -58.61 -20.17
 741.00 -77.29 -35.87
 742.00 -55.77 -39.95
 743.00 -63.91 -47.95
 744.00 -61.56 -44.50
 745.00 -75.13 -51.43
 746.00 -60.78 -32.84
 747.00 -81.02 -37.57
 748.00 -69.95 -25.50
 749.00 -56.70 -37.50
 750.00 -52.47 -54.60
 751.00 -65.17 -48.83
 752.00 -63.72 -36.03
 753.00 -58.70 -40.93
 754.00 -59.38 -63.94
 755.00 -92.65 -45.05
 756.00 -134.06 -32.98
 757.00  57.61  12.44
 758.00  64.56  22.84
 759.00 -73.77  14.32
 760.00 -148.43 -16.93
 761.00 -99.51 169.35
 762.00 -103.25 118.21
 763.00 -55.91  71.13
 764.00 -145.67 -48.69
 765.00 -84.49 173.50
 766.00 -87.20 -20.48
 767.00 -94.69 -44.35
 768.00 -102.81  81.27
 769.00 -92.89 131.02
 770.00 -79.04 116.00
 771.00 -58.48 169.56
 772.00 -66.74 -26.83
 773.00 -58.77 -40.85
 774.00 -56.79 -42.27
 775.00 -74.93 -44.14
 776.00 -64.23 -43.57
 777.00 -76.00 -42.05
 778.00  56.07   1.76
 779.00 -155.16  59.17
 780.00 -52.90  16.09
 781.00 -59.50 -42.21
 782.00 -57.76 -46.64
 783.00 -72.29 -40.07
 784.00 -59.94 -47.67
 785.00 -67.32 -26.93
 786.00 -54.19 -61.39
 787.00 -62.05 -30.47
 788.00 -68.24 -48.25
 789.00 -62.45 -29.39
 790.00 -69.88 -48.09
 791.00 -61.50 -35.04
 792.00 -65.88 -28.24
 793.00 -60.34 -32.65
 794.00 -64.69 -47.06
 795.00 -74.34 -41.29
 796.00 -77.87 -42.68
 797.00  53.54 -18.66
 798.00 -74.25  66.16
 799.00 -80.55 136.14
 800.00 -54.60 160.52
 801.00 -57.08 -34.77
 802.00 -68.70 -47.45
 803.00 -57.99 -43.64
 804.00 -68.08 -48.41
 805.00 -64.91 -25.85
 806.00 -74.05 -52.21
 807.00 -77.47 -30.45
 808.00 -75.01 -28.56
 809.00 -72.09 -39.43
 810.00 -71.43 -14.33
 811.00 -73.26 -19.65
 812.00 -109.62 -19.99
 813.00 -116.22  31.56
 814.00 -139.98  -5.68
 815.00 -141.35 139.52
 816.00 -59.90 156.66
 817.00 -50.43 136.66
 818.00 -79.68 -33.84
 819.00  81.13  -3.27
 820.00 -92.03 -179.41
 821.00 -75.85 163.03
 822.00 -104.04 -34.97
 823.00 -50.48  36.94
 824.00 -56.79 -49.76
 825.00 -72.66 -32.63
 826.00 -68.91 -37.33
 827.00 -66.16 -38.21
 828.00 -69.88 -38.35
 829.00 -61.92 -44.20
 830.00 -70.26 -32.31
 831.00 -72.65 -40.52
 832.00 -51.47 -27.90
 833.00 -76.41 -51.98
 834.00 -59.85 -29.15
 835.00 -79.27 -38.70
 836.00 -80.87 -38.99
 837.00 -62.76 -41.45
 838.00 -51.04 -41.47
 839.00 -84.99 -22.77
 840.00 -149.96  -8.39
 841.00 -51.59   3.30
 842.00 -79.40 149.73
 843.00 -145.01  91.43
 844.00 -96.53 175.43
 845.00 -60.31  86.36
 846.00 -61.44 -25.07
 847.00 -132.75 -22.24
 848.00 -54.32  66.93
 849.00 -54.98 -24.15
 850.00 -58.83 -31.30
 851.00 -69.84 -46.32
 852.00 -63.91 -41.76
 853.00 -76.38 -39.07
 854.00 -67.19 -28.92
 855.00 -52.99 -51.90
 856.00 -73.84 -44.37
 857.00 -62.09 -39.48
 858.00 -83.30 -20.24
 859.00 -67.93 -44.26
 860.00 -46.16 -34.76
 861.00 -60.95 -55.95
 862.00 -62.26 -38.55
 863.00 -60.05 -42.93
 864.00 -69.82 -41.85
 865.00 -61.26  -9.46
 866.00 -75.76 -43.89
 867.00 -68.14 -33.19
 868.00 -68.15 -35.78
 869.00 -71.32 -38.54
 870.00 -48.90 -45.09
 871.00 -70.31 -46.39
 872.00 -61.43 -39.00
 873.00 -67.96 -40.53
 874.00 -57.31 -39.27
 875.00 -76.69 -44.86
 876.00 -80.76 -34.43
 877.00 -51.36 -32.27
 878.00 -76.32 -45.67
 879.00 -95.88 -15.91
 880.00 -48.48 -39.40
 881.00 -55.53 -46.38
 882.00 -86.67 -41.90
 883.00 -47.24   2.68
 884.00 -71.34 -36.31
 885.00 -66.29 -40.31
 886.00 -78.28 -48.13
 887.00  51.19  -1.12
 888.00 -101.37  35.04
 889.00 -58.59 124.37
 890.00 -121.38 133.43
 891.00 -76.00 134.09
 892.00 -61.57 145.97
 893.00 -65.32 -36.26
 894.00 -75.01 -41.17
 895.00 -63.18 -46.09
 896.00 -63.47 -25.92
 897.00 -75.36 -35.47
 898.00 -52.21 -44.53
 899.00 -73.46 -43.33
 900.00 -114.94 -33.91
 901.00 -104.40 -38.57
 902.00 -61.22 -34.77
 903.00 -64.67 -31.53
 904.00 -68.77 -32.30
 905.00 -81.33 -19.89
 906.00 -63.32 -51.00
 907.00 -86.89 -24.06
 908.00  86.44 -25.40
 909.00 -73.00  18.07
 910.00 -108.40 -25.65
 911.00 -130.16 138.59
 912.00 -67.28 133.44
 913.00 -78.26 141.28
 914.00 -72.60  83.73
 915.00 -67.49 113.15
 916.00 -94.65 -47.78
 917.00 -49.21 161.62


