 residuo Phi Psi
 669.00 -66.89 132.25
 670.00 -48.64 137.98
 671.00 -146.79 144.69
 672.00 -50.43 -17.21
 673.00 -60.51 -44.51
 674.00 -77.02 -29.48
 675.00 -74.97 -38.60
 676.00 -50.45 -44.51
 677.00 -70.33 -39.66
 678.00 -61.83 -46.26
 679.00 -81.81 -36.65
 680.00 -72.67  -9.82
 681.00 -58.96 124.50
 682.00 -84.85 167.80
 683.00 -98.43 -176.11
 684.00 -72.46 111.58
 685.00 -86.76 133.15
 686.00 -64.62 146.65
 687.00  65.03 -23.53
 688.00 -61.02  39.63
 689.00 -68.80 111.18
 690.00 -66.24 125.91
 691.00 -63.88 -17.94
 692.00 -106.68  -6.48
 693.00 -77.18 134.24
 694.00 -67.92 162.16
 695.00 -70.05  24.44
 696.00 -46.95 151.38
 697.00 -52.11 -54.53
 698.00 -83.07 -40.17
 699.00 -69.51 -39.07
 700.00 -57.81 -43.58
 701.00 -63.47 -42.10
 702.00 -61.51 -48.60
 703.00 -70.91 -39.77
 704.00 -53.19 -37.87
 705.00 -73.92 -38.71
 706.00 -60.95 -43.46
 707.00 -55.81 -34.01
 708.00 -69.20 -56.22
 709.00 -67.43 -31.65
 710.00 -64.67 -41.87
 711.00 -53.55 -44.91
 712.00 -74.85 -40.13
 713.00 -74.73 -27.79
 714.00 -82.59 -22.57
 715.00 -72.84 -26.36
 716.00 -58.96 -48.86
 717.00 -66.22 -39.72
 718.00 -59.14 -49.14
 719.00 -51.27 -41.79
 720.00 -104.02 -28.60
 721.00 -44.91 -17.04
 722.00 -58.23 134.85
 723.00  71.45 142.44
 724.00 -68.63  -5.86
 725.00 -52.42 -33.93
 726.00 -79.99 -12.95
 727.00 -78.39 -20.54
 728.00 -74.80 155.01
 729.00 -63.88 153.60
 730.00 -77.27 -31.41
 731.00 -75.27 -28.93
 732.00 -57.02 -44.30
 733.00 -62.65 -47.14
 734.00 -67.10 -33.21
 735.00 -68.44 -45.23
 736.00 -70.37 -25.41
 737.00 -66.73 -47.78
 738.00 -98.54 -19.95
 739.00 -102.22 -22.77
 740.00 -66.00  -7.66
 741.00 -66.48 -31.43
 742.00 -65.26 -56.38
 743.00 -53.91 -38.14
 744.00 -72.73 -51.67
 745.00 -88.03 -33.79
 746.00 -56.53 -29.07
 747.00 -67.75 -46.16
 748.00 -63.10 -39.28
 749.00 -61.82 -32.53
 750.00 -63.37 -45.20
 751.00 -68.35 -37.57
 752.00 -75.79 -25.58
 753.00 -63.03 -33.62
 754.00 -74.11 -56.45
 755.00 -98.40 -18.48
 756.00 -118.94 -52.83
 757.00  53.28  26.72
 758.00  67.60  31.28
 759.00 -61.52 -16.39
 760.00 -144.28 -21.62
 761.00 -111.33 170.53
 762.00 -84.63 112.38
 763.00 -55.97  67.50
 764.00 -158.87 -41.66
 765.00 -57.62 153.59
 766.00 -93.21 -36.02
 767.00 -142.83  -1.09
 768.00 -90.61  76.92
 769.00 -113.22 142.50
 770.00 -75.06  98.70
 771.00 -51.34 167.42
 772.00 -51.86 -42.30
 773.00 -67.07 -48.95
 774.00 -75.43 -19.11
 775.00 -58.59 -52.01
 776.00 -60.16 -41.11
 777.00 -81.97 -50.26
 778.00  45.83  -2.14
 779.00 -90.98  13.91
 780.00 -57.36  38.24
 781.00 -54.10 -52.88
 782.00 -70.62 -35.90
 783.00 -74.91 -36.99
 784.00 -68.75 -24.35
 785.00 -53.66 -43.93
 786.00 -58.25 -49.97
 787.00 -58.07 -40.00
 788.00 -57.62 -52.37
 789.00 -68.46 -31.21
 790.00 -63.85 -49.16
 791.00 -53.13 -36.19
 792.00 -61.10 -38.64
 793.00 -71.29 -26.71
 794.00 -80.50 -23.02
 795.00 -66.28 -44.12
 796.00 -101.06 -33.19
 797.00  50.78   3.43
 798.00 -73.61  57.64
 799.00 -85.55 134.64
 800.00 -59.53 154.17
 801.00 -79.73 -15.28
 802.00 -57.97 -54.26
 803.00 -56.69 -38.57
 804.00 -62.96 -49.87
 805.00 -83.73 -28.75
 806.00 -67.42 -40.57
 807.00 -58.29 -37.63
 808.00 -75.94 -42.27
 809.00 -69.68 -40.09
 810.00 -66.19 -23.53
 811.00 -64.62 -21.48
 812.00 -87.90 -46.07
 813.00 -101.20  29.98
 814.00 -164.27   4.29
 815.00 -148.47 128.37
 816.00 -54.43 160.37
 817.00 -60.19 134.68
 818.00 -95.49 -14.84
 819.00  76.62   1.88
 820.00 -79.38 174.50
 821.00 -70.66 154.53
 822.00 -132.59 -22.39
 823.00 -59.57  63.00
 824.00 -68.14 -39.16
 825.00 -74.39 -31.87
 826.00 -64.25 -28.49
 827.00 -62.92 -52.18
 828.00 -57.99 -42.66
 829.00 -63.89 -39.38
 830.00 -60.73 -51.07
 831.00 -69.24 -41.92
 832.00 -62.72 -34.51
 833.00 -60.56 -49.33
 834.00 -57.15 -28.30
 835.00 -73.49 -56.52
 836.00 -58.99 -27.04
 837.00 -73.35 -39.74
 838.00 -55.98 -44.48
 839.00 -72.59 -22.75
 840.00 -119.39 -31.76
 841.00 -49.94   2.95
 842.00 -86.78 145.50
 843.00 -156.35 107.96
 844.00 -83.16 168.87
 845.00 -56.81  95.81
 846.00 -57.50 -42.75
 847.00 -112.34 -20.50
 848.00 -55.48  92.04
 849.00 -50.44 -23.24
 850.00 -64.83 -48.75
 851.00 -76.05 -36.32
 852.00 -69.73 -36.18
 853.00 -55.71 -42.01
 854.00 -67.85 -46.33
 855.00 -72.20 -39.18
 856.00 -55.52 -42.94
 857.00 -71.09 -39.82
 858.00 -83.60 -17.80
 859.00 -64.24 -41.16
 860.00 -56.49 -33.44
 861.00 -48.47 -52.16
 862.00 -70.65 -49.43
 863.00 -60.75 -34.26
 864.00 -66.05 -39.49
 865.00 -56.41 -23.74
 866.00 -47.73 -46.40
 867.00 -52.18 -60.89
 868.00 -74.35 -38.79
 869.00 -45.79 -47.57
 870.00 -71.39 -44.52
 871.00 -63.27 -38.10
 872.00 -71.01 -35.73
 873.00 -63.20 -33.91
 874.00 -60.07 -54.18
 875.00 -75.62 -26.12
 876.00 -65.00 -54.70
 877.00 -63.44 -34.23
 878.00 -73.75 -34.01
 879.00 -51.97 -45.60
 880.00 -71.54 -40.04
 881.00 -72.29 -29.09
 882.00 -75.61 -44.22
 883.00 -56.34  -1.66
 884.00 -56.59 -42.54
 885.00 -68.68 -46.40
 886.00 -104.33 -22.58
 887.00  54.94   9.47
 888.00 -88.68  29.42
 889.00 -92.33 127.41
 890.00 -124.95 138.90
 891.00 -66.97 144.77
 892.00 -62.21 141.06
 893.00 -75.09 -34.76
 894.00 -66.79 -36.75
 895.00 -61.57 -45.57
 896.00 -55.21 -41.32
 897.00 -69.18 -50.52
 898.00 -61.81 -41.00
 899.00 -79.18 -47.86
 900.00 -103.90 -24.85
 901.00 -95.26 -46.65
 902.00 -54.28 -54.30
 903.00 -66.69 -34.15
 904.00 -50.85 -33.05
 905.00 -77.94 -34.94
 906.00 -85.25 -36.99
 907.00 -82.41 -18.00
 908.00  99.80 -35.14
 909.00 -69.12   2.15
 910.00 -121.64 -23.88
 911.00 -142.23 151.88
 912.00 -69.49 146.09
 913.00 -93.12 155.83
 914.00 -87.61 119.21
 915.00 -98.35 156.01
 916.00 -138.70 -18.00
 917.00 -87.02 156.95


