 residuo Phi Psi
 669.00 -104.27 144.20
 670.00 -51.83 169.90
 671.00 -75.02 154.77
 672.00 -58.30 -26.30
 673.00 -67.69 -44.52
 674.00 -71.45 -28.30
 675.00 -74.20 -32.41
 676.00 -67.10 -47.35
 677.00 -89.77 -17.19
 678.00 -68.68 -34.24
 679.00 -79.33 -39.26
 680.00 -75.40  -8.36
 681.00 -85.28 130.81
 682.00 -67.68 145.03
 683.00 -56.25 167.16
 684.00 -123.70 148.83
 685.00 -70.25 147.72
 686.00 -87.96 163.14
 687.00  82.20 -21.67
 688.00 -90.89  26.89
 689.00 -110.90 138.38
 690.00 -70.43  95.79
 691.00 -75.79   2.22
 692.00 -83.68 -24.75
 693.00 -68.90 150.62
 694.00 -56.46 145.20
 695.00 -168.67 142.53
 696.00 -52.88 161.73
 697.00 -67.26 -66.36
 698.00 -74.72 -22.80
 699.00 -60.55 -41.40
 700.00 -64.30 -56.97
 701.00 -66.08 -33.48
 702.00 -73.89 -47.66
 703.00 -67.36 -22.04
 704.00 -81.54 -35.59
 705.00 -65.69 -32.03
 706.00 -64.99 -39.60
 707.00 -63.83 -40.98
 708.00 -88.31 -27.11
 709.00 -58.59 -35.82
 710.00 -75.43 -39.34
 711.00 -55.73 -35.13
 712.00 -49.75 -51.20
 713.00 -72.13 -48.62
 714.00 -76.61 -12.09
 715.00 -66.05 -42.39
 716.00 -73.50 -36.69
 717.00 -57.83 -48.88
 718.00 -66.46 -36.18
 719.00 -66.81 -32.40
 720.00 -68.69 -29.24
 721.00 -66.46 -37.68
 722.00 -79.88 136.80
 723.00  78.44 151.36
 724.00 -69.22 -38.71
 725.00 -47.29 -32.10
 726.00 -91.40 -28.19
 727.00 -67.31 -10.89
 728.00 -87.11 168.90
 729.00 -51.66 143.26
 730.00 -64.53 -33.66
 731.00 -78.27 -34.50
 732.00 -68.45 -36.02
 733.00 -53.02 -52.36
 734.00 -60.67 -44.95
 735.00 -81.09 -53.42
 736.00 -58.86 -22.22
 737.00 -64.93 -57.41
 738.00 -87.72 -25.92
 739.00 -74.28 -52.92
 740.00 -65.32 -16.12
 741.00 -67.99 -39.90
 742.00 -56.98 -38.40
 743.00 -62.90 -40.88
 744.00 -55.36 -63.45
 745.00 -87.09 -32.87
 746.00 -72.96 -27.66
 747.00 -68.43 -38.72
 748.00 -63.14 -38.88
 749.00 -59.69 -41.29
 750.00 -73.51 -38.95
 751.00 -63.45 -46.86
 752.00 -82.15 -38.35
 753.00 -61.96 -30.78
 754.00 -68.08 -54.00
 755.00 -79.16 -48.95
 756.00 -145.18 -40.50
 757.00  52.50  30.19
 758.00  36.45  29.61
 759.00 -76.59  26.70
 760.00 -126.55 -28.37
 761.00 -85.01 150.95
 762.00 -89.01 113.99
 763.00 -59.20  64.81
 764.00 -156.60 -45.58
 765.00 -64.39 165.88
 766.00 -109.28 -18.80
 767.00 -116.10 -20.72
 768.00 -94.10  74.52
 769.00 -128.29 153.74
 770.00 -92.43 109.74
 771.00 -53.53 171.61
 772.00 -71.42 -31.60
 773.00 -65.70 -44.89
 774.00 -63.75 -27.42
 775.00 -59.92 -49.95
 776.00 -54.86 -53.37
 777.00 -80.99 -39.27
 778.00  52.62  -0.20
 779.00 -128.26  38.07
 780.00 -57.09  20.01
 781.00 -44.94 -56.29
 782.00 -62.82 -59.77
 783.00 -63.52 -35.86
 784.00 -67.20 -31.60
 785.00 -63.87 -36.87
 786.00 -59.92 -51.70
 787.00 -72.40 -31.55
 788.00 -64.24 -40.79
 789.00 -69.88 -36.51
 790.00 -87.31 -16.44
 791.00 -73.57 -35.32
 792.00 -67.39 -25.44
 793.00 -51.82 -23.31
 794.00 -86.17 -42.86
 795.00 -65.24 -29.60
 796.00 -79.08 -57.59
 797.00  44.39 -13.68
 798.00 -68.23  69.61
 799.00 -74.17 125.80
 800.00 -66.84 160.61
 801.00 -82.10 -16.46
 802.00 -60.15 -40.07
 803.00 -56.35 -40.49
 804.00 -63.20 -52.51
 805.00 -83.50 -23.90
 806.00 -75.65 -30.78
 807.00 -61.50 -32.81
 808.00 -47.57 -63.52
 809.00 -59.96 -48.88
 810.00 -73.69 -36.75
 811.00 -74.41 -17.10
 812.00 -109.72 -15.31
 813.00 -141.20  39.39
 814.00 -146.26  -1.12
 815.00 -133.23 113.92
 816.00 -65.18 164.42
 817.00 -65.98 153.93
 818.00 -69.05 -29.61
 819.00  78.96 -20.57
 820.00 -90.28 177.71
 821.00 -65.19 161.50
 822.00 -69.46 -58.24
 823.00 -64.83  38.05
 824.00 -69.43 -38.15
 825.00 -82.41 -32.75
 826.00 -72.38 -27.36
 827.00 -71.64 -29.65
 828.00 -59.84 -35.98
 829.00 -62.51 -54.00
 830.00 -59.07 -40.69
 831.00 -66.05 -41.46
 832.00 -60.04 -36.64
 833.00 -52.58 -51.96
 834.00 -64.79 -40.49
 835.00 -74.86 -45.21
 836.00 -67.49 -30.54
 837.00 -44.08 -45.66
 838.00 -64.29 -55.09
 839.00 -84.59 -13.84
 840.00 -113.22 -25.21
 841.00 -66.43  -2.02
 842.00 -70.61 128.60
 843.00 -150.24  96.94
 844.00 -83.54 159.33
 845.00 -50.95  85.69
 846.00 -63.23 -27.56
 847.00 -126.77 -19.04
 848.00 -63.73  87.80
 849.00 -52.59 -16.60
 850.00 -66.17 -36.97
 851.00 -65.73 -47.59
 852.00 -36.99 -53.65
 853.00 -74.35 -51.89
 854.00 -60.88 -29.36
 855.00 -56.73 -48.06
 856.00 -73.19 -41.52
 857.00 -69.68 -41.60
 858.00 -76.39 -23.60
 859.00 -72.43 -44.20
 860.00 -64.46 -20.67
 861.00 -67.70 -47.84
 862.00 -65.96 -37.02
 863.00 -72.91 -33.49
 864.00 -78.29 -28.42
 865.00 -71.14 -15.44
 866.00 -65.85 -43.53
 867.00 -67.74 -35.53
 868.00 -74.81 -27.30
 869.00 -66.80 -32.62
 870.00 -71.91 -38.50
 871.00 -56.34 -37.03
 872.00 -65.83 -49.99
 873.00 -67.10 -35.41
 874.00 -61.76 -43.69
 875.00 -56.91 -38.56
 876.00 -62.50 -48.80
 877.00 -68.89 -39.86
 878.00 -59.17 -47.46
 879.00 -79.27 -24.47
 880.00 -59.37 -53.48
 881.00 -72.00 -39.55
 882.00 -161.36   6.93
 883.00 -65.30  41.09
 884.00 -79.03 -35.83
 885.00 -74.21 -29.36
 886.00 -85.80 -42.12
 887.00  61.34  -1.76
 888.00 -69.01  10.98
 889.00 -88.18 124.43
 890.00 -119.95 136.70
 891.00 -57.31 135.86
 892.00 -71.43 140.97
 893.00 -70.32 -34.09
 894.00 -74.38 -39.85
 895.00 -55.07 -35.61
 896.00 -56.24 -38.32
 897.00 -54.20 -51.91
 898.00 -64.22 -48.96
 899.00 -69.50 -40.18
 900.00 -106.63 -41.85
 901.00 -78.12 -54.32
 902.00 -66.21 -34.64
 903.00 -49.21 -46.98
 904.00 -65.45 -29.15
 905.00 -79.02 -32.55
 906.00 -51.36 -49.03
 907.00 -113.43 -36.86
 908.00  89.17  15.87
 909.00 -105.96  19.87
 910.00 -107.00 -19.60
 911.00 -127.65 138.12
 912.00 -78.15 153.94
 913.00 -77.20 134.91
 914.00 -58.78  72.50
 915.00 -87.58 140.56
 916.00 -64.83 -57.58
 917.00 -77.17 114.26


