 residuo Phi Psi
 669.00 -69.05 116.93
 670.00 -62.59 170.11
 671.00 -40.32 149.26
 672.00 -58.87 -50.60
 673.00 -71.54 -43.47
 674.00 -75.49 -20.74
 675.00 -47.38 -44.05
 676.00 -73.63 -47.89
 677.00 -61.39 -32.92
 678.00 -56.60 -45.73
 679.00 -72.14 -43.28
 680.00 -58.45 -21.75
 681.00 -59.12 121.42
 682.00 -92.37 162.41
 683.00 -67.73 -176.44
 684.00 -134.38 154.23
 685.00 -94.29 140.29
 686.00 -91.25 150.72
 687.00  93.49 -16.61
 688.00 -91.12  19.99
 689.00 -89.58 133.34
 690.00 -68.03  97.24
 691.00 -67.50 -15.72
 692.00 -84.14 -32.21
 693.00 -71.19 173.09
 694.00 -69.54 151.53
 695.00 -148.52 135.89
 696.00 -57.92 156.19
 697.00 -65.67 -69.24
 698.00 -68.76 -23.15
 699.00 -62.35 -46.21
 700.00 -69.16 -44.13
 701.00 -68.18 -37.82
 702.00 -68.00 -39.82
 703.00 -76.35 -30.92
 704.00 -78.74 -29.42
 705.00 -71.59 -25.96
 706.00 -64.00 -39.91
 707.00 -56.30 -42.69
 708.00 -56.70 -34.37
 709.00 -54.19 -63.68
 710.00 -69.51 -39.41
 711.00 -62.10 -51.64
 712.00 -65.16 -38.31
 713.00 -92.70 -29.80
 714.00 -64.72 -24.15
 715.00 -71.06 -31.70
 716.00 -62.89 -38.06
 717.00 -59.93 -39.82
 718.00 -55.25 -58.45
 719.00 -69.43 -40.95
 720.00 -106.06 -16.52
 721.00 -69.68   1.34
 722.00 -74.89 148.59
 723.00  66.14 141.66
 724.00 -50.75 -29.05
 725.00 -61.26 -28.89
 726.00 -73.30 -12.88
 727.00 -69.82 -24.04
 728.00 -72.24 145.91
 729.00 -62.33 148.04
 730.00 -74.65 -24.87
 731.00 -87.28 -17.84
 732.00 -54.12 -43.53
 733.00 -40.47 -54.23
 734.00 -50.24 -57.17
 735.00 -77.30 -63.81
 736.00 -67.78 -15.83
 737.00 -61.25 -52.50
 738.00 -63.37 -52.30
 739.00 -85.48 -33.16
 740.00 -61.25 -13.95
 741.00 -66.13 -40.95
 742.00 -83.46 -35.91
 743.00 -45.22 -45.92
 744.00 -54.68 -53.04
 745.00 -73.14 -52.98
 746.00 -70.55 -33.07
 747.00 -82.45 -37.88
 748.00 -60.71 -30.03
 749.00 -59.97 -49.04
 750.00 -49.72 -52.26
 751.00 -68.67 -45.00
 752.00 -77.43 -28.30
 753.00 -63.50 -33.67
 754.00 -77.75 -46.98
 755.00 -69.25 -63.36
 756.00 -126.21 -40.48
 757.00  49.69  32.01
 758.00  62.81  28.08
 759.00 -73.56  22.04
 760.00 -133.66 -38.80
 761.00 -68.35 152.95
 762.00 -100.33 109.71
 763.00 -80.85  85.85
 764.00 -158.94 -38.83
 765.00 -60.47 146.00
 766.00 -81.99 -24.28
 767.00 -86.85 -62.30
 768.00 -86.37  73.58
 769.00 -75.46 116.10
 770.00 -67.38  84.93
 771.00 -57.45 161.56
 772.00 -63.83 -33.50
 773.00 -55.39 -50.10
 774.00 -54.83 -38.78
 775.00 -89.12 -30.72
 776.00 -70.59 -47.78
 777.00 -81.70 -20.42
 778.00  65.42  -2.98
 779.00 -139.15  39.86
 780.00 -65.06  18.27
 781.00 -70.44 -44.96
 782.00 -73.65 -18.64
 783.00 -71.05 -41.68
 784.00 -54.93 -35.80
 785.00 -61.01 -45.95
 786.00 -62.11 -49.23
 787.00 -68.52 -32.74
 788.00 -69.21 -40.24
 789.00 -53.62 -33.96
 790.00 -62.63 -58.17
 791.00 -65.75 -34.04
 792.00 -64.25 -26.83
 793.00 -67.43 -32.13
 794.00 -75.38 -32.21
 795.00 -67.62 -33.65
 796.00 -105.88 -34.67
 797.00  46.01 -11.59
 798.00 -87.00  77.56
 799.00 -95.44 131.14
 800.00 -48.70 158.00
 801.00 -63.47 -38.42
 802.00 -53.99 -52.18
 803.00 -60.30 -55.13
 804.00 -54.34 -47.91
 805.00 -82.91 -38.27
 806.00 -67.93 -32.61
 807.00 -60.09 -52.18
 808.00 -64.99 -25.70
 809.00 -59.49 -43.86
 810.00 -78.79 -29.28
 811.00 -94.10  -6.20
 812.00 -120.49 -14.38
 813.00 -137.92  47.48
 814.00 -158.57  14.05
 815.00 -151.60 130.57
 816.00 -66.49 161.84
 817.00 -66.07 152.45
 818.00 -75.67 -36.50
 819.00  84.27 -13.39
 820.00 -92.79 -177.59
 821.00 -66.36 167.06
 822.00 -126.62 -20.58
 823.00 -53.16  42.90
 824.00 -66.90 -37.35
 825.00 -60.77 -42.41
 826.00 -60.96 -41.28
 827.00 -61.79 -45.25
 828.00 -70.12 -34.02
 829.00 -81.83 -41.28
 830.00 -65.86 -29.14
 831.00 -70.74 -43.19
 832.00 -72.96 -29.71
 833.00 -63.08 -53.40
 834.00 -57.74 -27.66
 835.00 -60.04 -61.41
 836.00 -73.60 -26.82
 837.00 -44.47 -57.20
 838.00 -60.06 -45.83
 839.00 -55.30 -45.48
 840.00 -120.04 -17.92
 841.00 -77.11   9.51
 842.00 -72.93 142.30
 843.00 -69.03  23.92
 844.00 -63.19 167.22
 845.00 -60.13  86.53
 846.00 -59.89 -25.16
 847.00 -118.35 -18.46
 848.00 -61.42  98.23
 849.00 -75.13 -23.61
 850.00 -74.30 -19.04
 851.00 -69.79 -39.51
 852.00 -62.34 -36.49
 853.00 -59.48 -49.61
 854.00 -60.18 -38.85
 855.00 -58.79 -51.75
 856.00 -65.90 -42.75
 857.00 -83.54 -32.36
 858.00 -61.50 -37.19
 859.00 -84.68 -36.01
 860.00 -64.13 -17.42
 861.00 -67.50 -46.75
 862.00 -61.06 -46.27
 863.00 -70.34 -35.84
 864.00 -57.43 -29.45
 865.00 -66.17 -28.21
 866.00 -52.91 -47.94
 867.00 -58.99 -52.17
 868.00 -73.84 -24.93
 869.00 -53.75 -51.11
 870.00 -59.98 -40.25
 871.00 -69.93 -42.53
 872.00 -73.21 -37.80
 873.00 -59.89 -38.01
 874.00 -63.46 -39.67
 875.00 -62.17 -41.04
 876.00 -69.95 -54.19
 877.00 -76.90 -27.62
 878.00 -59.06 -38.12
 879.00 -92.13 -16.59
 880.00 -58.91 -46.09
 881.00 -64.17 -37.29
 882.00 -139.76 -15.37
 883.00 -55.33  12.98
 884.00 -77.87 -44.92
 885.00 -69.23 -22.30
 886.00 -92.87 -39.74
 887.00  55.31   5.63
 888.00 -82.78  34.71
 889.00 -124.91 158.03
 890.00 -128.30 152.26
 891.00 -69.40 145.30
 892.00 -69.31 140.70
 893.00 -62.86 -26.80
 894.00 -79.15 -40.54
 895.00 -63.88 -41.75
 896.00 -67.49 -34.13
 897.00 -60.43 -33.97
 898.00 -68.98 -45.44
 899.00 -80.29 -33.81
 900.00 -104.22 -38.66
 901.00 -111.72 -27.54
 902.00 -55.24 -43.71
 903.00 -46.43 -43.98
 904.00 -79.19 -23.82
 905.00 -78.54 -24.19
 906.00 -52.86 -46.19
 907.00 -77.87 -53.22
 908.00  61.74   8.88
 909.00 -69.37  16.94
 910.00 -102.00 -31.77
 911.00 -128.38 144.29
 912.00 -73.54 139.28
 913.00 -99.24 142.42
 914.00 -93.18 102.94
 915.00 -81.37 130.73
 916.00 -81.67 -33.99
 917.00 -119.36 156.12


