 residuo Phi Psi
 669.00 -74.31 158.62
 670.00 -83.01 163.23
 671.00 -61.03 150.65
 672.00 -54.62 -18.43
 673.00 -68.36 -46.13
 674.00 -80.47 -16.87
 675.00 -65.09 -24.30
 676.00 -60.85 -39.59
 677.00 -69.61 -36.06
 678.00 -68.24 -40.98
 679.00 -81.69 -30.55
 680.00 -58.12 -21.50
 681.00 -63.27 119.39
 682.00 -63.21 139.22
 683.00 -74.24 179.69
 684.00 -144.82 156.80
 685.00 -68.25 136.31
 686.00 -77.41 157.96
 687.00  81.27 -16.75
 688.00 -71.46  18.39
 689.00 -145.18 164.52
 690.00 -70.46  89.99
 691.00 -69.15  -6.43
 692.00 -76.51 -34.13
 693.00 -57.06 130.24
 694.00 -76.20 144.33
 695.00 -152.72 153.55
 696.00 -41.38 159.57
 697.00 -70.35 -55.54
 698.00 -52.83 -43.26
 699.00 -67.58 -40.59
 700.00 -70.54 -51.63
 701.00 -71.56 -26.17
 702.00 -67.43 -41.18
 703.00 -60.67 -33.41
 704.00 -75.42 -41.72
 705.00 -67.00 -35.84
 706.00 -63.31 -44.27
 707.00 -68.13 -26.70
 708.00 -72.88 -37.81
 709.00 -53.19 -45.49
 710.00 -70.76 -52.68
 711.00 -62.80 -30.44
 712.00 -57.71 -38.81
 713.00 -75.35 -37.32
 714.00 -70.71 -31.03
 715.00 -81.08 -21.16
 716.00 -60.24 -37.20
 717.00 -62.60 -48.18
 718.00 -55.84 -53.07
 719.00 -59.49 -35.38
 720.00 -123.49 -13.78
 721.00 -73.72   1.42
 722.00 -71.54 136.68
 723.00  51.92 165.06
 724.00 -65.97 -11.95
 725.00 -79.94 -17.82
 726.00 -60.82  -3.87
 727.00 -74.38 -28.32
 728.00 -57.83 133.20
 729.00 -56.32 155.01
 730.00 -64.84 -38.61
 731.00 -82.08 -35.74
 732.00 -52.16 -33.51
 733.00 -70.48 -50.12
 734.00 -71.01 -24.13
 735.00 -65.36 -51.40
 736.00 -51.53 -41.91
 737.00 -72.71 -55.27
 738.00 -89.70 -12.60
 739.00 -87.19 -33.28
 740.00 -51.82 -13.77
 741.00 -72.25 -42.09
 742.00 -58.36 -56.88
 743.00 -70.27 -40.50
 744.00 -75.50 -47.41
 745.00 -57.79 -29.34
 746.00 -66.32 -43.56
 747.00 -67.31 -37.28
 748.00 -59.79 -47.56
 749.00 -57.93 -37.87
 750.00 -65.97 -41.91
 751.00 -70.65 -37.45
 752.00 -68.35 -35.64
 753.00 -55.94 -46.30
 754.00 -74.68 -52.13
 755.00 -99.28 -31.37
 756.00 -138.06 -26.26
 757.00  53.29  16.43
 758.00  58.25  40.01
 759.00 -55.00  -8.25
 760.00 -84.01 -61.69
 761.00 -106.26 161.57
 762.00 -108.29 118.64
 763.00 -63.40  70.53
 764.00 -138.47 -54.48
 765.00 -60.81 164.62
 766.00 -95.18 -26.26
 767.00 -103.14 -29.74
 768.00 -88.92  70.83
 769.00 -91.42 118.04
 770.00 -98.82 132.25
 771.00 -62.86 -178.65
 772.00 -66.26 -24.44
 773.00 -59.98 -53.56
 774.00 -62.97 -33.45
 775.00 -68.68 -42.91
 776.00 -65.71 -42.61
 777.00 -70.22 -42.87
 778.00  59.63   1.61
 779.00 -120.63  30.15
 780.00 -63.58  21.86
 781.00 -61.91 -51.88
 782.00 -61.42 -35.82
 783.00 -73.19 -44.98
 784.00 -46.93 -36.41
 785.00 -52.60 -49.44
 786.00 -69.05 -45.64
 787.00 -64.33 -36.32
 788.00 -54.27 -47.82
 789.00 -67.36 -40.76
 790.00 -63.15 -41.98
 791.00 -74.04 -38.74
 792.00 -66.20 -14.17
 793.00 -67.57 -36.44
 794.00 -71.48 -27.80
 795.00 -73.80 -33.23
 796.00 -83.04 -34.72
 797.00  61.51 -25.40
 798.00 -76.81  57.63
 799.00 -80.06 133.19
 800.00 -55.77 158.55
 801.00 -84.83 -25.31
 802.00 -60.32 -37.97
 803.00 -74.88 -36.68
 804.00 -67.15 -38.84
 805.00 -66.67 -37.36
 806.00 -56.64 -51.84
 807.00 -74.66 -39.82
 808.00 -60.91 -36.37
 809.00 -53.85 -51.99
 810.00 -62.50 -35.80
 811.00 -84.04 -13.80
 812.00 -115.30 -11.34
 813.00 -147.82  48.05
 814.00 -167.25  13.19
 815.00 -160.51 129.46
 816.00 -59.11 163.85
 817.00 -65.47 157.98
 818.00 -141.97  -0.25
 819.00  69.02  22.04
 820.00 -76.53 -179.35
 821.00 -66.70 173.10
 822.00 -91.91 -55.33
 823.00 -65.26  44.36
 824.00 -72.22 -29.87
 825.00 -64.03 -31.98
 826.00 -58.97 -45.03
 827.00 -67.60 -50.07
 828.00 -69.72 -33.11
 829.00 -53.57 -41.29
 830.00 -53.33 -51.16
 831.00 -61.22 -49.42
 832.00 -52.97 -44.53
 833.00 -74.70 -56.54
 834.00 -85.24 -10.55
 835.00 -64.93 -38.43
 836.00 -73.73 -38.65
 837.00 -68.71 -30.55
 838.00 -63.10 -45.57
 839.00 -76.95 -25.59
 840.00 -125.90  -5.07
 841.00 -69.76   1.93
 842.00 -79.15 143.03
 843.00 -97.52  49.78
 844.00 -70.29 150.79
 845.00 -57.25 112.76
 846.00 -58.68 -22.31
 847.00 -108.13 -28.02
 848.00 -42.74  87.75
 849.00 -72.89 -36.23
 850.00 -56.37 -37.93
 851.00 -75.98 -33.32
 852.00 -68.58 -51.52
 853.00 -75.86 -23.54
 854.00 -49.41 -46.80
 855.00 -60.91 -50.73
 856.00 -55.88 -42.40
 857.00 -68.42 -43.55
 858.00 -87.91 -24.59
 859.00 -67.37 -38.13
 860.00 -55.54 -38.28
 861.00 -72.04 -41.18
 862.00 -55.84 -46.56
 863.00 -76.04 -39.65
 864.00 -82.07 -16.00
 865.00 -79.62 -10.81
 866.00 -61.69 -31.20
 867.00 -55.60 -51.32
 868.00 -76.08 -29.99
 869.00 -52.80 -46.61
 870.00 -65.90 -38.29
 871.00 -53.04 -48.25
 872.00 -93.77 -39.07
 873.00 -57.68 -24.07
 874.00 -55.91 -49.21
 875.00 -67.94 -50.00
 876.00 -72.30 -42.35
 877.00 -65.46 -32.87
 878.00 -75.47 -44.39
 879.00 -77.23 -20.63
 880.00 -57.27 -36.85
 881.00 -56.15 -41.41
 882.00 -87.24 -47.66
 883.00 -68.54  13.94
 884.00 -68.84 -42.62
 885.00 -70.42 -28.24
 886.00 -105.61 -30.10
 887.00  74.58  -1.02
 888.00 -70.43  14.03
 889.00 -87.64 137.51
 890.00 -137.97 141.24
 891.00 -68.84 111.82
 892.00 -72.70 155.00
 893.00 -75.23 -37.09
 894.00 -76.57 -18.01
 895.00 -51.94 -47.41
 896.00 -68.37 -37.84
 897.00 -67.95 -30.44
 898.00 -60.18 -56.58
 899.00 -77.05 -40.49
 900.00 -101.11 -32.21
 901.00 -86.55 -49.76
 902.00 -68.69 -39.09
 903.00 -55.67 -28.46
 904.00 -68.76 -38.26
 905.00 -69.33 -28.80
 906.00 -74.48 -41.91
 907.00 -72.09 -38.93
 908.00  97.30 -15.77
 909.00 -71.99  -0.73
 910.00 -131.79 -15.07
 911.00 -140.26 129.46
 912.00 -80.03 167.06
 913.00 -93.21 157.13
 914.00 -53.49  68.02
 915.00 -78.95 126.03
 916.00 -88.61 -45.55
 917.00 -138.11 155.52


