 residuo Phi Psi
 669.00 -67.33 148.36
 670.00 -76.32 132.55
 671.00 -62.84  55.69
 672.00 -61.53 -32.89
 673.00 -63.65 -50.81
 674.00 -65.14 -33.34
 675.00 -57.45 -45.11
 676.00 -67.81 -45.13
 677.00 -65.41 -26.73
 678.00 -80.75 -51.03
 679.00 -77.29 -35.94
 680.00 -87.36  -0.75
 681.00 -65.19 133.75
 682.00 -101.48 152.29
 683.00 -60.22 -134.38
 684.00 -135.41 134.19
 685.00 -107.99 123.89
 686.00 -89.31 162.82
 687.00  83.19 -22.75
 688.00 -76.79  16.30
 689.00 -87.73 142.70
 690.00 -76.54  97.12
 691.00 -97.61  18.94
 692.00 -86.72 -12.93
 693.00 -57.37 150.91
 694.00 -64.24 144.67
 695.00 -137.60 107.29
 696.00 -58.09 152.26
 697.00 -56.94 -69.03
 698.00 -72.59 -31.19
 699.00 -66.51 -46.69
 700.00 -76.36 -31.85
 701.00 -66.23 -39.35
 702.00 -61.83 -34.46
 703.00 -74.18 -44.24
 704.00 -41.71 -44.64
 705.00 -79.13 -42.38
 706.00 -64.53 -39.81
 707.00 -67.01 -21.10
 708.00 -68.05 -44.43
 709.00 -70.92 -35.44
 710.00 -56.50 -47.92
 711.00 -60.94 -37.36
 712.00 -44.00 -42.83
 713.00 -67.62 -58.31
 714.00 -68.86 -34.64
 715.00 -65.63 -40.32
 716.00 -59.08 -46.42
 717.00 -74.90 -30.84
 718.00 -52.60 -43.16
 719.00 -39.72 -58.05
 720.00 -90.04 -42.42
 721.00 -65.83  -8.22
 722.00 -63.83 139.12
 723.00  58.97 125.39
 724.00 -60.98  23.87
 725.00 -51.27 -31.92
 726.00 -89.22 -16.15
 727.00 -82.47  -7.67
 728.00 -70.50 153.98
 729.00 -61.15 143.74
 730.00 -86.78 -20.26
 731.00 -60.62 -40.10
 732.00 -49.21 -42.65
 733.00 -68.27 -46.91
 734.00 -54.38 -49.19
 735.00 -59.90 -58.09
 736.00 -62.28 -35.08
 737.00 -77.39 -44.36
 738.00 -81.12 -24.56
 739.00 -103.63 -17.79
 740.00 -39.95 -17.69
 741.00 -76.97 -38.57
 742.00 -65.61 -53.22
 743.00 -65.21 -36.04
 744.00 -69.89 -49.11
 745.00 -73.70 -29.14
 746.00 -76.86 -37.67
 747.00 -51.34 -45.80
 748.00 -71.03 -41.43
 749.00 -63.08 -29.91
 750.00 -63.28 -43.83
 751.00 -56.14 -46.01
 752.00 -62.76 -44.87
 753.00 -61.81 -46.18
 754.00 -72.93 -50.25
 755.00 -98.44 -30.28
 756.00 -138.00 -36.06
 757.00  50.83  21.22
 758.00  56.88  37.65
 759.00 -71.65  -3.80
 760.00 -106.49 -31.71
 761.00 -88.14 149.65
 762.00 -96.87 113.74
 763.00 -70.55  71.33
 764.00 -147.60 -46.97
 765.00 -54.34 165.41
 766.00 -122.47 -17.17
 767.00 -143.86   7.80
 768.00 -74.53  46.33
 769.00 -104.24 138.90
 770.00 -69.57 105.45
 771.00 -51.87 177.23
 772.00 -68.94 -37.13
 773.00 -77.58 -39.58
 774.00 -57.60 -31.82
 775.00 -67.24 -48.30
 776.00 -70.85 -44.35
 777.00 -65.68 -29.79
 778.00  72.85 -13.34
 779.00 -84.81 -24.49
 780.00 -62.78  38.30
 781.00 -59.18 -37.10
 782.00 -70.38 -44.33
 783.00 -50.06 -46.56
 784.00 -73.64 -42.64
 785.00 -58.02 -43.61
 786.00 -57.22 -45.06
 787.00 -65.83 -41.38
 788.00 -65.32 -45.27
 789.00 -67.09 -33.52
 790.00 -59.48 -36.36
 791.00 -69.57 -44.33
 792.00 -56.94  -9.27
 793.00 -73.77 -41.02
 794.00 -75.93 -22.77
 795.00 -62.91 -55.98
 796.00 -80.83 -35.24
 797.00  51.00  -1.72
 798.00 -56.77  48.19
 799.00 -66.65 131.66
 800.00 -53.65 147.74
 801.00 -66.68 -33.50
 802.00 -63.05 -44.75
 803.00 -65.73 -43.85
 804.00 -59.45 -57.12
 805.00 -76.59 -28.61
 806.00 -63.74 -44.32
 807.00 -66.92 -33.88
 808.00 -61.63 -44.15
 809.00 -54.19 -44.97
 810.00 -71.43 -25.12
 811.00 -64.22 -30.29
 812.00 -96.39 -32.53
 813.00 -115.53  26.40
 814.00 -167.49  14.98
 815.00 -143.44 123.66
 816.00 -62.39 156.54
 817.00 -45.75 151.71
 818.00 -67.55 -60.06
 819.00  89.58  -8.26
 820.00 -65.99 168.58
 821.00 -60.48 160.06
 822.00 -143.36 -17.11
 823.00 -71.37  94.41
 824.00 -70.22 -14.07
 825.00 -80.96 -49.58
 826.00 -67.52 -20.64
 827.00 -63.28 -41.48
 828.00 -65.85 -38.79
 829.00 -69.88 -55.15
 830.00 -76.60 -29.02
 831.00 -74.43 -30.22
 832.00 -74.05 -29.86
 833.00 -67.90 -32.64
 834.00 -66.53 -38.52
 835.00 -76.88 -41.01
 836.00 -77.71 -12.36
 837.00 -56.80 -38.54
 838.00 -58.56 -45.96
 839.00 -78.28 -21.66
 840.00 -107.43 -39.30
 841.00 -54.97  -1.11
 842.00 -73.15 140.36
 843.00 -149.64  92.87
 844.00 -104.35 167.99
 845.00 -68.16 106.56
 846.00 -47.32 -26.78
 847.00 -127.23 -27.88
 848.00 -67.59 101.35
 849.00 -56.12 -25.35
 850.00 -66.80 -45.68
 851.00 -91.86 -14.95
 852.00 -52.64 -45.35
 853.00 -51.01 -46.54
 854.00 -48.77 -63.04
 855.00 -67.09 -42.66
 856.00 -57.16 -49.12
 857.00 -70.97 -31.69
 858.00 -73.88 -33.64
 859.00 -70.53 -34.08
 860.00 -62.11 -39.18
 861.00 -63.33 -31.06
 862.00 -59.50 -65.04
 863.00 -50.04 -36.29
 864.00 -77.79 -37.98
 865.00 -67.96 -12.49
 866.00 -44.77 -46.75
 867.00 -69.33 -49.47
 868.00 -76.40 -12.85
 869.00 -57.47 -52.18
 870.00 -72.15 -39.90
 871.00 -50.71 -42.52
 872.00 -54.96 -57.44
 873.00 -71.95 -35.25
 874.00 -65.93 -37.74
 875.00 -56.79 -47.08
 876.00 -69.00 -55.51
 877.00 -72.58 -22.79
 878.00 -46.52 -52.88
 879.00 -65.66 -43.23
 880.00 -79.04 -30.93
 881.00 -67.87 -35.94
 882.00 -79.31 -47.61
 883.00 -60.55   8.87
 884.00 -71.38 -36.67
 885.00 -83.26 -32.88
 886.00 -120.05  -3.21
 887.00  43.16  -6.10
 888.00 -85.98  52.95
 889.00 -78.75 135.21
 890.00 -119.82 130.55
 891.00 -59.53 128.94
 892.00 -55.07 142.09
 893.00 -65.23 -36.52
 894.00 -91.81 -32.61
 895.00 -57.27 -36.64
 896.00 -72.64 -35.18
 897.00 -59.85 -40.68
 898.00 -76.63 -43.78
 899.00 -86.79 -36.61
 900.00 -119.36 -19.29
 901.00 -82.31 -55.31
 902.00 -67.16 -39.22
 903.00 -52.29 -37.56
 904.00 -55.66 -35.54
 905.00 -66.77 -37.45
 906.00 -74.56 -44.77
 907.00 -94.48 -35.45
 908.00  78.77   9.10
 909.00 -71.62   1.26
 910.00 -128.30 -14.62
 911.00 -138.08 142.08
 912.00 -63.49 136.82
 913.00 -85.69 143.84
 914.00 -91.92 115.22
 915.00 -96.33 164.60
 916.00 -120.66 -36.00
 917.00 -68.23 156.17


