 residuo Phi Psi
 669.00 -58.46 152.56
 670.00 -72.73 129.74
 671.00 -126.76 156.71
 672.00 -48.99 -20.70
 673.00 -72.43 -45.69
 674.00 -65.91 -32.38
 675.00 -75.35 -26.49
 676.00 -45.84 -59.05
 677.00 -76.64 -35.28
 678.00 -50.96 -50.21
 679.00 -76.24 -46.85
 680.00 -64.08   1.37
 681.00 -65.78 136.05
 682.00 -63.29 150.44
 683.00 -64.50 160.29
 684.00 -82.08 113.17
 685.00 -95.56 135.25
 686.00 -80.84 138.87
 687.00  70.89  -7.22
 688.00 -71.82  14.47
 689.00 -106.30 145.36
 690.00 -56.22  89.30
 691.00 -68.55  -1.63
 692.00 -92.85 -14.56
 693.00 -70.19 153.73
 694.00 -75.16 161.15
 695.00 -144.74 110.16
 696.00 -48.87 156.34
 697.00 -50.85 -53.66
 698.00 -80.05 -40.41
 699.00 -83.03 -46.03
 700.00 -67.52 -53.99
 701.00 -53.88 -28.22
 702.00 -68.66 -48.08
 703.00 -73.47 -29.58
 704.00 -58.55 -40.89
 705.00 -69.61 -42.00
 706.00 -52.46 -48.37
 707.00 -71.08 -35.91
 708.00 -66.65 -34.55
 709.00 -60.86 -42.11
 710.00 -66.59 -43.00
 711.00 -60.38 -41.25
 712.00 -59.34 -45.85
 713.00 -68.23 -44.61
 714.00 -60.41 -38.61
 715.00 -61.59 -38.35
 716.00 -63.55 -44.95
 717.00 -67.30 -39.46
 718.00 -65.58 -46.24
 719.00 -63.72 -36.35
 720.00 -126.47   4.18
 721.00 -67.48   7.39
 722.00 -55.23 127.69
 723.00  93.66 127.79
 724.00 -67.57  -8.98
 725.00 -67.06 -24.15
 726.00 -66.03  -3.61
 727.00 -80.92 -27.88
 728.00 -72.73 147.78
 729.00 -58.29 146.13
 730.00 -66.95 -27.87
 731.00 -76.49 -37.57
 732.00 -62.58 -33.98
 733.00 -63.06 -41.09
 734.00 -70.94 -40.99
 735.00 -63.41 -47.27
 736.00 -70.10 -25.81
 737.00 -81.92 -38.20
 738.00 -83.72 -25.46
 739.00 -76.00 -45.99
 740.00 -50.77  -5.29
 741.00 -79.35 -46.26
 742.00 -60.76 -47.74
 743.00 -69.98 -32.81
 744.00 -74.29 -43.98
 745.00 -55.78 -39.69
 746.00 -70.47 -51.77
 747.00 -58.19 -33.38
 748.00 -65.89 -47.77
 749.00 -71.54 -29.51
 750.00 -77.95 -32.23
 751.00 -50.38 -38.42
 752.00 -57.02 -55.41
 753.00 -73.20 -39.42
 754.00 -86.95 -35.42
 755.00 -108.83 -23.05
 756.00 -140.14 -22.09
 757.00  44.94  16.22
 758.00  53.17  40.05
 759.00 -66.73   0.04
 760.00 -126.29 -23.93
 761.00 -87.28 149.47
 762.00 -73.67  99.60
 763.00 -57.74  62.41
 764.00 -151.15 -50.61
 765.00 -68.75 154.11
 766.00 -85.51 -19.97
 767.00 -127.65 -24.84
 768.00 -83.29  73.68
 769.00 -93.93 133.97
 770.00 -52.35 102.84
 771.00 -55.95 166.03
 772.00 -64.27 -42.24
 773.00 -74.82 -29.77
 774.00 -61.66 -40.63
 775.00 -71.68 -26.70
 776.00 -71.61 -57.46
 777.00 -84.42 -10.06
 778.00  61.31  -3.03
 779.00 -135.35  26.08
 780.00 -59.53  43.23
 781.00 -52.13 -46.21
 782.00 -70.42 -45.22
 783.00 -66.77 -33.44
 784.00 -66.40 -40.60
 785.00 -49.50 -40.80
 786.00 -50.31 -54.11
 787.00 -67.12 -43.40
 788.00 -67.11 -35.12
 789.00 -58.38 -42.38
 790.00 -54.97 -49.61
 791.00 -60.57 -46.77
 792.00 -64.88 -37.33
 793.00 -50.32 -24.42
 794.00 -76.97 -45.72
 795.00 -58.13 -35.73
 796.00 -85.35 -38.60
 797.00  56.48 -24.51
 798.00 -83.97  92.43
 799.00 -94.80 149.57
 800.00 -59.00 151.91
 801.00 -67.91 -28.65
 802.00 -70.52 -39.35
 803.00 -60.29 -39.14
 804.00 -74.77 -39.80
 805.00 -82.21 -24.34
 806.00 -61.64 -47.72
 807.00 -66.90 -47.67
 808.00 -65.65 -24.10
 809.00 -61.25 -54.44
 810.00 -60.92 -30.96
 811.00 -66.02 -29.72
 812.00 -133.27 -11.04
 813.00 -137.35  42.71
 814.00 -152.72  -2.26
 815.00 -142.41 125.81
 816.00 -75.53 178.90
 817.00 -71.81 164.22
 818.00 -72.98 -40.84
 819.00  76.67  -9.91
 820.00 -67.63 -178.12
 821.00 -72.46 179.53
 822.00 -127.40 -23.05
 823.00 -80.38 112.36
 824.00 -47.60 -39.68
 825.00 -78.06 -40.73
 826.00 -76.21 -21.65
 827.00 -60.53 -38.32
 828.00 -63.61 -41.91
 829.00 -69.98 -41.91
 830.00 -65.55 -41.84
 831.00 -69.52 -43.08
 832.00 -56.02 -34.45
 833.00 -75.49 -45.52
 834.00 -62.88 -28.91
 835.00 -71.70 -40.88
 836.00 -71.83 -31.12
 837.00 -56.91 -37.19
 838.00 -65.44 -25.00
 839.00 -119.90 -15.81
 840.00 -72.64 -41.98
 841.00 -67.16  -3.03
 842.00 -63.93 130.67
 843.00 -95.93  46.11
 844.00 -87.74 160.97
 845.00 -70.56 124.82
 846.00 -57.36 -25.64
 847.00 -129.08 -24.62
 848.00 -67.36  64.82
 849.00 -62.48 -22.36
 850.00 -65.50 -26.33
 851.00 -53.66 -46.69
 852.00 -62.96 -40.05
 853.00 -60.77 -40.12
 854.00 -64.94 -46.68
 855.00 -52.23 -49.15
 856.00 -70.04 -41.66
 857.00 -54.12 -47.16
 858.00 -66.93 -44.60
 859.00 -76.51 -36.32
 860.00 -76.13 -27.80
 861.00 -60.54 -35.41
 862.00 -69.21 -35.07
 863.00 -61.52 -45.74
 864.00 -79.45 -12.54
 865.00 -74.45 -30.87
 866.00 -61.73 -25.71
 867.00 -70.92 -44.05
 868.00 -69.27 -22.41
 869.00 -55.47 -41.30
 870.00 -67.08 -49.22
 871.00 -80.16 -26.09
 872.00 -73.14 -30.89
 873.00 -58.77 -49.29
 874.00 -47.28 -50.33
 875.00 -67.77 -45.09
 876.00 -73.67 -52.10
 877.00 -61.67 -22.54
 878.00 -68.02 -45.94
 879.00 -64.76 -35.14
 880.00 -64.31 -37.51
 881.00 -65.10 -42.84
 882.00 -82.51 -34.09
 883.00 -58.32  -6.93
 884.00 -75.08 -40.06
 885.00 -65.93 -32.80
 886.00 -112.97 -21.78
 887.00  51.00  22.22
 888.00 -91.12  33.21
 889.00 -88.36 130.69
 890.00 -119.70 132.22
 891.00 -59.98 128.90
 892.00 -61.89 141.67
 893.00 -65.22 -29.91
 894.00 -93.92 -31.53
 895.00 -64.56 -29.27
 896.00 -67.72 -33.75
 897.00 -71.94 -35.91
 898.00 -79.94 -36.97
 899.00 -89.92 -26.20
 900.00 -112.82 -26.89
 901.00 -89.84 -41.19
 902.00 -71.01 -31.59
 903.00 -52.57 -34.32
 904.00 -57.06 -33.17
 905.00 -80.57 -38.76
 906.00 -86.80 -33.67
 907.00 -76.42 -23.66
 908.00  94.01 -34.35
 909.00 -60.16  10.82
 910.00 -122.98 -25.59
 911.00 -156.27 143.83
 912.00 -76.30 150.52
 913.00 -65.39 152.52
 914.00 -90.07 115.56
 915.00 -60.09 124.33
 916.00 -119.09 -35.81
 917.00 -73.08 146.68


