 residuo Phi Psi
 669.00 -72.61 133.72
 670.00 -75.97 126.53
 671.00 -58.81 112.35
 672.00 -51.46 -37.25
 673.00 -69.22 -42.81
 674.00 -76.60 -32.34
 675.00 -67.61 -31.56
 676.00 -47.86 -57.60
 677.00 -76.90 -38.78
 678.00 -79.02 -25.93
 679.00 -75.40 -43.78
 680.00 -56.66 -11.17
 681.00 -58.96 142.64
 682.00 -73.77 137.39
 683.00 -61.58 -175.00
 684.00 -138.70 143.53
 685.00 -97.02 129.15
 686.00 -76.67 141.57
 687.00  94.96 -21.79
 688.00 -66.94  10.06
 689.00 -113.76 148.09
 690.00 -49.00  80.13
 691.00 -57.06 -30.17
 692.00 -80.05 -21.06
 693.00 -74.65 158.54
 694.00 -53.10 138.67
 695.00 -142.89 120.48
 696.00 -40.95 148.15
 697.00 -61.06 -80.40
 698.00 -63.44 -29.17
 699.00 -65.90 -50.37
 700.00 -55.04 -48.34
 701.00 -71.94 -42.49
 702.00 -70.70 -25.91
 703.00 -74.34 -26.40
 704.00 -63.01 -42.42
 705.00 -62.40 -45.14
 706.00 -51.68 -48.92
 707.00 -30.25 -46.26
 708.00 -55.76 -74.59
 709.00 -54.93 -46.86
 710.00 -70.30 -48.54
 711.00 -59.13 -36.20
 712.00 -70.39 -41.86
 713.00 -63.92 -39.68
 714.00 -64.11 -49.93
 715.00 -55.67 -40.57
 716.00 -55.80 -50.45
 717.00 -78.39 -29.59
 718.00 -58.40 -47.59
 719.00 -62.96 -32.25
 720.00 -92.79 -29.66
 721.00 -68.75   4.37
 722.00 -71.30 140.34
 723.00  72.35 150.50
 724.00 -65.91  -8.41
 725.00 -73.32 -30.39
 726.00 -59.11 -16.20
 727.00 -48.80 -49.32
 728.00 -60.67 154.38
 729.00 -63.38 142.79
 730.00 -78.22 -22.11
 731.00 -57.54 -49.33
 732.00 -50.83 -37.62
 733.00 -92.72 -32.40
 734.00 -57.46 -31.59
 735.00 -68.80 -55.63
 736.00 -56.39 -36.74
 737.00 -64.65 -51.55
 738.00 -69.40 -30.27
 739.00 -90.67 -48.88
 740.00 -45.44 -18.88
 741.00 -64.42 -34.14
 742.00 -61.30 -51.03
 743.00 -70.73 -47.68
 744.00 -83.07 -30.67
 745.00 -61.91 -40.47
 746.00 -71.56 -29.31
 747.00 -54.52 -47.54
 748.00 -70.58 -40.10
 749.00 -50.45 -51.28
 750.00 -78.02 -25.73
 751.00 -61.48 -44.84
 752.00 -61.53 -41.36
 753.00 -51.84 -48.61
 754.00 -79.20 -53.54
 755.00 -96.95 -38.48
 756.00 -138.19 -28.42
 757.00  51.09  41.32
 758.00  71.54  25.92
 759.00 -93.60  16.41
 760.00 -133.71 -29.56
 761.00 -79.35 142.02
 762.00 -88.51 113.28
 763.00 -52.61  57.28
 764.00 -139.73 -61.28
 765.00 -65.30 158.83
 766.00 -91.69 -25.32
 767.00 -135.82  -5.76
 768.00 -87.15  64.89
 769.00 -81.32 132.30
 770.00 -75.96 105.21
 771.00 -45.71 172.49
 772.00 -67.62 -49.48
 773.00 -67.23 -35.15
 774.00 -52.86 -44.86
 775.00 -80.36 -31.49
 776.00 -63.99 -59.18
 777.00 -73.11 -24.60
 778.00  66.56  -9.35
 779.00 -138.52  32.95
 780.00 -59.46  46.77
 781.00 -72.66 -39.23
 782.00 -54.38 -38.47
 783.00 -65.53 -42.40
 784.00 -67.76 -31.99
 785.00 -58.03 -45.56
 786.00 -61.46 -45.41
 787.00 -57.30 -44.92
 788.00 -57.12 -60.32
 789.00 -71.93 -28.89
 790.00 -79.05 -15.49
 791.00 -61.11 -42.66
 792.00 -36.78 -21.71
 793.00 -66.28 -50.44
 794.00 -70.86 -42.57
 795.00 -70.37 -36.94
 796.00 -97.21 -26.98
 797.00  56.23  -2.23
 798.00 -75.61  57.34
 799.00 -85.85 133.76
 800.00 -48.87 147.88
 801.00 -64.12 -36.70
 802.00 -62.00 -47.69
 803.00 -59.62 -45.06
 804.00 -68.69 -47.75
 805.00 -69.90 -40.16
 806.00 -60.12 -35.91
 807.00 -66.74 -44.49
 808.00 -61.08 -39.31
 809.00 -84.37 -33.04
 810.00 -54.97 -22.55
 811.00 -58.75 -35.71
 812.00 -111.78 -27.45
 813.00 -132.07  45.23
 814.00 -153.13  14.60
 815.00 -156.63 132.72
 816.00 -78.74 162.80
 817.00 -58.93 156.09
 818.00 -77.59 -34.19
 819.00  79.18  -6.87
 820.00 -63.75 171.97
 821.00 -76.66 169.60
 822.00 -114.90 -35.99
 823.00 -64.00  85.05
 824.00 -61.56 -32.43
 825.00 -77.79 -42.87
 826.00 -57.65 -24.48
 827.00 -65.22 -50.23
 828.00 -48.16 -45.83
 829.00 -66.04 -57.64
 830.00 -57.90 -39.21
 831.00 -51.39 -54.49
 832.00 -62.05 -44.42
 833.00 -71.14 -38.12
 834.00 -63.50 -30.01
 835.00 -74.73 -41.36
 836.00 -63.34 -37.13
 837.00 -64.89 -40.62
 838.00 -51.19 -54.98
 839.00 -69.00 -16.09
 840.00 -123.76 -28.36
 841.00 -58.31  10.94
 842.00 -73.83 145.92
 843.00 -71.70   8.47
 844.00 -84.44 149.07
 845.00 -52.03 105.30
 846.00 -51.62 -18.85
 847.00 -140.22 -15.26
 848.00 -60.35  95.43
 849.00 -59.72 -17.75
 850.00 -64.24 -48.64
 851.00 -60.78 -39.11
 852.00 -73.77 -34.99
 853.00 -71.56 -40.40
 854.00 -57.19 -31.81
 855.00 -63.32 -50.19
 856.00 -72.35 -42.05
 857.00 -73.47 -32.97
 858.00 -68.82 -27.21
 859.00 -63.66 -43.82
 860.00 -59.58 -43.04
 861.00 -60.97 -40.70
 862.00 -36.68 -61.40
 863.00 -71.28 -47.68
 864.00 -66.12 -31.67
 865.00 -59.02 -15.95
 866.00 -75.63 -37.36
 867.00 -63.63 -30.76
 868.00 -65.02 -38.29
 869.00 -56.78 -41.33
 870.00 -58.68 -50.84
 871.00 -67.21 -39.21
 872.00 -66.57 -43.64
 873.00 -54.59 -36.31
 874.00 -65.02 -43.56
 875.00 -52.69 -53.01
 876.00 -64.23 -52.30
 877.00 -73.45 -33.25
 878.00 -67.21 -42.04
 879.00 -68.96 -39.07
 880.00 -65.45 -31.96
 881.00 -80.54 -34.83
 882.00 -109.18 -20.23
 883.00 -55.69   1.53
 884.00 -73.53 -23.59
 885.00 -71.39 -45.08
 886.00 -108.81 -18.21
 887.00  58.62 -11.45
 888.00 -68.17  26.55
 889.00 -98.35 138.28
 890.00 -88.76 111.37
 891.00 -48.13 115.09
 892.00 -51.44 137.78
 893.00 -69.70 -30.16
 894.00 -87.10 -37.62
 895.00 -64.41 -30.69
 896.00 -60.11 -36.64
 897.00 -78.24 -37.27
 898.00 -63.36 -46.62
 899.00 -80.25 -35.90
 900.00 -131.29 -21.29
 901.00 -102.77 -28.99
 902.00 -66.45 -44.31
 903.00 -67.99 -33.74
 904.00 -59.45 -17.76
 905.00 -88.45 -28.01
 906.00 -74.08 -45.32
 907.00 -66.63 -32.28
 908.00  78.45 -11.15
 909.00 -55.74   0.32
 910.00 -115.87 -29.88
 911.00 -97.70 102.66
 912.00 -66.81 141.68
 913.00 -100.56 151.68
 914.00 -80.19 101.36
 915.00 -76.97 142.18
 916.00 -129.36 -19.87
 917.00 -103.26 171.05


