 residuo Phi Psi
 669.00 -64.38 150.61
 670.00 -89.45 151.31
 671.00 -70.77 161.74
 672.00 -64.56 -19.44
 673.00 -74.17 -29.94
 674.00 -62.41 -27.51
 675.00 -76.09 -38.50
 676.00 -70.17 -33.38
 677.00 -56.86 -38.33
 678.00 -72.11 -37.11
 679.00 -82.25 -36.33
 680.00 -80.72  -1.83
 681.00 -63.26 104.72
 682.00 -54.38 148.87
 683.00 -89.83 154.69
 684.00 -70.44 116.22
 685.00 -76.82 148.14
 686.00 -97.63 159.96
 687.00  54.01   7.08
 688.00 -70.79  24.62
 689.00 -105.65 140.08
 690.00 -64.44  89.94
 691.00 -72.69 -11.71
 692.00 -108.50 -12.23
 693.00 -58.66 157.08
 694.00 -80.62 159.29
 695.00 -166.70 147.08
 696.00 -43.21 154.19
 697.00 -52.84 -62.10
 698.00 -74.36 -44.20
 699.00 -59.27 -46.19
 700.00 -68.84 -52.22
 701.00 -54.91 -35.44
 702.00 -64.92 -48.89
 703.00 -77.15 -31.47
 704.00 -70.07 -36.62
 705.00 -54.66 -39.23
 706.00 -67.08 -49.57
 707.00 -55.52 -35.64
 708.00 -64.81 -41.79
 709.00 -51.92 -53.56
 710.00 -72.69 -40.84
 711.00 -65.60 -38.41
 712.00 -49.46 -34.67
 713.00 -84.27 -41.98
 714.00 -58.58 -22.04
 715.00 -62.87 -57.26
 716.00 -58.17 -34.33
 717.00 -61.69 -49.14
 718.00 -64.14 -41.09
 719.00 -62.38 -44.29
 720.00 -129.68   6.20
 721.00 -74.83  -6.16
 722.00 -65.37 134.06
 723.00  67.59 141.00
 724.00 -55.16  -9.73
 725.00 -36.34 -42.43
 726.00 -70.18 -38.65
 727.00 -63.62 -29.84
 728.00 -67.23 143.75
 729.00 -65.91 153.06
 730.00 -74.69 -29.45
 731.00 -70.96 -29.92
 732.00 -46.58 -47.65
 733.00 -65.85 -51.98
 734.00 -68.30 -32.68
 735.00 -47.77 -55.84
 736.00 -58.52 -46.55
 737.00 -67.81 -58.27
 738.00 -82.21 -18.32
 739.00 -90.26 -45.14
 740.00 -68.66  -7.23
 741.00 -68.35 -38.56
 742.00 -56.68 -33.81
 743.00 -63.85 -52.10
 744.00 -62.98 -38.96
 745.00 -73.84 -45.34
 746.00 -68.16 -39.36
 747.00 -70.67 -37.33
 748.00 -70.29 -29.53
 749.00 -50.56 -47.62
 750.00 -62.69 -52.39
 751.00 -67.17 -47.07
 752.00 -75.80 -40.10
 753.00 -71.19 -21.51
 754.00 -39.35 -77.69
 755.00 -89.27 -46.31
 756.00 -144.71 -31.06
 757.00  47.20  14.04
 758.00  61.35  40.77
 759.00 -61.47   9.87
 760.00 -152.60 -28.46
 761.00 -88.26 146.96
 762.00 -102.65 111.54
 763.00 -48.78  48.71
 764.00 -144.84 -41.05
 765.00 -65.35 161.46
 766.00 -82.66 -28.97
 767.00 -93.68 -37.49
 768.00 -72.55  51.06
 769.00 -90.07 120.55
 770.00 -82.25 106.92
 771.00 -67.71 169.02
 772.00 -66.21 -30.51
 773.00 -68.01 -34.57
 774.00 -63.28 -30.63
 775.00 -83.73 -34.83
 776.00 -73.12 -35.73
 777.00 -70.53 -33.11
 778.00  51.39  -3.61
 779.00 -114.87  36.37
 780.00 -62.41  18.30
 781.00 -65.91 -43.66
 782.00 -63.30 -33.62
 783.00 -55.28 -53.28
 784.00 -51.24 -42.23
 785.00 -76.62 -48.29
 786.00 -73.79 -27.06
 787.00 -71.43 -28.57
 788.00 -70.54 -34.02
 789.00 -60.81 -32.61
 790.00 -55.99 -52.33
 791.00 -71.56 -41.94
 792.00 -73.38 -15.52
 793.00 -64.75 -24.36
 794.00 -102.28 -33.65
 795.00 -80.27 -12.50
 796.00 -101.94 -40.63
 797.00  53.34  -7.85
 798.00 -68.50  69.90
 799.00 -84.28 139.43
 800.00 -45.31 154.98
 801.00 -73.26 -37.79
 802.00 -64.61 -36.48
 803.00 -48.25 -56.54
 804.00 -61.73 -49.35
 805.00 -70.88 -52.35
 806.00 -53.45 -40.05
 807.00 -63.85 -41.15
 808.00 -59.84 -34.65
 809.00 -54.94 -56.11
 810.00 -69.74 -30.33
 811.00 -63.84 -30.30
 812.00 -105.93 -16.84
 813.00 -125.69  34.28
 814.00 -144.28  -3.94
 815.00 -164.88 135.82
 816.00 -52.47 165.46
 817.00 -65.36 156.78
 818.00 -62.97 -31.01
 819.00  88.00 -46.92
 820.00 -68.10 160.29
 821.00 -58.57 153.13
 822.00 -123.88 -27.54
 823.00 -78.04  59.01
 824.00 -65.61 -36.33
 825.00 -71.02 -26.39
 826.00 -65.29 -38.65
 827.00 -61.83 -45.41
 828.00 -59.83 -34.23
 829.00 -62.83 -49.40
 830.00 -62.47 -39.35
 831.00 -72.24 -46.77
 832.00 -49.39 -46.11
 833.00 -68.49 -43.85
 834.00 -60.22 -31.61
 835.00 -70.99 -52.51
 836.00 -71.95 -39.65
 837.00 -64.46 -29.08
 838.00 -47.99 -57.36
 839.00 -55.99 -40.87
 840.00 -109.17 -37.22
 841.00 -68.67  15.79
 842.00 -56.78 135.84
 843.00 -155.42  94.30
 844.00 -67.14 141.53
 845.00 -58.70 107.70
 846.00 -66.67 -17.08
 847.00 -124.35  -7.41
 848.00 -56.69  75.63
 849.00 -72.43 -25.70
 850.00 -72.23 -24.24
 851.00 -55.43 -51.67
 852.00 -68.46 -35.87
 853.00 -63.35 -49.46
 854.00 -51.53 -42.33
 855.00 -69.22 -57.68
 856.00 -51.99 -34.81
 857.00 -82.24 -43.69
 858.00 -64.74 -23.62
 859.00 -69.53 -48.56
 860.00 -53.96 -29.47
 861.00 -70.16 -54.27
 862.00 -66.01 -31.85
 863.00 -69.22 -33.19
 864.00 -77.83 -28.95
 865.00 -74.28 -33.70
 866.00 -60.92 -23.64
 867.00 -78.40 -41.56
 868.00 -73.05 -15.99
 869.00 -58.23 -44.28
 870.00 -70.85 -31.34
 871.00 -56.62 -39.76
 872.00 -91.72 -40.46
 873.00 -54.18 -37.91
 874.00 -67.01 -48.50
 875.00 -56.69 -35.44
 876.00 -61.86 -52.87
 877.00 -73.73 -33.78
 878.00 -86.72 -30.27
 879.00 -67.89 -26.29
 880.00 -61.45 -51.87
 881.00 -68.73 -20.64
 882.00 -139.10 -17.87
 883.00 -59.58  21.58
 884.00 -76.16 -44.75
 885.00 -61.29 -35.21
 886.00 -118.51 -20.12
 887.00  60.55   4.74
 888.00 -105.87  47.31
 889.00 -82.61 125.16
 890.00 -149.66 144.44
 891.00 -71.38 111.21
 892.00 -52.00 135.51
 893.00 -56.77 -45.74
 894.00 -83.77 -39.80
 895.00 -64.24 -38.58
 896.00 -79.69 -18.15
 897.00 -67.45 -36.76
 898.00 -59.66 -40.52
 899.00 -71.55 -38.01
 900.00 -99.41 -48.13
 901.00 -97.15 -35.59
 902.00 -48.51 -42.61
 903.00 -58.94 -51.85
 904.00 -64.91 -31.88
 905.00 -60.91 -39.46
 906.00 -72.58 -44.62
 907.00 -62.52 -43.17
 908.00  73.61 -14.24
 909.00 -73.63  22.06
 910.00 -92.35 -39.01
 911.00 -131.93 132.85
 912.00 -85.16 150.42
 913.00 -80.02 142.71
 914.00 -47.25  68.46
 915.00 -73.08 124.30
 916.00 -100.62 -37.58
 917.00 -118.04 145.76


