 residuo Phi Psi
 669.00 -62.05 133.73
 670.00 -68.10 153.65
 671.00 -58.01 154.25
 672.00 -60.39 -57.96
 673.00 -69.82 -34.34
 674.00 -61.63 -35.50
 675.00 -70.60 -44.02
 676.00 -72.22 -30.57
 677.00 -75.03 -30.23
 678.00 -67.64 -29.00
 679.00 -75.78 -52.04
 680.00 -65.66  -0.87
 681.00 -49.98 115.91
 682.00 -56.92 146.95
 683.00 -70.42 161.90
 684.00 -124.54 137.02
 685.00 -72.64 122.80
 686.00 -75.51 144.36
 687.00  71.83  -0.06
 688.00 -75.63  12.13
 689.00 -94.89 137.82
 690.00 -90.43 106.18
 691.00 -82.74  -2.80
 692.00 -144.26  29.92
 693.00 -56.91 161.61
 694.00 -79.03 144.97
 695.00 -145.87 148.40
 696.00 -60.56 171.01
 697.00 -58.65 -59.10
 698.00 -59.70 -45.46
 699.00 -74.80 -34.08
 700.00 -65.19 -58.40
 701.00 -69.20 -27.61
 702.00 -72.26 -34.75
 703.00 -69.12 -33.11
 704.00 -78.18 -23.58
 705.00 -49.81 -45.99
 706.00 -57.03 -51.85
 707.00 -61.59 -33.99
 708.00 -50.03 -51.51
 709.00 -61.02 -50.60
 710.00 -71.71 -40.02
 711.00 -56.77 -44.66
 712.00 -52.33 -50.11
 713.00 -81.38 -35.54
 714.00 -57.50 -41.41
 715.00 -71.10 -35.02
 716.00 -50.98 -46.05
 717.00 -54.97 -50.01
 718.00 -80.26 -47.27
 719.00 -67.43 -21.72
 720.00 -80.77 -29.70
 721.00 -63.23 -32.17
 722.00 -58.41 123.89
 723.00  56.66 145.11
 724.00 -58.26   2.74
 725.00 -70.70 -40.07
 726.00 -61.30   7.80
 727.00 -97.23  -7.93
 728.00 -87.20 154.98
 729.00 -47.62 150.78
 730.00 -63.97 -39.23
 731.00 -69.49 -39.93
 732.00 -51.18 -42.34
 733.00 -48.05 -61.87
 734.00 -56.95 -43.93
 735.00 -70.43 -56.97
 736.00 -52.09 -38.36
 737.00 -52.91 -58.45
 738.00 -74.55 -42.17
 739.00 -95.78 -33.23
 740.00 -60.52   4.23
 741.00 -58.90 -51.36
 742.00 -54.28 -43.88
 743.00 -55.07 -68.00
 744.00 -54.69 -49.37
 745.00 -63.85 -43.72
 746.00 -69.29 -41.06
 747.00 -72.45 -39.14
 748.00 -74.96 -31.60
 749.00 -50.95 -48.20
 750.00 -65.43 -44.86
 751.00 -47.49 -52.08
 752.00 -69.40 -40.04
 753.00 -57.69 -44.95
 754.00 -104.25 -20.54
 755.00 -111.10 -27.69
 756.00 -148.61 -18.01
 757.00  53.27  27.49
 758.00  66.29  13.94
 759.00 -52.77   1.56
 760.00 -138.52 -31.19
 761.00 -91.50 153.33
 762.00 -93.96 111.96
 763.00 -52.33  59.25
 764.00 -134.93 -62.92
 765.00 -55.10 161.87
 766.00 -107.17 -22.38
 767.00 -129.99  -4.06
 768.00 -90.45  67.69
 769.00 -96.12 133.07
 770.00 -56.63 104.89
 771.00 -50.25 163.24
 772.00 -56.94 -44.66
 773.00 -78.16 -28.63
 774.00 -64.00 -27.44
 775.00 -69.37 -34.32
 776.00 -61.30 -56.07
 777.00 -67.85 -47.42
 778.00  56.37  -3.49
 779.00 -141.62  49.87
 780.00 -68.33  24.32
 781.00 -59.61 -45.31
 782.00 -55.65 -47.42
 783.00 -67.44 -49.59
 784.00 -63.06 -33.55
 785.00 -63.38 -37.02
 786.00 -73.63 -35.43
 787.00 -51.94 -40.44
 788.00 -67.68 -46.27
 789.00 -77.29 -36.58
 790.00 -55.92 -35.65
 791.00 -71.38 -39.33
 792.00 -78.53 -16.49
 793.00 -53.04 -35.87
 794.00 -68.26 -47.48
 795.00 -49.50 -37.35
 796.00 -90.33 -55.60
 797.00  57.71   2.17
 798.00 -58.53  49.92
 799.00 -97.14 138.56
 800.00 -51.69 156.29
 801.00 -65.22 -40.41
 802.00 -86.12 -33.29
 803.00 -48.66 -38.31
 804.00 -62.08 -49.17
 805.00 -78.86 -36.12
 806.00 -58.95 -44.02
 807.00 -56.58 -48.49
 808.00 -56.07 -42.29
 809.00 -54.23 -56.58
 810.00 -69.12 -20.40
 811.00 -65.43 -23.04
 812.00 -137.69 -10.69
 813.00 -141.99  47.81
 814.00 -154.05   5.02
 815.00 -161.35 138.42
 816.00 -47.20 160.02
 817.00 -76.66 150.72
 818.00 -136.52  18.19
 819.00  78.99  -2.17
 820.00 -92.29 173.23
 821.00 -59.62 160.26
 822.00 -118.14 -28.25
 823.00 -64.06  43.88
 824.00 -60.57 -42.29
 825.00 -74.17 -28.18
 826.00 -66.96 -37.22
 827.00 -51.28 -47.53
 828.00 -62.14 -46.57
 829.00 -69.30 -51.65
 830.00 -51.66 -40.44
 831.00 -81.15 -41.05
 832.00 -57.74 -25.15
 833.00 -62.10 -54.25
 834.00 -49.20 -37.34
 835.00 -61.97 -60.34
 836.00 -73.89 -22.67
 837.00 -68.79 -50.87
 838.00 -52.92 -37.74
 839.00 -82.74 -31.23
 840.00 -100.94 -42.02
 841.00 -50.60  16.51
 842.00 -94.24 134.72
 843.00 -127.93  58.58
 844.00 -101.94 168.38
 845.00 -52.41 111.59
 846.00 -61.87 -29.01
 847.00 -116.82 -21.13
 848.00 -61.54  68.72
 849.00 -56.22 -36.45
 850.00 -56.41 -35.97
 851.00 -66.48 -52.53
 852.00 -78.23 -30.07
 853.00 -60.85 -33.83
 854.00 -64.48 -46.70
 855.00 -60.11 -43.21
 856.00 -61.88 -46.12
 857.00 -68.92 -40.71
 858.00 -66.04 -28.42
 859.00 -82.70 -46.79
 860.00 -61.05 -27.40
 861.00 -63.67 -36.58
 862.00 -68.20 -49.55
 863.00 -83.65 -13.41
 864.00 -78.36 -27.29
 865.00 -76.94 -18.01
 866.00 -56.97 -33.88
 867.00 -70.83 -49.29
 868.00 -77.12 -19.65
 869.00 -69.92 -33.40
 870.00 -58.27 -31.29
 871.00 -66.04 -44.54
 872.00 -77.14 -37.74
 873.00 -70.95 -24.49
 874.00 -66.50 -46.32
 875.00 -73.49 -25.58
 876.00 -70.59 -41.23
 877.00 -79.76 -14.99
 878.00 -50.88 -49.74
 879.00 -71.55 -38.46
 880.00 -80.58 -30.54
 881.00 -73.51 -17.67
 882.00 -132.52 -19.15
 883.00 -55.62  19.26
 884.00 -71.06 -56.27
 885.00 -73.89 -24.02
 886.00 -83.05 -44.24
 887.00  56.04   4.22
 888.00 -79.70  29.75
 889.00 -89.20 127.32
 890.00 -112.30 127.30
 891.00 -69.73 126.00
 892.00 -68.35 138.61
 893.00 -58.76 -33.84
 894.00 -76.26 -36.12
 895.00 -57.00 -41.34
 896.00 -54.89 -46.31
 897.00 -58.26 -33.86
 898.00 -67.49 -47.75
 899.00 -81.13 -30.67
 900.00 -118.39 -37.51
 901.00 -77.46 -51.53
 902.00 -58.86 -38.12
 903.00 -44.58 -44.10
 904.00 -70.38 -37.10
 905.00 -60.85 -39.64
 906.00 -65.00 -53.55
 907.00 -74.32 -36.40
 908.00  78.85   0.87
 909.00 -99.28  17.96
 910.00 -96.07 -29.24
 911.00 -134.17 132.35
 912.00 -65.60 139.50
 913.00 -92.60 159.81
 914.00 -66.27  82.34
 915.00 -59.67 112.30
 916.00 -101.54 -33.35
 917.00 -146.84  31.63


