 residuo Phi Psi
 669.00 -45.96 146.21
 670.00 -70.05 119.62
 671.00 -134.44 157.54
 672.00 -35.36 -17.35
 673.00 -57.12 -61.41
 674.00 -64.17 -43.27
 675.00 -86.32 -23.25
 676.00 -59.74 -34.38
 677.00 -65.95 -44.42
 678.00 -73.24 -27.22
 679.00 -87.79 -35.40
 680.00 -55.01 -18.40
 681.00 -87.67 116.01
 682.00 -67.36 178.65
 683.00 -75.49 157.17
 684.00 -85.67 118.02
 685.00 -70.05 120.58
 686.00 -86.54 152.24
 687.00  87.47 -24.69
 688.00 -62.24  16.88
 689.00 -106.41 135.17
 690.00 -61.47 136.85
 691.00 -67.12 -21.34
 692.00 -72.76 -11.80
 693.00 -59.78 156.06
 694.00 -85.25 135.72
 695.00 -109.29  58.74
 696.00 -48.65 169.37
 697.00 -55.94 -61.07
 698.00 -76.59 -45.63
 699.00 -58.70 -49.73
 700.00 -68.61 -52.71
 701.00 -70.71 -35.07
 702.00 -67.74 -33.38
 703.00 -71.58 -36.47
 704.00 -46.32 -38.85
 705.00 -69.16 -42.38
 706.00 -63.07 -44.02
 707.00 -64.08 -33.31
 708.00 -65.57 -48.24
 709.00 -61.22 -37.45
 710.00 -66.20 -40.52
 711.00 -55.63 -50.94
 712.00 -67.55 -30.49
 713.00 -61.47 -51.36
 714.00 -62.85 -35.20
 715.00 -66.30 -46.11
 716.00 -68.86 -32.62
 717.00 -70.42 -33.62
 718.00 -53.26 -53.38
 719.00 -56.48 -34.96
 720.00 -144.71  -1.56
 721.00 -53.94  10.18
 722.00 -55.22 150.53
 723.00  58.93 136.73
 724.00 -60.70   2.74
 725.00 -81.42 -20.90
 726.00 -64.24  -3.24
 727.00 -75.54 -26.47
 728.00 -67.92 140.61
 729.00 -51.63 149.81
 730.00 -69.55 -30.87
 731.00 -55.99 -48.62
 732.00 -71.62 -38.08
 733.00 -62.74 -46.60
 734.00 -71.05 -24.04
 735.00 -66.97 -53.89
 736.00 -52.47 -32.32
 737.00 -79.14 -35.41
 738.00 -53.82 -55.62
 739.00 -82.75 -46.18
 740.00 -42.71  -7.84
 741.00 -60.98 -62.32
 742.00 -64.03 -44.49
 743.00 -74.79 -47.50
 744.00 -65.71 -43.38
 745.00 -63.26 -42.59
 746.00 -38.39 -53.39
 747.00 -58.23 -54.24
 748.00 -65.71 -46.56
 749.00 -57.62 -34.76
 750.00 -74.39 -48.33
 751.00 -47.52 -44.97
 752.00 -55.80 -52.82
 753.00 -58.25 -41.14
 754.00 -87.75 -52.35
 755.00 -115.00 -13.94
 756.00 -142.86 -31.76
 757.00  42.66  33.93
 758.00  63.88  48.29
 759.00 -79.93   2.11
 760.00 -100.83 -49.27
 761.00 -93.79 164.64
 762.00 -86.32 108.12
 763.00 -55.03  59.90
 764.00 -153.20 -49.59
 765.00 -48.31 146.87
 766.00 -82.51 -40.40
 767.00 -132.51 -21.88
 768.00 -88.32  77.75
 769.00 -87.59 134.64
 770.00 -82.86 112.48
 771.00 -73.38 -175.54
 772.00 -68.44 -28.44
 773.00 -73.37 -37.04
 774.00 -60.32 -32.28
 775.00 -62.65 -40.55
 776.00 -63.67 -51.84
 777.00 -84.43 -31.02
 778.00  54.28  -0.68
 779.00 -69.73 -17.72
 780.00 -70.37  48.67
 781.00 -64.33 -49.50
 782.00 -71.26 -34.22
 783.00 -58.82 -38.65
 784.00 -68.71 -39.27
 785.00 -65.33 -38.61
 786.00 -60.15 -40.39
 787.00 -60.76 -43.28
 788.00 -60.63 -44.07
 789.00 -57.78 -44.51
 790.00 -84.08 -31.38
 791.00 -76.57 -28.25
 792.00 -78.92 -19.67
 793.00 -63.15 -22.28
 794.00 -88.47 -33.18
 795.00 -63.09 -41.53
 796.00 -59.81 -48.47
 797.00  53.57 -18.64
 798.00 -69.26  59.02
 799.00 -83.53 131.58
 800.00 -48.86 151.62
 801.00 -64.90 -46.36
 802.00 -64.73 -40.55
 803.00 -66.47 -37.11
 804.00 -64.72 -40.35
 805.00 -74.05 -48.81
 806.00 -82.22 -26.71
 807.00 -60.68 -44.97
 808.00 -58.78 -31.36
 809.00 -57.50 -57.88
 810.00 -72.14 -23.90
 811.00 -72.32 -14.99
 812.00 -101.59 -25.00
 813.00 -127.66  36.61
 814.00 -154.72  -4.48
 815.00 -147.71 123.24
 816.00 -66.04 165.07
 817.00 -56.67 152.44
 818.00 -64.97 -41.32
 819.00  73.20 -22.12
 820.00 -65.85 163.01
 821.00 -69.49 174.72
 822.00 -91.88 -43.44
 823.00 -55.43  35.20
 824.00 -55.91 -39.02
 825.00 -76.29 -38.43
 826.00 -62.28 -28.96
 827.00 -52.52 -52.80
 828.00 -63.59 -38.99
 829.00 -58.65 -51.57
 830.00 -62.85 -39.56
 831.00 -54.40 -51.32
 832.00 -72.04 -44.87
 833.00 -75.50 -41.82
 834.00 -59.79 -24.40
 835.00 -76.98 -42.84
 836.00 -73.23 -42.99
 837.00 -64.76 -33.72
 838.00 -58.03 -51.38
 839.00 -64.15 -22.40
 840.00 -111.63 -36.32
 841.00 -47.77 -16.12
 842.00 -60.95 137.15
 843.00 -67.63  16.15
 844.00 -72.03 164.05
 845.00 -64.82  98.58
 846.00 -74.39 -34.45
 847.00 -140.32  -0.18
 848.00 -59.36  91.98
 849.00 -47.73 -24.53
 850.00 -80.81 -29.14
 851.00 -66.15 -38.03
 852.00 -63.24 -36.90
 853.00 -61.35 -50.50
 854.00 -66.39 -36.07
 855.00 -66.70 -38.75
 856.00 -54.84 -39.78
 857.00 -61.20 -46.75
 858.00 -77.41 -38.13
 859.00 -76.53 -36.00
 860.00 -57.69 -31.65
 861.00 -60.49 -42.10
 862.00 -60.08 -49.59
 863.00 -73.48 -38.83
 864.00 -63.54 -40.68
 865.00 -69.47 -29.25
 866.00 -75.26 -22.53
 867.00 -65.87 -31.72
 868.00 -60.60 -36.76
 869.00 -65.11 -46.52
 870.00 -73.03 -24.76
 871.00 -72.45 -36.70
 872.00 -74.27 -33.31
 873.00 -69.72 -27.92
 874.00 -59.29 -52.30
 875.00 -74.84 -29.02
 876.00 -67.36 -53.11
 877.00 -63.02 -27.79
 878.00 -65.68 -61.68
 879.00 -74.12 -22.44
 880.00 -79.39 -39.57
 881.00 -52.36 -38.68
 882.00 -84.91 -53.41
 883.00 -57.47  13.84
 884.00 -70.52 -35.82
 885.00 -79.67 -21.20
 886.00 -116.80 -24.30
 887.00  47.04   1.02
 888.00 -86.62  44.42
 889.00 -91.79 127.31
 890.00 -126.90 130.85
 891.00 -48.15 124.17
 892.00 -59.46 138.42
 893.00 -74.18 -25.24
 894.00 -63.84 -45.12
 895.00 -61.36 -44.16
 896.00 -75.43 -25.87
 897.00 -62.36 -52.36
 898.00 -76.46 -32.93
 899.00 -98.78 -38.71
 900.00 -118.23 -12.26
 901.00 -114.41 -27.66
 902.00 -56.68 -46.14
 903.00 -66.44 -37.42
 904.00 -62.27 -20.19
 905.00 -84.29 -28.76
 906.00 -64.62 -44.25
 907.00 -96.04 -14.86
 908.00  72.47 -13.39
 909.00 -55.09   6.52
 910.00 -112.00 -31.99
 911.00 -136.89 134.86
 912.00 -58.14 145.24
 913.00 -94.59 150.85
 914.00 -89.46 106.92
 915.00 -99.14 151.70
 916.00 -122.14 -21.10
 917.00 -70.61 136.41


