 residuo Phi Psi
 669.00 -71.13 134.35
 670.00 -73.99 135.33
 671.00 -75.10  76.80
 672.00 -70.75 -38.43
 673.00 -63.10 -25.38
 674.00 -67.86 -36.88
 675.00 -76.35 -27.00
 676.00 -64.12 -57.65
 677.00 -59.75 -42.35
 678.00 -64.13 -43.89
 679.00 -86.46 -36.53
 680.00 -61.07 -11.08
 681.00 -69.55 135.82
 682.00 -70.46 150.12
 683.00 -70.73 170.92
 684.00 -133.25 147.71
 685.00 -87.95 127.86
 686.00 -76.65 141.76
 687.00  75.64 -19.92
 688.00 -89.93  20.01
 689.00 -78.60 102.08
 690.00 -71.08 102.88
 691.00 -79.63  11.35
 692.00 -64.17 -28.92
 693.00 -82.83 141.86
 694.00 -84.44 156.51
 695.00 -156.15 124.44
 696.00 -45.91 151.35
 697.00 -67.99 -60.28
 698.00 -64.01 -33.47
 699.00 -74.21 -46.27
 700.00 -69.89 -43.04
 701.00 -62.49 -31.34
 702.00 -68.18 -35.26
 703.00 -75.04 -35.11
 704.00 -67.26 -34.40
 705.00 -72.72 -33.25
 706.00 -62.17 -39.67
 707.00 -51.54 -24.84
 708.00 -71.68 -52.61
 709.00 -58.39 -45.63
 710.00 -73.78 -38.34
 711.00 -52.63 -52.28
 712.00 -63.08 -35.23
 713.00 -65.22 -44.43
 714.00 -66.90 -44.97
 715.00 -78.48 -38.82
 716.00 -60.49 -32.07
 717.00 -64.63 -46.02
 718.00 -64.78 -37.32
 719.00 -53.24 -50.40
 720.00 -82.23 -37.42
 721.00 -68.93  -5.93
 722.00 -61.86 142.24
 723.00  75.62 124.17
 724.00 -56.60   5.69
 725.00 -91.98 -34.44
 726.00 -58.75  14.84
 727.00 -60.73 -39.12
 728.00 -58.29 161.58
 729.00 -59.33 151.81
 730.00 -70.41 -46.98
 731.00 -83.74 -19.89
 732.00 -53.97 -31.72
 733.00 -70.64 -52.24
 734.00 -63.57 -37.41
 735.00 -69.43 -51.08
 736.00 -62.88 -26.48
 737.00 -84.55 -35.17
 738.00 -111.43  -5.74
 739.00 -74.34 -43.56
 740.00 -50.32 -26.72
 741.00 -56.36 -48.18
 742.00 -62.24 -52.03
 743.00 -76.39 -36.69
 744.00 -57.52 -39.45
 745.00 -47.10 -55.94
 746.00 -42.94 -54.36
 747.00 -67.01 -54.85
 748.00 -63.31 -40.96
 749.00 -62.36 -37.27
 750.00 -64.64 -36.31
 751.00 -61.90 -40.18
 752.00 -71.00 -36.90
 753.00 -48.29 -42.85
 754.00 -99.87 -57.16
 755.00 -136.98  14.98
 756.00 -127.48 -33.61
 757.00  41.79  32.70
 758.00  58.44  35.33
 759.00 -80.59  -0.93
 760.00 -134.13 -17.38
 761.00 -92.62 161.38
 762.00 -102.15 128.09
 763.00 -64.29  68.49
 764.00 -151.38 -32.22
 765.00 -64.42 173.62
 766.00 -91.35 -36.98
 767.00 -126.30 -13.38
 768.00 -80.20  65.94
 769.00 -102.82 134.71
 770.00 -65.06 101.69
 771.00 -61.63 175.07
 772.00 -75.61 -26.64
 773.00 -66.31 -30.26
 774.00 -68.40 -31.84
 775.00 -61.96 -42.39
 776.00 -57.64 -56.16
 777.00 -70.96 -48.08
 778.00  52.13 -10.38
 779.00 -124.62  40.72
 780.00 -70.12  44.65
 781.00 -59.24 -45.39
 782.00 -61.78 -46.30
 783.00 -59.14 -37.75
 784.00 -72.87 -36.66
 785.00 -57.91 -47.45
 786.00 -60.50 -52.66
 787.00 -55.06 -39.90
 788.00 -52.45 -56.04
 789.00 -60.06 -36.67
 790.00 -64.16 -32.06
 791.00 -58.37 -41.08
 792.00 -43.68 -29.60
 793.00 -64.02 -47.58
 794.00 -83.15 -31.35
 795.00 -53.14 -52.56
 796.00 -81.84 -47.45
 797.00  50.02  -4.92
 798.00 -84.55  62.40
 799.00 -79.20 125.14
 800.00 -56.53 157.59
 801.00 -70.52 -37.19
 802.00 -65.33 -42.76
 803.00 -59.06 -42.88
 804.00 -66.02 -47.02
 805.00 -77.91 -36.28
 806.00 -55.19 -35.63
 807.00 -75.66 -48.24
 808.00 -54.99 -28.44
 809.00 -59.59 -49.12
 810.00 -73.15 -25.81
 811.00 -81.04  -8.43
 812.00 -117.81 -19.61
 813.00 -141.97  44.50
 814.00 -152.08  21.06
 815.00 -149.32 121.81
 816.00 -53.42 162.43
 817.00 -57.03 140.48
 818.00 -67.40 -41.54
 819.00  79.42   2.01
 820.00 -69.31 164.03
 821.00 -47.36 165.67
 822.00 -137.17 -37.05
 823.00 -74.64 100.71
 824.00 -75.97 -21.67
 825.00 -77.19 -27.28
 826.00 -75.98 -35.19
 827.00 -49.27 -48.19
 828.00 -83.16 -37.41
 829.00 -67.61 -38.80
 830.00 -58.65 -44.50
 831.00 -71.47 -36.33
 832.00 -56.46 -42.16
 833.00 -64.88 -51.79
 834.00 -79.78 -10.35
 835.00 -59.12 -49.62
 836.00 -70.02 -37.16
 837.00 -72.63 -27.87
 838.00 -52.06 -45.68
 839.00 -65.17 -32.63
 840.00 -127.23 -25.56
 841.00 -59.94   5.92
 842.00 -75.02 143.15
 843.00 -149.42  90.64
 844.00 -86.50 173.30
 845.00 -66.17 105.69
 846.00 -52.04 -12.21
 847.00 -138.47 -27.79
 848.00 -66.90  91.24
 849.00 -68.24  -7.80
 850.00 -76.09 -27.26
 851.00 -69.98 -37.60
 852.00 -65.01 -34.37
 853.00 -66.25 -36.78
 854.00 -51.68 -49.26
 855.00 -60.25 -54.76
 856.00 -48.16 -47.11
 857.00 -60.48 -45.39
 858.00 -79.28 -34.39
 859.00 -65.65 -35.20
 860.00 -63.07 -40.36
 861.00 -60.78 -41.99
 862.00 -66.85 -45.83
 863.00 -59.68 -40.63
 864.00 -81.67 -27.32
 865.00 -78.55 -15.11
 866.00 -47.96 -43.26
 867.00 -69.26 -46.71
 868.00 -75.50 -20.35
 869.00 -53.43 -49.66
 870.00 -51.05 -53.08
 871.00 -76.23 -41.64
 872.00 -71.70 -34.02
 873.00 -41.90 -43.45
 874.00 -67.52 -51.72
 875.00 -66.89 -42.99
 876.00 -66.41 -40.15
 877.00 -70.07 -41.10
 878.00 -50.12 -46.00
 879.00 -85.95 -30.50
 880.00 -70.89 -25.09
 881.00 -48.94 -51.29
 882.00 -113.32 -29.32
 883.00 -59.02   4.34
 884.00 -66.08 -42.12
 885.00 -86.74 -31.42
 886.00 -113.54 -12.63
 887.00  57.42   2.31
 888.00 -74.63  22.81
 889.00 -97.17 135.02
 890.00 -131.76 146.45
 891.00 -66.08 148.75
 892.00 -62.86 135.16
 893.00 -51.38 -46.40
 894.00 -65.01 -46.65
 895.00 -68.40 -44.39
 896.00 -57.41 -35.83
 897.00 -62.62 -35.53
 898.00 -63.99 -51.50
 899.00 -65.31 -62.71
 900.00 -111.52 -19.17
 901.00 -109.86 -39.45
 902.00 -62.04 -37.57
 903.00 -66.65 -27.78
 904.00 -64.58 -31.22
 905.00 -76.67 -27.53
 906.00 -68.70 -47.20
 907.00 -65.80 -36.76
 908.00  75.94  -7.88
 909.00 -77.16   5.11
 910.00 -106.72 -22.27
 911.00 -118.57 131.49
 912.00 -76.95 138.22
 913.00 -73.23 137.23
 914.00 -99.00 128.75
 915.00 -77.80 148.03
 916.00 -128.18 -16.79
 917.00 -145.07 156.16


