 residuo Phi Psi
 669.00 -89.49 160.63
 670.00 -58.01 167.32
 671.00 -60.45 126.10
 672.00 -47.45 -31.21
 673.00 -82.74 -41.06
 674.00 -68.08 -23.64
 675.00 -64.44 -46.55
 676.00 -67.61 -33.71
 677.00 -76.51 -37.49
 678.00 -59.28 -30.88
 679.00 -86.37 -44.87
 680.00 -57.01  -6.88
 681.00 -68.22 111.20
 682.00 -72.08 168.47
 683.00 -65.79 156.11
 684.00 -131.00 153.11
 685.00 -85.77 130.83
 686.00 -74.10 149.48
 687.00  83.55 -18.91
 688.00 -84.49  25.49
 689.00 -123.15 158.30
 690.00 -61.92  92.83
 691.00 -67.17  -6.70
 692.00 -102.30 -18.25
 693.00 -64.74 153.52
 694.00 -67.67 145.08
 695.00 -163.37 144.12
 696.00 -54.41 153.58
 697.00 -67.82 -45.54
 698.00 -65.40 -49.34
 699.00 -83.88 -32.70
 700.00 -73.83 -44.61
 701.00 -58.79 -35.55
 702.00 -78.49 -30.63
 703.00 -69.54 -33.04
 704.00 -42.23 -55.60
 705.00 -61.64 -48.63
 706.00 -73.69 -39.34
 707.00 -65.93 -30.14
 708.00 -61.18 -35.32
 709.00 -65.48 -51.33
 710.00 -67.79 -38.02
 711.00 -59.53 -39.80
 712.00 -53.00 -41.76
 713.00 -85.41 -38.01
 714.00 -53.42 -44.61
 715.00 -77.81 -33.85
 716.00 -70.96 -31.73
 717.00 -60.91 -28.00
 718.00 -61.13 -56.85
 719.00 -58.33 -37.95
 720.00 -117.11 -14.80
 721.00 -74.00   0.48
 722.00 -55.90 131.62
 723.00  70.13 134.87
 724.00 -56.23 -10.71
 725.00 -69.24 -42.57
 726.00 -56.23  -2.42
 727.00 -72.40 -25.77
 728.00 -62.34 140.79
 729.00 -58.93 147.41
 730.00 -71.75 -25.97
 731.00 -98.90 -25.07
 732.00 -47.06 -40.05
 733.00 -66.49 -51.38
 734.00 -71.99 -31.91
 735.00 -67.10 -51.63
 736.00 -55.22 -29.72
 737.00 -62.50 -53.68
 738.00 -78.30 -35.69
 739.00 -92.52 -33.29
 740.00 -60.24  -4.17
 741.00 -70.91 -35.73
 742.00 -74.51 -49.53
 743.00 -53.69 -35.87
 744.00 -80.62 -52.65
 745.00 -61.89 -35.36
 746.00 -54.17 -45.19
 747.00 -71.25 -48.77
 748.00 -73.18 -32.81
 749.00 -62.63 -30.05
 750.00 -66.29 -37.20
 751.00 -65.46 -47.23
 752.00 -57.04 -44.86
 753.00 -81.85 -36.44
 754.00 -78.85 -43.70
 755.00 -106.87 -21.47
 756.00 -141.89 -33.78
 757.00  36.46  36.05
 758.00  57.55  52.95
 759.00 -73.20   1.59
 760.00 -99.18 -46.88
 761.00 -87.61 157.93
 762.00 -84.28 111.13
 763.00 -54.82  54.74
 764.00 -137.77 -55.26
 765.00 -47.73 160.74
 766.00 -101.06 -36.88
 767.00 -143.92   5.62
 768.00 -98.40  86.92
 769.00 -103.86 143.03
 770.00 -81.49 116.62
 771.00 -60.19 175.23
 772.00 -68.77 -30.78
 773.00 -59.38 -42.88
 774.00 -55.94 -43.05
 775.00 -77.57 -43.74
 776.00 -65.58 -55.03
 777.00 -75.18 -30.28
 778.00  55.14   2.68
 779.00 -120.41  29.95
 780.00 -55.54  20.15
 781.00 -58.36 -52.58
 782.00 -65.09 -45.62
 783.00 -66.91 -35.20
 784.00 -67.71 -45.35
 785.00 -61.60 -34.71
 786.00 -63.66 -34.55
 787.00 -64.73 -46.15
 788.00 -54.30 -48.00
 789.00 -60.97 -34.82
 790.00 -60.96 -54.18
 791.00 -78.43 -29.00
 792.00 -68.59 -22.00
 793.00 -56.86 -27.87
 794.00 -77.65 -37.09
 795.00 -63.05 -33.32
 796.00 -82.34 -39.04
 797.00  45.65 -10.32
 798.00 -68.82  51.25
 799.00 -85.04 137.17
 800.00 -67.18 157.47
 801.00 -46.73 -27.00
 802.00 -75.22 -57.82
 803.00 -58.37 -36.33
 804.00 -47.44 -50.05
 805.00 -63.07 -57.61
 806.00 -78.97 -29.08
 807.00 -71.98 -33.46
 808.00 -48.13 -40.64
 809.00 -61.02 -63.30
 810.00 -75.31 -15.48
 811.00 -78.56 -15.55
 812.00 -122.18 -15.18
 813.00 -133.21  51.02
 814.00 -150.96  -9.87
 815.00 -146.56 125.62
 816.00 -57.83 168.99
 817.00 -53.22 152.57
 818.00 -92.40 -32.80
 819.00  80.62 -13.23
 820.00 -84.17 173.91
 821.00 -54.77 168.49
 822.00 -92.64 -46.51
 823.00 -59.72  33.91
 824.00 -64.76 -36.14
 825.00 -60.45 -44.86
 826.00 -57.03 -44.47
 827.00 -58.22 -51.71
 828.00 -76.09 -26.84
 829.00 -72.22 -44.67
 830.00 -53.38 -42.88
 831.00 -64.77 -50.33
 832.00 -67.86 -30.66
 833.00 -75.43 -45.06
 834.00 -57.24 -41.69
 835.00 -76.46 -38.57
 836.00 -82.69 -17.21
 837.00 -59.74 -38.07
 838.00 -43.28 -47.33
 839.00 -76.77 -38.47
 840.00 -106.70 -30.73
 841.00 -66.40  -1.48
 842.00 -69.85 148.31
 843.00 -101.37  29.74
 844.00 -74.04 157.22
 845.00 -67.67 110.11
 846.00 -57.92 -28.48
 847.00 -132.10 -28.13
 848.00 -57.46  72.80
 849.00 -71.62   0.71
 850.00 -55.03 -35.35
 851.00 -66.43 -45.06
 852.00 -62.30 -55.52
 853.00 -60.91 -37.96
 854.00 -68.39 -41.91
 855.00 -61.72 -49.75
 856.00 -50.60 -39.84
 857.00 -69.42 -52.44
 858.00 -63.80 -30.00
 859.00 -69.47 -49.42
 860.00 -80.79 -14.18
 861.00 -68.88 -38.71
 862.00 -67.44 -29.04
 863.00 -53.38 -56.40
 864.00 -69.71 -40.20
 865.00 -64.80 -19.31
 866.00 -58.82 -48.54
 867.00 -64.43 -44.51
 868.00 -72.66 -29.55
 869.00 -48.09 -49.39
 870.00 -68.91 -46.19
 871.00 -56.96 -41.44
 872.00 -75.29 -44.46
 873.00 -69.63 -24.67
 874.00 -66.49 -32.27
 875.00 -61.39 -42.90
 876.00 -93.71 -42.01
 877.00 -69.99 -18.83
 878.00 -60.13 -42.49
 879.00 -64.24 -43.63
 880.00 -67.81 -36.15
 881.00 -71.48 -40.28
 882.00 -103.61 -23.85
 883.00 -49.91   5.38
 884.00 -66.94 -53.68
 885.00 -72.77 -24.35
 886.00 -110.74 -32.98
 887.00  65.76  -3.85
 888.00 -79.19  19.49
 889.00 -82.48 114.34
 890.00 -115.79 129.96
 891.00 -71.43 142.90
 892.00 -49.84 147.65
 893.00 -72.68 -40.58
 894.00 -97.04 -25.30
 895.00 -53.43 -37.40
 896.00 -49.77 -47.99
 897.00 -63.32 -48.48
 898.00 -83.80 -38.44
 899.00 -127.49  -5.11
 900.00 -110.15 -13.77
 901.00 -92.51 -48.70
 902.00 -63.89 -39.03
 903.00 -50.62 -40.89
 904.00 -74.83 -35.42
 905.00 -60.19 -32.71
 906.00 -91.53 -45.17
 907.00 -74.69 -27.41
 908.00  80.50 -19.79
 909.00 -64.48   5.32
 910.00 -113.39 -20.69
 911.00 -142.65 128.54
 912.00 -78.15 156.67
 913.00 -102.83 168.18
 914.00 -67.90  87.97
 915.00 -136.23 165.41
 916.00 -65.53 -54.42
 917.00 -76.91 149.86


