 residuo Phi Psi
 669.00 -65.23 151.26
 670.00 -67.87 135.47
 671.00 -158.06 161.60
 672.00 -60.63 -19.55
 673.00 -78.37 -39.09
 674.00 -61.89 -37.55
 675.00 -63.14 -34.50
 676.00 -62.53 -53.49
 677.00 -68.86 -36.99
 678.00 -68.71 -26.11
 679.00 -68.18 -58.69
 680.00 -66.65 -13.20
 681.00 -79.14 118.50
 682.00 -84.19 -179.67
 683.00 -74.16 155.20
 684.00 -120.68 150.84
 685.00 -64.23 122.99
 686.00 -78.67 149.23
 687.00  69.65 -29.77
 688.00 -63.81  41.74
 689.00 -95.84 127.56
 690.00 -59.59 130.88
 691.00 -81.65 -20.20
 692.00 -70.07 -17.18
 693.00 -64.33 131.15
 694.00 -90.85 155.09
 695.00 -112.94  71.40
 696.00 -66.44 166.43
 697.00 -55.35 -41.92
 698.00 -60.48 -60.03
 699.00 -64.38 -51.19
 700.00 -80.19 -44.60
 701.00 -58.51 -31.57
 702.00 -71.89 -38.03
 703.00 -71.50 -30.34
 704.00 -63.07 -35.89
 705.00 -54.65 -46.09
 706.00 -68.03 -44.29
 707.00 -64.33 -30.94
 708.00 -70.45 -35.71
 709.00 -78.65 -26.48
 710.00 -69.20 -42.12
 711.00 -66.36 -42.31
 712.00 -58.36 -37.79
 713.00 -68.06 -38.96
 714.00 -59.35 -39.78
 715.00 -64.12 -50.94
 716.00 -61.70 -31.28
 717.00 -73.95 -46.53
 718.00 -65.32 -39.42
 719.00 -47.57 -44.18
 720.00 -102.71 -32.50
 721.00 -63.38   9.76
 722.00 -65.46 162.85
 723.00  62.38 126.66
 724.00 -49.52  -6.25
 725.00 -57.44 -41.53
 726.00 -71.56  -7.87
 727.00 -55.33 -25.61
 728.00 -72.88 157.26
 729.00 -67.87 152.64
 730.00 -96.77 -29.07
 731.00 -68.48 -25.44
 732.00 -53.73 -39.82
 733.00 -56.66 -54.18
 734.00 -57.69 -43.68
 735.00 -70.29 -54.11
 736.00 -60.79 -36.77
 737.00 -75.42 -42.07
 738.00 -85.17 -31.00
 739.00 -75.39 -30.82
 740.00 -38.34  -7.52
 741.00 -57.01 -72.43
 742.00 -70.57 -52.47
 743.00 -62.23 -35.65
 744.00 -77.65 -38.40
 745.00 -65.11 -38.69
 746.00 -62.66 -41.81
 747.00 -58.71 -51.44
 748.00 -69.02 -36.35
 749.00 -47.94 -36.47
 750.00 -56.57 -63.22
 751.00 -63.68 -41.94
 752.00 -74.97 -33.67
 753.00 -60.33 -36.74
 754.00 -77.53 -52.76
 755.00 -82.33 -45.02
 756.00 -143.46 -26.34
 757.00  35.49  26.69
 758.00  59.16  47.47
 759.00 -65.19  -2.96
 760.00 -96.23 -46.89
 761.00 -79.02 148.66
 762.00 -87.52 110.45
 763.00 -49.07  55.94
 764.00 -136.35 -49.36
 765.00 -64.68 161.94
 766.00 -91.04 -31.48
 767.00 -136.35 -15.41
 768.00 -90.95  86.63
 769.00 -102.48 143.16
 770.00 -77.04 114.64
 771.00 -66.42 177.99
 772.00 -66.12 -25.04
 773.00 -61.19 -45.35
 774.00 -76.19 -31.63
 775.00 -63.25 -39.19
 776.00 -67.84 -45.28
 777.00 -78.65 -39.38
 778.00  71.78 -12.01
 779.00 -97.22   0.56
 780.00 -65.01  42.53
 781.00 -56.15 -53.97
 782.00 -71.25 -41.27
 783.00 -57.11 -40.10
 784.00 -66.65 -54.49
 785.00 -61.95 -39.67
 786.00 -64.86 -39.30
 787.00 -67.85 -38.77
 788.00 -74.49 -33.13
 789.00 -53.39 -38.42
 790.00 -64.25 -46.92
 791.00 -59.29 -49.70
 792.00 -55.82 -25.47
 793.00 -58.65 -40.33
 794.00 -78.09 -35.94
 795.00 -73.51 -35.36
 796.00 -95.95 -24.76
 797.00  37.94   8.57
 798.00 -77.04  55.96
 799.00 -76.10 126.47
 800.00 -70.07 154.80
 801.00 -59.19 -29.04
 802.00 -67.08 -41.79
 803.00 -51.76 -44.48
 804.00 -60.90 -53.65
 805.00 -76.64 -25.64
 806.00 -59.74 -48.60
 807.00 -79.89 -34.00
 808.00 -74.86 -20.71
 809.00 -75.23 -37.58
 810.00 -54.09 -26.42
 811.00 -71.93 -25.51
 812.00 -105.60 -28.92
 813.00 -112.90  28.96
 814.00 -158.20   9.06
 815.00 -138.48 123.43
 816.00 -48.40 157.26
 817.00 -66.25 155.16
 818.00 -77.79 -31.35
 819.00  69.52  -1.48
 820.00 -74.16 177.70
 821.00 -70.42 163.10
 822.00 -127.89 -22.57
 823.00 -56.91  51.98
 824.00 -63.75 -21.79
 825.00 -83.13 -35.05
 826.00 -56.32 -38.35
 827.00 -66.42 -45.31
 828.00 -68.06 -38.65
 829.00 -73.55 -35.03
 830.00 -44.01 -51.71
 831.00 -63.99 -46.65
 832.00 -58.72 -45.38
 833.00 -65.97 -44.89
 834.00 -59.97 -37.89
 835.00 -59.59 -53.45
 836.00 -81.52 -32.90
 837.00 -62.98 -34.22
 838.00 -60.06 -42.39
 839.00 -77.92 -16.58
 840.00 -82.17 -61.01
 841.00 -71.72  17.60
 842.00 -102.59 158.78
 843.00 -142.78  96.41
 844.00 -62.86 146.43
 845.00 -49.63  97.47
 846.00 -68.51 -29.30
 847.00 -128.63 -16.03
 848.00 -59.12  71.82
 849.00 -59.83 -20.57
 850.00 -63.62 -37.94
 851.00 -49.73 -40.16
 852.00 -70.75 -49.96
 853.00 -58.36 -37.94
 854.00 -58.26 -40.90
 855.00 -55.27 -48.59
 856.00 -48.87 -48.68
 857.00 -80.09 -39.35
 858.00 -55.31 -33.95
 859.00 -75.98 -43.39
 860.00 -57.85 -31.54
 861.00 -57.66 -44.66
 862.00 -41.74 -64.71
 863.00 -73.06 -50.21
 864.00 -66.23 -34.23
 865.00 -72.16 -12.27
 866.00 -68.99 -36.13
 867.00 -52.19 -44.12
 868.00 -88.66 -32.16
 869.00 -72.63 -24.86
 870.00 -56.83 -36.84
 871.00 -65.57 -38.57
 872.00 -78.20 -43.46
 873.00 -63.76 -23.88
 874.00 -69.23 -36.86
 875.00 -67.97 -39.20
 876.00 -82.56 -40.30
 877.00 -50.11 -38.09
 878.00 -66.41 -54.98
 879.00 -83.13 -15.31
 880.00 -57.41 -46.43
 881.00 -73.13 -46.09
 882.00 -97.01 -28.59
 883.00 -42.40   6.98
 884.00 -61.43 -61.13
 885.00 -78.18 -23.85
 886.00 -117.83 -24.38
 887.00  54.69  12.22
 888.00 -86.30  22.00
 889.00 -106.95 131.31
 890.00 -129.47 145.89
 891.00 -60.09 131.71
 892.00 -59.07 142.36
 893.00 -73.76 -33.91
 894.00 -64.53 -32.36
 895.00 -49.40 -51.94
 896.00 -55.46 -48.03
 897.00 -64.22 -50.56
 898.00 -64.93 -42.10
 899.00 -89.42 -44.80
 900.00 -108.64 -14.37
 901.00 -91.09 -62.57
 902.00 -32.42 -50.46
 903.00 -45.84 -64.04
 904.00 -62.63 -28.60
 905.00 -74.58 -40.33
 906.00 -77.48 -34.79
 907.00 -65.63 -32.97
 908.00  63.33 -20.19
 909.00 -61.01  18.58
 910.00 -128.05 -24.21
 911.00 -146.74 130.37
 912.00 -74.51 157.38
 913.00 -86.92 147.88
 914.00 -64.15  80.24
 915.00 -81.05 140.83
 916.00 -91.84 -46.15
 917.00 -126.24 142.57


