 residuo Phi Psi
 669.00 -152.88  58.29
 670.00 -58.89 156.84
 671.00 -71.15 166.98
 672.00 -50.38 -41.93
 673.00 -48.42 -70.79
 674.00 -50.38 -43.04
 675.00 -71.75 -39.65
 676.00 -51.40 -45.71
 677.00 -80.88 -42.26
 678.00 -73.62 -20.69
 679.00 -74.02 -45.62
 680.00 -84.31   2.85
 681.00 -69.46 118.98
 682.00 -77.25 145.77
 683.00 -70.25 173.92
 684.00 -101.48 129.68
 685.00 -78.78 134.44
 686.00 -80.42 150.24
 687.00  67.46  -8.17
 688.00 -69.32  22.92
 689.00 -123.26 159.53
 690.00 -112.46 135.07
 691.00 -76.51  -6.64
 692.00 -85.34 -23.25
 693.00 -70.71 143.23
 694.00 -58.04 140.14
 695.00 -135.38 131.29
 696.00 -63.56 163.46
 697.00 -64.01 -44.52
 698.00 -57.37 -48.51
 699.00 -44.77 -55.48
 700.00 -77.75 -56.57
 701.00 -60.87 -31.58
 702.00 -56.80 -39.41
 703.00 -54.24 -52.03
 704.00 -59.33 -39.55
 705.00 -70.78 -40.92
 706.00 -58.76 -45.03
 707.00 -65.10 -23.61
 708.00 -63.01 -47.94
 709.00 -68.09 -39.53
 710.00 -78.00 -38.22
 711.00 -59.82 -37.03
 712.00 -60.58 -39.01
 713.00 -68.12 -52.49
 714.00 -70.31 -31.75
 715.00 -69.30 -31.21
 716.00 -63.00 -47.59
 717.00 -83.25 -22.96
 718.00 -63.11 -43.82
 719.00 -64.75 -33.16
 720.00 -119.65 -15.05
 721.00 -57.63 -25.47
 722.00 -57.22 113.84
 723.00  94.02 136.43
 724.00 -46.79 -22.37
 725.00 -71.47 -45.22
 726.00 -66.21   0.14
 727.00 -67.78 -27.43
 728.00 -68.69 133.42
 729.00 -60.93 160.62
 730.00 -62.74 -32.35
 731.00 -87.43 -36.19
 732.00 -59.53 -29.09
 733.00 -56.57 -49.41
 734.00 -64.86 -32.84
 735.00 -62.83 -56.04
 736.00 -59.66 -37.49
 737.00 -60.74 -55.02
 738.00 -62.83 -44.08
 739.00 -86.15 -41.73
 740.00 -58.23 -13.45
 741.00 -66.95 -44.48
 742.00 -55.18 -51.56
 743.00 -67.96 -37.84
 744.00 -43.81 -50.97
 745.00 -57.42 -57.56
 746.00 -69.94 -46.05
 747.00 -54.91 -51.66
 748.00 -78.28 -35.61
 749.00 -54.95 -38.63
 750.00 -74.83 -39.10
 751.00 -59.93 -41.95
 752.00 -70.17 -44.53
 753.00 -75.85 -28.01
 754.00 -70.67 -39.41
 755.00 -110.14 -29.36
 756.00 -144.75 -24.99
 757.00  51.40  11.88
 758.00  68.10  36.17
 759.00 -69.28  11.12
 760.00 -141.48 -15.31
 761.00 -91.06 170.80
 762.00 -111.53 118.60
 763.00 -67.39  71.43
 764.00 -157.29 -42.36
 765.00 -63.51 154.68
 766.00 -90.01 -23.04
 767.00 -109.90 -31.59
 768.00 -126.31  93.48
 769.00 -106.32 130.36
 770.00 -70.87 105.72
 771.00 -46.96 169.78
 772.00 -70.22 -41.23
 773.00 -64.29 -38.56
 774.00 -53.75 -40.54
 775.00 -60.89 -47.05
 776.00 -65.01 -53.36
 777.00 -74.46 -41.90
 778.00  60.50  -6.10
 779.00 -143.29  46.52
 780.00 -53.82  42.25
 781.00 -66.25 -51.21
 782.00 -60.95 -39.82
 783.00 -68.79 -41.45
 784.00 -71.59 -29.24
 785.00 -53.36 -41.03
 786.00 -72.67 -45.35
 787.00 -72.03 -24.45
 788.00 -60.89 -44.65
 789.00 -56.63 -37.77
 790.00 -58.07 -47.50
 791.00 -62.19 -46.22
 792.00 -71.96 -13.64
 793.00 -69.62 -36.53
 794.00 -66.66 -42.17
 795.00 -66.06 -37.90
 796.00 -89.92 -33.96
 797.00  49.93  -9.28
 798.00 -74.97  66.13
 799.00 -75.65 129.17
 800.00 -48.85 151.55
 801.00 -83.19 -29.44
 802.00 -64.02 -34.81
 803.00 -70.46 -35.87
 804.00 -57.82 -46.26
 805.00 -61.53 -49.63
 806.00 -63.37 -45.33
 807.00 -64.71 -36.71
 808.00 -69.10 -24.75
 809.00 -68.62 -37.56
 810.00 -65.08 -42.41
 811.00 -58.48 -26.48
 812.00 -107.15 -35.88
 813.00 -142.43  55.83
 814.00 -155.35  -3.96
 815.00 -154.16 113.15
 816.00 -50.04 158.33
 817.00 -72.81 154.62
 818.00 -70.29 -22.47
 819.00  70.18 -15.93
 820.00 -74.71 171.11
 821.00 -67.52 165.60
 822.00 -101.71 -34.00
 823.00 -68.16  37.84
 824.00 -49.84 -35.65
 825.00 -67.77 -44.72
 826.00 -48.10 -46.54
 827.00 -71.60 -48.15
 828.00 -68.55 -36.48
 829.00 -62.86 -37.39
 830.00 -60.09 -48.68
 831.00 -58.67 -43.21
 832.00 -62.02 -33.71
 833.00 -80.28 -45.23
 834.00 -69.97 -20.47
 835.00 -66.89 -49.34
 836.00 -86.12 -29.71
 837.00 -53.06 -30.48
 838.00 -72.28 -56.25
 839.00 -68.79  -1.28
 840.00 -109.84 -48.48
 841.00 -45.96   2.36
 842.00 -76.91 134.42
 843.00 -104.21  47.78
 844.00 -65.30 141.44
 845.00 -55.25  97.33
 846.00 -66.73 -15.25
 847.00 -114.22 -16.20
 848.00 -48.96  79.25
 849.00 -73.07 -21.89
 850.00 -65.21 -34.52
 851.00 -62.53 -43.07
 852.00 -79.91 -36.39
 853.00 -75.61 -44.61
 854.00 -55.28 -43.73
 855.00 -73.79 -38.98
 856.00 -55.26 -34.35
 857.00 -58.12 -56.55
 858.00 -69.33 -31.54
 859.00 -79.14 -34.05
 860.00 -70.27 -26.06
 861.00 -71.54 -26.30
 862.00 -60.03 -50.71
 863.00 -65.45 -38.18
 864.00 -72.53 -28.99
 865.00 -80.87 -28.35
 866.00 -58.02 -35.68
 867.00 -76.87 -25.71
 868.00 -81.88 -25.81
 869.00 -73.45 -30.00
 870.00 -63.68 -30.25
 871.00 -62.06 -48.48
 872.00 -79.51 -33.01
 873.00 -72.24 -29.83
 874.00 -59.47 -38.82
 875.00 -49.38 -53.92
 876.00 -65.83 -47.84
 877.00 -51.78 -45.98
 878.00 -50.19 -52.66
 879.00 -76.02 -46.00
 880.00 -62.23 -33.26
 881.00 -70.99 -21.89
 882.00 -115.61 -29.41
 883.00 -59.12  19.91
 884.00 -74.39 -55.39
 885.00 -70.63 -16.34
 886.00 -89.54 -34.57
 887.00  57.31  -5.19
 888.00 -98.13  40.02
 889.00 -94.37 136.23
 890.00 -135.51 148.43
 891.00 -72.20 126.59
 892.00 -68.04 138.87
 893.00 -65.62 -32.49
 894.00 -61.93 -45.97
 895.00 -51.47 -47.13
 896.00 -57.43 -45.70
 897.00 -63.43 -34.27
 898.00 -59.01 -48.07
 899.00 -71.86 -44.98
 900.00 -113.87 -36.24
 901.00 -82.18 -44.65
 902.00 -56.90 -42.54
 903.00 -60.86 -35.81
 904.00 -68.61 -38.61
 905.00 -64.51 -31.50
 906.00 -66.51 -56.34
 907.00 -89.86 -26.19
 908.00  80.52   9.12
 909.00 -92.66  16.22
 910.00 -103.49 -37.98
 911.00 -135.07 122.05
 912.00 -72.60 153.89
 913.00 -79.20 149.08
 914.00 -71.17  76.36
 915.00 -71.00 123.80
 916.00 -94.51 -37.14
 917.00 -113.29 -30.57


