 residuo Phi Psi
 669.00 -102.77 160.40
 670.00 -58.86 138.86
 671.00 -54.22 130.91
 672.00 -54.55 -46.73
 673.00 -51.95 -50.68
 674.00 -65.59 -38.53
 675.00 -61.83 -37.90
 676.00 -57.30 -50.67
 677.00 -71.54 -39.21
 678.00 -68.13 -40.50
 679.00 -84.59 -33.33
 680.00 -55.72  -8.95
 681.00 -77.94 119.54
 682.00 -60.63 156.53
 683.00 -70.41 164.00
 684.00 -126.25 145.46
 685.00 -76.88 126.94
 686.00 -69.87 147.20
 687.00  87.19 -21.19
 688.00 -66.76  13.62
 689.00 -107.47 140.13
 690.00 -69.73  94.26
 691.00 -77.63   6.81
 692.00 -83.90 -21.03
 693.00 -63.61 142.60
 694.00 -70.70 142.31
 695.00 -162.65 154.45
 696.00 -50.83 155.14
 697.00 -67.49 -54.03
 698.00 -68.26 -42.17
 699.00 -70.97 -44.37
 700.00 -69.93 -33.23
 701.00 -62.02 -40.30
 702.00 -58.70 -48.95
 703.00 -56.10 -40.26
 704.00 -74.00 -41.90
 705.00 -56.61 -34.20
 706.00 -62.37 -50.38
 707.00 -40.63 -40.56
 708.00 -75.33 -44.55
 709.00 -50.63 -48.86
 710.00 -77.06 -38.67
 711.00 -60.46 -39.80
 712.00 -54.73 -41.01
 713.00 -81.92 -42.59
 714.00 -63.09 -32.48
 715.00 -70.44 -42.53
 716.00 -57.48 -41.80
 717.00 -63.44 -43.00
 718.00 -53.03 -46.96
 719.00 -64.26 -44.70
 720.00 -106.94 -12.63
 721.00 -75.21   0.69
 722.00 -63.01 135.86
 723.00  58.04 131.72
 724.00 -63.20   3.20
 725.00 -62.93 -38.42
 726.00 -68.01  -4.39
 727.00 -59.51 -31.39
 728.00 -61.15 131.44
 729.00 -65.30 154.88
 730.00 -63.54 -36.79
 731.00 -61.12 -44.36
 732.00 -53.10 -44.18
 733.00 -53.25 -45.78
 734.00 -64.77 -54.04
 735.00 -53.62 -51.42
 736.00 -65.21 -36.83
 737.00 -59.59 -48.65
 738.00 -92.93 -21.37
 739.00 -86.50 -39.90
 740.00 -60.72  -6.71
 741.00 -52.93 -57.97
 742.00 -73.44 -36.77
 743.00 -54.89 -50.23
 744.00 -69.69 -45.62
 745.00 -70.51 -49.09
 746.00 -69.68 -24.00
 747.00 -63.47 -50.88
 748.00 -61.35 -29.83
 749.00 -49.25 -55.41
 750.00 -53.28 -43.64
 751.00 -61.09 -56.53
 752.00 -80.15 -25.14
 753.00 -73.80 -38.67
 754.00 -89.70 -18.50
 755.00 -79.80 -65.69
 756.00 -125.71 -38.72
 757.00  49.13  29.71
 758.00  54.29  35.18
 759.00 -68.79  -7.42
 760.00 -104.22 -34.82
 761.00 -98.10 162.49
 762.00 -112.22 127.48
 763.00 -81.96  99.50
 764.00 -158.77 -43.84
 765.00 -67.17 177.04
 766.00 -117.05  -8.56
 767.00 -120.03  -3.67
 768.00 -128.22  92.66
 769.00 -99.92 125.19
 770.00 -84.84 117.63
 771.00 -47.98 167.02
 772.00 -53.26 -44.76
 773.00 -75.80 -40.09
 774.00 -56.47 -32.39
 775.00 -63.30 -44.93
 776.00 -77.92 -52.62
 777.00 -82.54 -16.95
 778.00  48.79  -3.07
 779.00 -132.77  50.31
 780.00 -62.51  19.08
 781.00 -55.39 -47.86
 782.00 -61.49 -42.26
 783.00 -66.48 -36.22
 784.00 -74.21 -32.45
 785.00 -66.82 -36.95
 786.00 -74.51 -34.96
 787.00 -58.46 -37.54
 788.00 -60.74 -48.38
 789.00 -64.11 -28.90
 790.00 -62.55 -47.82
 791.00 -74.87 -30.73
 792.00 -68.81 -19.93
 793.00 -52.79 -41.24
 794.00 -41.61 -57.29
 795.00 -59.17 -52.29
 796.00 -79.56 -48.66
 797.00  56.97 -22.71
 798.00 -69.12  55.92
 799.00 -89.65 138.67
 800.00 -53.32 152.51
 801.00 -64.76 -39.03
 802.00 -55.49 -49.01
 803.00 -47.21 -48.97
 804.00 -68.72 -54.39
 805.00 -74.57 -32.04
 806.00 -64.89 -40.40
 807.00 -57.30 -37.03
 808.00 -67.85 -42.16
 809.00 -62.39 -42.29
 810.00 -65.49 -23.94
 811.00 -76.96 -20.41
 812.00 -121.91 -11.07
 813.00 -142.40  50.11
 814.00 -164.53   2.44
 815.00 -151.09 133.45
 816.00 -69.28 163.74
 817.00 -69.80 165.54
 818.00 -116.78 -18.68
 819.00  70.04  17.95
 820.00 -91.32 -174.13
 821.00 -49.88 148.21
 822.00 -104.97 -23.30
 823.00 -62.03  23.41
 824.00 -42.72 -40.06
 825.00 -89.23 -37.79
 826.00 -56.24 -23.77
 827.00 -64.83 -52.69
 828.00 -65.46 -35.75
 829.00 -53.16 -56.13
 830.00 -69.69 -42.99
 831.00 -48.92 -53.20
 832.00 -57.79 -41.98
 833.00 -75.47 -42.93
 834.00 -54.22 -29.97
 835.00 -84.45 -37.22
 836.00 -67.01 -41.63
 837.00 -62.76 -32.76
 838.00 -54.72 -62.87
 839.00 -69.46 -31.38
 840.00 -128.28 -13.10
 841.00 -68.59   5.24
 842.00 -78.88 148.54
 843.00 -155.10  97.45
 844.00 -76.99 158.11
 845.00 -68.76 100.43
 846.00 -64.72 -27.49
 847.00 -103.99 -24.42
 848.00 -69.01  99.33
 849.00 -57.99 -18.72
 850.00 -61.56 -39.82
 851.00 -53.60 -68.09
 852.00 -61.37 -49.31
 853.00 -54.22 -44.72
 854.00 -58.71 -39.11
 855.00 -66.57 -46.18
 856.00 -58.20 -41.45
 857.00 -66.17 -47.78
 858.00 -78.19 -25.98
 859.00 -74.79 -33.44
 860.00 -54.05 -27.60
 861.00 -55.05 -52.74
 862.00 -73.84 -45.65
 863.00 -73.48 -33.84
 864.00 -68.72 -27.73
 865.00 -61.96 -21.23
 866.00 -66.54 -38.64
 867.00 -67.38 -40.61
 868.00 -80.25 -25.18
 869.00 -46.52 -42.32
 870.00 -73.78 -45.44
 871.00 -59.63 -47.15
 872.00 -77.47 -41.98
 873.00 -63.92 -24.78
 874.00 -60.97 -42.59
 875.00 -63.74 -48.39
 876.00 -91.78 -30.22
 877.00 -42.71 -41.28
 878.00 -45.56 -60.40
 879.00 -74.31 -43.80
 880.00 -69.07 -38.76
 881.00 -72.92 -33.98
 882.00 -104.25 -23.85
 883.00 -38.50  -1.77
 884.00 -57.21 -59.55
 885.00 -62.28 -45.50
 886.00 -75.47 -49.19
 887.00  60.65   8.46
 888.00 -128.74  48.34
 889.00 -77.08 123.89
 890.00 -114.13 130.32
 891.00 -67.28 128.35
 892.00 -59.72 134.24
 893.00 -67.32 -37.55
 894.00 -87.08 -34.77
 895.00 -70.86 -27.12
 896.00 -71.66 -27.17
 897.00 -72.29 -20.03
 898.00 -67.44 -42.50
 899.00 -77.85 -42.89
 900.00 -99.28 -31.20
 901.00 -92.94 -48.22
 902.00 -67.66 -30.19
 903.00 -49.42 -34.76
 904.00 -67.50 -42.57
 905.00 -77.58 -34.40
 906.00 -75.35 -44.96
 907.00 -86.18 -15.18
 908.00  68.84   2.91
 909.00 -67.61   8.55
 910.00 -146.12  -5.54
 911.00 -142.06 132.28
 912.00 -63.51 134.07
 913.00 -89.14 150.02
 914.00 -65.23  86.21
 915.00 -74.97 126.67
 916.00 -83.38 -50.79
 917.00 -142.24 153.46


