 residuo Phi Psi
 669.00 -61.42 146.87
 670.00 -65.74 132.19
 671.00 -156.10 171.88
 672.00 -55.97 -29.32
 673.00 -62.29 -53.44
 674.00 -71.19 -23.93
 675.00 -71.01 -35.39
 676.00 -65.34 -38.72
 677.00 -64.78 -35.80
 678.00 -72.75 -45.62
 679.00 -90.30 -32.35
 680.00 -69.54 -11.34
 681.00 -68.58 134.07
 682.00 -75.32 150.42
 683.00 -69.62 -168.22
 684.00 -114.24 132.93
 685.00 -88.23 135.93
 686.00 -106.60 166.21
 687.00  79.76  -4.40
 688.00 -80.02  21.49
 689.00 -75.10 127.60
 690.00 -54.08  79.84
 691.00 -75.82 -26.51
 692.00 -74.25 -14.21
 693.00 -81.62 164.06
 694.00 -54.19 141.49
 695.00 -151.09 136.07
 696.00 -53.94 139.86
 697.00 -37.90 -45.68
 698.00 -79.01 -70.78
 699.00 -67.40 -32.73
 700.00 -60.43 -49.13
 701.00 -58.63 -41.04
 702.00 -76.96 -39.40
 703.00 -63.87 -36.33
 704.00 -74.48 -35.71
 705.00 -70.42 -29.65
 706.00 -65.85 -46.33
 707.00 -47.50 -43.80
 708.00 -81.38 -35.70
 709.00 -51.41 -44.61
 710.00 -66.91 -54.25
 711.00 -55.64 -39.87
 712.00 -53.29 -43.49
 713.00 -55.33 -57.09
 714.00 -60.03 -45.88
 715.00 -79.24 -27.76
 716.00 -52.75 -45.61
 717.00 -66.67 -42.72
 718.00 -53.17 -55.58
 719.00 -60.50 -44.42
 720.00 -131.00  -5.23
 721.00 -74.34  13.45
 722.00 -68.52 126.68
 723.00  90.47 136.11
 724.00 -72.64 -20.64
 725.00 -69.95  -7.24
 726.00 -71.06  -2.19
 727.00 -78.49 -23.13
 728.00 -74.91 142.23
 729.00 -65.99 157.62
 730.00 -75.51 -31.16
 731.00 -80.67 -15.87
 732.00 -49.84 -51.91
 733.00 -59.72 -47.67
 734.00 -58.16 -41.37
 735.00 -66.48 -53.98
 736.00 -54.87 -37.48
 737.00 -65.77 -54.64
 738.00 -68.32 -51.13
 739.00 -96.94 -18.81
 740.00 -49.27  -8.32
 741.00 -75.58 -46.60
 742.00 -63.29 -38.72
 743.00 -62.17 -39.69
 744.00 -73.76 -55.52
 745.00 -72.07 -29.75
 746.00 -74.41 -42.46
 747.00 -72.68 -26.73
 748.00 -53.06 -43.96
 749.00 -55.57 -42.39
 750.00 -68.97 -35.81
 751.00 -68.14 -45.80
 752.00 -64.08 -38.39
 753.00 -76.50 -34.27
 754.00 -79.34 -39.65
 755.00 -115.43 -23.26
 756.00 -134.93 -27.16
 757.00  56.87  43.44
 758.00  49.49  29.70
 759.00 -79.88  -3.85
 760.00 -106.60 -29.07
 761.00 -89.88 159.35
 762.00 -89.88 116.50
 763.00 -55.69  65.21
 764.00 -154.86 -55.30
 765.00 -65.58 161.35
 766.00 -93.33 -27.14
 767.00 -133.01 -14.77
 768.00 -85.58  56.43
 769.00 -90.04 134.41
 770.00 -95.24 110.88
 771.00 -55.57 167.92
 772.00 -67.06 -39.52
 773.00 -65.20 -33.67
 774.00 -60.51 -42.18
 775.00 -93.02 -24.52
 776.00 -64.97 -46.24
 777.00 -79.02 -21.17
 778.00  55.22 -14.38
 779.00 -121.72  27.95
 780.00 -77.09  40.31
 781.00 -64.07 -40.65
 782.00 -54.98 -43.34
 783.00 -66.78 -46.04
 784.00 -63.59 -36.06
 785.00 -62.66 -40.32
 786.00 -62.23 -49.52
 787.00 -71.07 -36.98
 788.00 -54.71 -42.67
 789.00 -56.17 -40.57
 790.00 -63.63 -51.11
 791.00 -60.66 -39.51
 792.00 -64.48 -28.70
 793.00 -62.97 -24.66
 794.00 -92.14 -28.90
 795.00 -62.16 -27.84
 796.00 -77.12 -54.09
 797.00  55.15 -18.83
 798.00 -72.30  69.80
 799.00 -78.99 133.27
 800.00 -51.42 146.04
 801.00 -73.78 -35.10
 802.00 -72.36 -30.26
 803.00 -56.11 -44.11
 804.00 -63.87 -56.31
 805.00 -80.63 -35.80
 806.00 -70.11 -23.48
 807.00 -62.11 -45.28
 808.00 -56.20 -32.28
 809.00 -71.95 -47.02
 810.00 -56.67 -25.30
 811.00 -65.76 -33.78
 812.00 -116.16 -16.41
 813.00 -142.20  45.81
 814.00 -142.83 -15.02
 815.00 -149.58 128.92
 816.00 -47.13 166.07
 817.00 -65.06 146.07
 818.00 -69.93 -30.16
 819.00  71.19  -5.29
 820.00 -89.54 176.42
 821.00 -65.49 171.27
 822.00 -129.85 -31.69
 823.00 -73.15 103.73
 824.00 -56.28 -35.33
 825.00 -56.23 -34.85
 826.00 -67.48 -44.58
 827.00 -61.86 -42.74
 828.00 -63.64 -46.20
 829.00 -67.78 -39.80
 830.00 -61.67 -48.30
 831.00 -53.47 -44.96
 832.00 -71.04 -33.01
 833.00 -74.14 -43.86
 834.00 -80.51 -17.51
 835.00 -64.76 -42.88
 836.00 -60.37 -54.66
 837.00 -51.97 -40.84
 838.00 -75.65 -44.66
 839.00 -58.84 -24.32
 840.00 -131.38 -20.64
 841.00 -48.93  -1.57
 842.00 -65.64 138.88
 843.00 -145.49  91.59
 844.00 -72.81 130.17
 845.00 -55.16  84.44
 846.00 -55.56 -19.21
 847.00 -81.59 -33.70
 848.00 -38.08 113.97
 849.00 -117.86 -23.52
 850.00 -50.68 -11.83
 851.00 -87.80 -37.27
 852.00 -57.16 -41.07
 853.00 -68.95 -37.04
 854.00 -68.33 -36.89
 855.00 -66.30 -43.08
 856.00 -56.01 -36.14
 857.00 -71.08 -44.63
 858.00 -90.47 -19.01
 859.00 -59.52 -39.41
 860.00 -58.84 -42.94
 861.00 -65.71 -45.04
 862.00 -51.16 -39.85
 863.00 -65.86 -52.30
 864.00 -89.90 -19.48
 865.00 -70.20 -13.97
 866.00 -59.73 -33.84
 867.00 -66.98 -44.87
 868.00 -63.27 -34.11
 869.00 -58.19 -36.98
 870.00 -73.66 -36.19
 871.00 -54.87 -39.23
 872.00 -71.06 -48.72
 873.00 -70.03 -26.34
 874.00 -74.95 -37.57
 875.00 -68.46 -26.52
 876.00 -75.77 -53.56
 877.00 -87.06 -21.62
 878.00 -72.43 -36.01
 879.00 -81.05 -18.86
 880.00 -70.77 -41.98
 881.00 -56.98 -36.52
 882.00 -90.64 -39.06
 883.00 -61.27  -2.16
 884.00 -83.25 -23.10
 885.00 -75.02 -33.09
 886.00 -103.10 -27.08
 887.00  68.57   5.50
 888.00 -110.95  46.00
 889.00 -87.55 128.32
 890.00 -133.42 131.84
 891.00 -46.75 126.61
 892.00 -61.59 133.33
 893.00 -60.24 -33.98
 894.00 -86.60 -35.47
 895.00 -60.98 -30.49
 896.00 -60.66 -45.35
 897.00 -58.82 -48.28
 898.00 -69.33 -48.67
 899.00 -82.97 -33.50
 900.00 -132.02 -20.60
 901.00 -73.00 -58.30
 902.00 -70.54 -42.88
 903.00 -46.47 -34.49
 904.00 -72.94 -31.06
 905.00 -78.03 -35.06
 906.00 -81.51 -31.97
 907.00 -96.86 -31.09
 908.00  79.47  16.15
 909.00 -56.55   2.98
 910.00 -132.58 -21.71
 911.00 -144.18 143.46
 912.00 -68.98 152.98
 913.00 -93.70 153.80
 914.00 -55.77  71.79
 915.00 -88.06 139.73
 916.00 -128.86 -22.25
 917.00 -54.20 151.97


