 residuo Phi Psi
 669.00 -63.12 162.56
 670.00 -61.72 132.26
 671.00 -165.57 152.33
 672.00 -55.71 -21.81
 673.00 -64.83 -33.46
 674.00 -84.68 -26.92
 675.00 -61.93 -36.42
 676.00 -57.63 -49.62
 677.00 -72.97 -35.90
 678.00 -65.39 -31.50
 679.00 -69.69 -46.16
 680.00 -77.66 -16.70
 681.00 -82.41 124.19
 682.00 -62.89 157.03
 683.00 -75.05 166.32
 684.00 -96.45 132.15
 685.00 -101.96 148.39
 686.00 -78.20 146.93
 687.00  90.84 -31.96
 688.00 -69.39   7.13
 689.00 -82.31 136.59
 690.00 -75.34 123.92
 691.00 -80.82 -21.59
 692.00 -64.99 -29.48
 693.00 -57.04 142.12
 694.00 -84.22 153.90
 695.00 -161.33 145.20
 696.00 -43.64 149.31
 697.00 -65.19 -68.30
 698.00 -61.78 -39.69
 699.00 -59.63 -51.98
 700.00 -65.18 -50.59
 701.00 -66.38 -34.50
 702.00 -74.52 -33.37
 703.00 -55.56 -36.18
 704.00 -69.22 -47.15
 705.00 -69.60 -27.54
 706.00 -58.96 -41.43
 707.00 -60.41 -33.25
 708.00 -76.84 -53.09
 709.00 -65.17 -20.29
 710.00 -63.79 -51.15
 711.00 -58.48 -44.75
 712.00 -68.64 -36.21
 713.00 -66.98 -39.47
 714.00 -54.20 -39.03
 715.00 -61.30 -53.32
 716.00 -70.59 -42.26
 717.00 -69.82 -25.29
 718.00 -45.77 -55.05
 719.00 -66.48 -40.36
 720.00 -106.10 -19.73
 721.00 -72.03  -1.55
 722.00 -74.49 144.87
 723.00  79.15 151.11
 724.00 -69.44 -13.76
 725.00 -61.06 -36.65
 726.00 -60.68 -14.01
 727.00 -66.88 -41.74
 728.00 -67.69 152.00
 729.00 -67.04 144.26
 730.00 -64.98 -41.23
 731.00 -97.14 -12.97
 732.00 -38.96 -49.44
 733.00 -63.80 -45.81
 734.00 -74.68 -35.12
 735.00 -45.49 -63.72
 736.00 -64.92 -31.71
 737.00 -79.64 -44.57
 738.00 -102.24  -1.96
 739.00 -74.38 -42.56
 740.00 -64.41 -16.69
 741.00 -72.04 -31.94
 742.00 -59.34 -47.80
 743.00 -60.51 -48.43
 744.00 -76.44 -44.51
 745.00 -63.33 -36.57
 746.00 -51.40 -50.25
 747.00 -69.96 -39.29
 748.00 -63.55 -34.79
 749.00 -50.70 -42.68
 750.00 -79.19 -42.67
 751.00 -54.85 -42.65
 752.00 -64.15 -41.29
 753.00 -66.11 -45.07
 754.00 -98.38 -33.04
 755.00 -114.21 -10.84
 756.00 -110.58 -50.72
 757.00  49.56  15.43
 758.00  56.45  45.29
 759.00 -60.82 -15.80
 760.00 -139.81 -20.94
 761.00 -82.83 147.39
 762.00 -82.78 113.01
 763.00 -66.38  66.47
 764.00 -125.84 -58.11
 765.00 -61.58 161.89
 766.00 -105.93 -21.48
 767.00 -137.44  -0.56
 768.00 -107.59  77.23
 769.00 -102.57 137.68
 770.00 -127.34 136.83
 771.00 -59.35 -179.42
 772.00 -70.99 -38.78
 773.00 -67.48 -40.80
 774.00 -62.10 -33.00
 775.00 -65.13 -36.95
 776.00 -68.19 -50.77
 777.00 -74.04 -27.75
 778.00  66.30 -13.67
 779.00 -146.49  35.47
 780.00 -51.28  39.06
 781.00 -62.43 -45.96
 782.00 -58.43 -47.80
 783.00 -84.77 -32.20
 784.00 -73.17 -28.64
 785.00 -55.35 -46.13
 786.00 -70.84 -33.83
 787.00 -58.34 -42.91
 788.00 -76.21 -42.72
 789.00 -67.14 -22.69
 790.00 -60.84 -41.71
 791.00 -75.24 -40.90
 792.00 -76.91 -10.93
 793.00 -74.03 -18.39
 794.00 -62.59 -38.89
 795.00 -61.96 -48.13
 796.00 -96.61 -31.63
 797.00  41.28  -7.84
 798.00 -65.82  67.95
 799.00 -83.10 127.74
 800.00 -61.17 154.16
 801.00 -63.08 -31.35
 802.00 -60.32 -48.55
 803.00 -42.90 -43.81
 804.00 -66.59 -62.10
 805.00 -65.53 -41.56
 806.00 -74.76 -32.26
 807.00 -65.13 -42.19
 808.00 -63.01 -33.99
 809.00 -88.22 -22.09
 810.00 -69.07 -27.33
 811.00 -71.34 -13.43
 812.00 -112.61 -23.85
 813.00 -131.00  33.59
 814.00 -142.75   4.62
 815.00 -136.93 110.58
 816.00 -71.80 177.72
 817.00 -61.74 156.44
 818.00 -71.40 -40.10
 819.00  76.05 -11.39
 820.00 -99.48 -161.45
 821.00 -50.09 157.10
 822.00 -128.15 -29.31
 823.00 -72.97 110.13
 824.00 -33.05 -45.79
 825.00 -55.86 -57.30
 826.00 -77.59 -39.77
 827.00 -57.79 -44.37
 828.00 -80.77 -25.54
 829.00 -61.67 -49.14
 830.00 -53.74 -42.07
 831.00 -75.67 -44.23
 832.00 -59.60 -27.97
 833.00 -79.68 -47.82
 834.00 -63.35 -21.39
 835.00 -70.21 -44.83
 836.00 -68.75 -30.67
 837.00 -54.12 -36.75
 838.00 -44.31 -57.70
 839.00 -71.45 -34.58
 840.00 -102.36 -28.91
 841.00 -54.96  -6.40
 842.00 -90.51 150.61
 843.00 -130.92  98.92
 844.00 -77.53 148.44
 845.00 -74.84 127.11
 846.00 -68.49 -22.50
 847.00 -139.08 -11.89
 848.00 -62.76  67.93
 849.00 -67.50  -3.87
 850.00 -51.33 -32.39
 851.00 -55.01 -39.14
 852.00 -62.40 -60.40
 853.00 -66.62 -31.70
 854.00 -51.14 -50.50
 855.00 -61.81 -50.63
 856.00 -62.58 -47.72
 857.00 -53.33 -41.36
 858.00 -70.69 -38.84
 859.00 -76.93 -31.55
 860.00 -61.20 -33.53
 861.00 -81.08 -31.56
 862.00 -63.67 -43.06
 863.00 -74.77 -30.71
 864.00 -88.04 -15.50
 865.00 -75.69 -19.04
 866.00 -60.19 -25.97
 867.00 -66.63 -54.09
 868.00 -59.62 -36.47
 869.00 -52.68 -56.52
 870.00 -56.10 -44.49
 871.00 -57.07 -49.59
 872.00 -68.84 -37.44
 873.00 -67.57 -34.97
 874.00 -68.19 -24.91
 875.00 -71.01 -43.18
 876.00 -55.15 -57.42
 877.00 -70.98 -38.05
 878.00 -54.42 -53.15
 879.00 -60.59 -37.08
 880.00 -64.79 -38.85
 881.00 -69.52 -43.68
 882.00 -98.82 -21.35
 883.00 -53.89 -11.53
 884.00 -90.57 -26.77
 885.00 -66.57 -25.49
 886.00 -93.26 -43.82
 887.00  60.44   8.97
 888.00 -87.19  23.33
 889.00 -97.32 129.47
 890.00 -128.46 140.21
 891.00 -56.11 137.67
 892.00 -71.23 143.80
 893.00 -66.28 -21.91
 894.00 -75.17 -41.58
 895.00 -59.29 -28.67
 896.00 -59.52 -47.05
 897.00 -53.40 -50.49
 898.00 -70.21 -53.44
 899.00 -85.89 -35.94
 900.00 -111.76 -22.99
 901.00 -100.46 -36.41
 902.00 -61.15 -33.33
 903.00 -44.74 -37.83
 904.00 -71.11 -39.72
 905.00 -66.30 -39.78
 906.00 -68.80 -51.34
 907.00 -79.39 -28.26
 908.00  65.58 -11.26
 909.00 -65.78  18.95
 910.00 -109.10 -26.65
 911.00 -151.16 135.48
 912.00 -52.28 151.82
 913.00 -79.05 150.50
 914.00 -110.24 133.85
 915.00 -82.21 139.01
 916.00 -129.06 -23.17
 917.00 -80.60 144.79


