 residuo Phi Psi
 669.00 -122.52 120.86
 670.00 -49.86 174.84
 671.00 -46.30 145.58
 672.00 -78.27 -40.96
 673.00 -61.96 -37.64
 674.00 -62.85 -37.99
 675.00 -55.27 -45.91
 676.00 -57.06 -60.12
 677.00 -66.82 -39.83
 678.00 -67.37 -35.34
 679.00 -80.80 -33.41
 680.00 -84.50  -8.97
 681.00 -89.15 124.19
 682.00 -77.13 155.43
 683.00 -66.73 178.10
 684.00 -95.32 143.77
 685.00 -73.49 145.87
 686.00 -70.61 140.29
 687.00  79.58 -33.21
 688.00 -95.70  27.87
 689.00 -105.37 140.52
 690.00 -70.25  90.20
 691.00 -73.76 -10.56
 692.00 -108.27 -18.45
 693.00 -72.01 145.20
 694.00 -62.78 150.87
 695.00 -132.78 147.40
 696.00 -53.56 147.47
 697.00 -61.62 -46.76
 698.00 -77.14 -47.03
 699.00 -61.52 -25.68
 700.00 -80.36 -48.55
 701.00 -67.55 -34.37
 702.00 -68.86 -38.42
 703.00 -63.36 -38.71
 704.00 -83.12 -26.35
 705.00 -61.96 -33.02
 706.00 -67.43 -41.62
 707.00 -53.47 -40.88
 708.00 -72.66 -40.76
 709.00 -67.15 -38.43
 710.00 -67.06 -39.34
 711.00 -56.79 -46.57
 712.00 -62.66 -37.95
 713.00 -67.52 -43.20
 714.00 -81.23 -22.71
 715.00 -54.42 -52.39
 716.00 -53.56 -33.93
 717.00 -70.88 -50.54
 718.00 -57.67 -44.24
 719.00 -61.13 -30.39
 720.00 -138.58 -13.13
 721.00 -70.06   3.28
 722.00 -58.26 131.67
 723.00  78.22 137.25
 724.00 -61.10  -4.56
 725.00 -71.79 -38.05
 726.00 -76.33   8.77
 727.00 -78.47 -26.66
 728.00 -58.12 127.53
 729.00 -70.74 153.38
 730.00 -69.16 -25.68
 731.00 -84.60 -34.98
 732.00 -62.64 -14.58
 733.00 -56.42 -59.30
 734.00 -63.57 -27.05
 735.00 -71.04 -61.45
 736.00 -56.08 -27.95
 737.00 -69.89 -47.28
 738.00 -97.86 -19.51
 739.00 -79.68 -36.68
 740.00 -51.93 -13.19
 741.00 -63.81 -48.42
 742.00 -82.03 -38.38
 743.00 -48.23 -41.28
 744.00 -71.79 -57.60
 745.00 -61.74 -48.72
 746.00 -57.57 -35.79
 747.00 -68.64 -43.16
 748.00 -73.57 -34.83
 749.00 -74.26 -34.47
 750.00 -64.59 -31.01
 751.00 -61.43 -50.99
 752.00 -65.00 -38.50
 753.00 -69.80 -36.92
 754.00 -53.57 -67.00
 755.00 -77.84 -37.21
 756.00 -134.36 -55.13
 757.00  42.03  29.74
 758.00  57.86  39.19
 759.00 -50.68  -6.21
 760.00 -110.12 -47.46
 761.00 -112.70 160.78
 762.00 -80.09 114.56
 763.00 -61.49  57.21
 764.00 -152.47 -44.51
 765.00 -62.30 167.18
 766.00 -103.56 -23.08
 767.00 -145.77   6.25
 768.00 -77.77  49.08
 769.00 -110.49 140.11
 770.00 -80.11 114.43
 771.00 -60.90 172.10
 772.00 -68.27 -24.53
 773.00 -70.61 -45.28
 774.00 -54.42 -35.90
 775.00 -69.26 -37.45
 776.00 -69.49 -47.34
 777.00 -75.16 -29.29
 778.00  55.38  -4.45
 779.00 -121.20  26.97
 780.00 -54.37  18.79
 781.00 -62.05 -55.29
 782.00 -63.22 -42.11
 783.00 -76.65 -36.35
 784.00 -64.68 -26.43
 785.00 -57.21 -49.36
 786.00 -67.94 -42.01
 787.00 -77.57 -27.87
 788.00 -59.71 -39.13
 789.00 -63.18 -35.17
 790.00 -63.87 -55.49
 791.00 -65.60 -30.55
 792.00 -49.60 -23.74
 793.00 -64.44 -40.35
 794.00 -72.71 -50.16
 795.00 -59.60 -34.55
 796.00 -63.56 -54.98
 797.00  57.48 -23.43
 798.00 -69.04  50.63
 799.00 -86.39 132.24
 800.00 -80.47 157.87
 801.00 -74.14  -0.96
 802.00 -46.97 -64.02
 803.00 -61.96 -41.96
 804.00 -77.00 -34.15
 805.00 -67.76 -50.67
 806.00 -67.13 -40.50
 807.00 -57.84 -39.80
 808.00 -63.95 -51.29
 809.00 -73.47 -23.02
 810.00 -63.27 -31.32
 811.00 -66.31 -25.27
 812.00 -111.71 -32.62
 813.00 -137.10  56.17
 814.00 -157.38  -3.56
 815.00 -146.62 124.40
 816.00 -69.94 165.81
 817.00 -62.61 161.96
 818.00 -98.95 -23.86
 819.00  59.29   6.34
 820.00 -72.63 -175.38
 821.00 -65.39 164.57
 822.00 -69.26 -56.06
 823.00 -68.85  30.37
 824.00 -53.64 -32.88
 825.00 -65.62 -50.26
 826.00 -55.30 -47.22
 827.00 -59.35 -55.89
 828.00 -64.92 -32.20
 829.00 -64.62 -46.42
 830.00 -53.93 -42.48
 831.00 -56.00 -50.72
 832.00 -60.06 -32.40
 833.00 -81.80 -49.29
 834.00 -61.60 -17.85
 835.00 -63.32 -52.12
 836.00 -71.23 -44.72
 837.00 -87.12 -11.16
 838.00 -60.58 -40.97
 839.00 -55.67 -39.68
 840.00 -142.20 -15.51
 841.00 -42.96  -5.13
 842.00 -79.65 135.97
 843.00 -138.20  74.30
 844.00 -77.20 150.12
 845.00 -70.36 112.83
 846.00 -60.04 -27.65
 847.00 -129.12 -18.60
 848.00 -54.28  87.33
 849.00 -46.32 -30.82
 850.00 -75.43 -28.97
 851.00 -71.84 -55.86
 852.00 -56.50 -41.53
 853.00 -65.44 -52.01
 854.00 -59.71 -33.99
 855.00 -63.70 -52.78
 856.00 -62.38 -40.80
 857.00 -81.40 -39.19
 858.00 -78.50 -16.81
 859.00 -69.57 -35.40
 860.00 -67.93 -42.33
 861.00 -65.46 -35.57
 862.00 -67.62 -40.01
 863.00 -70.52 -37.38
 864.00 -83.30 -17.86
 865.00 -68.01  -5.19
 866.00 -73.03 -39.59
 867.00 -68.87 -34.26
 868.00 -71.42 -22.59
 869.00 -53.32 -56.32
 870.00 -57.03 -40.26
 871.00 -80.84 -41.60
 872.00 -72.71 -35.61
 873.00 -63.28 -40.07
 874.00 -69.00 -30.94
 875.00 -61.17 -46.04
 876.00 -62.70 -54.38
 877.00 -75.30 -34.03
 878.00 -66.94 -41.43
 879.00 -61.61 -45.92
 880.00 -62.12 -36.69
 881.00 -67.67 -35.22
 882.00 -82.58 -59.96
 883.00 -47.37   5.75
 884.00 -78.27 -41.32
 885.00 -70.90 -35.99
 886.00 -96.31 -30.03
 887.00  63.96   5.66
 888.00 -87.38  29.41
 889.00 -93.07 139.81
 890.00 -116.50 126.93
 891.00 -58.07  95.04
 892.00 -49.08 140.72
 893.00 -70.07 -44.97
 894.00 -80.21 -29.24
 895.00 -73.02 -36.18
 896.00 -55.91 -24.16
 897.00 -54.65 -50.08
 898.00 -71.79 -55.82
 899.00 -80.30 -27.90
 900.00 -97.91 -40.14
 901.00 -90.92 -48.24
 902.00 -61.92 -42.03
 903.00 -57.56 -32.27
 904.00 -66.85 -26.38
 905.00 -77.96 -42.22
 906.00 -73.20 -22.63
 907.00 -75.53 -45.43
 908.00  68.37  -3.85
 909.00 -69.41   9.73
 910.00 -116.04 -29.94
 911.00 -147.29 130.97
 912.00 -69.11 140.86
 913.00 -79.77 151.43
 914.00 -107.28 128.54
 915.00 -76.40 136.02
 916.00 -104.50 -35.14
 917.00 -108.67 163.85


