 residuo Phi Psi
 669.00 -76.53 153.79
 670.00 -65.84 157.90
 671.00 -56.16 120.53
 672.00 -26.28 -29.02
 673.00 -75.92 -46.60
 674.00 -85.09 -18.08
 675.00 -70.17 -36.74
 676.00 -82.67 -28.18
 677.00 -77.20 -21.69
 678.00 -55.72 -28.49
 679.00 -108.54 -22.48
 680.00 -67.76  -5.30
 681.00 -62.03 119.02
 682.00 -76.07 156.05
 683.00 -46.36 166.80
 684.00 -136.82 141.94
 685.00 -78.30 118.64
 686.00 -98.96 160.78
 687.00  96.07 -15.63
 688.00 -82.88  16.81
 689.00 -123.32 146.35
 690.00 -59.20 111.17
 691.00 -69.85 -12.61
 692.00 -77.26 -35.87
 693.00 -62.94 144.61
 694.00 -67.52 140.98
 695.00 -158.71 138.72
 696.00 -62.83 171.12
 697.00 -59.81 -47.82
 698.00 -72.14 -47.32
 699.00 -71.01 -49.13
 700.00 -74.26 -40.90
 701.00 -56.94 -34.61
 702.00 -64.87 -43.48
 703.00 -62.57 -43.54
 704.00 -57.04 -43.84
 705.00 -50.95 -51.62
 706.00 -60.77 -54.64
 707.00 -66.71 -25.24
 708.00 -58.23 -43.60
 709.00 -57.31 -60.85
 710.00 -62.36 -33.61
 711.00 -41.42 -64.68
 712.00 -57.70 -44.00
 713.00 -77.99 -37.83
 714.00 -65.55 -34.01
 715.00 -61.09 -34.64
 716.00 -59.19 -44.68
 717.00 -69.36 -39.44
 718.00 -67.61 -43.37
 719.00 -60.11 -36.66
 720.00 -139.12  -7.10
 721.00 -58.20   7.17
 722.00 -66.75 137.07
 723.00  62.58 149.21
 724.00 -53.68 -19.99
 725.00 -33.33 -35.64
 726.00 -67.85 -32.57
 727.00 -106.03   3.54
 728.00 -61.63 142.98
 729.00 -51.70 144.85
 730.00 -78.36 -21.90
 731.00 -73.01 -35.97
 732.00 -47.13 -44.79
 733.00 -57.76 -55.30
 734.00 -60.52 -36.26
 735.00 -73.22 -54.76
 736.00 -62.36 -27.85
 737.00 -63.65 -48.69
 738.00 -59.99 -48.31
 739.00 -96.53 -35.03
 740.00 -60.62   4.99
 741.00 -73.41 -44.46
 742.00 -69.25 -41.00
 743.00 -60.96 -42.38
 744.00 -67.41 -45.86
 745.00 -73.67 -40.62
 746.00 -60.28 -38.32
 747.00 -69.10 -44.69
 748.00 -92.04 -20.94
 749.00 -56.05 -40.67
 750.00 -69.25 -38.90
 751.00 -48.97 -54.04
 752.00 -69.78 -42.73
 753.00 -76.53 -29.44
 754.00 -72.86 -48.64
 755.00 -83.89 -35.12
 756.00 -124.64 -42.56
 757.00  47.87  22.98
 758.00  67.18  45.61
 759.00 -68.35   7.47
 760.00 -131.25 -38.82
 761.00 -81.35 145.75
 762.00 -79.99 103.62
 763.00 -62.26  65.03
 764.00 -147.34 -47.11
 765.00 -58.24 158.06
 766.00 -91.08 -25.27
 767.00 -97.56 -40.78
 768.00 -83.95  64.84
 769.00 -70.88 113.38
 770.00 -83.59  97.68
 771.00 -70.16 178.66
 772.00 -72.19 -24.98
 773.00 -60.14 -48.06
 774.00 -67.70 -29.99
 775.00 -57.09 -54.25
 776.00 -70.05 -54.90
 777.00 -83.88 -23.07
 778.00  66.97   0.69
 779.00 -122.89  26.33
 780.00 -67.82  21.01
 781.00 -53.15 -48.41
 782.00 -72.21 -32.50
 783.00 -71.74 -42.08
 784.00 -46.99 -38.07
 785.00 -59.98 -53.20
 786.00 -70.25 -40.35
 787.00 -69.25 -22.68
 788.00 -74.30 -39.18
 789.00 -52.18 -38.97
 790.00 -55.47 -46.12
 791.00 -67.50 -58.42
 792.00 -71.69 -15.96
 793.00 -64.60 -27.81
 794.00 -53.29 -36.95
 795.00 -53.46 -65.23
 796.00 -82.56 -50.55
 797.00  64.78   3.34
 798.00 -62.35  36.86
 799.00 -100.40 128.60
 800.00 -53.71 161.27
 801.00 -74.67 -34.70
 802.00 -61.73 -39.72
 803.00 -52.36 -37.15
 804.00 -63.96 -56.07
 805.00 -85.06 -24.66
 806.00 -72.55 -27.08
 807.00 -57.61 -34.72
 808.00 -57.00 -41.32
 809.00 -71.61 -54.62
 810.00 -65.53 -18.78
 811.00 -66.06 -35.49
 812.00 -108.19 -20.75
 813.00 -116.61  21.71
 814.00 -156.80  21.31
 815.00 -143.56 119.00
 816.00 -51.57 166.65
 817.00 -62.90 154.01
 818.00 -77.20 -32.00
 819.00  82.99 -11.80
 820.00 -67.60 172.39
 821.00 -63.14 -179.55
 822.00 -76.96 -56.24
 823.00 -59.83  32.34
 824.00 -65.98 -29.90
 825.00 -93.46 -23.26
 826.00 -62.62 -39.77
 827.00 -55.15 -42.84
 828.00 -77.44 -33.97
 829.00 -64.85 -35.02
 830.00 -55.61 -38.23
 831.00 -54.66 -42.51
 832.00 -57.15 -57.82
 833.00 -78.19 -47.78
 834.00 -68.43 -20.45
 835.00 -77.09 -38.06
 836.00 -74.05 -20.78
 837.00 -66.64 -39.59
 838.00 -65.73 -45.78
 839.00 -72.59 -21.23
 840.00 -69.39 -71.46
 841.00 -37.53 -13.55
 842.00 -93.71 134.75
 843.00 -67.00  37.74
 844.00 -70.88 154.41
 845.00 -55.84  91.98
 846.00 -46.81 -30.84
 847.00 -125.59 -12.84
 848.00 -64.34  64.43
 849.00 -69.84 -25.56
 850.00 -69.45 -17.72
 851.00 -64.28 -39.48
 852.00 -57.87 -39.61
 853.00 -51.23 -55.06
 854.00 -65.97 -42.91
 855.00 -68.13 -45.00
 856.00 -55.02 -37.31
 857.00 -71.34 -48.23
 858.00 -59.45 -28.12
 859.00 -73.05 -53.30
 860.00 -59.03 -23.05
 861.00 -67.99 -43.97
 862.00 -71.19 -36.99
 863.00 -73.36 -31.48
 864.00 -70.18 -41.52
 865.00 -81.03 -12.55
 866.00 -54.17 -29.26
 867.00 -59.24 -39.76
 868.00 -57.78 -41.41
 869.00 -65.58 -48.29
 870.00 -79.04 -21.91
 871.00 -46.12 -45.59
 872.00 -77.85 -46.50
 873.00 -62.48 -24.06
 874.00 -70.67 -32.84
 875.00 -58.17 -49.77
 876.00 -61.52 -52.64
 877.00 -62.10 -42.55
 878.00 -77.08 -37.44
 879.00 -68.49 -32.07
 880.00 -66.18 -33.40
 881.00 -76.01 -37.13
 882.00 -85.72 -38.03
 883.00 -50.49  13.83
 884.00 -59.08 -56.90
 885.00 -86.88 -40.75
 886.00 -74.65 -34.08
 887.00  62.16   5.83
 888.00 -82.52  17.22
 889.00 -89.12 132.43
 890.00 -131.78 150.14
 891.00 -59.18 130.39
 892.00 -69.42 145.12
 893.00 -67.55 -33.00
 894.00 -70.87 -41.29
 895.00 -61.23 -45.68
 896.00 -73.28 -30.81
 897.00 -62.65 -36.09
 898.00 -69.90 -46.86
 899.00 -76.36 -39.79
 900.00 -104.64 -41.38
 901.00 -111.96 -27.91
 902.00 -60.11 -40.80
 903.00 -51.91 -39.04
 904.00 -71.91 -29.07
 905.00 -70.83 -41.01
 906.00 -79.03 -37.63
 907.00 -69.79 -29.99
 908.00  98.62 -18.07
 909.00 -74.38 -11.47
 910.00 -115.57 -23.07
 911.00 -118.43 117.06
 912.00 -56.80 151.16
 913.00 -86.70 138.45
 914.00 -71.37  99.77
 915.00 -61.86 119.34
 916.00 -77.50 -43.40
 917.00 -124.86  76.31


