 residuo Phi Psi
 669.00 -89.71 134.90
 670.00 -91.10 142.96
 671.00 -144.75 132.42
 672.00 -49.40  -0.81
 673.00 -64.51 -34.79
 674.00 -64.21 -41.71
 675.00 -64.27 -32.78
 676.00 -50.52 -50.74
 677.00 -58.90 -48.99
 678.00 -80.18 -32.57
 679.00 -80.95 -41.21
 680.00 -55.48  -1.05
 681.00 -77.90 112.95
 682.00 -57.88 133.32
 683.00 -73.07 150.36
 684.00 -58.03 105.41
 685.00 -79.65 132.30
 686.00 -74.30 148.60
 687.00  87.40 -23.51
 688.00 -78.44  24.54
 689.00 -146.47 173.15
 690.00 -60.04 125.59
 691.00 -85.27  -7.24
 692.00 -68.86 -30.89
 693.00 -57.44 132.30
 694.00 -56.74 116.00
 695.00 -173.84 109.64
 696.00 -67.21 163.79
 697.00 -50.42 -59.81
 698.00 -72.91 -47.88
 699.00 -73.90 -42.08
 700.00 -64.53 -39.25
 701.00 -60.18 -49.07
 702.00 -73.51 -30.31
 703.00 -73.45 -33.39
 704.00 -67.92 -21.82
 705.00 -76.10 -32.90
 706.00 -54.15 -39.78
 707.00 -46.54 -50.46
 708.00 -57.95 -48.81
 709.00 -64.91 -51.39
 710.00 -62.71 -46.50
 711.00 -60.73 -52.86
 712.00 -63.28 -28.34
 713.00 -59.03 -49.59
 714.00 -71.60 -20.25
 715.00 -65.56 -44.96
 716.00 -75.15 -19.93
 717.00 -55.63 -52.40
 718.00 -42.73 -50.44
 719.00 -61.47 -54.31
 720.00 -76.39 -39.65
 721.00 -68.26 -17.64
 722.00 -57.54 132.31
 723.00  76.66 137.42
 724.00 -62.79 -14.46
 725.00 -79.97 -29.80
 726.00 -59.06  -7.10
 727.00 -82.72 -21.93
 728.00 -68.30 174.47
 729.00 -70.97 152.82
 730.00 -60.36 -50.93
 731.00 -76.51 -25.79
 732.00 -49.01 -46.27
 733.00 -60.55 -47.21
 734.00 -85.21 -34.30
 735.00 -62.49 -38.45
 736.00 -71.50 -25.54
 737.00 -70.71 -46.64
 738.00 -83.22 -24.04
 739.00 -75.33 -46.89
 740.00 -55.90  -8.39
 741.00 -70.40 -52.95
 742.00 -50.19 -49.60
 743.00 -53.21 -64.76
 744.00 -81.14 -48.11
 745.00 -68.29 -31.65
 746.00 -70.73 -32.71
 747.00 -60.97 -41.42
 748.00 -46.64 -51.19
 749.00 -68.92 -42.53
 750.00 -60.56 -41.64
 751.00 -54.90 -50.00
 752.00 -59.03 -43.87
 753.00 -79.89 -35.53
 754.00 -76.48 -48.76
 755.00 -98.16 -34.25
 756.00 -126.22 -40.87
 757.00  35.48  35.32
 758.00  47.94  52.30
 759.00 -70.70   4.32
 760.00 -113.77 -44.71
 761.00 -91.51 161.06
 762.00 -83.23 101.47
 763.00 -64.64  75.34
 764.00 -146.38 -55.84
 765.00 -65.26 167.34
 766.00 -98.05 -20.70
 767.00 -153.25  -7.35
 768.00 -81.86  88.26
 769.00 -98.89 144.01
 770.00 -84.03 115.48
 771.00 -53.36 -179.31
 772.00 -68.81 -43.31
 773.00 -72.78 -35.25
 774.00 -58.74 -38.29
 775.00 -88.31 -28.45
 776.00 -53.40 -47.76
 777.00 -68.09 -50.02
 778.00  56.85  -8.16
 779.00 -124.59  39.37
 780.00 -69.88  32.89
 781.00 -58.42 -46.24
 782.00 -71.05 -37.97
 783.00 -74.78 -36.22
 784.00 -76.26 -21.37
 785.00 -57.40 -35.05
 786.00 -84.34 -36.45
 787.00 -77.03 -22.37
 788.00 -50.28 -43.98
 789.00 -59.25 -44.78
 790.00 -71.90 -48.45
 791.00 -84.09 -17.40
 792.00 -72.33 -22.13
 793.00 -82.54 -12.55
 794.00 -73.17 -32.41
 795.00 -76.31 -41.08
 796.00 -84.33 -32.37
 797.00  52.74  -2.00
 798.00 -69.25  51.51
 799.00 -82.48 129.29
 800.00 -55.20 152.69
 801.00 -75.44 -28.97
 802.00 -63.92 -39.51
 803.00 -44.87 -47.12
 804.00 -71.07 -45.50
 805.00 -76.82 -37.19
 806.00 -57.64 -36.03
 807.00 -74.11 -42.55
 808.00 -69.31 -30.72
 809.00 -74.91 -31.93
 810.00 -65.59 -30.25
 811.00 -63.51 -21.97
 812.00 -134.72 -16.80
 813.00 -134.96  47.16
 814.00 -156.21   1.59
 815.00 -155.41 127.23
 816.00 -65.02 158.98
 817.00 -75.59 157.79
 818.00 -58.54 -34.44
 819.00  59.61 -24.24
 820.00 -86.91 -179.79
 821.00 -65.07 166.86
 822.00 -120.01 -31.52
 823.00 -53.44  42.74
 824.00 -63.05 -30.55
 825.00 -89.15 -27.46
 826.00 -71.38 -17.37
 827.00 -57.97 -48.55
 828.00 -62.70 -36.70
 829.00 -72.39 -41.68
 830.00 -60.30 -39.72
 831.00 -54.69 -53.94
 832.00 -60.39 -43.43
 833.00 -68.60 -45.92
 834.00 -55.80 -34.54
 835.00 -71.38 -46.28
 836.00 -73.20 -32.89
 837.00 -67.61 -27.53
 838.00 -63.38 -59.23
 839.00 -62.90 -14.62
 840.00 -129.16 -30.91
 841.00 -54.21   9.51
 842.00 -80.04 134.34
 843.00 -128.60  82.86
 844.00 -81.94 167.46
 845.00 -75.98 108.59
 846.00 -69.76 -17.68
 847.00 -115.47 -14.98
 848.00 -57.19  83.17
 849.00 -73.72 -15.34
 850.00 -53.47 -33.93
 851.00 -69.68 -34.09
 852.00 -50.03 -56.63
 853.00 -54.95 -43.62
 854.00 -61.42 -50.11
 855.00 -56.93 -46.18
 856.00 -57.24 -40.52
 857.00 -62.17 -42.67
 858.00 -59.51 -43.25
 859.00 -72.38 -43.28
 860.00 -57.93 -32.42
 861.00 -57.56 -47.38
 862.00 -59.85 -52.77
 863.00 -81.87 -31.88
 864.00 -68.04 -36.06
 865.00 -58.15 -31.06
 866.00 -70.28 -32.64
 867.00 -60.05 -47.96
 868.00 -68.65 -29.08
 869.00 -69.60 -34.55
 870.00 -59.83 -41.91
 871.00 -62.67 -36.60
 872.00 -69.93 -46.22
 873.00 -67.19 -31.96
 874.00 -59.81 -44.12
 875.00 -59.96 -47.46
 876.00 -79.06 -37.77
 877.00 -61.86 -37.23
 878.00 -69.40 -41.81
 879.00 -63.07 -33.26
 880.00 -70.36 -47.26
 881.00 -68.44 -26.58
 882.00 -81.73 -48.10
 883.00 -59.37   8.34
 884.00 -76.88 -30.18
 885.00 -81.80 -30.20
 886.00 -93.28 -47.44
 887.00  54.59   9.04
 888.00 -72.87  19.91
 889.00 -100.49 135.62
 890.00 -148.80 151.23
 891.00 -58.52 128.68
 892.00 -62.29 159.95
 893.00 -63.88 -47.57
 894.00 -74.70 -26.96
 895.00 -50.69 -52.63
 896.00 -68.80 -33.23
 897.00 -55.91 -43.97
 898.00 -82.77 -40.10
 899.00 -71.03 -44.39
 900.00 -109.87 -24.95
 901.00 -94.87 -53.89
 902.00 -65.91 -34.76
 903.00 -57.69 -33.31
 904.00 -60.02 -34.03
 905.00 -72.63 -45.61
 906.00 -69.31 -44.52
 907.00 -83.86 -24.13
 908.00  72.18   3.62
 909.00 -74.31   1.39
 910.00 -112.70 -21.05
 911.00 -148.71 140.19
 912.00 -55.46 158.67
 913.00 -76.78 146.65
 914.00 -84.44  98.12
 915.00 -62.84 127.82
 916.00 -105.66 -38.48
 917.00 -73.06  58.12


