 residuo Phi Psi
 669.00 -57.81 175.94
 670.00 -49.45 122.25
 671.00 -90.54 143.65
 672.00 -50.10 -44.47
 673.00 -81.01 -37.96
 674.00 -60.00 -33.90
 675.00 -63.12 -43.05
 676.00 -55.47 -49.75
 677.00 -52.28 -46.97
 678.00 -117.45 -14.85
 679.00 -112.36  -5.78
 680.00 -70.96 -12.49
 681.00 -75.60 126.75
 682.00 -81.78 170.42
 683.00 -61.79 154.70
 684.00 -85.01 128.15
 685.00 -92.42 139.18
 686.00 -73.98 140.97
 687.00  81.14 -26.23
 688.00 -58.47  31.09
 689.00 -145.24 163.74
 690.00 -65.04 134.67
 691.00 -53.08 -19.69
 692.00 -80.67 -32.82
 693.00 -67.75 140.28
 694.00 -98.17 170.91
 695.00 -81.09  48.56
 696.00 -62.18 160.40
 697.00 -56.70 -45.22
 698.00 -61.66 -57.06
 699.00 -65.20 -44.82
 700.00 -68.35 -44.31
 701.00 -51.70 -39.57
 702.00 -62.29 -44.07
 703.00 -61.91 -48.70
 704.00 -74.32 -29.91
 705.00 -67.04 -40.04
 706.00 -58.01 -37.81
 707.00 -42.52 -48.14
 708.00 -72.33 -45.49
 709.00 -57.09 -45.18
 710.00 -50.44 -52.93
 711.00 -66.32 -43.33
 712.00 -65.01 -39.36
 713.00 -68.53 -39.12
 714.00 -76.95 -26.99
 715.00 -67.13 -40.90
 716.00 -65.30 -37.73
 717.00 -74.03 -34.89
 718.00 -69.56 -40.58
 719.00 -53.45 -46.58
 720.00 -92.71 -25.75
 721.00 -72.95   6.11
 722.00 -68.06 146.35
 723.00  76.26 139.45
 724.00 -52.92 -30.15
 725.00 -67.68 -37.59
 726.00 -80.17   2.61
 727.00 -60.47 -23.01
 728.00 -79.55 159.01
 729.00 -50.20 138.17
 730.00 -60.94 -37.88
 731.00 -77.64 -37.91
 732.00 -68.59 -30.18
 733.00 -58.12 -54.16
 734.00 -71.97 -28.72
 735.00 -69.59 -52.68
 736.00 -68.16 -29.80
 737.00 -75.80 -34.55
 738.00 -65.44 -59.16
 739.00 -67.09 -34.81
 740.00 -45.42 -15.48
 741.00 -72.87 -57.20
 742.00 -58.35 -49.88
 743.00 -67.59 -46.94
 744.00 -63.98 -49.36
 745.00 -68.91 -34.71
 746.00 -50.42 -47.45
 747.00 -70.37 -45.35
 748.00 -60.98 -42.98
 749.00 -71.87 -25.58
 750.00 -69.96 -41.19
 751.00 -60.59 -37.77
 752.00 -64.56 -39.04
 753.00 -66.20 -35.17
 754.00 -79.08 -46.24
 755.00 -70.77 -60.69
 756.00 -138.73 -35.74
 757.00  46.89  22.48
 758.00  48.91  52.23
 759.00 -69.18 -11.34
 760.00 -100.38 -39.39
 761.00 -101.91 167.02
 762.00 -73.84 100.04
 763.00 -70.15  67.17
 764.00 -136.35 -45.46
 765.00 -54.49 162.69
 766.00 -109.47 -24.47
 767.00 -151.64  17.18
 768.00 -106.45  80.59
 769.00 -114.65 148.98
 770.00 -66.50 102.89
 771.00 -61.07 166.89
 772.00 -63.17 -35.42
 773.00 -68.59 -42.56
 774.00 -59.37 -36.35
 775.00 -80.20 -40.37
 776.00 -69.94 -37.40
 777.00 -77.55 -30.33
 778.00  56.92  -0.68
 779.00 -137.19  35.20
 780.00 -55.18  31.27
 781.00 -70.00 -40.49
 782.00 -39.94 -45.98
 783.00 -71.60 -48.46
 784.00 -71.07 -43.23
 785.00 -73.33 -25.66
 786.00 -63.39 -39.36
 787.00 -62.85 -43.87
 788.00 -74.97 -34.57
 789.00 -68.33 -23.39
 790.00 -69.90 -42.49
 791.00 -60.48 -35.44
 792.00 -67.85 -30.58
 793.00 -68.84 -25.35
 794.00 -82.88 -24.49
 795.00 -62.11 -47.59
 796.00 -107.71 -15.85
 797.00  47.82  -5.49
 798.00 -73.88  76.99
 799.00 -73.59 116.15
 800.00 -57.60 155.14
 801.00 -62.17 -28.57
 802.00 -79.27 -37.78
 803.00 -51.59 -40.24
 804.00 -59.75 -57.45
 805.00 -66.22 -40.80
 806.00 -61.41 -44.87
 807.00 -79.20 -28.70
 808.00 -67.63 -34.59
 809.00 -64.44 -44.41
 810.00 -69.45 -28.48
 811.00 -61.58 -31.02
 812.00 -107.20 -21.52
 813.00 -138.85  37.56
 814.00 -141.28   5.26
 815.00 -139.77 132.22
 816.00 -62.52 154.21
 817.00 -54.26 146.19
 818.00 -77.89 -33.78
 819.00  80.52  -4.01
 820.00 -71.30 174.24
 821.00 -63.17 152.88
 822.00 -136.02 -18.98
 823.00 -63.79  71.73
 824.00 -41.54 -30.04
 825.00 -76.31 -54.04
 826.00 -62.18 -25.38
 827.00 -63.12 -53.89
 828.00 -56.12 -38.39
 829.00 -71.09 -50.39
 830.00 -54.85 -48.47
 831.00 -53.71 -42.88
 832.00 -68.01 -54.23
 833.00 -64.99 -39.53
 834.00 -64.63 -29.60
 835.00 -66.89 -48.56
 836.00 -77.31 -24.93
 837.00 -66.90 -34.86
 838.00 -59.76 -43.93
 839.00 -71.38 -24.24
 840.00 -128.22 -24.83
 841.00 -65.75  20.37
 842.00 -76.81 146.85
 843.00 -147.36  85.40
 844.00 -78.89 160.51
 845.00 -52.73  86.00
 846.00 -65.33 -20.18
 847.00 -122.33 -25.14
 848.00 -77.04  64.61
 849.00 -63.89  -1.89
 850.00 -51.34 -40.62
 851.00 -69.59 -44.68
 852.00 -60.56 -43.10
 853.00 -57.53 -38.61
 854.00 -55.93 -56.07
 855.00 -55.41 -43.89
 856.00 -68.86 -45.77
 857.00 -85.14 -32.69
 858.00 -69.95 -16.68
 859.00 -74.50 -38.42
 860.00 -44.39 -46.19
 861.00 -59.41 -49.86
 862.00 -54.54 -51.38
 863.00 -74.23 -43.06
 864.00 -71.61 -12.85
 865.00 -80.91  -9.08
 866.00 -45.11 -49.83
 867.00 -66.46 -49.79
 868.00 -72.13 -30.22
 869.00 -73.29 -41.22
 870.00 -52.59 -25.68
 871.00 -64.22 -58.03
 872.00 -66.64 -46.88
 873.00 -60.67 -30.68
 874.00 -55.84 -50.55
 875.00 -60.47 -39.62
 876.00 -73.97 -55.96
 877.00 -72.72 -21.60
 878.00 -68.09 -50.51
 879.00 -79.51  -8.06
 880.00 -45.65 -48.69
 881.00 -66.57 -54.28
 882.00 -95.06 -29.93
 883.00 -46.91  -9.01
 884.00 -69.97 -38.80
 885.00 -76.96 -36.61
 886.00 -115.97  -8.79
 887.00  78.87 -10.99
 888.00 -94.34  30.39
 889.00 -73.59 129.97
 890.00 -118.87 126.49
 891.00 -78.70 127.98
 892.00 -58.40 148.95
 893.00 -76.42 -48.55
 894.00 -76.12 -25.92
 895.00 -70.58 -34.82
 896.00 -54.87 -30.66
 897.00 -51.42 -62.43
 898.00 -77.85 -44.93
 899.00 -89.87 -31.55
 900.00 -107.03 -24.64
 901.00 -88.89 -54.22
 902.00 -30.78 -56.56
 903.00 -50.33 -46.43
 904.00 -75.39 -41.34
 905.00 -74.05 -23.73
 906.00 -84.23 -38.96
 907.00 -82.27 -19.11
 908.00  51.10   9.18
 909.00 -70.29  19.39
 910.00 -128.71 -14.77
 911.00 -151.38 132.23
 912.00 -62.53 154.62
 913.00 -109.55 174.65
 914.00 -123.57 142.96
 915.00 -80.87 132.40
 916.00 -131.67 -13.63
 917.00 -134.82 152.98


