 residuo Phi Psi
 669.00 -57.21  79.78
 670.00 -76.39 144.34
 671.00 -58.41 145.25
 672.00 -57.67 -19.74
 673.00 -69.90 -30.45
 674.00 -71.84 -29.30
 675.00 -75.40 -25.22
 676.00 -53.64 -47.32
 677.00 -59.70 -46.25
 678.00 -69.88 -34.32
 679.00 -85.87 -33.98
 680.00 -96.92  11.76
 681.00 -54.30 116.21
 682.00 -68.14 154.92
 683.00 -64.37 154.38
 684.00 -136.10 142.06
 685.00 -91.35 141.42
 686.00 -65.47 156.72
 687.00  88.23 -24.48
 688.00 -79.75   2.57
 689.00 -149.40 176.09
 690.00 -71.10 112.26
 691.00 -82.22  -8.25
 692.00 -93.66 -22.47
 693.00 -59.08 142.61
 694.00 -83.68 148.78
 695.00 -167.06 155.32
 696.00 -45.95 158.47
 697.00 -78.93 -52.89
 698.00 -63.45 -32.24
 699.00 -62.75 -52.42
 700.00 -72.80 -44.19
 701.00 -68.21 -36.97
 702.00 -75.45 -31.55
 703.00 -70.61 -27.24
 704.00 -64.76 -38.33
 705.00 -54.44 -46.34
 706.00 -57.81 -51.88
 707.00 -57.39 -42.81
 708.00 -65.35 -36.29
 709.00 -64.36 -39.92
 710.00 -64.95 -55.35
 711.00 -77.42 -20.01
 712.00 -73.01 -30.07
 713.00 -51.77 -46.92
 714.00 -61.99 -38.34
 715.00 -62.81 -48.80
 716.00 -55.14 -49.52
 717.00 -69.92 -42.97
 718.00 -56.45 -46.27
 719.00 -56.51 -47.93
 720.00 -92.34 -31.83
 721.00 -69.90 -22.10
 722.00 -49.28 122.04
 723.00 135.16 116.68
 724.00 -52.16 -33.48
 725.00 -71.06 -30.26
 726.00 -79.20 -11.38
 727.00 -78.63 -24.21
 728.00 -65.61 146.56
 729.00 -69.58 149.53
 730.00 -57.40 -22.88
 731.00 -61.05 -51.70
 732.00 -58.56 -53.77
 733.00 -67.26 -35.30
 734.00 -71.02 -27.87
 735.00 -57.80 -54.53
 736.00 -80.68 -31.41
 737.00 -77.19 -45.90
 738.00 -89.00 -27.09
 739.00 -90.36 -26.13
 740.00 -60.97  -9.43
 741.00 -75.75 -30.76
 742.00 -48.57 -43.11
 743.00 -54.92 -63.15
 744.00 -63.30 -49.90
 745.00 -68.08 -42.48
 746.00 -39.71 -54.96
 747.00 -48.59 -68.29
 748.00 -56.01 -45.56
 749.00 -63.56 -43.90
 750.00 -53.67 -45.35
 751.00 -58.60 -60.20
 752.00 -85.02 -28.21
 753.00 -66.25 -26.58
 754.00 -67.82 -60.02
 755.00 -74.83 -46.63
 756.00 -127.48 -49.84
 757.00  55.84  19.99
 758.00  58.30  42.09
 759.00 -60.51 -12.24
 760.00 -125.95 -28.52
 761.00 -105.69 164.05
 762.00 -80.68 101.65
 763.00 -54.67  61.40
 764.00 -154.41 -44.63
 765.00 -80.92 170.65
 766.00 -102.61 -18.49
 767.00 -91.89 -28.65
 768.00 -76.91  38.68
 769.00 -84.87 127.63
 770.00 -52.95  93.59
 771.00 -63.30 161.99
 772.00 -50.38 -28.54
 773.00 -62.82 -60.94
 774.00 -58.79 -32.83
 775.00 -81.83 -34.69
 776.00 -74.73 -45.52
 777.00 -66.90 -25.04
 778.00  55.11  -4.21
 779.00 -121.29  37.14
 780.00 -64.86  13.41
 781.00 -53.77 -45.99
 782.00 -77.09 -35.66
 783.00 -56.88 -38.16
 784.00 -61.25 -37.55
 785.00 -70.96 -43.22
 786.00 -68.61 -26.21
 787.00 -57.82 -48.31
 788.00 -64.61 -35.05
 789.00 -56.82 -51.32
 790.00 -76.73 -29.25
 791.00 -73.36 -38.76
 792.00 -66.73 -15.22
 793.00 -64.62 -32.92
 794.00 -65.63 -42.24
 795.00 -85.15 -30.91
 796.00 -87.29 -32.01
 797.00  58.46 -14.85
 798.00 -76.83  64.95
 799.00 -94.23 141.31
 800.00 -53.00 152.16
 801.00 -65.88 -38.51
 802.00 -63.20 -39.83
 803.00 -51.21 -44.87
 804.00 -70.39 -45.06
 805.00 -81.23 -30.00
 806.00 -62.25 -40.80
 807.00 -52.86 -44.78
 808.00 -61.25 -48.09
 809.00 -58.37 -45.35
 810.00 -75.00 -22.23
 811.00 -70.69 -10.55
 812.00 -109.99 -20.68
 813.00 -134.33  39.68
 814.00 -159.59   7.01
 815.00 -153.46 136.22
 816.00 -68.63 156.27
 817.00 -59.31 147.88
 818.00 -65.77 -25.55
 819.00  77.91 -21.68
 820.00 -64.39 155.50
 821.00 -78.04 161.80
 822.00 -101.49 -36.36
 823.00 -48.03  43.05
 824.00 -67.95 -48.71
 825.00 -76.63 -26.34
 826.00 -57.74 -46.26
 827.00 -49.94 -44.58
 828.00 -58.11 -45.02
 829.00 -65.50 -45.73
 830.00 -74.38 -27.47
 831.00 -58.01 -47.79
 832.00 -60.78 -37.78
 833.00 -91.73 -38.62
 834.00 -63.11 -19.82
 835.00 -78.91 -39.36
 836.00 -49.71 -44.01
 837.00 -63.11 -44.34
 838.00 -59.52 -49.53
 839.00 -71.82 -30.11
 840.00 -120.93 -22.44
 841.00 -61.49   2.53
 842.00 -82.00 135.63
 843.00 -84.78  41.23
 844.00 -70.82 158.84
 845.00 -39.94  82.64
 846.00 -61.80 -41.77
 847.00 -113.20 -23.57
 848.00 -59.37  91.62
 849.00 -69.54 -36.05
 850.00 -66.71 -25.09
 851.00 -75.72 -31.67
 852.00 -51.53 -51.19
 853.00 -67.64 -36.32
 854.00 -57.68 -44.86
 855.00 -60.00 -45.05
 856.00 -49.91 -51.31
 857.00 -72.57 -41.68
 858.00 -77.71 -15.81
 859.00 -75.35 -42.93
 860.00 -68.58 -22.73
 861.00 -68.79 -32.26
 862.00 -69.23 -41.03
 863.00 -72.31 -31.37
 864.00 -85.22 -17.63
 865.00 -59.92 -14.75
 866.00 -44.82 -47.87
 867.00 -62.37 -57.69
 868.00 -64.77 -38.20
 869.00 -67.33 -40.17
 870.00 -54.08 -45.89
 871.00 -61.43 -45.01
 872.00 -67.62 -46.43
 873.00 -55.67 -41.30
 874.00 -72.05 -39.72
 875.00 -62.48 -40.25
 876.00 -75.67 -41.46
 877.00 -49.07 -42.77
 878.00 -62.93 -49.88
 879.00 -86.16 -21.81
 880.00 -65.47 -41.40
 881.00 -58.12 -38.06
 882.00 -120.27 -23.15
 883.00 -53.40  13.16
 884.00 -71.15 -47.21
 885.00 -69.91 -37.30
 886.00 -74.15 -45.47
 887.00  46.84   1.78
 888.00 -92.13  41.35
 889.00 -98.91 132.38
 890.00 -145.84 155.88
 891.00 -71.50 105.63
 892.00 -74.36 149.26
 893.00 -74.11 -26.52
 894.00 -70.09 -38.98
 895.00 -59.01 -54.03
 896.00 -63.48 -40.48
 897.00 -61.98 -33.44
 898.00 -77.60 -40.16
 899.00 -79.77 -30.86
 900.00 -123.42 -30.71
 901.00 -103.70 -30.19
 902.00 -65.84 -36.75
 903.00 -51.23 -40.09
 904.00 -63.62 -43.31
 905.00 -71.17 -32.07
 906.00 -64.03 -53.78
 907.00 -89.86 -28.28
 908.00  77.98  -2.92
 909.00 -65.71  14.85
 910.00 -141.44 -14.83
 911.00 -134.09 136.38
 912.00 -69.20 152.89
 913.00 -99.70 164.55
 914.00 -86.43 102.84
 915.00 -80.41 134.38
 916.00 -125.67 -25.19
 917.00 -55.97 147.57


