 residuo Phi Psi
 669.00 -68.54 157.67
 670.00 -60.26 136.23
 671.00 -71.91  92.24
 672.00 -49.61 -37.15
 673.00 -53.80 -66.35
 674.00 -58.85 -43.49
 675.00 -66.22 -27.08
 676.00 -58.37 -55.90
 677.00 -55.80 -29.34
 678.00 -77.48 -50.13
 679.00 -84.35 -34.06
 680.00 -62.54  -9.74
 681.00 -65.57 114.30
 682.00 -75.29 170.97
 683.00 -59.37 151.07
 684.00 -67.77 119.05
 685.00 -97.06 137.52
 686.00 -90.88 157.39
 687.00  83.36 -20.32
 688.00 -71.53  23.33
 689.00 -74.46 100.64
 690.00 -62.90 150.61
 691.00 -67.53 -34.17
 692.00 -71.30 -12.72
 693.00 -70.88 137.57
 694.00 -95.60 144.27
 695.00 -146.40  79.96
 696.00 -43.62 171.45
 697.00 -63.59 -59.17
 698.00 -67.51 -50.64
 699.00 -63.24 -39.57
 700.00 -80.08 -36.77
 701.00 -65.36 -39.24
 702.00 -60.03 -38.67
 703.00 -65.27 -54.69
 704.00 -69.65 -29.58
 705.00 -64.00 -40.04
 706.00 -67.97 -38.97
 707.00 -60.68 -24.85
 708.00 -73.36 -40.59
 709.00 -55.10 -39.78
 710.00 -65.53 -42.59
 711.00 -50.97 -51.18
 712.00 -71.95 -38.02
 713.00 -57.15 -42.17
 714.00 -71.14 -40.41
 715.00 -62.78 -36.66
 716.00 -68.39 -40.98
 717.00 -81.51 -31.08
 718.00 -55.58 -42.62
 719.00 -63.50 -44.46
 720.00 -90.87 -23.57
 721.00 -60.82 -14.90
 722.00 -75.28 153.27
 723.00  82.56 114.83
 724.00 -71.40  11.29
 725.00 -61.37 -23.35
 726.00 -72.61 -18.38
 727.00 -73.85 -22.71
 728.00 -67.02 146.26
 729.00 -49.99 130.42
 730.00 -84.03 -32.93
 731.00 -69.55 -21.57
 732.00 -51.87 -38.94
 733.00 -65.45 -52.83
 734.00 -71.57 -28.93
 735.00 -59.68 -58.55
 736.00 -67.24 -23.51
 737.00 -68.97 -55.94
 738.00 -83.21 -18.83
 739.00 -78.10 -45.04
 740.00 -41.79  -8.73
 741.00 -63.76 -65.96
 742.00 -54.67 -44.18
 743.00 -55.15 -54.11
 744.00 -68.52 -53.82
 745.00 -56.68 -37.14
 746.00 -54.94 -60.56
 747.00 -69.95 -35.40
 748.00 -63.68 -40.47
 749.00 -61.85 -37.94
 750.00 -51.35 -45.59
 751.00 -65.65 -49.64
 752.00 -54.15 -40.80
 753.00 -66.72 -42.62
 754.00 -85.33 -47.73
 755.00 -110.82 -10.15
 756.00 -139.24 -31.86
 757.00  48.85  17.61
 758.00  59.32  39.56
 759.00 -62.23  -4.27
 760.00 -96.14 -49.95
 761.00 -95.11 162.58
 762.00 -93.24 111.44
 763.00 -48.24  55.87
 764.00 -145.17 -47.99
 765.00 -67.38 171.40
 766.00 -85.75 -35.09
 767.00 -129.35 -20.14
 768.00 -103.76  74.83
 769.00 -93.86 132.20
 770.00 -68.77 104.58
 771.00 -42.38 164.89
 772.00 -66.12 -41.75
 773.00 -67.37 -42.24
 774.00 -90.87 -16.72
 775.00 -63.27 -36.04
 776.00 -70.32 -55.68
 777.00 -74.42 -27.21
 778.00  63.04 -14.79
 779.00 -138.63  32.55
 780.00 -60.96  40.26
 781.00 -57.27 -46.96
 782.00 -61.58 -49.83
 783.00 -51.76 -43.03
 784.00 -67.79 -40.29
 785.00 -52.74 -46.88
 786.00 -66.41 -48.58
 787.00 -69.75 -28.99
 788.00 -74.28 -35.75
 789.00 -72.62 -22.32
 790.00 -62.02 -40.62
 791.00 -77.51 -35.25
 792.00 -74.66 -21.76
 793.00 -69.32 -14.86
 794.00 -69.45 -50.65
 795.00 -67.96 -28.85
 796.00 -76.20 -41.43
 797.00  36.95 -11.14
 798.00 -78.07  69.19
 799.00 -95.59 134.14
 800.00 -56.29 152.76
 801.00 -61.85 -26.68
 802.00 -65.39 -51.52
 803.00 -67.66 -37.23
 804.00 -71.96 -38.88
 805.00 -84.03 -30.81
 806.00 -61.48 -43.42
 807.00 -70.03 -33.41
 808.00 -85.43 -21.62
 809.00 -63.35 -36.65
 810.00 -51.93 -39.90
 811.00 -55.74 -32.52
 812.00 -116.65 -24.48
 813.00 -114.98  32.02
 814.00 -149.85  -4.23
 815.00 -147.31 131.48
 816.00 -60.75 157.16
 817.00 -60.72 154.19
 818.00 -79.26 -34.74
 819.00  84.33 -11.81
 820.00 -73.19 -174.84
 821.00 -67.39 178.86
 822.00 -113.61 -43.95
 823.00 -60.53  87.48
 824.00 -54.77 -33.35
 825.00 -58.52 -50.92
 826.00 -66.16 -29.20
 827.00 -68.55 -53.09
 828.00 -54.88 -27.72
 829.00 -75.87 -48.19
 830.00 -61.15 -32.01
 831.00 -51.69 -58.63
 832.00 -70.14 -35.76
 833.00 -57.92 -52.38
 834.00 -75.10 -24.66
 835.00 -63.16 -47.14
 836.00 -70.72 -38.13
 837.00 -78.36 -11.65
 838.00 -50.44 -56.25
 839.00 -72.84 -29.65
 840.00 -101.35 -28.36
 841.00 -56.92   0.28
 842.00 -70.08 142.68
 843.00 -73.35  12.34
 844.00 -73.83 171.84
 845.00 -50.43  83.84
 846.00 -66.07 -25.88
 847.00 -116.54 -33.93
 848.00 -72.41  96.34
 849.00 -70.09 -11.11
 850.00 -49.44 -38.27
 851.00 -82.90 -43.81
 852.00 -66.20 -22.39
 853.00 -79.42 -33.56
 854.00 -45.73 -57.49
 855.00 -70.24 -38.32
 856.00 -48.21 -54.82
 857.00 -68.44 -40.03
 858.00 -73.65 -31.68
 859.00 -69.03 -36.88
 860.00 -60.55 -37.63
 861.00 -65.53 -39.53
 862.00 -57.02 -42.56
 863.00 -48.63 -65.17
 864.00 -73.81 -31.70
 865.00 -85.93  -4.91
 866.00 -61.71 -38.82
 867.00 -54.30 -41.51
 868.00 -70.05 -36.34
 869.00 -55.76 -43.74
 870.00 -64.26 -41.16
 871.00 -67.50 -38.25
 872.00 -69.98 -48.41
 873.00 -63.13 -28.34
 874.00 -66.17 -43.56
 875.00 -69.11 -40.34
 876.00 -73.12 -39.49
 877.00 -65.52 -38.03
 878.00 -60.44 -49.87
 879.00 -68.99 -39.88
 880.00 -59.80 -47.23
 881.00 -73.32 -33.62
 882.00 -94.71 -30.92
 883.00 -57.27  -1.72
 884.00 -79.34 -25.83
 885.00 -60.85 -42.30
 886.00 -116.65 -36.77
 887.00  61.95  24.13
 888.00 -85.76  42.67
 889.00 -92.52 130.69
 890.00 -147.88 152.85
 891.00 -66.43 130.02
 892.00 -56.46 148.30
 893.00 -62.03 -50.32
 894.00 -59.32 -38.84
 895.00 -55.13 -50.78
 896.00 -75.30 -32.27
 897.00 -59.19 -43.11
 898.00 -77.70 -47.76
 899.00 -90.19 -22.99
 900.00 -119.84 -15.14
 901.00 -86.34 -54.33
 902.00 -60.99 -53.83
 903.00 -56.44 -30.67
 904.00 -61.52 -33.05
 905.00 -77.83 -30.01
 906.00 -82.04 -31.21
 907.00 -81.23 -30.08
 908.00  64.61   1.08
 909.00 -64.20  14.77
 910.00 -120.29 -29.30
 911.00 -155.28 137.02
 912.00 -75.59 146.85
 913.00 -91.62 156.52
 914.00 -77.26  95.24
 915.00 -75.38 130.27
 916.00 -99.94 -36.34
 917.00 -72.69  43.29


