 residuo Phi Psi
 669.00 -100.23 135.39
 670.00 -65.52 129.32
 671.00 -139.32 147.53
 672.00 -78.46 -17.75
 673.00 -64.97 -25.09
 674.00 -60.14 -43.35
 675.00 -71.00 -32.55
 676.00 -59.48 -57.70
 677.00 -70.21 -32.97
 678.00 -56.62 -47.94
 679.00 -104.29 -23.93
 680.00 -73.90   1.21
 681.00 -73.37 135.69
 682.00 -77.61 146.90
 683.00 -66.35 176.58
 684.00 -94.38 130.65
 685.00 -84.45 143.74
 686.00 -52.11 130.11
 687.00  75.38 -15.72
 688.00 -93.27  22.98
 689.00 -92.01 135.89
 690.00 -81.49 134.10
 691.00 -87.40 -15.79
 692.00 -87.55 -14.01
 693.00 -66.65 153.80
 694.00 -69.09 157.60
 695.00 -147.87  96.99
 696.00 -56.11 151.10
 697.00 -60.56 -55.33
 698.00 -60.42 -47.30
 699.00 -62.00 -46.67
 700.00 -65.99 -56.81
 701.00 -63.75 -27.87
 702.00 -76.74 -39.77
 703.00 -54.44 -37.82
 704.00 -72.66 -45.71
 705.00 -66.52 -26.47
 706.00 -56.30 -53.24
 707.00 -43.69 -36.94
 708.00 -66.18 -60.40
 709.00 -87.38 -28.78
 710.00 -59.70 -44.00
 711.00 -61.10 -40.03
 712.00 -54.72 -45.78
 713.00 -68.24 -46.46
 714.00 -72.48 -34.66
 715.00 -70.82 -39.46
 716.00 -65.19 -38.15
 717.00 -78.97 -28.04
 718.00 -60.27 -39.19
 719.00 -62.67 -35.92
 720.00 -98.74 -16.97
 721.00 -62.78 -19.25
 722.00 -60.55 136.05
 723.00  70.55 159.74
 724.00 -60.94 -18.07
 725.00 -71.26 -29.75
 726.00 -77.85  -3.48
 727.00 -64.97 -24.15
 728.00 -80.64 159.71
 729.00 -54.45 158.63
 730.00 -72.95 -33.77
 731.00 -71.07 -45.35
 732.00 -56.96 -37.29
 733.00 -61.12 -55.07
 734.00 -59.44 -36.72
 735.00 -70.72 -60.87
 736.00 -61.66 -23.63
 737.00 -81.62 -49.37
 738.00 -110.85   8.69
 739.00 -79.49 -41.28
 740.00 -63.69 -13.31
 741.00 -76.01 -33.12
 742.00 -68.95 -39.61
 743.00 -62.87 -45.44
 744.00 -58.13 -49.41
 745.00 -62.69 -48.04
 746.00 -72.28 -49.81
 747.00 -73.07 -32.19
 748.00 -65.77 -33.09
 749.00 -49.91 -36.60
 750.00 -62.98 -50.74
 751.00 -55.48 -40.02
 752.00 -53.00 -53.51
 753.00 -74.53 -38.90
 754.00 -93.44 -44.40
 755.00 -108.09  -4.58
 756.00 -140.14 -39.68
 757.00  58.49  26.79
 758.00  53.96  27.64
 759.00 -54.00   0.43
 760.00 -130.47 -36.30
 761.00 -100.73 168.30
 762.00 -96.73 120.08
 763.00 -61.96  61.64
 764.00 -157.15 -47.35
 765.00 -55.11 156.30
 766.00 -92.58 -33.28
 767.00 -145.14  -3.97
 768.00 -75.48  50.80
 769.00 -114.34 135.98
 770.00 -81.45 102.27
 771.00 -53.76 175.05
 772.00 -62.97 -36.49
 773.00 -69.08 -44.44
 774.00 -64.39 -29.31
 775.00 -65.24 -39.92
 776.00 -62.02 -54.20
 777.00 -106.44  -8.33
 778.00  48.53  -5.75
 779.00 -140.55  47.79
 780.00 -55.97  39.26
 781.00 -59.26 -40.72
 782.00 -69.51 -42.24
 783.00 -69.79 -37.40
 784.00 -77.04 -27.13
 785.00 -59.27 -37.60
 786.00 -75.23 -37.97
 787.00 -61.28 -31.09
 788.00 -66.84 -44.16
 789.00 -64.35 -33.35
 790.00 -52.46 -55.39
 791.00 -66.96 -35.12
 792.00 -67.63 -30.98
 793.00 -67.62 -24.13
 794.00 -80.62 -33.65
 795.00 -64.42 -33.95
 796.00 -101.43 -31.05
 797.00  44.70   3.17
 798.00 -54.45  45.32
 799.00 -75.43 125.32
 800.00 -54.88 154.35
 801.00 -62.95 -35.66
 802.00 -69.28 -47.38
 803.00 -48.25 -38.89
 804.00 -63.09 -48.59
 805.00 -59.62 -50.54
 806.00 -67.90 -41.40
 807.00 -50.40 -48.51
 808.00 -68.72 -39.71
 809.00 -68.93 -37.34
 810.00 -54.79 -35.33
 811.00 -69.34 -27.66
 812.00 -112.39 -18.14
 813.00 -137.02  50.45
 814.00 -133.06  -7.76
 815.00 -145.45 129.77
 816.00 -61.68 173.72
 817.00 -57.25 146.15
 818.00 -90.82 -36.64
 819.00  69.71   4.78
 820.00 -58.43 156.53
 821.00 -64.80 163.56
 822.00 -124.65 -29.54
 823.00 -67.82  95.46
 824.00 -76.58 -20.20
 825.00 -87.45 -29.33
 826.00 -75.14 -13.23
 827.00 -61.77 -56.40
 828.00 -64.74 -34.55
 829.00 -61.92 -44.78
 830.00 -62.51 -47.90
 831.00 -68.84 -36.53
 832.00 -58.19 -35.56
 833.00 -72.31 -51.58
 834.00 -76.01 -17.90
 835.00 -68.74 -40.21
 836.00 -83.10 -35.60
 837.00 -61.09 -23.10
 838.00 -52.15 -50.76
 839.00 -74.41 -20.14
 840.00 -129.01 -20.04
 841.00 -69.16   7.53
 842.00 -83.70 147.46
 843.00 -134.28  72.08
 844.00 -88.59 154.89
 845.00 -68.06 124.53
 846.00 -79.34 -27.32
 847.00 -120.36   5.30
 848.00 -64.34  71.26
 849.00 -69.43 -28.89
 850.00 -49.73 -23.42
 851.00 -73.84 -41.66
 852.00 -64.10 -39.62
 853.00 -63.08 -42.55
 854.00 -49.08 -57.24
 855.00 -57.08 -49.44
 856.00 -56.49 -47.70
 857.00 -69.14 -40.22
 858.00 -61.38 -37.38
 859.00 -62.73 -48.94
 860.00 -59.42 -38.99
 861.00 -67.19 -43.38
 862.00 -73.49 -33.49
 863.00 -67.99 -41.14
 864.00 -68.33 -21.39
 865.00 -72.48 -38.28
 866.00 -60.44 -20.96
 867.00 -56.39 -45.52
 868.00 -68.77 -41.22
 869.00 -59.12 -38.87
 870.00 -67.46 -46.17
 871.00 -62.07 -39.75
 872.00 -64.76 -51.10
 873.00 -61.05 -36.89
 874.00 -67.56 -42.46
 875.00 -65.96 -32.16
 876.00 -80.73 -45.17
 877.00 -53.71 -35.63
 878.00 -67.94 -49.61
 879.00 -67.47 -28.59
 880.00 -78.85 -30.94
 881.00 -61.99 -38.49
 882.00 -100.32 -29.06
 883.00 -44.22 -11.73
 884.00 -63.18 -47.16
 885.00 -78.56 -44.72
 886.00 -98.25 -19.91
 887.00  66.68  11.95
 888.00 -89.46  20.23
 889.00 -87.81 121.76
 890.00 -125.98 148.60
 891.00 -71.18 143.05
 892.00 -54.36 143.05
 893.00 -74.31 -34.78
 894.00 -85.69 -27.18
 895.00 -55.11 -37.82
 896.00 -56.95 -45.27
 897.00 -63.42 -43.18
 898.00 -82.89 -43.17
 899.00 -89.25 -17.87
 900.00 -89.27 -44.89
 901.00 -89.28 -60.10
 902.00 -60.88 -33.28
 903.00 -58.25 -37.73
 904.00 -71.02 -25.58
 905.00 -71.24 -28.17
 906.00 -76.22 -52.58
 907.00 -74.90 -24.53
 908.00  69.71   8.24
 909.00 -68.14  -0.51
 910.00 -119.48 -22.49
 911.00 -164.43 146.01
 912.00 -48.00 153.21
 913.00 -114.65 171.10
 914.00 -57.44  65.80
 915.00 -81.09 142.21
 916.00 -111.48 -40.34
 917.00 -74.75 175.62


