 residuo Phi Psi
 669.00 -65.71 123.46
 670.00 -54.55 143.51
 671.00 -154.81 136.53
 672.00 -71.97 -20.05
 673.00 -62.66 -47.61
 674.00 -61.45 -37.17
 675.00 -63.52 -39.81
 676.00 -61.26 -50.83
 677.00 -72.29 -34.81
 678.00 -73.57 -36.41
 679.00 -93.40 -20.73
 680.00 -62.54 -13.92
 681.00 -75.00 111.82
 682.00 -52.57 161.11
 683.00 -66.00 163.63
 684.00 -105.01 146.88
 685.00 -71.86 124.36
 686.00 -79.06 144.49
 687.00  83.83 -13.38
 688.00 -46.72  -8.23
 689.00 -71.54 131.18
 690.00 -55.50  90.80
 691.00 -131.83  -7.22
 692.00 -147.35  72.00
 693.00 -67.63 161.76
 694.00 -68.62 138.58
 695.00 -77.31  61.66
 696.00 -40.64 129.46
 697.00 -55.34 -57.01
 698.00 -80.60 -38.16
 699.00 -68.28 -35.10
 700.00 -71.87 -47.27
 701.00 -56.07 -42.41
 702.00 -67.63 -40.78
 703.00 -63.30 -25.91
 704.00 -57.67 -55.55
 705.00 -71.39 -33.24
 706.00 -60.08 -42.30
 707.00 -47.83 -49.58
 708.00 -65.61 -34.75
 709.00 -53.84 -59.86
 710.00 -73.05 -36.51
 711.00 -62.75 -36.54
 712.00 -64.53 -33.29
 713.00 -71.32 -50.53
 714.00 -74.90 -28.25
 715.00 -66.47 -37.88
 716.00 -60.35 -38.52
 717.00 -66.04 -41.90
 718.00 -61.91 -45.29
 719.00 -55.13 -34.19
 720.00 -118.70 -15.02
 721.00 -77.39  12.70
 722.00 -65.57 128.60
 723.00  75.78 131.37
 724.00 -66.30  -4.34
 725.00 -67.13 -28.96
 726.00 -63.75  -9.61
 727.00 -80.32 -28.82
 728.00 -64.17 147.55
 729.00 -62.35 157.77
 730.00 -66.20 -38.98
 731.00 -71.55 -34.57
 732.00 -68.40 -40.08
 733.00 -54.98 -56.50
 734.00 -50.11 -35.20
 735.00 -58.57 -65.54
 736.00 -54.04 -38.51
 737.00 -71.68 -49.99
 738.00 -83.63 -29.38
 739.00 -82.25 -32.62
 740.00 -64.60  -6.64
 741.00 -58.19 -51.65
 742.00 -53.00 -53.84
 743.00 -65.17 -44.87
 744.00 -65.19 -60.52
 745.00 -66.93 -31.05
 746.00 -67.21 -47.28
 747.00 -55.16 -35.19
 748.00 -65.39 -50.95
 749.00 -65.22 -40.79
 750.00 -68.18 -39.40
 751.00 -56.49 -45.09
 752.00 -58.89 -41.03
 753.00 -56.44 -50.82
 754.00 -62.87 -59.75
 755.00 -80.36 -42.45
 756.00 -127.25 -53.08
 757.00  38.91  40.54
 758.00  73.11  34.17
 759.00 -86.86   6.98
 760.00 -150.28  -2.02
 761.00 -96.62 162.93
 762.00 -77.24  98.92
 763.00 -43.73  56.45
 764.00 -152.84 -63.36
 765.00 -67.63 162.44
 766.00 -74.78 -33.77
 767.00 -140.07 -10.35
 768.00 -77.16  48.49
 769.00 -71.43 106.48
 770.00 -88.63 106.96
 771.00 -54.91 173.96
 772.00 -56.72 -45.61
 773.00 -61.40 -38.38
 774.00 -72.14 -36.19
 775.00 -63.92 -36.02
 776.00 -73.69 -54.55
 777.00 -87.30 -17.10
 778.00  58.37  -1.89
 779.00 -119.97  27.09
 780.00 -56.11  23.43
 781.00 -42.97 -56.42
 782.00 -64.51 -50.77
 783.00 -87.44 -28.01
 784.00 -53.13 -40.27
 785.00 -53.15 -45.48
 786.00 -72.06 -42.25
 787.00 -69.11 -29.00
 788.00 -61.23 -38.78
 789.00 -58.64 -43.79
 790.00 -62.55 -53.31
 791.00 -72.53 -28.71
 792.00 -69.43 -20.37
 793.00 -66.79 -29.58
 794.00 -78.92 -36.10
 795.00 -46.34 -47.52
 796.00 -76.17 -47.21
 797.00  51.80 -11.68
 798.00 -69.87  53.65
 799.00 -67.70 128.38
 800.00 -62.55 149.07
 801.00 -55.44 -34.98
 802.00 -57.37 -52.78
 803.00 -57.79 -48.02
 804.00 -58.38 -51.25
 805.00 -75.83 -32.71
 806.00 -67.50 -41.51
 807.00 -64.02 -32.02
 808.00 -81.81 -25.61
 809.00 -54.57 -41.94
 810.00 -68.73 -34.77
 811.00 -74.09  -6.50
 812.00 -82.38 -46.77
 813.00 -127.72  28.16
 814.00 -160.99  18.67
 815.00 -152.23 130.65
 816.00 -64.00 147.22
 817.00 -55.39 146.81
 818.00 -76.15 -41.01
 819.00  73.93  -4.38
 820.00 -53.15 147.80
 821.00 -67.99 151.04
 822.00 -90.01 -39.44
 823.00 -68.21  37.54
 824.00 -67.41 -31.98
 825.00 -105.32 -13.75
 826.00 -59.95 -25.25
 827.00 -70.45 -38.39
 828.00 -64.91 -33.70
 829.00 -70.38 -44.72
 830.00 -59.62 -44.96
 831.00 -59.45 -44.50
 832.00 -66.59 -39.24
 833.00 -73.76 -42.91
 834.00 -73.00 -33.77
 835.00 -63.66 -37.82
 836.00 -82.50 -34.74
 837.00 -65.02 -19.32
 838.00 -69.11 -44.17
 839.00 -63.78 -27.81
 840.00 -118.17 -21.17
 841.00 -70.26   1.98
 842.00 -71.29 137.88
 843.00 -128.41  66.66
 844.00 -84.70 172.88
 845.00 -52.32  89.59
 846.00 -62.83 -53.55
 847.00 -140.48  12.73
 848.00 -54.21  77.76
 849.00 -70.16 -18.83
 850.00 -58.88 -42.05
 851.00 -74.71 -38.86
 852.00 -65.20 -27.07
 853.00 -59.11 -42.84
 854.00 -60.43 -41.33
 855.00 -58.43 -57.33
 856.00 -53.73 -39.77
 857.00 -44.13 -54.01
 858.00 -69.91 -49.80
 859.00 -62.03 -41.97
 860.00 -62.88 -41.26
 861.00 -68.02 -36.47
 862.00 -63.66 -42.71
 863.00 -66.83 -35.69
 864.00 -62.76 -32.17
 865.00 -78.14 -36.18
 866.00 -68.58 -26.64
 867.00 -61.81 -32.03
 868.00 -82.17 -26.23
 869.00 -58.47 -37.61
 870.00 -64.74 -40.07
 871.00 -64.92 -40.04
 872.00 -68.28 -48.36
 873.00 -66.34 -30.14
 874.00 -58.33 -41.28
 875.00 -66.20 -42.51
 876.00 -64.08 -56.52
 877.00 -52.79 -40.01
 878.00 -76.23 -33.69
 879.00 -86.01 -14.67
 880.00 -55.06 -48.77
 881.00 -61.88 -40.01
 882.00 -119.14 -23.78
 883.00 -51.80  16.17
 884.00 -72.73 -23.91
 885.00 -93.34 -33.18
 886.00 -86.64 -35.66
 887.00  58.80  -3.95
 888.00 -87.33  30.11
 889.00 -96.07 121.91
 890.00 -123.65 141.79
 891.00 -71.28 137.78
 892.00 -73.15 149.76
 893.00 -68.43 -26.88
 894.00 -76.29 -30.87
 895.00 -61.66 -45.20
 896.00 -42.41 -44.70
 897.00 -71.16 -47.37
 898.00 -57.65 -44.87
 899.00 -97.45 -36.56
 900.00 -134.33  -7.38
 901.00 -93.08 -41.34
 902.00 -59.55 -39.26
 903.00 -38.29 -41.53
 904.00 -76.47 -43.21
 905.00 -58.54 -32.42
 906.00 -53.53 -68.05
 907.00 -78.11 -46.22
 908.00  98.31  -0.95
 909.00 -77.69  -2.67
 910.00 -114.84 -19.01
 911.00 -151.42 154.58
 912.00 -61.74 134.19
 913.00 -91.38 144.77
 914.00 -60.83  74.33
 915.00 -76.80 135.84
 916.00 -92.86 -52.40
 917.00 -71.71 153.55


