 residuo Phi Psi
 669.00 -73.97 111.50
 670.00 -73.03 163.09
 671.00 -130.51 174.21
 672.00 -49.89 -21.96
 673.00 -69.07 -39.01
 674.00 -77.40 -34.60
 675.00 -76.53 -19.17
 676.00 -47.51 -67.17
 677.00 -69.46 -42.14
 678.00 -87.70 -27.86
 679.00 -90.05 -36.21
 680.00 -74.31   7.35
 681.00 -77.61 111.31
 682.00 -65.20 168.64
 683.00 -61.60 162.98
 684.00 -105.77 149.76
 685.00 -105.62 135.35
 686.00 -75.19 138.29
 687.00  87.62 -14.79
 688.00 -81.17  14.76
 689.00 -132.01 152.30
 690.00 -66.51 101.63
 691.00 -58.86  -7.67
 692.00 -86.64 -29.18
 693.00 -66.17 146.06
 694.00 -79.51 155.41
 695.00 -160.28 147.12
 696.00 -48.96 154.10
 697.00 -66.49 -52.80
 698.00 -81.11 -34.88
 699.00 -78.93 -28.42
 700.00 -59.44 -48.21
 701.00 -74.97 -34.99
 702.00 -89.42 -14.65
 703.00 -65.81 -42.52
 704.00 -63.88 -34.78
 705.00 -61.39 -46.65
 706.00 -62.35 -44.19
 707.00 -46.68 -45.88
 708.00 -69.61 -41.29
 709.00 -51.72 -54.59
 710.00 -60.43 -43.93
 711.00 -64.05 -34.39
 712.00 -67.83 -40.22
 713.00 -78.05 -29.09
 714.00 -62.67 -36.91
 715.00 -64.80 -43.40
 716.00 -66.09 -32.95
 717.00 -48.50 -52.81
 718.00 -55.31 -50.83
 719.00 -53.84 -47.27
 720.00 -88.33 -25.02
 721.00 -78.35 -17.36
 722.00 -56.96 124.17
 723.00  61.43 135.25
 724.00 -64.96  -7.30
 725.00 -63.52 -35.92
 726.00 -58.73   0.29
 727.00 -86.67 -23.06
 728.00 -60.04 146.19
 729.00 -63.51 151.28
 730.00 -59.44 -34.41
 731.00 -68.65 -40.90
 732.00 -55.83 -46.31
 733.00 -67.64 -44.05
 734.00 -77.42 -28.28
 735.00 -74.39 -39.47
 736.00 -65.47 -24.64
 737.00 -69.26 -45.46
 738.00 -84.13 -18.30
 739.00 -95.93 -41.73
 740.00 -45.98  -5.27
 741.00 -69.20 -59.33
 742.00 -65.92 -42.48
 743.00 -61.55 -49.30
 744.00 -66.48 -45.45
 745.00 -68.70 -33.89
 746.00 -47.10 -42.18
 747.00 -67.04 -49.30
 748.00 -68.21 -39.50
 749.00 -59.90 -39.42
 750.00 -81.55 -39.57
 751.00 -69.97 -27.14
 752.00 -76.75 -26.57
 753.00 -63.98 -37.25
 754.00 -82.28 -49.02
 755.00 -82.07 -36.54
 756.00 -138.36 -42.13
 757.00  61.60  23.51
 758.00  66.03  18.29
 759.00 -60.14  -7.81
 760.00 -119.84 -37.08
 761.00 -107.40 168.41
 762.00 -82.46 100.09
 763.00 -67.59  74.73
 764.00 -149.22 -47.08
 765.00 -52.62 160.14
 766.00 -85.15 -35.83
 767.00 -136.06 -23.28
 768.00 -113.36 107.69
 769.00 -92.98 134.48
 770.00 -86.96 116.18
 771.00 -61.93 -178.25
 772.00 -63.46 -31.39
 773.00 -69.06 -40.58
 774.00 -75.62 -24.62
 775.00 -70.69 -31.66
 776.00 -59.19 -56.69
 777.00 -101.40 -22.46
 778.00  50.69   7.34
 779.00 -128.73  43.65
 780.00 -58.07  17.47
 781.00 -52.05 -49.19
 782.00 -50.13 -56.40
 783.00 -62.43 -42.62
 784.00 -66.97 -43.96
 785.00 -66.49 -34.36
 786.00 -62.78 -42.36
 787.00 -58.70 -44.32
 788.00 -54.66 -50.09
 789.00 -56.85 -40.02
 790.00 -62.10 -46.36
 791.00 -46.82 -48.41
 792.00 -61.59 -22.85
 793.00 -65.51 -35.93
 794.00 -88.72 -41.44
 795.00 -60.91 -17.21
 796.00 -70.52 -41.31
 797.00  57.07 -19.21
 798.00 -62.62  47.79
 799.00 -95.11 148.66
 800.00 -69.29 157.25
 801.00 -68.79 -15.68
 802.00 -61.61 -51.32
 803.00 -56.05 -42.57
 804.00 -63.54 -51.74
 805.00 -78.55 -32.44
 806.00 -65.11 -43.29
 807.00 -68.47 -32.18
 808.00 -62.42 -36.90
 809.00 -58.12 -51.58
 810.00 -71.54 -18.79
 811.00 -67.75 -31.53
 812.00 -128.10  -6.09
 813.00 -127.85  41.42
 814.00 -130.06  -4.05
 815.00 -144.64 133.48
 816.00 -70.94 168.77
 817.00 -67.48 167.06
 818.00 -93.71 -27.79
 819.00  73.43   1.81
 820.00 -79.82 178.32
 821.00 -57.86 175.37
 822.00 -111.78 -34.86
 823.00 -82.38  60.58
 824.00 -61.88 -25.98
 825.00 -77.21 -41.50
 826.00 -60.61 -27.59
 827.00 -65.03 -50.24
 828.00 -60.23 -33.88
 829.00 -71.26 -36.46
 830.00 -42.14 -52.36
 831.00 -61.92 -52.08
 832.00 -54.82 -42.49
 833.00 -66.90 -61.80
 834.00 -58.99 -26.42
 835.00 -66.00 -54.48
 836.00 -78.19 -21.78
 837.00 -58.82 -41.94
 838.00 -53.12 -45.72
 839.00 -63.90 -40.60
 840.00 -124.29 -22.99
 841.00 -46.42  -2.57
 842.00 -83.30 124.13
 843.00 -107.72  56.66
 844.00 -76.43 154.39
 845.00 -57.78 123.90
 846.00 -72.76  -5.99
 847.00 -122.54 -13.97
 848.00 -64.47  78.31
 849.00 -73.47 -22.69
 850.00 -80.45 -29.57
 851.00 -65.95 -24.54
 852.00 -59.26 -45.37
 853.00 -70.23 -39.39
 854.00 -67.69 -36.94
 855.00 -51.53 -40.28
 856.00 -54.19 -53.16
 857.00 -66.49 -46.16
 858.00 -59.34 -39.01
 859.00 -72.67 -52.44
 860.00 -69.95 -28.03
 861.00 -60.54 -49.67
 862.00 -67.33 -35.74
 863.00 -51.48 -50.66
 864.00 -80.79 -30.21
 865.00 -64.69 -10.53
 866.00 -63.50 -37.91
 867.00 -59.98 -50.71
 868.00 -73.29 -34.13
 869.00 -55.84 -42.82
 870.00 -62.31 -45.39
 871.00 -64.88 -43.78
 872.00 -57.29 -44.23
 873.00 -64.23 -38.04
 874.00 -71.43 -35.33
 875.00 -58.79 -41.17
 876.00 -52.39 -62.09
 877.00 -70.41 -39.76
 878.00 -65.17 -44.10
 879.00 -59.43 -45.93
 880.00 -62.46 -37.76
 881.00 -60.86 -34.57
 882.00 -84.31 -46.85
 883.00 -47.18 -12.96
 884.00 -63.87 -41.99
 885.00 -84.61 -27.90
 886.00 -133.54  -9.70
 887.00  67.42  17.52
 888.00 -84.78  10.15
 889.00 -98.52 124.16
 890.00 -124.88 146.29
 891.00 -61.97 132.44
 892.00 -56.33 141.92
 893.00 -74.30 -35.82
 894.00 -66.39 -37.97
 895.00 -56.06 -46.90
 896.00 -67.18 -34.77
 897.00 -66.30 -40.23
 898.00 -82.08 -44.13
 899.00 -85.62 -24.04
 900.00 -113.74 -36.77
 901.00 -78.88 -48.55
 902.00 -64.67 -39.45
 903.00 -66.10 -40.80
 904.00 -72.42 -13.92
 905.00 -77.88 -29.40
 906.00 -53.66 -48.95
 907.00 -68.37 -57.30
 908.00  85.79  17.50
 909.00 -62.17 -15.74
 910.00 -136.14 -21.89
 911.00 -147.42 137.93
 912.00 -44.70 151.41
 913.00 -106.79 159.34
 914.00 -62.13  78.96
 915.00 -111.22 150.91
 916.00 -133.37 -22.18
 917.00 -102.50 155.64


