 residuo Phi Psi
 669.00 -50.81 177.30
 670.00 -58.12 130.73
 671.00 -156.67 152.18
 672.00 -59.69  -8.56
 673.00 -74.98 -40.36
 674.00 -63.62 -35.28
 675.00 -58.36 -40.80
 676.00 -40.05 -61.36
 677.00 -67.01 -50.61
 678.00 -84.63 -23.68
 679.00 -69.54 -42.10
 680.00 -56.64 -29.42
 681.00 -87.09 122.13
 682.00 -82.17 168.44
 683.00 -78.22 175.04
 684.00 -91.03 123.18
 685.00 -101.79 133.19
 686.00 -71.95 152.60
 687.00  89.44 -38.46
 688.00 -64.85  28.87
 689.00 -112.32 148.34
 690.00 -69.48 119.57
 691.00 -92.20  -8.04
 692.00 -68.31   5.53
 693.00 -66.71 143.00
 694.00 -67.27 146.07
 695.00 -145.44  82.62
 696.00 -50.68 159.83
 697.00 -68.12 -51.54
 698.00 -79.92 -34.81
 699.00 -58.21 -57.72
 700.00 -87.66 -29.99
 701.00 -54.32 -36.18
 702.00 -61.00 -46.89
 703.00 -67.77 -37.67
 704.00 -73.85 -34.59
 705.00 -64.54 -32.32
 706.00 -62.16 -42.63
 707.00 -53.72 -48.13
 708.00 -69.21 -42.15
 709.00 -67.71 -35.13
 710.00 -63.12 -41.03
 711.00 -53.23 -47.97
 712.00 -63.51 -36.55
 713.00 -61.95 -45.22
 714.00 -78.21 -24.78
 715.00 -64.38 -36.31
 716.00 -58.51 -51.33
 717.00 -77.48 -33.57
 718.00 -73.12 -38.29
 719.00 -60.92 -25.59
 720.00 -132.64  -8.61
 721.00 -62.94  -8.12
 722.00 -41.14 120.02
 723.00  76.25 122.90
 724.00 -63.76  -1.91
 725.00 -64.45 -34.73
 726.00 -83.11   6.23
 727.00 -80.09 -11.92
 728.00 -68.09 144.51
 729.00 -65.27 166.78
 730.00 -71.53 -30.94
 731.00 -76.69 -31.70
 732.00 -57.61 -40.68
 733.00 -53.49 -56.04
 734.00 -44.87 -43.56
 735.00 -63.37 -68.07
 736.00 -57.03 -29.21
 737.00 -71.29 -64.21
 738.00 -87.13 -14.95
 739.00 -79.92 -41.32
 740.00 -40.80  -6.04
 741.00 -58.60 -63.03
 742.00 -74.85 -57.00
 743.00 -72.07 -26.99
 744.00 -69.19 -51.31
 745.00 -80.72 -24.28
 746.00 -63.33 -41.42
 747.00 -61.87 -41.20
 748.00 -65.94 -40.71
 749.00 -52.34 -43.89
 750.00 -64.88 -40.74
 751.00 -58.35 -53.36
 752.00 -79.95 -24.72
 753.00 -83.24 -22.17
 754.00 -65.91 -44.94
 755.00 -93.28 -48.50
 756.00 -138.48 -27.73
 757.00  52.44   9.11
 758.00  63.81  31.48
 759.00 -84.52  16.79
 760.00 -125.82 -30.38
 761.00 -100.35 -178.48
 762.00 -82.11 100.28
 763.00 -54.08  63.32
 764.00 -172.70 -47.13
 765.00 -49.51 153.13
 766.00 -107.39 -26.93
 767.00 -140.78   6.59
 768.00 -57.39  39.09
 769.00 -92.20 122.90
 770.00 -86.43 116.47
 771.00 -56.00 174.24
 772.00 -68.68 -36.88
 773.00 -67.27 -39.79
 774.00 -74.71 -21.63
 775.00 -65.97 -42.05
 776.00 -65.44 -53.88
 777.00 -86.97 -22.54
 778.00  57.78  -3.41
 779.00 -88.72 -15.48
 780.00 -53.56  40.33
 781.00 -70.97 -52.12
 782.00 -73.92 -21.13
 783.00 -77.89 -29.67
 784.00 -56.46 -34.92
 785.00 -58.54 -38.23
 786.00 -58.82 -48.02
 787.00 -55.34 -47.70
 788.00 -62.86 -49.45
 789.00 -55.50 -37.08
 790.00 -70.43 -44.50
 791.00 -66.44 -30.44
 792.00 -66.63 -26.08
 793.00 -56.83 -40.65
 794.00 -65.11 -47.54
 795.00 -71.72 -38.54
 796.00 -87.33 -33.88
 797.00  57.94   6.12
 798.00 -75.33  43.57
 799.00 -85.71 129.18
 800.00 -53.36 153.78
 801.00 -66.48 -31.31
 802.00 -66.24 -45.91
 803.00 -41.79 -43.76
 804.00 -56.80 -64.33
 805.00 -73.31 -48.54
 806.00 -69.37 -30.02
 807.00 -64.39 -40.81
 808.00 -59.83 -47.50
 809.00 -71.13 -38.18
 810.00 -62.29 -22.47
 811.00 -71.70 -29.30
 812.00 -120.37  -8.75
 813.00 -127.57  33.85
 814.00 -154.55   9.72
 815.00 -138.87 116.03
 816.00 -59.13 159.58
 817.00 -58.73 161.86
 818.00 -86.56 -44.94
 819.00  78.48   6.36
 820.00 -85.47 168.47
 821.00 -63.53 166.80
 822.00 -92.78 -36.00
 823.00 -67.10  52.78
 824.00 -56.01 -55.34
 825.00 -84.53 -33.24
 826.00 -63.69 -27.33
 827.00 -60.28 -43.72
 828.00 -54.54 -52.39
 829.00 -70.73 -44.78
 830.00 -54.01 -47.85
 831.00 -73.59 -42.51
 832.00 -73.67 -28.51
 833.00 -56.28 -43.18
 834.00 -69.70 -33.55
 835.00 -63.49 -49.56
 836.00 -70.80 -36.59
 837.00 -48.80 -40.13
 838.00 -52.56 -53.83
 839.00 -51.02 -35.66
 840.00 -126.78 -33.44
 841.00 -69.90  10.31
 842.00 -66.72 140.49
 843.00 -156.84  82.16
 844.00 -80.10 156.12
 845.00 -61.90 108.49
 846.00 -76.56 -27.74
 847.00 -131.43  -4.46
 848.00 -70.14  92.86
 849.00 -63.44 -22.97
 850.00 -72.15 -30.18
 851.00 -79.41 -35.96
 852.00 -65.84 -21.91
 853.00 -56.84 -47.80
 854.00 -66.34 -48.21
 855.00 -59.53 -48.45
 856.00 -67.99 -33.16
 857.00 -59.28 -36.62
 858.00 -64.13 -44.03
 859.00 -67.20 -52.98
 860.00 -77.43 -21.21
 861.00 -69.10 -31.45
 862.00 -70.14 -36.19
 863.00 -67.79 -39.45
 864.00 -71.93 -30.74
 865.00 -81.99 -28.91
 866.00 -68.88 -19.02
 867.00 -65.43 -37.84
 868.00 -84.07 -16.58
 869.00 -58.57 -37.44
 870.00 -57.38 -45.34
 871.00 -51.10 -49.45
 872.00 -79.03 -43.52
 873.00 -58.03 -39.31
 874.00 -58.79 -40.72
 875.00 -64.80 -51.54
 876.00 -75.45 -36.51
 877.00 -59.04 -42.12
 878.00 -68.74 -30.41
 879.00 -60.94 -43.75
 880.00 -68.13 -30.02
 881.00 -54.12 -55.95
 882.00 -113.13 -21.93
 883.00 -45.93   8.60
 884.00 -62.79 -56.59
 885.00 -100.63 -12.13
 886.00 -73.71 -50.64
 887.00  70.45 -11.41
 888.00 -68.75   9.84
 889.00 -84.14 128.98
 890.00 -146.43 156.93
 891.00 -59.60 109.02
 892.00 -47.38 132.11
 893.00 -63.20 -37.28
 894.00 -66.92 -44.93
 895.00 -73.19 -32.97
 896.00 -65.98 -30.45
 897.00 -52.45 -58.29
 898.00 -78.34 -43.49
 899.00 -72.37 -41.93
 900.00 -104.05 -30.36
 901.00 -79.08 -66.03
 902.00 -69.31 -26.81
 903.00 -57.84 -38.79
 904.00 -67.97 -34.42
 905.00 -62.47 -44.47
 906.00 -60.07 -52.13
 907.00 -83.02 -36.95
 908.00  78.57  -0.42
 909.00 -56.49  -1.27
 910.00 -117.04 -39.56
 911.00 -135.03 127.36
 912.00 -71.79 147.10
 913.00 -119.32 173.41
 914.00 -76.45  98.24
 915.00 -61.28 127.29
 916.00 -113.64 -30.68
 917.00 -112.61 155.22


