 residuo Phi Psi
 669.00 -61.72 145.85
 670.00 -51.64 145.07
 671.00 -57.04 149.91
 672.00 -74.82 -32.01
 673.00 -55.52 -47.92
 674.00 -61.13 -38.52
 675.00 -78.83 -29.73
 676.00 -56.29 -46.46
 677.00 -81.00 -26.17
 678.00 -71.06 -34.34
 679.00 -79.00 -33.40
 680.00 -67.56 -13.18
 681.00 -48.55 107.21
 682.00 -73.93 148.61
 683.00 -77.74 157.01
 684.00 -72.24 114.42
 685.00 -81.55 136.38
 686.00 -85.08 159.91
 687.00  78.46 -17.54
 688.00 -93.41  25.83
 689.00 -80.03 121.59
 690.00 -68.61  98.71
 691.00 -78.97 -18.99
 692.00 -71.78 -35.45
 693.00 -78.78 151.77
 694.00 -85.09 172.53
 695.00 -156.19 160.87
 696.00 -56.36 167.84
 697.00 -73.68 -54.31
 698.00 -45.25 -45.04
 699.00 -65.91 -51.16
 700.00 -70.99 -41.25
 701.00 -65.71 -50.51
 702.00 -62.52 -33.47
 703.00 -68.57 -41.74
 704.00 -64.05 -33.53
 705.00 -58.51 -44.92
 706.00 -69.27 -34.91
 707.00 -66.66 -31.99
 708.00 -54.68 -47.82
 709.00 -59.78 -44.76
 710.00 -59.85 -49.80
 711.00 -57.60 -41.14
 712.00 -71.96 -43.20
 713.00 -69.32 -33.96
 714.00 -68.11 -35.39
 715.00 -67.86 -33.65
 716.00 -56.15 -53.14
 717.00 -54.78 -38.15
 718.00 -54.24 -56.63
 719.00 -72.06 -35.05
 720.00 -104.60 -17.69
 721.00 -54.58 -27.30
 722.00 -65.43 123.25
 723.00  91.63 138.14
 724.00 -62.88 -25.95
 725.00 -50.72 -19.76
 726.00 -70.60 -29.31
 727.00 -117.36  10.70
 728.00 -48.33 143.25
 729.00 -60.72 138.93
 730.00 -71.57 -32.28
 731.00 -84.65 -21.45
 732.00 -73.27 -21.57
 733.00 -57.37 -50.32
 734.00 -54.29 -31.60
 735.00 -60.17 -64.57
 736.00 -45.12 -42.19
 737.00 -72.59 -61.51
 738.00 -93.03 -11.78
 739.00 -93.22 -25.76
 740.00 -44.31 -29.90
 741.00 -64.60 -44.66
 742.00 -71.56 -44.04
 743.00 -60.87 -36.95
 744.00 -68.24 -42.08
 745.00 -64.43 -50.80
 746.00 -63.29 -38.71
 747.00 -68.55 -43.45
 748.00 -68.90 -24.03
 749.00 -54.01 -46.77
 750.00 -55.04 -43.86
 751.00 -67.68 -46.31
 752.00 -64.32 -39.34
 753.00 -53.60 -43.20
 754.00 -71.73 -56.34
 755.00 -66.54 -65.68
 756.00 -140.74 -31.04
 757.00  52.67  20.16
 758.00  75.47  20.21
 759.00 -84.90   6.16
 760.00 -129.35 -17.24
 761.00 -105.48 165.31
 762.00 -110.47 129.80
 763.00 -52.35  69.61
 764.00 -165.00 -46.20
 765.00 -67.65 162.38
 766.00 -91.40 -16.80
 767.00 -85.66 -52.51
 768.00 -90.95  78.64
 769.00 -117.68 145.06
 770.00 -113.99 136.71
 771.00 -57.68 172.76
 772.00 -61.01 -27.34
 773.00 -64.66 -57.02
 774.00 -57.08 -36.77
 775.00 -81.49 -34.22
 776.00 -77.39 -37.13
 777.00 -70.63 -35.53
 778.00  54.54  -9.49
 779.00 -94.67  25.79
 780.00 -62.45  17.18
 781.00 -62.81 -32.30
 782.00 -66.71 -47.74
 783.00 -63.89 -38.83
 784.00 -61.11 -38.91
 785.00 -50.70 -46.19
 786.00 -65.07 -46.45
 787.00 -68.10 -45.79
 788.00 -72.05 -32.71
 789.00 -57.64 -38.28
 790.00 -78.65 -38.00
 791.00 -72.45 -26.38
 792.00 -55.79 -33.51
 793.00 -68.44 -35.69
 794.00 -80.86 -42.51
 795.00 -88.08  -5.21
 796.00 -66.23 -52.74
 797.00  49.29 -24.82
 798.00 -66.24  66.41
 799.00 -88.28 129.58
 800.00 -64.15 156.05
 801.00 -65.72 -30.62
 802.00 -62.83 -41.83
 803.00 -58.69 -44.66
 804.00 -73.76 -42.84
 805.00 -71.28 -29.95
 806.00 -63.08 -46.56
 807.00 -78.88 -26.84
 808.00 -69.20 -40.68
 809.00 -57.03 -33.71
 810.00 -60.87 -37.33
 811.00 -68.08 -25.19
 812.00 -115.28 -26.63
 813.00 -152.32  65.41
 814.00 -153.32  13.62
 815.00 -156.07 134.72
 816.00 -57.73 159.79
 817.00 -54.46 155.81
 818.00 -66.22 -24.73
 819.00  66.12 -32.59
 820.00 -82.84 164.74
 821.00 -64.22 154.05
 822.00 -82.48 -46.10
 823.00 -64.06  27.81
 824.00 -55.44 -32.29
 825.00 -83.84 -43.72
 826.00 -62.85 -23.83
 827.00 -62.99 -46.05
 828.00 -78.74 -40.28
 829.00 -65.94 -22.94
 830.00 -52.90 -51.04
 831.00 -59.79 -47.51
 832.00 -59.77 -33.96
 833.00 -72.38 -46.00
 834.00 -63.79 -33.60
 835.00 -78.87 -48.69
 836.00 -66.30 -36.70
 837.00 -55.40 -36.39
 838.00 -57.39 -57.80
 839.00 -86.82 -12.79
 840.00 -127.58  -5.02
 841.00 -51.48   4.56
 842.00 -76.61 141.00
 843.00 -148.19  83.08
 844.00 -78.97 167.44
 845.00 -47.22  92.61
 846.00 -84.07 -20.50
 847.00 -117.79 -27.64
 848.00 -49.10  66.53
 849.00 -54.83 -18.97
 850.00 -45.59 -38.55
 851.00 -87.51 -39.36
 852.00 -66.78 -30.59
 853.00 -50.78 -44.89
 854.00 -67.58 -47.19
 855.00 -78.23 -34.40
 856.00 -45.86 -47.15
 857.00 -68.12 -43.77
 858.00 -76.89 -30.78
 859.00 -75.09 -39.10
 860.00 -73.85 -28.86
 861.00 -69.66 -33.96
 862.00 -67.02 -33.86
 863.00 -56.61 -47.05
 864.00 -67.78 -34.51
 865.00 -71.37 -10.17
 866.00 -57.52 -44.80
 867.00 -83.40 -32.79
 868.00 -93.33 -11.08
 869.00 -69.27 -35.60
 870.00 -56.93 -30.02
 871.00 -70.76 -53.95
 872.00 -65.18 -40.13
 873.00 -73.00 -34.42
 874.00 -80.01 -22.24
 875.00 -75.11 -30.99
 876.00 -75.71 -38.38
 877.00 -64.73 -38.88
 878.00 -55.83 -47.27
 879.00 -71.33 -46.01
 880.00 -81.01 -23.50
 881.00 -69.46 -25.91
 882.00 -83.83 -46.60
 883.00 -40.43  -6.31
 884.00 -66.17 -49.20
 885.00 -64.48 -52.39
 886.00 -95.46 -32.00
 887.00  61.81   9.80
 888.00 -97.13  30.33
 889.00 -111.91 140.75
 890.00 -126.10 148.33
 891.00 -66.55 134.19
 892.00 -68.80 141.40
 893.00 -68.98 -42.70
 894.00 -62.80 -37.27
 895.00 -53.47 -49.41
 896.00 -66.63 -44.85
 897.00 -62.99 -40.70
 898.00 -63.99 -38.42
 899.00 -87.79 -35.53
 900.00 -122.97 -17.27
 901.00 -123.20 -27.20
 902.00 -67.55 -43.02
 903.00 -52.38 -30.57
 904.00 -71.60 -37.86
 905.00 -76.56 -24.37
 906.00 -61.13 -49.80
 907.00 -77.81 -26.06
 908.00  94.76 -46.60
 909.00 -66.94  16.67
 910.00 -93.59 -27.65
 911.00 -127.05 147.99
 912.00 -74.73 140.80
 913.00 -97.27 153.95
 914.00 -92.05 114.96
 915.00 -71.06 128.25
 916.00 -95.46 -37.64
 917.00 -71.16 111.95


