 residuo Phi Psi
 669.00 -64.41 128.81
 670.00 -54.88 158.00
 671.00 -60.35 129.97
 672.00 -45.30 -22.08
 673.00 -67.52 -35.52
 674.00 -70.83 -23.51
 675.00 -56.67 -44.44
 676.00 -54.23 -53.70
 677.00 -80.02 -34.09
 678.00 -78.97 -33.93
 679.00 -98.56  -3.02
 680.00 -58.04 -21.52
 681.00 -53.31 117.12
 682.00 -65.04 154.88
 683.00 -62.73 154.65
 684.00 -140.16 147.96
 685.00 -73.08 140.02
 686.00 -72.37 141.81
 687.00  80.43 -18.14
 688.00 -69.91  13.73
 689.00 -68.50 113.17
 690.00 -69.08  88.98
 691.00 -69.89  -9.74
 692.00 -86.00 -20.36
 693.00 -73.92 160.78
 694.00 -73.05 145.33
 695.00 -161.09 150.08
 696.00 -64.52 160.85
 697.00 -65.17 -62.76
 698.00 -68.36 -29.18
 699.00 -51.20 -56.66
 700.00 -77.26 -46.81
 701.00 -72.22 -27.14
 702.00 -70.68 -38.52
 703.00 -63.82 -23.28
 704.00 -51.44 -61.27
 705.00 -64.77 -35.85
 706.00 -64.04 -48.85
 707.00 -50.63 -30.77
 708.00 -67.77 -42.19
 709.00 -53.40 -49.33
 710.00 -71.41 -37.75
 711.00 -42.32 -63.76
 712.00 -70.49 -44.89
 713.00 -69.31 -35.49
 714.00 -56.38 -46.77
 715.00 -71.11 -35.94
 716.00 -52.31 -52.02
 717.00 -73.36 -34.21
 718.00 -65.12 -43.86
 719.00 -57.36 -30.92
 720.00 -83.82 -43.58
 721.00 -63.90 -19.44
 722.00 -53.76 131.08
 723.00  70.91 148.08
 724.00 -48.33 -35.94
 725.00 -73.03 -21.87
 726.00 -62.56 -24.30
 727.00 -72.19 -11.89
 728.00 -71.17 158.09
 729.00 -71.68 154.46
 730.00 -66.47 -24.42
 731.00 -71.43 -30.82
 732.00 -64.05 -45.38
 733.00 -52.38 -45.03
 734.00 -48.54 -54.45
 735.00 -88.73 -51.95
 736.00 -60.16 -22.71
 737.00 -48.36 -64.41
 738.00 -86.65 -28.81
 739.00 -76.89 -43.23
 740.00 -65.93  -8.03
 741.00 -77.77 -40.23
 742.00 -61.54 -31.35
 743.00 -56.04 -50.67
 744.00 -58.79 -43.52
 745.00 -66.27 -41.01
 746.00 -62.78 -44.69
 747.00 -66.95 -44.42
 748.00 -58.94 -37.13
 749.00 -58.29 -41.94
 750.00 -62.25 -54.64
 751.00 -60.56 -52.74
 752.00 -61.33 -42.98
 753.00 -56.68 -54.39
 754.00 -84.96 -40.17
 755.00 -107.29 -18.41
 756.00 -126.81 -52.59
 757.00  51.80  17.41
 758.00  57.45  38.68
 759.00 -64.44  16.61
 760.00 -119.62 -47.60
 761.00 -99.52 147.39
 762.00 -110.82 134.48
 763.00 -62.91  64.36
 764.00 -148.06 -47.43
 765.00 -51.27 149.59
 766.00 -87.31 -30.59
 767.00 -71.47 -48.53
 768.00 -80.64  38.34
 769.00 -88.12 122.14
 770.00 -71.93  95.52
 771.00 -56.65 158.47
 772.00 -65.99 -20.51
 773.00 -61.76 -43.80
 774.00 -61.16 -37.96
 775.00 -75.83 -29.35
 776.00 -71.16 -57.96
 777.00 -75.05 -18.27
 778.00  51.41  -7.96
 779.00 -111.16  37.29
 780.00 -69.74  33.59
 781.00 -68.34 -46.37
 782.00 -61.90 -33.70
 783.00 -59.61 -45.38
 784.00 -60.36 -34.41
 785.00 -59.65 -55.83
 786.00 -64.64 -42.65
 787.00 -74.18 -37.31
 788.00 -69.36 -47.30
 789.00 -74.84 -17.84
 790.00 -70.99 -43.22
 791.00 -58.59 -30.82
 792.00 -72.70 -29.10
 793.00 -54.60 -32.39
 794.00 -71.50 -38.76
 795.00 -63.47 -38.82
 796.00 -90.89 -46.09
 797.00  59.22  -0.84
 798.00 -56.46  39.96
 799.00 -92.73 139.44
 800.00 -62.92 161.08
 801.00 -81.70 -23.85
 802.00 -57.18 -45.55
 803.00 -53.47 -51.33
 804.00 -67.37 -54.25
 805.00 -54.18 -37.84
 806.00 -54.03 -49.46
 807.00 -59.01 -51.70
 808.00 -65.97 -37.45
 809.00 -55.22 -44.67
 810.00 -60.23 -30.58
 811.00 -78.14 -24.69
 812.00 -125.37  -9.56
 813.00 -134.20  31.96
 814.00 -154.36  12.41
 815.00 -159.18 140.53
 816.00 -69.54 168.83
 817.00 -70.35 158.27
 818.00 -87.71 -26.25
 819.00  62.68  13.88
 820.00 -89.22 -173.80
 821.00 -69.60 173.40
 822.00 -100.14 -44.40
 823.00 -56.57  45.81
 824.00 -76.52 -37.79
 825.00 -75.43 -38.54
 826.00 -60.39 -28.93
 827.00 -56.91 -54.19
 828.00 -73.31 -36.22
 829.00 -64.21 -39.96
 830.00 -53.60 -51.79
 831.00 -60.76 -45.64
 832.00 -63.40 -38.59
 833.00 -59.99 -42.64
 834.00 -66.92 -40.26
 835.00 -60.60 -42.31
 836.00 -74.72 -25.55
 837.00 -37.72 -56.78
 838.00 -65.52 -46.73
 839.00 -77.75 -30.98
 840.00 -102.17 -46.71
 841.00 -53.02   4.65
 842.00 -75.09 131.60
 843.00 -141.86  82.60
 844.00 -86.20 163.29
 845.00 -69.18 108.19
 846.00 -69.59 -15.20
 847.00 -114.04 -13.65
 848.00 -67.68  73.77
 849.00 -70.24 -21.34
 850.00 -68.44 -33.96
 851.00 -65.40 -35.71
 852.00 -63.21 -42.64
 853.00 -42.32 -54.18
 854.00 -57.80 -53.67
 855.00 -66.35 -50.49
 856.00 -61.99 -32.74
 857.00 -74.51 -37.34
 858.00 -55.13 -40.50
 859.00 -72.37 -43.25
 860.00 -79.96 -20.80
 861.00 -67.37 -40.16
 862.00 -65.07 -36.73
 863.00 -65.19 -41.82
 864.00 -72.70 -34.71
 865.00 -64.46 -25.99
 866.00 -66.82 -25.95
 867.00 -67.56 -42.06
 868.00 -82.61 -28.76
 869.00 -55.81 -35.24
 870.00 -58.95 -50.75
 871.00 -55.17 -47.18
 872.00 -64.95 -41.00
 873.00 -58.12 -46.81
 874.00 -78.26 -32.18
 875.00 -52.33 -42.19
 876.00 -73.72 -37.58
 877.00 -59.51 -41.00
 878.00 -66.29 -39.05
 879.00 -82.22 -23.79
 880.00 -59.27 -45.81
 881.00 -60.72 -44.95
 882.00 -148.33 -10.04
 883.00 -42.57  29.69
 884.00 -85.66 -37.41
 885.00 -85.82  -9.43
 886.00 -70.85 -53.88
 887.00  66.21  -9.49
 888.00 -88.04  12.32
 889.00 -79.41 126.48
 890.00 -147.20 152.85
 891.00 -66.40 121.66
 892.00 -64.14 130.21
 893.00 -72.91 -29.19
 894.00 -67.85 -41.21
 895.00 -53.19 -46.75
 896.00 -49.21 -51.21
 897.00 -48.15 -40.96
 898.00 -79.86 -45.90
 899.00 -72.09 -32.00
 900.00 -129.02 -31.69
 901.00 -77.53 -39.68
 902.00 -60.48 -44.23
 903.00 -49.28 -34.62
 904.00 -59.52 -38.16
 905.00 -65.26 -41.62
 906.00 -70.35 -47.66
 907.00 -92.59 -12.15
 908.00  83.97 -12.96
 909.00 -68.44  -5.49
 910.00 -119.92 -12.05
 911.00 -147.64 128.56
 912.00 -63.27 145.21
 913.00 -85.62 151.62
 914.00 -83.87 109.00
 915.00 -74.62 128.27
 916.00 -78.70 -38.37
 917.00 -57.93 152.26


