 residuo Phi Psi
 669.00 -64.88 137.15
 670.00 -64.02 156.79
 671.00 -145.25 142.13
 672.00 -53.82 -27.66
 673.00 -73.37 -41.40
 674.00 -74.93 -32.71
 675.00 -75.87 -19.39
 676.00 -68.08 -41.79
 677.00 -76.04 -37.08
 678.00 -73.20 -25.88
 679.00 -65.89 -54.66
 680.00 -61.88 -16.04
 681.00 -60.25 130.18
 682.00 -75.31 168.37
 683.00 -87.80 -153.40
 684.00 -85.63  96.92
 685.00 -138.27 135.68
 686.00 -62.53 132.57
 687.00  78.53 -27.59
 688.00 -70.80  26.83
 689.00 -76.20 147.56
 690.00 -75.52  54.95
 691.00 -72.11  -7.31
 692.00 -77.01 -23.12
 693.00 -50.81 136.57
 694.00 -60.07 147.48
 695.00 -158.35 144.32
 696.00 -51.32 143.40
 697.00 -78.56 -56.52
 698.00 -70.19 -20.03
 699.00 -61.77 -42.62
 700.00 -54.93 -55.78
 701.00 -68.15 -44.52
 702.00 -71.23 -31.29
 703.00 -67.28 -27.63
 704.00 -63.57 -42.64
 705.00 -65.44 -37.79
 706.00 -56.71 -45.00
 707.00 -62.85 -36.42
 708.00 -78.42 -35.83
 709.00 -64.27 -33.01
 710.00 -77.24 -34.23
 711.00 -50.24 -48.55
 712.00 -68.60 -44.18
 713.00 -67.78 -34.57
 714.00 -45.65 -39.08
 715.00 -68.72 -58.67
 716.00 -62.59 -38.75
 717.00 -79.72 -38.42
 718.00 -55.49 -37.70
 719.00 -58.89 -49.81
 720.00 -87.29 -28.63
 721.00 -63.84  -5.71
 722.00 -62.02 137.66
 723.00  89.72 128.97
 724.00 -50.90 -15.95
 725.00 -57.67 -37.08
 726.00 -55.13 -20.50
 727.00 -96.25 -19.39
 728.00 -65.89 135.86
 729.00 -58.47 144.30
 730.00 -62.11 -35.38
 731.00 -63.27 -47.78
 732.00 -56.84 -39.29
 733.00 -61.72 -44.88
 734.00 -67.58 -32.80
 735.00 -71.51 -57.83
 736.00 -63.49 -22.68
 737.00 -67.81 -55.00
 738.00 -112.01  -1.16
 739.00 -69.07 -42.94
 740.00 -48.35 -29.41
 741.00 -65.38 -39.80
 742.00 -63.04 -52.40
 743.00 -59.26 -45.77
 744.00 -71.46 -43.28
 745.00 -65.42 -36.11
 746.00 -58.81 -41.77
 747.00 -63.22 -49.24
 748.00 -67.71 -37.97
 749.00 -64.38 -42.26
 750.00 -73.64 -35.83
 751.00 -52.88 -48.24
 752.00 -69.42 -40.18
 753.00 -68.23 -32.86
 754.00 -65.45 -54.89
 755.00 -97.52 -36.67
 756.00 -146.14 -25.67
 757.00  52.40  26.37
 758.00  72.56  24.09
 759.00 -92.27   2.39
 760.00 -64.68 -65.18
 761.00 -101.18 159.83
 762.00 -97.44 122.62
 763.00 -53.70  61.27
 764.00 -168.39 -46.39
 765.00 -55.35 162.53
 766.00 -92.11 -28.28
 767.00 -90.35 -45.92
 768.00 -58.03  37.63
 769.00 -112.83 138.53
 770.00 -88.60 123.44
 771.00 -58.89 176.25
 772.00 -68.38 -18.57
 773.00 -64.84 -51.53
 774.00 -53.85 -42.76
 775.00 -76.56 -38.79
 776.00 -66.29 -60.07
 777.00 -104.19 -18.98
 778.00  68.13  -4.08
 779.00 -88.86  -9.48
 780.00 -79.97  71.53
 781.00 -57.29 -58.14
 782.00 -59.94 -41.62
 783.00 -68.28 -38.52
 784.00 -54.19 -53.94
 785.00 -54.96 -43.95
 786.00 -71.92 -43.38
 787.00 -48.63 -42.02
 788.00 -55.99 -53.04
 789.00 -72.73 -27.09
 790.00 -71.07 -33.82
 791.00 -54.22 -34.52
 792.00 -76.28 -28.20
 793.00 -56.86 -39.19
 794.00 -81.41 -45.26
 795.00 -59.41 -29.24
 796.00 -71.12 -53.96
 797.00  43.25  -2.86
 798.00 -71.22  62.03
 799.00 -70.67 121.30
 800.00 -51.96 155.45
 801.00 -65.71 -35.69
 802.00 -71.07 -41.63
 803.00 -53.98 -40.69
 804.00 -60.60 -48.49
 805.00 -63.34 -38.91
 806.00 -66.70 -47.54
 807.00 -67.63 -35.37
 808.00 -60.76 -27.24
 809.00 -62.27 -42.01
 810.00 -75.13 -30.89
 811.00 -66.70 -12.35
 812.00 -132.54 -14.03
 813.00 -138.31  40.47
 814.00 -152.77   6.39
 815.00 -147.29 124.92
 816.00 -58.64 157.08
 817.00 -65.46 158.14
 818.00 -90.46 -32.54
 819.00  76.22  11.76
 820.00 -49.80 161.01
 821.00 -48.17 166.32
 822.00 -131.27 -43.34
 823.00 -48.16  74.48
 824.00 -64.44 -31.13
 825.00 -68.20 -36.04
 826.00 -75.06 -31.43
 827.00 -47.42 -45.58
 828.00 -73.26 -40.87
 829.00 -62.89 -39.97
 830.00 -46.66 -51.41
 831.00 -61.83 -46.35
 832.00 -49.23 -48.05
 833.00 -76.57 -50.28
 834.00 -66.69 -29.68
 835.00 -59.70 -49.69
 836.00 -86.87 -26.11
 837.00 -56.40 -29.13
 838.00 -47.29 -53.28
 839.00 -64.05 -39.42
 840.00 -116.05 -21.80
 841.00 -68.19  18.14
 842.00 -71.92 132.99
 843.00 -163.66 104.03
 844.00 -70.17 158.37
 845.00 -71.02  96.07
 846.00 -70.29 -15.12
 847.00 -126.61 -23.58
 848.00 -50.10  76.11
 849.00 -53.14 -21.41
 850.00 -61.13 -37.93
 851.00 -67.17 -39.52
 852.00 -71.91 -35.12
 853.00 -54.75 -43.85
 854.00 -48.42 -61.17
 855.00 -44.37 -56.79
 856.00 -67.48 -45.71
 857.00 -66.46 -38.27
 858.00 -65.77 -36.60
 859.00 -64.94 -48.33
 860.00 -69.08 -30.18
 861.00 -67.79 -32.01
 862.00 -48.65 -50.88
 863.00 -61.34 -51.83
 864.00 -65.89 -31.96
 865.00 -71.68 -22.65
 866.00 -58.30 -32.24
 867.00 -71.79 -47.50
 868.00 -70.44 -29.34
 869.00 -53.22 -41.38
 870.00 -53.74 -51.10
 871.00 -59.41 -47.75
 872.00 -80.23 -38.04
 873.00 -48.96 -37.25
 874.00 -82.66 -38.20
 875.00 -77.04 -30.40
 876.00 -58.87 -44.49
 877.00 -75.42 -44.83
 878.00 -64.27 -29.93
 879.00 -65.47 -37.61
 880.00 -51.24 -44.10
 881.00 -65.28 -45.00
 882.00 -94.04 -36.15
 883.00 -65.11   1.43
 884.00 -84.40 -18.49
 885.00 -68.04 -42.99
 886.00 -105.16 -28.90
 887.00  58.02  -2.98
 888.00 -97.59  40.95
 889.00 -77.39 117.54
 890.00 -124.09 145.23
 891.00 -58.45 130.25
 892.00 -57.88 153.74
 893.00 -66.35 -42.20
 894.00 -61.75 -42.03
 895.00 -66.17 -40.59
 896.00 -64.04 -36.22
 897.00 -51.23 -63.63
 898.00 -80.56 -42.66
 899.00 -85.91 -34.57
 900.00 -125.49 -10.89
 901.00 -75.37 -52.85
 902.00 -65.13 -51.30
 903.00 -54.05 -42.49
 904.00 -69.81 -24.35
 905.00 -65.57 -32.78
 906.00 -72.17 -51.11
 907.00 -87.71 -19.73
 908.00  77.00  -0.18
 909.00 -69.56  12.64
 910.00 -134.12  -9.96
 911.00 -139.50 148.86
 912.00 -62.63 124.50
 913.00 -85.59 143.84
 914.00 -118.01 142.74
 915.00 -91.19 145.75
 916.00 -119.40 -22.07
 917.00 -139.83 136.89


