 residuo Phi Psi
 669.00 -81.47 159.54
 670.00 -62.57 131.40
 671.00 -159.09 164.75
 672.00 -61.19 -33.04
 673.00 -64.11 -54.52
 674.00 -57.84 -29.67
 675.00 -77.53 -35.22
 676.00 -62.63 -38.35
 677.00 -72.05 -46.37
 678.00 -71.09 -26.95
 679.00 -75.55 -50.39
 680.00 -56.81  -7.24
 681.00 -57.39 114.48
 682.00 -65.90 160.80
 683.00 -51.03 146.42
 684.00 -86.70 119.72
 685.00 -80.92 132.89
 686.00 -84.91 142.36
 687.00  99.86 -34.91
 688.00 -88.49  27.83
 689.00 -71.86 110.63
 690.00 -49.46 122.76
 691.00 -77.25 -24.78
 692.00 -56.25 -19.03
 693.00 -65.42 138.49
 694.00 -59.82 139.01
 695.00 -102.93  63.90
 696.00 -64.39 168.11
 697.00 -60.12 -38.92
 698.00 -70.54 -49.92
 699.00 -55.87 -48.65
 700.00 -72.77 -45.16
 701.00 -66.11 -35.62
 702.00 -68.50 -35.59
 703.00 -61.26 -40.06
 704.00 -57.84 -44.27
 705.00 -74.61 -42.43
 706.00 -49.95 -39.86
 707.00 -65.58 -38.11
 708.00 -72.50 -36.89
 709.00 -53.76 -44.96
 710.00 -75.65 -43.71
 711.00 -56.71 -34.81
 712.00 -55.91 -52.91
 713.00 -63.99 -45.33
 714.00 -47.19 -40.66
 715.00 -54.66 -52.42
 716.00 -66.71 -47.31
 717.00 -70.04 -27.02
 718.00 -49.69 -56.97
 719.00 -58.10 -48.66
 720.00 -79.56 -35.01
 721.00 -49.71 -19.81
 722.00 -46.50 121.72
 723.00  75.27 131.17
 724.00 -49.20 -10.14
 725.00 -61.66 -37.87
 726.00 -67.47 -21.20
 727.00 -71.78 -25.75
 728.00 -64.55 150.80
 729.00 -54.60 141.14
 730.00 -66.71 -40.95
 731.00 -70.32 -31.08
 732.00 -53.03 -47.80
 733.00 -55.00 -55.57
 734.00 -75.00 -34.07
 735.00 -62.04 -45.02
 736.00 -56.42 -34.94
 737.00 -71.23 -51.93
 738.00 -92.24 -22.67
 739.00 -99.81 -21.85
 740.00 -58.43 -10.13
 741.00 -63.60 -37.66
 742.00 -85.37 -48.75
 743.00 -59.71 -30.26
 744.00 -82.25 -40.43
 745.00 -63.54 -40.23
 746.00 -62.95 -36.01
 747.00 -61.55 -52.95
 748.00 -80.34 -28.29
 749.00 -56.19 -41.99
 750.00 -56.60 -52.21
 751.00 -63.81 -40.41
 752.00 -68.05 -35.00
 753.00 -57.88 -44.66
 754.00 -78.08 -48.44
 755.00 -93.73 -26.10
 756.00 -126.18 -44.50
 757.00  51.62  23.33
 758.00  58.35  37.15
 759.00 -86.82  -1.18
 760.00 -114.64 -28.96
 761.00 -87.35 150.31
 762.00 -73.67 106.79
 763.00 -52.06  59.60
 764.00 -140.61 -59.14
 765.00 -61.27 167.86
 766.00 -88.79 -29.63
 767.00 -86.20 -52.60
 768.00 -118.46 102.68
 769.00 -101.41 144.29
 770.00 -73.18 123.25
 771.00 -57.01 174.83
 772.00 -66.15 -37.19
 773.00 -67.29 -26.43
 774.00 -67.19 -32.59
 775.00 -69.24 -37.45
 776.00 -61.80 -38.50
 777.00 -76.55 -44.33
 778.00  45.16   6.83
 779.00 -105.05  10.56
 780.00 -71.05  41.87
 781.00 -63.05 -33.37
 782.00 -69.94 -33.61
 783.00 -55.02 -39.93
 784.00 -83.58 -29.52
 785.00 -66.92 -38.85
 786.00 -60.30 -41.50
 787.00 -64.21 -39.54
 788.00 -42.95 -50.87
 789.00 -60.53 -42.98
 790.00 -64.46 -48.66
 791.00 -56.67 -47.04
 792.00 -78.89 -37.33
 793.00 -56.09 -34.74
 794.00 -65.67 -47.35
 795.00 -69.21 -42.60
 796.00 -68.41 -42.29
 797.00  50.42 -19.36
 798.00 -62.07  49.94
 799.00 -78.10 122.22
 800.00 -58.83 164.57
 801.00 -60.15 -42.11
 802.00 -66.63 -41.66
 803.00 -45.25 -46.73
 804.00 -66.56 -51.14
 805.00 -72.36 -41.51
 806.00 -68.40 -31.71
 807.00 -70.04 -43.17
 808.00 -53.09 -42.58
 809.00 -62.80 -38.65
 810.00 -68.57 -38.76
 811.00 -56.19 -19.76
 812.00 -85.51 -55.41
 813.00 -122.16  39.07
 814.00 -142.08  -6.03
 815.00 -135.55 123.48
 816.00 -49.30 160.00
 817.00 -54.52 140.37
 818.00 -85.62 -38.40
 819.00  97.54   2.24
 820.00 -57.89 157.71
 821.00 -73.73 173.04
 822.00 -122.11 -32.89
 823.00 -38.03  60.24
 824.00 -68.92 -36.65
 825.00 -72.76 -33.09
 826.00 -65.19 -27.59
 827.00 -70.97 -40.24
 828.00 -72.18 -36.82
 829.00 -73.90 -34.54
 830.00 -65.49 -43.01
 831.00 -63.22 -45.26
 832.00 -70.33 -33.79
 833.00 -69.31 -37.42
 834.00 -67.51 -29.17
 835.00 -43.06 -58.85
 836.00 -85.01 -36.21
 837.00 -65.92 -24.33
 838.00 -44.85 -51.42
 839.00 -75.88 -33.11
 840.00 -134.19 -10.15
 841.00 -68.78   8.06
 842.00 -77.16 158.81
 843.00 -133.60  79.22
 844.00 -84.57 153.25
 845.00 -61.60  97.24
 846.00 -55.32 -25.16
 847.00 -142.46  -5.16
 848.00 -51.56  73.47
 849.00 -63.50 -32.31
 850.00 -69.62 -16.13
 851.00 -56.52 -43.04
 852.00 -49.90 -52.14
 853.00 -78.33 -49.37
 854.00 -71.16 -23.15
 855.00 -52.81 -39.18
 856.00 -78.35 -28.34
 857.00 -42.25 -48.17
 858.00 -71.54 -45.81
 859.00 -95.23 -23.78
 860.00 -55.76 -29.04
 861.00 -66.09 -44.56
 862.00 -63.49 -46.98
 863.00 -64.62 -48.86
 864.00 -70.23 -19.75
 865.00 -75.77 -18.83
 866.00 -62.22 -37.56
 867.00 -59.00 -30.24
 868.00 -71.79 -39.95
 869.00 -72.49 -35.40
 870.00 -59.21 -42.85
 871.00 -57.75 -42.91
 872.00 -69.95 -50.94
 873.00 -68.97 -26.05
 874.00 -56.53 -44.70
 875.00 -92.25 -25.99
 876.00 -64.51 -47.74
 877.00 -55.47 -40.01
 878.00 -77.47 -49.57
 879.00 -81.06 -22.78
 880.00 -69.22 -34.78
 881.00 -75.19 -38.33
 882.00 -100.38 -26.89
 883.00 -52.38   4.19
 884.00 -47.15 -54.54
 885.00 -105.97 -24.96
 886.00 -78.61 -32.25
 887.00  52.39 -11.48
 888.00 -135.10  77.52
 889.00 -85.20 122.69
 890.00 -107.82 123.95
 891.00 -61.64 134.72
 892.00 -57.56 151.77
 893.00 -78.50 -40.70
 894.00 -75.66 -32.78
 895.00 -49.26 -44.72
 896.00 -53.57 -45.59
 897.00 -71.27 -50.57
 898.00 -63.64 -44.34
 899.00 -69.43 -36.64
 900.00 -97.08 -48.19
 901.00 -113.42 -32.68
 902.00 -64.80 -32.09
 903.00 -65.65 -36.31
 904.00 -77.72 -16.88
 905.00 -67.20 -36.38
 906.00 -80.89 -33.01
 907.00 -79.70 -35.59
 908.00  84.44  -5.23
 909.00 -54.16 -11.52
 910.00 -134.28 -19.12
 911.00 -162.38 142.87
 912.00 -79.41 146.17
 913.00 -80.09 153.05
 914.00 -73.00 108.38
 915.00 -62.58 144.94
 916.00 -108.35 -55.15
 917.00 -85.65 154.55


