 residuo Phi Psi
 669.00 -61.81 109.99
 670.00 -57.25 155.97
 671.00 -133.57 136.87
 672.00 -63.60 -25.67
 673.00 -69.96 -50.55
 674.00 -84.06 -21.69
 675.00 -93.18 -15.15
 676.00 -52.53 -49.81
 677.00 -72.64 -39.61
 678.00 -71.26 -32.94
 679.00 -85.68 -41.04
 680.00 -74.76   0.23
 681.00 -76.43 120.76
 682.00 -66.91 172.17
 683.00 -88.46 159.39
 684.00 -72.00 120.93
 685.00 -81.27 139.26
 686.00 -79.85 154.80
 687.00  83.14 -23.38
 688.00 -80.12  29.33
 689.00 -131.57 162.37
 690.00 -70.64  99.23
 691.00 -105.46  -0.66
 692.00 -74.22  -4.54
 693.00 -61.18 132.88
 694.00 -88.47 166.10
 695.00 -156.55 142.24
 696.00 -52.11 148.28
 697.00 -70.50 -53.62
 698.00 -87.51 -24.65
 699.00 -63.72 -34.61
 700.00 -76.84 -45.96
 701.00 -79.55 -26.96
 702.00 -78.21 -21.91
 703.00 -70.02 -37.25
 704.00 -63.74 -36.83
 705.00 -54.56 -38.73
 706.00 -58.56 -50.06
 707.00 -70.77 -26.41
 708.00 -64.48 -42.90
 709.00 -60.09 -43.66
 710.00 -72.96 -42.01
 711.00 -52.19 -49.01
 712.00 -65.94 -41.66
 713.00 -78.51 -39.90
 714.00 -66.39 -30.28
 715.00 -60.01 -38.13
 716.00 -70.43 -44.90
 717.00 -84.61 -12.48
 718.00 -74.74 -28.99
 719.00 -51.75 -33.67
 720.00 -106.95 -20.77
 721.00 -60.98 -11.30
 722.00 -43.24 135.21
 723.00  57.88 148.03
 724.00 -42.63 -11.50
 725.00 -67.07 -51.52
 726.00 -76.65   1.47
 727.00 -77.81 -22.75
 728.00 -76.27 150.53
 729.00 -67.95 158.21
 730.00 -66.04 -32.17
 731.00 -62.94 -37.44
 732.00 -47.40 -44.20
 733.00 -60.88 -54.33
 734.00 -59.49 -40.45
 735.00 -68.30 -64.92
 736.00 -68.72 -22.22
 737.00 -66.22 -46.38
 738.00 -102.04 -11.29
 739.00 -68.42 -41.36
 740.00 -49.52 -33.03
 741.00 -55.34 -53.13
 742.00 -60.97 -49.95
 743.00 -60.33 -56.03
 744.00 -62.36 -47.74
 745.00 -48.12 -45.33
 746.00 -47.50 -53.26
 747.00 -74.84 -44.40
 748.00 -55.61 -43.92
 749.00 -57.75 -46.19
 750.00 -73.50 -34.46
 751.00 -55.98 -43.95
 752.00 -57.15 -44.17
 753.00 -63.06 -44.58
 754.00 -82.93 -54.55
 755.00 -77.48 -30.15
 756.00 -135.13 -49.43
 757.00  53.60  31.52
 758.00  50.66  29.71
 759.00 -55.25  -5.00
 760.00 -131.44 -23.04
 761.00 -99.55 163.08
 762.00 -95.37 117.77
 763.00 -64.66  65.12
 764.00 -148.80 -44.15
 765.00 -64.06 171.36
 766.00 -88.25 -36.29
 767.00 -150.31  -2.63
 768.00 -121.53 107.76
 769.00 -111.90 142.18
 770.00 -70.97 114.74
 771.00 -70.79 -179.84
 772.00 -67.17 -28.28
 773.00 -68.13 -39.30
 774.00 -49.39 -36.71
 775.00 -73.92 -47.84
 776.00 -50.30 -48.82
 777.00 -66.65 -48.86
 778.00  49.42  -4.76
 779.00 -101.84  18.17
 780.00 -72.30  44.61
 781.00 -65.42 -42.76
 782.00 -61.83 -40.27
 783.00 -64.69 -35.10
 784.00 -59.80 -48.72
 785.00 -60.11 -46.37
 786.00 -69.62 -36.69
 787.00 -54.99 -40.66
 788.00 -49.82 -53.01
 789.00 -69.91 -44.07
 790.00 -66.92 -36.69
 791.00 -62.16 -38.74
 792.00 -70.25 -24.65
 793.00 -39.65 -36.86
 794.00 -70.86 -65.00
 795.00 -60.27 -33.68
 796.00 -73.04 -48.64
 797.00  56.40 -18.83
 798.00 -69.74  58.31
 799.00 -81.10 132.77
 800.00 -57.34 156.03
 801.00 -74.53 -28.20
 802.00 -74.44 -34.16
 803.00 -57.02 -43.35
 804.00 -64.66 -40.44
 805.00 -65.63 -45.52
 806.00 -72.92 -35.53
 807.00 -71.72 -36.25
 808.00 -65.71 -33.48
 809.00 -73.98 -38.48
 810.00 -69.36 -25.46
 811.00 -65.63 -23.13
 812.00 -108.05 -29.07
 813.00 -134.36  43.88
 814.00 -144.63  -0.07
 815.00 -145.08 126.87
 816.00 -60.13 162.78
 817.00 -72.61 153.11
 818.00 -89.26 -23.88
 819.00  91.66   1.56
 820.00 -57.83 167.64
 821.00 -43.14 160.63
 822.00 -127.01 -46.94
 823.00 -40.91  48.02
 824.00 -58.36 -19.46
 825.00 -74.10 -35.79
 826.00 -76.16 -33.07
 827.00 -58.03 -35.51
 828.00 -67.35 -40.96
 829.00 -79.75 -44.44
 830.00 -57.75 -33.28
 831.00 -66.57 -53.35
 832.00 -68.50 -42.47
 833.00 -73.19 -27.32
 834.00 -60.13 -35.88
 835.00 -61.26 -47.78
 836.00 -84.18 -27.23
 837.00 -54.36 -34.40
 838.00 -64.36 -47.52
 839.00 -102.38 -18.63
 840.00 -90.88 -19.10
 841.00 -51.99 -13.79
 842.00 -83.00 138.21
 843.00 -159.15  97.33
 844.00 -80.22 156.60
 845.00 -60.71  94.09
 846.00 -71.53 -26.83
 847.00 -109.70 -24.51
 848.00 -64.00  75.59
 849.00 -63.46 -28.76
 850.00 -62.64 -20.22
 851.00 -66.56 -37.07
 852.00 -68.63 -28.64
 853.00 -59.78 -42.00
 854.00 -56.86 -52.59
 855.00 -65.70 -43.31
 856.00 -83.79 -22.49
 857.00 -67.02 -34.07
 858.00 -67.84 -35.16
 859.00 -75.31 -35.61
 860.00 -72.20 -32.47
 861.00 -60.72 -37.79
 862.00 -68.98 -41.00
 863.00 -70.33 -45.97
 864.00 -74.80 -15.34
 865.00 -59.40 -28.33
 866.00 -86.29 -23.04
 867.00 -62.09 -45.39
 868.00 -60.11 -38.10
 869.00 -60.76 -45.07
 870.00 -68.90 -36.66
 871.00 -63.53 -38.71
 872.00 -87.47 -34.78
 873.00 -60.93 -33.93
 874.00 -65.95 -37.82
 875.00 -61.90 -44.76
 876.00 -70.37 -47.31
 877.00 -58.61 -41.50
 878.00 -63.06 -48.42
 879.00 -69.13 -40.26
 880.00 -70.94 -29.93
 881.00 -56.37 -42.82
 882.00 -91.14 -47.14
 883.00 -67.85  11.40
 884.00 -65.07 -32.11
 885.00 -75.76 -37.94
 886.00 -84.28 -35.76
 887.00  46.10 -10.43
 888.00 -78.89  38.27
 889.00 -107.57 147.33
 890.00 -98.66 119.06
 891.00 -61.62 134.07
 892.00 -51.26 161.45
 893.00 -74.12 -38.87
 894.00 -61.37 -45.27
 895.00 -48.62 -55.58
 896.00 -70.30 -36.55
 897.00 -61.26 -51.89
 898.00 -72.71 -48.14
 899.00 -100.56 -22.68
 900.00 -122.88 -14.44
 901.00 -78.60 -66.49
 902.00 -68.08 -37.31
 903.00 -41.95 -38.27
 904.00 -62.63 -42.50
 905.00 -89.45 -23.21
 906.00 -59.38 -40.24
 907.00 -60.23 -58.99
 908.00  76.82  -9.82
 909.00 -70.46  13.82
 910.00 -80.29 -44.31
 911.00 -124.05 135.52
 912.00 -62.76 139.96
 913.00 -112.52 169.03
 914.00 -77.65 109.35
 915.00 -76.51 135.79
 916.00 -97.48 -47.19
 917.00 -53.17 128.76


