 residuo Phi Psi
 669.00 -52.29 179.15
 670.00 -68.87 141.37
 671.00 -61.96  42.43
 672.00 -70.24 -28.47
 673.00 -80.86 -30.38
 674.00 -53.36 -31.89
 675.00 -70.32 -41.11
 676.00 -63.22 -46.13
 677.00 -75.17 -31.31
 678.00 -71.60 -27.70
 679.00 -72.17 -46.43
 680.00 -56.36 -17.51
 681.00 -64.99 136.06
 682.00 -62.97 151.04
 683.00 -80.26 -157.98
 684.00 -135.58 143.47
 685.00 -99.94 119.50
 686.00 -74.35 147.15
 687.00  79.59 -23.71
 688.00 -74.31  13.80
 689.00 -117.01 161.09
 690.00 -53.28  88.95
 691.00 -73.92 -16.46
 692.00 -68.51 -24.03
 693.00 -70.35 151.64
 694.00 -71.26 141.98
 695.00 -153.91 137.52
 696.00 -51.19 165.68
 697.00 -75.12 -51.10
 698.00 -53.18 -49.16
 699.00 -67.92 -47.59
 700.00 -74.86 -49.84
 701.00 -68.59 -28.80
 702.00 -72.59 -35.16
 703.00 -63.97 -36.52
 704.00 -62.80 -40.20
 705.00 -61.39 -48.19
 706.00 -63.80 -34.04
 707.00 -41.14 -42.70
 708.00 -86.13 -41.08
 709.00 -64.49 -40.00
 710.00 -70.37 -37.58
 711.00 -65.75 -39.27
 712.00 -59.72 -37.95
 713.00 -75.37 -46.24
 714.00 -59.16 -42.94
 715.00 -52.72 -37.25
 716.00 -72.02 -51.34
 717.00 -85.12 -24.71
 718.00 -53.33 -39.88
 719.00 -77.07 -43.83
 720.00 -88.15 -10.68
 721.00 -48.87 -22.39
 722.00 -50.04 136.32
 723.00  74.01 134.44
 724.00 -67.74  14.65
 725.00 -64.15 -33.05
 726.00 -63.09 -13.37
 727.00 -69.83 -35.22
 728.00 -70.82 145.82
 729.00 -47.67 142.59
 730.00 -87.07 -37.30
 731.00 -69.44 -24.86
 732.00 -61.21 -40.35
 733.00 -65.62 -37.94
 734.00 -63.41 -45.77
 735.00 -68.54 -47.86
 736.00 -65.60 -27.43
 737.00 -77.61 -46.58
 738.00 -92.91 -16.45
 739.00 -79.10 -41.15
 740.00 -55.58  -9.68
 741.00 -51.99 -61.90
 742.00 -64.32 -50.74
 743.00 -60.01 -38.64
 744.00 -79.83 -44.02
 745.00 -60.35 -35.03
 746.00 -59.47 -44.70
 747.00 -65.92 -45.15
 748.00 -59.46 -46.10
 749.00 -62.23 -32.26
 750.00 -76.59 -44.76
 751.00 -49.43 -36.50
 752.00 -73.18 -44.41
 753.00 -61.76 -44.62
 754.00 -91.56 -38.04
 755.00 -135.11  -5.35
 756.00 -138.37 -24.49
 757.00  46.75  34.72
 758.00  54.20  37.08
 759.00 -56.73 -16.10
 760.00 -107.06 -37.85
 761.00 -93.50 152.91
 762.00 -74.08 104.78
 763.00 -44.04  51.94
 764.00 -153.27 -50.96
 765.00 -56.60 152.70
 766.00 -102.70 -28.51
 767.00 -155.63   5.29
 768.00 -69.86  56.08
 769.00 -90.00 136.82
 770.00 -67.85 106.39
 771.00 -46.16 166.32
 772.00 -58.53 -47.55
 773.00 -62.81 -45.49
 774.00 -78.32 -31.59
 775.00 -72.53 -20.13
 776.00 -60.61 -54.64
 777.00 -84.18 -28.89
 778.00  55.69 -11.16
 779.00 -84.13   7.31
 780.00 -60.25  39.14
 781.00 -56.27 -51.60
 782.00 -56.34 -42.57
 783.00 -78.43 -34.86
 784.00 -67.70 -35.10
 785.00 -65.81 -35.55
 786.00 -71.08 -44.98
 787.00 -59.53 -39.21
 788.00 -59.89 -46.78
 789.00 -67.65 -43.25
 790.00 -71.89 -28.21
 791.00 -81.70 -27.23
 792.00 -60.12 -12.96
 793.00 -65.43 -28.03
 794.00 -88.15 -32.35
 795.00 -69.27 -30.82
 796.00 -88.16 -40.29
 797.00  57.49 -15.92
 798.00 -79.31  59.32
 799.00 -69.93 129.07
 800.00 -59.51 144.67
 801.00 -77.64 -20.69
 802.00 -72.66 -36.05
 803.00 -44.00 -43.13
 804.00 -58.70 -62.34
 805.00 -80.05 -36.85
 806.00 -67.51 -24.56
 807.00 -60.99 -42.45
 808.00 -52.89 -46.04
 809.00 -77.90 -39.39
 810.00 -79.09 -11.69
 811.00 -62.85 -25.69
 812.00 -100.20 -34.98
 813.00 -131.89  37.12
 814.00 -159.07  14.82
 815.00 -150.31 131.07
 816.00 -58.16 165.98
 817.00 -78.85 161.68
 818.00 -78.70 -34.66
 819.00  65.54  -3.91
 820.00 -56.93 159.28
 821.00 -63.86 175.51
 822.00 -118.40 -38.76
 823.00 -89.89 113.71
 824.00 -65.10 -23.10
 825.00 -77.77 -38.95
 826.00 -81.51 -20.67
 827.00 -74.25 -40.78
 828.00 -77.52 -21.93
 829.00 -75.95 -35.74
 830.00 -54.56 -41.94
 831.00 -66.96 -42.96
 832.00 -74.05 -38.26
 833.00 -78.01 -21.20
 834.00 -69.20 -31.95
 835.00 -47.18 -53.35
 836.00 -77.99 -48.38
 837.00 -66.66 -20.64
 838.00 -58.44 -46.35
 839.00 -65.62 -39.81
 840.00 -128.79 -11.81
 841.00 -64.77  17.26
 842.00 -69.57 134.93
 843.00 -146.52  94.64
 844.00 -82.28 164.21
 845.00 -61.72  83.46
 846.00 -67.65 -15.45
 847.00 -126.20 -10.98
 848.00 -56.20  86.06
 849.00 -63.93 -13.25
 850.00 -73.02 -28.03
 851.00 -73.13 -34.49
 852.00 -71.28 -36.64
 853.00 -60.54 -44.93
 854.00 -50.08 -50.02
 855.00 -62.53 -53.71
 856.00 -57.13 -48.81
 857.00 -54.77 -43.43
 858.00 -72.31 -33.29
 859.00 -75.07 -37.38
 860.00 -62.80 -32.22
 861.00 -51.34 -43.38
 862.00 -65.94 -52.02
 863.00 -70.01 -43.05
 864.00 -73.71 -21.30
 865.00 -59.18 -24.84
 866.00 -71.10 -33.00
 867.00 -74.96 -40.95
 868.00 -64.18 -34.71
 869.00 -63.27 -40.62
 870.00 -52.06 -50.91
 871.00 -67.13 -39.62
 872.00 -74.86 -35.84
 873.00 -61.96 -31.78
 874.00 -51.20 -54.14
 875.00 -60.86 -47.82
 876.00 -72.00 -52.13
 877.00 -60.39 -28.66
 878.00 -60.71 -50.26
 879.00 -75.01 -30.99
 880.00 -74.85 -39.05
 881.00 -46.61 -29.77
 882.00 -110.57 -48.03
 883.00 -56.15  18.48
 884.00 -75.43 -33.65
 885.00 -56.23 -39.71
 886.00 -95.37 -34.59
 887.00  37.88  14.16
 888.00 -78.76  26.81
 889.00 -113.66 131.03
 890.00 -116.31 131.01
 891.00 -65.74 134.43
 892.00 -49.61 151.60
 893.00 -49.42 -58.68
 894.00 -79.80 -39.96
 895.00 -60.92 -34.70
 896.00 -69.95 -43.86
 897.00 -47.61 -44.56
 898.00 -70.30 -56.83
 899.00 -83.30 -35.52
 900.00 -112.78 -22.24
 901.00 -101.33 -40.35
 902.00 -65.41 -41.12
 903.00 -77.00 -33.87
 904.00 -59.75 -12.31
 905.00 -64.82 -40.15
 906.00 -72.89 -48.15
 907.00 -89.10 -25.72
 908.00  64.73   3.60
 909.00 -79.31  27.70
 910.00 -118.83 -25.39
 911.00 -131.94 146.80
 912.00 -66.70 134.23
 913.00 -80.98 145.79
 914.00 -86.22 105.47
 915.00 -81.17 152.10
 916.00 -112.17 -41.69
 917.00 -91.04 138.82


