 residuo Phi Psi
 669.00 -72.93 142.62
 670.00 -57.81 166.10
 671.00 -75.38 146.98
 672.00 -74.01 -29.40
 673.00 -67.40 -30.76
 674.00 -76.84 -25.74
 675.00 -54.10 -37.74
 676.00 -58.17 -45.19
 677.00 -87.29 -31.12
 678.00 -73.40 -23.16
 679.00 -120.63 -16.18
 680.00 -56.62  -3.37
 681.00 -83.35 117.43
 682.00 -73.47 149.44
 683.00 -62.77 159.90
 684.00 -131.13 154.10
 685.00 -83.19 142.52
 686.00 -79.38 152.92
 687.00  75.28 -24.61
 688.00 -92.77  33.53
 689.00 -120.39 151.42
 690.00 -53.10  78.71
 691.00 -60.76 -20.89
 692.00 -85.86 -29.72
 693.00 -65.01 148.99
 694.00 -79.84 148.50
 695.00 -140.54 157.71
 696.00 -27.63 161.49
 697.00 -70.15 -68.06
 698.00 -69.03 -32.91
 699.00 -65.32 -47.30
 700.00 -64.07 -43.67
 701.00 -53.28 -46.07
 702.00 -75.28 -42.40
 703.00 -61.42 -32.44
 704.00 -55.55 -52.51
 705.00 -67.79 -40.07
 706.00 -60.55 -46.60
 707.00 -53.05 -37.09
 708.00 -64.99 -44.49
 709.00 -76.08 -32.18
 710.00 -62.35 -41.35
 711.00 -62.29 -40.28
 712.00 -67.72 -36.61
 713.00 -66.96 -51.72
 714.00 -70.06 -30.87
 715.00 -70.62 -36.90
 716.00 -71.35 -37.21
 717.00 -74.91 -24.41
 718.00 -49.39 -50.67
 719.00 -48.85 -57.48
 720.00 -87.64 -29.93
 721.00 -67.47 -10.99
 722.00 -95.55 159.00
 723.00  73.36 170.45
 724.00 -83.52 -22.34
 725.00 -58.64 -22.36
 726.00 -74.67 -16.13
 727.00 -76.72 -27.93
 728.00 -63.20 155.92
 729.00 -55.01 141.48
 730.00 -73.68 -43.52
 731.00 -72.70 -21.38
 732.00 -41.90 -57.66
 733.00 -60.23 -57.17
 734.00 -60.50 -43.19
 735.00 -70.56 -49.47
 736.00 -56.71 -25.68
 737.00 -70.51 -55.12
 738.00 -85.74 -28.77
 739.00 -91.21 -27.78
 740.00 -48.54 -23.21
 741.00 -60.66 -51.07
 742.00 -44.08 -56.76
 743.00 -52.84 -52.58
 744.00 -59.04 -57.46
 745.00 -75.33 -45.75
 746.00 -68.07 -32.66
 747.00 -65.55 -38.00
 748.00 -60.82 -45.86
 749.00 -60.34 -31.45
 750.00 -61.66 -54.78
 751.00 -65.87 -43.61
 752.00 -62.52 -37.08
 753.00 -64.56 -38.03
 754.00 -63.94 -58.30
 755.00 -66.99 -58.85
 756.00 -143.71 -40.13
 757.00  51.76  34.95
 758.00  59.46  33.25
 759.00 -78.78   9.64
 760.00 -149.33 -16.80
 761.00 -97.12 163.67
 762.00 -84.43 107.54
 763.00 -50.70  70.24
 764.00 -157.97 -49.15
 765.00 -63.54 163.83
 766.00 -98.61 -18.12
 767.00 -78.84 -56.45
 768.00 -104.69  87.56
 769.00 -84.34 116.16
 770.00 -65.27  94.50
 771.00 -50.88 163.14
 772.00 -66.48 -43.81
 773.00 -49.02 -43.33
 774.00 -65.49 -33.24
 775.00 -78.84 -38.51
 776.00 -64.94 -44.21
 777.00 -98.12 -14.35
 778.00  43.63  -1.47
 779.00 -112.79  41.38
 780.00 -66.42  24.84
 781.00 -64.15 -48.43
 782.00 -71.01 -33.98
 783.00 -75.63 -41.91
 784.00 -47.58 -34.24
 785.00 -57.35 -52.33
 786.00 -74.10 -43.46
 787.00 -50.23 -30.78
 788.00 -62.82 -49.78
 789.00 -63.51 -30.96
 790.00 -54.90 -52.33
 791.00 -60.67 -48.67
 792.00 -72.43 -28.48
 793.00 -62.41 -31.16
 794.00 -81.98 -25.53
 795.00 -87.21 -30.16
 796.00 -73.30 -50.84
 797.00  61.61 -21.79
 798.00 -89.59  68.70
 799.00 -85.52 133.22
 800.00 -46.84 159.04
 801.00 -61.79 -45.84
 802.00 -62.27 -45.01
 803.00 -58.34 -45.79
 804.00 -67.04 -54.49
 805.00 -69.55 -33.92
 806.00 -80.26 -30.71
 807.00 -60.48 -39.18
 808.00 -72.67 -33.58
 809.00 -65.09 -41.05
 810.00 -65.02 -25.28
 811.00 -74.59 -17.43
 812.00 -119.77 -19.91
 813.00 -138.71  48.29
 814.00 -147.54  -5.29
 815.00 -143.65 139.47
 816.00 -71.36 150.49
 817.00 -75.76 149.43
 818.00 -58.10 -19.76
 819.00  77.84 -30.65
 820.00 -88.54 155.07
 821.00 -63.74 161.89
 822.00 -109.52 -39.08
 823.00 -59.02  50.58
 824.00 -56.73 -45.96
 825.00 -73.95 -42.22
 826.00 -55.55 -41.65
 827.00 -72.05 -47.57
 828.00 -65.09 -31.31
 829.00 -76.03 -38.03
 830.00 -68.43 -24.76
 831.00 -56.67 -57.23
 832.00 -50.02 -35.77
 833.00 -80.70 -51.36
 834.00 -77.61  -5.13
 835.00 -65.63 -48.76
 836.00 -73.08 -31.58
 837.00 -63.18 -36.72
 838.00 -46.85 -61.45
 839.00 -77.14 -37.37
 840.00 -114.50 -20.06
 841.00 -70.32  14.91
 842.00 -85.47 150.61
 843.00 -81.05  39.44
 844.00 -61.06 168.76
 845.00 -64.52 123.06
 846.00 -95.78 -22.12
 847.00 -110.88 -23.27
 848.00 -63.85 105.57
 849.00 -59.19 -28.25
 850.00 -61.08 -32.53
 851.00 -79.34 -33.67
 852.00 -69.63 -33.62
 853.00 -76.30 -38.29
 854.00 -71.03 -36.25
 855.00 -59.47 -40.95
 856.00 -63.06 -42.44
 857.00 -69.81 -32.90
 858.00 -72.01 -42.01
 859.00 -73.53 -35.36
 860.00 -53.24 -42.40
 861.00 -86.56 -15.67
 862.00 -51.42 -57.45
 863.00 -57.21 -40.60
 864.00 -58.75 -43.95
 865.00 -82.42 -17.84
 866.00 -70.35 -20.90
 867.00 -73.05 -46.71
 868.00 -68.47 -20.32
 869.00 -55.12 -48.27
 870.00 -71.00 -38.83
 871.00 -60.71 -47.88
 872.00 -70.91 -34.41
 873.00 -61.44 -45.15
 874.00 -61.41 -39.63
 875.00 -66.11 -45.90
 876.00 -69.85 -48.39
 877.00 -62.49 -34.07
 878.00 -55.02 -48.42
 879.00 -97.51 -18.98
 880.00 -68.65 -34.43
 881.00 -66.65 -34.00
 882.00 -137.68  -7.61
 883.00 -71.94  21.91
 884.00 -79.91 -29.55
 885.00 -70.02 -25.37
 886.00 -86.68 -46.31
 887.00  62.07 -18.04
 888.00 -101.62  50.00
 889.00 -82.16 127.65
 890.00 -124.64 147.57
 891.00 -84.21 146.78
 892.00 -56.36 134.96
 893.00 -59.43 -47.55
 894.00 -87.29 -37.77
 895.00 -56.80 -37.38
 896.00 -56.85 -32.56
 897.00 -54.86 -51.42
 898.00 -66.11 -51.60
 899.00 -69.90 -35.90
 900.00 -125.14 -31.67
 901.00 -97.46 -39.63
 902.00 -74.41 -25.26
 903.00 -51.79 -41.53
 904.00 -62.06 -30.97
 905.00 -72.98 -34.92
 906.00 -81.82 -42.69
 907.00 -79.07 -25.74
 908.00  93.37 -25.68
 909.00 -79.41  14.83
 910.00 -124.10  -9.72
 911.00 -132.08 142.34
 912.00 -65.75 137.44
 913.00 -88.94 158.48
 914.00 -117.84 135.79
 915.00 -86.86 130.12
 916.00 -93.24 -25.48
 917.00 -136.02 172.65


