 residuo Phi Psi
 669.00 -54.42 164.16
 670.00 -57.08 139.21
 671.00 -52.42 104.32
 672.00 -58.91 -20.50
 673.00 -47.15 -21.35
 674.00 -78.27 -40.56
 675.00 -60.42 -49.08
 676.00 -59.52 -39.52
 677.00 -78.59 -37.53
 678.00 -66.50 -33.56
 679.00 -76.18 -27.38
 680.00 -80.57 -18.47
 681.00 -77.59 116.78
 682.00 -62.60 170.34
 683.00 -74.45 168.84
 684.00 -106.64 152.54
 685.00 -86.27 123.16
 686.00 -83.35 151.08
 687.00  77.72  -3.18
 688.00 -85.45  24.65
 689.00 -109.19 153.71
 690.00 -73.22 103.90
 691.00 -68.64 -11.64
 692.00 -92.58 -24.04
 693.00 -68.21 154.92
 694.00 -63.21 144.55
 695.00 -138.05 130.38
 696.00 -36.38 143.91
 697.00 -67.49 -62.49
 698.00 -74.77 -29.84
 699.00 -57.89 -44.71
 700.00 -62.79 -52.39
 701.00 -53.37 -43.37
 702.00 -59.60 -44.70
 703.00 -67.91 -37.57
 704.00 -67.69 -39.29
 705.00 -65.81 -27.71
 706.00 -46.86 -61.10
 707.00 -54.70 -37.43
 708.00 -68.73 -46.47
 709.00 -61.66 -41.93
 710.00 -47.20 -45.64
 711.00 -55.43 -52.52
 712.00 -66.29 -37.76
 713.00 -72.43 -41.97
 714.00 -65.35 -32.71
 715.00 -69.16 -42.63
 716.00 -69.38 -25.20
 717.00 -75.31 -37.11
 718.00 -64.05 -36.30
 719.00 -63.65 -37.54
 720.00 -92.35 -23.10
 721.00 -46.96 -34.43
 722.00 -72.62 120.56
 723.00  91.32 151.76
 724.00 -66.00 -38.86
 725.00 -64.00 -28.31
 726.00 -66.54  -2.28
 727.00 -84.16 -23.29
 728.00 -76.08 152.94
 729.00 -64.88 152.17
 730.00 -68.63 -27.01
 731.00 -76.47 -36.48
 732.00 -58.21 -31.28
 733.00 -58.42 -54.02
 734.00 -60.33 -35.21
 735.00 -61.61 -56.50
 736.00 -52.03 -36.03
 737.00 -61.42 -61.30
 738.00 -94.78 -14.54
 739.00 -60.86 -46.27
 740.00 -58.88 -17.15
 741.00 -62.25 -51.70
 742.00 -40.37 -53.66
 743.00 -68.25 -58.78
 744.00 -79.58 -35.24
 745.00 -73.49 -25.45
 746.00 -48.44 -56.25
 747.00 -61.89 -45.82
 748.00 -56.24 -41.13
 749.00 -55.65 -32.48
 750.00 -65.27 -47.74
 751.00 -75.29 -41.55
 752.00 -67.25 -33.62
 753.00 -52.77 -41.55
 754.00 -78.70 -58.51
 755.00 -120.20  -9.96
 756.00 -141.92 -19.46
 757.00  43.90  15.29
 758.00  63.46  35.49
 759.00 -59.47   2.43
 760.00 -111.98 -43.76
 761.00 -95.00 163.31
 762.00 -98.98 111.20
 763.00 -55.25  59.54
 764.00 -145.15 -44.35
 765.00 -55.61 153.61
 766.00 -86.08 -41.99
 767.00 -148.29   4.49
 768.00 -87.09  72.93
 769.00 -103.39 133.67
 770.00 -66.82 100.02
 771.00 -57.64 169.83
 772.00 -74.87 -19.17
 773.00 -69.29 -37.15
 774.00 -52.47 -30.80
 775.00 -51.78 -61.67
 776.00 -64.16 -55.48
 777.00 -77.09 -36.60
 778.00  36.10   4.84
 779.00 -137.45  58.25
 780.00 -73.92  36.17
 781.00 -71.17 -42.57
 782.00 -65.13 -37.66
 783.00 -63.68 -45.65
 784.00 -64.39 -41.86
 785.00 -58.62 -40.88
 786.00 -66.80 -37.02
 787.00 -71.38 -30.34
 788.00 -62.34 -43.54
 789.00 -65.25 -26.52
 790.00 -63.43 -52.68
 791.00 -65.36 -28.63
 792.00 -61.72 -28.16
 793.00 -61.29 -30.45
 794.00 -77.47 -34.16
 795.00 -74.22 -36.02
 796.00 -91.93 -34.45
 797.00  46.37 -13.74
 798.00 -61.85  55.59
 799.00 -109.21 139.68
 800.00 -53.95 159.36
 801.00 -70.05 -41.34
 802.00 -58.61 -41.85
 803.00 -51.50 -46.53
 804.00 -68.75 -55.06
 805.00 -75.42 -31.78
 806.00 -52.24 -40.51
 807.00 -71.09 -40.62
 808.00 -50.23 -46.00
 809.00 -80.18 -35.69
 810.00 -61.75 -30.18
 811.00 -73.55 -25.22
 812.00 -121.11 -14.85
 813.00 -130.49  45.15
 814.00 -150.18  -5.58
 815.00 -146.31 128.80
 816.00 -68.96 165.60
 817.00 -59.45 158.70
 818.00 -70.24 -32.23
 819.00  70.10  -5.70
 820.00 -93.26 -168.72
 821.00 -62.02 166.47
 822.00 -86.29 -42.89
 823.00 -58.82  21.27
 824.00 -65.69 -25.86
 825.00 -86.81 -24.95
 826.00 -60.76 -32.49
 827.00 -61.63 -41.36
 828.00 -64.47 -43.03
 829.00 -78.20 -41.86
 830.00 -52.24 -39.57
 831.00 -73.21 -44.66
 832.00 -61.10 -34.32
 833.00 -67.27 -52.77
 834.00 -58.07 -38.45
 835.00 -73.00 -48.16
 836.00 -87.90 -22.84
 837.00 -57.17 -39.83
 838.00 -52.78 -47.48
 839.00 -87.81 -27.82
 840.00 -79.18 -48.63
 841.00 -69.93   1.69
 842.00 -87.85 152.05
 843.00 -70.37  23.06
 844.00 -88.26 168.17
 845.00 -51.66 120.24
 846.00 -59.02 -30.99
 847.00 -104.39 -20.04
 848.00 -61.57  86.67
 849.00 -73.90 -36.87
 850.00 -72.49 -20.62
 851.00 -51.32 -46.52
 852.00 -52.42 -58.94
 853.00 -59.98 -45.02
 854.00 -74.85 -32.63
 855.00 -52.79 -46.45
 856.00 -40.61 -50.55
 857.00 -87.56 -39.96
 858.00 -81.82 -16.61
 859.00 -67.13 -42.18
 860.00 -69.40 -30.04
 861.00 -65.21 -33.51
 862.00 -56.71 -49.81
 863.00 -59.82 -50.52
 864.00 -74.76 -40.28
 865.00 -61.51 -18.74
 866.00 -81.49 -26.96
 867.00 -69.58 -23.85
 868.00 -73.42 -26.76
 869.00 -55.94 -44.73
 870.00 -66.52 -45.07
 871.00 -74.59 -33.30
 872.00 -82.51 -40.75
 873.00 -48.86 -32.62
 874.00 -60.91 -60.83
 875.00 -64.52 -33.18
 876.00 -59.01 -56.77
 877.00 -71.79 -29.38
 878.00 -63.73 -35.99
 879.00 -77.79 -43.34
 880.00 -59.35 -36.09
 881.00 -64.81 -44.98
 882.00 -89.84 -33.84
 883.00 -64.59   1.39
 884.00 -83.25 -31.31
 885.00 -82.66 -24.35
 886.00 -105.11 -17.67
 887.00  60.89 -11.66
 888.00 -84.76  29.07
 889.00 -91.48 132.74
 890.00 -118.19 139.14
 891.00 -69.32 125.95
 892.00 -54.83 142.13
 893.00 -74.11 -45.55
 894.00 -79.53 -21.34
 895.00 -62.26 -44.39
 896.00 -69.51 -30.46
 897.00 -54.41 -46.41
 898.00 -84.00 -38.92
 899.00 -76.29 -36.40
 900.00 -131.00 -20.14
 901.00 -107.85 -38.52
 902.00 -60.27 -40.45
 903.00 -49.17 -41.77
 904.00 -63.44 -31.97
 905.00 -69.01 -44.97
 906.00 -63.01 -49.66
 907.00 -81.72 -43.01
 908.00  80.75   2.26
 909.00 -71.49   5.97
 910.00 -139.47 -13.70
 911.00 -147.30 123.49
 912.00 -81.45 145.78
 913.00 -100.58 169.21
 914.00 -105.69 127.56
 915.00 -148.01 162.53
 916.00 -105.71 -10.57
 917.00 -101.94 170.91


