 residuo Phi Psi
 669.00 -57.13 115.86
 670.00 -66.91 144.08
 671.00 -76.75 125.59
 672.00 -75.67 -47.43
 673.00 -59.99 -26.23
 674.00 -67.32 -54.68
 675.00 -83.18  -9.72
 676.00 -48.46 -47.20
 677.00 -60.86 -49.71
 678.00 -66.90 -36.04
 679.00 -70.43 -37.38
 680.00 -65.77 -12.65
 681.00 -70.26 119.08
 682.00 -74.59 164.26
 683.00 -62.38 160.87
 684.00 -149.17 174.41
 685.00 -63.64 136.38
 686.00 -82.41 152.14
 687.00  64.77  -7.51
 688.00 -77.26  22.56
 689.00 -75.22 120.58
 690.00 -51.59  75.34
 691.00 -77.26 -21.71
 692.00 -114.87   0.84
 693.00 -60.33 124.52
 694.00 -55.17 142.27
 695.00 -156.76 141.35
 696.00 -34.81 147.41
 697.00 -63.64 -70.39
 698.00 -78.66 -36.46
 699.00 -62.11 -36.26
 700.00 -70.62 -40.37
 701.00 -70.63 -38.52
 702.00 -76.50 -34.41
 703.00 -76.15 -26.08
 704.00 -53.36 -37.55
 705.00 -72.48 -43.19
 706.00 -52.49 -50.02
 707.00 -72.41 -30.50
 708.00 -78.13 -22.64
 709.00 -57.49 -34.97
 710.00 -61.32 -55.14
 711.00 -61.08 -43.95
 712.00 -42.34 -47.78
 713.00 -84.51 -43.30
 714.00 -68.24 -21.87
 715.00 -73.79 -39.12
 716.00 -58.14 -37.07
 717.00 -50.16 -46.31
 718.00 -57.78 -59.52
 719.00 -71.40 -34.40
 720.00 -106.13 -18.37
 721.00 -72.05 -10.46
 722.00 -47.40 116.89
 723.00  73.71 151.31
 724.00 -50.67 -25.46
 725.00 -83.87 -37.12
 726.00 -79.81  10.68
 727.00 -70.81 -29.78
 728.00 -61.29 130.97
 729.00 -63.68 151.23
 730.00 -63.59 -21.23
 731.00 -68.90 -44.65
 732.00 -53.56 -39.89
 733.00 -71.81 -43.90
 734.00 -69.93 -19.76
 735.00 -74.55 -56.20
 736.00 -53.45 -28.16
 737.00 -76.72 -54.79
 738.00 -89.15 -21.77
 739.00 -85.48 -33.81
 740.00 -42.44 -13.31
 741.00 -58.19 -55.60
 742.00 -52.50 -60.52
 743.00 -55.68 -48.52
 744.00 -86.93 -46.62
 745.00 -78.26 -17.29
 746.00 -77.83 -25.87
 747.00 -44.45 -49.91
 748.00 -67.61 -51.48
 749.00 -79.31 -28.32
 750.00 -64.87 -31.90
 751.00 -62.98 -45.74
 752.00 -78.89 -31.74
 753.00 -75.66 -30.91
 754.00 -72.26 -38.75
 755.00 -80.13 -48.07
 756.00 -130.07 -43.17
 757.00  51.65  26.77
 758.00  63.08  31.82
 759.00 -67.72  -9.47
 760.00 -112.57 -33.89
 761.00 -101.45 169.78
 762.00 -101.16 124.18
 763.00 -60.01  67.47
 764.00 -155.31 -43.79
 765.00 -54.02 156.11
 766.00 -81.24 -29.81
 767.00 -83.78 -51.67
 768.00 -93.00  76.59
 769.00 -92.77 135.89
 770.00 -70.45 110.78
 771.00 -58.51 172.85
 772.00 -72.82 -29.01
 773.00 -62.00 -45.26
 774.00 -46.99 -32.29
 775.00 -66.61 -49.11
 776.00 -54.85 -58.48
 777.00 -69.29 -40.61
 778.00  58.40  -5.36
 779.00 -125.37  35.33
 780.00 -65.03  25.56
 781.00 -61.76 -42.40
 782.00 -64.73 -46.44
 783.00 -67.50 -37.27
 784.00 -68.43 -24.13
 785.00 -69.63 -45.84
 786.00 -59.62 -38.54
 787.00 -53.12 -48.13
 788.00 -57.98 -47.11
 789.00 -59.21 -42.78
 790.00 -63.39 -41.76
 791.00 -50.76 -44.11
 792.00 -65.39 -42.77
 793.00 -64.13 -31.11
 794.00 -70.33 -38.41
 795.00 -67.96 -34.50
 796.00 -79.23 -44.75
 797.00  55.32 -16.72
 798.00 -64.67  50.94
 799.00 -84.98 131.50
 800.00 -62.40 155.84
 801.00 -63.47 -33.80
 802.00 -70.96 -41.50
 803.00 -64.91 -33.20
 804.00 -50.20 -44.63
 805.00 -70.44 -57.29
 806.00 -69.84 -30.57
 807.00 -70.92 -32.63
 808.00 -80.88 -25.52
 809.00 -55.42 -42.23
 810.00 -51.63 -36.33
 811.00 -76.36 -28.64
 812.00 -114.24 -21.39
 813.00 -155.10  46.96
 814.00 -157.10   9.46
 815.00 -148.56 126.57
 816.00 -61.98 174.38
 817.00 -58.98 145.99
 818.00 -93.26 -20.03
 819.00 139.06 -52.27
 820.00 -69.63 175.10
 821.00 -60.50 156.04
 822.00 -78.47 -45.14
 823.00 -65.47  27.43
 824.00 -64.44 -32.19
 825.00 -69.48 -43.62
 826.00 -63.21 -42.88
 827.00 -61.45 -43.90
 828.00 -67.34 -29.21
 829.00 -60.02 -50.90
 830.00 -58.48 -42.98
 831.00 -63.44 -48.55
 832.00 -67.43 -30.02
 833.00 -70.73 -45.44
 834.00 -54.97 -26.83
 835.00 -63.15 -71.05
 836.00 -82.76 -29.39
 837.00 -60.30 -28.66
 838.00 -68.70 -44.71
 839.00 -78.35  -8.83
 840.00 -96.85 -47.51
 841.00 -70.49  10.18
 842.00 -83.20 147.27
 843.00 -138.07  73.00
 844.00 -69.93 153.44
 845.00 -65.12 121.74
 846.00 -65.79 -38.82
 847.00 -127.02   4.47
 848.00 -58.97  80.07
 849.00 -63.95 -41.35
 850.00 -66.36 -28.83
 851.00 -64.92 -39.46
 852.00 -63.68 -42.33
 853.00 -67.25 -41.62
 854.00 -71.56 -33.51
 855.00 -60.28 -37.31
 856.00 -67.04 -43.21
 857.00 -53.31 -49.28
 858.00 -71.42 -31.28
 859.00 -70.42 -36.65
 860.00 -56.48 -42.49
 861.00 -69.73 -39.08
 862.00 -69.89 -40.75
 863.00 -63.33 -41.85
 864.00 -63.57 -33.06
 865.00 -76.59  -4.63
 866.00 -76.26 -31.40
 867.00 -81.59 -32.88
 868.00 -70.75 -19.34
 869.00 -53.36 -45.45
 870.00 -51.86 -50.87
 871.00 -65.50 -40.16
 872.00 -65.70 -52.43
 873.00 -66.33 -26.57
 874.00 -55.42 -49.05
 875.00 -67.66 -36.53
 876.00 -75.84 -45.01
 877.00 -66.80 -35.34
 878.00 -67.72 -35.61
 879.00 -73.75 -34.52
 880.00 -69.38 -40.57
 881.00 -44.71 -36.69
 882.00 -102.67 -45.54
 883.00 -48.89   7.02
 884.00 -75.79 -36.59
 885.00 -63.40 -39.14
 886.00 -78.44 -53.05
 887.00  50.98   4.69
 888.00 -104.56  41.83
 889.00 -77.20 123.26
 890.00 -123.62 135.11
 891.00 -71.57 135.02
 892.00 -57.60 132.29
 893.00 -66.76 -30.95
 894.00 -74.01 -32.46
 895.00 -62.56 -43.04
 896.00 -75.77 -24.47
 897.00 -71.43 -17.81
 898.00 -80.62 -49.20
 899.00 -87.47 -31.90
 900.00 -131.33  -6.85
 901.00 -85.43 -53.84
 902.00 -54.03 -43.64
 903.00 -51.25 -35.78
 904.00 -70.27 -40.25
 905.00 -72.32 -30.25
 906.00 -62.32 -45.25
 907.00 -83.67 -38.63
 908.00  98.04 -10.16
 909.00 -71.77  -6.70
 910.00 -143.23  -7.01
 911.00 -154.27 135.33
 912.00 -70.87 146.57
 913.00 -113.02 162.44
 914.00 -67.86  95.80
 915.00 -81.92 139.75
 916.00 -110.10 -36.88
 917.00 -50.79  89.06


