 residuo Phi Psi
 669.00 -64.68 107.42
 670.00 -61.79 133.33
 671.00 -150.33 161.53
 672.00 -56.69 -18.53
 673.00 -66.63 -45.55
 674.00 -57.73 -38.92
 675.00 -70.80 -33.68
 676.00 -50.06 -45.83
 677.00 -68.52 -43.96
 678.00 -71.19 -42.88
 679.00 -83.05 -36.02
 680.00 -77.35   0.52
 681.00 -73.71 115.89
 682.00 -73.16 164.78
 683.00 -71.94 169.53
 684.00 -118.14 149.96
 685.00 -96.22 130.70
 686.00 -80.83 150.60
 687.00  80.67 -30.22
 688.00 -74.68  19.52
 689.00 -82.82 119.88
 690.00 -75.42 104.36
 691.00 -72.43   0.24
 692.00 -80.03 -22.71
 693.00 -73.08 137.88
 694.00 -72.76 155.94
 695.00 -131.52 139.51
 696.00 -45.06 137.11
 697.00 -62.08 -67.38
 698.00 -61.93 -32.16
 699.00 -69.65 -39.78
 700.00 -69.41 -43.13
 701.00 -50.31 -45.14
 702.00 -67.12 -42.41
 703.00 -59.41 -41.63
 704.00 -59.46 -40.51
 705.00 -59.16 -46.94
 706.00 -53.55 -51.74
 707.00 -51.68 -47.69
 708.00 -61.58 -51.31
 709.00 -58.33 -41.71
 710.00 -66.62 -44.58
 711.00 -62.61 -41.65
 712.00 -61.18 -43.74
 713.00 -75.28 -34.33
 714.00 -62.71 -34.60
 715.00 -63.27 -39.69
 716.00 -65.85 -35.07
 717.00 -84.85 -35.67
 718.00 -65.45 -35.22
 719.00 -63.02 -30.51
 720.00 -138.40 -19.54
 721.00 -57.23   0.23
 722.00 -54.08 129.55
 723.00  86.33 123.52
 724.00 -58.45 -22.04
 725.00 -69.94 -28.04
 726.00 -67.57   2.81
 727.00 -121.44  -1.75
 728.00 -52.79 133.98
 729.00 -58.20 145.88
 730.00 -72.47 -26.83
 731.00 -76.41 -35.81
 732.00 -54.54 -35.62
 733.00 -60.65 -51.99
 734.00 -70.57 -33.34
 735.00 -49.03 -54.60
 736.00 -55.69 -44.08
 737.00 -72.95 -51.63
 738.00 -81.42 -13.00
 739.00 -77.15 -49.47
 740.00 -63.96 -19.64
 741.00 -73.44 -31.72
 742.00 -64.65 -41.66
 743.00 -58.25 -47.52
 744.00 -68.11 -56.38
 745.00 -61.59 -27.29
 746.00 -56.51 -55.20
 747.00 -61.05 -44.68
 748.00 -54.87 -43.68
 749.00 -55.93 -47.31
 750.00 -65.91 -49.40
 751.00 -60.33 -35.67
 752.00 -63.29 -48.08
 753.00 -78.25 -32.45
 754.00 -83.49 -32.18
 755.00 -113.86 -19.95
 756.00 -148.42 -32.11
 757.00  41.95  35.76
 758.00  48.47  45.28
 759.00 -89.86  13.52
 760.00 -86.85 -50.33
 761.00 -89.25 143.75
 762.00 -82.54 113.06
 763.00 -52.32  67.82
 764.00 -157.23 -52.55
 765.00 -61.18 160.64
 766.00 -90.44 -22.09
 767.00 -94.82 -42.76
 768.00 -52.14  32.69
 769.00 -97.41 124.85
 770.00 -87.33 107.32
 771.00 -68.48 177.97
 772.00 -77.78 -24.20
 773.00 -60.30 -46.69
 774.00 -50.23 -40.75
 775.00 -94.31 -42.61
 776.00 -64.63 -27.06
 777.00 -84.27 -29.23
 778.00  45.02  -7.04
 779.00 -122.94  46.65
 780.00 -66.70  29.73
 781.00 -60.68 -51.27
 782.00 -57.83 -38.27
 783.00 -69.66 -44.28
 784.00 -61.71 -38.11
 785.00 -56.80 -48.25
 786.00 -70.74 -28.11
 787.00 -62.84 -48.73
 788.00 -60.82 -33.66
 789.00 -67.40 -37.62
 790.00 -87.71 -35.06
 791.00 -67.42 -17.28
 792.00 -78.20 -23.50
 793.00 -54.04 -35.88
 794.00 -70.53 -54.79
 795.00 -77.94 -22.92
 796.00 -92.62 -30.20
 797.00  47.61  -7.35
 798.00 -53.50  44.81
 799.00 -90.83 134.42
 800.00 -57.16 162.19
 801.00 -58.62 -40.03
 802.00 -62.79 -54.64
 803.00 -46.10 -46.57
 804.00 -64.08 -56.74
 805.00 -81.60 -29.82
 806.00 -56.66 -37.67
 807.00 -42.74 -55.09
 808.00 -81.89 -35.31
 809.00 -70.59 -44.71
 810.00 -60.98 -20.72
 811.00 -60.73 -35.56
 812.00 -111.34 -19.36
 813.00 -114.66  23.32
 814.00 -155.84   9.40
 815.00 -163.71 140.32
 816.00 -50.64 157.99
 817.00 -49.28 144.22
 818.00 -74.47 -49.39
 819.00  60.76  12.76
 820.00 -89.14 -177.15
 821.00 -68.52 172.52
 822.00 -103.15 -30.89
 823.00 -57.13  40.92
 824.00 -66.27 -43.47
 825.00 -68.53 -42.14
 826.00 -85.29 -25.14
 827.00 -58.24 -28.92
 828.00 -52.97 -46.48
 829.00 -64.65 -48.48
 830.00 -48.11 -48.81
 831.00 -52.09 -60.70
 832.00 -76.71 -35.33
 833.00 -73.38 -33.42
 834.00 -65.08 -21.72
 835.00 -52.63 -49.75
 836.00 -76.54 -50.26
 837.00 -73.72 -23.06
 838.00 -63.07 -47.80
 839.00 -101.75   3.63
 840.00 -135.19 -16.28
 841.00 -46.71  -3.32
 842.00 -76.95 138.20
 843.00 -146.56  88.87
 844.00 -78.53 165.05
 845.00 -51.04  97.64
 846.00 -80.16 -35.51
 847.00 -115.13  -8.49
 848.00 -61.76  77.39
 849.00 -72.41  -4.75
 850.00 -70.44 -28.84
 851.00 -69.15 -36.85
 852.00 -65.58 -46.49
 853.00 -57.19 -32.05
 854.00 -57.41 -50.74
 855.00 -68.07 -48.19
 856.00 -52.74 -38.18
 857.00 -57.00 -64.96
 858.00 -79.91 -37.28
 859.00 -73.59 -32.87
 860.00 -71.84 -22.78
 861.00 -81.12 -29.25
 862.00 -61.19 -37.70
 863.00 -59.50 -46.20
 864.00 -59.67 -36.27
 865.00 -78.35 -30.73
 866.00 -64.47 -19.49
 867.00 -59.26 -48.60
 868.00 -110.42  -4.62
 869.00 -59.92 -40.34
 870.00 -53.29 -38.66
 871.00 -76.00 -33.04
 872.00 -54.93 -60.22
 873.00 -61.01 -26.72
 874.00 -66.90 -45.18
 875.00 -57.99 -43.86
 876.00 -70.95 -50.78
 877.00 -67.77 -36.46
 878.00 -53.55 -38.21
 879.00 -82.52 -37.73
 880.00 -72.81 -23.08
 881.00 -54.80 -54.11
 882.00 -115.05 -18.40
 883.00 -52.02   5.03
 884.00 -74.97 -46.50
 885.00 -63.00 -29.14
 886.00 -75.10 -68.73
 887.00  65.69  -7.84
 888.00 -77.89  28.63
 889.00 -71.08 115.85
 890.00 -103.24 119.13
 891.00 -58.31 126.17
 892.00 -51.66 143.33
 893.00 -65.14 -45.97
 894.00 -75.84 -34.55
 895.00 -64.67 -33.09
 896.00 -69.14 -34.96
 897.00 -61.51 -50.39
 898.00 -80.89 -37.82
 899.00 -84.76 -30.31
 900.00 -94.04 -29.05
 901.00 -75.63 -65.03
 902.00 -37.72 -49.14
 903.00 -70.11 -57.95
 904.00 -54.48 -25.90
 905.00 -90.78 -21.86
 906.00 -76.25 -32.69
 907.00 -97.49 -15.38
 908.00  63.23  -7.81
 909.00 -62.39  24.51
 910.00 -115.43 -40.94
 911.00 -146.20 128.82
 912.00 -71.51 151.31
 913.00 -83.54 153.53
 914.00 -78.53 106.43
 915.00 -52.39 133.25
 916.00 -154.10 -59.39
 917.00 -128.54  98.29


