 residuo Phi Psi
 669.00 -145.86 138.74
 670.00 -54.51 165.68
 671.00 -62.89 149.96
 672.00 -62.91 -37.51
 673.00 -49.47 -63.14
 674.00 -65.94 -43.11
 675.00 -65.50 -37.06
 676.00 -66.07 -44.63
 677.00 -54.78 -47.84
 678.00 -62.47 -47.51
 679.00 -79.85 -37.85
 680.00 -59.78 -13.33
 681.00 -69.25 116.06
 682.00 -62.21 151.27
 683.00 -67.66 156.33
 684.00 -115.55 140.35
 685.00 -58.76 140.75
 686.00 -93.19 150.92
 687.00  82.27 -12.88
 688.00 -95.94  35.92
 689.00 -99.60 136.82
 690.00 -67.10  93.60
 691.00 -61.99  -6.65
 692.00 -81.09 -37.02
 693.00 -68.62 157.56
 694.00 -59.82 145.38
 695.00 -159.78 154.18
 696.00 -40.03 138.87
 697.00 -64.83 -54.54
 698.00 -73.44 -40.62
 699.00 -49.83 -44.71
 700.00 -68.61 -61.05
 701.00 -70.04 -35.35
 702.00 -91.63 -14.40
 703.00 -65.72 -33.01
 704.00 -63.22 -41.58
 705.00 -58.49 -47.65
 706.00 -70.15 -39.49
 707.00 -53.49 -30.47
 708.00 -67.54 -48.98
 709.00 -56.07 -44.53
 710.00 -77.02 -46.67
 711.00 -64.74 -31.07
 712.00 -54.68 -31.64
 713.00 -53.24 -59.34
 714.00 -70.68 -41.41
 715.00 -67.64 -31.17
 716.00 -75.10 -45.71
 717.00 -73.90 -20.86
 718.00 -55.57 -48.53
 719.00 -56.46 -42.90
 720.00 -116.73 -14.91
 721.00 -49.89 -21.00
 722.00 -62.92 134.32
 723.00  67.13 149.78
 724.00 -68.83 -10.27
 725.00 -80.39 -18.38
 726.00 -90.59  10.76
 727.00 -107.14   7.57
 728.00 -52.79 145.36
 729.00 -60.46 141.38
 730.00 -62.53 -25.18
 731.00 -76.73 -38.95
 732.00 -59.96 -31.21
 733.00 -80.45 -32.41
 734.00 -63.00 -30.97
 735.00 -72.61 -49.01
 736.00 -55.22 -34.33
 737.00 -72.49 -54.43
 738.00 -67.36 -35.62
 739.00 -72.63 -43.04
 740.00 -61.81 -15.06
 741.00 -63.10 -52.81
 742.00 -73.42 -32.44
 743.00 -59.66 -41.09
 744.00 -61.64 -49.61
 745.00 -61.75 -41.85
 746.00 -67.22 -48.20
 747.00 -63.03 -40.61
 748.00 -61.70 -47.49
 749.00 -63.43 -35.11
 750.00 -57.24 -47.79
 751.00 -62.52 -49.39
 752.00 -91.22 -14.44
 753.00 -69.80 -31.51
 754.00 -59.24 -48.33
 755.00 -76.70 -58.64
 756.00 -151.55 -24.38
 757.00  41.96  18.18
 758.00  62.41  38.10
 759.00 -64.44  13.95
 760.00 -114.18 -42.36
 761.00 -114.56 176.40
 762.00 -109.64 123.85
 763.00 -64.01  70.66
 764.00 -151.04 -43.51
 765.00 -61.73 175.62
 766.00 -102.10 -29.81
 767.00 -136.21  -3.91
 768.00 -88.20  64.80
 769.00 -95.04 136.13
 770.00 -129.72 137.99
 771.00 -41.24 166.25
 772.00 -68.95 -40.05
 773.00 -63.66 -44.34
 774.00 -64.56 -28.90
 775.00 -74.03 -29.03
 776.00 -68.51 -55.24
 777.00 -83.73 -21.66
 778.00  58.01 -10.77
 779.00 -142.18  34.38
 780.00 -54.94  39.76
 781.00 -61.46 -45.94
 782.00 -77.42 -39.21
 783.00 -70.63 -32.55
 784.00 -49.92 -36.69
 785.00 -69.82 -45.23
 786.00 -77.52 -29.54
 787.00 -76.64 -28.75
 788.00 -62.16 -39.15
 789.00 -59.42 -47.85
 790.00 -58.96 -48.27
 791.00 -75.74 -30.72
 792.00 -71.22 -16.39
 793.00 -61.61 -39.69
 794.00 -71.08 -34.16
 795.00 -62.35 -38.24
 796.00 -109.01 -24.26
 797.00  40.24 -15.95
 798.00 -77.25  73.34
 799.00 -75.25 132.32
 800.00 -58.87 157.42
 801.00 -66.02 -39.27
 802.00 -68.22 -34.68
 803.00 -52.31 -48.54
 804.00 -61.63 -44.54
 805.00 -73.15 -48.41
 806.00 -55.28 -34.89
 807.00 -68.13 -42.36
 808.00 -81.25 -25.47
 809.00 -66.74 -41.36
 810.00 -74.39 -24.15
 811.00 -57.16 -31.52
 812.00 -102.62 -34.68
 813.00 -148.25  58.80
 814.00 -160.81  18.63
 815.00 -144.97 123.07
 816.00 -61.38 167.08
 817.00 -89.21 162.85
 818.00 -70.49 -26.32
 819.00  66.52 -11.60
 820.00 -69.78 179.83
 821.00 -50.80 151.02
 822.00 -100.37 -47.15
 823.00 -66.15  34.82
 824.00 -43.69 -24.24
 825.00 -91.57 -44.98
 826.00 -66.38 -25.87
 827.00 -66.24 -46.80
 828.00 -68.97 -25.59
 829.00 -68.10 -57.21
 830.00 -60.22 -40.37
 831.00 -69.66 -38.87
 832.00 -57.91 -44.72
 833.00 -61.94 -50.76
 834.00 -63.68 -32.09
 835.00 -63.29 -49.24
 836.00 -75.12 -33.65
 837.00 -77.68 -28.48
 838.00 -51.80 -43.79
 839.00 -53.39 -35.77
 840.00 -121.49 -35.51
 841.00 -65.30   5.64
 842.00 -71.83 142.50
 843.00 -64.49  19.82
 844.00 -76.80 156.29
 845.00 -74.16 126.02
 846.00 -73.66   2.46
 847.00 -109.68 -32.94
 848.00 -73.95  93.68
 849.00 -72.79 -10.05
 850.00 -70.99 -32.29
 851.00 -58.30 -44.83
 852.00 -61.32 -44.16
 853.00 -80.98 -39.00
 854.00 -69.81 -34.89
 855.00 -59.76 -37.84
 856.00 -53.84 -44.71
 857.00 -61.43 -45.92
 858.00 -73.74 -31.70
 859.00 -86.76 -27.48
 860.00 -63.59 -26.24
 861.00 -53.91 -47.31
 862.00 -66.92 -53.13
 863.00 -76.49 -25.77
 864.00 -82.58 -27.84
 865.00 -80.82 -12.92
 866.00 -63.14 -25.22
 867.00 -61.77 -32.64
 868.00 -85.95 -28.62
 869.00 -63.19 -37.81
 870.00 -58.08 -38.75
 871.00 -70.90 -52.95
 872.00 -76.03 -36.48
 873.00 -60.96 -32.37
 874.00 -61.97 -42.25
 875.00 -67.74 -37.13
 876.00 -56.21 -44.47
 877.00 -65.36 -41.01
 878.00 -70.54 -49.75
 879.00 -58.71 -34.40
 880.00 -58.25 -36.59
 881.00 -75.33 -44.47
 882.00 -107.20 -17.27
 883.00 -49.07  -7.22
 884.00 -74.49 -38.08
 885.00 -81.42 -29.74
 886.00 -84.25 -33.73
 887.00  54.90  -6.56
 888.00 -109.80  58.30
 889.00 -70.35 127.58
 890.00 -152.14 153.51
 891.00 -79.41 119.97
 892.00 -59.17 141.25
 893.00 -69.92 -39.57
 894.00 -77.04 -44.10
 895.00 -68.59 -30.97
 896.00 -74.39 -20.17
 897.00 -63.68 -28.80
 898.00 -58.85 -49.47
 899.00 -63.69 -53.25
 900.00 -104.99 -35.13
 901.00 -87.68 -52.48
 902.00 -61.44 -30.04
 903.00 -46.80 -47.34
 904.00 -73.95 -33.94
 905.00 -77.03 -33.59
 906.00 -58.69 -50.55
 907.00 -78.73 -49.78
 908.00  76.53  10.47
 909.00 -73.82  16.60
 910.00 -124.48 -27.50
 911.00 -138.90 128.16
 912.00 -55.51 145.66
 913.00 -93.05 154.88
 914.00 -67.46  86.92
 915.00 -66.10  98.78
 916.00 -100.82 -32.93
 917.00 -78.72 -11.25


