 residuo Phi Psi
 669.00 -52.86 157.00
 670.00 -61.50 146.10
 671.00 -113.61 137.48
 672.00 -53.51 -11.68
 673.00 -66.56 -48.40
 674.00 -69.13 -29.25
 675.00 -66.46 -36.97
 676.00 -53.94 -44.11
 677.00 -81.54 -31.42
 678.00 -67.99 -32.49
 679.00 -110.14 -17.66
 680.00 -79.65  -8.21
 681.00 -79.47 127.21
 682.00 -82.80 165.64
 683.00 -62.25 172.28
 684.00 -113.20 138.68
 685.00 -77.93 129.57
 686.00 -98.82 157.32
 687.00  93.96 -13.87
 688.00 -69.78  23.15
 689.00 -80.91 124.22
 690.00 -64.80 110.23
 691.00 -62.56  -6.68
 692.00 -86.49 -38.01
 693.00 -66.85 142.50
 694.00 -72.11 160.94
 695.00 -151.59 145.45
 696.00 -51.13 149.62
 697.00 -66.00 -58.74
 698.00 -74.21 -30.88
 699.00 -62.40 -40.70
 700.00 -80.12 -33.95
 701.00 -65.12 -44.10
 702.00 -61.72 -40.63
 703.00 -58.50 -35.18
 704.00 -68.67 -47.64
 705.00 -53.54 -42.95
 706.00 -57.94 -49.07
 707.00 -64.77 -33.45
 708.00 -68.27 -33.92
 709.00 -65.69 -43.38
 710.00 -71.04 -34.86
 711.00 -56.41 -44.18
 712.00 -58.39 -37.49
 713.00 -82.50 -43.33
 714.00 -73.87 -15.04
 715.00 -63.28 -44.54
 716.00 -61.82 -35.53
 717.00 -62.01 -44.31
 718.00 -71.06 -46.65
 719.00 -72.75 -20.49
 720.00 -124.64  -2.71
 721.00 -55.68 -15.61
 722.00 -59.94 110.65
 723.00  90.04 136.91
 724.00 -61.67 -20.18
 725.00 -83.02 -20.51
 726.00 -82.67  10.56
 727.00 -73.04 -21.56
 728.00 -70.25 146.08
 729.00 -59.57 156.63
 730.00 -89.39 -28.49
 731.00 -81.19 -17.99
 732.00 -50.81 -33.16
 733.00 -57.04 -55.86
 734.00 -65.72 -33.81
 735.00 -77.88 -56.72
 736.00 -58.31 -19.71
 737.00 -73.88 -50.82
 738.00 -74.19 -28.84
 739.00 -76.91 -44.49
 740.00 -66.67   0.87
 741.00 -75.33 -38.90
 742.00 -53.18 -47.27
 743.00 -71.00 -54.03
 744.00 -66.66 -42.55
 745.00 -65.39 -31.14
 746.00 -55.86 -50.49
 747.00 -61.50 -46.16
 748.00 -50.10 -47.78
 749.00 -66.51 -43.24
 750.00 -73.89 -31.08
 751.00 -49.22 -58.12
 752.00 -70.21 -23.74
 753.00 -69.49 -47.19
 754.00 -69.05 -32.37
 755.00 -71.54 -66.02
 756.00 -134.62 -38.71
 757.00  53.38  24.80
 758.00  63.48  37.95
 759.00 -75.55  -1.84
 760.00 -122.19 -24.27
 761.00 -98.76 169.80
 762.00 -93.06 115.82
 763.00 -57.55  67.63
 764.00 -137.36 -58.57
 765.00 -57.36 162.32
 766.00 -92.51 -35.30
 767.00 -145.45   3.21
 768.00 -90.63  67.76
 769.00 -96.56 125.34
 770.00 -61.42 106.06
 771.00 -72.57 169.96
 772.00 -80.38 -21.63
 773.00 -65.93 -47.05
 774.00 -61.54 -21.80
 775.00 -75.41 -46.77
 776.00 -68.57 -32.10
 777.00 -95.22 -24.28
 778.00  66.52   6.29
 779.00 -105.33   3.08
 780.00 -80.16  37.04
 781.00 -42.73 -51.56
 782.00 -52.67 -56.45
 783.00 -73.49 -39.83
 784.00 -51.84 -41.57
 785.00 -61.52 -55.21
 786.00 -59.31 -40.95
 787.00 -66.60 -36.17
 788.00 -65.50 -47.22
 789.00 -70.09 -37.10
 790.00 -67.04 -30.11
 791.00 -59.04 -32.73
 792.00 -56.64 -25.85
 793.00 -71.07 -33.58
 794.00 -77.37 -38.22
 795.00 -59.17 -37.87
 796.00 -78.61 -48.42
 797.00  47.77 -22.78
 798.00 -62.74  66.47
 799.00 -95.11 135.12
 800.00 -60.15 165.13
 801.00 -51.72 -40.80
 802.00 -71.18 -50.66
 803.00 -58.24 -35.29
 804.00 -73.91 -47.31
 805.00 -69.80 -22.20
 806.00 -52.22 -56.77
 807.00 -65.19 -35.56
 808.00 -75.94 -44.02
 809.00 -58.20 -32.16
 810.00 -80.36 -25.03
 811.00 -81.36 -21.31
 812.00 -101.62 -12.83
 813.00 -128.91  39.29
 814.00 -159.03   7.28
 815.00 -136.96 121.57
 816.00 -60.48 170.46
 817.00 -68.20 156.07
 818.00 -68.62 -26.43
 819.00  65.86 -11.03
 820.00 -77.56 175.70
 821.00 -61.38 168.77
 822.00 -106.27 -38.48
 823.00 -61.93  57.46
 824.00 -64.07 -41.54
 825.00 -76.32 -41.60
 826.00 -63.48 -25.54
 827.00 -54.05 -53.58
 828.00 -65.96 -40.11
 829.00 -76.77 -29.83
 830.00 -53.51 -48.94
 831.00 -64.68 -52.57
 832.00 -59.71 -43.38
 833.00 -68.25 -52.48
 834.00 -62.81 -21.88
 835.00 -74.94 -43.50
 836.00 -72.13 -31.60
 837.00 -60.45 -37.39
 838.00 -62.86 -45.16
 839.00 -101.98  -9.04
 840.00 -138.30  -1.85
 841.00 -49.84 -13.87
 842.00 -75.05 139.28
 843.00 -143.03  85.31
 844.00 -58.50 154.13
 845.00 -58.28 110.85
 846.00 -71.39 -28.45
 847.00 -134.22 -11.61
 848.00 -68.46  68.31
 849.00 -60.87 -10.56
 850.00 -74.80 -39.25
 851.00 -71.30 -30.47
 852.00 -76.32 -41.90
 853.00 -82.52 -12.06
 854.00 -62.89 -43.23
 855.00 -59.28 -42.42
 856.00 -74.89 -32.97
 857.00 -64.56 -40.78
 858.00 -65.34 -30.54
 859.00 -57.01 -53.02
 860.00 -74.42 -27.48
 861.00 -67.77 -35.37
 862.00 -64.87 -38.01
 863.00 -66.39 -45.70
 864.00 -64.13 -30.86
 865.00 -65.35 -30.10
 866.00 -54.86 -45.99
 867.00 -67.21 -45.14
 868.00 -89.70 -18.79
 869.00 -51.93 -44.18
 870.00 -70.85 -41.49
 871.00 -75.28 -25.66
 872.00 -92.73 -25.14
 873.00 -63.71 -24.65
 874.00 -78.38 -36.39
 875.00 -79.17 -32.27
 876.00 -67.52 -32.53
 877.00 -67.73 -37.36
 878.00 -63.55 -41.22
 879.00 -69.91 -29.37
 880.00 -74.26 -44.69
 881.00 -66.13 -13.46
 882.00 -141.67 -22.05
 883.00 -68.77  15.56
 884.00 -70.86 -25.70
 885.00 -79.15 -26.03
 886.00 -72.31 -49.50
 887.00  54.70   6.97
 888.00 -83.33  23.24
 889.00 -113.85 132.50
 890.00 -112.00 151.42
 891.00 -76.10 152.93
 892.00 -60.15 141.82
 893.00 -51.59 -42.80
 894.00 -78.50 -39.04
 895.00 -64.86 -35.48
 896.00 -64.68 -30.83
 897.00 -71.70 -40.74
 898.00 -81.53 -38.30
 899.00 -80.10 -19.39
 900.00 -126.83 -24.35
 901.00 -82.91 -37.80
 902.00 -61.50 -55.09
 903.00 -74.94 -36.32
 904.00 -69.38 -16.66
 905.00 -61.76 -45.24
 906.00 -77.58 -43.25
 907.00 -70.70 -41.12
 908.00 115.27 -22.77
 909.00 -80.27  -1.16
 910.00 -107.80 -33.74
 911.00 -147.07 147.72
 912.00 -66.00 144.83
 913.00 -103.72 158.26
 914.00 -61.67  86.10
 915.00 -99.00 134.63
 916.00 -105.77 -32.00
 917.00 -64.15 168.26


