 residuo Phi Psi
 669.00 -58.43 137.75
 670.00 -74.18 139.70
 671.00 -143.01 149.41
 672.00 -53.61 -33.49
 673.00 -79.23 -36.52
 674.00 -69.21 -20.20
 675.00 -64.94 -37.14
 676.00 -61.69 -42.94
 677.00 -66.27 -37.93
 678.00 -76.98 -36.23
 679.00 -75.26 -35.74
 680.00 -65.67 -13.44
 681.00 -73.10 128.84
 682.00 -95.64 -176.33
 683.00 -53.39 149.21
 684.00 -86.95 136.14
 685.00 -82.99 124.07
 686.00 -75.14 137.36
 687.00  76.11   0.07
 688.00 -69.05  16.83
 689.00 -144.31 160.81
 690.00 -62.61 118.06
 691.00 -83.36   3.29
 692.00 -68.95 -10.37
 693.00 -71.60 152.75
 694.00 -71.27 125.94
 695.00 -92.33  56.70
 696.00 -66.41 173.94
 697.00 -70.99 -37.15
 698.00 -59.12 -52.87
 699.00 -65.35 -49.65
 700.00 -62.14 -41.96
 701.00 -58.03 -54.44
 702.00 -85.02 -31.54
 703.00 -71.23 -19.71
 704.00 -55.92 -43.67
 705.00 -55.86 -45.66
 706.00 -74.46 -35.34
 707.00 -67.63 -25.56
 708.00 -69.39 -37.03
 709.00 -60.38 -51.88
 710.00 -73.92 -41.04
 711.00 -67.20 -33.07
 712.00 -60.69 -41.24
 713.00 -76.79 -30.97
 714.00 -92.96 -12.75
 715.00 -54.99 -39.35
 716.00 -70.12 -39.46
 717.00 -63.37 -53.15
 718.00 -62.62 -42.62
 719.00 -67.32 -40.38
 720.00 -89.28 -22.49
 721.00 -57.68 -10.91
 722.00 -46.90 128.27
 723.00  91.15  99.45
 724.00 -55.80  -2.72
 725.00 -78.94 -19.55
 726.00 -79.51   1.26
 727.00 -62.79 -22.35
 728.00 -71.31 154.63
 729.00 -47.80 145.09
 730.00 -68.24 -50.76
 731.00 -76.42 -30.94
 732.00 -68.47 -30.08
 733.00 -55.46 -45.17
 734.00 -54.75 -42.85
 735.00 -65.07 -63.06
 736.00 -63.22 -37.87
 737.00 -85.08 -32.24
 738.00 -79.02 -30.33
 739.00 -74.31 -36.83
 740.00 -58.65  -4.58
 741.00 -77.31 -47.53
 742.00 -59.51 -46.92
 743.00 -59.21 -46.89
 744.00 -79.63 -51.35
 745.00 -77.85 -19.33
 746.00 -70.60 -33.24
 747.00 -67.34 -36.62
 748.00 -63.64 -49.15
 749.00 -56.02 -34.07
 750.00 -73.79 -43.45
 751.00 -52.75 -37.00
 752.00 -57.58 -53.84
 753.00 -53.70 -51.85
 754.00 -91.76 -46.42
 755.00 -91.76 -26.31
 756.00 -144.94 -29.86
 757.00  47.44  25.75
 758.00  65.24  31.81
 759.00 -66.40  -4.14
 760.00 -90.70 -43.06
 761.00 -79.79 151.14
 762.00 -79.29  94.15
 763.00 -55.41  61.96
 764.00 -147.68 -42.80
 765.00 -57.79 169.90
 766.00 -95.68 -31.47
 767.00 -80.40 -47.59
 768.00 -74.19  67.77
 769.00 -112.75 139.90
 770.00 -92.29 105.72
 771.00 -47.44 170.52
 772.00 -65.66 -38.56
 773.00 -71.36 -43.83
 774.00 -47.14 -40.42
 775.00 -64.06 -50.26
 776.00 -76.53 -49.27
 777.00 -76.68 -27.21
 778.00  64.72   0.19
 779.00 -70.59 -29.44
 780.00 -63.05  43.51
 781.00 -72.12 -42.21
 782.00 -64.91 -38.31
 783.00 -67.25 -31.39
 784.00 -73.86 -31.17
 785.00 -50.67 -47.18
 786.00 -70.17 -43.08
 787.00 -70.14 -36.44
 788.00 -67.84 -25.26
 789.00 -59.49 -45.57
 790.00 -70.31 -39.12
 791.00 -58.38 -42.12
 792.00 -59.34 -30.34
 793.00 -63.29 -31.68
 794.00 -83.18 -24.30
 795.00 -72.98 -39.34
 796.00 -100.33 -20.95
 797.00  60.05 -28.37
 798.00 -66.11  54.81
 799.00 -86.52 132.55
 800.00 -49.61 147.36
 801.00 -51.90 -37.46
 802.00 -69.03 -49.32
 803.00 -63.54 -38.82
 804.00 -64.69 -42.79
 805.00 -73.79 -35.12
 806.00 -67.40 -34.42
 807.00 -49.26 -56.65
 808.00 -70.56 -34.97
 809.00 -56.57 -47.74
 810.00 -65.62 -27.50
 811.00 -74.21 -18.80
 812.00 -119.72 -11.81
 813.00 -146.39  46.62
 814.00 -145.28  -1.08
 815.00 -144.29 116.98
 816.00 -65.97 169.67
 817.00 -63.43 150.16
 818.00 -82.99 -36.45
 819.00  77.88  12.10
 820.00 -81.79 -175.94
 821.00 -60.03 153.65
 822.00 -123.72 -23.17
 823.00 -55.38  51.79
 824.00 -63.39 -26.02
 825.00 -72.43 -23.70
 826.00 -62.20 -49.79
 827.00 -62.24 -41.10
 828.00 -58.92 -40.84
 829.00 -74.27 -44.13
 830.00 -56.55 -45.68
 831.00 -56.67 -46.84
 832.00 -55.87 -45.47
 833.00 -81.77 -38.59
 834.00 -74.87 -26.08
 835.00 -65.07 -38.75
 836.00 -73.54 -49.67
 837.00 -58.44 -26.11
 838.00 -53.11 -57.55
 839.00 -65.82 -18.41
 840.00 -117.96 -35.79
 841.00 -45.14  -7.92
 842.00 -86.76 144.43
 843.00 -130.99  97.09
 844.00 -58.74 159.73
 845.00 -59.02 105.99
 846.00 -74.55 -29.93
 847.00 -131.21 -19.25
 848.00 -54.66  93.83
 849.00 -75.52 -16.12
 850.00 -64.29 -30.26
 851.00 -55.91 -34.14
 852.00 -74.37 -40.61
 853.00 -60.41 -45.91
 854.00 -71.11 -34.33
 855.00 -72.27 -43.72
 856.00 -60.07 -26.53
 857.00 -65.11 -46.89
 858.00 -72.07 -22.19
 859.00 -61.51 -40.78
 860.00 -68.00 -31.55
 861.00 -49.86 -53.57
 862.00 -70.37 -55.64
 863.00 -73.89 -36.35
 864.00 -55.65 -32.29
 865.00 -60.79 -29.71
 866.00 -64.21 -36.02
 867.00 -46.74 -46.57
 868.00 -83.07 -34.22
 869.00 -55.83 -36.41
 870.00 -65.03 -40.58
 871.00 -56.86 -48.44
 872.00 -78.55 -35.64
 873.00 -67.01 -31.51
 874.00 -54.19 -45.23
 875.00 -82.01 -24.59
 876.00 -61.99 -59.03
 877.00 -72.37 -33.10
 878.00 -73.76 -44.29
 879.00 -88.08  -9.32
 880.00 -60.87 -41.38
 881.00 -48.99 -49.11
 882.00 -103.21 -37.35
 883.00 -27.71 -13.18
 884.00 -66.64 -41.91
 885.00 -74.88 -42.03
 886.00 -108.76 -16.76
 887.00  56.84  21.43
 888.00 -101.96  35.33
 889.00 -62.71 109.39
 890.00 -136.05 132.62
 891.00 -67.62 112.05
 892.00 -48.32 135.31
 893.00 -69.79 -42.69
 894.00 -71.94 -34.45
 895.00 -61.38 -38.59
 896.00 -75.86 -31.10
 897.00 -52.69 -41.29
 898.00 -65.63 -48.23
 899.00 -117.67 -30.98
 900.00 -108.84  -9.69
 901.00 -96.35 -42.92
 902.00 -43.66 -60.93
 903.00 -61.57 -40.72
 904.00 -70.59 -30.56
 905.00 -62.01 -31.62
 906.00 -56.03 -58.21
 907.00 -86.74 -30.97
 908.00 102.65 -32.81
 909.00 -66.08  16.88
 910.00 -112.67 -31.76
 911.00 -146.97 138.80
 912.00 -60.05 156.22
 913.00 -119.85 -173.59
 914.00 -77.44 102.20
 915.00 -82.20 146.07
 916.00 -87.99 -49.16
 917.00 -92.98  96.72


