 residuo Phi Psi
 669.00 -87.22 153.20
 670.00 -70.94 178.12
 671.00 -145.35 165.07
 672.00 -54.69   1.68
 673.00 -59.30 -42.75
 674.00 -64.23 -40.26
 675.00 -76.13 -21.49
 676.00 -61.36 -54.16
 677.00 -73.83 -33.44
 678.00 -64.56 -30.97
 679.00 -86.18 -46.48
 680.00 -74.02  12.89
 681.00 -67.58 111.44
 682.00 -66.63 165.24
 683.00 -66.53 154.19
 684.00 -110.86 138.80
 685.00 -73.43 118.98
 686.00 -57.92 131.15
 687.00  71.75 -23.30
 688.00 -75.73  35.31
 689.00 -88.87 134.46
 690.00 -78.08  72.12
 691.00 -76.38   0.52
 692.00 -76.23 -20.09
 693.00 -74.19 134.42
 694.00 -56.17 136.01
 695.00 -166.33 154.74
 696.00 -51.18 150.28
 697.00 -71.92 -45.61
 698.00 -73.15 -42.29
 699.00 -52.91 -37.64
 700.00 -75.01 -54.18
 701.00 -54.45 -38.88
 702.00 -84.92 -43.17
 703.00 -64.12 -26.95
 704.00 -66.07 -33.28
 705.00 -57.85 -46.41
 706.00 -58.01 -40.01
 707.00 -71.32 -33.33
 708.00 -73.11 -34.07
 709.00 -58.28 -45.41
 710.00 -63.30 -38.31
 711.00 -65.13 -46.40
 712.00 -73.01 -37.43
 713.00 -81.53 -26.31
 714.00 -61.01 -44.11
 715.00 -70.07 -31.01
 716.00 -48.28 -50.42
 717.00 -84.12 -36.83
 718.00 -59.09 -40.91
 719.00 -64.61 -46.20
 720.00 -126.32  -7.26
 721.00 -68.32   0.89
 722.00 -54.87 138.68
 723.00  63.34 130.51
 724.00 -60.67   3.06
 725.00 -62.57 -29.01
 726.00 -80.76  -5.68
 727.00 -73.38 -19.73
 728.00 -63.13 147.28
 729.00 -57.87 142.50
 730.00 -67.49 -45.33
 731.00 -58.48 -41.30
 732.00 -55.54 -46.21
 733.00 -62.23 -43.72
 734.00 -56.97 -45.81
 735.00 -62.88 -66.27
 736.00 -54.14 -34.75
 737.00 -79.42 -43.08
 738.00 -98.46 -14.07
 739.00 -77.95 -35.72
 740.00 -57.15 -10.52
 741.00 -64.90 -58.90
 742.00 -54.88 -49.77
 743.00 -52.53 -51.90
 744.00 -63.10 -51.01
 745.00 -56.97 -47.22
 746.00 -59.68 -45.41
 747.00 -57.51 -53.33
 748.00 -65.05 -45.48
 749.00 -62.23 -38.73
 750.00 -52.92 -43.62
 751.00 -60.10 -48.22
 752.00 -74.73 -32.27
 753.00 -61.23 -33.54
 754.00 -68.00 -58.93
 755.00 -89.94 -46.35
 756.00 -131.88 -32.71
 757.00  58.83  10.28
 758.00  58.97  45.87
 759.00 -80.37  -4.09
 760.00 -95.21 -36.81
 761.00 -97.97 165.11
 762.00 -86.68 102.18
 763.00 -59.04  71.22
 764.00 -160.84 -38.76
 765.00 -64.70 165.60
 766.00 -109.48 -15.29
 767.00 -141.92  -4.36
 768.00 -90.91  78.97
 769.00 -115.60 141.54
 770.00 -79.74 108.46
 771.00 -57.22 179.56
 772.00 -62.35 -37.03
 773.00 -71.29 -40.83
 774.00 -87.39 -16.90
 775.00 -75.93 -26.78
 776.00 -72.14 -47.13
 777.00 -69.91 -34.96
 778.00  50.32  -1.68
 779.00 -101.94  16.21
 780.00 -55.47  34.49
 781.00 -60.12 -57.99
 782.00 -54.36 -44.13
 783.00 -65.88 -42.37
 784.00 -72.91 -34.99
 785.00 -64.63 -36.10
 786.00 -63.85 -38.30
 787.00 -61.04 -39.95
 788.00 -66.78 -44.93
 789.00 -66.37 -30.06
 790.00 -54.65 -41.54
 791.00 -70.29 -43.69
 792.00 -56.23 -32.76
 793.00 -39.44 -49.22
 794.00 -76.81 -45.38
 795.00 -61.93 -45.17
 796.00 -106.61 -14.44
 797.00  57.29 -17.46
 798.00 -78.78  57.73
 799.00 -67.61 125.16
 800.00 -49.96 145.53
 801.00 -74.30 -29.28
 802.00 -65.69 -44.78
 803.00 -51.72 -44.13
 804.00 -70.27 -47.36
 805.00 -64.92 -41.35
 806.00 -59.93 -43.54
 807.00 -61.05 -43.79
 808.00 -96.66 -20.32
 809.00 -71.37 -14.11
 810.00 -62.62 -32.47
 811.00 -59.06 -35.35
 812.00 -106.43 -30.61
 813.00 -131.88  44.10
 814.00 -149.72   6.50
 815.00 -159.89 139.32
 816.00 -63.61 161.79
 817.00 -62.54 153.96
 818.00 -99.13 -24.23
 819.00  72.54   8.23
 820.00 -66.61 174.19
 821.00 -64.42 172.05
 822.00 -127.65 -29.65
 823.00 -56.44  57.78
 824.00 -40.72 -32.27
 825.00 -77.22 -40.52
 826.00 -80.58 -23.42
 827.00 -56.07 -45.68
 828.00 -77.00 -36.34
 829.00 -58.83 -41.93
 830.00 -62.56 -51.62
 831.00 -64.53 -41.06
 832.00 -62.59 -44.26
 833.00 -68.83 -27.61
 834.00 -62.42 -38.99
 835.00 -60.40 -40.03
 836.00 -68.37 -34.16
 837.00 -63.66 -35.93
 838.00 -68.19 -34.54
 839.00 -90.54 -22.28
 840.00 -76.08 -59.53
 841.00 -64.88  -5.80
 842.00 -64.73 141.54
 843.00 -152.20  94.05
 844.00 -90.42 155.93
 845.00 -68.42  96.19
 846.00 -55.62 -21.49
 847.00 -121.86 -22.98
 848.00 -54.18  73.64
 849.00 -63.56 -24.63
 850.00 -66.80 -28.25
 851.00 -81.47 -24.26
 852.00 -41.29 -49.84
 853.00 -67.39 -49.65
 854.00 -53.48 -47.12
 855.00 -50.84 -50.94
 856.00 -48.72 -58.77
 857.00 -67.59 -45.86
 858.00 -72.07 -35.99
 859.00 -68.48 -31.02
 860.00 -58.01 -48.83
 861.00 -64.04 -38.72
 862.00 -69.03 -34.72
 863.00 -75.66 -41.14
 864.00 -74.64 -19.95
 865.00 -81.67 -22.05
 866.00 -49.70 -30.81
 867.00 -69.82 -43.80
 868.00 -57.73 -38.20
 869.00 -59.66 -45.47
 870.00 -68.47 -46.68
 871.00 -51.28 -42.49
 872.00 -83.23 -34.50
 873.00 -62.74 -28.33
 874.00 -58.32 -43.33
 875.00 -73.58 -32.68
 876.00 -85.43 -43.77
 877.00 -59.02 -31.52
 878.00 -77.12 -39.13
 879.00 -65.28 -39.26
 880.00 -60.37 -43.04
 881.00 -62.00 -31.40
 882.00 -114.58 -31.75
 883.00 -60.35   6.25
 884.00 -72.44 -17.24
 885.00 -53.05 -51.78
 886.00 -76.76 -53.78
 887.00  60.42   1.36
 888.00 -90.19  27.87
 889.00 -71.26 134.74
 890.00 -107.44 121.08
 891.00 -55.90 109.22
 892.00 -70.52 129.32
 893.00 -62.21 -25.69
 894.00 -64.46 -45.64
 895.00 -78.32 -29.04
 896.00 -62.50 -44.25
 897.00 -68.51 -39.10
 898.00 -77.38 -37.74
 899.00 -90.86 -25.97
 900.00 -97.50 -44.05
 901.00 -95.19 -36.37
 902.00 -63.01 -46.24
 903.00 -66.98 -38.76
 904.00 -50.68 -15.68
 905.00 -73.41 -44.50
 906.00 -62.99 -51.62
 907.00 -96.96 -29.08
 908.00  71.72  10.42
 909.00 -66.71   8.30
 910.00 -122.90 -29.67
 911.00 -133.85 135.96
 912.00 -70.50 162.27
 913.00 -88.04 158.67
 914.00 -67.24  92.88
 915.00 -95.38 151.63
 916.00 -130.26 -30.51
 917.00 -117.28 169.50


