 residuo Phi Psi
 669.00 -87.35 133.27
 670.00 -72.17 149.70
 671.00 -55.65 159.68
 672.00 -60.84 -42.39
 673.00 -88.65 -27.93
 674.00 -53.85 -34.37
 675.00 -73.10 -33.52
 676.00 -52.28 -50.30
 677.00 -69.72 -45.27
 678.00 -62.66 -43.19
 679.00 -93.70 -23.79
 680.00 -88.16   4.23
 681.00 -65.90 114.79
 682.00 -89.75 147.79
 683.00 -66.26 -174.78
 684.00 -111.71 146.61
 685.00 -77.34 148.17
 686.00 -83.41 155.09
 687.00  77.95 -16.69
 688.00 -74.99  31.44
 689.00 -91.20 131.95
 690.00 -72.37 101.81
 691.00 -68.64   4.41
 692.00 -79.16 -37.44
 693.00 -73.40 167.63
 694.00 -72.52 161.36
 695.00 -144.22 145.34
 696.00 -44.63 137.94
 697.00 -83.95 -58.23
 698.00 -65.36 -21.84
 699.00 -37.01 -55.69
 700.00 -69.59 -53.98
 701.00 -72.43 -28.84
 702.00 -66.10 -33.73
 703.00 -69.83 -26.97
 704.00 -78.82 -41.46
 705.00 -66.07 -33.25
 706.00 -60.60 -44.33
 707.00 -58.50 -36.35
 708.00 -53.70 -43.94
 709.00 -61.41 -55.01
 710.00 -59.68 -43.20
 711.00 -56.37 -47.42
 712.00 -54.75 -42.00
 713.00 -74.12 -54.56
 714.00 -67.35 -38.04
 715.00 -70.27 -39.15
 716.00 -67.93 -37.84
 717.00 -69.16 -28.16
 718.00 -48.16 -54.67
 719.00 -70.91 -41.57
 720.00 -125.54   1.87
 721.00 -52.27 -34.94
 722.00 -66.39 120.88
 723.00  83.32 146.84
 724.00 -51.40 -18.41
 725.00 -47.01 -27.04
 726.00 -58.26 -33.81
 727.00 -77.03 -33.36
 728.00 -52.43 134.10
 729.00 -64.91 155.64
 730.00 -73.34 -26.42
 731.00 -80.99 -36.97
 732.00 -55.36 -36.71
 733.00 -60.11 -47.20
 734.00 -55.86 -43.31
 735.00 -58.53 -65.86
 736.00 -57.27 -30.94
 737.00 -63.34 -59.96
 738.00 -99.46 -20.13
 739.00 -103.72 -14.19
 740.00 -50.84 -14.53
 741.00 -84.09 -34.58
 742.00 -44.73 -49.98
 743.00 -52.09 -52.75
 744.00 -71.08 -54.78
 745.00 -72.05 -35.26
 746.00 -61.47 -44.44
 747.00 -71.94 -36.54
 748.00 -57.79 -41.51
 749.00 -61.61 -41.80
 750.00 -71.99 -37.32
 751.00 -56.36 -43.22
 752.00 -52.87 -55.76
 753.00 -59.27 -39.75
 754.00 -67.55 -76.87
 755.00 -78.02 -36.38
 756.00 -126.10 -48.02
 757.00  57.05   3.85
 758.00  52.96  44.35
 759.00 -49.26   9.99
 760.00 -130.49 -45.38
 761.00 -101.94 174.78
 762.00 -69.08  93.79
 763.00 -48.22  57.65
 764.00 -147.61 -57.43
 765.00 -52.23 158.58
 766.00 -86.20 -44.70
 767.00 -139.71  -4.46
 768.00 -93.37  80.13
 769.00 -98.33 134.17
 770.00 -83.81 113.40
 771.00 -48.63 175.99
 772.00 -57.80 -39.12
 773.00 -67.42 -54.72
 774.00 -64.34 -27.98
 775.00 -77.38 -40.81
 776.00 -63.04 -50.76
 777.00 -78.13 -39.83
 778.00  57.75   3.32
 779.00 -124.52  38.14
 780.00 -51.99  -0.65
 781.00 -56.51 -45.80
 782.00 -70.14 -43.28
 783.00 -73.85 -39.31
 784.00 -61.85 -39.26
 785.00 -59.39 -39.52
 786.00 -69.66 -38.81
 787.00 -61.03 -28.99
 788.00 -66.64 -47.03
 789.00 -61.20 -34.32
 790.00 -57.46 -47.27
 791.00 -52.24 -45.78
 792.00 -68.32 -26.37
 793.00 -57.35 -36.50
 794.00 -70.16 -42.52
 795.00 -67.28 -40.84
 796.00 -72.33 -41.03
 797.00  54.21 -43.95
 798.00 -64.36  73.32
 799.00 -69.17 118.15
 800.00 -50.82 147.98
 801.00 -70.34 -33.31
 802.00 -74.29 -40.70
 803.00 -72.42 -30.67
 804.00 -66.26 -42.08
 805.00 -70.88 -38.79
 806.00 -79.11 -32.66
 807.00 -58.49 -43.16
 808.00 -73.02 -29.36
 809.00 -59.80 -45.98
 810.00 -65.52 -27.89
 811.00 -62.71 -29.71
 812.00 -105.89 -29.45
 813.00 -135.10  37.45
 814.00 -148.79  11.11
 815.00 -153.22 131.99
 816.00 -57.46 152.41
 817.00 -63.47 145.84
 818.00 -67.90 -43.37
 819.00  93.86 -14.98
 820.00 -90.15 175.85
 821.00 -53.82 152.83
 822.00 -91.51 -42.65
 823.00 -44.19  25.55
 824.00 -73.87 -43.73
 825.00 -79.44 -15.65
 826.00 -62.72 -34.16
 827.00 -58.13 -51.03
 828.00 -64.14 -38.93
 829.00 -70.31 -52.77
 830.00 -69.99 -28.38
 831.00 -46.84 -61.20
 832.00 -72.08 -30.04
 833.00 -63.93 -56.22
 834.00 -76.88  -9.33
 835.00 -77.14 -51.80
 836.00 -82.90 -18.43
 837.00 -67.21 -42.52
 838.00 -52.29 -46.41
 839.00 -88.68 -18.70
 840.00 -117.67 -19.28
 841.00 -79.78  11.09
 842.00 -74.26 151.55
 843.00 -140.45  76.08
 844.00 -68.74 153.07
 845.00 -66.63 101.79
 846.00 -67.27 -19.21
 847.00 -124.49 -20.26
 848.00 -43.34  84.41
 849.00 -62.45 -25.91
 850.00 -53.68 -50.25
 851.00 -67.02 -40.19
 852.00 -70.81 -42.83
 853.00 -60.49 -34.32
 854.00 -69.08 -47.66
 855.00 -68.84 -27.75
 856.00 -57.67 -50.45
 857.00 -61.19 -39.23
 858.00 -78.21 -39.50
 859.00 -61.94 -38.74
 860.00 -65.61 -37.28
 861.00 -65.19 -44.04
 862.00 -47.13 -45.17
 863.00 -64.48 -48.16
 864.00 -72.10 -25.07
 865.00 -60.17 -21.23
 866.00 -76.20 -44.24
 867.00 -76.70 -19.04
 868.00 -83.34 -31.28
 869.00 -60.18 -28.87
 870.00 -61.39 -39.31
 871.00 -62.82 -41.11
 872.00 -63.72 -44.02
 873.00 -54.96 -44.22
 874.00 -61.70 -52.03
 875.00 -68.42 -36.28
 876.00 -67.04 -54.49
 877.00 -70.91 -24.04
 878.00 -74.76 -42.97
 879.00 -57.88 -40.50
 880.00 -61.56 -30.91
 881.00 -60.02 -52.59
 882.00 -114.23 -22.43
 883.00 -52.96   9.06
 884.00 -60.75 -47.98
 885.00 -54.45 -49.58
 886.00 -91.51 -34.87
 887.00  56.52  -6.80
 888.00 -73.37  28.40
 889.00 -91.12 122.09
 890.00 -147.28 160.02
 891.00 -58.65 130.52
 892.00 -60.58 129.64
 893.00 -63.52 -41.34
 894.00 -78.28 -25.74
 895.00 -70.84 -40.55
 896.00 -61.80 -30.01
 897.00 -77.11 -34.17
 898.00 -69.00 -35.59
 899.00 -77.27 -32.06
 900.00 -84.01 -53.37
 901.00 -117.81 -33.03
 902.00 -65.89 -37.92
 903.00 -60.39 -28.86
 904.00 -60.81 -35.14
 905.00 -70.26 -37.62
 906.00 -64.36 -46.74
 907.00 -69.83 -35.02
 908.00  86.05 -17.37
 909.00 -63.00  -5.00
 910.00 -125.99 -25.99
 911.00 -146.48 117.39
 912.00 -70.13 148.33
 913.00 -87.14 159.68
 914.00 -80.19 109.05
 915.00 -81.04 139.24
 916.00 -97.72 -43.48
 917.00 -76.73 168.03


