 residuo Phi Psi
 669.00 -77.98 143.11
 670.00 -49.75 179.25
 671.00 -72.40 139.24
 672.00 -46.53 -18.82
 673.00 -67.11 -45.49
 674.00 -67.51 -25.46
 675.00 -61.17 -52.74
 676.00 -77.11 -33.30
 677.00 -67.07 -43.92
 678.00 -72.14 -17.91
 679.00 -121.50 -13.18
 680.00 -77.54  13.54
 681.00 -83.27 127.99
 682.00 -81.93 122.68
 683.00 -85.12 -162.00
 684.00 -148.48 140.04
 685.00 -72.30 138.83
 686.00 -87.25 153.05
 687.00  65.11  -2.89
 688.00 -61.79  10.37
 689.00 -131.53 152.95
 690.00 -81.98 107.92
 691.00 -69.30   4.56
 692.00 -90.91 -21.29
 693.00 -66.27 156.81
 694.00 -58.40 127.87
 695.00 -156.64 148.25
 696.00 -50.89 159.29
 697.00 -52.85 -60.12
 698.00 -69.92 -45.69
 699.00 -59.81 -41.95
 700.00 -69.23 -55.47
 701.00 -58.34 -33.86
 702.00 -62.91 -53.29
 703.00 -67.61 -32.82
 704.00 -85.81 -28.99
 705.00 -77.20 -23.16
 706.00 -48.36 -46.22
 707.00 -52.86 -43.22
 708.00 -67.21 -49.74
 709.00 -65.66 -41.02
 710.00 -65.59 -42.55
 711.00 -49.56 -46.31
 712.00 -74.25 -41.82
 713.00 -61.94 -45.66
 714.00 -65.86 -30.16
 715.00 -69.07 -46.24
 716.00 -67.32 -31.35
 717.00 -70.44 -34.40
 718.00 -53.59 -52.39
 719.00 -68.29 -43.43
 720.00 -88.14 -28.79
 721.00 -74.88 -13.61
 722.00 -58.92 130.94
 723.00  77.08 131.26
 724.00 -64.93  -4.01
 725.00 -72.84 -15.22
 726.00 -49.57 -34.36
 727.00 -65.50 -38.33
 728.00 -69.07 151.30
 729.00 -55.78 153.65
 730.00 -58.99 -38.73
 731.00 -79.02 -32.32
 732.00 -50.44 -41.37
 733.00 -57.77 -46.82
 734.00 -78.12 -37.89
 735.00 -79.27 -43.65
 736.00 -57.83 -31.40
 737.00 -63.28 -56.68
 738.00 -80.03 -41.46
 739.00 -94.81 -26.63
 740.00 -64.21  -5.67
 741.00 -75.12 -32.55
 742.00 -58.19 -40.02
 743.00 -68.70 -39.26
 744.00 -71.61 -45.30
 745.00 -66.99 -36.91
 746.00 -72.91 -44.89
 747.00 -61.17 -41.63
 748.00 -68.93 -41.70
 749.00 -70.62 -29.77
 750.00 -57.11 -53.82
 751.00 -66.31 -47.86
 752.00 -84.54 -27.65
 753.00 -60.18 -29.57
 754.00 -63.20 -56.91
 755.00 -93.40 -37.46
 756.00 -131.88 -37.75
 757.00  56.08  24.07
 758.00  59.10  30.38
 759.00 -58.74   2.33
 760.00 -148.64 -22.14
 761.00 -102.00 170.10
 762.00 -85.35 109.20
 763.00 -59.96  70.28
 764.00 -162.96 -47.48
 765.00 -59.44 155.66
 766.00 -88.39 -33.43
 767.00 -107.16 -35.45
 768.00 -75.99  54.72
 769.00 -104.53 140.66
 770.00 -69.03  96.61
 771.00 -60.73 174.62
 772.00 -75.88 -30.66
 773.00 -58.48 -53.79
 774.00 -66.08 -18.87
 775.00 -70.39 -42.64
 776.00 -79.56 -39.72
 777.00 -70.94 -36.47
 778.00  34.19  -0.36
 779.00 -138.11  61.10
 780.00 -67.57  25.45
 781.00 -75.97 -34.18
 782.00 -72.04 -30.57
 783.00 -60.99 -51.57
 784.00 -62.98 -42.55
 785.00 -60.57 -42.65
 786.00 -65.68 -39.50
 787.00 -66.27 -34.26
 788.00 -59.14 -49.02
 789.00 -71.93 -37.23
 790.00 -66.30 -32.88
 791.00 -78.78 -31.53
 792.00 -64.83 -21.39
 793.00 -71.30 -26.18
 794.00 -71.99 -41.11
 795.00 -72.29 -28.59
 796.00 -91.69 -40.86
 797.00  51.62  -0.92
 798.00 -64.22  50.22
 799.00 -75.58 122.90
 800.00 -54.11 148.27
 801.00 -64.77 -34.11
 802.00 -58.62 -46.71
 803.00 -54.72 -58.66
 804.00 -63.17 -37.75
 805.00 -76.90 -41.15
 806.00 -64.81 -30.09
 807.00 -70.31 -35.75
 808.00 -72.67 -28.44
 809.00 -58.31 -41.65
 810.00 -60.60 -36.97
 811.00 -73.09 -22.30
 812.00 -102.98 -27.83
 813.00 -144.27  46.97
 814.00 -161.69  13.23
 815.00 -152.03 124.71
 816.00 -65.51 158.64
 817.00 -69.30 151.36
 818.00 -89.82 -11.36
 819.00  64.05  -6.92
 820.00 -81.46 173.66
 821.00 -61.37 170.69
 822.00 -115.73 -32.99
 823.00 -69.34  47.94
 824.00 -57.84 -49.13
 825.00 -93.93  -9.96
 826.00 -50.26 -42.79
 827.00 -61.14 -46.97
 828.00 -85.43 -26.43
 829.00 -69.60 -30.03
 830.00 -64.85 -41.25
 831.00 -60.91 -37.94
 832.00 -69.44 -37.40
 833.00 -60.21 -49.38
 834.00 -61.45 -30.34
 835.00 -69.44 -51.08
 836.00 -74.90 -41.83
 837.00 -90.58  -0.29
 838.00 -63.59 -49.19
 839.00 -47.20 -27.91
 840.00 -115.98 -47.51
 841.00 -86.67  30.38
 842.00 -76.27 137.98
 843.00 -138.73  88.37
 844.00 -79.21 161.72
 845.00 -50.57 108.63
 846.00 -53.69 -35.90
 847.00 -111.16 -14.91
 848.00 -66.72  71.00
 849.00 -76.11 -19.82
 850.00 -76.61 -25.07
 851.00 -57.89 -42.60
 852.00 -63.61 -40.65
 853.00 -39.75 -52.64
 854.00 -53.53 -55.93
 855.00 -68.08 -48.07
 856.00 -62.11 -40.73
 857.00 -62.14 -46.32
 858.00 -58.01 -42.84
 859.00 -56.43 -49.13
 860.00 -52.52 -52.50
 861.00 -50.75 -49.41
 862.00 -68.07 -44.34
 863.00 -63.25 -33.78
 864.00 -63.50 -40.12
 865.00 -81.85 -21.94
 866.00 -73.29 -15.38
 867.00 -68.59 -46.99
 868.00 -62.99 -35.17
 869.00 -58.69 -42.40
 870.00 -69.43 -32.82
 871.00 -52.65 -43.89
 872.00 -69.59 -54.17
 873.00 -55.76 -32.88
 874.00 -71.93 -47.64
 875.00 -63.26 -25.63
 876.00 -69.79 -46.26
 877.00 -60.04 -41.28
 878.00 -68.41 -41.74
 879.00 -81.74 -20.92
 880.00 -60.25 -49.44
 881.00 -53.85 -43.29
 882.00 -120.57 -24.16
 883.00 -45.91   8.83
 884.00 -77.02 -32.76
 885.00 -73.80 -33.80
 886.00 -73.04 -49.69
 887.00  49.79 -10.07
 888.00 -79.64  35.98
 889.00 -99.90 132.09
 890.00 -132.24 147.14
 891.00 -68.45 131.70
 892.00 -54.98 133.55
 893.00 -61.81 -44.89
 894.00 -86.47 -31.86
 895.00 -57.07 -28.82
 896.00 -58.70 -44.33
 897.00 -59.09 -38.35
 898.00 -62.19 -51.30
 899.00 -71.51 -38.56
 900.00 -120.85 -39.42
 901.00 -98.04 -42.35
 902.00 -60.74 -35.27
 903.00 -52.52 -27.85
 904.00 -72.08 -27.86
 905.00 -81.38 -27.30
 906.00 -81.75 -34.53
 907.00 -69.58 -31.28
 908.00  91.18 -22.10
 909.00 -62.62   3.56
 910.00 -108.65 -25.70
 911.00 -132.66 130.75
 912.00 -70.04 147.40
 913.00 -90.65 147.17
 914.00 -65.88  84.03
 915.00 -68.25 127.57
 916.00 -98.77 -31.39
 917.00 -150.07 151.42


