 residuo Phi Psi
 669.00 -65.32 140.45
 670.00 -66.96 158.44
 671.00 -164.18 146.65
 672.00 -57.08  -3.21
 673.00 -61.46 -42.52
 674.00 -68.24 -34.93
 675.00 -70.03 -32.78
 676.00 -53.38 -45.98
 677.00 -84.32 -34.04
 678.00 -57.07 -37.51
 679.00 -83.04 -50.93
 680.00 -54.76 -13.94
 681.00 -70.69 121.23
 682.00 -60.81 165.58
 683.00 -67.00 160.98
 684.00 -89.11 140.44
 685.00 -109.91 144.84
 686.00 -71.85 144.25
 687.00  76.11 -31.45
 688.00 -73.30  42.63
 689.00 -118.59 150.28
 690.00 -69.51 116.26
 691.00 -79.93  -7.68
 692.00 -77.10 -20.23
 693.00 -61.88 139.99
 694.00 -66.50 150.48
 695.00 -140.72 123.46
 696.00 -70.55 158.11
 697.00 -71.40 -29.07
 698.00 -76.30 -31.40
 699.00 -66.76 -42.28
 700.00 -69.39 -46.05
 701.00 -62.35 -41.89
 702.00 -66.53 -37.08
 703.00 -62.37 -43.17
 704.00 -65.87 -31.97
 705.00 -61.37 -45.12
 706.00 -68.99 -37.38
 707.00 -55.43 -38.18
 708.00 -65.18 -46.47
 709.00 -71.48 -40.12
 710.00 -59.45 -37.89
 711.00 -53.16 -46.75
 712.00 -61.14 -39.13
 713.00 -68.84 -41.26
 714.00 -74.90 -36.93
 715.00 -56.56 -37.86
 716.00 -45.27 -57.52
 717.00 -63.70 -45.31
 718.00 -44.55 -55.51
 719.00 -70.48 -38.42
 720.00 -131.40  -0.18
 721.00 -66.10   5.75
 722.00 -65.62 125.01
 723.00  62.65 150.08
 724.00 -75.51  -9.50
 725.00 -60.67 -20.55
 726.00 -68.05 -28.83
 727.00 -113.21  12.82
 728.00 -58.18 132.50
 729.00 -60.30 148.55
 730.00 -81.11 -27.09
 731.00 -52.34 -34.63
 732.00 -64.22 -49.77
 733.00 -71.40 -42.96
 734.00 -76.22 -23.46
 735.00 -64.35 -59.25
 736.00 -67.46 -32.14
 737.00 -88.41 -20.72
 738.00 -73.03 -35.57
 739.00 -61.55 -47.79
 740.00 -64.03 -16.73
 741.00 -47.06 -56.46
 742.00 -74.11 -47.59
 743.00 -63.00 -38.63
 744.00 -77.99 -51.99
 745.00 -69.31 -23.60
 746.00 -57.78 -43.24
 747.00 -61.82 -41.09
 748.00 -61.60 -44.60
 749.00 -67.50 -37.08
 750.00 -64.64 -43.85
 751.00 -59.69 -45.80
 752.00 -73.55 -29.93
 753.00 -54.49 -44.09
 754.00 -69.90 -54.67
 755.00 -83.27 -48.58
 756.00 -133.92 -32.83
 757.00  49.80  19.66
 758.00  64.68  50.98
 759.00 -75.49  -4.39
 760.00 -106.68 -52.01
 761.00 -97.04 161.07
 762.00 -77.15 106.21
 763.00 -57.63  58.82
 764.00 -157.68 -41.61
 765.00 -52.85 165.82
 766.00 -88.05 -42.12
 767.00 -133.00  -9.57
 768.00 -67.79  55.80
 769.00 -89.03 136.32
 770.00 -87.79 107.60
 771.00 -62.84 -179.72
 772.00 -82.70 -23.18
 773.00 -58.29 -47.30
 774.00 -66.69 -35.48
 775.00 -75.12 -27.33
 776.00 -56.36 -47.46
 777.00 -75.43 -30.92
 778.00  57.07  -2.37
 779.00 -141.52  42.39
 780.00 -45.09  26.63
 781.00 -61.49 -52.67
 782.00 -67.81 -45.53
 783.00 -72.04 -29.87
 784.00 -75.05 -31.35
 785.00 -70.02 -37.91
 786.00 -66.06 -41.68
 787.00 -64.54 -30.74
 788.00 -50.93 -47.44
 789.00 -55.91 -46.85
 790.00 -64.36 -48.14
 791.00 -62.00 -34.98
 792.00 -62.81 -20.87
 793.00 -61.13 -41.39
 794.00 -74.02 -33.43
 795.00 -64.07 -32.27
 796.00 -108.83 -25.85
 797.00  56.06  -9.26
 798.00 -78.47  62.43
 799.00 -69.80 127.43
 800.00 -55.77 143.59
 801.00 -63.66 -31.91
 802.00 -71.52 -33.00
 803.00 -71.30 -23.59
 804.00 -50.15 -41.89
 805.00 -77.45 -54.54
 806.00 -72.07 -27.26
 807.00 -63.35 -41.90
 808.00 -76.69 -25.11
 809.00 -52.20 -45.02
 810.00 -66.61 -32.44
 811.00 -78.32 -13.43
 812.00 -91.07 -35.17
 813.00 -128.34  44.83
 814.00 -153.46 -18.47
 815.00 -153.60 140.36
 816.00 -78.39 173.53
 817.00 -60.03 159.19
 818.00 -91.66 -33.33
 819.00  79.01  -7.63
 820.00 -79.35 164.75
 821.00 -54.21 157.68
 822.00 -85.25 -57.71
 823.00 -48.56  46.49
 824.00 -72.67 -37.78
 825.00 -76.99 -27.19
 826.00 -58.72 -37.28
 827.00 -54.45 -49.68
 828.00 -69.10 -38.60
 829.00 -62.96 -52.04
 830.00 -66.52 -39.95
 831.00 -72.39 -39.06
 832.00 -64.09 -32.08
 833.00 -58.58 -48.00
 834.00 -58.99 -40.15
 835.00 -64.88 -53.83
 836.00 -73.63 -29.55
 837.00 -64.24 -40.33
 838.00 -59.51 -49.08
 839.00 -74.50 -11.67
 840.00 -103.86 -44.56
 841.00 -56.30  -3.18
 842.00 -68.27 148.53
 843.00 -142.51  73.30
 844.00 -112.42 178.25
 845.00 -66.57 118.11
 846.00 -59.36 -24.18
 847.00 -139.77 -29.93
 848.00 -61.34  77.94
 849.00 -64.47 -23.09
 850.00 -58.06 -26.66
 851.00 -81.32 -32.59
 852.00 -84.05 -32.12
 853.00 -61.43 -32.51
 854.00 -53.52 -56.87
 855.00 -52.62 -56.88
 856.00 -59.59 -44.16
 857.00 -61.25 -46.74
 858.00 -76.03 -42.43
 859.00 -74.70 -27.23
 860.00 -72.53 -33.59
 861.00 -80.79 -15.31
 862.00 -71.41 -39.16
 863.00 -74.63 -29.68
 864.00 -69.70 -12.02
 865.00 -65.99 -38.42
 866.00 -58.22 -36.84
 867.00 -52.48 -68.55
 868.00 -60.31 -31.45
 869.00 -65.56 -48.28
 870.00 -85.07 -17.99
 871.00 -51.10 -42.61
 872.00 -71.76 -46.76
 873.00 -64.35 -26.96
 874.00 -51.06 -53.04
 875.00 -52.48 -47.00
 876.00 -75.86 -49.20
 877.00 -55.94 -40.11
 878.00 -66.90 -42.56
 879.00 -71.57 -41.52
 880.00 -55.17 -46.48
 881.00 -64.28 -39.58
 882.00 -124.44 -20.68
 883.00 -52.88  25.33
 884.00 -69.71 -37.24
 885.00 -89.20 -25.27
 886.00 -68.61 -44.06
 887.00  69.86 -18.43
 888.00 -82.88  23.23
 889.00 -72.41 130.18
 890.00 -130.49 134.43
 891.00 -54.76 120.87
 892.00 -55.00 133.70
 893.00 -68.62 -26.22
 894.00 -79.91 -32.50
 895.00 -56.83 -38.76
 896.00 -71.85 -32.57
 897.00 -41.65 -60.31
 898.00 -58.56 -59.82
 899.00 -89.27 -38.05
 900.00 -119.53 -23.75
 901.00 -105.74 -38.20
 902.00 -59.34 -31.26
 903.00 -55.80 -47.88
 904.00 -67.74 -30.89
 905.00 -56.91 -38.58
 906.00 -60.95 -60.00
 907.00 -67.82 -45.59
 908.00  79.85   1.27
 909.00 -63.40   2.85
 910.00 -140.09 -10.58
 911.00 -132.36 132.61
 912.00 -64.63 126.78
 913.00 -114.02 154.65
 914.00 -64.16  78.75
 915.00 -86.44 154.44
 916.00 -120.51 -24.76
 917.00 -142.56 149.63


