 residuo Phi Psi
 669.00 -76.98 -156.00
 670.00 -83.57 159.75
 671.00 -105.19 139.26
 672.00 -52.69 -16.33
 673.00 -64.25 -61.09
 674.00 -67.66 -28.97
 675.00 -63.86 -46.42
 676.00 -55.75 -49.52
 677.00 -65.60 -36.07
 678.00 -64.64 -38.66
 679.00 -95.10 -38.49
 680.00 -48.24 -12.11
 681.00 -70.40 114.81
 682.00 -62.99 175.67
 683.00 -54.41 143.44
 684.00 -93.72 132.36
 685.00 -106.14 131.00
 686.00 -73.20 149.58
 687.00 108.34 -37.58
 688.00 -120.45  48.39
 689.00 -130.22 151.71
 690.00 -68.40 100.48
 691.00 -89.17  10.99
 692.00 -88.35 -18.36
 693.00 -59.94 130.29
 694.00 -77.63 148.79
 695.00 -164.59 153.09
 696.00 -50.60 158.43
 697.00 -55.34 -65.16
 698.00 -65.50 -47.08
 699.00 -63.58 -50.26
 700.00 -83.81 -43.02
 701.00 -63.93 -35.31
 702.00 -82.01 -20.81
 703.00 -62.64 -37.47
 704.00 -70.44 -35.82
 705.00 -83.55 -22.68
 706.00 -51.37 -41.32
 707.00 -72.48 -36.68
 708.00 -75.45 -37.97
 709.00 -62.89 -41.92
 710.00 -57.44 -40.76
 711.00 -64.78 -37.40
 712.00 -64.03 -35.88
 713.00 -72.79 -50.74
 714.00 -60.82 -32.10
 715.00 -59.62 -42.13
 716.00 -56.88 -50.25
 717.00 -66.74 -38.76
 718.00 -65.34 -43.50
 719.00 -55.93 -38.17
 720.00 -143.24  -8.58
 721.00 -71.35  15.54
 722.00 -52.77 120.49
 723.00  59.77 153.85
 724.00 -42.42 -25.06
 725.00 -51.11 -49.40
 726.00 -76.10   4.27
 727.00 -74.01 -18.71
 728.00 -79.08 159.64
 729.00 -56.24 153.68
 730.00 -69.29 -30.45
 731.00 -70.80 -51.90
 732.00 -64.34 -28.64
 733.00 -56.02 -52.05
 734.00 -64.48 -33.01
 735.00 -69.12 -65.17
 736.00 -78.45 -12.69
 737.00 -66.92 -51.72
 738.00 -82.01 -19.10
 739.00 -70.16 -50.00
 740.00 -42.36 -10.54
 741.00 -56.21 -71.66
 742.00 -72.59 -45.18
 743.00 -61.11 -35.89
 744.00 -59.23 -49.28
 745.00 -59.76 -49.93
 746.00 -64.25 -43.83
 747.00 -63.49 -48.53
 748.00 -67.25 -35.56
 749.00 -57.62 -35.45
 750.00 -65.82 -43.97
 751.00 -61.54 -49.48
 752.00 -48.26 -47.32
 753.00 -55.34 -51.56
 754.00 -88.55 -54.19
 755.00 -91.23 -36.04
 756.00 -144.52 -27.01
 757.00  66.11  21.26
 758.00  65.51  33.24
 759.00 -69.28  -8.71
 760.00 -130.72 -17.66
 761.00 -105.16 169.14
 762.00 -94.85 105.96
 763.00 -64.09  73.24
 764.00 -148.59 -45.31
 765.00 -53.44 163.76
 766.00 -108.49 -21.75
 767.00 -143.02  -2.17
 768.00 -90.36  81.03
 769.00 -88.51 121.30
 770.00 -83.22 109.49
 771.00 -51.40 169.93
 772.00 -77.62 -34.06
 773.00 -63.77 -35.80
 774.00 -69.09 -31.52
 775.00 -86.69 -27.78
 776.00 -65.87 -46.31
 777.00 -66.00 -40.13
 778.00  55.01 -10.92
 779.00 -147.47  54.31
 780.00 -63.07  27.70
 781.00 -64.30 -45.75
 782.00 -66.12 -39.99
 783.00 -75.80 -40.51
 784.00 -58.58 -39.00
 785.00 -66.49 -46.65
 786.00 -70.34 -28.12
 787.00 -59.67 -33.69
 788.00 -50.72 -52.90
 789.00 -58.54 -43.93
 790.00 -70.80 -34.65
 791.00 -66.28 -42.74
 792.00 -64.35 -21.40
 793.00 -52.66 -40.17
 794.00 -69.97 -47.46
 795.00 -77.68 -34.20
 796.00 -74.66 -41.96
 797.00  51.77 -14.27
 798.00 -69.02  59.13
 799.00 -99.40 146.29
 800.00 -64.39 162.20
 801.00 -66.24 -23.11
 802.00 -65.55 -47.70
 803.00 -62.14 -36.03
 804.00 -70.95 -38.00
 805.00 -61.39 -50.21
 806.00 -48.02 -58.20
 807.00 -61.27 -46.75
 808.00 -74.64 -30.68
 809.00 -81.07 -28.84
 810.00 -67.82 -14.56
 811.00 -85.62 -26.28
 812.00 -130.03  -4.14
 813.00 -138.49  52.80
 814.00 -147.04  -1.44
 815.00 -153.18 133.88
 816.00 -62.12 156.96
 817.00 -65.67 161.71
 818.00 -64.54 -33.44
 819.00  68.30 -12.34
 820.00 -66.27 167.61
 821.00 -61.12 161.54
 822.00 -113.12 -24.56
 823.00 -70.94  46.84
 824.00 -60.24 -25.58
 825.00 -78.18 -44.12
 826.00 -61.71 -31.63
 827.00 -70.87 -29.36
 828.00 -68.68 -36.53
 829.00 -66.50 -30.57
 830.00 -59.25 -57.58
 831.00 -55.54 -39.85
 832.00 -52.15 -55.96
 833.00 -70.09 -47.43
 834.00 -70.04 -17.97
 835.00 -61.50 -51.89
 836.00 -73.20 -32.52
 837.00 -75.22 -34.09
 838.00 -53.52 -45.80
 839.00 -66.19 -24.59
 840.00 -130.24 -25.58
 841.00 -65.17  19.30
 842.00 -62.24 136.53
 843.00 -62.28   9.28
 844.00 -66.64 159.78
 845.00 -70.97 121.03
 846.00 -68.34 -12.88
 847.00 -130.19 -23.10
 848.00 -56.09  66.61
 849.00 -61.53 -33.68
 850.00 -65.44 -31.50
 851.00 -62.67 -38.12
 852.00 -69.87 -47.61
 853.00 -69.67 -34.98
 854.00 -68.30 -38.14
 855.00 -44.97 -44.18
 856.00 -59.63 -47.51
 857.00 -54.66 -55.58
 858.00 -69.21 -37.26
 859.00 -70.82 -42.47
 860.00 -58.16 -35.80
 861.00 -66.06 -45.24
 862.00 -59.86 -33.13
 863.00 -60.63 -43.82
 864.00 -80.74 -22.95
 865.00 -77.70 -17.52
 866.00 -67.53 -26.34
 867.00 -67.92 -42.64
 868.00 -71.37 -28.01
 869.00 -68.65 -43.92
 870.00 -53.99 -30.35
 871.00 -58.16 -50.92
 872.00 -71.31 -44.16
 873.00 -65.99 -34.62
 874.00 -59.58 -45.80
 875.00 -74.18 -38.32
 876.00 -70.22 -47.55
 877.00 -58.76 -31.37
 878.00 -68.53 -42.65
 879.00 -65.62 -39.69
 880.00 -61.60 -41.64
 881.00 -75.46 -32.81
 882.00 -63.17 -46.41
 883.00 -59.89  -5.50
 884.00 -65.71 -40.93
 885.00 -68.31 -33.27
 886.00 -89.85 -46.61
 887.00  60.93  -3.27
 888.00 -98.94  48.00
 889.00 -112.10 137.31
 890.00 -119.30 137.60
 891.00 -61.73 132.37
 892.00 -72.59 141.47
 893.00 -55.93 -33.86
 894.00 -75.95 -34.05
 895.00 -76.55 -33.84
 896.00 -54.81 -24.41
 897.00 -55.33 -49.25
 898.00 -72.88 -50.12
 899.00 -80.47 -33.86
 900.00 -94.34 -43.50
 901.00 -98.36 -43.13
 902.00 -45.31 -48.43
 903.00 -63.83 -44.28
 904.00 -64.37 -24.69
 905.00 -79.87 -28.62
 906.00 -56.37 -54.93
 907.00 -82.36 -36.65
 908.00  85.66  -6.78
 909.00 -51.73  -6.20
 910.00 -124.63 -26.14
 911.00 -144.94 129.49
 912.00 -87.68 143.88
 913.00 -84.71 148.89
 914.00 -102.90 135.88
 915.00 -94.76 150.34
 916.00 -116.18 -28.82
 917.00 -90.76 160.02


