 residuo Phi Psi
 669.00 -63.40 -85.78
 670.00 -45.49 155.90
 671.00 -68.66 145.37
 672.00 -47.90 -28.61
 673.00 -73.37 -51.17
 674.00 -66.31 -38.89
 675.00 -66.71 -33.21
 676.00 -65.49 -45.03
 677.00 -69.59 -35.50
 678.00 -60.12 -38.11
 679.00 -81.36 -45.18
 680.00 -59.60 -10.83
 681.00 -61.40 106.32
 682.00 -59.32 133.01
 683.00 -65.62 153.06
 684.00 -127.32 160.47
 685.00 -68.06 137.63
 686.00 -63.90 152.24
 687.00  81.53 -36.17
 688.00 -90.34  31.98
 689.00 -86.65 131.07
 690.00 -78.07 105.36
 691.00 -67.17  -5.71
 692.00 -94.95 -19.66
 693.00 -74.26 162.91
 694.00 -78.70 145.92
 695.00 -140.27 132.52
 696.00 -50.09 164.00
 697.00 -70.05 -69.65
 698.00 -68.60 -26.99
 699.00 -54.36 -50.25
 700.00 -80.93 -40.51
 701.00 -70.13 -36.98
 702.00 -55.90 -43.10
 703.00 -65.73 -39.73
 704.00 -76.93 -33.61
 705.00 -68.11 -39.55
 706.00 -60.61 -40.71
 707.00 -64.22 -21.02
 708.00 -61.95 -58.36
 709.00 -76.81 -29.22
 710.00 -51.96 -49.61
 711.00 -69.04 -48.63
 712.00 -69.13 -25.05
 713.00 -87.22 -31.49
 714.00 -53.53 -37.52
 715.00 -81.35 -34.98
 716.00 -73.30 -33.63
 717.00 -62.84 -28.51
 718.00 -61.42 -52.95
 719.00 -53.64 -38.50
 720.00 -117.68 -26.73
 721.00 -70.83   2.49
 722.00 -52.75 126.36
 723.00  78.16 134.96
 724.00 -66.73  -4.90
 725.00 -74.25 -29.49
 726.00 -78.73  13.07
 727.00 -112.64  -3.49
 728.00 -49.19 132.95
 729.00 -61.44 145.38
 730.00 -69.30 -29.87
 731.00 -80.23 -33.65
 732.00 -54.40 -32.31
 733.00 -62.25 -55.61
 734.00 -65.47 -32.29
 735.00 -74.17 -49.28
 736.00 -53.01 -27.96
 737.00 -66.80 -62.62
 738.00 -83.38 -27.25
 739.00 -99.54 -29.91
 740.00 -45.94 -22.55
 741.00 -64.68 -38.32
 742.00 -57.36 -53.21
 743.00 -55.11 -51.72
 744.00 -61.04 -46.37
 745.00 -60.87 -55.17
 746.00 -57.93 -43.20
 747.00 -76.03 -43.84
 748.00 -58.62 -37.34
 749.00 -56.30 -31.11
 750.00 -74.16 -47.36
 751.00 -71.19 -39.49
 752.00 -83.42 -22.77
 753.00 -71.11 -32.83
 754.00 -100.64 -39.10
 755.00 -68.07 -50.06
 756.00 -150.08 -31.12
 757.00  44.30   8.44
 758.00  65.25  47.02
 759.00 -70.19  -6.71
 760.00 -136.14 -17.22
 761.00 -97.27 161.01
 762.00 -89.97 113.53
 763.00 -49.64  58.05
 764.00 -152.87 -55.23
 765.00 -66.92 158.04
 766.00 -104.51 -15.31
 767.00 -146.22   2.50
 768.00 -88.98  64.79
 769.00 -98.95 137.19
 770.00 -66.07 104.60
 771.00 -61.34 159.18
 772.00 -65.69 -21.09
 773.00 -56.74 -51.28
 774.00 -66.95 -30.79
 775.00 -80.05 -41.16
 776.00 -69.76 -30.01
 777.00 -79.57 -39.29
 778.00  55.54   7.44
 779.00 -144.41  53.90
 780.00 -54.48  25.84
 781.00 -64.23 -52.93
 782.00 -62.83 -40.20
 783.00 -75.03 -33.58
 784.00 -81.72 -26.42
 785.00 -68.06 -26.90
 786.00 -72.83 -39.08
 787.00 -64.00 -28.18
 788.00 -59.18 -54.61
 789.00 -59.24 -36.30
 790.00 -88.59 -27.33
 791.00 -44.30 -46.09
 792.00 -57.56 -32.02
 793.00 -70.71 -34.07
 794.00 -62.35 -45.75
 795.00 -40.58 -56.29
 796.00 -64.76 -54.21
 797.00  48.65 -31.72
 798.00 -67.91  70.22
 799.00 -86.52 131.93
 800.00 -68.53 163.99
 801.00 -68.65 -29.71
 802.00 -56.72 -47.12
 803.00 -63.62 -48.22
 804.00 -53.74 -46.37
 805.00 -84.67 -39.90
 806.00 -54.33 -37.90
 807.00 -73.65 -46.28
 808.00 -61.12 -29.08
 809.00 -51.74 -55.30
 810.00 -68.55 -28.41
 811.00 -65.41 -25.21
 812.00 -93.06 -39.34
 813.00 -131.47  35.26
 814.00 -150.41  16.40
 815.00 -145.09 121.80
 816.00 -60.94 154.16
 817.00 -51.97 158.06
 818.00 -74.12 -57.91
 819.00  76.85  10.00
 820.00 -66.27 167.73
 821.00 -81.49 169.76
 822.00 -79.16 -43.17
 823.00 -49.85  30.87
 824.00 -59.02 -40.75
 825.00 -65.13 -53.80
 826.00 -73.84 -19.42
 827.00 -62.31 -52.72
 828.00 -75.69 -25.74
 829.00 -65.04 -40.92
 830.00 -45.69 -50.32
 831.00 -79.33 -40.57
 832.00 -75.91 -14.82
 833.00 -69.40 -55.82
 834.00 -53.31 -24.22
 835.00 -70.95 -64.24
 836.00 -74.78 -38.48
 837.00 -68.01 -26.75
 838.00 -57.95 -50.10
 839.00 -99.61 -10.45
 840.00 -107.08 -16.34
 841.00 -65.04  -4.42
 842.00 -81.23 151.06
 843.00 -157.12 111.33
 844.00 -85.70 159.93
 845.00 -61.75  81.05
 846.00 -70.06 -20.70
 847.00 -100.06 -12.08
 848.00 -45.04 109.89
 849.00 -86.03 -35.65
 850.00 -70.52 -14.69
 851.00 -70.90 -54.49
 852.00 -73.12 -31.70
 853.00 -65.66 -32.02
 854.00 -68.41 -38.20
 855.00 -72.94 -38.12
 856.00 -64.03 -37.43
 857.00 -66.75 -38.60
 858.00 -75.66 -31.76
 859.00 -73.39 -42.16
 860.00 -61.92 -22.78
 861.00 -52.90 -50.09
 862.00 -70.72 -48.88
 863.00 -63.42 -35.47
 864.00 -70.55 -30.87
 865.00 -61.31 -25.86
 866.00 -58.59 -38.52
 867.00 -55.94 -62.83
 868.00 -75.70 -28.72
 869.00 -65.66 -39.12
 870.00 -64.54 -32.88
 871.00 -56.32 -42.13
 872.00 -76.25 -36.53
 873.00 -56.90 -32.70
 874.00 -57.05 -54.19
 875.00 -66.46 -40.68
 876.00 -71.84 -52.69
 877.00 -75.04 -17.61
 878.00 -73.92 -54.24
 879.00 -56.72 -28.65
 880.00 -74.79 -37.23
 881.00 -63.56 -26.78
 882.00 -89.08 -39.57
 883.00 -71.07   3.28
 884.00 -80.62 -29.09
 885.00 -63.71 -37.79
 886.00 -115.80 -32.80
 887.00  69.84   3.24
 888.00 -78.13  31.15
 889.00 -87.69 124.42
 890.00 -130.80 147.15
 891.00 -67.73 131.70
 892.00 -67.39 143.20
 893.00 -77.60 -32.53
 894.00 -93.42 -15.74
 895.00 -55.09 -47.18
 896.00 -60.02 -34.03
 897.00 -59.38 -44.65
 898.00 -66.38 -55.15
 899.00 -79.29 -38.37
 900.00 -107.55 -20.34
 901.00 -116.33 -37.15
 902.00 -53.85 -34.54
 903.00 -59.24 -41.30
 904.00 -77.05 -25.75
 905.00 -86.21 -22.64
 906.00 -66.41 -32.27
 907.00 -89.63 -30.50
 908.00  68.98   5.05
 909.00 -62.43  10.19
 910.00 -143.93  -3.29
 911.00 -143.40 141.61
 912.00 -66.19 143.62
 913.00 -102.56 161.38
 914.00 -76.88  94.13
 915.00 -105.01 142.17
 916.00 -102.41 -21.92
 917.00 -78.64 159.97


