 residuo Phi Psi
 669.00 -63.26 119.14
 670.00 -64.53 136.53
 671.00 -52.70 150.98
 672.00 -56.26 -51.28
 673.00 -61.64 -25.97
 674.00 -59.34 -19.32
 675.00 -71.32 -37.82
 676.00 -63.59 -44.09
 677.00 -61.90 -45.90
 678.00 -83.14 -26.80
 679.00 -79.95 -40.05
 680.00 -60.61 -11.78
 681.00 -66.15 117.86
 682.00 -76.89 163.08
 683.00 -60.44 159.20
 684.00 -102.31 137.20
 685.00 -90.99 146.94
 686.00 -87.04 159.50
 687.00  61.98   4.55
 688.00 -85.14  20.98
 689.00 -123.97 156.32
 690.00 -69.59 113.40
 691.00 -68.44  -7.42
 692.00 -82.89 -31.47
 693.00 -82.41 150.98
 694.00 -79.81 143.71
 695.00 -144.34 151.30
 696.00 -64.19 162.15
 697.00 -63.12 -46.12
 698.00 -58.48 -52.35
 699.00 -59.34 -48.08
 700.00 -88.15 -42.46
 701.00 -74.86 -24.90
 702.00 -62.54 -41.16
 703.00 -58.98 -42.91
 704.00 -63.52 -46.45
 705.00 -68.88 -42.49
 706.00 -46.56 -46.34
 707.00 -64.94 -41.71
 708.00 -78.35 -32.48
 709.00 -58.22 -29.32
 710.00 -73.51 -44.92
 711.00 -48.01 -50.12
 712.00 -69.02 -41.64
 713.00 -76.97 -42.42
 714.00 -67.80 -26.41
 715.00 -79.80 -29.94
 716.00 -59.33 -47.11
 717.00 -66.77 -35.12
 718.00 -53.66 -49.46
 719.00 -57.11 -52.81
 720.00 -91.10 -20.81
 721.00 -64.18 -21.57
 722.00 -63.41 119.81
 723.00  84.68 144.54
 724.00 -52.10 -35.08
 725.00 -76.81 -26.85
 726.00 -69.25 -12.80
 727.00 -112.60   7.18
 728.00 -66.69 147.77
 729.00 -57.16 148.61
 730.00 -68.16 -26.49
 731.00 -91.52 -26.80
 732.00 -63.66 -32.08
 733.00 -63.21 -42.52
 734.00 -64.79 -35.73
 735.00 -57.02 -65.38
 736.00 -66.16 -39.18
 737.00 -64.96 -51.24
 738.00 -81.64 -17.56
 739.00 -95.04 -42.92
 740.00 -52.85 -21.65
 741.00 -54.31 -45.15
 742.00 -73.51 -42.40
 743.00 -68.71 -31.83
 744.00 -63.11 -36.96
 745.00 -66.18 -53.52
 746.00 -63.22 -34.03
 747.00 -61.29 -57.10
 748.00 -48.53 -44.89
 749.00 -48.43 -53.04
 750.00 -61.15 -51.00
 751.00 -69.11 -32.19
 752.00 -60.02 -46.65
 753.00 -55.64 -47.01
 754.00 -74.43 -60.39
 755.00 -80.13 -54.70
 756.00 -153.76  -6.15
 757.00  48.46  25.88
 758.00  69.03  40.15
 759.00 -88.35  13.15
 760.00 -151.21 -25.24
 761.00 -91.23 152.46
 762.00 -78.78 100.27
 763.00 -51.54  53.76
 764.00 -135.30 -49.23
 765.00 -63.03 169.04
 766.00 -79.04 -32.98
 767.00 -87.85 -56.98
 768.00 -73.26  72.16
 769.00 -78.37 125.60
 770.00 -78.50 100.39
 771.00 -56.53 164.57
 772.00 -57.30 -50.88
 773.00 -48.84 -43.52
 774.00 -61.55 -37.32
 775.00 -71.40 -41.69
 776.00 -72.19 -44.75
 777.00 -74.12 -38.99
 778.00  60.23  -8.98
 779.00 -88.62  26.40
 780.00 -48.92  11.33
 781.00 -69.16 -44.85
 782.00 -80.24 -33.03
 783.00 -57.04 -36.35
 784.00 -71.64 -37.76
 785.00 -58.36 -44.08
 786.00 -76.53 -41.14
 787.00 -71.42 -21.02
 788.00 -73.93 -43.03
 789.00 -92.39 -10.71
 790.00 -58.68 -33.13
 791.00 -67.18 -44.91
 792.00 -69.59 -23.59
 793.00 -72.44 -27.71
 794.00 -73.52 -39.65
 795.00 -70.25 -26.74
 796.00 -119.55 -27.46
 797.00  54.51  -7.67
 798.00 -66.83  53.94
 799.00 -97.22 142.11
 800.00 -63.92 163.88
 801.00 -80.07 -19.14
 802.00 -68.33 -35.62
 803.00 -58.16 -42.80
 804.00 -51.86 -53.14
 805.00 -84.54 -45.19
 806.00 -71.70 -25.91
 807.00 -68.52 -35.15
 808.00 -56.48 -41.11
 809.00 -88.76 -35.11
 810.00 -64.96 -23.42
 811.00 -68.43 -20.27
 812.00 -102.76 -23.26
 813.00 -136.59  39.43
 814.00 -156.31  17.13
 815.00 -142.13 125.61
 816.00 -57.91 150.92
 817.00 -57.74 151.69
 818.00 -61.89 -35.75
 819.00  56.36 -16.62
 820.00 -114.90 -161.69
 821.00 -67.21 158.97
 822.00 -106.01 -34.23
 823.00 -47.68  37.93
 824.00 -59.51 -43.98
 825.00 -80.14 -30.98
 826.00 -63.53 -37.60
 827.00 -67.12 -40.59
 828.00 -66.39 -34.41
 829.00 -62.83 -46.02
 830.00 -55.56 -43.56
 831.00 -71.50 -46.73
 832.00 -53.05 -33.81
 833.00 -73.05 -53.08
 834.00 -56.14 -31.82
 835.00 -72.46 -36.24
 836.00 -61.90 -39.62
 837.00 -59.96 -42.09
 838.00 -57.17 -53.75
 839.00 -61.14 -34.70
 840.00 -109.06 -33.22
 841.00 -60.10  -3.52
 842.00 -107.46 150.79
 843.00 -108.50  74.13
 844.00 -63.57 160.70
 845.00 -43.74 108.99
 846.00 -99.36 -40.36
 847.00 -129.41  18.83
 848.00 -51.85  84.70
 849.00 -76.03 -24.64
 850.00 -66.19 -21.32
 851.00 -77.86 -31.97
 852.00 -58.90 -52.60
 853.00 -62.83 -41.32
 854.00 -59.92 -46.27
 855.00 -59.59 -52.37
 856.00 -64.51 -39.32
 857.00 -64.26 -42.98
 858.00 -73.42 -31.84
 859.00 -71.40 -46.33
 860.00 -63.15 -18.79
 861.00 -55.10 -54.82
 862.00 -41.38 -52.21
 863.00 -73.01 -48.42
 864.00 -77.53 -14.08
 865.00 -82.92 -12.20
 866.00 -60.87 -35.43
 867.00 -58.05 -39.50
 868.00 -61.50 -56.06
 869.00 -58.88 -37.52
 870.00 -83.58 -32.39
 871.00 -59.36 -34.93
 872.00 -55.66 -48.48
 873.00 -54.15 -53.68
 874.00 -63.39 -41.86
 875.00 -57.00 -46.47
 876.00 -86.46 -32.75
 877.00 -60.11 -39.63
 878.00 -68.88 -39.94
 879.00 -87.46 -16.77
 880.00 -49.94 -59.18
 881.00 -71.10 -32.37
 882.00 -102.07 -28.35
 883.00 -53.61  13.14
 884.00 -68.32 -45.85
 885.00 -68.87 -33.10
 886.00 -105.26 -32.09
 887.00  58.77  10.24
 888.00 -83.99  19.34
 889.00 -110.67 137.39
 890.00 -119.89 133.33
 891.00 -66.14 144.38
 892.00 -66.54 142.61
 893.00 -49.47 -41.86
 894.00 -67.46 -56.38
 895.00 -66.30 -39.06
 896.00 -68.35 -25.63
 897.00 -60.10 -39.70
 898.00 -67.72 -42.77
 899.00 -65.07 -36.29
 900.00 -109.85 -46.31
 901.00 -91.20 -45.66
 902.00 -61.80 -41.31
 903.00 -54.71 -46.75
 904.00 -63.19 -28.74
 905.00 -72.14 -32.41
 906.00 -68.76 -55.08
 907.00 -63.23 -29.61
 908.00  85.81 -26.28
 909.00 -53.98  -1.84
 910.00 -116.78 -37.72
 911.00 -134.12 138.88
 912.00 -67.11 158.29
 913.00 -88.66 157.46
 914.00 -104.47 124.82
 915.00 -92.95 141.79
 916.00 -106.41 -37.04
 917.00 -59.95 158.53


