 residuo Phi Psi
 669.00 -83.94 -55.03
 670.00 -56.25 146.93
 671.00 -54.05 146.60
 672.00 -35.07 -36.78
 673.00 -78.27 -40.42
 674.00 -72.13 -23.80
 675.00 -68.15 -26.64
 676.00 -58.04 -49.57
 677.00 -68.56 -37.35
 678.00 -62.22 -29.04
 679.00 -85.25 -48.77
 680.00 -53.99 -17.46
 681.00 -63.61 112.24
 682.00 -70.18 145.95
 683.00 -47.87 153.67
 684.00 -128.83 153.77
 685.00 -85.47 148.82
 686.00 -75.62 154.45
 687.00  83.44 -15.37
 688.00 -72.12  11.97
 689.00 -86.86 120.25
 690.00 -55.73  74.72
 691.00 -70.20  -5.83
 692.00 -102.37 -18.61
 693.00 -65.99 158.45
 694.00 -44.67 146.02
 695.00 -136.13 138.25
 696.00 -52.36 134.35
 697.00 -79.16 -47.44
 698.00 -67.61 -23.24
 699.00 -58.32 -49.43
 700.00 -59.74 -43.92
 701.00 -54.71 -51.64
 702.00 -61.15 -49.26
 703.00 -76.83 -27.61
 704.00 -73.74 -33.20
 705.00 -57.77 -39.19
 706.00 -69.55 -45.16
 707.00 -55.62 -32.70
 708.00 -59.72 -54.92
 709.00 -50.14 -47.92
 710.00 -58.66 -54.43
 711.00 -40.52 -48.13
 712.00 -46.96 -53.80
 713.00 -57.16 -59.88
 714.00 -67.04 -45.18
 715.00 -63.21 -37.54
 716.00 -57.77 -48.89
 717.00 -59.04 -40.60
 718.00 -63.79 -45.54
 719.00 -62.81 -37.06
 720.00 -139.51   0.97
 721.00 -33.26 -31.93
 722.00 -48.66 115.83
 723.00  71.32 135.41
 724.00 -73.77 -10.77
 725.00 -72.44 -17.13
 726.00 -61.76 -27.77
 727.00 -74.15 -26.79
 728.00 -81.55 168.59
 729.00 -64.45 161.11
 730.00 -61.88 -44.40
 731.00 -75.07 -38.36
 732.00 -70.03 -30.24
 733.00 -57.81 -40.14
 734.00 -65.04 -42.32
 735.00 -66.10 -56.95
 736.00 -55.96 -30.15
 737.00 -59.58 -57.48
 738.00 -87.66 -27.65
 739.00 -99.41 -28.91
 740.00 -65.66  -3.90
 741.00 -80.55 -25.35
 742.00 -56.17 -48.52
 743.00 -68.74 -44.73
 744.00 -60.27 -40.67
 745.00 -62.92 -42.59
 746.00 -77.55 -38.97
 747.00 -55.13 -39.41
 748.00 -60.35 -48.30
 749.00 -51.89 -43.40
 750.00 -60.80 -48.46
 751.00 -63.70 -45.71
 752.00 -69.51 -37.12
 753.00 -60.56 -44.23
 754.00 -95.09 -35.81
 755.00 -104.07 -15.21
 756.00 -150.14 -36.21
 757.00  54.12  21.69
 758.00  68.95  31.47
 759.00 -64.33  -9.46
 760.00 -118.07 -32.08
 761.00 -98.01 151.99
 762.00 -88.19 114.42
 763.00 -46.28  63.47
 764.00 -145.02 -59.01
 765.00 -71.90 165.84
 766.00 -72.77 -35.43
 767.00 -92.58 -50.71
 768.00 -68.98  58.45
 769.00 -108.66 142.04
 770.00 -118.09 132.72
 771.00 -59.82 -179.98
 772.00 -66.80 -32.43
 773.00 -76.22 -37.73
 774.00 -54.65 -35.98
 775.00 -89.06 -30.91
 776.00 -53.17 -49.74
 777.00 -87.00 -31.39
 778.00  65.48  -8.71
 779.00 -145.16  52.66
 780.00 -66.31  33.51
 781.00 -65.92 -59.62
 782.00 -52.03 -33.42
 783.00 -79.84 -47.80
 784.00 -60.04 -27.04
 785.00 -70.92 -37.87
 786.00 -70.87 -39.22
 787.00 -61.69 -29.25
 788.00 -60.59 -52.08
 789.00 -68.46 -31.86
 790.00 -60.14 -45.40
 791.00 -71.68 -37.13
 792.00 -67.17 -19.53
 793.00 -65.12 -20.18
 794.00 -82.18 -39.67
 795.00 -50.02 -34.80
 796.00 -74.90 -45.89
 797.00  50.49 -29.71
 798.00 -64.16  49.74
 799.00 -91.72 139.99
 800.00 -54.19 154.20
 801.00 -70.81 -31.90
 802.00 -65.88 -42.38
 803.00 -56.96 -44.59
 804.00 -76.80 -47.31
 805.00 -59.65 -34.92
 806.00 -66.10 -52.36
 807.00 -75.00 -29.46
 808.00 -61.18 -40.58
 809.00 -56.08 -45.31
 810.00 -43.24 -45.41
 811.00 -74.20 -33.93
 812.00 -100.46 -30.73
 813.00 -150.02  57.27
 814.00 -151.12   7.43
 815.00 -132.33 128.38
 816.00 -83.94 165.82
 817.00 -71.88 155.05
 818.00 -95.27 -18.05
 819.00  75.97   5.02
 820.00 -53.07 156.61
 821.00 -75.30 158.43
 822.00 -106.61 -23.98
 823.00 -52.41  39.74
 824.00 -68.13 -35.29
 825.00 -76.02 -37.03
 826.00 -55.36 -41.90
 827.00 -55.30 -49.98
 828.00 -57.31 -52.54
 829.00 -77.72 -35.24
 830.00 -69.42 -30.73
 831.00 -57.47 -45.19
 832.00 -58.71 -44.35
 833.00 -64.02 -47.85
 834.00 -76.47 -17.44
 835.00 -73.32 -44.45
 836.00 -67.94 -34.61
 837.00 -67.86 -33.15
 838.00 -58.78 -44.50
 839.00 -80.01 -20.59
 840.00 -136.66  -9.47
 841.00 -67.34   0.19
 842.00 -82.37 157.43
 843.00 -163.18  98.33
 844.00 -78.10 137.66
 845.00 -58.19  82.61
 846.00 -72.66 -16.18
 847.00 -81.45 -15.60
 848.00 -67.62 132.67
 849.00 -139.90  11.31
 850.00 -45.89 -31.18
 851.00 -76.80 -52.49
 852.00 -71.59 -30.52
 853.00 -66.65 -34.64
 854.00 -61.49 -45.33
 855.00 -63.85 -53.96
 856.00 -50.32 -49.24
 857.00 -70.08 -37.30
 858.00 -65.35 -42.53
 859.00 -70.12 -31.50
 860.00 -54.09 -38.29
 861.00 -79.28 -33.39
 862.00 -72.00 -31.41
 863.00 -63.27 -33.86
 864.00 -58.53 -29.89
 865.00 -75.77 -29.19
 866.00 -59.60 -38.23
 867.00 -56.98 -41.13
 868.00 -79.02 -33.83
 869.00 -62.32 -38.17
 870.00 -73.55 -39.92
 871.00 -69.28 -29.95
 872.00 -68.45 -55.97
 873.00 -51.08 -33.78
 874.00 -65.65 -45.43
 875.00 -60.49 -46.29
 876.00 -75.35 -41.42
 877.00 -71.09 -29.96
 878.00 -60.08 -51.66
 879.00 -61.43 -46.58
 880.00 -57.07 -39.29
 881.00 -83.21 -28.68
 882.00 -89.35 -30.00
 883.00 -50.46   0.69
 884.00 -65.54 -41.92
 885.00 -76.27 -36.30
 886.00 -91.09 -29.62
 887.00  52.77  -4.15
 888.00 -83.43  31.27
 889.00 -100.70 144.38
 890.00 -135.74 154.05
 891.00 -58.81 139.35
 892.00 -59.07 131.05
 893.00 -67.98 -34.91
 894.00 -62.93 -47.16
 895.00 -55.81 -41.31
 896.00 -65.87 -34.16
 897.00 -55.02 -44.20
 898.00 -58.36 -50.98
 899.00 -57.03 -46.12
 900.00 -115.52 -39.54
 901.00 -85.88 -46.47
 902.00 -59.72 -33.81
 903.00 -59.07 -31.26
 904.00 -58.87 -33.49
 905.00 -78.27 -38.32
 906.00 -59.96 -52.30
 907.00 -83.76 -33.93
 908.00  60.29  -0.38
 909.00 -85.52  22.29
 910.00 -106.86 -11.63
 911.00 -151.44 147.39
 912.00 -63.42 138.32
 913.00 -94.56 152.22
 914.00 -110.11 134.26
 915.00 -70.93 130.76
 916.00 -146.72 -16.62
 917.00 -69.02  86.36


