 residuo Phi Psi
 669.00 -74.02 126.17
 670.00 -64.25 122.92
 671.00 -143.69 122.52
 672.00 -35.77 -40.56
 673.00 -72.34 -49.41
 674.00 -57.79 -46.05
 675.00 -75.87 -32.94
 676.00 -56.43 -42.60
 677.00 -71.45 -32.98
 678.00 -61.69 -46.23
 679.00 -97.60 -25.30
 680.00 -76.79  -1.61
 681.00 -69.81 122.37
 682.00 -80.66 146.92
 683.00 -61.75 -175.11
 684.00 -113.93 137.18
 685.00 -111.80 136.44
 686.00 -94.01 162.30
 687.00  72.83 -25.53
 688.00 -90.97  40.61
 689.00 -107.01 139.76
 690.00 -75.46 112.37
 691.00 -95.24   5.60
 692.00 -95.13  -0.61
 693.00 -81.11 149.04
 694.00 -66.71 144.05
 695.00 -153.37 122.82
 696.00 -36.01 136.71
 697.00 -68.12 -64.41
 698.00 -58.72 -41.72
 699.00 -61.10 -52.41
 700.00 -67.92 -39.61
 701.00 -61.18 -41.88
 702.00 -56.81 -46.26
 703.00 -77.65 -33.01
 704.00 -50.45 -48.21
 705.00 -74.49 -37.80
 706.00 -44.33 -42.92
 707.00 -58.61 -46.23
 708.00 -69.35 -35.90
 709.00 -61.61 -49.97
 710.00 -77.42 -31.78
 711.00 -62.25 -42.76
 712.00 -60.89 -31.41
 713.00 -73.92 -45.62
 714.00 -58.80 -31.04
 715.00 -66.10 -48.41
 716.00 -57.52 -42.60
 717.00 -81.62 -36.05
 718.00 -49.83 -44.92
 719.00 -58.57 -40.71
 720.00 -127.63 -10.78
 721.00 -69.36   2.04
 722.00 -66.95 139.65
 723.00  85.14 134.09
 724.00 -65.71 -14.22
 725.00 -61.80 -30.84
 726.00 -75.52 -16.30
 727.00 -95.64  -8.74
 728.00 -60.63 150.11
 729.00 -56.91 137.79
 730.00 -65.19 -30.25
 731.00 -87.19 -27.64
 732.00 -54.72 -34.58
 733.00 -67.80 -47.08
 734.00 -67.93 -29.61
 735.00 -59.39 -62.00
 736.00 -68.77 -28.26
 737.00 -65.75 -51.44
 738.00 -57.03 -41.06
 739.00 -88.89 -42.50
 740.00 -51.75  -8.04
 741.00 -74.61 -39.95
 742.00 -64.71 -52.86
 743.00 -66.35 -32.05
 744.00 -77.71 -56.59
 745.00 -62.02 -27.51
 746.00 -67.23 -41.09
 747.00 -63.88 -35.39
 748.00 -72.00 -34.88
 749.00 -56.24 -38.48
 750.00 -64.17 -47.18
 751.00 -66.16 -50.77
 752.00 -83.41 -34.57
 753.00 -61.31 -28.45
 754.00 -93.66 -40.93
 755.00 -132.99   4.41
 756.00 -142.87 -26.09
 757.00  46.69  25.63
 758.00  58.42  53.15
 759.00 -69.35  -1.85
 760.00 -150.62 -18.91
 761.00 -90.48 156.90
 762.00 -84.68 100.11
 763.00 -51.92  66.22
 764.00 -139.92 -57.84
 765.00 -50.23 152.66
 766.00 -82.70 -44.34
 767.00 -153.50  -7.46
 768.00 -116.73 100.77
 769.00 -93.46 134.21
 770.00 -72.34 107.41
 771.00 -39.01 163.46
 772.00 -68.37 -50.69
 773.00 -66.24 -31.07
 774.00 -53.63 -41.80
 775.00 -68.72 -37.90
 776.00 -65.38 -53.01
 777.00 -91.89 -20.88
 778.00  52.91   1.62
 779.00 -130.05  30.09
 780.00 -70.34  43.20
 781.00 -61.49 -39.53
 782.00 -59.66 -48.06
 783.00 -66.22 -35.62
 784.00 -79.05 -39.67
 785.00 -61.79 -32.62
 786.00 -69.27 -43.72
 787.00 -60.97 -32.34
 788.00 -54.27 -45.56
 789.00 -52.48 -47.81
 790.00 -65.70 -42.75
 791.00 -61.87 -45.46
 792.00 -55.44 -33.20
 793.00 -57.61 -40.88
 794.00 -69.01 -39.49
 795.00 -50.44 -46.43
 796.00 -74.80 -54.91
 797.00  51.99 -15.45
 798.00 -73.90  57.83
 799.00 -82.61 139.22
 800.00 -55.03 156.18
 801.00 -73.96 -27.80
 802.00 -68.24 -42.55
 803.00 -46.46 -43.74
 804.00 -70.75 -53.53
 805.00 -73.70 -33.65
 806.00 -60.43 -41.51
 807.00 -67.10 -38.33
 808.00 -75.00 -23.60
 809.00 -83.72 -44.16
 810.00 -58.54 -21.15
 811.00 -89.39 -15.57
 812.00 -102.38 -19.31
 813.00 -119.75  32.11
 814.00 -155.36   4.09
 815.00 -151.88 128.50
 816.00 -66.94 169.00
 817.00 -67.41 157.76
 818.00 -85.45 -28.40
 819.00  78.45 -15.02
 820.00 -91.11 171.13
 821.00 -64.61 177.30
 822.00 -126.48 -17.47
 823.00 -57.11  24.78
 824.00 -62.81 -26.69
 825.00 -80.44 -41.02
 826.00 -67.33 -29.83
 827.00 -74.00 -45.69
 828.00 -62.57 -33.26
 829.00 -69.27 -43.93
 830.00 -62.20 -32.65
 831.00 -47.70 -55.20
 832.00 -69.92 -47.16
 833.00 -75.17 -31.32
 834.00 -59.25 -32.13
 835.00 -54.67 -49.86
 836.00 -69.91 -47.49
 837.00 -74.89 -24.42
 838.00 -55.06 -42.83
 839.00 -68.44 -29.10
 840.00 -111.76 -32.88
 841.00 -58.45  -2.32
 842.00 -87.36 138.66
 843.00 -163.47 116.97
 844.00 -78.13 177.27
 845.00 -52.84  96.89
 846.00 -74.96 -24.97
 847.00 -120.86 -24.40
 848.00 -43.00 104.48
 849.00 -52.26 -48.70
 850.00 -59.65 -42.58
 851.00 -73.79 -32.30
 852.00 -61.48 -34.31
 853.00 -59.81 -46.54
 854.00 -57.14 -42.84
 855.00 -57.35 -48.15
 856.00 -68.44 -50.62
 857.00 -85.30 -26.21
 858.00 -86.77 -23.94
 859.00 -66.14 -30.42
 860.00 -49.61 -47.51
 861.00 -81.33 -34.56
 862.00 -51.99 -45.18
 863.00 -86.04 -34.11
 864.00 -69.10 -15.40
 865.00 -67.99 -28.25
 866.00 -73.66 -42.08
 867.00 -48.73 -34.66
 868.00 -63.61 -57.34
 869.00 -55.69 -38.06
 870.00 -69.68 -40.13
 871.00 -72.65 -39.76
 872.00 -76.25 -30.78
 873.00 -47.15 -53.33
 874.00 -58.93 -53.18
 875.00 -72.64 -35.90
 876.00 -75.39 -39.43
 877.00 -70.22 -28.17
 878.00 -70.56 -37.12
 879.00 -73.86 -20.50
 880.00 -36.39 -54.91
 881.00 -64.59 -53.69
 882.00 -138.68 -12.97
 883.00 -56.56  -1.35
 884.00 -66.61 -31.63
 885.00 -79.88 -33.77
 886.00 -87.85 -40.07
 887.00  62.97   9.65
 888.00 -80.68  22.94
 889.00 -82.58 125.70
 890.00 -132.60 144.83
 891.00 -72.32 138.40
 892.00 -54.88 142.48
 893.00 -83.56 -30.77
 894.00 -56.50 -42.17
 895.00 -70.42 -41.75
 896.00 -59.44 -28.43
 897.00 -61.39 -53.10
 898.00 -78.07 -42.09
 899.00 -87.89 -27.37
 900.00 -106.33 -37.42
 901.00 -88.83 -56.11
 902.00 -62.20 -33.14
 903.00 -58.50 -42.03
 904.00 -72.97 -29.74
 905.00 -66.55 -41.31
 906.00 -68.40 -47.42
 907.00 -78.51 -31.10
 908.00  77.89 -11.16
 909.00 -65.94  13.98
 910.00 -122.42 -26.13
 911.00 -136.00 144.69
 912.00 -68.84 140.31
 913.00 -96.44 155.42
 914.00 -144.78 155.26
 915.00 -103.72 150.97
 916.00 -115.21 -28.19
 917.00 -89.80 169.50


