 residuo Phi Psi
 669.00 -114.00 148.47
 670.00 -49.52 151.77
 671.00 -67.83 144.43
 672.00 -52.25 -35.36
 673.00 -66.11 -40.17
 674.00 -73.26 -39.51
 675.00 -61.02 -40.78
 676.00 -64.92 -43.80
 677.00 -42.99 -42.09
 678.00 -63.45 -58.20
 679.00 -74.73 -40.90
 680.00 -74.28  -3.11
 681.00 -71.10 111.90
 682.00 -80.14 159.16
 683.00 -66.00 -178.18
 684.00 -121.88 137.02
 685.00 -81.99 120.58
 686.00 -93.74 156.88
 687.00  72.67  -7.97
 688.00 -75.95  14.64
 689.00 -102.63 140.32
 690.00 -74.12 105.55
 691.00 -66.67 -13.00
 692.00 -132.74  13.62
 693.00 -57.34 148.17
 694.00 -85.29 156.32
 695.00 -155.98 145.10
 696.00 -55.75 150.95
 697.00 -54.57 -66.24
 698.00 -59.78 -43.97
 699.00 -64.73 -52.88
 700.00 -66.67 -47.87
 701.00 -69.75 -30.63
 702.00 -89.51 -29.66
 703.00 -62.16 -23.63
 704.00 -59.06 -48.87
 705.00 -56.02 -48.81
 706.00 -55.24 -47.50
 707.00 -60.25 -31.99
 708.00 -58.61 -47.07
 709.00 -66.23 -53.77
 710.00 -75.48 -23.61
 711.00 -50.53 -48.92
 712.00 -58.92 -38.88
 713.00 -61.28 -50.67
 714.00 -62.29 -42.18
 715.00 -68.62 -39.03
 716.00 -62.48 -37.85
 717.00 -58.97 -46.06
 718.00 -75.18 -43.32
 719.00 -67.89 -20.14
 720.00 -110.53 -27.89
 721.00 -41.87 -15.30
 722.00 -61.47 116.65
 723.00  86.56 132.53
 724.00 -55.81 -17.15
 725.00 -69.74 -26.35
 726.00 -68.52  -3.70
 727.00 -75.22 -27.55
 728.00 -75.92 152.42
 729.00 -65.40 153.09
 730.00 -55.43 -29.84
 731.00 -70.72 -42.30
 732.00 -64.24 -38.04
 733.00 -50.08 -55.06
 734.00 -69.12 -35.89
 735.00 -62.70 -61.23
 736.00 -66.63 -27.37
 737.00 -71.25 -47.24
 738.00 -78.14 -33.87
 739.00 -120.48  -8.52
 740.00 -62.31  -7.29
 741.00 -68.03 -42.93
 742.00 -63.62 -37.57
 743.00 -68.82 -36.02
 744.00 -58.83 -44.84
 745.00 -65.93 -50.65
 746.00 -62.99 -37.39
 747.00 -74.34 -45.77
 748.00 -67.90 -34.56
 749.00 -74.73 -31.43
 750.00 -56.42 -41.77
 751.00 -61.47 -44.01
 752.00 -62.36 -40.87
 753.00 -65.93 -36.84
 754.00 -70.56 -49.43
 755.00 -84.30 -39.47
 756.00 -139.99 -39.82
 757.00  45.59  27.00
 758.00  69.32  32.75
 759.00 -72.32  12.41
 760.00 -109.49 -43.48
 761.00 -91.37 161.15
 762.00 -91.48 115.41
 763.00 -62.95  73.67
 764.00 -151.55 -44.33
 765.00 -53.29 159.02
 766.00 -98.04 -31.50
 767.00 -137.88   4.11
 768.00 -87.56  60.14
 769.00 -87.57 114.66
 770.00 -75.32  95.55
 771.00 -66.67 178.39
 772.00 -57.72 -39.74
 773.00 -78.09 -33.93
 774.00 -54.27 -40.37
 775.00 -73.92 -36.15
 776.00 -78.59 -41.36
 777.00 -71.55 -37.17
 778.00  58.06  -8.58
 779.00 -129.91  51.21
 780.00 -42.67  10.57
 781.00 -76.39 -35.96
 782.00 -72.58 -44.80
 783.00 -61.68 -28.99
 784.00 -59.32 -44.29
 785.00 -63.15 -46.51
 786.00 -61.72 -41.79
 787.00 -66.29 -35.75
 788.00 -64.24 -41.15
 789.00 -55.72 -45.52
 790.00 -55.79 -52.49
 791.00 -60.59 -49.11
 792.00 -70.16 -17.76
 793.00 -67.28 -39.55
 794.00 -78.83 -32.19
 795.00 -86.96 -19.65
 796.00 -74.80 -44.36
 797.00  38.74  -3.69
 798.00 -75.23  77.16
 799.00 -85.61 133.48
 800.00 -54.22 150.65
 801.00 -66.17 -32.48
 802.00 -56.25 -42.16
 803.00 -66.28 -46.33
 804.00 -58.57 -49.21
 805.00 -57.88 -40.62
 806.00 -59.49 -51.71
 807.00 -63.86 -35.36
 808.00 -71.74 -44.80
 809.00 -85.44 -23.53
 810.00 -59.70 -21.86
 811.00 -52.98 -45.15
 812.00 -127.23  -5.76
 813.00 -121.46  18.46
 814.00 -151.31   9.53
 815.00 -154.00 132.95
 816.00 -67.52 171.65
 817.00 -78.95 173.45
 818.00 -71.68 -46.19
 819.00  87.14  -2.62
 820.00 -80.92 -179.34
 821.00 -71.55 168.05
 822.00 -82.63 -42.24
 823.00 -60.92  41.47
 824.00 -69.49 -15.89
 825.00 -78.34 -50.08
 826.00 -52.28 -28.62
 827.00 -56.47 -52.00
 828.00 -70.75 -41.96
 829.00 -64.42 -37.34
 830.00 -60.09 -48.73
 831.00 -72.93 -32.96
 832.00 -68.74 -37.25
 833.00 -70.35 -44.78
 834.00 -82.36 -17.91
 835.00 -58.73 -42.69
 836.00 -55.57 -36.97
 837.00 -51.61 -56.14
 838.00 -53.36 -57.01
 839.00 -83.22 -21.41
 840.00 -115.12 -30.33
 841.00 -48.60  -7.58
 842.00 -75.27 125.38
 843.00 -84.55  29.32
 844.00 -84.45 158.89
 845.00 -62.68 113.31
 846.00 -78.26 -17.79
 847.00 -115.05 -11.52
 848.00 -62.57  76.14
 849.00 -70.76 -31.30
 850.00 -57.79 -34.90
 851.00 -62.33 -47.07
 852.00 -57.39 -51.86
 853.00 -64.56 -42.65
 854.00 -68.00 -44.37
 855.00 -57.02 -34.51
 856.00 -55.65 -52.77
 857.00 -60.09 -50.94
 858.00 -77.08 -36.76
 859.00 -62.53 -36.31
 860.00 -57.46 -35.07
 861.00 -57.89 -50.89
 862.00 -57.09 -46.74
 863.00 -63.00 -46.71
 864.00 -71.41 -23.42
 865.00 -88.80 -22.40
 866.00 -62.41 -27.06
 867.00 -72.28 -39.71
 868.00 -80.63 -14.50
 869.00 -69.65 -45.59
 870.00 -53.07 -29.30
 871.00 -65.01 -49.51
 872.00 -69.26 -39.03
 873.00 -72.43 -31.93
 874.00 -64.67 -47.52
 875.00 -62.72 -35.63
 876.00 -68.94 -50.23
 877.00 -70.34 -24.69
 878.00 -70.38 -44.37
 879.00 -75.20 -32.55
 880.00 -71.42 -21.32
 881.00 -48.71 -43.96
 882.00 -89.03 -45.81
 883.00 -48.97  -4.40
 884.00 -79.46 -43.23
 885.00 -79.39 -17.32
 886.00 -68.42 -58.99
 887.00  50.16  -4.73
 888.00 -93.05  47.72
 889.00 -75.74 130.82
 890.00 -131.83 137.76
 891.00 -71.54 126.19
 892.00 -69.94 146.23
 893.00 -69.29 -34.27
 894.00 -58.45 -41.94
 895.00 -58.58 -47.56
 896.00 -76.14 -25.28
 897.00 -62.17 -38.86
 898.00 -63.30 -40.10
 899.00 -74.71 -51.23
 900.00 -117.61 -22.43
 901.00 -104.36 -38.85
 902.00 -59.64 -34.26
 903.00 -52.74 -40.08
 904.00 -65.78 -32.75
 905.00 -73.87 -36.13
 906.00 -69.08 -50.83
 907.00 -95.48 -12.67
 908.00  88.25 -18.45
 909.00 -89.65  14.71
 910.00 -111.28 -19.41
 911.00 -139.78 133.87
 912.00 -51.52 138.45
 913.00 -91.67 139.52
 914.00 -91.37 109.12
 915.00 -59.55 123.34
 916.00 -94.84 -32.22
 917.00 -115.02  36.01


