 residuo Phi Psi
 669.00 -78.09 150.22
 670.00 -72.78 148.58
 671.00 -47.52  70.99
 672.00 -50.61 -18.30
 673.00 -61.78 -40.03
 674.00 -67.47 -47.33
 675.00 -69.39 -23.57
 676.00 -61.66 -46.01
 677.00 -54.82 -54.93
 678.00 -72.14 -39.04
 679.00 -137.73   0.77
 680.00 -53.21  14.26
 681.00 -69.89 123.77
 682.00 -85.11 159.43
 683.00 -80.66 -164.41
 684.00 -142.83 148.69
 685.00 -81.29 110.99
 686.00 -101.07 162.89
 687.00  73.92  -3.71
 688.00 -70.78  13.75
 689.00 -116.30 157.91
 690.00 -140.34 160.43
 691.00 -69.64   7.23
 692.00 -94.78 -12.16
 693.00 -71.08 158.35
 694.00 -76.38 143.43
 695.00 -161.00 130.53
 696.00 -48.37 142.26
 697.00 -65.69 -57.49
 698.00 -69.77 -45.53
 699.00 -53.90 -42.05
 700.00 -70.11 -56.72
 701.00 -68.02 -35.45
 702.00 -80.20 -36.43
 703.00 -75.96 -16.00
 704.00 -52.64 -46.92
 705.00 -65.42 -41.15
 706.00 -60.74 -42.28
 707.00 -58.68 -29.75
 708.00 -78.10 -41.35
 709.00 -70.39 -37.06
 710.00 -73.17 -39.83
 711.00 -66.42 -39.19
 712.00 -56.61 -39.47
 713.00 -75.14 -36.54
 714.00 -51.37 -48.73
 715.00 -61.48 -34.22
 716.00 -63.93 -49.45
 717.00 -59.83 -43.20
 718.00 -59.72 -54.16
 719.00 -58.79 -36.13
 720.00 -107.92 -19.39
 721.00 -71.72 -17.10
 722.00 -49.20 136.33
 723.00  74.76 137.28
 724.00 -68.46  -5.89
 725.00 -60.83 -39.38
 726.00 -77.68  -4.64
 727.00 -64.02 -25.74
 728.00 -64.27 147.21
 729.00 -48.05 140.06
 730.00 -71.60 -40.65
 731.00 -73.20 -33.36
 732.00 -52.64 -38.01
 733.00 -85.49 -39.19
 734.00 -58.75 -21.01
 735.00 -76.12 -52.94
 736.00 -71.11 -25.49
 737.00 -62.27 -46.14
 738.00 -95.71 -18.24
 739.00 -114.96 -25.24
 740.00 -65.10  -2.77
 741.00 -62.78 -34.60
 742.00 -60.08 -60.77
 743.00 -63.88 -45.71
 744.00 -55.34 -47.97
 745.00 -62.98 -47.71
 746.00 -73.44 -31.70
 747.00 -66.46 -37.35
 748.00 -68.97 -48.69
 749.00 -58.84 -30.55
 750.00 -65.94 -55.30
 751.00 -68.53 -27.30
 752.00 -74.78 -29.67
 753.00 -68.19 -42.79
 754.00 -77.02 -46.95
 755.00 -104.99 -31.94
 756.00 -139.11 -33.20
 757.00  28.35  37.45
 758.00  58.57  40.16
 759.00 -74.97  20.88
 760.00 -122.65 -48.73
 761.00 -107.92 171.13
 762.00 -87.38 107.63
 763.00 -47.76  66.16
 764.00 -157.05 -56.64
 765.00 -64.38 153.98
 766.00 -83.93 -32.24
 767.00 -139.20  -8.14
 768.00 -105.26  87.63
 769.00 -101.59 140.73
 770.00 -98.41 120.18
 771.00 -49.02 178.84
 772.00 -59.71 -48.90
 773.00 -46.86 -60.17
 774.00 -56.16 -45.72
 775.00 -72.22 -45.15
 776.00 -60.64 -44.59
 777.00 -76.62 -32.86
 778.00  49.38  -1.42
 779.00 -64.39 -17.38
 780.00 -77.49  45.46
 781.00 -62.92 -42.62
 782.00 -74.29 -39.67
 783.00 -61.98 -29.45
 784.00 -62.53 -42.58
 785.00 -53.85 -53.11
 786.00 -64.25 -43.25
 787.00 -56.53 -44.25
 788.00 -63.71 -51.72
 789.00 -70.09 -28.49
 790.00 -65.14 -33.84
 791.00 -68.02 -36.49
 792.00 -66.74 -12.27
 793.00 -61.27 -32.42
 794.00 -69.90 -44.96
 795.00 -64.87 -45.95
 796.00 -90.73 -44.54
 797.00  55.50   0.42
 798.00 -70.18  53.39
 799.00 -91.20 132.49
 800.00 -51.68 157.04
 801.00 -48.68 -45.39
 802.00 -85.40 -34.49
 803.00 -60.84 -31.76
 804.00 -61.55 -43.94
 805.00 -89.67 -40.95
 806.00 -66.62 -34.91
 807.00 -67.84 -38.21
 808.00 -66.89 -25.20
 809.00 -66.73 -53.95
 810.00 -67.85 -20.72
 811.00 -68.36 -20.94
 812.00 -118.12 -21.44
 813.00 -127.92  31.04
 814.00 -151.94  28.25
 815.00 -145.03 120.61
 816.00 -74.10 158.35
 817.00 -52.05 145.45
 818.00 -59.79 -64.46
 819.00  69.35   7.08
 820.00 -70.39 167.62
 821.00 -77.29 174.83
 822.00 -123.43 -28.45
 823.00 -82.92  92.60
 824.00 -48.33 -37.30
 825.00 -67.53 -40.95
 826.00 -48.89 -39.90
 827.00 -49.61 -62.31
 828.00 -66.71 -45.45
 829.00 -57.78 -44.68
 830.00 -51.09 -52.85
 831.00 -64.03 -49.02
 832.00 -66.39 -38.22
 833.00 -70.19 -34.45
 834.00 -88.64 -14.55
 835.00 -56.44 -51.50
 836.00 -77.99 -27.92
 837.00 -55.18 -45.74
 838.00 -54.12 -52.26
 839.00 -59.90 -39.37
 840.00 -117.60 -25.60
 841.00 -60.23   1.86
 842.00 -83.59 158.33
 843.00 -154.23  89.83
 844.00 -80.00 153.62
 845.00 -58.14  88.04
 846.00 -60.65 -17.30
 847.00 -122.86 -28.92
 848.00 -49.48  94.85
 849.00 -61.19 -25.79
 850.00 -75.38 -35.10
 851.00 -69.44 -25.40
 852.00 -45.64 -51.85
 853.00 -61.91 -46.63
 854.00 -89.49 -25.21
 855.00 -61.92 -38.69
 856.00 -54.87 -38.61
 857.00 -66.48 -46.79
 858.00 -82.54 -27.98
 859.00 -58.07 -46.02
 860.00 -62.96 -49.42
 861.00 -74.38 -25.89
 862.00 -58.34 -48.75
 863.00 -59.77 -54.06
 864.00 -86.31 -18.24
 865.00 -72.26  -5.24
 866.00 -69.25 -33.17
 867.00 -60.07 -48.48
 868.00 -75.75 -19.17
 869.00 -65.92 -49.69
 870.00 -69.08 -42.78
 871.00 -71.65 -25.12
 872.00 -68.12 -39.45
 873.00 -43.83 -45.97
 874.00 -81.97 -45.68
 875.00 -63.81 -31.66
 876.00 -80.19 -43.32
 877.00 -62.50 -30.66
 878.00 -75.13 -40.63
 879.00 -58.68 -36.76
 880.00 -60.57 -42.08
 881.00 -52.97 -46.42
 882.00 -106.69 -27.78
 883.00 -44.76   9.31
 884.00 -76.27 -52.56
 885.00 -61.28 -41.44
 886.00 -92.69 -29.64
 887.00  62.70  -3.83
 888.00 -101.92  40.13
 889.00 -96.37 135.05
 890.00 -109.13 125.08
 891.00 -67.84 133.94
 892.00 -64.17 141.76
 893.00 -66.14 -38.04
 894.00 -108.05 -12.14
 895.00 -77.21 -22.90
 896.00 -52.54 -42.67
 897.00 -59.30 -47.99
 898.00 -74.63 -45.71
 899.00 -84.11 -36.63
 900.00 -119.87 -21.95
 901.00 -91.49 -44.60
 902.00 -56.72 -42.75
 903.00 -44.03 -34.82
 904.00 -53.25 -45.99
 905.00 -63.46 -41.06
 906.00 -69.63 -43.09
 907.00 -76.47 -35.08
 908.00  74.73 -12.48
 909.00 -67.42  15.31
 910.00 -104.86 -39.05
 911.00 -125.44 129.02
 912.00 -70.70 146.10
 913.00 -93.32 148.42
 914.00 -72.73  89.08
 915.00 -84.70 149.09
 916.00 -76.67 -40.61
 917.00 -124.18 162.12


