 residuo Phi Psi
 669.00 -78.95 126.06
 670.00 -68.64 126.92
 671.00 -94.45 130.84
 672.00 -51.04 -23.71
 673.00 -65.14 -53.89
 674.00 -63.14 -38.29
 675.00 -72.61 -29.15
 676.00 -59.21 -48.14
 677.00 -75.64 -21.46
 678.00 -74.15 -43.18
 679.00 -68.47 -49.69
 680.00 -78.34  -6.97
 681.00 -56.31 117.38
 682.00 -83.35 168.71
 683.00 -73.92 157.78
 684.00 -68.04 117.28
 685.00 -78.87 127.94
 686.00 -82.96 161.31
 687.00  63.50 -24.92
 688.00 -66.31  34.23
 689.00 -150.96 167.38
 690.00 -68.22 139.63
 691.00 -59.69 -10.98
 692.00 -78.02 -19.00
 693.00 -60.50 138.33
 694.00 -90.28 158.54
 695.00 -144.27  92.79
 696.00 -46.96 166.64
 697.00 -61.78 -58.06
 698.00 -58.74 -56.66
 699.00 -79.03 -44.36
 700.00 -77.52 -33.61
 701.00 -69.96 -29.95
 702.00 -59.78 -40.05
 703.00 -62.32 -42.71
 704.00 -77.45 -30.20
 705.00 -62.05 -49.46
 706.00 -61.48 -34.40
 707.00 -63.63 -36.21
 708.00 -63.59 -39.21
 709.00 -70.13 -42.24
 710.00 -64.84 -34.20
 711.00 -58.16 -35.61
 712.00 -61.51 -45.22
 713.00 -70.28 -41.28
 714.00 -52.37 -27.10
 715.00 -64.90 -50.46
 716.00 -64.75 -38.20
 717.00 -73.04 -38.99
 718.00 -52.45 -51.15
 719.00 -59.88 -38.34
 720.00 -73.63 -39.61
 721.00 -71.24 -10.57
 722.00 -59.96 133.40
 723.00  84.67 132.58
 724.00 -36.93 -26.91
 725.00 -49.02 -36.30
 726.00 -60.09 -29.93
 727.00 -70.41 -24.33
 728.00 -66.38 147.54
 729.00 -63.72 144.54
 730.00 -64.97 -33.68
 731.00 -85.41 -20.16
 732.00 -68.49 -36.13
 733.00 -68.55 -39.10
 734.00 -68.64 -39.82
 735.00 -69.62 -42.34
 736.00 -47.92 -36.99
 737.00 -83.30 -43.40
 738.00 -78.80 -21.13
 739.00 -74.09 -53.10
 740.00 -40.39 -17.30
 741.00 -65.72 -52.01
 742.00 -59.62 -57.40
 743.00 -78.60 -32.31
 744.00 -79.76 -34.74
 745.00 -73.77 -24.34
 746.00 -54.79 -50.07
 747.00 -66.12 -47.09
 748.00 -62.56 -35.18
 749.00 -68.91 -33.80
 750.00 -64.43 -44.43
 751.00 -60.46 -46.85
 752.00 -63.52 -46.69
 753.00 -64.93 -33.41
 754.00 -88.26 -45.39
 755.00 -63.42 -57.94
 756.00 -132.43 -42.89
 757.00  63.34  16.56
 758.00  56.16  47.20
 759.00 -77.39   1.90
 760.00 -72.15 -78.38
 761.00 -91.73 158.87
 762.00 -85.63 116.24
 763.00 -73.28  75.57
 764.00 -158.03 -42.52
 765.00 -48.35 158.49
 766.00 -97.57 -31.57
 767.00 -143.72 -13.12
 768.00 -86.01  78.44
 769.00 -92.68 137.83
 770.00 -81.75 108.49
 771.00 -66.59 177.43
 772.00 -59.09 -33.05
 773.00 -65.97 -44.50
 774.00 -51.70 -41.53
 775.00 -57.60 -52.43
 776.00 -79.03 -43.86
 777.00 -63.79 -39.64
 778.00  60.66 -12.51
 779.00 -75.65 -13.72
 780.00 -60.98  46.30
 781.00 -68.21 -42.65
 782.00 -65.05 -42.63
 783.00 -68.23 -35.02
 784.00 -70.47 -40.13
 785.00 -61.28 -33.59
 786.00 -74.73 -35.81
 787.00 -78.38 -24.47
 788.00 -44.72 -46.43
 789.00 -52.75 -52.01
 790.00 -71.43 -44.95
 791.00 -67.84 -33.74
 792.00 -58.83 -32.61
 793.00 -53.60 -42.35
 794.00 -76.17 -40.35
 795.00 -51.13 -49.83
 796.00 -96.90 -35.86
 797.00  54.14  -7.22
 798.00 -78.19  71.45
 799.00 -83.34 127.26
 800.00 -66.64 158.08
 801.00 -85.11 -14.59
 802.00 -70.10 -32.59
 803.00 -54.69 -47.18
 804.00 -63.56 -50.53
 805.00 -80.61 -31.49
 806.00 -69.45 -26.16
 807.00 -63.07 -37.71
 808.00 -68.96 -40.63
 809.00 -64.49 -28.34
 810.00 -64.08 -38.87
 811.00 -65.43 -28.01
 812.00 -123.67 -13.59
 813.00 -121.66  39.28
 814.00 -164.05  13.48
 815.00 -156.59 137.50
 816.00 -72.01 -178.68
 817.00 -57.47 160.34
 818.00 -107.12 -30.75
 819.00  85.06  10.69
 820.00 -58.23 162.42
 821.00 -61.45 160.84
 822.00 -108.62 -37.99
 823.00 -54.27  57.41
 824.00 -56.25 -27.35
 825.00 -57.89 -49.10
 826.00 -63.89 -35.56
 827.00 -73.16 -38.06
 828.00 -75.27 -27.50
 829.00 -94.88 -18.21
 830.00 -53.11 -38.53
 831.00 -60.12 -54.47
 832.00 -61.54 -46.77
 833.00 -69.22 -48.18
 834.00 -57.98 -27.06
 835.00 -59.44 -51.72
 836.00 -67.01 -38.89
 837.00 -63.06 -35.10
 838.00 -66.58 -47.05
 839.00 -75.77  -9.68
 840.00 -128.29 -27.02
 841.00 -70.87   5.99
 842.00 -83.29 154.38
 843.00 -82.86  31.22
 844.00 -84.94 179.66
 845.00 -57.11 100.81
 846.00 -71.09 -28.36
 847.00 -119.93 -19.23
 848.00 -72.18  78.26
 849.00 -58.27  -9.77
 850.00 -53.75 -39.79
 851.00 -83.33 -28.09
 852.00 -51.92 -48.23
 853.00 -58.98 -57.27
 854.00 -67.26 -32.11
 855.00 -59.21 -44.01
 856.00 -72.58 -32.66
 857.00 -64.58 -37.26
 858.00 -87.87 -24.04
 859.00 -67.55 -34.59
 860.00 -64.53 -33.05
 861.00 -62.26 -44.27
 862.00 -70.12 -39.25
 863.00 -50.48 -47.14
 864.00 -80.02 -29.20
 865.00 -67.82 -19.67
 866.00 -57.88 -43.43
 867.00 -73.40 -46.86
 868.00 -70.77 -22.24
 869.00 -62.20 -46.41
 870.00 -69.69 -27.97
 871.00 -54.97 -49.26
 872.00 -77.98 -40.39
 873.00 -61.39 -26.13
 874.00 -52.50 -56.00
 875.00 -61.04 -43.26
 876.00 -63.15 -57.55
 877.00 -69.93 -34.86
 878.00 -71.52 -37.01
 879.00 -64.56 -43.39
 880.00 -58.67 -42.67
 881.00 -63.39 -44.90
 882.00 -89.16 -29.46
 883.00 -45.49  -1.75
 884.00 -51.86 -57.42
 885.00 -69.65 -38.58
 886.00 -69.19 -45.61
 887.00  57.86 -14.44
 888.00 -83.89  27.49
 889.00 -88.77 127.15
 890.00 -97.65 127.78
 891.00 -48.76 130.09
 892.00 -43.61 151.16
 893.00 -71.62 -61.38
 894.00 -67.69 -32.96
 895.00 -63.21 -37.51
 896.00 -61.20 -37.98
 897.00 -63.00 -41.41
 898.00 -78.31 -50.09
 899.00 -104.89 -27.29
 900.00 -117.10  -9.22
 901.00 -85.76 -59.68
 902.00 -48.84 -37.30
 903.00 -54.46 -40.41
 904.00 -70.64 -30.17
 905.00 -83.71 -26.48
 906.00 -73.66 -32.75
 907.00 -88.36 -19.82
 908.00  78.62 -18.58
 909.00 -45.98   8.20
 910.00 -107.17 -47.38
 911.00 -139.74 135.45
 912.00 -59.86 152.98
 913.00 -102.67 162.71
 914.00 -89.37  93.22
 915.00 -73.96 136.25
 916.00 -103.07 -47.27
 917.00 -145.34 127.29


