 residuo Phi Psi
 669.00 -62.51 124.11
 670.00 -71.99 163.15
 671.00 -144.47 128.20
 672.00 -32.70 -36.90
 673.00 -68.09 -67.63
 674.00 -80.57 -20.99
 675.00 -63.00 -39.92
 676.00 -69.65 -48.34
 677.00 -71.27 -29.17
 678.00 -69.58 -31.03
 679.00 -86.52 -39.15
 680.00 -59.11 -14.05
 681.00 -81.41 135.17
 682.00 -62.60 152.42
 683.00 -72.95 173.38
 684.00 -86.26 130.40
 685.00 -78.43 130.30
 686.00 -69.72 146.38
 687.00  79.35 -25.25
 688.00 -73.99  11.31
 689.00 -97.35 141.71
 690.00 -58.94  99.60
 691.00 -72.62 -11.76
 692.00 -115.43  -0.61
 693.00 -63.17 152.73
 694.00 -79.20 150.03
 695.00 -152.04 133.37
 696.00 -48.95 171.03
 697.00 -61.64 -65.21
 698.00 -66.17 -34.94
 699.00 -71.06 -50.03
 700.00 -71.07 -44.01
 701.00 -72.03 -30.96
 702.00 -60.66 -39.24
 703.00 -60.94 -39.85
 704.00 -57.93 -50.86
 705.00 -70.88 -41.06
 706.00 -63.49 -33.99
 707.00 -52.23 -36.39
 708.00 -62.19 -49.33
 709.00 -71.83 -46.86
 710.00 -78.30 -14.65
 711.00 -48.21 -51.45
 712.00 -65.67 -34.88
 713.00 -65.30 -42.73
 714.00 -75.88 -19.11
 715.00 -56.28 -50.73
 716.00 -69.27 -42.66
 717.00 -56.33 -46.49
 718.00 -63.09 -51.54
 719.00 -51.48 -41.04
 720.00 -127.34  -9.89
 721.00 -76.92   5.71
 722.00 -54.42 120.15
 723.00  72.18 142.03
 724.00 -40.53 -17.61
 725.00 -82.00 -34.82
 726.00 -60.93  -4.77
 727.00 -110.25  -8.89
 728.00 -70.77 161.03
 729.00 -70.48 162.98
 730.00 -79.51 -23.51
 731.00 -63.84 -42.87
 732.00 -59.58 -38.91
 733.00 -64.60 -38.85
 734.00 -68.77 -41.95
 735.00 -70.65 -36.72
 736.00 -48.85 -42.60
 737.00 -60.23 -54.77
 738.00 -60.57 -59.79
 739.00 -74.49 -39.46
 740.00 -51.12   2.88
 741.00 -58.94 -63.54
 742.00 -71.46 -49.66
 743.00 -69.13 -32.76
 744.00 -70.56 -48.51
 745.00 -64.48 -35.82
 746.00 -49.67 -45.46
 747.00 -54.91 -53.39
 748.00 -56.29 -48.74
 749.00 -65.63 -34.73
 750.00 -61.52 -43.37
 751.00 -58.89 -46.19
 752.00 -69.62 -43.95
 753.00 -55.69 -40.43
 754.00 -80.24 -49.18
 755.00 -106.96 -20.32
 756.00 -147.31 -30.62
 757.00  58.26  29.74
 758.00  69.89  26.45
 759.00 -89.68   4.53
 760.00 -79.72 -54.97
 761.00 -79.46 139.62
 762.00 -87.10 103.72
 763.00 -60.70  67.93
 764.00 -154.06 -40.22
 765.00 -61.40 167.94
 766.00 -80.29 -29.02
 767.00 -77.64 -58.57
 768.00 -54.17  37.78
 769.00 -111.46 130.80
 770.00 -123.87 144.48
 771.00 -61.75 -169.57
 772.00 -65.16 -27.87
 773.00 -72.82 -48.79
 774.00 -50.50 -33.30
 775.00 -65.80 -57.42
 776.00 -68.90 -50.95
 777.00 -76.29 -35.49
 778.00  59.58  -0.75
 779.00 -114.39  31.14
 780.00 -60.24  30.46
 781.00 -66.16 -52.98
 782.00 -84.35 -21.71
 783.00 -64.05 -42.30
 784.00 -57.32 -34.09
 785.00 -65.70 -44.90
 786.00 -67.85 -34.02
 787.00 -65.79 -37.24
 788.00 -70.41 -32.73
 789.00 -63.72 -38.16
 790.00 -60.59 -45.96
 791.00 -62.21 -46.85
 792.00 -65.75 -32.97
 793.00 -58.97 -38.28
 794.00 -62.79 -40.02
 795.00 -60.20 -52.64
 796.00 -66.57 -33.45
 797.00  44.01 -32.70
 798.00 -51.21  67.20
 799.00 -98.65 135.98
 800.00 -50.67 146.21
 801.00 -70.33 -31.00
 802.00 -53.44 -42.63
 803.00 -45.64 -57.70
 804.00 -53.33 -50.28
 805.00 -65.50 -48.12
 806.00 -66.85 -37.12
 807.00 -66.25 -43.58
 808.00 -63.23 -38.30
 809.00 -75.57 -30.23
 810.00 -60.59 -36.36
 811.00 -69.69 -26.35
 812.00 -99.95 -32.05
 813.00 -118.52  35.82
 814.00 -143.36  -8.46
 815.00 -148.74 124.46
 816.00 -63.68 156.77
 817.00 -68.79 141.95
 818.00 -74.31 -36.62
 819.00  79.13   0.07
 820.00 -76.32 165.61
 821.00 -59.43 163.24
 822.00 -106.94 -46.59
 823.00 -51.58  41.96
 824.00 -66.20 -40.54
 825.00 -75.65 -28.23
 826.00 -73.39 -30.03
 827.00 -64.62 -41.34
 828.00 -55.77 -37.71
 829.00 -65.31 -46.17
 830.00 -68.89 -51.86
 831.00 -64.56 -31.00
 832.00 -64.53 -34.40
 833.00 -66.24 -47.24
 834.00 -70.12 -41.47
 835.00 -67.40 -30.01
 836.00 -64.65 -52.97
 837.00 -75.60 -18.41
 838.00 -47.00 -60.89
 839.00 -60.65 -28.52
 840.00 -123.47 -34.00
 841.00 -62.70  17.92
 842.00 -81.80 143.55
 843.00 -153.06  93.66
 844.00 -73.64 156.92
 845.00 -47.37  89.25
 846.00 -75.61 -32.12
 847.00 -104.20 -32.15
 848.00 -59.28  83.90
 849.00 -63.79 -14.23
 850.00 -62.82 -27.31
 851.00 -84.93 -25.29
 852.00 -65.35 -41.53
 853.00 -60.58 -38.24
 854.00 -72.06 -38.70
 855.00 -56.10 -44.11
 856.00 -59.98 -42.65
 857.00 -74.89 -38.23
 858.00 -75.33 -36.19
 859.00 -71.68 -37.71
 860.00 -66.16 -41.93
 861.00 -62.05 -26.89
 862.00 -72.91 -38.89
 863.00 -66.44 -39.93
 864.00 -60.91 -36.33
 865.00 -79.60  -3.73
 866.00 -63.82 -43.48
 867.00 -64.28 -33.47
 868.00 -65.51 -37.17
 869.00 -55.75 -48.60
 870.00 -54.51 -44.71
 871.00 -53.74 -50.07
 872.00 -65.36 -57.02
 873.00 -47.95 -42.95
 874.00 -74.08 -45.05
 875.00 -69.49 -37.95
 876.00 -57.04 -45.41
 877.00 -59.18 -48.87
 878.00 -67.08 -45.05
 879.00 -72.70 -31.56
 880.00 -58.05 -43.50
 881.00 -74.09 -37.02
 882.00 -93.40 -32.82
 883.00 -57.14   2.96
 884.00 -81.85 -31.75
 885.00 -69.00 -45.55
 886.00 -117.41 -14.40
 887.00  55.39  19.04
 888.00 -75.43  17.13
 889.00 -79.27 125.14
 890.00 -127.19 135.53
 891.00 -56.20 127.06
 892.00 -53.13 134.56
 893.00 -63.66 -47.24
 894.00 -66.12 -33.15
 895.00 -60.73 -48.63
 896.00 -61.45 -44.06
 897.00 -64.66 -36.20
 898.00 -80.06 -42.68
 899.00 -81.69 -34.79
 900.00 -90.48 -39.37
 901.00 -86.35 -53.05
 902.00 -54.65 -49.19
 903.00 -58.03 -41.96
 904.00 -65.70 -38.16
 905.00 -74.56 -24.57
 906.00 -58.37 -52.14
 907.00 -75.47 -35.63
 908.00  67.09  -4.74
 909.00 -63.06  10.32
 910.00 -118.17 -31.21
 911.00 -130.57 140.31
 912.00 -58.71 154.06
 913.00 -97.59 151.44
 914.00 -68.45  90.78
 915.00 -96.69 146.54
 916.00 -127.12 -28.62
 917.00 -60.27 166.69


