 residuo Phi Psi
 669.00 -80.37 137.51
 670.00 -57.84 134.34
 671.00 -152.30 123.83
 672.00 -57.76  -6.82
 673.00 -80.43 -49.42
 674.00 -57.54 -23.18
 675.00 -84.28 -32.65
 676.00 -63.24 -32.64
 677.00 -76.38 -34.04
 678.00 -72.00 -27.27
 679.00 -89.93 -43.63
 680.00 -79.42   1.50
 681.00 -79.18 124.06
 682.00 -60.66 162.85
 683.00 -79.91 160.06
 684.00 -78.91 133.83
 685.00 -74.13 128.53
 686.00 -80.87 152.93
 687.00  85.12 -20.76
 688.00 -58.83  11.49
 689.00 -134.84 142.60
 690.00 -43.18 146.79
 691.00 -77.88 -28.50
 692.00 -94.79   3.93
 693.00 -75.80 128.61
 694.00 -66.00 149.48
 695.00 -150.69  79.07
 696.00 -30.21 136.58
 697.00 -78.48 -69.81
 698.00 -53.32 -31.53
 699.00 -68.47 -52.15
 700.00 -75.55 -43.57
 701.00 -75.19 -20.08
 702.00 -75.05 -31.50
 703.00 -67.18 -31.85
 704.00 -62.46 -36.71
 705.00 -76.56 -35.77
 706.00 -43.81 -42.89
 707.00 -58.07 -51.37
 708.00 -77.80 -34.07
 709.00 -67.68 -39.51
 710.00 -60.20 -33.67
 711.00 -69.91 -46.47
 712.00 -49.71 -44.38
 713.00 -70.25 -37.27
 714.00 -52.02 -45.47
 715.00 -53.89 -45.13
 716.00 -80.40 -43.95
 717.00 -71.65 -27.96
 718.00 -55.80 -49.96
 719.00 -46.64 -53.08
 720.00 -102.49 -21.95
 721.00 -59.01 -12.45
 722.00 -62.64 131.89
 723.00 100.49 111.56
 724.00 -60.98   3.52
 725.00 -80.98 -29.18
 726.00 -69.94  -8.86
 727.00 -63.61 -31.85
 728.00 -72.88 149.29
 729.00 -61.52 153.40
 730.00 -74.29 -25.19
 731.00 -89.16 -22.31
 732.00 -58.57 -27.54
 733.00 -69.40 -43.16
 734.00 -64.41 -31.15
 735.00 -67.06 -56.04
 736.00 -55.67 -33.34
 737.00 -81.13 -51.63
 738.00 -86.98 -15.78
 739.00 -102.22 -22.28
 740.00 -52.79 -23.70
 741.00 -47.44 -49.88
 742.00 -66.53 -58.31
 743.00 -60.03 -41.20
 744.00 -70.03 -47.17
 745.00 -59.39 -43.55
 746.00 -58.86 -41.34
 747.00 -62.10 -42.66
 748.00 -72.32 -40.36
 749.00 -64.12 -29.37
 750.00 -50.42 -52.31
 751.00 -62.10 -50.22
 752.00 -71.19 -28.84
 753.00 -48.05 -51.93
 754.00 -58.17 -69.63
 755.00 -94.47 -45.71
 756.00 -132.87 -33.11
 757.00  65.17  22.38
 758.00  66.28  22.03
 759.00 -69.56 -16.83
 760.00 -131.48  -9.95
 761.00 -90.55 156.26
 762.00 -96.81 125.96
 763.00 -61.31  67.27
 764.00 -150.81 -56.00
 765.00 -55.60 143.25
 766.00 -87.64 -27.25
 767.00 -136.29 -19.33
 768.00 -65.78  63.30
 769.00 -92.35 126.26
 770.00 -82.41 104.88
 771.00 -61.58 178.67
 772.00 -66.64 -27.11
 773.00 -64.37 -45.01
 774.00 -68.08 -37.70
 775.00 -72.19 -33.77
 776.00 -60.21 -60.24
 777.00 -81.89 -23.70
 778.00  59.90 -15.17
 779.00 -128.96  36.16
 780.00 -65.13  36.37
 781.00 -54.25 -38.30
 782.00 -72.94 -49.09
 783.00 -77.82 -21.44
 784.00 -58.77 -31.66
 785.00 -60.20 -37.51
 786.00 -71.39 -49.01
 787.00 -67.41 -27.57
 788.00 -58.39 -48.35
 789.00 -55.00 -47.79
 790.00 -82.51 -28.09
 791.00 -68.64 -40.45
 792.00 -61.50 -24.75
 793.00 -52.58 -40.80
 794.00 -77.72 -38.17
 795.00 -59.37 -51.37
 796.00 -68.84 -47.51
 797.00  55.00 -19.13
 798.00 -71.06  52.92
 799.00 -94.72 138.31
 800.00 -51.20 154.68
 801.00 -70.61 -29.15
 802.00 -62.12 -47.14
 803.00 -61.96 -38.99
 804.00 -63.71 -50.98
 805.00 -71.60 -32.31
 806.00 -66.17 -42.88
 807.00 -60.93 -35.04
 808.00 -51.33 -50.25
 809.00 -64.26 -46.27
 810.00 -77.43 -18.84
 811.00 -67.34 -21.56
 812.00 -117.57 -14.68
 813.00 -122.72  29.25
 814.00 -165.54  21.26
 815.00 -139.78 119.30
 816.00 -53.20 157.41
 817.00 -47.89 147.29
 818.00 -65.99 -52.27
 819.00  69.19  -1.86
 820.00 -73.55 -179.83
 821.00 -72.54 173.63
 822.00 -120.70 -33.36
 823.00 -52.76  61.74
 824.00 -59.32 -34.89
 825.00 -76.34 -18.29
 826.00 -72.92 -38.16
 827.00 -58.41 -30.63
 828.00 -60.86 -57.89
 829.00 -71.29 -29.98
 830.00 -51.10 -54.19
 831.00 -55.32 -44.17
 832.00 -50.95 -48.20
 833.00 -65.29 -56.00
 834.00 -64.34 -35.99
 835.00 -54.45 -56.01
 836.00 -81.76 -29.71
 837.00 -62.41 -26.06
 838.00 -60.29 -49.89
 839.00 -73.45 -28.74
 840.00 -124.80 -13.53
 841.00 -65.70   8.57
 842.00 -88.29 138.37
 843.00 -85.49  55.06
 844.00 -77.41 171.75
 845.00 -45.14  77.87
 846.00 -68.91 -24.66
 847.00 -120.50 -20.45
 848.00 -58.93  90.40
 849.00 -72.53 -26.10
 850.00 -62.53 -29.68
 851.00 -84.99 -34.67
 852.00 -39.14 -44.40
 853.00 -58.29 -58.92
 854.00 -63.77 -43.85
 855.00 -66.60 -30.81
 856.00 -52.61 -42.25
 857.00 -62.82 -42.00
 858.00 -69.21 -40.55
 859.00 -83.34 -38.42
 860.00 -73.17 -20.95
 861.00 -69.90 -35.49
 862.00 -63.70 -35.83
 863.00 -60.20 -47.45
 864.00 -55.31 -36.37
 865.00 -62.14 -24.58
 866.00 -74.12 -37.46
 867.00 -58.00 -35.30
 868.00 -85.90 -33.96
 869.00 -60.91 -45.88
 870.00 -69.91 -35.61
 871.00 -57.48 -32.26
 872.00 -75.16 -45.22
 873.00 -44.17 -33.19
 874.00 -69.99 -57.44
 875.00 -58.93 -37.47
 876.00 -71.70 -60.16
 877.00 -63.19 -29.21
 878.00 -61.96 -43.53
 879.00 -61.40 -45.78
 880.00 -68.19 -36.38
 881.00 -53.42 -41.66
 882.00 -98.18 -35.08
 883.00 -36.03  -5.60
 884.00 -64.44 -50.74
 885.00 -72.76 -36.97
 886.00 -80.40 -39.01
 887.00  37.03   2.12
 888.00 -71.53  20.73
 889.00 -80.89 128.23
 890.00 -140.45 142.40
 891.00 -63.50 123.55
 892.00 -61.36 134.07
 893.00 -61.99 -36.42
 894.00 -67.81 -42.87
 895.00 -61.27 -39.29
 896.00 -60.47 -27.82
 897.00 -61.55 -54.95
 898.00 -64.57 -47.22
 899.00 -84.44 -47.39
 900.00 -124.31  -7.26
 901.00 -79.89 -63.10
 902.00 -58.53 -35.66
 903.00 -66.08 -49.60
 904.00 -66.04 -22.44
 905.00 -67.82 -39.17
 906.00 -65.20 -41.39
 907.00 -85.84 -34.23
 908.00  81.57  -1.69
 909.00 -70.40  14.99
 910.00 -127.09 -24.88
 911.00 -139.96 129.10
 912.00 -63.13 143.89
 913.00 -89.29 154.60
 914.00 -67.91  91.85
 915.00 -68.54 121.08
 916.00 -90.75 -65.71
 917.00 -70.63  80.44


