 residuo Phi Psi
 669.00 -57.60 169.24
 670.00 -62.70 160.87
 671.00 -52.05 158.30
 672.00 -69.59 -57.88
 673.00 -84.16 -34.65
 674.00 -69.32 -24.89
 675.00 -87.47 -22.47
 676.00 -64.50 -38.94
 677.00 -67.46 -41.31
 678.00 -75.53 -40.45
 679.00 -80.70 -27.40
 680.00 -71.27 -19.79
 681.00 -72.80 110.29
 682.00 -81.70 -176.77
 683.00 -72.23 168.87
 684.00 -116.13 138.73
 685.00 -76.07 141.16
 686.00 -85.10 159.27
 687.00  89.12 -28.16
 688.00 -62.86   6.06
 689.00 -137.23 165.31
 690.00 -72.72 108.73
 691.00 -81.81 -21.03
 692.00 -68.65 -26.07
 693.00 -56.08 146.57
 694.00 -68.09 126.79
 695.00 -145.88 159.10
 696.00 -53.15 154.71
 697.00 -66.56 -58.85
 698.00 -63.74 -35.29
 699.00 -53.53 -53.80
 700.00 -67.73 -44.86
 701.00 -80.35 -36.26
 702.00 -80.98 -20.02
 703.00 -50.72 -39.68
 704.00 -68.71 -47.98
 705.00 -49.38 -42.02
 706.00 -71.42 -45.90
 707.00 -42.28 -42.82
 708.00 -74.32 -49.60
 709.00 -68.19 -28.15
 710.00 -68.05 -42.28
 711.00 -64.05 -34.51
 712.00 -60.17 -43.89
 713.00 -65.71 -49.54
 714.00 -75.23 -27.13
 715.00 -71.18 -39.49
 716.00 -60.01 -40.84
 717.00 -67.92 -32.45
 718.00 -57.13 -52.51
 719.00 -60.33 -29.38
 720.00 -97.67 -31.41
 721.00 -67.50  -4.51
 722.00 -71.36 115.11
 723.00  70.04 148.84
 724.00 -74.20  -1.63
 725.00 -69.07 -23.23
 726.00 -80.01  -8.58
 727.00 -66.11 -22.50
 728.00 -53.89 140.47
 729.00 -56.94 139.99
 730.00 -73.86 -24.69
 731.00 -77.70 -35.61
 732.00 -65.68 -25.40
 733.00 -46.34 -54.12
 734.00 -51.72 -54.98
 735.00 -63.83 -60.90
 736.00 -42.46 -43.49
 737.00 -71.03 -59.57
 738.00 -73.98 -36.87
 739.00 -97.21 -25.90
 740.00 -61.23  -9.69
 741.00 -75.53 -33.89
 742.00 -51.99 -45.91
 743.00 -61.12 -46.53
 744.00 -66.19 -47.15
 745.00 -58.51 -48.54
 746.00 -64.64 -41.23
 747.00 -61.10 -54.71
 748.00 -69.58 -31.43
 749.00 -73.55 -44.48
 750.00 -51.37 -39.98
 751.00 -65.34 -45.37
 752.00 -58.60 -35.56
 753.00 -59.99 -51.51
 754.00 -62.39 -56.80
 755.00 -73.42 -41.38
 756.00 -138.39 -48.52
 757.00  56.91  37.09
 758.00  62.98  25.02
 759.00 -64.27   6.11
 760.00 -101.51 -55.16
 761.00 -82.76 146.46
 762.00 -77.39  98.87
 763.00 -55.00  58.91
 764.00 -144.75 -42.78
 765.00 -72.88 174.36
 766.00 -88.01 -28.23
 767.00 -74.30 -57.34
 768.00 -70.57  50.74
 769.00 -110.15 143.52
 770.00 -84.87 111.55
 771.00 -71.61 171.12
 772.00 -68.90 -23.78
 773.00 -74.62 -34.73
 774.00 -46.39 -41.18
 775.00 -69.26 -49.70
 776.00 -74.51 -48.23
 777.00 -77.54 -27.92
 778.00  43.05  10.28
 779.00 -148.30  60.11
 780.00 -66.20  37.70
 781.00 -66.17 -43.40
 782.00 -69.21 -37.33
 783.00 -53.94 -44.81
 784.00 -57.51 -44.24
 785.00 -63.52 -44.31
 786.00 -65.28 -44.98
 787.00 -79.86 -27.05
 788.00 -75.06 -42.23
 789.00 -62.47 -29.78
 790.00 -64.35 -43.77
 791.00 -64.89 -38.93
 792.00 -63.39 -26.96
 793.00 -65.71 -25.72
 794.00 -63.50 -33.86
 795.00 -62.55 -45.01
 796.00 -83.28 -43.47
 797.00  38.10   7.50
 798.00 -71.22  60.73
 799.00 -91.31 131.63
 800.00 -53.77 156.25
 801.00 -76.97 -27.08
 802.00 -55.40 -41.93
 803.00 -60.34 -45.38
 804.00 -71.21 -45.57
 805.00 -65.94 -40.08
 806.00 -67.25 -37.84
 807.00 -67.80 -35.64
 808.00 -59.97 -37.59
 809.00 -70.99 -45.63
 810.00 -70.74 -21.66
 811.00 -60.18 -23.75
 812.00 -103.18 -39.13
 813.00 -117.72  43.82
 814.00 -159.57  10.28
 815.00 -152.13 129.38
 816.00 -76.34 162.75
 817.00 -61.82 160.78
 818.00 -85.22 -37.55
 819.00  76.34  -3.64
 820.00 -78.97 -174.50
 821.00 -59.52 162.28
 822.00 -100.93 -40.83
 823.00 -55.73  31.71
 824.00 -71.80 -35.47
 825.00 -65.44 -39.25
 826.00 -67.83 -34.35
 827.00 -63.71 -42.54
 828.00 -68.13 -37.44
 829.00 -72.36 -38.98
 830.00 -66.19 -39.47
 831.00 -64.62 -47.58
 832.00 -63.67 -26.83
 833.00 -73.08 -36.94
 834.00 -52.21 -42.20
 835.00 -69.87 -55.09
 836.00 -75.48 -24.73
 837.00 -62.73 -34.61
 838.00 -61.87 -37.59
 839.00 -96.37 -24.29
 840.00 -80.61 -37.82
 841.00 -48.29 -29.13
 842.00 -76.86 134.21
 843.00 -134.09  75.88
 844.00 -80.83 166.72
 845.00 -54.25  88.44
 846.00 -73.60 -32.97
 847.00 -127.53 -12.72
 848.00 -64.81  75.70
 849.00 -61.16  -5.20
 850.00 -62.79 -28.06
 851.00 -66.08 -53.27
 852.00 -75.05 -47.83
 853.00 -80.39 -24.00
 854.00 -64.65 -38.10
 855.00 -53.87 -49.88
 856.00 -62.06 -43.38
 857.00 -69.33 -48.12
 858.00 -57.68 -32.21
 859.00 -73.97 -42.56
 860.00 -68.90 -29.58
 861.00 -75.41 -25.46
 862.00 -60.41 -45.54
 863.00 -72.87 -32.62
 864.00 -89.35 -23.67
 865.00 -86.38   4.63
 866.00 -68.53 -38.24
 867.00 -77.20 -29.62
 868.00 -68.59 -22.21
 869.00 -64.23 -45.81
 870.00 -48.06 -49.31
 871.00 -80.76 -36.56
 872.00 -73.90 -31.12
 873.00 -63.13 -37.79
 874.00 -76.42 -30.32
 875.00 -77.67 -44.06
 876.00 -69.27 -35.28
 877.00 -71.30 -30.31
 878.00 -54.61 -47.49
 879.00 -94.78 -22.04
 880.00 -70.86 -27.72
 881.00 -54.06 -38.29
 882.00 -134.26 -28.41
 883.00 -52.26  32.81
 884.00 -65.70 -43.19
 885.00 -79.82 -29.60
 886.00 -63.38 -50.06
 887.00  54.33 -12.30
 888.00 -89.40  18.91
 889.00 -89.57 128.93
 890.00 -138.63 151.29
 891.00 -70.68 134.23
 892.00 -76.97 159.07
 893.00 -73.89 -37.34
 894.00 -75.69 -22.27
 895.00 -63.16 -46.57
 896.00 -58.96 -30.17
 897.00 -64.55 -38.50
 898.00 -59.05 -48.02
 899.00 -92.37 -45.56
 900.00 -132.11   2.60
 901.00 -86.56 -58.45
 902.00 -52.22 -44.21
 903.00 -54.32 -42.01
 904.00 -62.02 -35.17
 905.00 -70.05 -33.78
 906.00 -74.23 -60.53
 907.00 -73.68 -18.82
 908.00  98.56 -19.63
 909.00 -72.60  -1.07
 910.00 -119.60 -36.91
 911.00 -137.12 127.38
 912.00 -77.63 133.91
 913.00 -115.85 169.27
 914.00 -92.00 111.19
 915.00 -73.63 143.80
 916.00 -90.87 -32.85
 917.00 -129.10 139.57


