 residuo Phi Psi
 669.00 -67.41 152.84
 670.00 -61.49 124.49
 671.00 -111.78 146.12
 672.00 -59.75 -48.94
 673.00 -58.61 -25.30
 674.00 -67.35 -34.71
 675.00 -73.35 -29.28
 676.00 -60.04 -43.96
 677.00 -78.75 -30.86
 678.00 -61.85 -36.29
 679.00 -74.66 -53.98
 680.00 -59.01  -0.02
 681.00 -57.51 124.63
 682.00 -66.95 154.10
 683.00 -66.13 164.56
 684.00 -122.99 123.04
 685.00 -67.29 100.32
 686.00 -68.48 140.81
 687.00  65.69 -17.57
 688.00 -86.23  37.60
 689.00 -86.15 122.57
 690.00 -64.42  98.64
 691.00 -74.04  -2.24
 692.00 -61.98 -34.43
 693.00 -71.08 156.94
 694.00 -69.99 146.79
 695.00 -154.30 137.70
 696.00 -64.83 155.04
 697.00 -59.08 -31.30
 698.00 -61.62 -58.94
 699.00 -59.54 -51.67
 700.00 -81.64 -44.09
 701.00 -62.59 -35.09
 702.00 -60.55 -37.37
 703.00 -69.20 -38.58
 704.00 -81.47 -33.16
 705.00 -75.51 -26.63
 706.00 -59.87 -50.71
 707.00 -63.09 -45.26
 708.00 -69.96 -30.87
 709.00 -60.13 -34.92
 710.00 -61.22 -45.76
 711.00 -60.76 -39.55
 712.00 -72.24 -35.90
 713.00 -71.15 -35.54
 714.00 -67.76 -35.25
 715.00 -75.29 -34.08
 716.00 -66.61 -33.53
 717.00 -68.32 -42.69
 718.00 -66.20 -44.62
 719.00 -64.11 -37.45
 720.00 -65.56 -41.68
 721.00 -49.25 -29.89
 722.00 -76.83 130.50
 723.00  82.10 152.82
 724.00 -41.34 -28.25
 725.00 -61.86 -45.90
 726.00 -67.88 -24.46
 727.00 -57.50 -21.67
 728.00 -80.98 176.23
 729.00 -63.58 150.65
 730.00 -62.10 -43.67
 731.00 -65.87 -36.81
 732.00 -51.17 -51.60
 733.00 -70.94 -38.44
 734.00 -66.82 -42.51
 735.00 -63.17 -40.99
 736.00 -54.90 -44.54
 737.00 -53.02 -47.28
 738.00 -94.26 -50.78
 739.00 -98.86 -18.54
 740.00 -53.02 -20.11
 741.00 -52.24 -43.24
 742.00 -60.25 -52.20
 743.00 -52.98 -50.72
 744.00 -70.90 -50.48
 745.00 -63.26 -36.72
 746.00 -73.65 -32.02
 747.00 -55.43 -53.60
 748.00 -58.67 -45.44
 749.00 -64.39 -47.76
 750.00 -73.38 -26.50
 751.00 -40.06 -53.26
 752.00 -73.87 -42.70
 753.00 -68.29 -35.63
 754.00 -69.44 -51.20
 755.00 -88.93 -39.90
 756.00 -140.31 -35.15
 757.00  52.72  33.49
 758.00  57.41  29.65
 759.00 -72.49  16.41
 760.00 -138.16 -43.66
 761.00 -86.30 166.15
 762.00 -69.91  90.96
 763.00 -65.60  66.54
 764.00 -158.14 -41.29
 765.00 -50.08 163.88
 766.00 -86.37 -35.69
 767.00 -119.48 -21.09
 768.00 -115.90  91.69
 769.00 -93.02 136.46
 770.00 -60.95 107.45
 771.00 -55.69 165.29
 772.00 -66.43 -38.41
 773.00 -54.09 -46.62
 774.00 -57.75 -39.97
 775.00 -61.58 -51.96
 776.00 -63.11 -48.85
 777.00 -74.31 -16.98
 778.00  63.22 -11.75
 779.00 -99.51  -2.70
 780.00 -52.20  38.56
 781.00 -57.13 -59.42
 782.00 -74.13 -33.56
 783.00 -73.64 -28.79
 784.00 -60.20 -43.23
 785.00 -74.40 -45.50
 786.00 -61.28 -37.54
 787.00 -71.83 -37.18
 788.00 -61.98 -35.49
 789.00 -74.50 -33.29
 790.00 -79.51 -16.73
 791.00 -60.91 -33.70
 792.00 -61.95 -25.07
 793.00 -69.20 -36.94
 794.00 -67.27 -32.94
 795.00 -61.90 -51.81
 796.00 -89.47 -35.44
 797.00  48.81  -8.69
 798.00 -77.64  52.98
 799.00 -66.13 124.89
 800.00 -62.80 151.62
 801.00 -72.33 -24.00
 802.00 -54.31 -48.63
 803.00 -62.70 -44.45
 804.00 -70.14 -47.56
 805.00 -80.21 -25.20
 806.00 -75.05 -37.15
 807.00 -63.53 -33.25
 808.00 -54.20 -48.73
 809.00 -86.14 -29.11
 810.00 -59.63 -25.37
 811.00 -63.44 -28.39
 812.00 -125.76 -23.23
 813.00 -153.38  55.56
 814.00 -149.56   9.13
 815.00 -153.63 136.35
 816.00 -62.78 155.60
 817.00 -48.86 129.92
 818.00 -73.28 -30.54
 819.00  79.95 -11.38
 820.00 -75.62 143.50
 821.00 -75.51 168.67
 822.00 -138.19 -17.25
 823.00 -62.65  83.46
 824.00 -60.62 -35.64
 825.00 -79.14 -27.57
 826.00 -69.32 -36.68
 827.00 -55.12 -43.46
 828.00 -63.60 -38.08
 829.00 -63.05 -40.92
 830.00 -55.45 -45.35
 831.00 -65.25 -47.63
 832.00 -65.26 -41.86
 833.00 -85.95 -28.09
 834.00 -61.31 -28.84
 835.00 -64.71 -48.67
 836.00 -74.67 -27.18
 837.00 -66.27 -31.88
 838.00 -46.45 -49.39
 839.00 -69.33 -22.88
 840.00 -117.88 -34.84
 841.00 -75.72  22.54
 842.00 -71.69 135.00
 843.00 -162.50 112.87
 844.00 -63.90 149.49
 845.00 -50.57  89.99
 846.00 -65.30 -33.34
 847.00 -124.93  -0.91
 848.00 -54.53  81.73
 849.00 -54.68 -29.77
 850.00 -73.06 -43.85
 851.00 -102.48  -5.94
 852.00 -66.41 -37.26
 853.00 -61.28 -45.16
 854.00 -68.70 -29.30
 855.00 -50.53 -56.32
 856.00 -54.36 -49.10
 857.00 -64.60 -49.75
 858.00 -75.33 -24.25
 859.00 -63.45 -54.08
 860.00 -63.79 -27.21
 861.00 -63.66 -40.95
 862.00 -71.72 -31.21
 863.00 -69.66 -46.87
 864.00 -74.84 -13.68
 865.00 -79.70 -22.19
 866.00 -51.08 -25.54
 867.00 -65.24 -54.81
 868.00 -59.59 -28.18
 869.00 -64.60 -52.55
 870.00 -70.48 -39.73
 871.00 -60.42 -41.31
 872.00 -79.61 -35.67
 873.00 -61.56 -29.85
 874.00 -61.77 -44.24
 875.00 -65.82 -40.63
 876.00 -75.69 -39.65
 877.00 -64.99 -38.19
 878.00 -60.90 -44.28
 879.00 -76.99 -33.51
 880.00 -64.14 -31.73
 881.00 -71.81 -21.26
 882.00 -88.16 -46.05
 883.00 -45.86  -2.50
 884.00 -66.94 -54.17
 885.00 -64.61 -43.34
 886.00 -114.91 -16.33
 887.00  42.68   7.11
 888.00 -86.47  34.91
 889.00 -101.28 125.94
 890.00 -100.67 138.31
 891.00 -76.54 134.23
 892.00 -55.77 159.74
 893.00 -83.52 -40.94
 894.00 -63.10 -26.88
 895.00 -73.43 -52.61
 896.00 -65.43 -18.01
 897.00 -67.06 -41.68
 898.00 -74.29 -45.23
 899.00 -81.79 -19.23
 900.00 -108.08 -40.37
 901.00 -109.33 -37.38
 902.00 -60.92 -42.86
 903.00 -41.87 -35.09
 904.00 -78.97 -39.46
 905.00 -70.27 -30.12
 906.00 -69.50 -35.31
 907.00 -79.96 -42.91
 908.00  70.33  -4.01
 909.00 -65.99  12.83
 910.00 -109.11 -28.31
 911.00 -113.11 116.49
 912.00 -58.56 134.46
 913.00 -100.11 163.93
 914.00 -90.92 118.25
 915.00 -75.81 122.43
 916.00 -125.67 -27.77
 917.00 -65.00 136.39


