 residuo Phi Psi
 669.00 -71.10 151.71
 670.00 -73.42 164.46
 671.00 -158.78 118.68
 672.00 -50.65 -30.48
 673.00 -51.32 -45.72
 674.00 -57.96 -49.39
 675.00 -75.17 -35.33
 676.00 -78.77 -27.84
 677.00 -80.05 -38.00
 678.00 -75.85 -14.16
 679.00 -140.64  -6.12
 680.00 -81.63   8.42
 681.00 -53.86 108.97
 682.00 -79.86 143.10
 683.00 -77.29 -163.26
 684.00 -125.55 132.12
 685.00 -87.85 135.13
 686.00 -75.15 145.80
 687.00  73.72 -20.96
 688.00 -81.61  27.69
 689.00 -83.11 145.37
 690.00 -67.40  98.04
 691.00 -85.63  -2.82
 692.00 -87.87 -16.76
 693.00 -56.65 163.54
 694.00 -69.32 131.36
 695.00 -153.85 134.30
 696.00 -52.56 162.19
 697.00 -77.64 -74.31
 698.00 -61.36 -22.46
 699.00 -64.03 -43.35
 700.00 -57.92 -50.65
 701.00 -62.03 -52.91
 702.00 -70.86 -32.13
 703.00 -60.10 -31.84
 704.00 -70.35 -38.21
 705.00 -49.51 -45.33
 706.00 -63.86 -45.20
 707.00 -62.54 -34.45
 708.00 -71.84 -45.39
 709.00 -62.11 -29.48
 710.00 -66.66 -46.65
 711.00 -59.67 -41.54
 712.00 -58.47 -41.37
 713.00 -59.82 -49.51
 714.00 -60.65 -43.85
 715.00 -65.68 -44.11
 716.00 -71.54 -39.67
 717.00 -64.36 -29.11
 718.00 -81.49 -42.04
 719.00 -57.01 -28.25
 720.00 -113.72 -20.35
 721.00 -45.80 -15.10
 722.00 -70.53 134.21
 723.00  80.70 131.28
 724.00 -75.58   7.92
 725.00 -72.37 -25.84
 726.00 -72.05   3.93
 727.00 -88.55 -18.78
 728.00 -69.53 145.62
 729.00 -65.93 151.92
 730.00 -64.52 -29.08
 731.00 -77.31 -27.24
 732.00 -50.71 -49.61
 733.00 -70.70 -54.59
 734.00 -67.87 -24.14
 735.00 -66.30 -48.53
 736.00 -72.29 -26.66
 737.00 -87.19 -28.77
 738.00 -90.34 -16.31
 739.00 -65.20 -50.26
 740.00 -48.71 -19.65
 741.00 -83.59 -36.13
 742.00 -56.11 -45.41
 743.00 -64.77 -48.32
 744.00 -85.70 -38.14
 745.00 -80.25 -23.78
 746.00 -49.73 -45.55
 747.00 -69.54 -44.77
 748.00 -62.31 -38.43
 749.00 -59.72 -40.92
 750.00 -60.74 -49.59
 751.00 -70.11 -46.09
 752.00 -77.02 -24.60
 753.00 -54.78 -34.01
 754.00 -59.24 -58.00
 755.00 -86.97 -47.09
 756.00 -137.10 -23.31
 757.00  52.21  15.75
 758.00  56.39  43.30
 759.00 -56.16  -3.81
 760.00 -130.72 -31.09
 761.00 -98.56 154.00
 762.00 -71.77  94.87
 763.00 -60.82  72.14
 764.00 -148.49 -55.92
 765.00 -60.62 164.21
 766.00 -85.46 -38.53
 767.00 -128.26 -13.53
 768.00 -71.32  50.07
 769.00 -102.69 137.82
 770.00 -101.95 132.44
 771.00 -54.44 177.97
 772.00 -66.34 -35.77
 773.00 -76.52 -35.39
 774.00 -54.47 -37.56
 775.00 -77.59 -34.95
 776.00 -60.91 -52.84
 777.00 -72.52 -31.33
 778.00  46.73  -8.99
 779.00 -125.35  34.19
 780.00 -55.95  37.57
 781.00 -78.89 -46.86
 782.00 -66.33 -31.62
 783.00 -67.99 -36.91
 784.00 -64.99 -39.79
 785.00 -58.47 -47.01
 786.00 -69.00 -35.45
 787.00 -82.65 -30.59
 788.00 -67.16 -35.90
 789.00 -57.65 -41.44
 790.00 -64.90 -46.17
 791.00 -67.20 -29.83
 792.00 -57.55 -27.50
 793.00 -55.55 -44.41
 794.00 -75.55 -31.90
 795.00 -69.95 -38.53
 796.00 -82.15 -41.49
 797.00  46.90 -15.48
 798.00 -84.11  74.76
 799.00 -97.33 141.51
 800.00 -61.55 159.86
 801.00 -58.39 -33.35
 802.00 -75.75 -39.77
 803.00 -52.01 -41.08
 804.00 -54.31 -59.18
 805.00 -73.34 -49.96
 806.00 -77.32 -21.93
 807.00 -63.87 -43.21
 808.00 -65.83 -36.29
 809.00 -70.82 -41.20
 810.00 -64.84 -23.64
 811.00 -78.95 -13.22
 812.00 -115.85 -19.82
 813.00 -132.96  41.79
 814.00 -151.72   3.81
 815.00 -138.99 118.85
 816.00 -71.17 158.31
 817.00 -69.34 162.76
 818.00 -70.42 -36.33
 819.00  74.71 -26.76
 820.00 -59.21 163.26
 821.00 -52.99 165.02
 822.00 -116.64 -33.66
 823.00 -59.08  25.68
 824.00 -45.88 -40.74
 825.00 -100.00 -32.32
 826.00 -55.07 -25.29
 827.00 -56.36 -55.38
 828.00 -89.49 -28.70
 829.00 -63.85 -21.17
 830.00 -65.73 -46.19
 831.00 -59.31 -39.33
 832.00 -55.42 -57.00
 833.00 -62.97 -45.58
 834.00 -64.28 -38.29
 835.00 -60.49 -50.53
 836.00 -82.56 -31.91
 837.00 -73.56 -23.27
 838.00 -33.89 -56.92
 839.00 -65.61 -32.56
 840.00 -128.31 -30.36
 841.00 -57.06  -0.94
 842.00 -83.02 146.62
 843.00 -112.66  52.23
 844.00 -57.87 148.08
 845.00 -46.14 114.61
 846.00 -68.47 -55.66
 847.00 -119.73  -2.14
 848.00 -74.07  81.57
 849.00 -64.24 -20.48
 850.00 -55.37 -30.49
 851.00 -72.06 -41.40
 852.00 -66.07 -34.27
 853.00 -62.00 -45.73
 854.00 -64.75 -43.73
 855.00 -66.53 -38.73
 856.00 -59.87 -45.51
 857.00 -57.89 -42.57
 858.00 -68.13 -49.42
 859.00 -70.38 -40.41
 860.00 -57.97 -32.77
 861.00 -67.78 -41.30
 862.00 -56.99 -52.68
 863.00 -63.63 -40.59
 864.00 -68.12 -38.64
 865.00 -80.21 -17.27
 866.00 -49.65 -38.92
 867.00 -63.25 -39.87
 868.00 -75.47 -32.18
 869.00 -62.12 -43.39
 870.00 -53.12 -34.37
 871.00 -60.91 -54.40
 872.00 -66.73 -49.66
 873.00 -59.73 -28.82
 874.00 -60.18 -49.80
 875.00 -54.79 -42.81
 876.00 -74.41 -48.24
 877.00 -57.78 -42.16
 878.00 -54.39 -41.80
 879.00 -73.10 -37.76
 880.00 -61.99 -47.24
 881.00 -73.18 -39.39
 882.00 -137.29  -6.32
 883.00 -41.85  31.70
 884.00 -76.71 -35.85
 885.00 -66.16 -45.58
 886.00 -78.53 -39.01
 887.00  65.01 -11.30
 888.00 -87.68  12.61
 889.00 -85.24 132.72
 890.00 -131.67 139.60
 891.00 -65.74 138.18
 892.00 -47.47 137.63
 893.00 -67.52 -41.70
 894.00 -59.54 -46.63
 895.00 -61.95 -43.95
 896.00 -68.58 -28.57
 897.00 -69.11 -41.23
 898.00 -60.90 -46.71
 899.00 -108.70 -17.58
 900.00 -105.45 -29.61
 901.00 -88.88 -49.81
 902.00 -58.90 -41.50
 903.00 -47.97 -40.79
 904.00 -54.53 -39.13
 905.00 -68.91 -40.29
 906.00 -63.65 -44.28
 907.00 -88.24 -38.54
 908.00  70.15   2.64
 909.00 -66.47  12.53
 910.00 -127.69 -33.29
 911.00 -136.02 145.33
 912.00 -64.30 134.99
 913.00 -87.61 147.45
 914.00 -127.07 148.67
 915.00 -85.67 142.22
 916.00 -134.88 -22.63
 917.00 -94.73 158.77


