 residuo Phi Psi
 669.00 -73.17 140.58
 670.00 -66.02 159.26
 671.00 -141.93 132.93
 672.00 -64.53 -16.68
 673.00 -66.47 -31.96
 674.00 -60.54 -42.74
 675.00 -60.19 -44.34
 676.00 -49.89 -46.36
 677.00 -69.24 -39.94
 678.00 -75.98 -35.84
 679.00 -83.99 -34.15
 680.00 -70.89  -4.10
 681.00 -79.56 116.10
 682.00 -60.37 168.11
 683.00 -60.83 161.13
 684.00 -98.96 134.29
 685.00 -90.89 135.79
 686.00 -73.72 144.73
 687.00  76.01 -34.79
 688.00 -96.32  26.04
 689.00 -129.10 160.27
 690.00 -106.11 116.32
 691.00 -77.61  11.63
 692.00 -94.91 -15.04
 693.00 -59.41 147.71
 694.00 -65.93 138.41
 695.00 -138.99 130.34
 696.00 -62.79 146.19
 697.00 -73.52 -39.31
 698.00 -71.24 -38.49
 699.00 -62.03 -42.54
 700.00 -58.65 -58.54
 701.00 -71.66 -31.39
 702.00 -76.69 -39.91
 703.00 -69.39 -25.72
 704.00 -66.90 -42.87
 705.00 -68.70 -24.93
 706.00 -48.72 -53.75
 707.00 -53.19 -40.75
 708.00 -62.60 -50.46
 709.00 -83.03 -36.98
 710.00 -59.97 -32.56
 711.00 -76.44 -42.99
 712.00 -66.04 -27.96
 713.00 -82.32 -37.48
 714.00 -55.08 -28.93
 715.00 -55.97 -47.29
 716.00 -61.31 -48.02
 717.00 -71.68 -36.98
 718.00 -68.09 -39.88
 719.00 -72.64 -26.01
 720.00 -148.77   4.58
 721.00 -57.06   7.17
 722.00 -53.95 115.13
 723.00  99.29 120.42
 724.00 -55.35 -22.05
 725.00 -63.66 -37.05
 726.00 -79.94   0.96
 727.00 -75.15 -21.95
 728.00 -60.38 146.11
 729.00 -57.81 154.90
 730.00 -61.44 -31.79
 731.00 -70.52 -51.90
 732.00 -58.92 -29.99
 733.00 -62.63 -53.34
 734.00 -58.15 -30.44
 735.00 -63.40 -57.15
 736.00 -56.35 -30.37
 737.00 -73.90 -46.11
 738.00 -65.06 -42.83
 739.00 -67.75 -49.55
 740.00 -61.31 -10.23
 741.00 -89.99 -20.05
 742.00 -55.88 -51.10
 743.00 -58.46 -51.72
 744.00 -58.84 -62.92
 745.00 -70.33 -38.63
 746.00 -52.95 -43.28
 747.00 -71.23 -42.26
 748.00 -61.42 -38.83
 749.00 -65.19 -33.89
 750.00 -80.85 -33.38
 751.00 -48.65 -45.10
 752.00 -59.28 -45.92
 753.00 -65.74 -47.97
 754.00 -74.91 -46.80
 755.00 -80.65 -54.89
 756.00 -137.24 -35.07
 757.00  59.07  24.20
 758.00  63.16  43.38
 759.00 -60.54 -10.85
 760.00 -113.60 -43.32
 761.00 -62.79 146.44
 762.00 -94.51 110.98
 763.00 -63.50  70.15
 764.00 -146.91 -54.84
 765.00 -64.77 169.36
 766.00 -100.73 -23.44
 767.00 -139.75  -8.62
 768.00 -89.80  61.09
 769.00 -127.56 154.73
 770.00 -68.78 104.48
 771.00 -63.31 169.44
 772.00 -73.50 -24.99
 773.00 -62.33 -44.34
 774.00 -58.95 -42.12
 775.00 -57.61 -42.83
 776.00 -62.68 -42.96
 777.00 -66.04 -25.01
 778.00  56.47  -9.45
 779.00 -149.99  22.34
 780.00 -56.73  46.92
 781.00 -66.20 -38.17
 782.00 -81.71 -30.96
 783.00 -64.16 -45.48
 784.00 -72.92 -30.24
 785.00 -57.32 -44.27
 786.00 -72.33 -40.95
 787.00 -67.77 -30.11
 788.00 -68.65 -34.25
 789.00 -68.59 -24.22
 790.00 -61.82 -48.65
 791.00 -65.59 -28.49
 792.00 -79.85 -27.47
 793.00 -45.00 -44.08
 794.00 -78.78 -29.93
 795.00 -64.93 -30.86
 796.00 -92.25 -45.10
 797.00  50.04 -12.48
 798.00 -68.84  71.87
 799.00 -97.72 130.26
 800.00 -68.32 157.63
 801.00 -64.64 -20.51
 802.00 -63.25 -47.58
 803.00 -60.81 -35.41
 804.00 -69.76 -51.65
 805.00 -76.70 -35.93
 806.00 -62.76 -40.78
 807.00 -64.53 -43.68
 808.00 -58.01 -35.77
 809.00 -64.41 -53.04
 810.00 -64.81 -20.25
 811.00 -77.34 -23.19
 812.00 -131.58  -0.07
 813.00 -144.78  50.53
 814.00 -156.44   3.86
 815.00 -153.95 138.22
 816.00 -64.04 163.92
 817.00 -60.79 169.63
 818.00 -91.43 -43.34
 819.00  81.01  11.11
 820.00 -69.10 165.46
 821.00 -74.30 178.14
 822.00 -91.41 -44.61
 823.00 -50.46  33.35
 824.00 -65.56 -33.09
 825.00 -71.83 -44.04
 826.00 -55.21 -31.11
 827.00 -75.57 -45.84
 828.00 -59.65 -39.66
 829.00 -61.48 -53.15
 830.00 -60.36 -43.38
 831.00 -62.07 -41.10
 832.00 -65.06 -39.84
 833.00 -76.61 -41.57
 834.00 -65.98 -22.01
 835.00 -63.21 -50.61
 836.00 -74.78 -36.02
 837.00 -58.94 -34.54
 838.00 -45.77 -57.66
 839.00 -72.39 -33.82
 840.00 -120.34 -14.69
 841.00 -71.27   4.80
 842.00 -81.25 146.21
 843.00 -136.64  79.38
 844.00 -91.82 164.03
 845.00 -40.25 103.68
 846.00 -54.47 -52.52
 847.00 -143.56   1.33
 848.00 -55.09  93.15
 849.00 -62.29 -23.82
 850.00 -67.71 -34.65
 851.00 -89.08 -24.89
 852.00 -62.94 -33.38
 853.00 -64.76 -41.20
 854.00 -60.79 -49.30
 855.00 -72.24 -39.14
 856.00 -63.09 -37.52
 857.00 -56.22 -50.42
 858.00 -62.83 -47.70
 859.00 -51.60 -64.44
 860.00 -68.33 -26.57
 861.00 -62.57 -31.30
 862.00 -77.40 -45.72
 863.00 -52.28 -41.92
 864.00 -83.06 -25.31
 865.00 -71.41 -17.82
 866.00 -52.56 -43.95
 867.00 -63.70 -44.65
 868.00 -69.15 -33.22
 869.00 -60.84 -42.62
 870.00 -59.08 -41.06
 871.00 -57.87 -52.23
 872.00 -95.65 -23.89
 873.00 -50.67 -28.83
 874.00 -66.30 -50.80
 875.00 -61.75 -44.16
 876.00 -63.62 -49.62
 877.00 -56.04 -47.03
 878.00 -69.51 -30.65
 879.00 -60.81 -40.88
 880.00 -65.81 -44.21
 881.00 -96.09 -20.05
 882.00 -147.68  11.44
 883.00 -65.50  31.79
 884.00 -77.44 -36.09
 885.00 -99.37 -12.00
 886.00 -75.76 -45.01
 887.00  47.04 -15.66
 888.00 -85.76  32.50
 889.00 -104.00 134.12
 890.00 -124.79 141.77
 891.00 -86.81 144.26
 892.00 -56.60 141.18
 893.00 -73.01 -26.31
 894.00 -87.25 -37.77
 895.00 -62.07 -32.75
 896.00 -69.92 -32.56
 897.00 -58.30 -37.51
 898.00 -68.63 -46.25
 899.00 -78.70 -46.90
 900.00 -129.44 -16.27
 901.00 -75.53 -53.06
 902.00 -56.13 -47.95
 903.00 -54.33 -43.83
 904.00 -67.83 -35.14
 905.00 -74.02 -25.32
 906.00 -63.30 -52.94
 907.00 -92.60 -25.27
 908.00  81.48  -1.83
 909.00 -72.74   3.19
 910.00 -135.75 -10.55
 911.00 -128.56 139.26
 912.00 -60.57 125.51
 913.00 -91.16 145.02
 914.00 -73.86  97.83
 915.00 -68.54 143.42
 916.00 -120.30 -40.17
 917.00 -137.23 141.60


