 residuo Phi Psi
 669.00 -161.12 121.08
 670.00 -74.24 131.74
 671.00 -161.93 122.59
 672.00 -59.69   3.71
 673.00 -64.22 -22.51
 674.00 -65.59 -46.97
 675.00 -66.34 -26.93
 676.00 -51.50 -48.93
 677.00 -65.56 -50.45
 678.00 -79.09 -37.31
 679.00 -94.21 -21.48
 680.00 -53.42   0.35
 681.00 -62.48 143.27
 682.00 -79.35 131.01
 683.00 -59.97 -169.70
 684.00 -130.46 136.21
 685.00 -76.73 107.08
 686.00 -82.68 148.79
 687.00  85.90 -15.66
 688.00 -72.77  16.14
 689.00 -73.43 145.85
 690.00 -78.94  62.86
 691.00 -93.58  12.83
 692.00 -81.00  -1.00
 693.00 -66.08 165.71
 694.00 -101.19 155.18
 695.00 -162.64 142.83
 696.00 -47.69 159.22
 697.00 -73.30 -59.35
 698.00 -65.39 -43.05
 699.00 -54.62 -42.51
 700.00 -72.14 -57.56
 701.00 -76.53 -24.61
 702.00 -62.90 -47.06
 703.00 -80.04 -16.44
 704.00 -70.07 -30.07
 705.00 -53.55 -50.48
 706.00 -57.95 -46.56
 707.00 -56.04 -30.70
 708.00 -77.39 -40.07
 709.00 -55.76 -42.95
 710.00 -63.88 -48.24
 711.00 -81.23 -33.77
 712.00 -60.12 -24.42
 713.00 -53.63 -54.14
 714.00 -60.49 -38.27
 715.00 -65.50 -51.22
 716.00 -63.40 -46.55
 717.00 -63.35 -34.74
 718.00 -56.41 -50.22
 719.00 -52.45 -52.82
 720.00 -114.42 -16.84
 721.00 -62.01  -7.90
 722.00 -61.96 124.57
 723.00  85.32 150.67
 724.00 -68.93 -24.14
 725.00 -62.02 -30.18
 726.00 -68.64 -13.65
 727.00 -103.31  -5.31
 728.00 -74.86 142.16
 729.00 -38.84 137.79
 730.00 -77.05 -39.54
 731.00 -74.96 -22.92
 732.00 -50.20 -49.81
 733.00 -62.11 -45.31
 734.00 -48.67 -50.02
 735.00 -57.82 -69.19
 736.00 -63.60 -38.14
 737.00 -57.66 -52.71
 738.00 -97.79 -20.17
 739.00 -81.06 -40.40
 740.00 -64.47 -16.76
 741.00 -56.39 -34.33
 742.00 -76.28 -56.29
 743.00 -54.44 -33.50
 744.00 -68.77 -47.93
 745.00 -65.90 -32.71
 746.00 -58.42 -45.54
 747.00 -52.95 -51.01
 748.00 -67.93 -50.90
 749.00 -73.96 -19.88
 750.00 -71.69 -38.31
 751.00 -55.44 -46.83
 752.00 -55.31 -44.05
 753.00 -68.47 -50.84
 754.00 -66.19 -40.91
 755.00 -83.91 -54.68
 756.00 -121.91 -53.07
 757.00  51.71  33.69
 758.00  70.86  25.21
 759.00 -70.46  -6.76
 760.00 -114.42 -34.55
 761.00 -83.57 146.55
 762.00 -99.54 122.50
 763.00 -57.96  62.24
 764.00 -137.76 -63.35
 765.00 -52.35 162.31
 766.00 -103.82 -25.88
 767.00 -138.87   2.43
 768.00 -95.27  60.31
 769.00 -97.05 128.15
 770.00 -85.65 106.82
 771.00 -54.07 176.09
 772.00 -76.99 -30.19
 773.00 -65.07 -42.42
 774.00 -57.82 -40.35
 775.00 -100.41 -25.71
 776.00 -69.20 -38.41
 777.00 -90.20 -14.96
 778.00  55.18 -12.49
 779.00 -136.62  40.15
 780.00 -56.38  34.29
 781.00 -72.42 -40.38
 782.00 -48.42 -53.04
 783.00 -57.91 -50.82
 784.00 -65.80 -39.22
 785.00 -70.66 -38.29
 786.00 -54.38 -48.70
 787.00 -66.08 -34.40
 788.00 -53.67 -48.75
 789.00 -66.18 -39.18
 790.00 -61.95 -35.71
 791.00 -70.78 -33.86
 792.00 -60.55 -22.38
 793.00 -60.10 -32.59
 794.00 -68.28 -36.57
 795.00 -76.00 -48.41
 796.00 -92.58 -28.00
 797.00  58.30 -18.16
 798.00 -85.96  68.85
 799.00 -82.91 142.90
 800.00 -57.74 152.96
 801.00 -69.05 -32.40
 802.00 -61.26 -40.61
 803.00 -55.82 -50.98
 804.00 -51.42 -47.59
 805.00 -85.09 -38.95
 806.00 -62.93 -43.55
 807.00 -55.36 -36.74
 808.00 -67.19 -40.09
 809.00 -59.72 -44.20
 810.00 -63.10 -28.28
 811.00 -85.21 -21.31
 812.00 -104.93 -20.57
 813.00 -125.89  34.27
 814.00 -161.15  24.53
 815.00 -147.00 130.99
 816.00 -59.32 163.88
 817.00 -69.64 166.99
 818.00 -120.36 -23.31
 819.00  79.78  27.83
 820.00 -78.63 173.13
 821.00 -70.23 165.67
 822.00 -122.67 -31.51
 823.00 -56.03  67.43
 824.00 -57.79 -37.48
 825.00 -71.69 -29.67
 826.00 -72.06 -27.25
 827.00 -47.84 -50.12
 828.00 -58.65 -48.86
 829.00 -69.74 -47.29
 830.00 -68.77 -31.62
 831.00 -66.57 -42.46
 832.00 -62.81 -37.40
 833.00 -77.31 -44.62
 834.00 -50.21 -40.38
 835.00 -64.98 -44.47
 836.00 -74.63 -33.59
 837.00 -60.58 -38.81
 838.00 -55.41 -48.84
 839.00 -61.50 -42.66
 840.00 -105.61 -37.30
 841.00 -45.24  -9.80
 842.00 -73.55 155.36
 843.00 -165.46 101.31
 844.00 -66.40 149.07
 845.00 -68.99 121.35
 846.00 -48.68 -42.15
 847.00 -119.92 -25.44
 848.00 -60.21  77.87
 849.00 -53.39 -26.46
 850.00 -68.62 -32.50
 851.00 -69.75 -35.18
 852.00 -59.14 -41.28
 853.00 -69.63 -43.45
 854.00 -62.58 -43.67
 855.00 -58.82 -41.51
 856.00 -62.38 -46.83
 857.00 -61.63 -33.13
 858.00 -71.98 -40.66
 859.00 -82.71 -34.50
 860.00 -64.06 -28.97
 861.00 -71.26 -32.38
 862.00 -59.70 -47.41
 863.00 -54.83 -52.17
 864.00 -71.59 -21.10
 865.00 -89.84 -17.73
 866.00 -50.24 -43.47
 867.00 -58.08 -54.78
 868.00 -77.53 -25.64
 869.00 -64.68 -37.64
 870.00 -51.06 -42.60
 871.00 -54.98 -52.86
 872.00 -72.15 -42.28
 873.00 -74.11 -28.93
 874.00 -63.29 -36.13
 875.00 -62.41 -54.44
 876.00 -75.23 -39.36
 877.00 -74.23 -29.01
 878.00 -63.38 -34.02
 879.00 -78.89 -35.93
 880.00 -70.39 -31.25
 881.00 -58.34 -35.21
 882.00 -129.40 -12.32
 883.00 -63.36  12.43
 884.00 -75.73 -45.24
 885.00 -75.26 -27.78
 886.00 -119.43 -17.17
 887.00  60.58   4.22
 888.00 -84.90  26.08
 889.00 -113.94 134.55
 890.00 -122.07 140.08
 891.00 -57.61 142.43
 892.00 -62.28 146.45
 893.00 -71.69 -35.69
 894.00 -70.56 -36.37
 895.00 -67.19 -40.65
 896.00 -63.25 -46.36
 897.00 -54.60 -36.06
 898.00 -79.50 -43.81
 899.00 -95.12 -24.36
 900.00 -125.50 -15.85
 901.00 -87.48 -53.18
 902.00 -58.47 -47.79
 903.00 -56.52 -31.64
 904.00 -70.54 -28.43
 905.00 -68.77 -32.02
 906.00 -77.23 -35.05
 907.00 -81.73 -33.56
 908.00  84.27   2.34
 909.00 -61.51 -18.92
 910.00 -119.49  -9.06
 911.00 -113.80 131.77
 912.00 -72.72 138.06
 913.00 -96.93 160.20
 914.00 -118.60 130.78
 915.00 -87.64 144.26
 916.00 -129.95 -33.80
 917.00 -68.68 167.84


