 residuo Phi Psi
 669.00 -61.78 154.37
 670.00 -62.40 157.07
 671.00 -63.23 144.02
 672.00 -60.92 -17.54
 673.00 -84.24 -24.61
 674.00 -67.45 -28.55
 675.00 -62.48 -37.05
 676.00 -58.08 -54.45
 677.00 -75.77 -30.57
 678.00 -56.34 -51.55
 679.00 -77.43 -31.32
 680.00 -57.33  -7.87
 681.00 -46.71 112.76
 682.00 -58.93 134.25
 683.00 -72.58 148.28
 684.00 -100.07 132.88
 685.00 -81.09 140.50
 686.00 -84.54 147.37
 687.00  83.67 -20.96
 688.00 -85.01  27.97
 689.00 -66.05 109.92
 690.00 -76.51  98.92
 691.00 -70.05  -1.33
 692.00 -82.02 -25.14
 693.00 -65.58 174.08
 694.00 -84.63 161.33
 695.00 -161.75 148.66
 696.00 -58.85 155.42
 697.00 -72.02 -32.91
 698.00 -62.68 -49.60
 699.00 -62.27 -47.07
 700.00 -80.13 -43.06
 701.00 -62.89 -32.25
 702.00 -67.84 -39.23
 703.00 -72.90 -21.01
 704.00 -58.25 -43.78
 705.00 -68.24 -36.60
 706.00 -51.72 -51.29
 707.00 -65.23 -32.54
 708.00 -69.98 -46.34
 709.00 -57.42 -36.83
 710.00 -69.32 -49.18
 711.00 -62.40 -43.18
 712.00 -59.50 -38.04
 713.00 -64.51 -36.56
 714.00 -52.45 -40.35
 715.00 -69.54 -43.71
 716.00 -61.13 -44.75
 717.00 -64.95 -45.72
 718.00 -73.17 -40.37
 719.00 -64.58 -19.63
 720.00 -80.87 -38.05
 721.00 -61.93 -35.56
 722.00 -63.51 134.05
 723.00  73.68 137.07
 724.00 -54.69 -12.51
 725.00 -58.24 -29.87
 726.00 -86.62 -29.32
 727.00 -129.76  14.31
 728.00 -62.19 144.96
 729.00 -57.18 154.15
 730.00 -74.73 -27.59
 731.00 -78.72 -28.89
 732.00 -47.16 -52.88
 733.00 -53.29 -48.94
 734.00 -58.05 -46.48
 735.00 -63.78 -57.68
 736.00 -73.79 -24.03
 737.00 -71.24 -48.34
 738.00 -95.36 -18.76
 739.00 -97.08 -35.68
 740.00 -72.68   5.75
 741.00 -70.27 -35.95
 742.00 -50.72 -38.18
 743.00 -63.09 -52.95
 744.00 -64.72 -44.77
 745.00 -57.69 -54.71
 746.00 -58.50 -43.21
 747.00 -71.76 -51.29
 748.00 -49.57 -35.46
 749.00 -59.40 -56.90
 750.00 -80.87 -31.88
 751.00 -63.32 -45.98
 752.00 -74.49 -27.14
 753.00 -77.91 -32.11
 754.00 -84.20 -33.48
 755.00 -86.69 -35.07
 756.00 -139.78 -43.85
 757.00  49.24  28.86
 758.00  66.23  31.97
 759.00 -71.76  11.76
 760.00 -138.42 -20.48
 761.00 -90.92 153.60
 762.00 -98.13 118.98
 763.00 -54.94  59.58
 764.00 -149.22 -43.10
 765.00 -63.71 166.58
 766.00 -95.08 -17.75
 767.00 -88.05 -48.95
 768.00 -87.16  68.13
 769.00 -98.58 127.00
 770.00 -81.98  97.84
 771.00 -62.72 170.73
 772.00 -74.66 -20.01
 773.00 -68.72 -44.82
 774.00 -70.44 -33.55
 775.00 -82.22 -17.45
 776.00 -62.59 -46.66
 777.00 -75.65 -33.23
 778.00  55.45  -2.43
 779.00 -135.41  39.23
 780.00 -57.29  13.45
 781.00 -57.87 -44.41
 782.00 -76.94 -31.02
 783.00 -54.31 -42.87
 784.00 -63.44 -44.06
 785.00 -53.40 -44.20
 786.00 -75.58 -39.64
 787.00 -57.15 -37.14
 788.00 -65.97 -47.34
 789.00 -74.41 -26.00
 790.00 -66.46 -36.85
 791.00 -61.30 -42.37
 792.00 -65.83 -27.17
 793.00 -71.11 -32.61
 794.00 -67.86 -34.18
 795.00 -62.34 -40.37
 796.00 -87.36 -37.23
 797.00  62.05 -17.70
 798.00 -69.10  57.82
 799.00 -89.14 140.91
 800.00 -59.42 154.09
 801.00 -59.19 -36.56
 802.00 -75.09 -39.28
 803.00 -57.59 -42.59
 804.00 -50.93 -48.75
 805.00 -69.52 -42.17
 806.00 -49.74 -57.07
 807.00 -77.74 -37.07
 808.00 -45.02 -43.59
 809.00 -63.65 -50.41
 810.00 -78.09 -18.98
 811.00 -60.03 -29.74
 812.00 -112.62 -25.21
 813.00 -112.69  20.93
 814.00 -154.50  11.88
 815.00 -149.20 130.66
 816.00 -80.82 157.44
 817.00 -64.07 165.76
 818.00 -84.70 -28.02
 819.00  58.77   2.66
 820.00 -66.44 165.55
 821.00 -61.54 173.52
 822.00 -94.16 -55.53
 823.00 -52.96  36.51
 824.00 -68.55 -36.88
 825.00 -81.99 -28.37
 826.00 -69.28 -25.06
 827.00 -51.07 -53.03
 828.00 -61.86 -43.54
 829.00 -61.99 -50.07
 830.00 -58.29 -42.17
 831.00 -66.14 -43.53
 832.00 -62.57 -34.29
 833.00 -54.20 -51.86
 834.00 -68.27 -32.13
 835.00 -61.86 -48.64
 836.00 -81.75 -32.71
 837.00 -64.99 -28.01
 838.00 -63.72 -47.52
 839.00 -61.60 -34.00
 840.00 -99.91 -52.54
 841.00 -52.27   1.35
 842.00 -102.75 149.53
 843.00 -88.41  50.47
 844.00 -97.60 -176.57
 845.00 -56.84  93.28
 846.00 -68.60 -22.15
 847.00 -141.48  -9.10
 848.00 -62.61 102.83
 849.00 -70.22 -14.45
 850.00 -74.05 -31.21
 851.00 -55.26 -48.98
 852.00 -63.58 -43.72
 853.00 -72.67 -36.29
 854.00 -49.59 -50.02
 855.00 -68.58 -43.81
 856.00 -50.98 -43.65
 857.00 -66.03 -53.44
 858.00 -71.15 -25.07
 859.00 -53.41 -50.82
 860.00 -64.49 -32.51
 861.00 -77.44 -35.40
 862.00 -68.19 -40.69
 863.00 -77.82 -28.49
 864.00 -76.64 -16.19
 865.00 -58.54 -34.49
 866.00 -55.07 -42.90
 867.00 -65.43 -55.04
 868.00 -65.15 -26.09
 869.00 -54.26 -54.19
 870.00 -60.46 -43.72
 871.00 -61.60 -38.01
 872.00 -68.45 -49.22
 873.00 -61.06 -32.94
 874.00 -62.28 -45.05
 875.00 -51.37 -48.90
 876.00 -77.11 -41.78
 877.00 -58.33 -34.26
 878.00 -73.60 -47.80
 879.00 -62.13 -18.87
 880.00 -70.75 -44.49
 881.00 -75.80 -32.65
 882.00 -112.46 -16.99
 883.00 -55.25  18.12
 884.00 -77.53 -46.06
 885.00 -67.87 -26.39
 886.00 -92.90 -38.49
 887.00  62.48   8.10
 888.00 -84.61  24.92
 889.00 -100.99 133.23
 890.00 -120.16 137.66
 891.00 -75.15 125.54
 892.00 -44.41 142.08
 893.00 -65.18 -56.98
 894.00 -94.44 -21.31
 895.00 -62.78 -34.38
 896.00 -67.19 -37.11
 897.00 -53.68 -42.09
 898.00 -71.07 -51.41
 899.00 -76.68 -28.38
 900.00 -130.96 -26.31
 901.00 -99.47 -33.34
 902.00 -44.30 -56.12
 903.00 -50.58 -42.65
 904.00 -58.35 -42.19
 905.00 -66.33 -43.42
 906.00 -78.69 -39.43
 907.00 -87.57 -25.53
 908.00  76.42   4.17
 909.00 -65.82   6.38
 910.00 -157.57  14.72
 911.00 -111.48 127.15
 912.00 -65.44 115.80
 913.00 -84.47 132.21
 914.00 -63.54  76.89
 915.00 -86.48 158.59
 916.00 -81.36 -54.02
 917.00 -72.78 150.80


