 residuo Phi Psi
 669.00 -79.95 145.86
 670.00 -62.50 158.13
 671.00 -60.91 161.45
 672.00 -64.77 -39.30
 673.00 -51.08 -63.78
 674.00 -66.93 -36.54
 675.00 -74.69 -34.92
 676.00 -60.90 -43.06
 677.00 -60.01 -36.18
 678.00 -75.19 -46.72
 679.00 -70.70 -46.79
 680.00 -66.67  -7.28
 681.00 -74.85 115.53
 682.00 -57.75 160.06
 683.00 -67.58 147.60
 684.00 -102.61 131.40
 685.00 -86.40 148.59
 686.00 -71.97 160.17
 687.00  79.58 -21.46
 688.00 -61.59  -4.95
 689.00 -93.14 143.98
 690.00 -58.15  81.11
 691.00 -68.29  -4.04
 692.00 -107.65 -13.15
 693.00 -60.01 147.79
 694.00 -64.41 136.50
 695.00 -153.95 121.54
 696.00 -65.87 158.97
 697.00 -81.39 -52.64
 698.00 -71.70 -13.12
 699.00 -71.46 -46.32
 700.00 -69.42 -48.41
 701.00 -73.24 -26.73
 702.00 -71.54 -37.07
 703.00 -63.51 -36.44
 704.00 -59.66 -50.88
 705.00 -45.40 -48.12
 706.00 -68.12 -48.67
 707.00 -58.98 -33.56
 708.00 -81.02 -31.99
 709.00 -45.81 -51.67
 710.00 -72.26 -47.13
 711.00 -54.09 -41.80
 712.00 -56.43 -37.60
 713.00 -58.21 -55.66
 714.00 -65.41 -34.55
 715.00 -62.47 -49.49
 716.00 -82.63 -29.00
 717.00 -51.78 -46.05
 718.00 -69.83 -40.99
 719.00 -60.04 -45.45
 720.00 -120.13 -14.45
 721.00 -78.85   3.07
 722.00 -59.63 126.94
 723.00  99.49 138.82
 724.00 -48.20 -37.30
 725.00 -76.43 -44.02
 726.00 -64.61   1.49
 727.00 -75.34 -22.57
 728.00 -57.87 149.35
 729.00 -59.44 149.88
 730.00 -66.13 -35.36
 731.00 -84.82 -27.89
 732.00 -50.77 -41.01
 733.00 -61.25 -44.92
 734.00 -54.05 -49.77
 735.00 -67.83 -42.78
 736.00 -74.61 -34.42
 737.00 -57.86 -45.42
 738.00 -77.70 -35.85
 739.00 -85.55 -43.25
 740.00 -74.34   5.29
 741.00 -73.19 -37.58
 742.00 -70.02 -30.16
 743.00 -46.17 -47.96
 744.00 -67.79 -51.23
 745.00 -62.25 -47.82
 746.00 -67.13 -46.16
 747.00 -70.55 -33.15
 748.00 -65.91 -39.82
 749.00 -59.47 -38.52
 750.00 -90.69 -35.62
 751.00 -69.31 -34.80
 752.00 -50.79 -44.69
 753.00 -63.20 -45.95
 754.00 -82.76 -44.95
 755.00 -79.96 -31.15
 756.00 -139.27 -43.46
 757.00  49.92  22.44
 758.00  59.90  37.27
 759.00 -68.60  14.29
 760.00 -158.01 -18.61
 761.00 -100.39 157.81
 762.00 -96.51 110.98
 763.00 -67.57  73.32
 764.00 -162.21 -34.52
 765.00 -55.09 158.34
 766.00 -104.08 -19.50
 767.00 -130.94  -8.89
 768.00 -78.00  50.10
 769.00 -93.16 120.28
 770.00 -78.71 108.38
 771.00 -59.91 175.55
 772.00 -54.51 -41.97
 773.00 -77.78 -42.29
 774.00 -54.20 -32.16
 775.00 -65.24 -48.55
 776.00 -60.52 -50.24
 777.00 -87.35 -34.95
 778.00  62.61 -14.81
 779.00 -77.38   4.06
 780.00 -71.67  42.80
 781.00 -62.02 -57.26
 782.00 -53.50 -37.52
 783.00 -71.23 -35.96
 784.00 -58.38 -42.78
 785.00 -64.67 -42.97
 786.00 -67.91 -42.26
 787.00 -58.65 -29.76
 788.00 -79.30 -46.40
 789.00 -60.46 -26.51
 790.00 -64.08 -42.60
 791.00 -61.04 -31.51
 792.00 -57.25 -37.51
 793.00 -58.87 -42.41
 794.00 -71.02 -30.50
 795.00 -61.66 -45.78
 796.00 -89.86 -34.81
 797.00  61.81 -13.35
 798.00 -66.09  45.81
 799.00 -124.79 157.14
 800.00 -64.54 156.25
 801.00 -57.18 -31.85
 802.00 -57.95 -53.29
 803.00 -62.48 -40.73
 804.00 -65.89 -51.01
 805.00 -77.23 -36.23
 806.00 -66.66 -33.19
 807.00 -57.91 -33.95
 808.00 -65.06 -43.28
 809.00 -65.50 -43.04
 810.00 -59.83 -28.26
 811.00 -55.37 -43.02
 812.00 -114.75 -28.17
 813.00 -123.93  33.42
 814.00 -155.66  14.41
 815.00 -149.69 118.79
 816.00 -69.66 161.11
 817.00 -60.43 153.50
 818.00 -100.40 -45.44
 819.00  75.30  32.57
 820.00 -58.24 152.79
 821.00 -45.35 149.69
 822.00 -90.46 -50.05
 823.00 -49.47  15.47
 824.00 -66.51 -41.06
 825.00 -80.41 -34.20
 826.00 -77.94 -23.70
 827.00 -66.46 -34.72
 828.00 -70.44 -33.33
 829.00 -60.39 -50.87
 830.00 -63.13 -35.34
 831.00 -65.91 -47.01
 832.00 -61.41 -40.14
 833.00 -70.16 -42.93
 834.00 -58.43 -32.72
 835.00 -72.18 -38.25
 836.00 -90.17 -28.35
 837.00 -68.36 -29.52
 838.00 -74.80 -37.72
 839.00 -91.57  -0.37
 840.00 -135.22 -14.91
 841.00 -49.36  16.13
 842.00 -71.17 118.14
 843.00 -85.60  20.50
 844.00 -79.97 164.37
 845.00 -63.56 122.07
 846.00 -75.81 -11.69
 847.00 -140.42  -4.95
 848.00 -60.70  89.05
 849.00 -54.09 -40.00
 850.00 -71.36 -43.91
 851.00 -64.61 -39.03
 852.00 -61.54 -35.98
 853.00 -76.74 -45.19
 854.00 -63.42 -25.01
 855.00 -51.84 -45.38
 856.00 -60.61 -43.78
 857.00 -74.74 -36.21
 858.00 -72.36 -32.27
 859.00 -47.32 -46.77
 860.00 -77.78 -38.78
 861.00 -44.93 -43.25
 862.00 -60.89 -51.06
 863.00 -78.07 -40.30
 864.00 -50.04 -33.30
 865.00 -65.53 -41.77
 866.00 -66.68 -33.22
 867.00 -72.24 -41.32
 868.00 -69.68 -22.57
 869.00 -47.39 -52.18
 870.00 -65.42 -47.51
 871.00 -83.36 -25.64
 872.00 -74.59 -23.81
 873.00 -63.07 -38.87
 874.00 -56.87 -49.88
 875.00 -66.75 -40.86
 876.00 -63.64 -48.23
 877.00 -53.77 -42.37
 878.00 -66.23 -41.74
 879.00 -70.15 -38.57
 880.00 -64.82 -29.15
 881.00 -66.44 -46.81
 882.00 -97.89 -31.87
 883.00 -41.90   5.72
 884.00 -82.98 -36.36
 885.00 -72.70 -33.24
 886.00 -72.52 -46.55
 887.00  59.57 -20.44
 888.00 -65.12  21.57
 889.00 -83.67 140.70
 890.00 -110.63 122.41
 891.00 -57.42 103.59
 892.00 -66.29 140.48
 893.00 -57.14 -56.19
 894.00 -63.68 -37.13
 895.00 -69.18 -50.88
 896.00 -69.33 -22.37
 897.00 -56.85 -39.76
 898.00 -61.47 -50.54
 899.00 -83.63 -26.84
 900.00 -96.70 -51.56
 901.00 -104.61 -37.19
 902.00 -57.53 -40.64
 903.00 -57.21 -31.91
 904.00 -64.51 -34.77
 905.00 -81.91 -30.43
 906.00 -77.68 -44.94
 907.00 -89.03 -24.32
 908.00  76.82  -1.44
 909.00 -81.99  18.18
 910.00 -128.41 -13.96
 911.00 -134.37 124.75
 912.00 -52.89 149.82
 913.00 -100.67 164.72
 914.00 -64.03  61.59
 915.00 -87.45 124.29
 916.00 -74.64 -53.75
 917.00 -72.14 -30.68


