 residuo Phi Psi
 669.00 -132.64 141.66
 670.00 -63.27 145.40
 671.00 -156.33 149.94
 672.00 -60.35 -21.82
 673.00 -52.95 -58.01
 674.00 -66.62 -44.59
 675.00 -77.51 -35.80
 676.00 -63.26 -34.93
 677.00 -65.57 -36.25
 678.00 -74.10 -30.70
 679.00 -94.52 -37.53
 680.00 -74.42   1.80
 681.00 -67.19 115.20
 682.00 -76.24 156.17
 683.00 -50.52 163.53
 684.00 -102.14 145.46
 685.00 -103.49 145.43
 686.00 -64.25 135.14
 687.00  77.58 -34.19
 688.00 -69.54  21.37
 689.00 -77.49 121.78
 690.00 -64.68  88.32
 691.00 -60.07  -8.05
 692.00 -94.11 -23.87
 693.00 -58.20 132.45
 694.00 -78.03 153.48
 695.00 -134.37 135.61
 696.00 -57.88 158.07
 697.00 -71.93 -47.00
 698.00 -72.96 -29.80
 699.00 -72.85 -43.51
 700.00 -57.23 -56.88
 701.00 -67.60 -40.34
 702.00 -67.54 -35.84
 703.00 -57.28 -35.76
 704.00 -65.74 -41.77
 705.00 -63.71 -43.74
 706.00 -64.59 -39.58
 707.00 -80.79 -34.41
 708.00 -63.41 -30.15
 709.00 -66.61 -43.80
 710.00 -71.61 -33.45
 711.00 -57.61 -37.74
 712.00 -59.25 -45.26
 713.00 -68.28 -44.64
 714.00 -76.05 -29.15
 715.00 -61.16 -36.39
 716.00 -59.29 -40.59
 717.00 -69.42 -49.64
 718.00 -70.76 -31.81
 719.00 -77.13 -16.66
 720.00 -118.10  -8.69
 721.00 -43.28 -23.89
 722.00 -47.16 124.18
 723.00  80.88 121.14
 724.00 -74.27  -6.70
 725.00 -62.83 -25.11
 726.00 -53.84 -20.73
 727.00 -76.33 -46.99
 728.00 -64.45 141.99
 729.00 -64.05 153.59
 730.00 -67.45 -23.78
 731.00 -75.21 -36.94
 732.00 -48.99 -47.74
 733.00 -71.83 -45.38
 734.00 -66.02 -30.86
 735.00 -53.44 -68.33
 736.00 -55.45 -39.01
 737.00 -68.03 -45.47
 738.00 -75.77 -31.22
 739.00 -109.81 -27.92
 740.00 -66.21 -10.63
 741.00 -69.92 -32.66
 742.00 -56.09 -50.15
 743.00 -67.14 -42.33
 744.00 -53.91 -57.47
 745.00 -62.46 -46.26
 746.00 -50.74 -51.94
 747.00 -77.00 -35.79
 748.00 -58.07 -37.06
 749.00 -66.43 -45.56
 750.00 -62.45 -42.12
 751.00 -59.47 -39.83
 752.00 -64.35 -41.34
 753.00 -66.14 -38.09
 754.00 -93.59 -45.54
 755.00 -123.12   7.04
 756.00 -134.43 -40.24
 757.00  43.81  33.47
 758.00  49.19  47.19
 759.00 -70.97   6.89
 760.00 -92.48 -51.31
 761.00 -101.90 171.93
 762.00 -91.40 107.16
 763.00 -62.55  68.04
 764.00 -151.85 -45.17
 765.00 -51.79 158.54
 766.00 -114.10 -19.59
 767.00 -145.56  11.66
 768.00 -105.62  73.87
 769.00 -89.83 125.46
 770.00 -109.80 131.83
 771.00 -57.01 -173.76
 772.00 -57.12 -39.94
 773.00 -72.55 -44.22
 774.00 -51.37 -41.81
 775.00 -61.17 -44.94
 776.00 -64.79 -61.95
 777.00 -73.26 -26.70
 778.00  70.70 -11.29
 779.00 -76.06 -27.26
 780.00 -58.83  33.88
 781.00 -62.95 -42.78
 782.00 -63.84 -48.45
 783.00 -72.00 -30.15
 784.00 -59.74 -35.66
 785.00 -72.18 -47.37
 786.00 -72.14 -23.50
 787.00 -70.30 -30.92
 788.00 -64.15 -45.35
 789.00 -57.14 -37.00
 790.00 -60.25 -49.67
 791.00 -62.70 -38.24
 792.00 -63.95 -24.49
 793.00 -70.03 -29.19
 794.00 -59.57 -39.91
 795.00 -78.53 -53.11
 796.00 -95.69 -17.57
 797.00  59.91 -18.71
 798.00 -80.42  66.78
 799.00 -86.33 142.16
 800.00 -48.20 149.89
 801.00 -58.59 -50.86
 802.00 -69.02 -39.19
 803.00 -67.53 -43.00
 804.00 -63.64 -43.83
 805.00 -84.19 -27.18
 806.00 -67.28 -35.47
 807.00 -58.42 -38.33
 808.00 -54.63 -51.36
 809.00 -68.44 -43.73
 810.00 -75.08 -26.73
 811.00 -63.63 -39.84
 812.00 -106.59 -13.73
 813.00 -113.95  17.07
 814.00 -160.00  22.31
 815.00 -150.45 132.80
 816.00 -54.84 157.57
 817.00 -71.05 156.81
 818.00 -99.18 -21.42
 819.00  65.53  10.77
 820.00 -87.66 -174.33
 821.00 -58.10 170.13
 822.00 -71.36 -61.43
 823.00 -62.46  38.57
 824.00 -64.86 -45.08
 825.00 -63.78 -32.54
 826.00 -63.55 -41.59
 827.00 -60.05 -40.74
 828.00 -72.70 -36.59
 829.00 -58.47 -44.37
 830.00 -61.99 -54.62
 831.00 -58.52 -44.90
 832.00 -63.21 -47.01
 833.00 -71.46 -37.44
 834.00 -68.03 -27.30
 835.00 -66.79 -47.79
 836.00 -83.53 -23.88
 837.00 -69.99 -26.83
 838.00 -57.97 -41.96
 839.00 -69.09 -31.51
 840.00 -133.90 -18.28
 841.00 -66.82  13.95
 842.00 -80.82 137.57
 843.00 -160.79 119.58
 844.00 -79.73 169.96
 845.00 -62.41  97.12
 846.00 -68.75 -19.55
 847.00 -134.58 -23.50
 848.00 -45.86  80.84
 849.00 -64.80 -27.19
 850.00 -52.91 -31.01
 851.00 -65.51 -49.87
 852.00 -61.36 -29.44
 853.00 -59.07 -53.26
 854.00 -55.32 -47.12
 855.00 -66.12 -40.43
 856.00 -52.23 -41.85
 857.00 -60.02 -55.74
 858.00 -55.32 -45.89
 859.00 -71.08 -49.75
 860.00 -62.77 -29.22
 861.00 -59.07 -52.23
 862.00 -37.57 -45.93
 863.00 -57.62 -67.49
 864.00 -81.47 -20.80
 865.00 -55.66 -18.88
 866.00 -73.37 -42.45
 867.00 -67.57 -42.68
 868.00 -81.88 -16.79
 869.00 -62.28 -44.65
 870.00 -60.93 -34.55
 871.00 -60.54 -52.43
 872.00 -76.04 -35.69
 873.00 -57.81 -42.53
 874.00 -71.54 -29.80
 875.00 -57.48 -49.74
 876.00 -78.63 -41.44
 877.00 -67.95 -36.61
 878.00 -76.89 -29.62
 879.00 -76.56 -37.55
 880.00 -68.62 -24.60
 881.00 -75.61 -40.68
 882.00 -126.63 -10.20
 883.00 -43.47  30.05
 884.00 -58.23 -48.58
 885.00 -68.19 -50.48
 886.00 -97.57 -21.53
 887.00  60.95 -11.70
 888.00 -91.66  27.00
 889.00 -94.63 121.09
 890.00 -114.34 129.19
 891.00 -65.46 134.18
 892.00 -58.70 139.31
 893.00 -63.63 -33.31
 894.00 -66.64 -41.61
 895.00 -60.67 -48.59
 896.00 -68.94 -36.76
 897.00 -60.31 -37.83
 898.00 -70.35 -51.17
 899.00 -76.60 -37.19
 900.00 -101.35 -30.41
 901.00 -79.92 -60.95
 902.00 -53.31 -48.86
 903.00 -50.65 -50.29
 904.00 -63.83 -23.00
 905.00 -67.77 -41.79
 906.00 -62.37 -39.52
 907.00 -67.54 -47.21
 908.00  83.55 -21.21
 909.00 -65.14   0.42
 910.00 -131.78  -6.96
 911.00 -126.17 132.54
 912.00 -69.55 144.83
 913.00 -98.75 158.16
 914.00 -91.10 105.75
 915.00 -72.86 148.30
 916.00 -124.86 -38.21
 917.00 -133.98 141.21


