 residuo Phi Psi
 669.00 -91.37 141.56
 670.00 -59.25 163.97
 671.00 -61.74 156.44
 672.00 -61.52 -36.19
 673.00 -87.18 -35.07
 674.00 -62.34 -28.32
 675.00 -67.99 -44.61
 676.00 -66.73 -41.27
 677.00 -79.40 -35.29
 678.00 -78.75 -15.57
 679.00 -82.01 -36.90
 680.00 -51.09 -12.21
 681.00 -83.38 114.44
 682.00 -78.02 163.93
 683.00 -71.69 163.44
 684.00 -111.34 130.79
 685.00 -68.58 137.57
 686.00 -71.89 145.65
 687.00  90.98 -32.95
 688.00 -64.35  17.45
 689.00 -89.73 120.35
 690.00 -67.73  96.53
 691.00 -62.43  -6.40
 692.00 -78.97 -29.23
 693.00 -68.27 145.33
 694.00 -64.18 138.91
 695.00 -141.76 136.53
 696.00 -42.08 146.81
 697.00 -57.13 -81.76
 698.00 -82.68 -13.28
 699.00 -61.74 -39.64
 700.00 -67.65 -48.44
 701.00 -74.05 -38.94
 702.00 -70.27 -32.45
 703.00 -59.27 -36.76
 704.00 -60.50 -47.61
 705.00 -51.80 -47.95
 706.00 -60.53 -48.14
 707.00 -45.92 -33.90
 708.00 -66.43 -48.11
 709.00 -50.00 -55.56
 710.00 -80.40 -41.81
 711.00 -61.78 -33.70
 712.00 -63.61 -28.87
 713.00 -73.54 -54.52
 714.00 -63.18 -19.91
 715.00 -67.08 -46.95
 716.00 -59.80 -31.81
 717.00 -70.57 -45.22
 718.00 -62.19 -36.88
 719.00 -76.56 -32.59
 720.00 -127.08 -10.30
 721.00 -52.71  -2.41
 722.00 -53.78 114.91
 723.00  84.68 123.11
 724.00 -58.93 -10.04
 725.00 -44.78 -25.67
 726.00 -65.82 -28.77
 727.00 -92.27 -18.93
 728.00 -68.20 140.44
 729.00 -46.26 148.96
 730.00 -70.47 -33.97
 731.00 -65.51 -45.54
 732.00 -52.63 -39.33
 733.00 -68.39 -47.72
 734.00 -72.71 -38.51
 735.00 -75.21 -44.16
 736.00 -59.11 -27.51
 737.00 -61.40 -49.58
 738.00 -70.35 -47.44
 739.00 -63.18 -51.38
 740.00 -30.70 -31.90
 741.00 -75.79 -60.87
 742.00 -61.06 -33.74
 743.00 -58.11 -46.98
 744.00 -65.79 -46.06
 745.00 -71.80 -50.90
 746.00 -60.71 -35.33
 747.00 -81.59 -38.56
 748.00 -57.98 -37.56
 749.00 -68.56 -34.33
 750.00 -61.97 -48.88
 751.00 -62.55 -40.14
 752.00 -71.23 -31.91
 753.00 -49.71 -45.30
 754.00 -90.02 -35.29
 755.00 -97.45 -37.51
 756.00 -132.88 -36.16
 757.00  56.43  13.39
 758.00  64.98  27.89
 759.00 -72.47   0.13
 760.00 -140.06 -11.79
 761.00 -80.09 156.85
 762.00 -92.33 115.83
 763.00 -53.89  57.34
 764.00 -144.17 -56.58
 765.00 -60.57 159.56
 766.00 -96.45 -23.69
 767.00 -104.01 -29.67
 768.00 -94.13  63.47
 769.00 -94.29 122.90
 770.00 -82.89 118.28
 771.00 -52.14 170.82
 772.00 -75.24 -31.71
 773.00 -43.78 -45.67
 774.00 -59.46 -41.33
 775.00 -77.63 -41.62
 776.00 -48.24 -51.90
 777.00 -74.39 -45.11
 778.00  66.26  -9.14
 779.00 -129.35  44.28
 780.00 -49.51   1.84
 781.00 -74.91 -42.70
 782.00 -66.18 -29.22
 783.00 -63.04 -36.25
 784.00 -68.61 -36.91
 785.00 -50.39 -46.22
 786.00 -57.02 -58.58
 787.00 -67.30 -44.59
 788.00 -54.17 -41.09
 789.00 -58.16 -52.34
 790.00 -71.40 -42.11
 791.00 -50.60 -37.32
 792.00 -60.85 -29.70
 793.00 -64.61 -27.27
 794.00 -79.74 -28.21
 795.00 -60.61 -34.69
 796.00 -70.57 -39.95
 797.00  58.48 -48.48
 798.00 -83.73  68.19
 799.00 -81.00 126.37
 800.00 -61.88 154.47
 801.00 -43.20 -45.21
 802.00 -60.64 -52.66
 803.00 -59.28 -43.92
 804.00 -56.72 -48.72
 805.00 -68.81 -39.71
 806.00 -70.80 -34.93
 807.00 -67.54 -45.03
 808.00 -68.27 -26.12
 809.00 -58.23 -49.58
 810.00 -82.86 -28.97
 811.00 -69.82 -18.13
 812.00 -97.47 -32.78
 813.00 -135.14  55.38
 814.00 -157.13  10.75
 815.00 -142.14 111.64
 816.00 -58.31 167.29
 817.00 -47.23 158.22
 818.00 -78.92 -54.08
 819.00  75.69   5.12
 820.00 -76.11 175.67
 821.00 -61.61 165.34
 822.00 -119.75 -21.70
 823.00 -62.39  39.00
 824.00 -72.82 -21.64
 825.00 -58.50 -41.64
 826.00 -60.30 -42.94
 827.00 -60.80 -49.45
 828.00 -83.49 -29.91
 829.00 -68.39 -33.81
 830.00 -61.27 -41.83
 831.00 -54.55 -49.51
 832.00 -58.56 -37.43
 833.00 -64.63 -57.40
 834.00 -87.84 -11.94
 835.00 -62.96 -52.99
 836.00 -70.38 -42.41
 837.00 -63.03 -33.71
 838.00 -67.54 -42.12
 839.00 -67.02 -23.02
 840.00 -121.28 -26.82
 841.00 -57.15  -1.96
 842.00 -75.04 157.13
 843.00 -114.96  42.60
 844.00 -98.88 161.41
 845.00 -71.12 111.36
 846.00 -62.11 -35.22
 847.00 -63.91 -40.08
 848.00 -54.24 129.12
 849.00 -129.96 -31.39
 850.00 -40.47  -8.15
 851.00 -81.37 -49.68
 852.00 -56.00 -47.59
 853.00 -64.02 -43.75
 854.00 -64.77 -42.18
 855.00 -59.74 -53.56
 856.00 -57.10 -43.81
 857.00 -74.67 -37.76
 858.00 -79.05 -29.38
 859.00 -62.51 -39.30
 860.00 -75.81 -32.05
 861.00 -68.45 -26.26
 862.00 -77.48 -39.66
 863.00 -74.34 -24.73
 864.00 -81.20 -19.27
 865.00 -70.81 -17.91
 866.00 -66.73 -42.22
 867.00 -64.33 -45.56
 868.00 -68.90 -37.45
 869.00 -71.57 -33.18
 870.00 -66.61 -38.65
 871.00 -74.51 -25.63
 872.00 -84.84 -38.93
 873.00 -53.77 -29.42
 874.00 -62.74 -55.11
 875.00 -64.11 -31.32
 876.00 -49.17 -63.85
 877.00 -72.93 -35.50
 878.00 -54.38 -50.90
 879.00 -66.68 -48.28
 880.00 -61.13 -36.97
 881.00 -70.88 -39.14
 882.00 -98.32 -38.55
 883.00 -50.70   5.80
 884.00 -60.21 -55.99
 885.00 -66.42 -36.09
 886.00 -74.58 -57.20
 887.00  63.58   7.42
 888.00 -102.23  29.89
 889.00 -120.33 146.17
 890.00 -128.39 143.56
 891.00 -56.37 150.45
 892.00 -72.90 142.15
 893.00 -54.30 -34.85
 894.00 -75.23 -51.41
 895.00 -61.18 -32.89
 896.00 -61.58 -38.91
 897.00 -70.00 -40.88
 898.00 -71.42 -32.76
 899.00 -55.31 -50.71
 900.00 -98.75 -41.64
 901.00 -94.28 -50.99
 902.00 -47.51 -48.44
 903.00 -61.02 -39.17
 904.00 -67.89 -34.24
 905.00 -73.25 -29.84
 906.00 -59.89 -42.39
 907.00 -88.10 -28.01
 908.00  88.64 -12.54
 909.00 -71.80  -0.06
 910.00 -117.28 -24.33
 911.00 -135.98 125.94
 912.00 -67.89 149.19
 913.00 -102.44 157.63
 914.00 -79.12  96.17
 915.00 -78.74 134.62
 916.00 -135.77 -24.88
 917.00 -153.65 136.06


