 residuo Phi Psi
 669.00 -59.16 129.91
 670.00 -51.48 143.35
 671.00 -67.10 147.73
 672.00 -62.59 -25.94
 673.00 -63.16 -30.31
 674.00 -77.80 -13.75
 675.00 -61.99 -22.43
 676.00 -59.89 -55.53
 677.00 -60.07 -36.58
 678.00 -86.02 -38.46
 679.00 -70.19 -36.50
 680.00 -64.50 -14.95
 681.00 -54.64 123.66
 682.00 -81.66 152.12
 683.00 -64.39 148.93
 684.00 -96.19 130.57
 685.00 -73.93 131.89
 686.00 -87.94 157.11
 687.00  82.24 -13.95
 688.00 -76.91  23.05
 689.00 -133.80 161.07
 690.00 -56.38 100.94
 691.00 -76.72  -7.69
 692.00 -107.81 -11.57
 693.00 -55.40 151.35
 694.00 -84.60 133.02
 695.00 -147.10 151.85
 696.00 -54.28 146.66
 697.00 -64.02 -50.44
 698.00 -78.22 -40.49
 699.00 -66.32 -31.78
 700.00 -48.03 -57.08
 701.00 -72.83 -42.45
 702.00 -65.21 -33.10
 703.00 -69.40 -41.02
 704.00 -64.70 -40.41
 705.00 -71.75 -33.42
 706.00 -60.48 -46.28
 707.00 -58.07 -29.86
 708.00 -64.20 -35.45
 709.00 -58.13 -54.00
 710.00 -69.78 -38.96
 711.00 -69.15 -54.16
 712.00 -53.97 -24.46
 713.00 -66.46 -54.25
 714.00 -58.45 -29.61
 715.00 -46.74 -53.57
 716.00 -71.72 -43.40
 717.00 -62.23 -41.53
 718.00 -70.76 -41.45
 719.00 -59.12 -45.02
 720.00 -98.44 -22.80
 721.00 -52.70 -19.92
 722.00 -57.09 117.76
 723.00  74.34 150.36
 724.00 -67.33 -10.58
 725.00 -45.54 -23.35
 726.00 -68.04 -20.11
 727.00 -54.11 -43.92
 728.00 -58.57 148.89
 729.00 -65.72 147.28
 730.00 -65.90 -22.54
 731.00 -73.74 -41.45
 732.00 -69.11 -29.40
 733.00 -45.77 -49.41
 734.00 -58.31 -50.53
 735.00 -69.86 -48.79
 736.00 -63.39 -28.15
 737.00 -55.21 -63.67
 738.00 -84.70 -28.89
 739.00 -78.21 -49.51
 740.00 -60.86  -5.52
 741.00 -81.21 -34.76
 742.00 -61.42 -37.18
 743.00 -71.51 -41.98
 744.00 -54.54 -50.62
 745.00 -65.68 -47.85
 746.00 -67.28 -42.76
 747.00 -66.52 -40.93
 748.00 -61.53 -36.24
 749.00 -69.80 -35.54
 750.00 -74.93 -40.59
 751.00 -61.58 -31.44
 752.00 -55.35 -43.13
 753.00 -71.26 -42.30
 754.00 -95.92 -37.10
 755.00 -133.17   0.79
 756.00 -126.89 -40.36
 757.00  54.10  25.71
 758.00  54.44  29.73
 759.00 -71.68  17.64
 760.00 -133.99 -33.42
 761.00 -84.39 170.20
 762.00 -121.51 148.48
 763.00 -49.84  61.48
 764.00 -154.30 -49.03
 765.00 -37.50 159.78
 766.00 -81.43 -43.90
 767.00 -87.22 -51.02
 768.00 -60.83  48.02
 769.00 -106.98 131.46
 770.00 -81.25 101.91
 771.00 -49.02 171.43
 772.00 -64.39 -43.73
 773.00 -75.42 -32.95
 774.00 -66.63 -27.93
 775.00 -69.02 -31.10
 776.00 -70.76 -56.13
 777.00 -72.76 -30.88
 778.00  70.17 -18.41
 779.00 -69.07  -4.43
 780.00 -50.13  29.86
 781.00 -63.29 -60.61
 782.00 -52.59 -40.87
 783.00 -68.89 -55.50
 784.00 -65.14 -33.87
 785.00 -70.43 -48.29
 786.00 -61.85 -25.61
 787.00 -68.74 -35.93
 788.00 -59.19 -46.63
 789.00 -61.77 -36.95
 790.00 -64.97 -41.51
 791.00 -62.49 -42.13
 792.00 -55.96 -38.53
 793.00 -55.04 -32.56
 794.00 -71.83 -46.03
 795.00 -59.58 -40.31
 796.00 -97.06 -30.01
 797.00  57.48 -15.45
 798.00 -66.49  61.77
 799.00 -91.10 143.43
 800.00 -64.92 153.04
 801.00 -100.03  -9.13
 802.00 -58.74 -35.36
 803.00 -46.84 -57.07
 804.00 -60.08 -52.49
 805.00 -69.95 -43.37
 806.00 -64.21 -43.25
 807.00 -83.43 -28.18
 808.00 -70.51 -18.57
 809.00 -60.32 -46.49
 810.00 -75.45 -18.58
 811.00 -66.98 -25.83
 812.00 -123.48 -22.11
 813.00 -136.28  41.13
 814.00 -145.22  11.39
 815.00 -143.60 127.17
 816.00 -54.58 156.44
 817.00 -75.53 159.74
 818.00 -51.47 -31.19
 819.00  66.99  -9.39
 820.00 -82.52 -174.11
 821.00 -60.89 153.11
 822.00 -78.82 -49.06
 823.00 -51.57  32.12
 824.00 -69.26 -36.50
 825.00 -76.03 -37.06
 826.00 -68.30 -39.24
 827.00 -61.71 -40.39
 828.00 -74.67 -23.05
 829.00 -68.93 -35.88
 830.00 -49.66 -46.67
 831.00 -64.10 -64.06
 832.00 -63.74 -17.95
 833.00 -70.52 -55.31
 834.00 -66.07 -18.83
 835.00 -59.63 -59.02
 836.00 -66.14 -38.65
 837.00 -67.39 -36.16
 838.00 -63.97 -53.10
 839.00 -63.32 -24.35
 840.00 -142.37 -12.00
 841.00 -68.75  12.88
 842.00 -87.45 150.66
 843.00 -123.74  85.90
 844.00 -73.32 171.01
 845.00 -74.82 114.35
 846.00 -68.44 -21.89
 847.00 -139.64  -2.28
 848.00 -63.04 100.62
 849.00 -68.72 -27.38
 850.00 -76.53 -23.63
 851.00 -75.59 -38.24
 852.00 -63.46 -39.75
 853.00 -66.71 -50.68
 854.00 -73.75 -27.47
 855.00 -72.96 -36.19
 856.00 -67.79 -44.95
 857.00 -76.89 -30.39
 858.00 -67.06 -23.87
 859.00 -71.00 -45.49
 860.00 -66.94 -27.03
 861.00 -74.07 -36.81
 862.00 -65.30 -45.35
 863.00 -73.46 -26.12
 864.00 -73.75 -24.86
 865.00 -63.55 -23.48
 866.00 -71.63 -45.05
 867.00 -52.64 -37.85
 868.00 -67.69 -37.92
 869.00 -69.22 -39.70
 870.00 -55.37 -37.08
 871.00 -55.78 -42.32
 872.00 -66.76 -52.57
 873.00 -76.20 -34.35
 874.00 -74.11 -28.19
 875.00 -71.38 -26.32
 876.00 -82.54 -41.01
 877.00 -51.37 -35.43
 878.00 -68.42 -47.92
 879.00 -98.01 -16.76
 880.00 -53.32 -40.66
 881.00 -63.86 -39.10
 882.00 -126.89 -17.05
 883.00 -53.03  15.38
 884.00 -68.58 -52.96
 885.00 -52.69 -44.47
 886.00 -106.97 -29.31
 887.00  59.35  18.25
 888.00 -95.47  29.03
 889.00 -83.89 127.01
 890.00 -142.08 146.16
 891.00 -57.89 139.24
 892.00 -57.62 136.42
 893.00 -77.55 -40.96
 894.00 -74.89 -32.04
 895.00 -62.65 -39.91
 896.00 -77.83 -32.49
 897.00 -75.83 -26.65
 898.00 -64.03 -49.00
 899.00 -75.36 -35.91
 900.00 -101.23 -42.99
 901.00 -92.90 -30.97
 902.00 -53.25 -59.34
 903.00 -48.77 -25.09
 904.00 -64.28 -45.15
 905.00 -67.27 -32.76
 906.00 -65.57 -54.62
 907.00 -74.40 -30.62
 908.00  59.94  -1.19
 909.00 -73.79  18.94
 910.00 -105.26 -14.78
 911.00 -110.04 134.50
 912.00 -78.88 127.02
 913.00 -84.66 138.99
 914.00 -111.62 133.34
 915.00 -71.66 131.28
 916.00 -82.06 -37.92
 917.00 -100.67 163.96


