 residuo Phi Psi
 669.00 -69.33 140.81
 670.00 -53.03 154.88
 671.00 -62.04 146.29
 672.00 -50.05 -46.67
 673.00 -76.36 -48.00
 674.00 -62.00 -24.88
 675.00 -84.82 -22.80
 676.00 -56.06 -39.76
 677.00 -78.71 -34.40
 678.00 -62.49 -34.55
 679.00 -75.81 -49.50
 680.00 -65.28  -0.52
 681.00 -56.06 108.64
 682.00 -69.09 155.01
 683.00 -82.17 163.30
 684.00 -80.56 107.58
 685.00 -91.71 148.67
 686.00 -115.30 166.74
 687.00  90.36  -1.61
 688.00 -75.34  11.35
 689.00 -131.55 165.28
 690.00 -71.05  99.32
 691.00 -76.23  -2.35
 692.00 -109.14 -16.69
 693.00 -70.20 144.62
 694.00 -52.06 138.47
 695.00 -159.50 143.48
 696.00 -54.13 164.90
 697.00 -74.36 -48.72
 698.00 -63.63 -41.00
 699.00 -63.25 -48.95
 700.00 -69.98 -52.54
 701.00 -55.58 -39.20
 702.00 -79.92 -24.46
 703.00 -53.56 -45.99
 704.00 -66.31 -46.93
 705.00 -60.08 -35.76
 706.00 -57.35 -44.38
 707.00 -53.26 -26.42
 708.00 -56.47 -52.10
 709.00 -52.38 -58.76
 710.00 -70.66 -36.00
 711.00 -60.37 -44.62
 712.00 -52.67 -41.30
 713.00 -75.06 -52.53
 714.00 -77.15 -21.18
 715.00 -73.87 -39.97
 716.00 -67.95 -43.45
 717.00 -73.09 -24.08
 718.00 -61.27 -41.28
 719.00 -56.04 -49.63
 720.00 -96.64 -23.50
 721.00 -96.87  -2.95
 722.00 -63.25 128.37
 723.00  86.76 140.70
 724.00 -51.42 -26.64
 725.00 -68.92 -33.06
 726.00 -68.34  -3.98
 727.00 -78.85 -14.31
 728.00 -85.24 156.51
 729.00 -48.30 155.53
 730.00 -63.02 -41.72
 731.00 -72.01 -40.13
 732.00 -55.70 -38.00
 733.00 -52.46 -51.55
 734.00 -54.84 -44.58
 735.00 -73.32 -59.07
 736.00 -61.37 -25.17
 737.00 -71.17 -55.24
 738.00 -79.82 -28.01
 739.00 -73.45 -39.56
 740.00 -67.09  -6.27
 741.00 -72.40 -39.28
 742.00 -77.27 -35.23
 743.00 -79.34 -24.70
 744.00 -67.09 -49.28
 745.00 -62.21 -47.25
 746.00 -67.20 -30.71
 747.00 -61.77 -48.20
 748.00 -57.36 -50.58
 749.00 -77.06 -29.48
 750.00 -60.95 -40.33
 751.00 -49.21 -55.51
 752.00 -80.44 -33.31
 753.00 -57.24 -41.09
 754.00 -70.34 -45.02
 755.00 -81.00 -48.85
 756.00 -137.71 -38.67
 757.00  40.74  21.06
 758.00  56.39  46.17
 759.00 -67.62  18.03
 760.00 -150.85 -25.16
 761.00 -107.00 165.34
 762.00 -80.86  99.61
 763.00 -53.55  69.48
 764.00 -140.88 -60.37
 765.00 -68.42 172.19
 766.00 -103.51 -24.56
 767.00 -136.21  -6.63
 768.00 -75.47  63.59
 769.00 -84.77 131.84
 770.00 -69.83  95.96
 771.00 -64.41 173.52
 772.00 -65.34 -25.90
 773.00 -79.57 -40.88
 774.00 -58.62 -22.17
 775.00 -85.09 -40.48
 776.00 -67.31 -45.11
 777.00 -78.44 -23.63
 778.00  56.52  -1.19
 779.00 -93.16   1.12
 780.00 -63.22  42.11
 781.00 -56.39 -52.84
 782.00 -55.26 -47.48
 783.00 -75.98 -37.27
 784.00 -53.03 -45.18
 785.00 -55.90 -57.92
 786.00 -71.60 -28.53
 787.00 -58.66 -50.05
 788.00 -64.68 -38.01
 789.00 -64.56 -43.88
 790.00 -65.31 -39.82
 791.00 -53.39 -45.98
 792.00 -67.87 -25.11
 793.00 -60.07 -32.83
 794.00 -81.96 -36.89
 795.00 -60.94 -35.82
 796.00 -75.89 -47.88
 797.00  65.11 -22.24
 798.00 -78.94  70.86
 799.00 -82.71 139.97
 800.00 -60.34 166.43
 801.00 -77.33 -28.58
 802.00 -61.27 -37.43
 803.00 -49.36 -48.78
 804.00 -62.06 -55.11
 805.00 -59.56 -51.22
 806.00 -69.49 -40.88
 807.00 -42.37 -41.23
 808.00 -65.29 -48.35
 809.00 -77.03 -36.53
 810.00 -46.97 -33.28
 811.00 -61.82 -40.25
 812.00 -113.76 -19.43
 813.00 -144.64  33.57
 814.00 -155.99  10.28
 815.00 -156.08 123.00
 816.00 -57.83 149.25
 817.00 -68.79 157.95
 818.00 -80.68 -23.51
 819.00  62.71  -7.23
 820.00 -113.92 -162.54
 821.00 -49.34 154.86
 822.00 -100.98 -48.04
 823.00 -35.78  27.08
 824.00 -46.82 -42.72
 825.00 -86.35 -39.50
 826.00 -55.41 -32.82
 827.00 -55.99 -54.08
 828.00 -63.46 -42.20
 829.00 -74.03 -38.75
 830.00 -45.98 -42.93
 831.00 -43.43 -54.90
 832.00 -91.02 -45.34
 833.00 -99.54   4.65
 834.00 -69.30 -35.19
 835.00 -56.32 -44.58
 836.00 -66.13 -34.16
 837.00 -54.42 -52.75
 838.00 -53.84 -46.14
 839.00 -71.17 -33.19
 840.00 -78.10 -64.73
 841.00 -43.02  -3.98
 842.00 -57.53 122.54
 843.00 -68.09   1.85
 844.00 -74.63 154.82
 845.00 -63.79 127.13
 846.00 -54.18 -23.72
 847.00 -124.43 -23.87
 848.00 -66.37  88.23
 849.00 -66.38 -28.63
 850.00 -74.13 -32.71
 851.00 -58.25 -36.97
 852.00 -79.31 -44.36
 853.00 -68.30 -30.46
 854.00 -62.32 -43.99
 855.00 -60.85 -42.32
 856.00 -45.24 -51.73
 857.00 -72.80 -47.25
 858.00 -73.10 -29.83
 859.00 -80.06 -34.78
 860.00 -74.12 -23.23
 861.00 -74.33 -25.66
 862.00 -70.92 -41.61
 863.00 -62.08 -28.14
 864.00 -73.30 -33.78
 865.00 -78.85 -10.09
 866.00 -55.04 -40.69
 867.00 -63.48 -36.97
 868.00 -58.57 -48.13
 869.00 -59.50 -42.32
 870.00 -61.08 -42.96
 871.00 -69.38 -41.14
 872.00 -68.52 -44.06
 873.00 -61.18 -42.70
 874.00 -67.16 -36.54
 875.00 -67.28 -36.43
 876.00 -73.42 -41.19
 877.00 -68.78 -26.86
 878.00 -66.24 -40.69
 879.00 -83.79 -25.39
 880.00 -72.82 -34.39
 881.00 -53.57 -41.09
 882.00 -140.66 -18.69
 883.00 -56.86  41.18
 884.00 -70.68 -42.60
 885.00 -59.25 -41.81
 886.00 -95.68 -40.42
 887.00  48.29  -0.07
 888.00 -108.55  56.16
 889.00 -123.09 154.52
 890.00 -126.89 130.28
 891.00 -60.36 126.83
 892.00 -63.08 147.61
 893.00 -68.81 -38.68
 894.00 -94.94 -23.59
 895.00 -57.81 -44.46
 896.00 -73.32 -30.24
 897.00 -56.59 -34.18
 898.00 -55.81 -54.96
 899.00 -82.36 -33.95
 900.00 -102.67 -35.00
 901.00 -91.49 -52.15
 902.00 -68.51 -41.41
 903.00 -51.07 -30.01
 904.00 -60.43 -42.56
 905.00 -66.40 -51.33
 906.00 -78.83 -25.81
 907.00 -69.11 -35.52
 908.00  71.19  -5.70
 909.00 -76.55   3.46
 910.00 -105.17 -29.87
 911.00 -135.56 135.62
 912.00 -73.02 148.82
 913.00 -90.96 159.97
 914.00 -80.28  96.04
 915.00 -78.39 130.85
 916.00 -95.13 -39.49
 917.00 -56.36 -32.62


