 residuo Phi Psi
 669.00 -61.46 148.47
 670.00 -57.12 152.03
 671.00 -74.73 139.61
 672.00 -67.88 -32.68
 673.00 -54.99 -17.99
 674.00 -64.72 -42.27
 675.00 -69.26 -46.03
 676.00 -56.26 -34.44
 677.00 -74.89 -41.90
 678.00 -64.01 -38.45
 679.00 -67.39 -41.77
 680.00 -67.16 -21.08
 681.00 -74.85 108.66
 682.00 -65.49 167.94
 683.00 -58.07 155.59
 684.00 -85.64 132.35
 685.00 -114.82 150.31
 686.00 -77.38 142.88
 687.00  85.42 -13.15
 688.00 -116.24  39.66
 689.00 -69.11  94.64
 690.00 -85.94 118.70
 691.00 -68.73   6.18
 692.00 -74.32 -27.33
 693.00 -59.46 130.02
 694.00 -89.27 158.69
 695.00 -149.92 131.50
 696.00 -35.96 153.48
 697.00 -73.86 -61.21
 698.00 -72.78 -35.77
 699.00 -60.73 -31.18
 700.00 -73.67 -51.01
 701.00 -67.38 -28.51
 702.00 -83.34 -26.49
 703.00 -71.32 -26.00
 704.00 -53.16 -39.40
 705.00 -51.70 -50.35
 706.00 -56.36 -54.81
 707.00 -51.71 -39.82
 708.00 -58.05 -48.16
 709.00 -68.36 -48.33
 710.00 -61.41 -39.17
 711.00 -64.75 -40.32
 712.00 -63.58 -37.52
 713.00 -70.09 -36.45
 714.00 -65.46 -31.61
 715.00 -70.01 -44.50
 716.00 -62.65 -27.64
 717.00 -65.86 -47.57
 718.00 -63.13 -40.43
 719.00 -65.61 -36.86
 720.00 -79.84 -33.01
 721.00 -64.53 -34.71
 722.00 -55.90 112.53
 723.00  72.93 146.30
 724.00 -61.39 -16.40
 725.00 -59.48 -43.17
 726.00 -67.22  -0.28
 727.00 -88.47 -24.28
 728.00 -67.65 150.99
 729.00 -53.76 147.08
 730.00 -75.82 -27.05
 731.00 -80.59 -32.23
 732.00 -55.84 -31.99
 733.00 -71.19 -47.10
 734.00 -80.20 -16.07
 735.00 -74.86 -58.26
 736.00 -77.01 -17.15
 737.00 -62.61 -46.08
 738.00 -54.86 -52.09
 739.00 -81.61 -46.95
 740.00 -51.74   0.86
 741.00 -63.44 -55.14
 742.00 -63.90 -55.52
 743.00 -69.55 -41.98
 744.00 -57.54 -46.19
 745.00 -58.49 -42.67
 746.00 -74.37 -43.65
 747.00 -56.24 -38.38
 748.00 -58.41 -55.58
 749.00 -42.54 -38.01
 750.00 -61.61 -56.33
 751.00 -60.92 -43.79
 752.00 -61.85 -41.75
 753.00 -52.74 -47.45
 754.00 -88.48 -45.55
 755.00 -67.67 -50.34
 756.00 -144.74 -36.65
 757.00  61.22  30.71
 758.00  73.65  27.15
 759.00 -65.91 -23.65
 760.00 -142.12 -19.01
 761.00 -92.49 160.27
 762.00 -94.02 115.04
 763.00 -58.93  60.19
 764.00 -148.08 -52.06
 765.00 -69.20 166.84
 766.00 -90.32 -26.79
 767.00 -137.56   0.76
 768.00 -57.83  37.71
 769.00 -93.54 112.42
 770.00 -74.23 108.27
 771.00 -61.16 162.27
 772.00 -61.17 -26.89
 773.00 -58.05 -49.50
 774.00 -61.36 -41.17
 775.00 -87.68 -30.78
 776.00 -67.63 -31.97
 777.00 -97.79 -21.29
 778.00  48.08  -0.96
 779.00 -127.01  54.17
 780.00 -60.98  22.28
 781.00 -62.22 -63.23
 782.00 -67.29 -28.34
 783.00 -66.08 -46.15
 784.00 -78.35 -21.67
 785.00 -56.89 -43.00
 786.00 -56.66 -44.96
 787.00 -68.00 -31.81
 788.00 -66.04 -35.76
 789.00 -72.07 -43.01
 790.00 -68.95 -30.58
 791.00 -50.35 -47.66
 792.00 -61.93 -29.72
 793.00 -51.81 -37.53
 794.00 -77.62 -43.65
 795.00 -66.83 -34.20
 796.00 -75.10 -37.96
 797.00  51.59 -22.04
 798.00 -72.36  59.07
 799.00 -115.21 147.37
 800.00 -61.10 158.97
 801.00 -66.16 -36.48
 802.00 -60.41 -45.06
 803.00 -53.59 -44.68
 804.00 -72.41 -53.48
 805.00 -77.37 -24.59
 806.00 -62.28 -43.23
 807.00 -74.20 -31.11
 808.00 -57.02 -42.38
 809.00 -81.12 -32.14
 810.00 -73.19 -28.19
 811.00 -63.15 -23.21
 812.00 -112.50 -22.70
 813.00 -123.06  36.45
 814.00 -146.37   2.44
 815.00 -143.15 127.69
 816.00 -53.49 149.49
 817.00 -64.40 149.55
 818.00 -97.30 -22.12
 819.00  72.21  -0.22
 820.00 -75.30 171.69
 821.00 -58.12 152.55
 822.00 -113.96 -20.27
 823.00 -59.21  38.19
 824.00 -79.57 -16.94
 825.00 -61.02 -38.55
 826.00 -59.79 -43.67
 827.00 -52.67 -54.42
 828.00 -57.92 -46.67
 829.00 -59.85 -47.30
 830.00 -61.06 -42.83
 831.00 -64.93 -53.37
 832.00 -60.28 -32.25
 833.00 -83.30 -45.89
 834.00 -69.86 -17.63
 835.00 -74.36 -41.77
 836.00 -81.38 -20.53
 837.00 -62.23 -38.82
 838.00 -73.00 -31.00
 839.00 -92.30 -18.91
 840.00 -92.42 -50.91
 841.00 -42.28  -1.11
 842.00 -76.28 139.26
 843.00 -138.58  70.24
 844.00 -64.73 143.23
 845.00 -55.80 109.13
 846.00 -62.41 -27.34
 847.00 -113.10 -15.33
 848.00 -73.31  87.53
 849.00 -65.04 -31.16
 850.00 -59.40 -42.72
 851.00 -56.54 -48.77
 852.00 -64.69 -63.32
 853.00 -59.51 -27.96
 854.00 -70.82 -44.02
 855.00 -58.58 -41.37
 856.00 -70.23 -33.60
 857.00 -67.02 -33.38
 858.00 -72.14 -37.99
 859.00 -70.01 -34.74
 860.00 -87.74 -22.81
 861.00 -50.44 -36.10
 862.00 -65.67 -45.57
 863.00 -67.49 -44.83
 864.00 -73.35 -22.15
 865.00 -74.24 -11.69
 866.00 -67.41 -44.77
 867.00 -51.87 -36.38
 868.00 -82.77 -34.66
 869.00 -55.84 -35.63
 870.00 -57.57 -39.20
 871.00 -61.98 -46.11
 872.00 -86.71 -40.81
 873.00 -69.20 -21.35
 874.00 -67.85 -35.36
 875.00 -64.07 -43.54
 876.00 -74.31 -45.39
 877.00 -64.37 -32.30
 878.00 -59.12 -53.58
 879.00 -71.67 -44.22
 880.00 -62.54 -37.57
 881.00 -64.46 -37.12
 882.00 -88.20 -38.36
 883.00 -42.24 -13.04
 884.00 -64.91 -56.80
 885.00 -76.90 -33.79
 886.00 -105.64 -17.38
 887.00  76.33   2.41
 888.00 -99.89  25.85
 889.00 -98.76 129.90
 890.00 -115.65 131.86
 891.00 -62.52 132.91
 892.00 -54.62 147.33
 893.00 -51.45 -42.52
 894.00 -68.48 -53.93
 895.00 -60.80 -44.39
 896.00 -68.76 -37.37
 897.00 -65.20 -39.24
 898.00 -74.04 -44.45
 899.00 -80.12 -33.27
 900.00 -135.54  -6.82
 901.00 -93.30 -47.76
 902.00 -68.65 -37.72
 903.00 -62.79 -31.55
 904.00 -66.82 -27.87
 905.00 -68.80 -32.84
 906.00 -58.27 -43.77
 907.00 -79.58 -46.63
 908.00  90.56 -19.66
 909.00 -59.04  -3.81
 910.00 -116.10 -22.13
 911.00 -134.23 122.04
 912.00 -57.51 143.96
 913.00 -90.56 159.59
 914.00 -119.02 132.54
 915.00 -136.44 167.18
 916.00 -110.31 -10.62
 917.00 -82.66 156.57


