 residuo Phi Psi
 669.00 -61.81 153.73
 670.00 -57.78 139.77
 671.00 -161.24 150.92
 672.00 -52.37 -20.72
 673.00 -74.89 -50.22
 674.00 -55.03 -38.00
 675.00 -65.03 -42.66
 676.00 -53.91 -51.97
 677.00 -74.11 -44.34
 678.00 -73.71 -33.91
 679.00 -97.52 -22.33
 680.00 -70.48 -17.20
 681.00 -73.80 121.17
 682.00 -70.63 171.01
 683.00 -69.19 161.23
 684.00 -65.72 125.19
 685.00 -101.91 142.84
 686.00 -75.86 146.92
 687.00  79.49 -41.16
 688.00 -71.97  28.75
 689.00 -119.66 154.99
 690.00 -48.41 117.95
 691.00 -68.63 -35.34
 692.00 -67.28  -6.02
 693.00 -58.94 131.83
 694.00 -90.53 153.15
 695.00 -142.47  92.58
 696.00 -54.50 168.05
 697.00 -51.68 -50.81
 698.00 -65.84 -54.07
 699.00 -61.49 -60.95
 700.00 -68.26 -40.33
 701.00 -60.62 -40.97
 702.00 -67.11 -45.11
 703.00 -63.44 -36.89
 704.00 -65.42 -42.73
 705.00 -57.02 -47.01
 706.00 -66.11 -38.34
 707.00 -57.31 -32.25
 708.00 -49.80 -57.59
 709.00 -64.00 -47.10
 710.00 -70.23 -38.19
 711.00 -43.93 -47.04
 712.00 -63.69 -44.76
 713.00 -60.41 -50.76
 714.00 -70.37 -28.10
 715.00 -57.80 -49.20
 716.00 -67.97 -45.18
 717.00 -83.42 -23.97
 718.00 -59.36 -51.26
 719.00 -47.56 -38.25
 720.00 -89.35 -42.10
 721.00 -62.87 -13.40
 722.00 -43.91 140.36
 723.00  61.59 127.25
 724.00 -65.14  -6.59
 725.00 -67.37 -31.92
 726.00 -73.02  -9.70
 727.00 -73.96 -16.94
 728.00 -50.62 133.03
 729.00 -58.69 143.54
 730.00 -77.90 -31.08
 731.00 -77.97 -12.50
 732.00 -59.53 -43.50
 733.00 -61.91 -53.02
 734.00 -69.41 -28.21
 735.00 -54.88 -62.87
 736.00 -61.25 -29.91
 737.00 -70.80 -53.61
 738.00 -83.51 -26.12
 739.00 -92.60 -30.72
 740.00 -58.67  -3.94
 741.00 -59.15 -54.57
 742.00 -45.68 -47.22
 743.00 -58.18 -64.09
 744.00 -75.63 -46.10
 745.00 -56.02 -37.17
 746.00 -70.23 -43.93
 747.00 -70.23 -29.01
 748.00 -59.12 -46.43
 749.00 -68.27 -32.02
 750.00 -74.18 -33.21
 751.00 -46.34 -57.37
 752.00 -74.20 -34.10
 753.00 -64.69 -43.07
 754.00 -87.21 -39.75
 755.00 -106.60 -17.80
 756.00 -139.71 -32.71
 757.00  51.27  21.61
 758.00  54.49  33.04
 759.00 -53.96   8.16
 760.00 -105.21 -53.96
 761.00 -100.69 177.04
 762.00 -111.45 129.55
 763.00 -58.06  64.69
 764.00 -162.83 -36.37
 765.00 -48.92 167.05
 766.00 -87.65 -43.16
 767.00 -129.34  -2.91
 768.00 -112.09  89.61
 769.00 -102.76 148.56
 770.00 -69.72 105.47
 771.00 -56.57 168.65
 772.00 -67.96 -33.31
 773.00 -66.51 -41.11
 774.00 -63.14 -34.09
 775.00 -75.35 -39.28
 776.00 -65.15 -47.80
 777.00 -63.11 -35.24
 778.00  56.83 -19.13
 779.00 -124.53  30.66
 780.00 -62.31  32.56
 781.00 -58.31 -51.82
 782.00 -68.55 -40.39
 783.00 -50.92 -36.88
 784.00 -58.52 -44.16
 785.00 -65.17 -46.10
 786.00 -70.71 -29.01
 787.00 -60.45 -37.71
 788.00 -78.36 -38.28
 789.00 -68.75 -23.62
 790.00 -70.80 -36.80
 791.00 -58.69 -44.87
 792.00 -72.25 -21.42
 793.00 -60.30 -37.81
 794.00 -81.78 -34.25
 795.00 -74.24 -31.24
 796.00 -84.54 -30.54
 797.00  50.75 -12.30
 798.00 -77.74  67.23
 799.00 -80.72 125.64
 800.00 -53.40 147.47
 801.00 -69.37 -31.05
 802.00 -59.75 -41.27
 803.00 -53.77 -51.39
 804.00 -59.83 -49.61
 805.00 -74.92 -40.24
 806.00 -66.36 -40.12
 807.00 -66.70 -38.10
 808.00 -62.04 -35.09
 809.00 -64.15 -49.24
 810.00 -67.05 -20.09
 811.00 -68.82 -32.41
 812.00 -116.76 -10.91
 813.00 -124.72  33.97
 814.00 -151.47  -0.29
 815.00 -149.93 128.00
 816.00 -57.36 156.87
 817.00 -62.72 166.63
 818.00 -75.80 -44.47
 819.00  73.88  -7.42
 820.00 -82.96 -177.11
 821.00 -68.12 176.77
 822.00 -102.06 -57.08
 823.00 -77.80  65.65
 824.00 -73.20 -25.54
 825.00 -54.28 -42.94
 826.00 -58.79 -45.23
 827.00 -58.18 -54.32
 828.00 -74.42 -32.07
 829.00 -50.31 -53.21
 830.00 -69.83 -43.83
 831.00 -67.10 -34.28
 832.00 -52.76 -41.63
 833.00 -70.44 -50.05
 834.00 -67.06 -27.41
 835.00 -79.51 -42.44
 836.00 -77.81 -37.34
 837.00 -61.11 -30.48
 838.00 -64.61 -38.33
 839.00 -53.27 -33.63
 840.00 -91.01 -52.16
 841.00 -70.19  -1.34
 842.00 -76.53 144.53
 843.00 -69.28  24.38
 844.00 -79.97 166.69
 845.00 -54.22  99.24
 846.00 -57.68 -41.27
 847.00 -125.67 -17.92
 848.00 -42.53  63.24
 849.00 -50.15 -42.31
 850.00 -45.52 -44.76
 851.00 -63.67 -46.94
 852.00 -84.73 -25.14
 853.00 -65.54 -31.04
 854.00 -56.12 -51.24
 855.00 -54.90 -42.41
 856.00 -58.28 -54.78
 857.00 -55.56 -38.48
 858.00 -77.73 -36.73
 859.00 -67.20 -37.09
 860.00 -59.52 -42.30
 861.00 -60.93 -41.64
 862.00 -51.65 -53.54
 863.00 -61.25 -47.99
 864.00 -62.01 -38.56
 865.00 -68.32 -19.65
 866.00 -69.22 -34.15
 867.00 -66.28 -35.83
 868.00 -75.17 -27.74
 869.00 -49.89 -50.09
 870.00 -69.80 -42.09
 871.00 -63.24 -44.88
 872.00 -79.18 -32.85
 873.00 -50.75 -44.23
 874.00 -64.15 -42.11
 875.00 -56.84 -48.29
 876.00 -81.28 -40.79
 877.00 -59.39 -34.01
 878.00 -73.91 -41.98
 879.00 -87.90 -18.65
 880.00 -63.57 -45.94
 881.00 -74.96 -24.09
 882.00 -133.76 -15.87
 883.00 -53.16   0.46
 884.00 -73.47 -32.43
 885.00 -71.78 -21.46
 886.00 -108.41 -38.90
 887.00  70.23  11.71
 888.00 -95.57  28.99
 889.00 -63.81 113.62
 890.00 -153.84 152.14
 891.00 -59.85 113.35
 892.00 -48.30 141.49
 893.00 -69.24 -42.37
 894.00 -79.56 -29.66
 895.00 -68.95 -43.14
 896.00 -53.68 -39.88
 897.00 -59.43 -52.86
 898.00 -69.86 -45.56
 899.00 -108.83 -13.97
 900.00 -110.14 -20.81
 901.00 -88.09 -53.46
 902.00 -51.42 -46.82
 903.00 -64.16 -39.48
 904.00 -69.52 -14.96
 905.00 -68.99 -39.35
 906.00 -69.13 -50.91
 907.00 -86.72 -18.96
 908.00  68.71  -1.21
 909.00 -72.75  16.42
 910.00 -107.02 -26.81
 911.00 -151.51 144.37
 912.00 -72.43 149.01
 913.00 -87.81 156.49
 914.00 -64.38  86.00
 915.00 -76.77 142.19
 916.00 -149.23 -21.56
 917.00 -96.51 149.20


