 residuo Phi Psi
 669.00 -76.58 147.50
 670.00 -89.02 137.77
 671.00 -62.70  60.93
 672.00 -59.39 -22.73
 673.00 -75.33 -31.36
 674.00 -71.50 -21.41
 675.00 -63.59 -38.59
 676.00 -52.83 -52.99
 677.00 -75.01 -32.81
 678.00 -67.38 -47.54
 679.00 -86.51 -28.34
 680.00 -75.61  -0.54
 681.00 -63.65 119.25
 682.00 -80.35 152.29
 683.00 -59.85 165.42
 684.00 -97.83 130.12
 685.00 -83.51 135.56
 686.00 -89.18 151.85
 687.00  85.22 -17.75
 688.00 -90.46  33.91
 689.00 -82.32 135.11
 690.00 -85.96 107.64
 691.00 -116.02  18.31
 692.00 -100.87   6.64
 693.00 -70.06 145.20
 694.00 -80.30 148.78
 695.00 -129.67 124.07
 696.00 -63.98 -178.46
 697.00 -75.67 -56.33
 698.00 -62.49 -29.91
 699.00 -63.45 -52.16
 700.00 -72.60 -52.20
 701.00 -70.89 -30.06
 702.00 -72.73 -30.82
 703.00 -62.26 -44.59
 704.00 -49.74 -38.97
 705.00 -49.74 -60.40
 706.00 -55.25 -47.28
 707.00 -50.55 -45.68
 708.00 -51.72 -51.00
 709.00 -57.99 -54.88
 710.00 -70.23 -43.20
 711.00 -63.52 -30.58
 712.00 -61.08 -40.92
 713.00 -74.01 -38.21
 714.00 -61.49 -45.22
 715.00 -68.74 -33.09
 716.00 -67.33 -43.79
 717.00 -69.91 -31.71
 718.00 -65.48 -43.73
 719.00 -61.22 -35.89
 720.00 -110.85 -11.10
 721.00 -72.33   5.87
 722.00 -64.95 131.72
 723.00  84.72 127.86
 724.00 -78.19  -8.32
 725.00 -72.10 -18.10
 726.00 -65.13  -9.90
 727.00 -101.04 -12.07
 728.00 -59.69 135.90
 729.00 -45.50 147.16
 730.00 -80.35 -40.89
 731.00 -96.94 -13.42
 732.00 -57.04 -34.44
 733.00 -68.60 -41.46
 734.00 -69.97 -31.48
 735.00 -67.01 -50.30
 736.00 -71.72 -24.66
 737.00 -72.43 -40.44
 738.00 -79.71 -33.38
 739.00 -69.37 -40.27
 740.00 -63.41 -29.59
 741.00 -79.43 -26.85
 742.00 -58.38 -47.47
 743.00 -60.76 -46.16
 744.00 -67.85 -51.43
 745.00 -66.01 -34.94
 746.00 -50.88 -51.56
 747.00 -63.29 -52.12
 748.00 -58.71 -38.71
 749.00 -56.56 -42.22
 750.00 -69.11 -41.79
 751.00 -69.22 -35.70
 752.00 -68.68 -32.62
 753.00 -60.68 -49.70
 754.00 -88.40 -29.98
 755.00 -113.79 -28.12
 756.00 -135.70 -29.71
 757.00  60.18  20.76
 758.00  50.66  28.07
 759.00 -90.15  28.59
 760.00 -128.28 -25.64
 761.00 -89.89 163.45
 762.00 -77.09 104.24
 763.00 -60.67  63.41
 764.00 -152.13 -42.57
 765.00 -71.73 166.49
 766.00 -86.32 -34.86
 767.00 -156.55   1.15
 768.00 -80.65  61.40
 769.00 -84.82 129.42
 770.00 -89.80 124.43
 771.00 -50.22 167.33
 772.00 -54.88 -42.98
 773.00 -66.66 -53.86
 774.00 -43.75 -38.60
 775.00 -86.43 -44.24
 776.00 -68.13 -41.30
 777.00 -79.67 -25.18
 778.00  49.39   4.53
 779.00 -155.91  48.48
 780.00 -67.17  44.08
 781.00 -57.21 -42.48
 782.00 -64.25 -45.35
 783.00 -73.14 -35.62
 784.00 -65.32 -37.36
 785.00 -59.67 -43.00
 786.00 -68.04 -40.24
 787.00 -67.37 -34.20
 788.00 -45.28 -51.86
 789.00 -70.48 -38.04
 790.00 -66.03 -34.97
 791.00 -67.30 -35.76
 792.00 -64.46 -31.61
 793.00 -68.29 -11.88
 794.00 -69.19 -36.09
 795.00 -63.75 -43.90
 796.00 -81.63 -39.97
 797.00  47.21 -23.60
 798.00 -70.22  69.12
 799.00 -90.69 137.76
 800.00 -59.61 162.03
 801.00 -77.98 -33.20
 802.00 -61.69 -32.24
 803.00 -59.85 -42.50
 804.00 -64.47 -53.59
 805.00 -60.44 -44.53
 806.00 -69.44 -40.81
 807.00 -58.51 -40.71
 808.00 -64.11 -38.63
 809.00 -67.75 -44.36
 810.00 -64.45 -24.52
 811.00 -65.48 -26.17
 812.00 -129.80 -18.93
 813.00 -139.01  47.17
 814.00 -147.47  -3.92
 815.00 -146.25 120.59
 816.00 -51.77 162.68
 817.00 -80.78 159.98
 818.00 -66.01 -29.27
 819.00  79.09 -10.53
 820.00 -62.58 169.93
 821.00 -75.98 -179.37
 822.00 -126.77 -26.42
 823.00 -87.10 113.71
 824.00 -62.92 -35.16
 825.00 -75.30 -30.75
 826.00 -69.84 -27.05
 827.00 -58.99 -50.82
 828.00 -56.26 -47.59
 829.00 -78.67 -37.28
 830.00 -53.78 -43.34
 831.00 -76.11 -41.13
 832.00 -69.20 -23.38
 833.00 -65.27 -54.57
 834.00 -76.76 -20.13
 835.00 -75.12 -45.50
 836.00 -71.43 -17.55
 837.00 -68.78 -42.69
 838.00 -53.44 -40.27
 839.00 -87.04 -24.70
 840.00 -108.05 -28.09
 841.00 -59.22 -20.48
 842.00 -76.08 145.59
 843.00 -177.53 119.04
 844.00 -77.32 156.58
 845.00 -61.48  96.17
 846.00 -61.74 -28.09
 847.00 -122.47 -22.69
 848.00 -61.66  79.80
 849.00 -63.25 -24.91
 850.00 -50.28 -25.28
 851.00 -85.73 -36.67
 852.00 -72.54 -19.73
 853.00 -60.67 -45.13
 854.00 -44.91 -48.30
 855.00 -58.43 -61.64
 856.00 -58.54 -47.63
 857.00 -76.45 -29.74
 858.00 -76.25 -28.31
 859.00 -69.33 -35.25
 860.00 -68.60 -33.81
 861.00 -74.56 -40.42
 862.00 -55.13 -39.87
 863.00 -68.39 -42.72
 864.00 -72.05 -25.07
 865.00 -71.22 -27.90
 866.00 -60.23 -37.14
 867.00 -67.92 -44.54
 868.00 -70.42 -29.30
 869.00 -55.03 -45.75
 870.00 -60.13 -44.60
 871.00 -64.53 -40.04
 872.00 -81.34 -32.25
 873.00 -70.45 -38.15
 874.00 -73.06 -27.21
 875.00 -60.68 -41.25
 876.00 -64.53 -49.69
 877.00 -68.33 -35.04
 878.00 -76.45 -40.66
 879.00 -84.82 -13.12
 880.00 -47.51 -52.99
 881.00 -56.43 -48.57
 882.00 -100.81 -34.54
 883.00 -66.37   5.75
 884.00 -54.45 -27.20
 885.00 -71.86 -50.97
 886.00 -84.69 -43.59
 887.00  49.83  15.40
 888.00 -94.32  37.74
 889.00 -105.50 128.76
 890.00 -114.18 132.93
 891.00 -72.67 137.07
 892.00 -45.54 131.48
 893.00 -66.94 -36.43
 894.00 -80.39 -50.84
 895.00 -49.70 -38.23
 896.00 -69.69 -36.79
 897.00 -45.00 -55.96
 898.00 -68.31 -46.12
 899.00 -88.80 -35.19
 900.00 -110.41 -13.05
 901.00 -96.78 -52.17
 902.00 -62.36 -44.60
 903.00 -52.00 -32.30
 904.00 -76.54 -19.17
 905.00 -70.66 -37.03
 906.00 -56.01 -55.56
 907.00 -86.71 -34.92
 908.00  73.50  -7.10
 909.00 -64.52   7.55
 910.00 -128.27 -18.71
 911.00 -160.55 146.26
 912.00 -80.76 156.62
 913.00 -64.62 141.07
 914.00 -70.64  84.78
 915.00 -78.00 137.51
 916.00 -126.70 -25.23
 917.00 -83.86 171.33


