 residuo Phi Psi
 669.00 -83.60 -62.02
 670.00 -58.77 158.85
 671.00 -67.88 161.78
 672.00 -62.91 -31.67
 673.00 -64.66 -30.68
 674.00 -72.13 -40.35
 675.00 -80.65 -15.73
 676.00 -63.25 -39.41
 677.00 -70.82 -33.34
 678.00 -64.91 -42.85
 679.00 -90.16 -39.55
 680.00 -50.54 -15.79
 681.00 -70.57 125.96
 682.00 -78.80 152.26
 683.00 -75.91 -177.16
 684.00 -121.77 142.76
 685.00 -75.71 142.00
 686.00 -73.24 144.50
 687.00  96.10 -31.31
 688.00 -97.24  17.85
 689.00 -86.85 110.52
 690.00 -73.42 117.59
 691.00 -69.08 -15.71
 692.00 -108.15 -12.51
 693.00 -68.02 160.18
 694.00 -61.37 152.63
 695.00 -144.99 124.39
 696.00 -58.23 148.00
 697.00 -77.89 -65.87
 698.00 -52.89 -30.07
 699.00 -57.06 -52.52
 700.00 -66.61 -56.44
 701.00 -64.16 -28.49
 702.00 -48.60 -56.69
 703.00 -68.76 -35.72
 704.00 -63.07 -44.19
 705.00 -61.71 -38.37
 706.00 -61.59 -48.85
 707.00 -59.30 -40.72
 708.00 -70.93 -33.09
 709.00 -64.98 -39.99
 710.00 -56.83 -41.20
 711.00 -62.73 -50.26
 712.00 -48.54 -38.34
 713.00 -70.23 -54.24
 714.00 -71.49 -31.14
 715.00 -73.33 -39.86
 716.00 -65.71 -26.76
 717.00 -67.90 -43.11
 718.00 -57.32 -41.45
 719.00 -73.29 -42.17
 720.00 -153.44  16.32
 721.00 -78.70   1.77
 722.00 -50.58 119.00
 723.00 111.60 109.23
 724.00 -41.39 -19.01
 725.00 -71.03 -35.95
 726.00 -81.33  -4.02
 727.00 -92.62  -9.63
 728.00 -65.58 140.28
 729.00 -60.37 146.93
 730.00 -76.31 -22.81
 731.00 -80.51 -31.35
 732.00 -61.90 -30.12
 733.00 -60.27 -54.54
 734.00 -50.50 -41.78
 735.00 -69.57 -53.29
 736.00 -57.33 -27.44
 737.00 -63.18 -53.61
 738.00 -69.17 -43.01
 739.00 -113.86 -16.25
 740.00 -65.64  -9.90
 741.00 -60.57 -43.67
 742.00 -74.88 -38.23
 743.00 -68.93 -45.10
 744.00 -67.81 -28.78
 745.00 -61.30 -55.02
 746.00 -70.60 -37.22
 747.00 -70.18 -42.08
 748.00 -64.42 -39.19
 749.00 -47.91 -40.81
 750.00 -61.65 -54.10
 751.00 -54.41 -52.62
 752.00 -61.00 -43.73
 753.00 -63.03 -37.18
 754.00 -61.91 -65.34
 755.00 -84.32 -41.28
 756.00 -126.27 -56.48
 757.00  56.74  42.82
 758.00  65.51   9.57
 759.00 -94.52  22.75
 760.00 -96.02 -47.52
 761.00 -108.66 172.71
 762.00 -101.16 121.92
 763.00 -52.74  50.77
 764.00 -164.66 -44.43
 765.00 -74.10 172.12
 766.00 -79.47 -33.09
 767.00 -100.21 -38.33
 768.00 -78.55  47.98
 769.00 -87.56 122.07
 770.00 -64.22  95.36
 771.00 -63.19 178.64
 772.00 -81.08 -29.31
 773.00 -54.58 -33.23
 774.00 -55.04 -43.70
 775.00 -65.23 -48.17
 776.00 -78.87 -50.32
 777.00 -77.52 -22.18
 778.00  71.07  -7.94
 779.00 -126.40  35.91
 780.00 -67.95   2.48
 781.00 -64.88 -29.75
 782.00 -65.58 -45.28
 783.00 -57.21 -41.70
 784.00 -64.83 -38.58
 785.00 -66.85 -32.34
 786.00 -62.28 -44.90
 787.00 -60.15 -33.50
 788.00 -54.06 -50.49
 789.00 -60.63 -45.77
 790.00 -60.90 -53.61
 791.00 -67.60 -28.69
 792.00 -70.87 -27.36
 793.00 -63.68 -25.72
 794.00 -99.99 -28.34
 795.00 -57.23 -28.42
 796.00 -90.00 -32.20
 797.00  58.23 -30.41
 798.00 -60.47  66.06
 799.00 -100.38 138.74
 800.00 -58.05 149.81
 801.00 -72.07 -20.06
 802.00 -54.44 -48.63
 803.00 -60.78 -43.93
 804.00 -75.57 -42.42
 805.00 -68.78 -26.42
 806.00 -67.21 -53.30
 807.00 -50.69 -41.89
 808.00 -60.65 -39.14
 809.00 -60.23 -51.73
 810.00 -75.41 -28.92
 811.00 -57.79 -24.48
 812.00 -106.28 -35.29
 813.00 -139.45  48.16
 814.00 -138.06   1.19
 815.00 -138.10 129.45
 816.00 -54.87 166.11
 817.00 -52.42 151.66
 818.00 -66.14 -44.89
 819.00  94.27 -15.15
 820.00 -65.90 154.06
 821.00 -82.56 173.97
 822.00 -113.12 -19.69
 823.00 -59.18  30.86
 824.00 -57.81 -41.07
 825.00 -79.74 -31.64
 826.00 -51.84 -41.65
 827.00 -57.02 -56.34
 828.00 -61.23 -41.74
 829.00 -75.48 -44.69
 830.00 -63.36 -32.60
 831.00 -54.16 -52.32
 832.00 -60.78 -39.02
 833.00 -67.28 -44.89
 834.00 -77.13 -25.82
 835.00 -62.78 -47.86
 836.00 -86.21 -19.92
 837.00 -76.73 -20.72
 838.00 -45.42 -44.64
 839.00 -94.24 -27.87
 840.00 -127.73 -11.66
 841.00 -52.24  -8.30
 842.00 -85.26 141.57
 843.00 -160.41  97.66
 844.00 -115.01 177.59
 845.00 -49.58 113.68
 846.00 -63.85 -39.59
 847.00 -56.03 -47.00
 848.00 -66.43 143.84
 849.00 -157.98  -1.86
 850.00 -54.26 -18.38
 851.00 -68.43 -48.09
 852.00 -61.02 -43.42
 853.00 -56.14 -43.63
 854.00 -53.00 -59.18
 855.00 -69.49 -39.95
 856.00 -44.01 -52.98
 857.00 -70.03 -49.51
 858.00 -83.14 -24.16
 859.00 -83.78 -21.97
 860.00 -57.33 -31.59
 861.00 -76.45 -32.02
 862.00 -55.85 -52.21
 863.00 -60.43 -39.65
 864.00 -82.81 -32.21
 865.00 -72.23 -13.09
 866.00 -61.47 -37.25
 867.00 -69.03 -45.12
 868.00 -89.08 -21.76
 869.00 -63.64 -25.82
 870.00 -64.38 -43.69
 871.00 -72.58 -32.35
 872.00 -61.78 -47.02
 873.00 -71.67 -31.02
 874.00 -49.71 -51.53
 875.00 -55.72 -48.99
 876.00 -72.70 -55.58
 877.00 -57.97 -34.10
 878.00 -65.85 -50.31
 879.00 -68.66 -29.07
 880.00 -51.78 -44.70
 881.00 -58.97 -48.25
 882.00 -101.20 -33.39
 883.00 -61.30   9.88
 884.00 -66.90 -45.31
 885.00 -65.81 -34.77
 886.00 -78.85 -43.70
 887.00  62.15  -4.04
 888.00 -73.57  27.51
 889.00 -83.91 127.29
 890.00 -125.86 136.60
 891.00 -70.56 122.56
 892.00 -75.07 150.98
 893.00 -64.38 -32.72
 894.00 -76.60 -38.56
 895.00 -72.54 -34.54
 896.00 -77.64 -23.55
 897.00 -70.19 -33.86
 898.00 -70.02 -40.33
 899.00 -78.52 -37.26
 900.00 -130.53 -14.28
 901.00 -102.24 -28.92
 902.00 -58.17 -41.58
 903.00 -50.76 -44.06
 904.00 -58.65 -32.81
 905.00 -60.42 -51.96
 906.00 -70.07 -50.90
 907.00 -81.09 -28.31
 908.00  57.18  -4.08
 909.00 -77.11  35.58
 910.00 -139.08  -7.06
 911.00 -134.87 147.37
 912.00 -89.99 141.69
 913.00 -100.91 165.62
 914.00 -61.56  82.96
 915.00 -71.91 130.44
 916.00 -99.37 -39.60
 917.00 -72.83 164.95


