 residuo Phi Psi
 669.00 -64.40 126.73
 670.00 -75.24 134.76
 671.00 -60.50  57.73
 672.00 -46.40 -29.10
 673.00 -74.10 -48.25
 674.00 -69.92 -33.79
 675.00 -75.93 -32.26
 676.00 -49.14 -45.89
 677.00 -90.12 -30.84
 678.00 -59.47 -27.94
 679.00 -80.46 -39.24
 680.00 -83.90  -7.09
 681.00 -60.72 135.41
 682.00 -97.99 145.60
 683.00 -76.25 -150.21
 684.00 -132.94 134.33
 685.00 -77.55 107.30
 686.00 -71.95 131.89
 687.00  82.31 -10.07
 688.00 -60.22   7.06
 689.00 -51.35 109.76
 690.00 -110.88 141.39
 691.00 -88.12  -1.32
 692.00 -150.45  41.62
 693.00 -73.77 153.49
 694.00 -83.88 157.56
 695.00 -154.08 148.28
 696.00 -52.27 155.92
 697.00 -54.83 -51.57
 698.00 -69.67 -54.36
 699.00 -80.64 -35.78
 700.00 -75.75 -36.37
 701.00 -60.87 -39.50
 702.00 -75.39 -38.58
 703.00 -67.60 -32.12
 704.00 -50.19 -47.42
 705.00 -66.23 -46.90
 706.00 -57.53 -41.71
 707.00 -52.29 -42.74
 708.00 -55.70 -46.08
 709.00 -57.96 -52.13
 710.00 -62.47 -47.80
 711.00 -58.85 -50.62
 712.00 -43.28 -45.96
 713.00 -67.35 -50.93
 714.00 -72.92 -31.66
 715.00 -72.97 -38.96
 716.00 -50.47 -47.74
 717.00 -66.63 -44.88
 718.00 -55.78 -49.49
 719.00 -53.63 -52.03
 720.00 -87.89 -37.23
 721.00 -50.75 -20.53
 722.00 -53.90 138.84
 723.00  81.88 126.65
 724.00 -54.49  -8.77
 725.00 -83.70 -41.15
 726.00 -77.99   8.46
 727.00 -81.75 -16.55
 728.00 -85.42 158.46
 729.00 -49.03 155.12
 730.00 -74.38 -29.44
 731.00 -71.40 -41.98
 732.00 -50.92 -43.35
 733.00 -77.48 -42.43
 734.00 -63.99 -29.95
 735.00 -58.87 -61.30
 736.00 -47.74 -44.28
 737.00 -66.30 -59.43
 738.00 -94.48 -19.11
 739.00 -96.90 -27.46
 740.00 -68.95   1.10
 741.00 -66.88 -42.85
 742.00 -53.40 -42.53
 743.00 -47.21 -60.10
 744.00 -71.61 -50.55
 745.00 -74.00 -37.16
 746.00 -72.92 -29.54
 747.00 -61.98 -44.29
 748.00 -60.58 -38.94
 749.00 -74.21 -38.16
 750.00 -66.17 -34.71
 751.00 -63.62 -40.54
 752.00 -71.71 -40.58
 753.00 -64.34 -43.07
 754.00 -74.97 -41.62
 755.00 -73.24 -63.81
 756.00 -121.38 -48.22
 757.00  47.85  26.12
 758.00  57.46  24.44
 759.00 -65.47   9.76
 760.00 -132.84 -23.97
 761.00 -78.48 151.76
 762.00 -102.66 128.42
 763.00 -68.88  72.68
 764.00 -167.45 -39.41
 765.00 -57.15 157.57
 766.00 -86.48 -36.39
 767.00 -148.78   0.59
 768.00 -73.56  69.99
 769.00 -116.48 155.50
 770.00 -105.39 119.89
 771.00 -64.91 174.08
 772.00 -72.42 -25.38
 773.00 -60.27 -41.36
 774.00 -71.83 -35.08
 775.00 -65.55 -35.55
 776.00 -65.34 -50.94
 777.00 -81.14 -32.24
 778.00  58.91  -8.29
 779.00 -70.36 -20.80
 780.00 -59.01  39.69
 781.00 -61.21 -50.51
 782.00 -58.91 -42.61
 783.00 -74.29 -34.82
 784.00 -50.15 -43.78
 785.00 -81.51 -40.93
 786.00 -46.16 -42.61
 787.00 -64.37 -39.25
 788.00 -62.80 -40.78
 789.00 -81.20 -25.59
 790.00 -62.93 -24.25
 791.00 -70.24 -48.42
 792.00 -43.72 -26.16
 793.00 -60.25 -33.35
 794.00 -72.61 -37.05
 795.00 -64.35 -47.11
 796.00 -94.60 -46.82
 797.00  60.81   2.39
 798.00 -89.83  53.72
 799.00 -90.30 137.50
 800.00 -61.45 161.72
 801.00 -57.26 -34.90
 802.00 -76.29 -38.72
 803.00 -67.37 -32.20
 804.00 -59.60 -49.40
 805.00 -75.68 -34.12
 806.00 -71.11 -40.76
 807.00 -64.80 -32.97
 808.00 -64.69 -39.58
 809.00 -72.20 -30.43
 810.00 -65.90 -29.42
 811.00 -66.47 -24.88
 812.00 -97.70 -36.51
 813.00 -130.83  30.63
 814.00 -150.39  14.73
 815.00 -142.84 125.80
 816.00 -67.12 149.27
 817.00 -60.69 141.05
 818.00 -77.43 -40.81
 819.00  71.62  10.75
 820.00 -69.47 141.20
 821.00 -66.24 171.43
 822.00 -135.59 -34.89
 823.00 -67.29  97.70
 824.00 -52.53 -36.82
 825.00 -79.86 -36.32
 826.00 -57.60 -32.03
 827.00 -48.98 -56.26
 828.00 -88.60 -37.90
 829.00 -62.76 -31.24
 830.00 -63.81 -38.72
 831.00 -63.32 -42.88
 832.00 -66.27 -42.84
 833.00 -62.33 -39.09
 834.00 -55.65 -45.72
 835.00 -66.70 -48.42
 836.00 -72.92 -29.96
 837.00 -68.97 -31.28
 838.00 -51.91 -49.84
 839.00 -66.78 -34.41
 840.00 -115.78 -34.95
 841.00 -46.63  -8.25
 842.00 -71.03 137.05
 843.00 -165.65 113.14
 844.00 -85.73 150.67
 845.00 -59.34  89.56
 846.00 -71.97  -7.53
 847.00 -135.85 -24.13
 848.00 -54.84  76.16
 849.00 -51.49 -24.32
 850.00 -63.31 -25.06
 851.00 -78.17 -26.46
 852.00 -65.90 -40.29
 853.00 -56.23 -47.07
 854.00 -70.55 -31.77
 855.00 -68.75 -49.70
 856.00 -57.93 -33.23
 857.00 -74.24 -47.36
 858.00 -82.23 -23.06
 859.00 -87.79 -29.36
 860.00 -62.23 -24.90
 861.00 -72.15 -33.27
 862.00 -58.62 -44.03
 863.00 -81.57 -28.86
 864.00 -101.59  -2.32
 865.00 -71.13 -13.95
 866.00 -69.98 -31.66
 867.00 -54.85 -52.29
 868.00 -78.04 -27.96
 869.00 -34.74 -60.18
 870.00 -63.81 -53.79
 871.00 -68.74 -39.12
 872.00 -57.20 -42.46
 873.00 -47.79 -54.79
 874.00 -62.04 -49.06
 875.00 -74.02 -40.86
 876.00 -72.43 -34.92
 877.00 -67.92 -31.83
 878.00 -74.97 -42.50
 879.00 -89.77 -14.98
 880.00 -66.02 -40.33
 881.00 -62.32 -31.90
 882.00 -115.60 -27.91
 883.00 -39.10   0.96
 884.00 -60.65 -50.31
 885.00 -78.94 -37.61
 886.00 -106.40 -21.33
 887.00  60.92  14.67
 888.00 -96.74  26.97
 889.00 -81.39 113.34
 890.00 -119.47 140.45
 891.00 -67.15 135.18
 892.00 -65.15 145.06
 893.00 -64.76 -27.72
 894.00 -69.64 -45.23
 895.00 -57.12 -39.10
 896.00 -64.89 -46.50
 897.00 -69.89 -33.88
 898.00 -78.57 -41.77
 899.00 -65.64 -41.22
 900.00 -137.33 -19.65
 901.00 -96.88 -36.73
 902.00 -59.22 -31.08
 903.00 -53.86 -41.16
 904.00 -59.69 -30.26
 905.00 -64.24 -42.34
 906.00 -87.16 -43.35
 907.00 -76.09 -32.26
 908.00  74.01   2.03
 909.00 -81.46   6.59
 910.00 -115.64 -19.00
 911.00 -125.40 130.12
 912.00 -74.47 153.01
 913.00 -97.15 171.40
 914.00 -102.19 132.55
 915.00 -74.18 137.26
 916.00 -131.55 -17.50
 917.00 -95.04 104.49


