 residuo Phi Psi
 669.00 -96.89 147.80
 670.00 -58.97 142.17
 671.00 -72.85 157.19
 672.00 -53.97 -15.76
 673.00 -73.31 -39.38
 674.00 -76.52 -25.62
 675.00 -64.79 -30.03
 676.00 -59.13 -49.06
 677.00 -65.61 -40.78
 678.00 -72.53 -32.95
 679.00 -99.19 -25.30
 680.00 -49.84 -13.80
 681.00 -74.75 126.36
 682.00 -84.09 149.02
 683.00 -72.74 163.10
 684.00 -107.85 120.57
 685.00 -68.32 124.35
 686.00 -92.05 163.04
 687.00  68.81  -8.68
 688.00 -85.05  36.87
 689.00 -84.75 128.57
 690.00 -72.49  95.05
 691.00 -77.21   2.30
 692.00 -82.50 -23.43
 693.00 -65.59 144.47
 694.00 -54.01 154.63
 695.00 -146.42 131.61
 696.00 -61.71 155.10
 697.00 -75.77 -54.14
 698.00 -68.18 -30.87
 699.00 -71.44 -37.82
 700.00 -74.40 -38.64
 701.00 -64.72 -36.37
 702.00 -64.47 -47.41
 703.00 -67.80 -29.40
 704.00 -63.37 -44.61
 705.00 -73.28 -30.88
 706.00 -55.97 -40.71
 707.00 -55.75 -43.48
 708.00 -72.39 -38.86
 709.00 -67.88 -34.81
 710.00 -61.71 -44.55
 711.00 -62.97 -47.69
 712.00 -76.06 -31.83
 713.00 -70.77 -24.26
 714.00 -54.98 -48.37
 715.00 -66.17 -48.60
 716.00 -70.91 -36.26
 717.00 -64.86 -47.38
 718.00 -56.24 -39.91
 719.00 -68.28 -40.07
 720.00 -121.17  -3.80
 721.00 -66.75 -16.84
 722.00 -50.51 128.16
 723.00  79.22 132.92
 724.00 -58.03 -17.71
 725.00 -69.99 -36.28
 726.00 -63.17 -14.95
 727.00 -79.16 -22.43
 728.00 -68.60 142.14
 729.00 -66.07 168.83
 730.00 -75.36 -27.95
 731.00 -87.41 -21.90
 732.00 -57.65 -36.12
 733.00 -56.78 -52.66
 734.00 -56.13 -37.00
 735.00 -63.42 -66.65
 736.00 -55.63 -28.57
 737.00 -76.38 -58.66
 738.00 -86.04 -18.15
 739.00 -102.41 -29.61
 740.00 -56.56  -2.33
 741.00 -79.87 -32.29
 742.00 -42.84 -45.70
 743.00 -55.49 -60.33
 744.00 -59.48 -45.92
 745.00 -75.55 -40.86
 746.00 -65.48 -40.72
 747.00 -69.79 -46.69
 748.00 -66.89 -34.88
 749.00 -66.87 -44.46
 750.00 -55.83 -39.03
 751.00 -43.22 -64.84
 752.00 -65.12 -42.59
 753.00 -62.32 -44.45
 754.00 -71.03 -51.16
 755.00 -87.45 -33.75
 756.00 -134.35 -49.38
 757.00  45.13  22.50
 758.00  60.23  36.92
 759.00 -66.81  16.05
 760.00 -104.88 -56.19
 761.00 -87.54 164.53
 762.00 -92.48 117.14
 763.00 -35.69  38.19
 764.00 -142.48 -60.35
 765.00 -59.24 162.11
 766.00 -84.73 -37.97
 767.00 -115.31 -34.80
 768.00 -84.10  72.92
 769.00 -114.61 150.01
 770.00 -82.06 104.38
 771.00 -45.86 154.47
 772.00 -66.24 -32.84
 773.00 -59.38 -50.68
 774.00 -59.09 -35.13
 775.00 -78.13 -38.87
 776.00 -71.92 -37.90
 777.00 -90.95 -24.72
 778.00  53.84  -4.76
 779.00 -83.45   5.45
 780.00 -63.45  35.43
 781.00 -57.35 -64.61
 782.00 -58.43 -45.20
 783.00 -64.62 -36.64
 784.00 -56.32 -43.60
 785.00 -62.50 -40.06
 786.00 -61.35 -41.81
 787.00 -66.36 -40.13
 788.00 -52.94 -39.51
 789.00 -64.32 -50.35
 790.00 -72.46 -36.19
 791.00 -60.22 -39.08
 792.00 -57.13 -32.67
 793.00 -50.42 -39.77
 794.00 -85.03 -44.01
 795.00 -72.14 -28.37
 796.00 -84.62 -51.68
 797.00  60.15  -7.25
 798.00 -69.05  55.02
 799.00 -75.28 134.78
 800.00 -65.95 158.97
 801.00 -60.57 -28.97
 802.00 -77.23 -41.42
 803.00 -61.07 -36.86
 804.00 -70.57 -39.57
 805.00 -59.95 -54.69
 806.00 -70.84 -39.95
 807.00 -61.71 -39.12
 808.00 -59.03 -44.28
 809.00 -71.12 -45.91
 810.00 -66.54 -18.43
 811.00 -67.89 -34.24
 812.00 -109.23 -12.42
 813.00 -146.52  36.59
 814.00 -142.81  -6.31
 815.00 -134.96 118.24
 816.00 -62.20 153.61
 817.00 -72.59 138.49
 818.00 -48.66 -21.53
 819.00 115.85 -41.49
 820.00 -77.62 151.82
 821.00 -71.90 167.29
 822.00 -132.12 -13.07
 823.00 -64.62  45.88
 824.00 -76.63 -30.83
 825.00 -72.52 -27.93
 826.00 -51.54 -49.67
 827.00 -68.25 -46.99
 828.00 -73.31 -36.51
 829.00 -72.93 -35.48
 830.00 -64.57 -40.56
 831.00 -67.85 -50.68
 832.00 -68.89 -28.80
 833.00 -67.69 -47.31
 834.00 -58.00 -33.00
 835.00 -68.83 -46.92
 836.00 -67.22 -24.98
 837.00 -59.85 -48.17
 838.00 -53.75 -47.15
 839.00 -71.62 -42.42
 840.00 -67.71 -55.07
 841.00 -49.48  -9.73
 842.00 -89.01 144.54
 843.00 -70.23  10.56
 844.00 -93.84 171.11
 845.00 -66.47 107.10
 846.00 -63.56 -10.59
 847.00 -145.65   0.81
 848.00 -53.11  62.56
 849.00 -53.02 -35.49
 850.00 -60.06 -47.80
 851.00 -62.20 -37.26
 852.00 -71.31 -41.62
 853.00 -51.43 -37.17
 854.00 -56.00 -53.02
 855.00 -75.95 -45.24
 856.00 -65.69 -30.42
 857.00 -77.97 -40.41
 858.00 -75.04 -16.69
 859.00 -65.52 -50.08
 860.00 -62.02 -32.41
 861.00 -74.69 -41.26
 862.00 -60.93 -39.24
 863.00 -79.34 -27.58
 864.00 -59.73 -38.76
 865.00 -79.14 -28.04
 866.00 -60.73 -24.71
 867.00 -67.41 -55.56
 868.00 -68.18 -19.63
 869.00 -59.35 -45.64
 870.00 -54.31 -39.63
 871.00 -71.07 -47.01
 872.00 -72.61 -32.24
 873.00 -69.73 -34.47
 874.00 -74.82 -35.49
 875.00 -58.97 -35.38
 876.00 -63.50 -45.78
 877.00 -70.69 -45.34
 878.00 -64.28 -35.69
 879.00 -98.65 -20.10
 880.00 -52.66 -26.13
 881.00 -58.24 -49.03
 882.00 -122.86 -23.56
 883.00 -63.27  25.03
 884.00 -79.94 -30.44
 885.00 -91.36 -13.92
 886.00 -67.83 -49.96
 887.00  76.66 -11.82
 888.00 -97.94  29.87
 889.00 -78.27 132.25
 890.00 -110.82 120.40
 891.00 -66.33 124.19
 892.00 -79.36 140.73
 893.00 -71.80 -18.63
 894.00 -78.94 -37.42
 895.00 -59.67 -43.95
 896.00 -50.01 -40.45
 897.00 -78.77 -34.80
 898.00 -54.10 -43.82
 899.00 -84.62 -38.23
 900.00 -91.06 -53.07
 901.00 -104.47 -37.68
 902.00 -48.08 -39.64
 903.00 -64.87 -41.55
 904.00 -79.21 -18.97
 905.00 -79.63 -23.96
 906.00 -60.20 -41.05
 907.00 -78.44 -48.80
 908.00  74.09   1.61
 909.00 -66.00   8.04
 910.00 -104.52 -32.27
 911.00 -136.57 123.40
 912.00 -73.30 126.96
 913.00 -76.59 143.76
 914.00 -60.23  74.18
 915.00 -72.55 133.62
 916.00 -121.26 -41.76
 917.00 -78.55 -172.73


