 residuo Phi Psi
 669.00 -124.51 -31.47
 670.00 -61.50 152.62
 671.00 -39.38 150.02
 672.00 -57.63 -45.05
 673.00 -74.81 -44.93
 674.00 -66.22 -27.18
 675.00 -71.47 -35.16
 676.00 -71.62 -39.12
 677.00 -68.94 -39.69
 678.00 -75.86 -36.10
 679.00 -117.83   2.42
 680.00 -60.36  -5.36
 681.00 -68.24 123.71
 682.00 -85.84 162.52
 683.00 -66.67 152.60
 684.00 -134.74 160.38
 685.00 -84.69 146.28
 686.00 -74.68 142.17
 687.00  90.74 -27.00
 688.00 -83.65  30.54
 689.00 -99.92 142.69
 690.00 -55.15  80.96
 691.00 -100.22  -6.82
 692.00 -97.67  -5.76
 693.00 -66.43 156.94
 694.00 -67.57 146.60
 695.00 -146.06 139.38
 696.00 -58.05 157.05
 697.00 -70.09 -51.58
 698.00 -72.04 -36.51
 699.00 -61.63 -36.62
 700.00 -76.70 -37.24
 701.00 -70.57 -38.95
 702.00 -73.78 -38.30
 703.00 -66.48 -27.97
 704.00 -71.45 -42.36
 705.00 -66.05 -34.97
 706.00 -72.72 -39.00
 707.00 -54.61 -23.74
 708.00 -65.97 -58.84
 709.00 -57.63 -31.97
 710.00 -69.70 -49.68
 711.00 -59.12 -29.44
 712.00 -52.20 -52.23
 713.00 -71.86 -46.50
 714.00 -64.65 -48.38
 715.00 -67.38 -30.88
 716.00 -56.42 -33.45
 717.00 -75.29 -41.72
 718.00 -58.04 -51.27
 719.00 -55.72 -35.74
 720.00 -118.89 -18.59
 721.00 -64.22  -9.24
 722.00 -54.95 133.51
 723.00  69.95 141.26
 724.00 -39.58 -31.81
 725.00 -67.91 -34.09
 726.00 -81.50   1.07
 727.00 -57.51 -29.16
 728.00 -61.55 139.54
 729.00 -37.03 142.71
 730.00 -61.80 -36.92
 731.00 -72.57 -44.22
 732.00 -57.53 -37.42
 733.00 -53.42 -56.50
 734.00 -79.37 -30.24
 735.00 -63.01 -45.41
 736.00 -65.10 -36.34
 737.00 -73.48 -40.84
 738.00 -91.15 -34.30
 739.00 -108.68  -6.48
 740.00 -64.29 -20.65
 741.00 -69.68 -30.14
 742.00 -59.38 -49.09
 743.00 -61.71 -41.93
 744.00 -67.15 -39.50
 745.00 -66.31 -43.85
 746.00 -69.60 -47.31
 747.00 -65.75 -44.23
 748.00 -61.53 -33.87
 749.00 -52.98 -35.33
 750.00 -67.48 -53.83
 751.00 -55.65 -36.98
 752.00 -67.69 -48.15
 753.00 -57.32 -47.69
 754.00 -92.27 -36.70
 755.00 -103.99 -30.22
 756.00 -148.88 -18.24
 757.00  64.21  21.81
 758.00  63.68  20.88
 759.00 -56.81  -8.83
 760.00 -108.87 -48.52
 761.00 -85.19 153.48
 762.00 -112.15 126.88
 763.00 -63.08  81.69
 764.00 -143.05 -55.49
 765.00 -68.03 179.29
 766.00 -90.98 -27.59
 767.00 -106.53 -34.60
 768.00 -108.53  89.83
 769.00 -89.94 136.41
 770.00 -83.13 130.25
 771.00 -58.49 -175.48
 772.00 -67.89 -31.21
 773.00 -59.38 -44.29
 774.00 -56.19 -34.22
 775.00 -56.46 -51.00
 776.00 -71.48 -52.40
 777.00 -58.49 -44.05
 778.00  61.30  -8.33
 779.00 -143.73  45.17
 780.00 -55.90  17.49
 781.00 -57.90 -49.59
 782.00 -69.56 -36.87
 783.00 -66.07 -36.99
 784.00 -55.22 -42.78
 785.00 -60.50 -44.66
 786.00 -82.57 -32.81
 787.00 -80.23 -19.15
 788.00 -59.14 -41.91
 789.00 -62.93 -38.22
 790.00 -49.35 -62.03
 791.00 -73.65 -35.74
 792.00 -72.78 -14.15
 793.00 -78.72 -21.22
 794.00 -69.69 -40.74
 795.00 -69.44 -25.44
 796.00 -63.54 -45.36
 797.00  52.88 -25.42
 798.00 -81.24  60.24
 799.00 -67.93 126.46
 800.00 -62.79 156.21
 801.00 -46.51 -36.99
 802.00 -63.30 -53.38
 803.00 -58.22 -44.99
 804.00 -66.66 -39.78
 805.00 -92.97 -24.10
 806.00 -69.59 -31.95
 807.00 -64.71 -41.71
 808.00 -72.42 -30.39
 809.00 -78.28 -31.61
 810.00 -69.14 -23.76
 811.00 -66.51 -28.85
 812.00 -83.95 -39.59
 813.00 -122.66  28.10
 814.00 -155.59  25.57
 815.00 -146.65 125.15
 816.00 -63.45 156.60
 817.00 -79.79 178.13
 818.00 -80.87 -43.91
 819.00  68.14  12.15
 820.00 -76.30 -173.60
 821.00 -62.14 166.56
 822.00 -100.97 -39.79
 823.00 -56.51  43.39
 824.00 -56.24 -44.48
 825.00 -65.91 -43.51
 826.00 -63.73 -31.83
 827.00 -68.43 -44.10
 828.00 -74.26 -33.61
 829.00 -82.06 -22.27
 830.00 -53.65 -46.77
 831.00 -79.11 -29.12
 832.00 -67.73 -35.28
 833.00 -66.91 -34.85
 834.00 -65.04 -36.92
 835.00 -64.10 -39.92
 836.00 -72.77 -38.69
 837.00 -68.55 -48.19
 838.00 -79.58  -9.78
 839.00 -116.65 -14.94
 840.00 -90.99 -31.28
 841.00 -72.02   3.80
 842.00 -96.06 152.63
 843.00 -170.29 114.20
 844.00 -72.29 157.56
 845.00 -69.09  79.04
 846.00 -77.11  -7.17
 847.00 -69.90 -41.00
 848.00 -57.77 116.33
 849.00 -83.33 -29.91
 850.00 -55.06 -26.28
 851.00 -78.58 -51.33
 852.00 -61.80 -36.68
 853.00 -70.68 -42.78
 854.00 -59.23 -31.64
 855.00 -50.67 -49.62
 856.00 -47.66 -55.69
 857.00 -54.40 -53.65
 858.00 -63.18 -38.52
 859.00 -60.29 -51.99
 860.00 -55.98 -38.30
 861.00 -58.65 -44.83
 862.00 -80.66 -38.37
 863.00 -65.38 -27.26
 864.00 -71.87 -24.43
 865.00 -69.75 -21.25
 866.00 -66.53 -41.08
 867.00 -71.69 -38.73
 868.00 -78.08 -26.42
 869.00 -56.80 -47.50
 870.00 -61.69 -34.66
 871.00 -58.73 -49.77
 872.00 -82.48 -33.19
 873.00 -49.30 -35.53
 874.00 -53.28 -63.36
 875.00 -64.61 -43.75
 876.00 -86.51 -38.75
 877.00 -57.96 -36.29
 878.00 -72.09 -39.42
 879.00 -66.14 -33.11
 880.00 -48.03 -44.76
 881.00 -65.22 -37.51
 882.00 -82.80 -54.80
 883.00 -52.95  -7.15
 884.00 -58.32 -61.58
 885.00 -54.98 -46.17
 886.00 -111.56 -25.73
 887.00  65.41  12.63
 888.00 -81.93  26.42
 889.00 -85.38 130.44
 890.00 -116.67 142.78
 891.00 -72.81 147.38
 892.00 -41.85 127.31
 893.00 -64.97 -56.94
 894.00 -66.59 -37.81
 895.00 -71.58 -43.27
 896.00 -63.26 -19.38
 897.00 -75.93 -30.87
 898.00 -81.08 -38.54
 899.00 -67.59 -31.03
 900.00 -99.88 -45.50
 901.00 -84.93 -52.67
 902.00 -63.15 -41.46
 903.00 -39.80 -41.81
 904.00 -58.56 -41.44
 905.00 -76.83 -42.70
 906.00 -67.80 -41.25
 907.00 -87.14 -33.20
 908.00  91.01   2.19
 909.00 -51.69 -19.10
 910.00 -130.55 -30.86
 911.00 -121.98 126.47
 912.00 -61.23 138.59
 913.00 -74.19 139.99
 914.00 -100.83 130.67
 915.00 -76.64 139.31
 916.00 -107.06 -36.69
 917.00 -73.69 160.88


