 residuo Phi Psi
 669.00 -77.65 125.99
 670.00 -67.56 136.87
 671.00 -70.29  44.14
 672.00 -48.26 -30.99
 673.00 -72.26 -44.22
 674.00 -64.95 -29.78
 675.00 -73.52 -41.45
 676.00 -59.30 -41.02
 677.00 -73.14 -31.40
 678.00 -73.68 -37.92
 679.00 -99.54 -31.98
 680.00 -53.45 -11.01
 681.00 -66.82 116.08
 682.00 -76.44 164.72
 683.00 -77.69 -169.16
 684.00 -119.40 133.02
 685.00 -90.83 127.31
 686.00 -79.17 151.92
 687.00  73.14 -26.18
 688.00 -79.60  26.42
 689.00 -88.10 135.44
 690.00 -78.87 114.07
 691.00 -71.80 -12.78
 692.00 -89.21  -9.30
 693.00 -56.19 127.61
 694.00 -59.42 147.32
 695.00 -146.50 142.43
 696.00 -57.11 142.32
 697.00 -81.84 -44.45
 698.00 -69.33 -22.70
 699.00 -72.97 -40.41
 700.00 -66.45 -45.78
 701.00 -70.51 -37.44
 702.00 -90.27 -18.37
 703.00 -57.19 -35.17
 704.00 -65.44 -46.79
 705.00 -57.57 -41.88
 706.00 -59.56 -46.47
 707.00 -64.64 -35.83
 708.00 -65.20 -45.60
 709.00 -67.13 -39.34
 710.00 -49.44 -46.57
 711.00 -51.68 -66.02
 712.00 -52.56 -47.56
 713.00 -52.86 -53.06
 714.00 -73.22 -41.34
 715.00 -51.31 -35.29
 716.00 -56.47 -59.48
 717.00 -53.13 -41.57
 718.00 -57.37 -59.84
 719.00 -51.73 -44.60
 720.00 -107.34 -35.21
 721.00 -57.15   3.84
 722.00 -51.08 129.32
 723.00  70.09 127.34
 724.00 -51.82  12.00
 725.00 -66.49 -27.85
 726.00 -61.07 -12.39
 727.00 -70.47 -35.68
 728.00 -73.43 157.91
 729.00 -58.44 147.32
 730.00 -86.93 -27.29
 731.00 -56.40 -34.32
 732.00 -56.68 -35.20
 733.00 -82.43 -32.90
 734.00 -53.28 -38.80
 735.00 -68.98 -55.66
 736.00 -59.96 -33.14
 737.00 -80.45 -43.22
 738.00 -81.81 -17.54
 739.00 -82.75 -53.54
 740.00 -45.14  -8.85
 741.00 -62.20 -59.95
 742.00 -58.73 -41.36
 743.00 -63.66 -42.64
 744.00 -77.20 -47.96
 745.00 -78.15 -28.64
 746.00 -56.56 -43.08
 747.00 -72.56 -44.95
 748.00 -65.45 -34.57
 749.00 -46.92 -41.28
 750.00 -63.31 -47.14
 751.00 -63.87 -48.67
 752.00 -59.74 -36.81
 753.00 -64.58 -49.40
 754.00 -84.71 -48.35
 755.00 -96.62 -28.49
 756.00 -153.59 -22.34
 757.00  41.49  34.14
 758.00  67.70  39.04
 759.00 -50.42 -30.13
 760.00 -126.20 -28.44
 761.00 -93.75 151.69
 762.00 -89.97 117.69
 763.00 -60.76  69.88
 764.00 -145.42 -55.73
 765.00 -55.17 165.00
 766.00 -108.66 -23.11
 767.00 -140.14   5.33
 768.00 -77.39  33.26
 769.00 -92.15 118.83
 770.00 -70.20  92.22
 771.00 -61.96 175.09
 772.00 -81.98 -30.25
 773.00 -64.12 -34.15
 774.00 -57.23 -38.18
 775.00 -65.26 -43.81
 776.00 -74.45 -51.22
 777.00 -77.92 -26.09
 778.00  61.11 -10.09
 779.00 -142.01  38.12
 780.00 -58.20  38.24
 781.00 -73.72 -48.93
 782.00 -62.90 -34.95
 783.00 -71.79 -30.60
 784.00 -71.60 -34.03
 785.00 -58.61 -43.86
 786.00 -59.14 -43.67
 787.00 -78.18 -34.00
 788.00 -50.02 -35.04
 789.00 -70.81 -50.05
 790.00 -72.90 -20.43
 791.00 -51.80 -54.74
 792.00 -53.75 -25.10
 793.00 -48.35 -47.08
 794.00 -104.33 -28.49
 795.00 -65.98 -32.88
 796.00 -97.40 -35.08
 797.00  39.18   4.16
 798.00 -65.41  64.37
 799.00 -100.69 137.70
 800.00 -49.41 158.22
 801.00 -66.11 -42.84
 802.00 -70.22 -35.23
 803.00 -53.93 -48.49
 804.00 -61.50 -45.70
 805.00 -77.44 -44.12
 806.00 -75.66 -25.73
 807.00 -61.07 -39.27
 808.00 -64.54 -34.65
 809.00 -61.33 -43.33
 810.00 -73.70 -28.55
 811.00 -63.26 -24.02
 812.00 -118.86 -19.45
 813.00 -117.78  28.16
 814.00 -141.76   7.42
 815.00 -144.06 128.83
 816.00 -69.18 168.16
 817.00 -54.28 149.77
 818.00 -88.96 -30.45
 819.00  76.31   0.14
 820.00 -67.77 158.07
 821.00 -74.22 173.50
 822.00 -128.33 -19.31
 823.00 -77.26 103.62
 824.00 -62.18 -35.51
 825.00 -66.49 -32.86
 826.00 -75.82 -34.48
 827.00 -61.14 -37.44
 828.00 -79.97 -36.67
 829.00 -85.63 -13.65
 830.00 -56.23 -49.08
 831.00 -61.02 -48.85
 832.00 -67.03 -30.20
 833.00 -67.08 -41.54
 834.00 -71.45 -18.71
 835.00 -64.49 -63.64
 836.00 -66.66 -26.51
 837.00 -80.71 -34.25
 838.00 -80.15 -24.87
 839.00 -72.73 -17.16
 840.00 -108.48 -36.67
 841.00 -56.62  -2.01
 842.00 -76.76 152.72
 843.00 -80.02  29.28
 844.00 -95.56 166.58
 845.00 -56.84  89.49
 846.00 -70.95  -6.91
 847.00 -150.75  -6.30
 848.00 -52.07  76.63
 849.00 -64.52 -11.65
 850.00 -47.63 -34.89
 851.00 -74.78 -41.33
 852.00 -59.79 -47.43
 853.00 -77.16 -33.57
 854.00 -57.73 -44.76
 855.00 -55.93 -55.19
 856.00 -54.50 -42.85
 857.00 -70.64 -45.80
 858.00 -67.05 -25.55
 859.00 -62.06 -53.00
 860.00 -66.27 -25.85
 861.00 -79.09 -39.34
 862.00 -62.68 -39.05
 863.00 -59.80 -35.47
 864.00 -68.72 -45.96
 865.00 -66.99 -11.63
 866.00 -54.67 -42.21
 867.00 -72.51 -48.05
 868.00 -61.82 -32.05
 869.00 -61.64 -53.63
 870.00 -61.91 -42.30
 871.00 -58.54 -41.93
 872.00 -76.34 -29.38
 873.00 -51.27 -33.95
 874.00 -65.55 -47.99
 875.00 -76.96 -41.12
 876.00 -68.12 -34.89
 877.00 -74.65 -37.32
 878.00 -64.94 -28.81
 879.00 -70.75 -42.49
 880.00 -64.95 -36.59
 881.00 -72.66 -30.66
 882.00 -92.13 -37.53
 883.00 -60.38   0.54
 884.00 -76.05 -38.12
 885.00 -69.31 -32.64
 886.00 -79.63 -41.20
 887.00  58.00  -7.23
 888.00 -78.53  29.08
 889.00 -95.90 146.89
 890.00 -138.93 150.46
 891.00 -73.44 141.47
 892.00 -55.20 127.09
 893.00 -49.56 -38.73
 894.00 -75.87 -57.77
 895.00 -57.16 -37.94
 896.00 -65.72 -38.97
 897.00 -57.48 -42.13
 898.00 -58.06 -45.49
 899.00 -110.24 -29.94
 900.00 -104.63 -23.35
 901.00 -111.06 -36.81
 902.00 -79.72 -26.09
 903.00 -68.61 -36.26
 904.00 -72.02 -11.35
 905.00 -68.58 -35.25
 906.00 -75.22 -43.58
 907.00 -84.53 -24.95
 908.00  64.79   2.63
 909.00 -74.95  23.99
 910.00 -108.27 -27.09
 911.00 -141.63 154.35
 912.00 -88.35 139.42
 913.00 -88.26 149.40
 914.00 -126.58 136.87
 915.00 -65.42 120.15
 916.00 -104.43 -44.53
 917.00 -115.79 175.82


