 residuo Phi Psi
 669.00 -75.13 137.47
 670.00 -64.04 141.16
 671.00 -157.30 136.26
 672.00 -61.74  -3.18
 673.00 -50.81 -55.51
 674.00 -72.62 -32.73
 675.00 -72.52 -38.82
 676.00 -59.74 -31.45
 677.00 -60.71 -41.90
 678.00 -68.08 -38.84
 679.00 -90.26 -37.39
 680.00 -43.68 -19.77
 681.00 -54.60 127.37
 682.00 -95.61 153.19
 683.00 -84.28 -152.72
 684.00 -116.04 127.24
 685.00 -77.16 120.84
 686.00 -88.49 156.36
 687.00  86.80 -11.18
 688.00 -74.61   9.47
 689.00 -106.23 162.75
 690.00 -71.88 115.33
 691.00 -77.99  -9.60
 692.00 -83.72 -30.46
 693.00 -60.24 158.15
 694.00 -70.90 144.45
 695.00 -160.69 154.26
 696.00 -42.19 126.24
 697.00 -66.01 -62.48
 698.00 -72.70 -44.67
 699.00 -51.48 -30.59
 700.00 -62.80 -56.22
 701.00 -53.56 -49.41
 702.00 -77.80 -30.42
 703.00 -66.43 -32.55
 704.00 -54.24 -51.38
 705.00 -58.58 -46.69
 706.00 -64.39 -40.03
 707.00 -54.90 -28.65
 708.00 -62.97 -46.48
 709.00 -57.39 -47.71
 710.00 -76.27 -49.03
 711.00 -80.51 -14.91
 712.00 -53.89 -39.88
 713.00 -63.26 -45.66
 714.00 -62.59 -36.14
 715.00 -59.28 -49.09
 716.00 -75.23 -32.12
 717.00 -54.38 -45.07
 718.00 -60.83 -49.67
 719.00 -56.93 -40.89
 720.00 -115.38 -28.12
 721.00 -67.23  15.03
 722.00 -66.87 137.54
 723.00  53.34 155.52
 724.00 -51.63 -34.20
 725.00 -74.97 -20.09
 726.00 -85.06   5.65
 727.00 -79.95  -9.87
 728.00 -72.06 139.11
 729.00 -58.78 154.03
 730.00 -66.23 -27.56
 731.00 -83.17 -33.07
 732.00 -63.25 -27.30
 733.00 -48.63 -58.92
 734.00 -52.70 -42.62
 735.00 -69.54 -68.19
 736.00 -63.07 -22.89
 737.00 -72.51 -49.58
 738.00 -81.32 -29.04
 739.00 -75.65 -40.51
 740.00 -50.83 -12.65
 741.00 -68.41 -48.85
 742.00 -53.50 -62.87
 743.00 -75.03 -35.16
 744.00 -69.94 -41.64
 745.00 -65.25 -24.83
 746.00 -56.70 -54.76
 747.00 -54.76 -48.85
 748.00 -76.94 -38.38
 749.00 -72.94 -32.77
 750.00 -55.13 -39.47
 751.00 -74.52 -47.63
 752.00 -79.61 -27.01
 753.00 -69.00 -34.32
 754.00 -73.97 -42.29
 755.00 -99.50 -33.16
 756.00 -143.25 -33.20
 757.00  66.71  40.18
 758.00  64.44   5.68
 759.00 -100.88  12.99
 760.00 -132.39   1.97
 761.00 -86.82 155.51
 762.00 -84.82 105.85
 763.00 -51.43  67.04
 764.00 -153.78 -55.99
 765.00 -65.15 148.80
 766.00 -105.99  -6.94
 767.00 -135.76  -7.37
 768.00 -72.01  45.06
 769.00 -105.03 134.16
 770.00 -82.84 116.60
 771.00 -48.69 164.45
 772.00 -61.24 -32.10
 773.00 -56.44 -51.93
 774.00 -62.32 -36.86
 775.00 -56.99 -46.28
 776.00 -71.66 -50.02
 777.00 -82.54 -27.76
 778.00  57.25  -3.09
 779.00 -134.53  40.65
 780.00 -52.73  24.49
 781.00 -64.08 -40.43
 782.00 -72.86 -47.85
 783.00 -61.30 -26.60
 784.00 -57.07 -49.61
 785.00 -64.81 -33.50
 786.00 -62.96 -49.18
 787.00 -79.03 -25.90
 788.00 -72.96 -34.43
 789.00 -62.71 -22.89
 790.00 -70.12 -45.60
 791.00 -74.59 -27.92
 792.00 -74.18 -20.45
 793.00 -69.78 -28.10
 794.00 -50.98 -37.17
 795.00 -79.61 -45.82
 796.00 -82.64 -36.73
 797.00  59.43 -13.74
 798.00 -70.15  41.19
 799.00 -87.35 141.78
 800.00 -41.44 139.87
 801.00 -55.55 -41.20
 802.00 -74.09 -41.17
 803.00 -52.56 -38.79
 804.00 -64.26 -48.00
 805.00 -81.49 -37.02
 806.00 -51.33 -37.69
 807.00 -67.94 -48.07
 808.00 -75.33 -30.64
 809.00 -52.03 -39.91
 810.00 -60.62 -33.68
 811.00 -71.15 -26.27
 812.00 -112.42 -21.43
 813.00 -146.36  45.18
 814.00 -159.66  16.08
 815.00 -133.55 122.03
 816.00 -66.13 171.83
 817.00 -62.08 169.12
 818.00 -87.54 -34.19
 819.00  77.13   5.91
 820.00 -73.50 171.22
 821.00 -76.44 168.50
 822.00 -113.34 -24.14
 823.00 -65.08  40.33
 824.00 -52.44 -31.93
 825.00 -85.14 -44.31
 826.00 -63.79 -33.12
 827.00 -61.87 -38.66
 828.00 -61.61 -45.76
 829.00 -72.34 -39.10
 830.00 -57.97 -32.77
 831.00 -57.63 -48.60
 832.00 -68.76 -46.60
 833.00 -66.60 -39.86
 834.00 -70.39 -31.30
 835.00 -65.55 -44.57
 836.00 -70.08 -34.22
 837.00 -60.25 -46.07
 838.00 -56.78 -41.02
 839.00 -73.40 -24.20
 840.00 -141.77 -19.85
 841.00 -57.96   7.55
 842.00 -64.31 149.80
 843.00 -136.01  78.60
 844.00 -99.43 163.69
 845.00 -67.71 138.56
 846.00 -73.27 -31.89
 847.00 -127.66   0.52
 848.00 -52.94  66.25
 849.00 -61.19 -40.31
 850.00 -59.72 -40.13
 851.00 -69.74 -31.70
 852.00 -65.84 -56.48
 853.00 -52.63 -31.22
 854.00 -70.65 -51.78
 855.00 -70.91 -34.15
 856.00 -56.92 -40.50
 857.00 -67.04 -39.66
 858.00 -78.82 -25.97
 859.00 -63.96 -38.64
 860.00 -66.80 -32.49
 861.00 -85.87 -17.95
 862.00 -52.52 -43.14
 863.00 -57.18 -46.96
 864.00 -91.42 -20.41
 865.00 -55.59 -15.93
 866.00 -76.77 -46.31
 867.00 -68.55 -33.63
 868.00 -71.11 -27.20
 869.00 -69.13 -39.70
 870.00 -65.08 -30.87
 871.00 -67.86 -31.08
 872.00 -70.85 -43.99
 873.00 -64.68 -36.76
 874.00 -60.47 -36.41
 875.00 -64.01 -54.71
 876.00 -62.61 -46.54
 877.00 -60.86 -39.68
 878.00 -74.28 -40.83
 879.00 -60.41 -34.87
 880.00 -59.04 -59.91
 881.00 -58.50 -43.22
 882.00 -133.53 -22.60
 883.00 -61.87  36.00
 884.00 -70.92 -25.65
 885.00 -90.52 -29.01
 886.00 -65.83 -49.77
 887.00  58.24  -3.69
 888.00 -100.29  35.42
 889.00 -90.15 134.28
 890.00 -111.74 120.69
 891.00 -52.42 123.59
 892.00 -57.06 134.54
 893.00 -67.07 -41.21
 894.00 -70.19 -32.99
 895.00 -63.42 -42.71
 896.00 -68.60 -31.26
 897.00 -55.76 -38.54
 898.00 -66.78 -49.41
 899.00 -115.97 -16.55
 900.00 -113.18 -15.09
 901.00 -90.32 -45.72
 902.00 -45.40 -57.17
 903.00 -61.99 -37.26
 904.00 -57.54 -32.69
 905.00 -67.21 -42.73
 906.00 -72.21 -48.20
 907.00 -102.31 -15.59
 908.00  69.60   1.35
 909.00 -78.18  21.56
 910.00 -102.82 -33.10
 911.00 -122.78 134.64
 912.00 -65.89  97.90
 913.00 -84.02 130.39
 914.00 -98.10 130.20
 915.00 -82.37 138.82
 916.00 -135.03 -15.71
 917.00 -143.84 172.43


