 residuo Phi Psi
 669.00 -59.05 125.49
 670.00 -45.60 147.28
 671.00 -155.91 138.44
 672.00 -63.65  -9.91
 673.00 -85.06 -49.05
 674.00 -68.80 -18.11
 675.00 -71.54 -30.25
 676.00 -58.96 -49.37
 677.00 -68.27 -45.31
 678.00 -93.69 -29.69
 679.00 -75.81 -29.85
 680.00 -41.63 -19.40
 681.00 -74.81 110.55
 682.00 -65.89 140.10
 683.00 -80.01 162.92
 684.00 -63.97  96.02
 685.00 -80.01 137.98
 686.00 -79.59 159.46
 687.00  81.69 -14.99
 688.00 -79.51  21.66
 689.00 -126.61 151.81
 690.00 -60.44  99.75
 691.00 -98.31  -4.70
 692.00 -95.85  -7.90
 693.00 -68.00 164.29
 694.00 -96.72 163.56
 695.00 -146.14 139.41
 696.00 -55.63 163.55
 697.00 -72.32 -37.67
 698.00 -69.13 -47.06
 699.00 -56.45 -54.86
 700.00 -80.94 -40.27
 701.00 -60.10 -40.25
 702.00 -61.75 -39.20
 703.00 -57.57 -47.34
 704.00 -70.18 -33.50
 705.00 -63.07 -32.35
 706.00 -60.90 -52.85
 707.00 -67.50 -31.49
 708.00 -61.85 -38.44
 709.00 -59.72 -51.91
 710.00 -65.57 -52.19
 711.00 -51.23 -45.30
 712.00 -66.51 -48.32
 713.00 -66.93 -37.31
 714.00 -64.50 -32.52
 715.00 -57.85 -42.60
 716.00 -55.06 -44.86
 717.00 -73.28 -39.71
 718.00 -55.46 -41.92
 719.00 -64.76 -49.82
 720.00 -132.55   9.96
 721.00 -57.65 -14.71
 722.00 -51.58 139.30
 723.00  72.33 147.59
 724.00 -66.90  -3.75
 725.00 -68.95 -28.22
 726.00 -69.51  -6.86
 727.00 -88.53 -24.10
 728.00 -80.05 143.39
 729.00 -48.76 151.49
 730.00 -64.01 -43.95
 731.00 -94.16 -24.56
 732.00 -48.98 -34.25
 733.00 -63.51 -51.29
 734.00 -51.44 -41.30
 735.00 -59.58 -61.87
 736.00 -67.73 -28.92
 737.00 -61.72 -50.47
 738.00 -73.12 -44.51
 739.00 -73.86 -35.49
 740.00 -48.04 -15.31
 741.00 -67.55 -51.02
 742.00 -58.40 -70.97
 743.00 -65.60 -33.77
 744.00 -71.78 -49.45
 745.00 -69.24 -27.26
 746.00 -69.76 -37.49
 747.00 -61.52 -35.28
 748.00 -52.40 -45.81
 749.00 -60.45 -46.00
 750.00 -75.63 -35.21
 751.00 -43.34 -53.88
 752.00 -64.09 -44.25
 753.00 -54.01 -48.74
 754.00 -90.46 -42.22
 755.00 -114.58 -10.51
 756.00 -122.54 -44.70
 757.00  58.05  19.89
 758.00  65.56  29.63
 759.00 -76.75 -16.00
 760.00 -86.00 -44.63
 761.00 -115.66 161.47
 762.00 -76.35 101.84
 763.00 -46.16  55.98
 764.00 -162.97 -45.88
 765.00 -60.22 161.69
 766.00 -87.07 -25.16
 767.00 -71.30 -62.87
 768.00 -90.23  59.14
 769.00 -92.34 135.22
 770.00 -90.35 125.15
 771.00 -60.36 175.93
 772.00 -65.09 -27.08
 773.00 -68.43 -46.41
 774.00 -61.76 -24.26
 775.00 -86.87 -31.91
 776.00 -74.41 -36.77
 777.00 -74.20 -32.79
 778.00  52.43   3.03
 779.00 -163.97  54.13
 780.00 -59.76  47.28
 781.00 -46.71 -56.53
 782.00 -65.15 -42.86
 783.00 -70.82 -43.36
 784.00 -69.22 -29.96
 785.00 -62.42 -36.70
 786.00 -71.68 -38.76
 787.00 -84.67 -17.89
 788.00 -49.81 -43.63
 789.00 -68.41 -37.48
 790.00 -60.90 -52.55
 791.00 -71.42 -31.67
 792.00 -80.86 -17.00
 793.00 -57.84 -29.91
 794.00 -81.39 -38.64
 795.00 -68.78 -43.86
 796.00 -92.60 -26.82
 797.00  48.06  -7.86
 798.00 -85.50  72.12
 799.00 -89.65 128.56
 800.00 -44.28 148.07
 801.00 -55.77 -46.57
 802.00 -53.99 -52.16
 803.00 -66.92 -45.65
 804.00 -62.77 -40.01
 805.00 -71.99 -48.40
 806.00 -71.23 -26.13
 807.00 -65.63 -40.37
 808.00 -74.67 -32.40
 809.00 -78.46 -27.07
 810.00 -83.88 -14.14
 811.00 -61.25 -27.71
 812.00 -107.22 -27.03
 813.00 -138.24  42.78
 814.00 -152.20  14.50
 815.00 -138.98 126.32
 816.00 -58.45 161.84
 817.00 -67.46 160.35
 818.00 -101.82 -24.04
 819.00  57.77  15.73
 820.00 -70.62 -175.66
 821.00 -63.32 162.95
 822.00 -119.74 -29.15
 823.00 -48.05  66.90
 824.00 -60.07 -41.69
 825.00 -81.83 -14.70
 826.00 -52.36 -46.97
 827.00 -67.31 -40.62
 828.00 -61.00 -38.34
 829.00 -65.98 -54.35
 830.00 -65.19 -43.22
 831.00 -59.94 -41.07
 832.00 -69.40 -36.75
 833.00 -67.61 -45.99
 834.00 -67.94 -23.16
 835.00 -60.01 -57.09
 836.00 -80.94 -18.27
 837.00 -60.19 -39.36
 838.00 -67.12 -37.07
 839.00 -124.43   1.72
 840.00 -108.18 -17.68
 841.00 -44.48  -9.86
 842.00 -94.26 144.51
 843.00 -150.45  95.00
 844.00 -82.30 157.60
 845.00 -58.64  94.00
 846.00 -57.65 -34.22
 847.00 -113.06 -26.70
 848.00 -44.82  81.35
 849.00 -64.53 -34.14
 850.00 -54.63 -30.17
 851.00 -80.07 -36.04
 852.00 -63.34 -37.97
 853.00 -62.70 -38.87
 854.00 -54.76 -50.07
 855.00 -64.14 -37.63
 856.00 -58.33 -46.63
 857.00 -71.06 -32.02
 858.00 -76.24 -38.56
 859.00 -70.31 -29.73
 860.00 -62.99 -35.47
 861.00 -48.48 -46.71
 862.00 -59.00 -57.33
 863.00 -58.63 -36.94
 864.00 -68.70 -34.46
 865.00 -72.18 -22.82
 866.00 -67.11 -37.53
 867.00 -58.32 -41.84
 868.00 -80.46 -27.53
 869.00 -43.71 -46.34
 870.00 -67.73 -52.42
 871.00 -63.04 -39.16
 872.00 -79.64 -33.12
 873.00 -56.26 -41.77
 874.00 -67.77 -39.45
 875.00 -63.34 -43.61
 876.00 -59.79 -48.85
 877.00 -60.38 -39.76
 878.00 -67.68 -49.82
 879.00 -85.62 -16.57
 880.00 -65.19 -50.69
 881.00 -70.67 -24.65
 882.00 -128.60  -9.59
 883.00 -57.79  15.24
 884.00 -74.24 -34.95
 885.00 -77.98 -40.79
 886.00 -104.28 -18.04
 887.00  50.24  10.18
 888.00 -78.98  16.65
 889.00 -85.16 119.91
 890.00 -119.95 133.83
 891.00 -56.07 104.94
 892.00 -65.28 142.27
 893.00 -67.25 -46.37
 894.00 -86.37 -28.24
 895.00 -56.36 -35.02
 896.00 -54.42 -46.48
 897.00 -66.22 -40.87
 898.00 -77.21 -41.62
 899.00 -66.52 -39.13
 900.00 -96.16 -42.30
 901.00 -89.55 -46.72
 902.00 -60.08 -48.60
 903.00 -63.69 -28.24
 904.00 -57.87 -37.85
 905.00 -81.04 -30.66
 906.00 -55.71 -49.04
 907.00 -93.29 -29.60
 908.00  71.76   5.35
 909.00 -69.35  15.17
 910.00 -138.90 -25.55
 911.00 -153.88 143.23
 912.00 -67.80 134.28
 913.00 -85.54 152.62
 914.00 -112.13 130.66
 915.00 -71.79 129.90
 916.00 -121.62 -35.53
 917.00 -81.24 158.01


