 residuo Phi Psi
 669.00 -66.05 -67.60
 670.00 -57.97 147.51
 671.00 -50.79 156.02
 672.00 -62.15 -41.97
 673.00 -62.02 -41.74
 674.00 -55.21 -40.48
 675.00 -83.21 -33.34
 676.00 -65.10 -50.40
 677.00 -65.67 -39.96
 678.00 -81.22 -29.36
 679.00 -97.12 -17.34
 680.00 -75.98   1.67
 681.00 -68.00 113.31
 682.00 -68.51 158.81
 683.00 -67.44 145.62
 684.00 -131.24 147.06
 685.00 -68.11 139.11
 686.00 -77.13 152.71
 687.00  80.17 -14.12
 688.00 -77.38   6.62
 689.00 -134.88 166.45
 690.00 -80.44 113.65
 691.00 -81.34  -7.94
 692.00 -80.85 -25.56
 693.00 -50.09 147.22
 694.00 -68.12 152.05
 695.00 -120.33 114.61
 696.00 -59.59 147.11
 697.00 -49.89 -63.82
 698.00 -76.63 -41.75
 699.00 -75.91 -36.32
 700.00 -78.12 -33.31
 701.00 -61.88 -34.61
 702.00 -64.03 -45.23
 703.00 -74.91 -24.07
 704.00 -65.85 -41.84
 705.00 -57.20 -46.33
 706.00 -53.31 -52.19
 707.00 -55.32 -27.26
 708.00 -63.64 -51.31
 709.00 -71.90 -33.86
 710.00 -72.25 -45.22
 711.00 -49.87 -43.22
 712.00 -64.15 -51.70
 713.00 -71.03 -32.38
 714.00 -78.54 -34.05
 715.00 -73.17 -29.34
 716.00 -58.58 -46.17
 717.00 -68.37 -34.00
 718.00 -72.48 -41.86
 719.00 -63.01 -25.04
 720.00 -129.63 -14.95
 721.00 -66.62   9.23
 722.00 -65.36 132.02
 723.00  95.79 113.45
 724.00 -52.31 -23.22
 725.00 -65.96 -26.08
 726.00 -60.34  -9.37
 727.00 -90.80 -14.25
 728.00 -62.67 145.30
 729.00 -57.53 144.84
 730.00 -60.79 -35.12
 731.00 -79.53 -36.03
 732.00 -61.83 -23.21
 733.00 -55.64 -57.14
 734.00 -66.91 -33.58
 735.00 -67.12 -63.01
 736.00 -65.20 -19.00
 737.00 -83.59 -45.57
 738.00 -93.58 -15.49
 739.00 -96.30 -25.71
 740.00 -62.82 -10.79
 741.00 -65.47 -46.11
 742.00 -72.88 -31.97
 743.00 -54.46 -48.75
 744.00 -55.99 -46.41
 745.00 -69.98 -53.57
 746.00 -69.73 -30.19
 747.00 -59.90 -47.94
 748.00 -61.24 -39.42
 749.00 -67.85 -41.09
 750.00 -73.77 -34.88
 751.00 -67.02 -42.45
 752.00 -86.77 -17.57
 753.00 -46.46 -50.43
 754.00 -59.21 -53.65
 755.00 -70.71 -66.35
 756.00 -130.74 -42.62
 757.00  44.35  23.32
 758.00  65.22  52.04
 759.00 -74.13  -6.01
 760.00 -138.31 -20.59
 761.00 -88.30 154.40
 762.00 -81.95 104.46
 763.00 -50.93  56.15
 764.00 -159.65 -50.35
 765.00 -51.97 155.30
 766.00 -81.80 -34.26
 767.00 -84.57 -60.75
 768.00 -73.55  54.13
 769.00 -91.53 134.89
 770.00 -70.02  88.18
 771.00 -53.32 175.59
 772.00 -58.34 -48.28
 773.00 -79.31 -38.08
 774.00 -58.04 -31.39
 775.00 -70.11 -38.91
 776.00 -59.18 -57.68
 777.00 -76.41 -39.15
 778.00  64.08  -0.78
 779.00 -74.24 -13.58
 780.00 -36.67  18.60
 781.00 -58.69 -74.84
 782.00 -69.43 -33.91
 783.00 -74.37 -42.01
 784.00 -59.57 -32.38
 785.00 -58.90 -47.11
 786.00 -63.54 -44.82
 787.00 -59.53 -33.79
 788.00 -74.25 -47.80
 789.00 -77.53 -21.49
 790.00 -77.93 -25.22
 791.00 -56.39 -38.47
 792.00 -66.85 -25.68
 793.00 -59.61 -35.44
 794.00 -81.82 -36.43
 795.00 -79.63 -15.62
 796.00 -60.18 -51.07
 797.00  51.42 -27.61
 798.00 -61.07  45.80
 799.00 -83.52 127.30
 800.00 -43.17 146.14
 801.00 -74.74 -34.42
 802.00 -66.91 -36.28
 803.00 -45.00 -53.33
 804.00 -62.20 -48.92
 805.00 -61.35 -47.33
 806.00 -59.07 -42.61
 807.00 -70.89 -50.43
 808.00 -59.21 -25.99
 809.00 -85.75 -42.54
 810.00 -69.33 -29.19
 811.00 -77.56  -9.48
 812.00 -86.63 -39.39
 813.00 -127.61  34.24
 814.00 -155.07  16.66
 815.00 -145.44 122.24
 816.00 -58.10 158.03
 817.00 -57.44 148.22
 818.00 -60.70 -48.22
 819.00 111.07 -31.52
 820.00 -75.07 155.74
 821.00 -73.34 159.88
 822.00 -104.60 -32.05
 823.00 -48.37  19.58
 824.00 -62.85 -29.62
 825.00 -92.19 -28.82
 826.00 -67.57 -31.58
 827.00 -75.49 -32.67
 828.00 -69.44 -32.49
 829.00 -68.96 -36.51
 830.00 -48.95 -51.24
 831.00 -77.04 -35.58
 832.00 -70.65 -42.63
 833.00 -64.02 -39.15
 834.00 -62.13 -37.28
 835.00 -64.01 -49.19
 836.00 -86.33 -30.39
 837.00 -59.91 -32.39
 838.00 -58.50 -45.60
 839.00 -68.90 -26.53
 840.00 -125.44 -21.00
 841.00 -60.00  -0.17
 842.00 -94.64 142.65
 843.00 -169.77 123.06
 844.00 -91.31 150.61
 845.00 -65.45  77.29
 846.00 -65.30 -15.62
 847.00 -81.29 -28.80
 848.00 -84.21 148.39
 849.00 -123.09 -15.38
 850.00 -56.68  -3.26
 851.00 -80.32 -38.50
 852.00 -64.76 -38.87
 853.00 -61.01 -42.96
 854.00 -63.91 -41.29
 855.00 -66.23 -40.92
 856.00 -64.11 -42.16
 857.00 -58.92 -49.57
 858.00 -89.63 -24.51
 859.00 -71.31 -34.44
 860.00 -59.39 -39.97
 861.00 -67.39 -39.33
 862.00 -64.27 -36.06
 863.00 -66.71 -38.26
 864.00 -69.34 -26.33
 865.00 -75.59 -20.27
 866.00 -48.99 -31.40
 867.00 -68.15 -60.85
 868.00 -72.26 -26.46
 869.00 -62.71 -36.47
 870.00 -67.92 -36.70
 871.00 -85.60 -29.88
 872.00 -68.13 -35.03
 873.00 -69.03 -32.68
 874.00 -61.71 -32.78
 875.00 -57.31 -56.01
 876.00 -65.93 -49.11
 877.00 -77.40 -30.57
 878.00 -87.04 -19.09
 879.00 -84.62 -16.75
 880.00 -64.76 -39.78
 881.00 -65.10 -33.18
 882.00 -146.08 -10.73
 883.00 -66.64  15.42
 884.00 -66.48 -33.94
 885.00 -69.05 -39.97
 886.00 -99.77 -27.63
 887.00  53.44  19.46
 888.00 -102.29  36.49
 889.00 -89.55 133.87
 890.00 -121.14 145.49
 891.00 -71.23 127.78
 892.00 -75.46 142.42
 893.00 -69.19 -37.59
 894.00 -63.94 -33.08
 895.00 -73.16 -38.03
 896.00 -46.45 -30.98
 897.00 -78.95 -37.86
 898.00 -70.63 -45.76
 899.00 -68.15 -35.01
 900.00 -98.04 -57.98
 901.00 -91.94 -35.13
 902.00 -62.02 -35.44
 903.00 -63.04 -27.08
 904.00 -63.93 -30.71
 905.00 -69.35 -38.04
 906.00 -75.36 -47.08
 907.00 -87.13 -27.66
 908.00  91.21 -13.28
 909.00 -73.10   6.19
 910.00 -105.66 -27.19
 911.00 -91.09 115.96
 912.00 -72.90 138.93
 913.00 -90.08 134.43
 914.00 -91.88 108.05
 915.00 -73.22 140.60
 916.00 -103.72 -37.43
 917.00 -78.86 150.42


