 residuo Phi Psi
 669.00 -153.63 110.68
 670.00 -62.23 159.83
 671.00 -138.52 153.67
 672.00 -62.27  -5.82
 673.00 -70.79 -38.51
 674.00 -69.27 -22.45
 675.00 -58.66 -41.34
 676.00 -46.58 -56.82
 677.00 -72.02 -50.02
 678.00 -87.30 -26.88
 679.00 -86.61 -31.38
 680.00 -55.96 -15.90
 681.00 -45.92 124.86
 682.00 -78.61 139.51
 683.00 -60.41 -159.61
 684.00 -100.03 115.25
 685.00 -82.92 115.83
 686.00 -94.84 161.44
 687.00  85.14 -32.28
 688.00 -54.70  25.51
 689.00 -67.51 137.41
 690.00 -77.38  78.68
 691.00 -143.67  38.92
 692.00 -91.43 -21.96
 693.00 -76.39 165.75
 694.00 -53.55 142.83
 695.00 -129.04 133.65
 696.00 -58.96 156.38
 697.00 -65.14 -57.69
 698.00 -49.76 -34.89
 699.00 -61.67 -60.36
 700.00 -78.97 -32.84
 701.00 -70.85 -36.55
 702.00 -75.11 -28.23
 703.00 -70.44 -29.47
 704.00 -69.92 -41.90
 705.00 -62.00 -38.11
 706.00 -52.89 -52.46
 707.00 -62.72 -38.06
 708.00 -64.93 -36.04
 709.00 -61.42 -48.79
 710.00 -73.02 -34.82
 711.00 -61.45 -41.63
 712.00 -48.24 -46.30
 713.00 -76.09 -40.99
 714.00 -64.44 -27.60
 715.00 -66.56 -37.99
 716.00 -58.54 -52.73
 717.00 -89.98 -22.71
 718.00 -63.90 -42.94
 719.00 -71.39 -29.49
 720.00 -146.24  11.13
 721.00 -64.12  -9.12
 722.00 -47.08 125.40
 723.00  56.22 143.20
 724.00 -54.66  -9.55
 725.00 -55.90 -37.30
 726.00 -53.65 -15.89
 727.00 -74.02 -37.03
 728.00 -60.96 151.18
 729.00 -50.29 144.11
 730.00 -70.84 -36.87
 731.00 -74.92 -29.35
 732.00 -44.38 -48.56
 733.00 -66.22 -52.39
 734.00 -73.75 -32.06
 735.00 -66.72 -48.27
 736.00 -67.05 -28.65
 737.00 -75.07 -46.01
 738.00 -82.72 -19.11
 739.00 -97.45 -38.78
 740.00 -60.84  -5.04
 741.00 -65.13 -35.06
 742.00 -82.56 -51.09
 743.00 -59.61 -19.09
 744.00 -76.42 -52.71
 745.00 -72.02 -32.95
 746.00 -56.47 -46.26
 747.00 -61.16 -44.51
 748.00 -71.07 -37.33
 749.00 -55.84 -38.54
 750.00 -60.09 -45.35
 751.00 -55.20 -53.11
 752.00 -61.78 -33.47
 753.00 -83.90 -38.82
 754.00 -67.83 -35.01
 755.00 -89.65 -53.21
 756.00 -133.57 -33.32
 757.00  58.75  29.84
 758.00  53.04  32.56
 759.00 -57.80  -9.39
 760.00 -91.33 -56.23
 761.00 -102.07 166.41
 762.00 -93.71 112.53
 763.00 -57.79  70.95
 764.00 -156.55 -48.86
 765.00 -54.96 153.41
 766.00 -96.55 -25.35
 767.00 -140.48  -7.22
 768.00 -78.46  54.22
 769.00 -114.21 142.71
 770.00 -65.56 109.47
 771.00 -68.57 -174.28
 772.00 -56.35 -41.39
 773.00 -66.68 -47.96
 774.00 -66.55 -31.62
 775.00 -76.50 -30.63
 776.00 -60.70 -43.49
 777.00 -74.48 -36.74
 778.00  55.17  -4.19
 779.00 -78.54 -15.34
 780.00 -66.85  58.19
 781.00 -55.87 -69.28
 782.00 -54.57 -40.89
 783.00 -68.68 -44.78
 784.00 -59.58 -36.35
 785.00 -64.66 -46.52
 786.00 -77.09 -26.61
 787.00 -64.22 -36.36
 788.00 -64.23 -43.24
 789.00 -53.88 -39.56
 790.00 -62.72 -54.00
 791.00 -67.61 -34.57
 792.00 -75.59 -12.19
 793.00 -72.39 -25.62
 794.00 -70.20 -32.45
 795.00 -63.99 -46.80
 796.00 -65.78 -45.78
 797.00  62.74 -27.67
 798.00 -60.77  54.42
 799.00 -91.67 123.69
 800.00 -47.80 155.20
 801.00 -61.53 -45.12
 802.00 -66.37 -42.86
 803.00 -62.47 -40.96
 804.00 -55.51 -47.42
 805.00 -74.47 -49.60
 806.00 -70.85 -34.32
 807.00 -53.67 -48.99
 808.00 -61.21 -37.41
 809.00 -57.04 -50.05
 810.00 -63.40 -25.95
 811.00 -88.67  -7.94
 812.00 -130.23  -7.88
 813.00 -117.78  34.60
 814.00 -162.04  10.20
 815.00 -154.26 143.06
 816.00 -68.77 164.12
 817.00 -63.50 153.72
 818.00 -95.24 -37.09
 819.00  82.73  21.24
 820.00 -74.22 170.93
 821.00 -48.54 168.43
 822.00 -132.48 -40.48
 823.00 -46.05  65.88
 824.00 -62.16 -36.01
 825.00 -74.47 -20.58
 826.00 -63.46 -40.13
 827.00 -58.46 -47.87
 828.00 -69.61 -34.01
 829.00 -63.33 -45.06
 830.00 -57.58 -44.38
 831.00 -76.00 -34.91
 832.00 -64.57 -40.21
 833.00 -60.82 -39.30
 834.00 -70.73 -34.96
 835.00 -66.39 -35.04
 836.00 -71.21 -34.74
 837.00 -63.23 -37.16
 838.00 -66.61 -30.24
 839.00 -75.33 -29.38
 840.00 -91.96 -38.32
 841.00 -74.50   1.48
 842.00 -81.27 137.57
 843.00 -133.33  96.18
 844.00 -62.96 161.98
 845.00 -51.94  94.37
 846.00 -80.41 -34.42
 847.00 -121.95   5.04
 848.00 -62.15  69.70
 849.00 -52.66 -21.50
 850.00 -70.20 -46.64
 851.00 -71.29 -25.58
 852.00 -69.90 -34.08
 853.00 -68.79 -34.81
 854.00 -87.57 -26.99
 855.00 -62.20 -33.64
 856.00 -56.26 -41.72
 857.00 -69.09 -41.54
 858.00 -64.95 -34.42
 859.00 -65.07 -52.54
 860.00 -67.40 -35.20
 861.00 -48.93 -50.81
 862.00 -56.80 -46.86
 863.00 -66.30 -49.40
 864.00 -78.45 -13.22
 865.00 -62.61 -24.09
 866.00 -62.59 -34.19
 867.00 -55.12 -47.73
 868.00 -66.79 -43.84
 869.00 -72.84 -39.62
 870.00 -56.11 -36.21
 871.00 -64.20 -45.69
 872.00 -79.88 -34.34
 873.00 -70.23 -24.67
 874.00 -58.23 -43.14
 875.00 -75.12 -41.43
 876.00 -68.45 -42.02
 877.00 -58.84 -43.87
 878.00 -69.16 -33.69
 879.00 -65.60 -41.63
 880.00 -68.83 -32.56
 881.00 -69.62 -39.86
 882.00 -77.17 -44.58
 883.00 -45.95  -2.96
 884.00 -65.76 -29.00
 885.00 -84.49 -39.47
 886.00 -68.32 -42.59
 887.00  45.25  -9.42
 888.00 -78.27  31.34
 889.00 -83.14 140.01
 890.00 -126.66 135.23
 891.00 -59.68 111.33
 892.00 -64.17 159.30
 893.00 -62.67 -40.99
 894.00 -81.98 -38.35
 895.00 -52.08 -42.34
 896.00 -63.56 -34.20
 897.00 -52.83 -60.37
 898.00 -79.98 -42.61
 899.00 -90.45 -27.60
 900.00 -128.03 -10.76
 901.00 -88.19 -52.38
 902.00 -52.58 -41.43
 903.00 -52.77 -38.60
 904.00 -72.51 -41.15
 905.00 -65.28 -32.23
 906.00 -71.58 -54.56
 907.00 -87.97 -20.64
 908.00  72.41   6.62
 909.00 -89.91  19.19
 910.00 -115.08 -21.97
 911.00 -105.77 121.95
 912.00 -57.59 128.01
 913.00 -102.11 150.51
 914.00 -100.70 121.99
 915.00 -62.68 134.58
 916.00 -111.23 -44.90
 917.00 -151.26 130.93


