 residuo Phi Psi
 669.00 -155.25  96.96
 670.00 -57.54 142.72
 671.00 -157.47 138.77
 672.00 -72.59  -7.43
 673.00 -70.47 -39.12
 674.00 -46.93 -44.86
 675.00 -65.62 -47.22
 676.00 -63.37 -41.25
 677.00 -59.92 -41.26
 678.00 -63.92 -45.52
 679.00 -78.31 -34.45
 680.00 -50.81 -23.07
 681.00 -78.36 121.08
 682.00 -64.56 157.04
 683.00 -49.68 158.10
 684.00 -101.04 134.06
 685.00 -116.01 146.19
 686.00 -91.80 153.62
 687.00  97.99  -5.83
 688.00 -79.35  -4.35
 689.00 -96.65 125.92
 690.00 -73.79 122.58
 691.00 -64.10 -18.18
 692.00 -84.11 -28.17
 693.00 -57.20 160.68
 694.00 -72.91 141.62
 695.00 -143.79 117.61
 696.00 -52.91 154.94
 697.00 -52.22 -54.91
 698.00 -82.52 -37.61
 699.00 -59.71 -43.59
 700.00 -70.78 -44.34
 701.00 -61.52 -45.44
 702.00 -52.61 -45.39
 703.00 -72.68 -36.84
 704.00 -67.70 -35.02
 705.00 -69.15 -42.69
 706.00 -61.11 -32.95
 707.00 -48.77 -43.13
 708.00 -70.13 -48.15
 709.00 -53.28 -45.26
 710.00 -72.92 -36.50
 711.00 -63.18 -37.71
 712.00 -62.49 -39.40
 713.00 -81.40 -33.23
 714.00 -71.80 -29.29
 715.00 -62.58 -35.44
 716.00 -53.62 -40.87
 717.00 -71.29 -48.27
 718.00 -53.33 -50.82
 719.00 -61.13 -45.67
 720.00 -93.58 -24.36
 721.00 -70.23  -8.15
 722.00 -57.96 134.23
 723.00  98.20 134.08
 724.00 -50.75 -36.84
 725.00 -62.84 -38.83
 726.00 -92.94  -5.38
 727.00 -82.18 -12.34
 728.00 -63.66 146.60
 729.00 -66.02 146.28
 730.00 -63.94 -22.57
 731.00 -61.68 -55.00
 732.00 -62.58 -33.46
 733.00 -77.04 -32.58
 734.00 -77.99 -21.22
 735.00 -74.28 -57.79
 736.00 -60.07 -28.30
 737.00 -82.28 -29.99
 738.00 -84.68 -32.65
 739.00 -67.88 -44.40
 740.00 -46.99  -8.41
 741.00 -63.37 -64.70
 742.00 -68.28 -46.82
 743.00 -72.53 -40.04
 744.00 -60.54 -43.54
 745.00 -63.11 -41.91
 746.00 -59.13 -53.04
 747.00 -46.91 -44.24
 748.00 -61.30 -49.04
 749.00 -63.86 -43.72
 750.00 -60.39 -45.14
 751.00 -52.14 -55.12
 752.00 -73.10 -27.32
 753.00 -73.45 -35.55
 754.00 -65.37 -46.26
 755.00 -78.07 -54.82
 756.00 -139.00 -36.17
 757.00  56.63  18.45
 758.00  67.69  29.46
 759.00 -80.56   0.50
 760.00 -137.32 -10.97
 761.00 -86.81 156.73
 762.00 -88.08 105.59
 763.00 -52.80  56.61
 764.00 -155.57 -42.87
 765.00 -55.00 160.56
 766.00 -87.73 -30.64
 767.00 -147.15  -5.01
 768.00 -76.30  48.65
 769.00 -94.77 141.15
 770.00 -81.76 115.73
 771.00 -53.21 168.12
 772.00 -69.66 -42.59
 773.00 -72.63 -27.48
 774.00 -71.84 -31.51
 775.00 -55.37 -42.75
 776.00 -75.79 -48.12
 777.00 -76.35  -1.16
 778.00  61.10 -12.70
 779.00 -138.03   0.53
 780.00 -64.63  55.97
 781.00 -69.21 -26.35
 782.00 -75.27 -38.70
 783.00 -74.12 -28.86
 784.00 -67.87 -41.08
 785.00 -49.37 -45.36
 786.00 -67.12 -44.66
 787.00 -48.93 -45.55
 788.00 -70.48 -42.95
 789.00 -56.65 -40.17
 790.00 -74.80 -40.93
 791.00 -74.51 -31.47
 792.00 -90.38 -10.75
 793.00 -69.87 -13.26
 794.00 -76.53 -43.17
 795.00 -56.44 -37.07
 796.00 -88.33 -46.64
 797.00  57.82  -3.66
 798.00 -68.41  61.69
 799.00 -71.15 118.71
 800.00 -49.25 145.69
 801.00 -60.48 -33.90
 802.00 -69.46 -44.33
 803.00 -43.44 -47.09
 804.00 -61.33 -61.73
 805.00 -63.07 -54.92
 806.00 -66.76 -32.60
 807.00 -66.05 -35.26
 808.00 -60.90 -38.69
 809.00 -73.72 -33.24
 810.00 -62.07 -32.79
 811.00 -67.70 -21.76
 812.00 -130.92 -17.80
 813.00 -135.46  50.91
 814.00 -156.73   5.79
 815.00 -163.37 132.13
 816.00 -63.38 163.40
 817.00 -66.40 153.92
 818.00 -63.80 -43.49
 819.00 109.69 -31.45
 820.00 -58.36 148.19
 821.00 -57.07 163.52
 822.00 -94.20 -48.63
 823.00 -68.70  39.65
 824.00 -66.01 -33.83
 825.00 -82.12 -26.95
 826.00 -60.75 -33.17
 827.00 -55.29 -57.39
 828.00 -52.75 -34.04
 829.00 -71.18 -57.25
 830.00 -35.33 -53.64
 831.00 -71.44 -48.61
 832.00 -66.86 -32.95
 833.00 -90.09 -30.18
 834.00 -53.72 -27.86
 835.00 -71.15 -39.13
 836.00 -77.09 -36.94
 837.00 -74.65 -26.37
 838.00 -44.46 -50.41
 839.00 -54.08 -42.21
 840.00 -106.73 -35.51
 841.00 -71.67  -9.55
 842.00 -78.63 139.96
 843.00 -148.44 101.11
 844.00 -49.29 140.02
 845.00 -61.06 120.92
 846.00 -85.21 -29.74
 847.00 -155.96  -2.49
 848.00 -68.38  78.75
 849.00 -55.06 -12.23
 850.00 -57.80 -35.40
 851.00 -60.74 -31.76
 852.00 -70.10 -40.30
 853.00 -73.70 -37.38
 854.00 -61.37 -31.22
 855.00 -58.24 -59.24
 856.00 -47.45 -47.03
 857.00 -54.17 -52.60
 858.00 -64.68 -45.50
 859.00 -73.85 -43.73
 860.00 -76.13 -28.82
 861.00 -55.96 -28.17
 862.00 -50.62 -59.08
 863.00 -69.48 -37.93
 864.00 -96.74 -14.84
 865.00 -76.53  -5.72
 866.00 -63.12 -43.56
 867.00 -60.77 -44.19
 868.00 -73.41 -30.37
 869.00 -62.79 -34.19
 870.00 -55.86 -44.69
 871.00 -60.56 -44.20
 872.00 -75.20 -44.60
 873.00 -48.68 -38.19
 874.00 -56.13 -56.37
 875.00 -66.53 -52.73
 876.00 -87.60 -27.04
 877.00 -61.85 -32.89
 878.00 -56.96 -46.73
 879.00 -86.36 -26.02
 880.00 -54.39 -47.97
 881.00 -72.43 -29.28
 882.00 -141.18  -9.07
 883.00 -49.40  14.91
 884.00 -74.95 -34.70
 885.00 -71.50 -32.60
 886.00 -91.07 -40.84
 887.00  58.78  17.15
 888.00 -102.06  18.27
 889.00 -107.29 132.20
 890.00 -122.62 142.95
 891.00 -68.15 147.28
 892.00 -68.47 148.62
 893.00 -75.26 -25.29
 894.00 -72.23 -39.15
 895.00 -75.04 -32.29
 896.00 -62.40 -32.55
 897.00 -53.75 -41.98
 898.00 -77.01 -38.26
 899.00 -72.82 -52.50
 900.00 -109.03 -25.18
 901.00 -85.04 -54.71
 902.00 -62.35 -40.75
 903.00 -52.09 -36.78
 904.00 -67.24 -27.54
 905.00 -68.00 -36.94
 906.00 -64.55 -42.43
 907.00 -80.69 -30.56
 908.00  90.57 -12.68
 909.00 -72.96 -10.35
 910.00 -112.34 -35.76
 911.00 -130.73 136.54
 912.00 -66.52 141.69
 913.00 -105.67 159.31
 914.00 -135.97 144.14
 915.00 -74.77 133.40
 916.00 -147.13 -32.29
 917.00 -146.25 136.24


