 residuo Phi Psi
 669.00 -69.67 145.27
 670.00 -56.92 123.52
 671.00 -118.68 147.16
 672.00 -68.34 -21.55
 673.00 -58.02 -53.20
 674.00 -68.84 -37.05
 675.00 -56.46 -32.20
 676.00 -53.86 -50.66
 677.00 -57.93 -43.90
 678.00 -74.42 -39.59
 679.00 -78.79 -49.81
 680.00 -70.44   2.60
 681.00 -79.28 124.94
 682.00 -58.13 174.28
 683.00 -65.95 133.93
 684.00 -63.10 114.54
 685.00 -75.89 124.54
 686.00 -82.24 140.68
 687.00  95.97 -27.78
 688.00 -65.06  19.50
 689.00 -142.15 158.63
 690.00 -53.39 133.11
 691.00 -75.59 -24.21
 692.00 -79.69  -9.11
 693.00 -58.31 153.19
 694.00 -101.78 148.11
 695.00 -96.15  63.98
 696.00 -51.67 163.15
 697.00 -67.67 -46.70
 698.00 -57.34 -48.00
 699.00 -74.89 -47.01
 700.00 -79.38 -36.11
 701.00 -78.70 -24.57
 702.00 -69.12 -26.67
 703.00 -75.37 -33.71
 704.00 -54.88 -43.63
 705.00 -74.44 -40.92
 706.00 -64.94 -35.49
 707.00 -47.03 -46.03
 708.00 -60.07 -49.70
 709.00 -65.22 -46.07
 710.00 -57.93 -43.23
 711.00 -64.47 -43.67
 712.00 -68.25 -35.68
 713.00 -85.98 -26.10
 714.00 -61.24 -34.97
 715.00 -77.36 -36.43
 716.00 -53.06 -36.91
 717.00 -67.13 -44.12
 718.00 -67.09 -43.25
 719.00 -47.87 -39.84
 720.00 -77.65 -43.23
 721.00 -67.46 -19.03
 722.00 -54.39 143.09
 723.00  69.99 110.30
 724.00 -49.57  -0.21
 725.00 -69.72 -40.72
 726.00 -79.70  -0.19
 727.00 -64.66 -12.42
 728.00 -68.00 153.16
 729.00 -56.80 143.52
 730.00 -76.47 -29.43
 731.00 -70.65 -31.17
 732.00 -34.68 -58.56
 733.00 -70.31 -61.38
 734.00 -68.72 -19.90
 735.00 -68.62 -61.68
 736.00 -66.43 -18.25
 737.00 -73.95 -51.27
 738.00 -91.80 -23.08
 739.00 -76.90 -29.83
 740.00 -49.27  -9.78
 741.00 -61.35 -63.35
 742.00 -60.24 -52.24
 743.00 -70.49 -48.74
 744.00 -67.26 -43.29
 745.00 -77.76 -30.39
 746.00 -61.03 -31.04
 747.00 -71.87 -40.31
 748.00 -64.79 -36.88
 749.00 -68.49 -35.69
 750.00 -56.46 -43.84
 751.00 -73.55 -43.07
 752.00 -60.61 -34.97
 753.00 -73.19 -37.21
 754.00 -55.89 -62.70
 755.00 -94.35 -28.32
 756.00 -139.50 -40.12
 757.00  49.63  44.00
 758.00  54.66  29.61
 759.00 -65.86   8.13
 760.00 -117.21 -36.92
 761.00 -102.39 165.80
 762.00 -135.57 153.26
 763.00 -74.81  65.52
 764.00 -157.23 -19.41
 765.00 -63.82 163.59
 766.00 -104.50  -2.34
 767.00 -79.99 -49.80
 768.00 -78.98  56.60
 769.00 -111.19 138.62
 770.00 -92.12 119.55
 771.00 -52.18 -176.49
 772.00 -61.74 -46.44
 773.00 -63.29 -45.03
 774.00 -63.44 -40.45
 775.00 -69.50 -36.10
 776.00 -52.29 -55.81
 777.00 -79.37 -34.58
 778.00  60.23  -0.71
 779.00 -84.79 -16.92
 780.00 -69.86  39.76
 781.00 -51.55 -46.31
 782.00 -69.48 -40.20
 783.00 -71.65 -38.19
 784.00 -59.85 -37.10
 785.00 -70.01 -39.80
 786.00 -69.80 -28.09
 787.00 -49.48 -44.10
 788.00 -50.51 -51.62
 789.00 -67.74 -46.81
 790.00 -71.98 -31.90
 791.00 -61.00 -37.70
 792.00 -62.72 -31.98
 793.00 -49.25 -45.63
 794.00 -66.25 -42.96
 795.00 -78.94 -42.32
 796.00 -78.11 -33.54
 797.00  61.32 -20.99
 798.00 -68.13  59.53
 799.00 -75.95 122.65
 800.00 -55.56 144.89
 801.00 -60.83 -30.35
 802.00 -65.72 -44.41
 803.00 -54.29 -41.25
 804.00 -52.17 -47.50
 805.00 -74.54 -53.33
 806.00 -76.45 -24.29
 807.00 -61.34 -43.17
 808.00 -70.63 -39.62
 809.00 -66.83 -35.02
 810.00 -73.20 -24.88
 811.00 -53.13 -27.76
 812.00 -100.28 -37.79
 813.00 -122.60  19.73
 814.00 -148.72  17.16
 815.00 -140.12 113.73
 816.00 -66.72 163.18
 817.00 -73.85 166.15
 818.00 -78.81 -31.91
 819.00  71.69   6.56
 820.00 -69.59 178.12
 821.00 -70.03 163.24
 822.00 -131.64 -21.60
 823.00 -89.46  82.89
 824.00 -71.55 -13.10
 825.00 -52.56 -53.72
 826.00 -72.06 -42.15
 827.00 -79.23 -43.60
 828.00 -70.14 -19.12
 829.00 -69.44 -42.14
 830.00 -54.51 -48.80
 831.00 -45.62 -36.89
 832.00 -63.94 -47.65
 833.00 -70.87 -45.90
 834.00 -74.93 -24.87
 835.00 -62.91 -49.89
 836.00 -64.48 -42.84
 837.00 -70.27 -28.04
 838.00 -56.22 -49.22
 839.00 -46.38 -35.74
 840.00 -113.96 -45.50
 841.00 -64.24  -7.17
 842.00 -80.92 141.15
 843.00 -161.86 109.47
 844.00 -76.15 165.82
 845.00 -53.77  90.55
 846.00 -63.43 -36.14
 847.00 -132.48 -24.13
 848.00 -59.42  73.00
 849.00 -61.87 -12.90
 850.00 -63.46 -25.47
 851.00 -69.19 -42.35
 852.00 -64.48 -33.60
 853.00 -50.91 -50.05
 854.00 -56.68 -55.77
 855.00 -60.39 -44.65
 856.00 -68.43 -46.93
 857.00 -71.77 -38.67
 858.00 -68.57 -33.84
 859.00 -69.62 -47.37
 860.00 -66.57 -22.52
 861.00 -63.13 -32.84
 862.00 -68.00 -43.41
 863.00 -63.12 -38.53
 864.00 -76.61 -32.98
 865.00 -65.04 -11.27
 866.00 -66.51 -30.24
 867.00 -63.34 -48.94
 868.00 -70.95 -26.30
 869.00 -59.75 -52.96
 870.00 -58.48 -36.87
 871.00 -67.62 -49.99
 872.00 -69.46 -39.74
 873.00 -57.22 -33.89
 874.00 -46.97 -56.16
 875.00 -53.21 -45.99
 876.00 -57.81 -65.47
 877.00 -73.45 -32.96
 878.00 -76.54 -36.02
 879.00 -86.70 -15.63
 880.00 -58.75 -38.54
 881.00 -52.14 -56.21
 882.00 -123.32 -23.80
 883.00 -53.02  -9.61
 884.00 -63.65 -40.01
 885.00 -63.33 -32.84
 886.00 -109.80 -21.52
 887.00  55.89  10.13
 888.00 -88.73  22.63
 889.00 -117.71 142.33
 890.00 -109.40 127.27
 891.00 -60.35 137.21
 892.00 -52.69 148.58
 893.00 -59.16 -57.15
 894.00 -103.62 -16.75
 895.00 -61.89 -35.56
 896.00 -63.63 -26.06
 897.00 -55.13 -62.89
 898.00 -71.96 -41.50
 899.00 -87.50 -38.12
 900.00 -145.06   8.68
 901.00 -78.85 -54.71
 902.00 -54.49 -54.78
 903.00 -56.35 -42.75
 904.00 -59.90 -32.43
 905.00 -63.60 -43.76
 906.00 -78.29 -51.06
 907.00 -91.73 -28.07
 908.00  78.62   9.98
 909.00 -54.16  -1.77
 910.00 -123.20 -32.71
 911.00 -127.22 139.73
 912.00 -69.55 148.93
 913.00 -69.03 130.74
 914.00 -85.58 124.64
 915.00 -69.23 142.51
 916.00 -101.53 -54.87
 917.00 -143.68 143.22


