 residuo Phi Psi
 669.00 -67.29 119.78
 670.00 -77.22 137.04
 671.00 -148.87 128.66
 672.00 -55.99 -29.86
 673.00 -54.68 -44.53
 674.00 -73.63 -43.79
 675.00 -61.55 -29.28
 676.00 -63.36 -46.79
 677.00 -61.66 -38.04
 678.00 -90.01 -29.60
 679.00 -104.26 -18.49
 680.00 -69.95  -5.97
 681.00 -69.89 111.80
 682.00 -56.36 171.13
 683.00 -44.37 149.82
 684.00 -96.61 125.96
 685.00 -80.78 128.04
 686.00 -79.36 150.74
 687.00  77.83 -25.52
 688.00 -78.03  27.73
 689.00 -70.04 128.00
 690.00 -59.74  81.30
 691.00 -103.98  -8.09
 692.00 -87.66 -12.87
 693.00 -71.75 168.76
 694.00 -75.21 149.97
 695.00 -135.65 133.13
 696.00 -60.33 152.33
 697.00 -68.49 -49.84
 698.00 -70.87 -31.73
 699.00 -62.12 -42.97
 700.00 -74.92 -40.66
 701.00 -60.95 -35.27
 702.00 -76.87 -30.52
 703.00 -71.15 -32.73
 704.00 -61.26 -42.65
 705.00 -84.71 -27.69
 706.00 -46.72 -43.33
 707.00 -64.74 -41.92
 708.00 -64.27 -37.44
 709.00 -71.87 -46.67
 710.00 -68.45 -40.83
 711.00 -58.80 -38.23
 712.00 -59.96 -38.48
 713.00 -81.41 -47.56
 714.00 -65.09 -19.23
 715.00 -50.57 -53.40
 716.00 -54.70 -47.81
 717.00 -77.32 -41.50
 718.00 -57.56 -42.42
 719.00 -54.68 -35.66
 720.00 -134.67   5.46
 721.00 -67.63  -4.28
 722.00 -83.87 142.60
 723.00  66.26 140.67
 724.00 -56.38  -1.21
 725.00 -87.15 -24.52
 726.00 -74.02  -4.36
 727.00 -68.51 -16.89
 728.00 -56.00 126.88
 729.00 -61.42 143.43
 730.00 -76.92 -11.43
 731.00 -82.56 -23.32
 732.00 -55.74 -37.95
 733.00 -68.02 -43.62
 734.00 -60.33 -39.15
 735.00 -65.91 -56.98
 736.00 -58.52 -33.41
 737.00 -62.46 -52.00
 738.00 -67.52 -55.02
 739.00 -89.25 -21.17
 740.00 -55.96  -6.18
 741.00 -74.46 -51.82
 742.00 -87.18 -13.50
 743.00 -63.95 -45.38
 744.00 -62.72 -57.08
 745.00 -74.23 -25.17
 746.00 -57.73 -48.14
 747.00 -66.15 -36.09
 748.00 -56.88 -54.35
 749.00 -60.13 -39.19
 750.00 -65.09 -47.60
 751.00 -58.65 -46.48
 752.00 -63.98 -38.09
 753.00 -74.03 -37.94
 754.00 -85.19 -36.13
 755.00 -79.26 -39.38
 756.00 -139.78 -47.60
 757.00  53.89  39.39
 758.00  64.21  32.40
 759.00 -71.96  -3.40
 760.00 -89.14 -55.93
 761.00 -88.20 158.25
 762.00 -87.70 114.84
 763.00 -67.21  67.63
 764.00 -139.42 -49.77
 765.00 -56.27 164.28
 766.00 -89.17 -33.72
 767.00 -139.34  -4.94
 768.00 -94.28  66.70
 769.00 -93.24 130.12
 770.00 -67.70 101.49
 771.00 -52.90 164.18
 772.00 -49.74 -40.10
 773.00 -63.48 -45.77
 774.00 -63.46 -40.75
 775.00 -60.04 -42.24
 776.00 -62.59 -49.73
 777.00 -74.06 -41.02
 778.00  48.21  -3.88
 779.00 -136.15  47.20
 780.00 -44.03  24.65
 781.00 -70.79 -53.62
 782.00 -54.69 -41.06
 783.00 -64.02 -43.50
 784.00 -66.87 -36.79
 785.00 -52.60 -46.04
 786.00 -65.13 -52.40
 787.00 -58.95 -35.85
 788.00 -65.32 -38.43
 789.00 -66.84 -37.05
 790.00 -64.04 -46.22
 791.00 -81.92 -27.41
 792.00 -76.80 -14.21
 793.00 -73.38 -26.37
 794.00 -73.65 -32.72
 795.00 -54.32 -49.42
 796.00 -78.38 -39.90
 797.00  56.08 -16.58
 798.00 -81.67  62.37
 799.00 -67.39 120.91
 800.00 -57.94 143.38
 801.00 -68.84 -19.42
 802.00 -52.38 -55.74
 803.00 -59.26 -42.85
 804.00 -72.79 -38.52
 805.00 -77.22 -37.43
 806.00 -78.22 -25.22
 807.00 -68.83 -43.10
 808.00 -66.13 -31.45
 809.00 -77.05 -30.96
 810.00 -63.96 -21.25
 811.00 -74.61 -30.83
 812.00 -118.35  -6.89
 813.00 -115.76  33.75
 814.00 -163.49   3.63
 815.00 -148.92 130.77
 816.00 -53.85 159.28
 817.00 -63.65 138.66
 818.00 -63.57 -30.70
 819.00  88.19 -17.92
 820.00 -100.38 -176.78
 821.00 -78.92 169.66
 822.00 -117.34 -22.55
 823.00 -59.11  34.72
 824.00 -64.88 -27.79
 825.00 -59.99 -41.90
 826.00 -58.90 -40.76
 827.00 -65.23 -48.92
 828.00 -75.76 -28.05
 829.00 -80.87 -41.65
 830.00 -66.59 -32.92
 831.00 -55.91 -45.22
 832.00 -60.87 -43.74
 833.00 -69.05 -46.93
 834.00 -82.55 -12.68
 835.00 -57.89 -54.24
 836.00 -71.74 -40.84
 837.00 -61.15 -28.74
 838.00 -68.29 -45.95
 839.00 -67.66 -19.93
 840.00 -120.47 -32.86
 841.00 -53.66   0.24
 842.00 -80.48 139.42
 843.00 -87.88  33.05
 844.00 -64.71 153.93
 845.00 -55.81  86.12
 846.00 -69.02 -34.87
 847.00 -125.04 -10.56
 848.00 -62.93  85.82
 849.00 -67.13 -17.30
 850.00 -68.90 -33.32
 851.00 -71.24 -38.48
 852.00 -69.84 -29.18
 853.00 -68.43 -41.07
 854.00 -71.30 -34.60
 855.00 -71.49 -40.20
 856.00 -52.24 -36.48
 857.00 -59.51 -49.09
 858.00 -83.51 -34.95
 859.00 -82.66 -25.28
 860.00 -52.75 -33.71
 861.00 -81.30 -39.84
 862.00 -54.93 -45.26
 863.00 -73.53 -36.24
 864.00 -53.78 -40.29
 865.00 -78.65 -28.16
 866.00 -69.07 -27.81
 867.00 -66.53 -40.34
 868.00 -84.51 -30.17
 869.00 -54.17 -39.01
 870.00 -64.58 -40.56
 871.00 -71.10 -34.92
 872.00 -78.34 -35.53
 873.00 -67.47 -24.95
 874.00 -72.16 -37.43
 875.00 -60.94 -44.14
 876.00 -89.32 -37.94
 877.00 -60.11 -27.60
 878.00 -79.90 -35.53
 879.00 -78.51 -16.05
 880.00 -70.05 -49.16
 881.00 -53.27 -28.43
 882.00 -135.57 -13.87
 883.00 -51.35  31.98
 884.00 -66.45 -30.54
 885.00 -66.79 -48.49
 886.00 -63.42 -50.26
 887.00  61.10 -20.74
 888.00 -57.30  -2.62
 889.00 -105.90 149.56
 890.00 -124.18 142.15
 891.00 -64.26 110.94
 892.00 -47.88 147.08
 893.00 -49.43 -38.96
 894.00 -89.44 -49.05
 895.00 -59.21 -37.22
 896.00 -66.80 -33.14
 897.00 -63.75 -47.06
 898.00 -65.07 -42.26
 899.00 -90.89 -35.90
 900.00 -93.52 -27.44
 901.00 -89.81 -65.29
 902.00 -64.47 -30.67
 903.00 -73.15 -40.38
 904.00 -68.24 -24.88
 905.00 -71.77 -26.73
 906.00 -59.64 -58.51
 907.00 -82.36 -35.11
 908.00  87.39  -3.00
 909.00 -71.28   2.29
 910.00 -122.70 -25.41
 911.00 -143.78 128.69
 912.00 -58.53 138.82
 913.00 -95.32 150.48
 914.00 -46.82  68.15
 915.00 -71.37 123.48
 916.00 -121.62 -28.11
 917.00 -60.16 144.12


