 residuo Phi Psi
 669.00 -66.26 -166.02
 670.00 -64.54 172.16
 671.00 -136.52 139.36
 672.00 -57.28 -22.30
 673.00 -65.51 -50.22
 674.00 -74.26 -33.36
 675.00 -70.35 -40.91
 676.00 -62.84 -36.04
 677.00 -77.68 -37.59
 678.00 -54.77 -34.69
 679.00 -94.48 -30.98
 680.00 -81.18  -8.74
 681.00 -66.35 107.68
 682.00 -50.73 166.99
 683.00 -63.49 150.28
 684.00 -91.47 137.65
 685.00 -116.39 161.61
 686.00 -64.13 132.73
 687.00 100.58 -38.16
 688.00 -65.23  14.37
 689.00 -142.64 147.28
 690.00 -55.31 118.62
 691.00 -84.81 -27.58
 692.00 -109.56   9.06
 693.00 -53.16 134.35
 694.00 -85.88 143.53
 695.00 -141.07 123.36
 696.00 -66.43 169.37
 697.00 -76.31 -39.91
 698.00 -71.34 -22.74
 699.00 -73.01 -49.63
 700.00 -67.91 -48.61
 701.00 -60.76 -43.45
 702.00 -74.30 -30.83
 703.00 -67.69 -39.05
 704.00 -57.96 -43.83
 705.00 -72.52 -44.96
 706.00 -66.07 -31.10
 707.00 -55.31 -39.15
 708.00 -66.75 -40.97
 709.00 -64.76 -42.67
 710.00 -57.07 -40.44
 711.00 -53.32 -56.63
 712.00 -46.19 -41.90
 713.00 -84.70 -45.20
 714.00 -66.70 -35.01
 715.00 -79.27 -30.28
 716.00 -64.39 -27.07
 717.00 -71.90 -34.05
 718.00 -65.04 -49.68
 719.00 -66.27 -17.55
 720.00 -138.45  -6.38
 721.00 -37.05 -10.60
 722.00 -62.87 126.43
 723.00  87.03 129.85
 724.00 -65.62 -17.25
 725.00 -75.11 -25.84
 726.00 -61.45 -10.90
 727.00 -84.91 -25.62
 728.00 -72.87 150.44
 729.00 -58.25 148.81
 730.00 -76.15 -32.56
 731.00 -73.00 -32.27
 732.00 -63.82 -36.44
 733.00 -60.93 -47.84
 734.00 -68.56 -33.71
 735.00 -57.18 -55.57
 736.00 -58.28 -40.49
 737.00 -61.11 -46.94
 738.00 -70.64 -50.50
 739.00 -94.03 -29.45
 740.00 -56.29   3.00
 741.00 -62.87 -46.75
 742.00 -67.49 -52.18
 743.00 -73.76 -34.44
 744.00 -83.46 -41.27
 745.00 -80.42 -17.19
 746.00 -59.45 -42.93
 747.00 -73.45 -35.99
 748.00 -62.14 -48.86
 749.00 -63.22 -35.15
 750.00 -61.90 -41.38
 751.00 -52.67 -50.31
 752.00 -71.67 -38.26
 753.00 -61.05 -42.86
 754.00 -72.70 -51.54
 755.00 -81.62 -50.78
 756.00 -132.48 -36.71
 757.00  47.26  25.08
 758.00  61.90  27.11
 759.00 -75.20   7.54
 760.00 -78.68 -59.67
 761.00 -87.49 157.96
 762.00 -128.78 146.20
 763.00 -59.19  72.59
 764.00 -149.18 -49.59
 765.00 -66.99 159.80
 766.00 -94.82 -15.08
 767.00 -96.55 -32.11
 768.00 -59.27  40.68
 769.00 -130.48 138.28
 770.00 -110.09 116.53
 771.00 -52.08 171.07
 772.00 -66.94 -23.83
 773.00 -67.53 -57.80
 774.00 -60.10 -27.71
 775.00 -83.45 -28.71
 776.00 -63.90 -55.25
 777.00 -65.21 -33.29
 778.00  49.20 -13.90
 779.00 -130.53  50.02
 780.00 -64.33  32.80
 781.00 -80.63 -46.37
 782.00 -64.89 -32.70
 783.00 -64.59 -34.56
 784.00 -68.85 -35.40
 785.00 -62.75 -38.19
 786.00 -79.81 -23.68
 787.00 -63.70 -37.57
 788.00 -51.08 -47.90
 789.00 -55.89 -47.34
 790.00 -66.32 -44.64
 791.00 -67.91 -35.34
 792.00 -77.11 -16.14
 793.00 -69.02 -31.57
 794.00 -65.01 -43.11
 795.00 -70.43 -33.10
 796.00 -83.69 -42.85
 797.00  49.69 -13.18
 798.00 -64.09  53.71
 799.00 -94.71 138.59
 800.00 -50.82 151.09
 801.00 -61.95 -32.83
 802.00 -54.21 -63.04
 803.00 -67.03 -31.97
 804.00 -53.22 -54.90
 805.00 -78.11 -32.95
 806.00 -55.67 -52.10
 807.00 -83.10 -27.93
 808.00 -67.66 -34.35
 809.00 -70.33 -36.43
 810.00 -46.14 -34.64
 811.00 -79.30 -23.35
 812.00 -106.28 -20.33
 813.00 -152.66  54.11
 814.00 -156.96  -1.01
 815.00 -134.41 118.55
 816.00 -55.45 160.21
 817.00 -67.96 158.28
 818.00 -73.12 -47.87
 819.00  65.45  13.26
 820.00 -85.98 -162.40
 821.00 -79.59 -179.08
 822.00 -118.32 -26.12
 823.00 -61.39  46.65
 824.00 -62.80 -32.64
 825.00 -74.08 -40.03
 826.00 -60.80 -37.54
 827.00 -64.45 -43.15
 828.00 -66.60 -40.88
 829.00 -72.99 -35.55
 830.00 -61.11 -44.77
 831.00 -63.84 -49.15
 832.00 -63.33 -32.60
 833.00 -63.46 -48.36
 834.00 -60.37 -50.20
 835.00 -59.14 -46.42
 836.00 -85.71 -32.37
 837.00 -72.13 -27.53
 838.00 -53.57 -37.07
 839.00 -104.86 -14.60
 840.00 -105.62 -12.57
 841.00 -73.65   2.24
 842.00 -77.65 146.44
 843.00 -63.79   6.84
 844.00 -64.63 162.76
 845.00 -54.91  94.09
 846.00 -76.60 -28.18
 847.00 -120.86  -8.23
 848.00 -52.84  76.18
 849.00 -57.68 -34.78
 850.00 -86.60 -19.36
 851.00 -65.27 -37.20
 852.00 -62.79 -43.15
 853.00 -72.41 -31.36
 854.00 -64.04 -47.58
 855.00 -53.21 -46.72
 856.00 -57.12 -48.93
 857.00 -76.16 -41.63
 858.00 -63.96 -23.74
 859.00 -63.31 -50.05
 860.00 -67.98 -35.00
 861.00 -66.13 -29.20
 862.00 -62.01 -51.14
 863.00 -74.36 -33.58
 864.00 -70.54 -37.96
 865.00 -69.21  -7.58
 866.00 -64.87 -43.97
 867.00 -65.48 -36.17
 868.00 -70.77 -28.29
 869.00 -67.20 -38.36
 870.00 -66.75 -34.15
 871.00 -58.92 -44.83
 872.00 -72.21 -46.06
 873.00 -64.33 -35.29
 874.00 -58.58 -39.81
 875.00 -57.88 -59.70
 876.00 -56.43 -46.08
 877.00 -69.48 -40.50
 878.00 -69.19 -38.48
 879.00 -76.41 -32.02
 880.00 -69.43 -32.35
 881.00 -60.00 -36.42
 882.00 -110.89 -33.18
 883.00 -50.51   8.46
 884.00 -64.81 -42.81
 885.00 -85.51 -29.42
 886.00 -100.78 -27.09
 887.00  75.27  -3.59
 888.00 -71.61   6.13
 889.00 -112.69 144.75
 890.00 -119.28 161.34
 891.00 -75.37 158.09
 892.00 -66.21 148.06
 893.00 -54.56 -37.30
 894.00 -80.12 -43.12
 895.00 -54.02 -38.04
 896.00 -64.93 -30.41
 897.00 -63.26 -51.81
 898.00 -71.22 -44.50
 899.00 -93.28 -23.59
 900.00 -86.48 -37.61
 901.00 -100.97 -45.33
 902.00 -54.96 -41.63
 903.00 -54.18 -37.92
 904.00 -58.02 -43.83
 905.00 -76.21 -38.60
 906.00 -70.68 -48.08
 907.00 -98.01 -28.37
 908.00  83.25  14.94
 909.00 -86.88   9.34
 910.00 -96.94 -24.79
 911.00 -149.90 144.11
 912.00 -72.35 153.53
 913.00 -99.36 161.66
 914.00 -72.54  83.91
 915.00 -106.44 157.90
 916.00 -87.60 -47.23
 917.00 -81.26 164.73


