 residuo Phi Psi
 669.00 -65.55 169.00
 670.00 -73.09 130.44
 671.00 -66.75  68.84
 672.00 -57.76 -20.68
 673.00 -71.86 -27.83
 674.00 -77.43 -30.09
 675.00 -51.49 -47.20
 676.00 -58.04 -51.07
 677.00 -68.53 -46.33
 678.00 -73.46 -33.07
 679.00 -83.18 -32.99
 680.00 -65.92 -10.13
 681.00 -62.44 126.98
 682.00 -56.75 146.81
 683.00 -82.08 158.20
 684.00 -87.69 119.88
 685.00 -88.61 141.03
 686.00 -72.70 142.99
 687.00  91.10 -30.82
 688.00 -86.97  27.24
 689.00 -91.15 135.48
 690.00 -79.61  95.59
 691.00 -64.51  -5.86
 692.00 -62.10 -29.14
 693.00 -67.44 152.05
 694.00 -76.41 143.36
 695.00 -169.50 145.16
 696.00 -35.24 156.08
 697.00 -74.56 -68.90
 698.00 -45.72 -34.97
 699.00 -64.37 -57.13
 700.00 -53.14 -55.07
 701.00 -66.05 -49.16
 702.00 -75.31 -26.27
 703.00 -59.72 -33.98
 704.00 -66.13 -42.72
 705.00 -66.27 -39.41
 706.00 -52.03 -46.54
 707.00 -63.23 -31.93
 708.00 -76.50 -31.74
 709.00 -67.65 -51.51
 710.00 -71.91 -32.22
 711.00 -57.19 -36.50
 712.00 -61.47 -45.32
 713.00 -70.30 -44.43
 714.00 -83.37 -30.58
 715.00 -63.76 -27.02
 716.00 -66.53 -45.27
 717.00 -67.09 -33.01
 718.00 -65.21 -50.58
 719.00 -60.70 -40.03
 720.00 -96.05 -28.41
 721.00 -57.01  -7.45
 722.00 -62.93 152.10
 723.00  76.47 134.53
 724.00 -59.69 -17.24
 725.00 -61.95 -27.89
 726.00 -64.89 -14.15
 727.00 -84.99 -28.30
 728.00 -85.62 148.91
 729.00 -48.01 157.44
 730.00 -60.87 -41.90
 731.00 -83.57 -32.48
 732.00 -60.64 -47.66
 733.00 -73.52 -37.07
 734.00 -46.79 -48.80
 735.00 -60.11 -56.08
 736.00 -62.07 -34.28
 737.00 -74.98 -44.47
 738.00 -82.69 -24.86
 739.00 -80.24 -35.55
 740.00 -65.34 -13.74
 741.00 -72.08 -36.38
 742.00 -51.33 -52.04
 743.00 -75.24 -41.72
 744.00 -61.13 -51.47
 745.00 -67.73 -31.56
 746.00 -50.75 -49.61
 747.00 -68.90 -53.39
 748.00 -71.56 -28.17
 749.00 -53.13 -41.45
 750.00 -60.12 -59.01
 751.00 -56.95 -44.39
 752.00 -56.85 -47.05
 753.00 -72.25 -36.72
 754.00 -57.17 -56.16
 755.00 -94.56 -36.87
 756.00 -120.49 -55.16
 757.00  47.19  30.12
 758.00  54.68  44.39
 759.00 -79.23  12.52
 760.00 -123.26 -40.86
 761.00 -98.27 164.76
 762.00 -103.32 116.05
 763.00 -60.60  72.66
 764.00 -154.89 -44.12
 765.00 -70.63 163.63
 766.00 -95.71 -19.23
 767.00 -136.54  -6.31
 768.00 -99.21  77.52
 769.00 -105.12 137.83
 770.00 -69.40  90.82
 771.00 -71.42 174.98
 772.00 -59.39 -23.54
 773.00 -58.11 -58.57
 774.00 -57.87 -41.11
 775.00 -69.22 -39.88
 776.00 -63.27 -43.42
 777.00 -71.66 -38.02
 778.00  52.92  -5.61
 779.00 -141.70  39.06
 780.00 -57.02  36.62
 781.00 -56.27 -43.94
 782.00 -56.50 -59.48
 783.00 -66.93 -40.52
 784.00 -73.06 -25.34
 785.00 -60.91 -44.73
 786.00 -61.66 -41.47
 787.00 -67.78 -39.70
 788.00 -72.84 -27.58
 789.00 -73.23 -20.41
 790.00 -61.93 -55.76
 791.00 -61.80 -35.60
 792.00 -78.27 -27.50
 793.00 -60.22 -22.90
 794.00 -79.07 -34.83
 795.00 -66.81 -36.07
 796.00 -79.98 -35.35
 797.00  62.24 -20.93
 798.00 -68.48  57.61
 799.00 -86.80 134.74
 800.00 -63.27 162.05
 801.00 -61.75 -42.75
 802.00 -63.42 -31.12
 803.00 -56.16 -46.88
 804.00 -56.76 -41.30
 805.00 -58.19 -49.85
 806.00 -52.15 -58.20
 807.00 -77.37 -30.88
 808.00 -67.54 -29.08
 809.00 -71.47 -34.32
 810.00 -59.83 -33.45
 811.00 -69.71 -18.49
 812.00 -129.60 -25.80
 813.00 -144.39  54.06
 814.00 -146.81  -4.14
 815.00 -148.45 126.26
 816.00 -67.04 160.03
 817.00 -67.49 146.92
 818.00 -59.47 -41.12
 819.00  70.48  -3.04
 820.00 -61.97 151.86
 821.00 -63.76 163.35
 822.00 -120.91 -34.82
 823.00 -66.75  94.13
 824.00 -66.89 -35.50
 825.00 -83.19 -30.97
 826.00 -50.12 -34.37
 827.00 -58.26 -57.42
 828.00 -75.46 -38.94
 829.00 -64.11 -32.56
 830.00 -60.57 -45.64
 831.00 -61.83 -46.31
 832.00 -65.60 -36.80
 833.00 -68.79 -40.22
 834.00 -57.40 -31.85
 835.00 -61.00 -49.59
 836.00 -74.54 -36.51
 837.00 -60.75 -32.27
 838.00 -81.30 -31.89
 839.00 -110.66  -7.43
 840.00 -100.76 -31.61
 841.00 -61.84  -2.23
 842.00 -79.77 146.27
 843.00 -160.79 105.08
 844.00 -68.49 153.58
 845.00 -47.56  92.33
 846.00 -58.74 -39.10
 847.00 -119.63 -14.09
 848.00 -47.82  95.75
 849.00 -64.32 -34.17
 850.00 -66.95 -30.26
 851.00 -82.20 -35.43
 852.00 -57.76 -31.95
 853.00 -68.49 -48.54
 854.00 -61.91 -33.67
 855.00 -53.48 -61.70
 856.00 -63.72 -40.68
 857.00 -69.59 -43.43
 858.00 -69.53 -38.51
 859.00 -58.26 -45.91
 860.00 -62.49 -45.11
 861.00 -65.22 -40.66
 862.00 -68.41 -32.33
 863.00 -66.07 -42.68
 864.00 -83.76 -17.22
 865.00 -77.98 -23.41
 866.00 -80.21 -14.06
 867.00 -75.20 -25.20
 868.00 -66.10 -34.04
 869.00 -68.77 -36.34
 870.00 -75.40 -39.51
 871.00 -57.29 -38.24
 872.00 -69.59 -44.89
 873.00 -63.66 -40.39
 874.00 -65.66 -36.51
 875.00 -69.37 -38.29
 876.00 -71.59 -47.13
 877.00 -74.12 -34.94
 878.00 -79.04 -19.85
 879.00 -59.87 -43.67
 880.00 -65.44 -31.89
 881.00 -70.66 -51.04
 882.00 -81.25 -32.07
 883.00 -55.37  -9.51
 884.00 -68.79 -35.18
 885.00 -66.94 -39.57
 886.00 -117.97 -21.73
 887.00  65.10  24.45
 888.00 -89.32   4.65
 889.00 -97.26 136.57
 890.00 -130.96 145.14
 891.00 -49.31 121.67
 892.00 -74.35 139.77
 893.00 -62.50 -29.95
 894.00 -76.54 -37.08
 895.00 -55.95 -42.61
 896.00 -68.83 -33.92
 897.00 -58.68 -44.52
 898.00 -60.74 -50.78
 899.00 -119.29 -26.95
 900.00 -120.52   5.28
 901.00 -88.65 -44.93
 902.00 -58.83 -47.28
 903.00 -63.79 -33.40
 904.00 -59.47 -24.14
 905.00 -65.96 -38.52
 906.00 -67.24 -53.53
 907.00 -102.23 -21.48
 908.00  71.07  10.79
 909.00 -63.69   6.90
 910.00 -112.78 -30.53
 911.00 -162.79 136.43
 912.00 -88.59 156.05
 913.00 -82.00 150.01
 914.00 -80.94  99.79
 915.00 -78.29 136.04
 916.00 -140.03 -25.47
 917.00 -60.89 156.65


