 residuo Phi Psi
 669.00 -86.06 168.89
 670.00 -83.20 153.57
 671.00 -47.49  91.37
 672.00 -64.04 -31.57
 673.00 -62.66 -52.43
 674.00 -71.22 -30.46
 675.00 -64.05 -36.88
 676.00 -55.30 -50.74
 677.00 -67.10 -44.49
 678.00 -71.98 -36.32
 679.00 -81.40 -42.90
 680.00 -58.34  -9.48
 681.00 -67.58 134.09
 682.00 -68.02 151.73
 683.00 -74.91 170.91
 684.00 -124.05 141.07
 685.00 -95.63 129.74
 686.00 -79.19 146.81
 687.00  87.25 -20.91
 688.00 -75.38  19.77
 689.00 -132.50 176.38
 690.00 -99.59 125.50
 691.00 -90.43   8.44
 692.00 -64.97 -34.96
 693.00 -68.80 153.30
 694.00 -60.07 146.10
 695.00 -148.35 137.85
 696.00 -70.69 152.14
 697.00 -48.23 -43.23
 698.00 -81.33 -38.08
 699.00 -61.62 -42.19
 700.00 -73.17 -42.25
 701.00 -74.25 -32.15
 702.00 -85.63 -20.73
 703.00 -72.49 -26.10
 704.00 -66.91 -44.49
 705.00 -63.44 -40.69
 706.00 -60.08 -43.72
 707.00 -59.30 -29.40
 708.00 -74.89 -49.18
 709.00 -63.89 -28.56
 710.00 -62.46 -59.61
 711.00 -59.96 -30.90
 712.00 -58.91 -39.85
 713.00 -62.36 -45.36
 714.00 -69.55 -37.18
 715.00 -65.66 -42.11
 716.00 -62.87 -48.45
 717.00 -59.29 -39.26
 718.00 -74.10 -49.41
 719.00 -61.23 -29.42
 720.00 -84.21 -27.91
 721.00 -55.94 -28.05
 722.00 -52.41 132.59
 723.00  78.94 140.97
 724.00 -58.84 -20.08
 725.00 -63.93 -36.91
 726.00 -89.99   1.60
 727.00 -74.32 -18.35
 728.00 -53.04 157.55
 729.00 -62.19 145.01
 730.00 -82.01 -31.93
 731.00 -70.56 -21.46
 732.00 -56.39 -40.94
 733.00 -57.51 -48.02
 734.00 -58.04 -43.77
 735.00 -69.63 -54.92
 736.00 -66.81 -20.49
 737.00 -74.04 -47.66
 738.00 -84.67 -14.57
 739.00 -106.25 -39.84
 740.00 -65.12  -6.17
 741.00 -53.09 -36.17
 742.00 -63.48 -63.83
 743.00 -70.08 -29.41
 744.00 -55.67 -62.74
 745.00 -61.18 -40.52
 746.00 -68.29 -47.56
 747.00 -60.37 -44.27
 748.00 -60.71 -39.30
 749.00 -74.66 -35.08
 750.00 -56.09 -33.08
 751.00 -53.68 -53.43
 752.00 -51.54 -53.06
 753.00 -57.89 -44.92
 754.00 -69.43 -58.36
 755.00 -87.40 -47.08
 756.00 -132.08 -39.35
 757.00  51.68  30.25
 758.00  63.86  33.88
 759.00 -84.83   3.58
 760.00 -120.70 -25.81
 761.00 -100.82 160.15
 762.00 -126.32 142.71
 763.00 -63.79  73.19
 764.00 -153.69 -49.40
 765.00 -63.62 162.97
 766.00 -80.70 -28.47
 767.00 -122.19 -19.44
 768.00 -77.70  47.62
 769.00 -91.16 120.75
 770.00 -79.79 114.88
 771.00 -62.60 -176.90
 772.00 -60.70 -40.64
 773.00 -65.88 -41.02
 774.00 -62.56 -42.11
 775.00 -64.22 -43.16
 776.00 -73.42 -50.51
 777.00 -66.54  -5.24
 778.00  53.25 -16.65
 779.00 -84.64 -19.03
 780.00 -68.65  45.56
 781.00 -64.41 -33.39
 782.00 -81.76 -39.75
 783.00 -46.93 -38.56
 784.00 -58.23 -51.97
 785.00 -61.10 -48.54
 786.00 -49.33 -54.96
 787.00 -67.52 -43.53
 788.00 -73.43 -37.25
 789.00 -67.51 -29.27
 790.00 -68.13 -32.92
 791.00 -60.25 -37.94
 792.00 -66.18 -15.64
 793.00 -66.03 -26.54
 794.00 -55.58 -33.17
 795.00 -64.33 -62.24
 796.00 -109.64 -22.37
 797.00  59.34 -15.11
 798.00 -71.24  58.80
 799.00 -102.08 138.96
 800.00 -50.57 146.02
 801.00 -66.53 -29.53
 802.00 -64.82 -50.77
 803.00 -49.97 -47.91
 804.00 -55.48 -49.83
 805.00 -68.96 -50.86
 806.00 -68.55 -28.25
 807.00 -59.52 -50.27
 808.00 -51.19 -44.39
 809.00 -72.08 -45.24
 810.00 -69.41 -22.33
 811.00 -66.69 -23.67
 812.00 -110.70 -35.55
 813.00 -134.48  47.57
 814.00 -147.94  17.38
 815.00 -139.78 122.20
 816.00 -71.38 165.50
 817.00 -55.74 148.81
 818.00 -78.54 -42.15
 819.00  81.45  -5.98
 820.00 -86.30 172.78
 821.00 -75.01 174.12
 822.00 -130.12 -25.35
 823.00 -74.34 109.62
 824.00 -53.12 -25.76
 825.00 -54.88 -58.32
 826.00 -56.92 -44.70
 827.00 -52.54 -53.50
 828.00 -57.96 -48.43
 829.00 -60.88 -52.38
 830.00 -61.81 -44.61
 831.00 -63.88 -40.84
 832.00 -54.96 -41.82
 833.00 -69.78 -55.06
 834.00 -74.73 -19.53
 835.00 -75.08 -40.36
 836.00 -65.23 -34.18
 837.00 -56.65 -44.39
 838.00 -48.09 -51.76
 839.00 -53.89 -40.41
 840.00 -118.64 -46.10
 841.00 -61.01  12.46
 842.00 -82.65 142.49
 843.00 -95.32  48.62
 844.00 -58.32 153.16
 845.00 -58.42  88.75
 846.00 -32.20 -40.65
 847.00 -117.12 -39.13
 848.00 -69.36 112.29
 849.00 -68.34 -14.16
 850.00 -62.80 -40.82
 851.00 -68.82 -44.51
 852.00 -66.63 -34.71
 853.00 -65.44 -44.17
 854.00 -63.65 -41.09
 855.00 -64.00 -41.91
 856.00 -61.30 -43.77
 857.00 -71.80 -35.88
 858.00 -74.18 -33.60
 859.00 -79.94 -32.17
 860.00 -74.57 -26.64
 861.00 -77.33 -22.97
 862.00 -62.05 -51.12
 863.00 -65.52 -39.81
 864.00 -66.02 -37.12
 865.00 -63.40 -27.29
 866.00 -49.55 -41.71
 867.00 -84.01 -48.17
 868.00 -66.66 -25.73
 869.00 -80.81 -30.98
 870.00 -56.90 -32.61
 871.00 -55.76 -49.72
 872.00 -72.43 -38.30
 873.00 -64.95 -40.38
 874.00 -68.00 -35.60
 875.00 -67.13 -47.02
 876.00 -70.21 -34.85
 877.00 -57.24 -45.51
 878.00 -57.05 -43.88
 879.00 -78.41 -36.57
 880.00 -52.44 -40.56
 881.00 -66.67 -40.22
 882.00 -112.17 -21.01
 883.00 -51.11  29.37
 884.00 -75.22 -40.85
 885.00 -55.47 -52.68
 886.00 -116.62 -24.41
 887.00  67.69   2.69
 888.00 -86.81  23.93
 889.00 -104.98 130.57
 890.00 -112.20 126.84
 891.00 -56.65 112.40
 892.00 -57.81 141.76
 893.00 -55.34 -39.11
 894.00 -74.26 -45.54
 895.00 -54.15 -37.79
 896.00 -78.91 -36.52
 897.00 -80.69 -23.44
 898.00 -64.05 -38.83
 899.00 -75.97 -47.95
 900.00 -92.29 -43.59
 901.00 -94.48 -38.37
 902.00 -52.11 -38.79
 903.00 -58.50 -43.99
 904.00 -71.35 -31.00
 905.00 -92.69 -13.84
 906.00 -67.77 -48.17
 907.00 -76.69 -23.01
 908.00  96.72 -27.07
 909.00 -66.10   3.29
 910.00 -133.26 -19.61
 911.00 -138.82 131.48
 912.00 -67.16 136.87
 913.00 -109.27 169.17
 914.00 -82.18 115.73
 915.00 -79.30 131.05
 916.00 -131.47 -16.44
 917.00 -142.43 175.93


