 residuo Phi Psi
 669.00 -57.35 142.46
 670.00 -67.21 158.64
 671.00 -54.90 146.10
 672.00 -65.13 -43.36
 673.00 -51.17 -56.64
 674.00 -80.07 -33.25
 675.00 -71.72 -17.01
 676.00 -52.62 -48.96
 677.00 -64.67 -40.46
 678.00 -83.49 -32.49
 679.00 -65.67 -30.92
 680.00 -55.89 -38.23
 681.00 -71.56 124.77
 682.00 -79.45 167.74
 683.00 -102.09 -156.44
 684.00 -113.59 144.25
 685.00 -75.73 135.60
 686.00 -82.30 157.87
 687.00  79.94 -16.63
 688.00 -81.46  26.01
 689.00 -128.58 161.91
 690.00 -71.19  86.48
 691.00 -72.33 -12.97
 692.00 -113.85   2.50
 693.00 -60.98 152.41
 694.00 -87.99 164.66
 695.00 -161.14 142.31
 696.00 -41.29 157.91
 697.00 -76.63 -66.52
 698.00 -80.67 -19.04
 699.00 -57.08 -41.86
 700.00 -65.72 -56.29
 701.00 -58.98 -39.64
 702.00 -59.95 -51.33
 703.00 -79.02 -27.92
 704.00 -67.14 -35.83
 705.00 -57.57 -47.36
 706.00 -57.22 -49.59
 707.00 -58.91 -40.96
 708.00 -74.43 -36.69
 709.00 -67.29 -40.08
 710.00 -53.91 -41.03
 711.00 -64.74 -52.58
 712.00 -45.87 -39.22
 713.00 -82.17 -57.00
 714.00 -79.62  -6.18
 715.00 -67.57 -41.72
 716.00 -61.08 -37.96
 717.00 -75.83 -36.12
 718.00 -57.24 -41.52
 719.00 -64.83 -42.74
 720.00 -126.75  -5.96
 721.00 -62.26 -15.17
 722.00 -66.15 117.73
 723.00  98.37 134.35
 724.00 -66.89 -13.33
 725.00 -67.69 -31.12
 726.00 -77.35  -3.90
 727.00 -83.04 -12.71
 728.00 -78.84 154.66
 729.00 -68.72 157.46
 730.00 -69.65 -20.85
 731.00 -91.10 -34.09
 732.00 -45.68 -35.89
 733.00 -57.26 -57.09
 734.00 -72.51 -36.66
 735.00 -60.28 -53.37
 736.00 -53.49 -39.41
 737.00 -65.65 -60.72
 738.00 -83.36 -19.85
 739.00 -90.53 -44.22
 740.00 -59.86 -15.60
 741.00 -73.89 -32.38
 742.00 -56.06 -43.53
 743.00 -59.93 -47.02
 744.00 -54.24 -52.10
 745.00 -66.45 -49.10
 746.00 -62.17 -46.16
 747.00 -60.07 -43.16
 748.00 -71.05 -41.65
 749.00 -65.50 -45.15
 750.00 -56.17 -45.08
 751.00 -55.02 -54.34
 752.00 -66.88 -37.87
 753.00 -69.23 -40.92
 754.00 -61.44 -40.28
 755.00 -70.09 -58.82
 756.00 -135.81 -45.67
 757.00  57.45  22.05
 758.00  62.06  34.40
 759.00 -72.66  19.55
 760.00 -138.92 -29.27
 761.00 -73.34 144.64
 762.00 -118.80 133.82
 763.00 -55.41  63.29
 764.00 -152.76 -53.14
 765.00 -59.92 164.85
 766.00 -90.67 -31.70
 767.00 -129.13  -9.60
 768.00 -66.82  39.22
 769.00 -99.45 128.42
 770.00 -81.67 114.93
 771.00 -58.23 171.21
 772.00 -73.74 -24.49
 773.00 -70.53 -38.36
 774.00 -61.39 -29.77
 775.00 -57.16 -40.07
 776.00 -76.03 -40.20
 777.00 -88.02 -28.60
 778.00  48.22  -1.70
 779.00 -122.75  39.74
 780.00 -49.92  35.80
 781.00 -67.93 -48.67
 782.00 -64.74 -35.46
 783.00 -67.22 -47.22
 784.00 -73.50 -35.23
 785.00 -66.12 -37.06
 786.00 -52.97 -41.92
 787.00 -69.52 -40.62
 788.00 -67.99 -43.36
 789.00 -65.60 -29.13
 790.00 -57.36 -40.41
 791.00 -67.28 -50.22
 792.00 -67.05 -17.94
 793.00 -54.94 -41.10
 794.00 -95.35 -35.30
 795.00 -77.50 -17.76
 796.00 -92.79 -37.49
 797.00  65.74 -19.48
 798.00 -63.91  56.16
 799.00 -97.12 138.85
 800.00 -56.63 156.87
 801.00 -82.50 -27.68
 802.00 -65.62 -33.45
 803.00 -55.03 -46.42
 804.00 -63.21 -46.55
 805.00 -70.47 -47.21
 806.00 -65.14 -32.11
 807.00 -62.41 -40.59
 808.00 -62.70 -43.14
 809.00 -70.30 -42.54
 810.00 -61.86 -25.76
 811.00 -71.17 -29.82
 812.00 -122.73 -17.88
 813.00 -144.02  54.31
 814.00 -148.31   7.08
 815.00 -137.74 123.57
 816.00 -63.65 158.19
 817.00 -80.54 161.65
 818.00 -69.94 -33.39
 819.00  73.59 -10.86
 820.00 -88.86 -173.92
 821.00 -62.99 155.63
 822.00 -115.85 -16.09
 823.00 -64.16  42.04
 824.00 -62.12 -44.85
 825.00 -72.37 -32.98
 826.00 -55.91 -45.65
 827.00 -56.11 -46.27
 828.00 -56.57 -45.86
 829.00 -62.04 -63.15
 830.00 -62.25 -34.51
 831.00 -64.08 -44.04
 832.00 -52.20 -36.22
 833.00 -72.51 -49.88
 834.00 -55.69 -34.05
 835.00 -91.94 -36.70
 836.00 -55.71 -29.63
 837.00 -67.48 -37.29
 838.00 -62.31 -45.21
 839.00 -80.58 -10.00
 840.00 -82.49 -64.55
 841.00 -27.78  -6.12
 842.00 -80.49 114.17
 843.00 -73.33  19.48
 844.00 -92.59 165.42
 845.00 -55.13 126.76
 846.00 -78.67 -18.59
 847.00 -124.94 -14.82
 848.00 -68.17  77.62
 849.00 -58.55 -19.02
 850.00 -72.96 -31.90
 851.00 -58.06 -41.37
 852.00 -68.82 -37.85
 853.00 -63.11 -61.74
 854.00 -55.75 -40.02
 855.00 -51.35 -49.05
 856.00 -49.38 -52.43
 857.00 -66.22 -54.80
 858.00 -54.49 -35.57
 859.00 -60.61 -59.37
 860.00 -77.27 -30.53
 861.00 -58.46 -27.81
 862.00 -66.43 -53.34
 863.00 -61.38 -39.72
 864.00 -83.98 -18.84
 865.00 -68.52 -19.84
 866.00 -49.32 -57.11
 867.00 -62.47 -44.99
 868.00 -69.59 -33.77
 869.00 -60.43 -42.91
 870.00 -60.67 -43.34
 871.00 -71.75 -47.37
 872.00 -59.94 -31.03
 873.00 -73.17 -41.85
 874.00 -56.09 -40.14
 875.00 -64.35 -47.10
 876.00 -67.05 -46.28
 877.00 -70.20 -27.54
 878.00 -70.30 -43.55
 879.00 -74.81 -16.02
 880.00 -56.08 -55.20
 881.00 -69.33 -29.54
 882.00 -127.41 -20.29
 883.00 -42.94   1.87
 884.00 -71.22 -59.08
 885.00 -69.54 -26.20
 886.00 -101.68 -31.74
 887.00  61.61  11.48
 888.00 -96.26  29.52
 889.00 -132.42 148.10
 890.00 -117.29 138.83
 891.00 -61.93 145.48
 892.00 -66.24 144.26
 893.00 -59.76 -45.70
 894.00 -71.35 -34.01
 895.00 -71.76 -35.42
 896.00 -73.49 -28.20
 897.00 -54.37 -54.18
 898.00 -59.08 -48.65
 899.00 -68.51 -45.85
 900.00 -140.21 -11.22
 901.00 -74.99 -52.96
 902.00 -58.24 -44.52
 903.00 -60.46 -42.32
 904.00 -67.37 -24.10
 905.00 -86.98 -31.65
 906.00 -65.09 -39.42
 907.00 -89.04 -34.40
 908.00  85.25  -3.39
 909.00 -65.87   4.15
 910.00 -130.55 -21.18
 911.00 -136.38 127.88
 912.00 -61.85 135.81
 913.00 -77.15 132.83
 914.00 -102.77 114.71
 915.00 -112.69 165.73
 916.00 -95.33 -38.40
 917.00 -146.01  27.32


