 residuo Phi Psi
 669.00 -63.92 -53.43
 670.00 -55.26 152.57
 671.00 -52.74 138.37
 672.00 -76.35 -47.75
 673.00 -56.49 -33.44
 674.00 -88.17 -38.55
 675.00 -58.69 -30.26
 676.00 -68.80 -52.63
 677.00 -75.34 -26.81
 678.00 -61.79 -39.76
 679.00 -72.32 -39.51
 680.00 -66.07 -13.87
 681.00 -76.19 125.56
 682.00 -65.86 140.62
 683.00 -73.91 169.46
 684.00 -140.67 154.38
 685.00 -56.47 134.70
 686.00 -72.20 138.41
 687.00  67.97 -16.73
 688.00 -145.12  73.22
 689.00 -128.45 145.73
 690.00 -67.06 117.45
 691.00 -56.23  -3.28
 692.00 -81.91 -42.92
 693.00 -44.76 146.44
 694.00 -81.06 138.14
 695.00 -146.17 146.20
 696.00 -53.45 156.72
 697.00 -51.33 -56.71
 698.00 -71.32 -54.26
 699.00 -70.93 -42.03
 700.00 -68.93 -48.04
 701.00 -78.45 -26.75
 702.00 -69.48 -30.70
 703.00 -59.55 -33.17
 704.00 -68.08 -50.54
 705.00 -60.74 -36.74
 706.00 -66.14 -42.12
 707.00 -54.75 -40.60
 708.00 -80.68 -38.81
 709.00 -68.00 -25.81
 710.00 -66.87 -48.01
 711.00 -65.75 -31.37
 712.00 -60.61 -37.86
 713.00 -74.12 -41.24
 714.00 -65.33 -38.13
 715.00 -77.71 -30.20
 716.00 -56.68 -36.89
 717.00 -61.62 -50.25
 718.00 -70.89 -36.14
 719.00 -59.86 -34.80
 720.00 -97.21 -31.69
 721.00 -79.49  -8.17
 722.00 -65.87 132.27
 723.00  85.30 140.13
 724.00 -64.58 -10.55
 725.00 -59.91 -42.78
 726.00 -57.32 -13.04
 727.00 -61.04 -37.32
 728.00 -57.29 144.33
 729.00 -70.33 152.82
 730.00 -64.05 -28.81
 731.00 -57.57 -41.31
 732.00 -55.62 -44.28
 733.00 -59.19 -46.56
 734.00 -67.63 -32.76
 735.00 -54.01 -62.72
 736.00 -63.98 -38.89
 737.00 -80.24 -34.04
 738.00 -72.53 -41.52
 739.00 -92.38 -34.26
 740.00 -71.89  -5.65
 741.00 -64.28 -35.46
 742.00 -69.78 -35.99
 743.00 -76.16 -36.02
 744.00 -67.17 -37.46
 745.00 -69.37 -40.20
 746.00 -68.13 -40.10
 747.00 -62.96 -46.14
 748.00 -63.14 -35.23
 749.00 -72.44 -34.04
 750.00 -60.64 -34.24
 751.00 -50.53 -58.25
 752.00 -68.94 -42.27
 753.00 -69.08 -36.61
 754.00 -81.18 -49.89
 755.00 -89.54 -32.02
 756.00 -142.79 -37.42
 757.00  58.86  35.98
 758.00  63.83  18.98
 759.00 -91.43  13.55
 760.00 -105.17 -44.46
 761.00 -96.30 163.02
 762.00 -94.56 120.94
 763.00 -67.19  62.79
 764.00 -148.70 -43.40
 765.00 -51.35 168.54
 766.00 -84.26 -39.53
 767.00 -95.34 -57.18
 768.00 -77.98  76.82
 769.00 -99.70 139.53
 770.00 -75.57  99.12
 771.00 -41.14 166.15
 772.00 -76.77 -43.03
 773.00 -72.79 -23.20
 774.00 -71.00 -32.66
 775.00 -67.23 -38.05
 776.00 -71.88 -41.76
 777.00 -93.48 -21.27
 778.00  59.32   1.65
 779.00 -127.06  35.02
 780.00 -63.72  25.55
 781.00 -60.00 -44.68
 782.00 -70.93 -42.77
 783.00 -74.02 -30.89
 784.00 -54.89 -38.76
 785.00 -58.04 -48.64
 786.00 -59.46 -48.44
 787.00 -72.63 -34.76
 788.00 -69.99 -35.26
 789.00 -63.11 -32.11
 790.00 -67.44 -50.54
 791.00 -55.67 -39.23
 792.00 -66.48 -24.15
 793.00 -60.95 -32.18
 794.00 -59.78 -34.47
 795.00 -57.57 -55.56
 796.00 -82.91 -26.60
 797.00  50.63 -38.08
 798.00 -69.09  55.24
 799.00 -89.23 136.71
 800.00 -53.06 150.44
 801.00 -55.27 -39.12
 802.00 -60.69 -52.18
 803.00 -59.73 -39.65
 804.00 -72.44 -39.21
 805.00 -62.58 -37.90
 806.00 -63.01 -50.82
 807.00 -66.28 -35.33
 808.00 -75.15 -35.82
 809.00 -62.87 -33.60
 810.00 -68.65 -34.93
 811.00 -66.15 -21.14
 812.00 -87.36 -47.59
 813.00 -142.32  45.32
 814.00 -150.98  17.98
 815.00 -135.86 117.04
 816.00 -60.93 157.36
 817.00 -64.36 154.82
 818.00 -81.37 -33.25
 819.00  73.22   4.56
 820.00 -68.29 -177.60
 821.00 -55.00 155.49
 822.00 -92.10 -41.59
 823.00 -67.93  48.53
 824.00 -57.62 -39.00
 825.00 -92.88 -22.15
 826.00 -58.10 -36.74
 827.00 -56.22 -51.24
 828.00 -58.43 -44.02
 829.00 -60.80 -52.64
 830.00 -53.70 -45.16
 831.00 -79.07 -46.27
 832.00 -64.53 -26.84
 833.00 -54.82 -52.85
 834.00 -68.04 -42.35
 835.00 -61.64 -49.23
 836.00 -70.00 -33.08
 837.00 -64.68 -45.32
 838.00 -58.07 -48.04
 839.00 -87.07 -21.82
 840.00 -106.73 -18.96
 841.00 -63.90  -4.51
 842.00 -83.58 144.44
 843.00 -169.31 108.45
 844.00 -136.12 -177.66
 845.00 -61.49  90.22
 846.00 -69.22  -9.16
 847.00 -91.49 -26.48
 848.00 -67.45 153.33
 849.00 -140.77 -26.74
 850.00 -55.07  -2.82
 851.00 -74.59 -61.68
 852.00 -56.04 -37.72
 853.00 -65.08 -44.37
 854.00 -63.55 -39.97
 855.00 -56.06 -51.55
 856.00 -69.01 -41.95
 857.00 -58.04 -53.73
 858.00 -79.93 -24.00
 859.00 -80.04 -44.58
 860.00 -65.46 -17.12
 861.00 -52.55 -48.23
 862.00 -58.36 -48.60
 863.00 -59.50 -49.95
 864.00 -78.11 -26.56
 865.00 -61.86 -20.13
 866.00 -48.35 -49.21
 867.00 -60.22 -49.01
 868.00 -65.99 -40.88
 869.00 -66.52 -31.88
 870.00 -58.63 -52.56
 871.00 -52.68 -46.48
 872.00 -69.20 -47.33
 873.00 -63.00 -38.42
 874.00 -60.19 -43.22
 875.00 -58.59 -50.37
 876.00 -88.71 -37.74
 877.00 -65.55 -25.29
 878.00 -66.52 -39.48
 879.00 -75.77 -28.52
 880.00 -51.82 -46.55
 881.00 -65.50 -38.76
 882.00 -125.01 -22.31
 883.00 -39.72   0.83
 884.00 -82.57 -52.60
 885.00 -60.42 -27.99
 886.00 -125.86 -12.95
 887.00  58.28   5.07
 888.00 -74.20  17.59
 889.00 -97.68 132.62
 890.00 -147.16 146.06
 891.00 -67.69 123.76
 892.00 -64.15 150.70
 893.00 -69.10 -40.98
 894.00 -78.36 -37.80
 895.00 -55.84 -38.35
 896.00 -69.54 -43.18
 897.00 -62.10 -35.03
 898.00 -68.33 -43.78
 899.00 -72.13 -31.54
 900.00 -127.70 -30.79
 901.00 -85.64 -51.62
 902.00 -51.33 -50.08
 903.00 -50.38 -46.87
 904.00 -65.45 -31.91
 905.00 -80.56 -25.98
 906.00 -62.22 -47.41
 907.00 -84.95 -31.68
 908.00  70.76   1.70
 909.00 -82.88  22.50
 910.00 -138.41 -18.75
 911.00 -105.06 114.62
 912.00 -61.55 119.74
 913.00 -108.10 154.86
 914.00 -75.31 102.40
 915.00 -55.14 119.55
 916.00 -109.39 -44.25
 917.00 -101.83 155.67


