 residuo Phi Psi
 669.00 -69.75 144.77
 670.00 -63.69 132.87
 671.00 -58.46 133.22
 672.00 -43.06 -34.90
 673.00 -84.93 -24.27
 674.00 -66.40 -24.20
 675.00 -69.73 -40.92
 676.00 -66.11 -33.82
 677.00 -62.55 -49.86
 678.00 -72.05 -28.37
 679.00 -92.09 -31.10
 680.00 -59.64 -12.56
 681.00 -73.73 111.89
 682.00 -75.74 153.80
 683.00 -74.85 160.47
 684.00 -139.30 139.93
 685.00 -92.71 137.31
 686.00 -82.97 145.95
 687.00  76.78  -5.83
 688.00 -76.64  24.82
 689.00 -136.58 159.86
 690.00 -69.44 104.42
 691.00 -86.28  -9.03
 692.00 -63.11 -32.00
 693.00 -58.94 134.50
 694.00 -62.57 141.30
 695.00 -158.76 133.23
 696.00 -62.98 169.97
 697.00 -65.90 -55.18
 698.00 -74.94 -32.82
 699.00 -64.53 -51.23
 700.00 -83.42 -27.94
 701.00 -56.82 -31.31
 702.00 -73.79 -41.29
 703.00 -66.44 -32.06
 704.00 -70.30 -45.49
 705.00 -69.75 -27.93
 706.00 -69.13 -38.68
 707.00 -62.83 -18.70
 708.00 -56.94 -62.67
 709.00 -55.65 -43.10
 710.00 -84.39 -36.84
 711.00 -60.76 -34.24
 712.00 -60.78 -36.05
 713.00 -63.60 -50.35
 714.00 -49.11 -44.21
 715.00 -78.06 -45.57
 716.00 -54.06 -37.59
 717.00 -82.51 -41.83
 718.00 -56.75 -36.39
 719.00 -66.77 -42.96
 720.00 -98.59 -10.24
 721.00 -76.99 -16.93
 722.00 -63.34 128.66
 723.00  77.66 141.06
 724.00 -54.96  -8.77
 725.00 -51.88 -36.34
 726.00 -70.59 -25.30
 727.00 -97.91 -10.96
 728.00 -68.70 141.18
 729.00 -61.37 160.88
 730.00 -65.26 -36.98
 731.00 -90.81 -22.95
 732.00 -58.28 -38.41
 733.00 -56.70 -36.25
 734.00 -47.70 -56.96
 735.00 -68.44 -62.46
 736.00 -76.43 -27.30
 737.00 -52.30 -49.18
 738.00 -107.48 -20.02
 739.00 -112.97 -10.94
 740.00 -43.89 -24.47
 741.00 -59.37 -46.68
 742.00 -62.78 -31.35
 743.00 -62.07 -50.16
 744.00 -66.57 -47.42
 745.00 -46.22 -52.99
 746.00 -63.19 -49.81
 747.00 -60.24 -50.73
 748.00 -60.20 -44.55
 749.00 -63.73 -38.80
 750.00 -68.45 -42.68
 751.00 -53.22 -43.33
 752.00 -76.30 -36.86
 753.00 -48.48 -45.43
 754.00 -95.02 -40.02
 755.00 -91.44 -19.38
 756.00 -140.69 -44.44
 757.00  42.99  29.47
 758.00  61.21  33.37
 759.00 -60.93  10.24
 760.00 -122.97 -38.28
 761.00 -92.73 151.08
 762.00 -88.74 103.40
 763.00 -62.42  74.91
 764.00 -137.95 -50.08
 765.00 -59.57 159.63
 766.00 -96.47 -22.01
 767.00 -108.05 -25.79
 768.00 -96.44  75.32
 769.00 -75.04 110.33
 770.00 -62.97  98.25
 771.00 -60.22 171.25
 772.00 -71.76 -34.89
 773.00 -80.98 -34.44
 774.00 -65.19 -28.86
 775.00 -68.06 -39.73
 776.00 -74.32 -52.42
 777.00 -73.35 -18.46
 778.00  56.79  -7.88
 779.00 -120.55  38.93
 780.00 -59.04   3.78
 781.00 -79.78 -32.99
 782.00 -91.76 -12.12
 783.00 -50.10 -46.18
 784.00 -51.44 -48.78
 785.00 -61.62 -47.38
 786.00 -57.62 -46.27
 787.00 -63.57 -44.65
 788.00 -64.47 -43.31
 789.00 -61.77 -36.55
 790.00 -71.41 -34.97
 791.00 -56.61 -47.71
 792.00 -65.26 -20.69
 793.00 -52.66 -40.10
 794.00 -71.80 -34.18
 795.00 -67.79 -37.98
 796.00 -83.53 -41.15
 797.00  59.33 -11.21
 798.00 -82.23  69.50
 799.00 -84.34 138.53
 800.00 -67.98 156.78
 801.00 -57.92 -36.12
 802.00 -77.41 -32.09
 803.00 -54.12 -37.01
 804.00 -70.01 -49.15
 805.00 -82.27 -30.76
 806.00 -56.78 -34.07
 807.00 -61.54 -54.37
 808.00 -64.73 -30.17
 809.00 -55.17 -54.88
 810.00 -65.48 -24.52
 811.00 -73.01 -23.05
 812.00 -100.95 -29.97
 813.00 -125.60  38.54
 814.00 -155.71   6.39
 815.00 -143.31 133.56
 816.00 -47.15 156.09
 817.00 -73.57 145.18
 818.00 -90.20 -21.92
 819.00  81.53  -0.61
 820.00 -75.28 155.30
 821.00 -85.07 177.95
 822.00 -96.63 -26.63
 823.00 -63.42  37.81
 824.00 -68.48 -37.77
 825.00 -63.91 -41.90
 826.00 -58.64 -41.38
 827.00 -71.95 -41.54
 828.00 -65.08 -27.11
 829.00 -64.45 -50.14
 830.00 -57.28 -48.65
 831.00 -62.36 -44.18
 832.00 -41.36 -43.79
 833.00 -72.96 -59.73
 834.00 -52.10 -28.63
 835.00 -87.80 -43.78
 836.00 -71.06 -13.11
 837.00 -76.41 -25.75
 838.00 -57.99 -38.60
 839.00 -78.46 -37.29
 840.00 -83.34 -62.50
 841.00 -41.97  -5.16
 842.00 -80.53 146.50
 843.00 -150.46  90.18
 844.00 -69.39 146.84
 845.00 -60.84 106.85
 846.00 -61.05 -32.42
 847.00 -117.16 -15.01
 848.00 -65.34  75.15
 849.00 -66.28 -22.91
 850.00 -80.94 -44.45
 851.00 -51.22 -33.47
 852.00 -64.07 -55.14
 853.00 -64.59 -37.17
 854.00 -69.66 -31.14
 855.00 -60.70 -42.43
 856.00 -62.19 -38.48
 857.00 -64.34 -39.94
 858.00 -77.96 -33.28
 859.00 -84.08 -23.85
 860.00 -59.05 -30.95
 861.00 -72.87 -37.39
 862.00 -38.48 -45.80
 863.00 -57.88 -62.78
 864.00 -77.57 -21.13
 865.00 -72.11 -19.61
 866.00 -51.40 -41.16
 867.00 -62.89 -51.85
 868.00 -58.84 -41.52
 869.00 -47.33 -51.49
 870.00 -56.76 -52.18
 871.00 -67.13 -41.27
 872.00 -77.91 -35.64
 873.00 -56.90 -37.22
 874.00 -54.01 -50.24
 875.00 -57.53 -51.48
 876.00 -63.30 -49.50
 877.00 -65.48 -38.54
 878.00 -58.07 -47.72
 879.00 -69.40 -35.65
 880.00 -54.67 -44.60
 881.00 -70.21 -30.76
 882.00 -136.95 -18.08
 883.00 -68.84  19.27
 884.00 -49.82 -35.13
 885.00 -55.89 -60.05
 886.00 -87.86 -42.44
 887.00  50.45   0.13
 888.00 -85.14  34.77
 889.00 -85.28 142.77
 890.00 -134.60 137.35
 891.00 -57.67  89.67
 892.00 -60.62 134.42
 893.00 -62.23 -45.69
 894.00 -97.00 -22.86
 895.00 -59.24 -34.86
 896.00 -76.07 -31.47
 897.00 -58.57 -31.96
 898.00 -63.78 -48.18
 899.00 -62.34 -39.04
 900.00 -127.50 -33.63
 901.00 -98.76 -36.40
 902.00 -65.47 -31.10
 903.00 -55.48 -32.64
 904.00 -62.52 -42.42
 905.00 -72.10 -31.16
 906.00 -67.31 -56.59
 907.00 -85.91 -28.84
 908.00  80.96 -10.14
 909.00 -58.57  19.58
 910.00 -121.15 -26.85
 911.00 -139.33 135.55
 912.00 -57.06 146.82
 913.00 -82.17 149.74
 914.00 -74.78  95.00
 915.00 -83.68 117.69
 916.00 -103.86 -34.57
 917.00 -57.42 152.06


