 residuo Phi Psi
 669.00 -82.72 115.86
 670.00 -60.56 144.07
 671.00 -151.26 154.82
 672.00 -58.04 -25.50
 673.00 -66.35 -46.33
 674.00 -60.78 -29.88
 675.00 -66.55 -46.32
 676.00 -59.53 -36.74
 677.00 -72.61 -48.08
 678.00 -90.63 -10.57
 679.00 -107.25 -38.56
 680.00 -56.43  -5.89
 681.00 -74.41 114.40
 682.00 -68.57 156.36
 683.00 -59.39 169.70
 684.00 -119.12 158.25
 685.00 -101.80 135.42
 686.00 -86.36 142.85
 687.00  68.68  -3.45
 688.00 -69.52  20.02
 689.00 -134.77 151.16
 690.00 -66.06 113.67
 691.00 -57.26 -16.73
 692.00 -82.61 -22.64
 693.00 -71.63 146.01
 694.00 -72.83 149.16
 695.00 -155.40 139.89
 696.00 -56.06 141.82
 697.00 -58.36 -63.97
 698.00 -74.04 -33.22
 699.00 -55.48 -50.80
 700.00 -61.94 -53.82
 701.00 -66.73 -39.03
 702.00 -76.08 -27.82
 703.00 -60.23 -42.08
 704.00 -61.70 -39.46
 705.00 -61.62 -41.45
 706.00 -66.14 -40.81
 707.00 -56.61 -28.80
 708.00 -70.51 -43.40
 709.00 -56.48 -54.49
 710.00 -66.28 -41.94
 711.00 -60.79 -38.93
 712.00 -48.11 -48.15
 713.00 -74.34 -52.13
 714.00 -75.09 -24.22
 715.00 -76.37 -21.67
 716.00 -69.36 -29.38
 717.00 -53.28 -49.94
 718.00 -55.64 -53.33
 719.00 -67.77 -36.99
 720.00 -132.43   1.96
 721.00 -46.74 -31.90
 722.00 -73.19 130.40
 723.00  63.78 148.89
 724.00 -38.19 -16.11
 725.00 -76.45 -54.11
 726.00 -68.27  14.79
 727.00 -80.81 -17.14
 728.00 -70.31 144.94
 729.00 -75.73 159.82
 730.00 -48.70 -26.91
 731.00 -71.60 -52.95
 732.00 -66.48 -24.80
 733.00 -60.17 -54.18
 734.00 -72.82 -17.06
 735.00 -55.92 -67.14
 736.00 -74.58 -28.38
 737.00 -80.20 -39.37
 738.00 -94.41 -17.45
 739.00 -111.67 -21.83
 740.00 -54.23 -13.24
 741.00 -70.32 -41.31
 742.00 -80.88 -45.29
 743.00 -70.97 -25.15
 744.00 -58.87 -47.29
 745.00 -67.26 -47.21
 746.00 -73.26 -25.86
 747.00 -60.84 -43.22
 748.00 -62.63 -35.83
 749.00 -60.66 -37.92
 750.00 -63.62 -46.64
 751.00 -61.08 -50.05
 752.00 -71.36 -37.46
 753.00 -59.06 -43.16
 754.00 -72.96 -55.31
 755.00 -80.78 -46.86
 756.00 -123.46 -48.33
 757.00  57.29  33.38
 758.00  59.44  27.43
 759.00 -68.86   2.21
 760.00 -102.07 -53.26
 761.00 -85.77 153.59
 762.00 -79.68 101.99
 763.00 -39.52  68.12
 764.00 -146.33 -57.95
 765.00 -50.74 157.04
 766.00 -94.76 -33.55
 767.00 -98.27 -42.53
 768.00 -69.87  52.55
 769.00 -111.28 146.35
 770.00 -60.54  88.98
 771.00 -67.81 174.51
 772.00 -53.35 -41.73
 773.00 -73.24 -42.71
 774.00 -66.62 -22.63
 775.00 -71.47 -43.05
 776.00 -68.12 -47.28
 777.00 -76.06 -32.46
 778.00  66.97 -10.58
 779.00 -132.88  36.28
 780.00 -49.77  17.31
 781.00 -50.77 -47.57
 782.00 -75.99 -41.05
 783.00 -60.68 -40.50
 784.00 -63.96 -37.57
 785.00 -67.71 -41.52
 786.00 -52.44 -46.40
 787.00 -72.89 -33.07
 788.00 -57.88 -44.96
 789.00 -58.10 -42.60
 790.00 -58.83 -59.32
 791.00 -62.85 -35.23
 792.00 -65.31 -40.84
 793.00 -57.00 -30.85
 794.00 -61.07 -50.49
 795.00 -66.03 -44.74
 796.00 -73.53 -37.21
 797.00  53.07 -35.18
 798.00 -49.35  54.28
 799.00 -79.48 120.38
 800.00 -56.38 165.09
 801.00 -77.95 -31.29
 802.00 -54.83 -48.76
 803.00 -60.51 -34.22
 804.00 -65.89 -50.33
 805.00 -75.90 -43.28
 806.00 -74.88 -20.84
 807.00 -62.83 -39.34
 808.00 -60.65 -42.85
 809.00 -68.01 -41.40
 810.00 -64.90 -26.47
 811.00 -73.18 -30.10
 812.00 -124.92 -10.31
 813.00 -137.45  54.23
 814.00 -148.65  -9.11
 815.00 -143.39 133.64
 816.00 -51.78 156.89
 817.00 -62.09 150.46
 818.00 -100.58 -23.43
 819.00  71.34   9.96
 820.00 -83.85 171.93
 821.00 -59.36 153.48
 822.00 -107.85 -28.59
 823.00 -50.99  25.35
 824.00 -59.81 -32.12
 825.00 -77.65 -36.93
 826.00 -56.54 -45.93
 827.00 -52.98 -54.74
 828.00 -78.94 -31.20
 829.00 -69.02 -38.69
 830.00 -55.12 -42.16
 831.00 -65.57 -47.00
 832.00 -54.35 -38.77
 833.00 -69.40 -51.53
 834.00 -68.47 -30.13
 835.00 -74.69 -37.12
 836.00 -79.16 -32.55
 837.00 -69.08 -26.45
 838.00 -66.45 -36.87
 839.00 -50.71 -36.10
 840.00 -106.95 -42.69
 841.00 -59.28   5.17
 842.00 -86.64 159.45
 843.00 -155.63  92.72
 844.00 -90.24 166.78
 845.00 -65.15 117.25
 846.00 -59.85 -36.68
 847.00 -137.21 -18.17
 848.00 -74.76  83.17
 849.00 -58.32  -0.67
 850.00 -65.63 -35.02
 851.00 -71.04 -33.17
 852.00 -69.43 -50.75
 853.00 -65.02 -32.26
 854.00 -61.39 -48.28
 855.00 -68.12 -41.67
 856.00 -50.68 -40.63
 857.00 -77.10 -50.09
 858.00 -75.90 -31.00
 859.00 -76.07 -32.74
 860.00 -59.24 -29.82
 861.00 -63.00 -45.13
 862.00 -81.65 -31.30
 863.00 -66.41 -37.14
 864.00 -86.32 -24.76
 865.00 -71.73 -20.90
 866.00 -74.06 -16.55
 867.00 -68.78 -38.23
 868.00 -79.64 -22.53
 869.00 -58.64 -36.06
 870.00 -62.57 -40.80
 871.00 -72.40 -39.30
 872.00 -91.93 -31.02
 873.00 -58.81 -24.34
 874.00 -75.03 -41.01
 875.00 -48.03 -47.04
 876.00 -72.28 -56.44
 877.00 -77.14 -24.76
 878.00 -59.60 -38.62
 879.00 -82.78 -28.17
 880.00 -53.14 -44.84
 881.00 -72.38 -51.78
 882.00 -104.36 -23.57
 883.00 -67.02  18.13
 884.00 -69.98  -7.90
 885.00 -78.75 -41.89
 886.00 -63.53 -66.34
 887.00  57.47 -21.53
 888.00 -60.76  17.05
 889.00 -73.62 125.38
 890.00 -122.38 135.15
 891.00 -60.61 128.00
 892.00 -56.22 135.27
 893.00 -70.92 -32.37
 894.00 -82.64 -29.15
 895.00 -62.72 -33.96
 896.00 -64.10 -37.21
 897.00 -83.30 -27.03
 898.00 -71.76 -49.46
 899.00 -90.68 -26.22
 900.00 -127.43 -15.60
 901.00 -60.84 -62.68
 902.00 -65.58 -46.00
 903.00 -68.14 -41.06
 904.00 -67.87 -29.92
 905.00 -67.77 -28.03
 906.00 -74.24 -48.72
 907.00 -99.11 -13.52
 908.00  73.84   5.41
 909.00 -74.42  14.73
 910.00 -125.09  -8.48
 911.00 -143.57 149.61
 912.00 -66.49 140.65
 913.00 -106.98 166.77
 914.00 -74.76  95.72
 915.00 -72.85 140.23
 916.00 -123.67 -40.13
 917.00 -134.18 142.78


