 residuo Phi Psi
 669.00 -75.40 129.12
 670.00 -62.81 152.39
 671.00 -69.30 151.09
 672.00 -56.22 -32.04
 673.00 -75.34 -37.43
 674.00 -75.35 -28.80
 675.00 -72.06 -33.29
 676.00 -53.45 -42.41
 677.00 -75.84 -37.05
 678.00 -65.46 -36.37
 679.00 -75.79 -34.22
 680.00 -70.62 -15.27
 681.00 -77.80 117.17
 682.00 -71.63 158.04
 683.00 -53.32 144.27
 684.00 -105.47 144.17
 685.00 -73.30 147.20
 686.00 -90.33 149.83
 687.00  78.88 -13.17
 688.00 -73.96  25.16
 689.00 -135.88 175.86
 690.00 -84.47 106.64
 691.00 -76.90   3.80
 692.00 -71.48 -36.49
 693.00 -75.54 153.81
 694.00 -77.80 145.22
 695.00 -143.44 131.82
 696.00 -52.59 159.58
 697.00 -66.39 -55.94
 698.00 -71.55 -33.23
 699.00 -64.38 -47.62
 700.00 -69.01 -46.58
 701.00 -67.46 -35.73
 702.00 -72.69 -29.44
 703.00 -66.85 -30.87
 704.00 -61.61 -47.21
 705.00 -65.34 -40.69
 706.00 -62.80 -40.25
 707.00 -72.81 -28.43
 708.00 -76.79 -24.16
 709.00 -64.35 -39.83
 710.00 -78.22 -31.81
 711.00 -53.85 -35.31
 712.00 -33.13 -60.41
 713.00 -88.89 -49.09
 714.00 -74.65 -31.30
 715.00 -69.57 -34.22
 716.00 -67.90 -36.04
 717.00 -62.20 -35.78
 718.00 -75.42 -47.32
 719.00 -66.85 -26.62
 720.00 -106.49 -27.82
 721.00 -40.42 -37.17
 722.00 -64.22 127.42
 723.00  69.22 161.68
 724.00 -73.64  -8.93
 725.00 -79.61 -28.08
 726.00 -73.58   3.28
 727.00 -76.33 -16.84
 728.00 -58.11 137.05
 729.00 -51.40 149.32
 730.00 -69.92 -40.67
 731.00 -80.62 -26.44
 732.00 -48.81 -46.42
 733.00 -63.20 -52.06
 734.00 -70.96 -26.10
 735.00 -62.78 -56.00
 736.00 -69.56 -20.09
 737.00 -56.24 -55.91
 738.00 -95.61 -20.53
 739.00 -71.71 -51.60
 740.00 -54.33 -25.32
 741.00 -75.83 -40.37
 742.00 -97.75 -16.84
 743.00 -53.86 -38.78
 744.00 -77.07 -44.97
 745.00 -64.31 -33.64
 746.00 -60.16 -47.29
 747.00 -64.37 -41.57
 748.00 -72.17 -40.42
 749.00 -66.25 -29.29
 750.00 -70.77 -37.01
 751.00 -53.73 -50.72
 752.00 -71.42 -40.11
 753.00 -70.46 -32.27
 754.00 -84.00 -51.31
 755.00 -93.80 -29.20
 756.00 -133.30 -30.73
 757.00  60.70  17.62
 758.00  56.92  27.70
 759.00 -64.32  19.03
 760.00 -106.76 -55.06
 761.00 -102.98 174.79
 762.00 -84.15 108.14
 763.00 -43.36  51.31
 764.00 -156.26 -56.63
 765.00 -56.88 147.21
 766.00 -102.63 -27.66
 767.00 -146.42   3.77
 768.00 -60.43  42.23
 769.00 -86.62 129.80
 770.00 -66.07  94.99
 771.00 -64.19 176.21
 772.00 -73.54 -31.09
 773.00 -58.25 -41.07
 774.00 -61.71 -33.46
 775.00 -85.26 -37.39
 776.00 -81.71 -32.90
 777.00 -80.53 -20.73
 778.00  56.62  -9.73
 779.00 -145.99  57.99
 780.00 -51.72  27.30
 781.00 -53.89 -61.29
 782.00 -68.69 -32.54
 783.00 -63.68 -46.77
 784.00 -55.06 -49.60
 785.00 -68.03 -37.85
 786.00 -69.86 -37.20
 787.00 -56.43 -46.77
 788.00 -58.79 -39.34
 789.00 -71.87 -33.74
 790.00 -61.64 -49.75
 791.00 -55.16 -37.67
 792.00 -62.51 -40.64
 793.00 -75.41 -33.61
 794.00 -75.34 -24.82
 795.00 -59.94 -39.36
 796.00 -80.79 -41.14
 797.00  49.01 -14.31
 798.00 -63.93  60.64
 799.00 -91.19 133.06
 800.00 -42.21 147.05
 801.00 -69.44 -42.96
 802.00 -74.47 -30.25
 803.00 -58.67 -45.16
 804.00 -62.82 -47.22
 805.00 -62.97 -37.89
 806.00 -62.58 -49.32
 807.00 -64.94 -44.25
 808.00 -69.53 -38.14
 809.00 -67.67 -36.26
 810.00 -62.26 -29.77
 811.00 -67.43 -27.30
 812.00 -112.40 -20.15
 813.00 -137.75  47.61
 814.00 -144.81  -6.11
 815.00 -147.42 120.27
 816.00 -60.81 168.59
 817.00 -55.23 144.17
 818.00 -97.56 -33.60
 819.00  80.42  10.59
 820.00 -84.98 160.42
 821.00 -87.15 -175.73
 822.00 -121.48 -13.42
 823.00 -68.57  33.58
 824.00 -69.12 -32.91
 825.00 -80.19 -27.23
 826.00 -47.77 -45.80
 827.00 -63.38 -53.12
 828.00 -54.21 -42.55
 829.00 -66.64 -45.65
 830.00 -64.30 -38.72
 831.00 -63.50 -54.80
 832.00 -58.64 -28.42
 833.00 -67.17 -49.50
 834.00 -71.91 -22.49
 835.00 -53.78 -49.62
 836.00 -68.15 -47.32
 837.00 -68.83 -33.17
 838.00 -68.24 -40.22
 839.00 -96.35   0.73
 840.00 -134.41 -20.10
 841.00 -49.09  -2.92
 842.00 -78.18 134.64
 843.00 -167.34  95.04
 844.00 -79.94 155.49
 845.00 -64.96 128.77
 846.00 -69.00 -57.19
 847.00 -81.79 -22.73
 848.00 -73.68 150.73
 849.00 -128.73 -27.74
 850.00 -53.18 -11.63
 851.00 -99.64 -39.80
 852.00 -56.73 -40.53
 853.00 -60.47 -34.07
 854.00 -52.37 -50.67
 855.00 -70.35 -47.92
 856.00 -59.44 -44.55
 857.00 -66.59 -41.08
 858.00 -73.80 -43.42
 859.00 -66.79 -31.90
 860.00 -74.21 -48.66
 861.00 -65.56 -22.08
 862.00 -62.92 -44.14
 863.00 -65.44 -39.50
 864.00 -73.24 -30.06
 865.00 -67.80 -17.72
 866.00 -67.30 -32.74
 867.00 -53.81 -41.69
 868.00 -67.77 -37.80
 869.00 -70.92 -50.71
 870.00 -66.17 -24.44
 871.00 -53.71 -56.33
 872.00 -60.56 -47.47
 873.00 -62.29 -42.86
 874.00 -51.82 -46.59
 875.00 -66.78 -45.80
 876.00 -79.55 -45.17
 877.00 -59.22 -30.03
 878.00 -53.79 -52.47
 879.00 -66.56 -46.98
 880.00 -71.56 -29.00
 881.00 -68.31 -42.77
 882.00 -75.22 -52.14
 883.00 -59.42  12.12
 884.00 -57.70 -40.66
 885.00 -65.52 -48.20
 886.00 -98.26 -36.87
 887.00  71.98  -3.54
 888.00 -84.87  12.95
 889.00 -106.66 132.48
 890.00 -134.30 143.90
 891.00 -70.16 142.95
 892.00 -55.21 130.17
 893.00 -68.73 -28.75
 894.00 -65.53 -52.67
 895.00 -68.42 -35.17
 896.00 -66.61 -27.16
 897.00 -73.00 -33.79
 898.00 -70.74 -41.41
 899.00 -79.22 -47.62
 900.00 -97.92 -24.91
 901.00 -85.43 -48.07
 902.00 -59.65 -46.56
 903.00 -38.72 -39.51
 904.00 -69.15 -30.48
 905.00 -70.27 -40.94
 906.00 -72.77 -36.24
 907.00 -71.67 -42.04
 908.00  86.40  -9.25
 909.00 -83.73   6.27
 910.00 -126.77 -11.09
 911.00 -134.06 126.86
 912.00 -65.98 148.58
 913.00 -111.70 174.78
 914.00 -94.06 119.94
 915.00 -71.24 127.01
 916.00 -154.17 -16.14
 917.00 -75.64 149.91


