 residuo Phi Psi
 669.00 -66.29 134.28
 670.00 -65.11 132.07
 671.00 -131.71 141.14
 672.00 -51.60  -7.42
 673.00 -58.54 -49.71
 674.00 -70.79 -45.86
 675.00 -73.26 -30.26
 676.00 -53.27 -48.28
 677.00 -76.60 -38.82
 678.00 -72.49 -27.81
 679.00 -83.44 -38.62
 680.00 -55.76 -14.70
 681.00 -81.73 120.98
 682.00 -55.29 147.79
 683.00 -63.54 155.69
 684.00 -80.18 118.78
 685.00 -72.82 126.52
 686.00 -79.37 149.43
 687.00  72.11  -7.80
 688.00 -65.41  22.89
 689.00 -131.64 149.45
 690.00 -62.25 108.73
 691.00 -69.60  -6.40
 692.00 -60.84 -25.01
 693.00 -75.77 135.38
 694.00 -83.40 146.36
 695.00 -146.14  83.14
 696.00 -54.96 163.87
 697.00 -64.55 -57.45
 698.00 -70.58 -35.26
 699.00 -55.01 -48.36
 700.00 -66.12 -45.35
 701.00 -61.04 -54.73
 702.00 -71.86 -25.82
 703.00 -59.89 -39.42
 704.00 -61.77 -41.70
 705.00 -70.36 -36.91
 706.00 -62.64 -43.82
 707.00 -52.71 -37.11
 708.00 -65.53 -46.72
 709.00 -64.55 -44.82
 710.00 -79.14 -30.21
 711.00 -63.25 -41.38
 712.00 -54.18 -43.22
 713.00 -76.25 -37.48
 714.00 -70.25 -33.77
 715.00 -57.93 -41.70
 716.00 -54.17 -50.47
 717.00 -63.14 -50.23
 718.00 -74.77 -37.32
 719.00 -57.49 -36.54
 720.00 -118.93 -14.51
 721.00 -68.44   7.20
 722.00 -63.69 149.62
 723.00  72.30 114.58
 724.00 -63.94  -2.62
 725.00 -70.90 -25.74
 726.00 -65.68 -15.44
 727.00 -78.51 -18.16
 728.00 -63.11 146.18
 729.00 -65.31 145.16
 730.00 -78.60 -22.95
 731.00 -71.96 -29.56
 732.00 -53.78 -47.55
 733.00 -50.65 -58.97
 734.00 -46.95 -49.71
 735.00 -69.10 -58.34
 736.00 -59.49 -33.65
 737.00 -64.49 -47.77
 738.00 -101.52 -20.10
 739.00 -61.45 -38.81
 740.00 -44.69 -28.36
 741.00 -65.23 -47.11
 742.00 -48.90 -64.07
 743.00 -52.84 -52.63
 744.00 -68.47 -56.15
 745.00 -64.03 -38.42
 746.00 -65.60 -40.94
 747.00 -67.97 -40.06
 748.00 -65.77 -38.12
 749.00 -50.57 -42.31
 750.00 -70.87 -43.33
 751.00 -49.13 -56.87
 752.00 -69.49 -35.62
 753.00 -54.61 -55.08
 754.00 -58.25 -46.73
 755.00 -104.73 -52.88
 756.00 -138.88 -21.25
 757.00  54.90  18.49
 758.00  58.85  36.40
 759.00 -71.02 -12.16
 760.00 -117.97 -28.22
 761.00 -100.98 158.38
 762.00 -90.97 104.88
 763.00 -66.43  71.46
 764.00 -163.86 -40.35
 765.00 -61.87 157.58
 766.00 -84.78 -29.54
 767.00 -155.24   6.21
 768.00 -91.04  60.16
 769.00 -92.40 121.99
 770.00 -81.14 113.22
 771.00 -51.52 -175.39
 772.00 -82.63 -37.63
 773.00 -66.28 -35.75
 774.00 -68.00 -25.09
 775.00 -86.38 -33.25
 776.00 -79.53 -31.75
 777.00 -75.37 -27.36
 778.00  68.35  -2.82
 779.00 -77.94 -41.89
 780.00 -43.25  36.41
 781.00 -59.35 -49.99
 782.00 -72.83 -37.44
 783.00 -60.39 -42.96
 784.00 -84.38 -27.23
 785.00 -55.21 -34.29
 786.00 -69.15 -37.54
 787.00 -67.22 -48.37
 788.00 -77.05 -22.80
 789.00 -65.70 -31.97
 790.00 -57.23 -45.89
 791.00 -54.17 -47.54
 792.00 -58.53 -42.49
 793.00 -65.62 -33.14
 794.00 -65.05 -43.87
 795.00 -69.77 -38.96
 796.00 -73.23 -43.07
 797.00  49.27 -22.05
 798.00 -57.89  67.50
 799.00 -97.54 137.30
 800.00 -50.72 157.16
 801.00 -66.63 -37.70
 802.00 -71.36 -41.44
 803.00 -61.28 -40.10
 804.00 -65.01 -47.04
 805.00 -79.90 -40.30
 806.00 -78.17 -28.69
 807.00 -61.86 -35.09
 808.00 -54.74 -41.53
 809.00 -56.37 -52.16
 810.00 -73.98 -33.21
 811.00 -86.15  -5.77
 812.00 -116.16 -12.57
 813.00 -149.56  56.49
 814.00 -146.19 -14.07
 815.00 -150.08 137.87
 816.00 -66.07 163.40
 817.00 -59.46 137.36
 818.00 -64.55 -34.62
 819.00  84.80 -10.39
 820.00 -64.17 147.53
 821.00 -79.40 172.83
 822.00 -115.26 -24.14
 823.00 -45.06  48.34
 824.00 -71.37 -36.47
 825.00 -73.08 -33.93
 826.00 -53.31 -51.67
 827.00 -52.39 -49.26
 828.00 -68.76 -46.42
 829.00 -71.02 -31.72
 830.00 -62.90 -42.56
 831.00 -66.93 -43.26
 832.00 -55.25 -42.91
 833.00 -72.35 -44.52
 834.00 -53.62 -37.83
 835.00 -60.35 -56.44
 836.00 -69.79 -40.50
 837.00 -59.82 -39.47
 838.00 -73.98 -36.28
 839.00 -80.71 -12.35
 840.00 -107.81 -36.68
 841.00 -70.59  10.10
 842.00 -71.21 153.54
 843.00 -155.21  94.45
 844.00 -60.26 140.98
 845.00 -68.73 103.62
 846.00 -69.38 -12.84
 847.00 -139.30 -23.40
 848.00 -54.39  84.44
 849.00 -59.96 -12.23
 850.00 -69.37 -35.15
 851.00 -67.49 -29.72
 852.00 -48.02 -59.71
 853.00 -64.42 -44.96
 854.00 -62.33 -42.90
 855.00 -67.21 -47.70
 856.00 -57.10 -37.33
 857.00 -69.27 -41.27
 858.00 -64.80 -43.23
 859.00 -70.40 -38.72
 860.00 -61.23 -31.86
 861.00 -60.59 -34.51
 862.00 -59.93 -58.35
 863.00 -63.86 -34.34
 864.00 -78.58 -28.76
 865.00 -73.10 -19.88
 866.00 -56.43 -34.47
 867.00 -60.09 -56.52
 868.00 -71.83 -27.55
 869.00 -64.65 -34.42
 870.00 -63.19 -33.04
 871.00 -69.33 -37.94
 872.00 -72.73 -52.23
 873.00 -72.13 -21.00
 874.00 -60.71 -52.60
 875.00 -86.00 -16.61
 876.00 -59.40 -53.81
 877.00 -56.23 -40.58
 878.00 -75.34 -44.99
 879.00 -89.41 -10.63
 880.00 -65.72 -41.68
 881.00 -75.28 -35.45
 882.00 -121.08  -9.53
 883.00 -50.10  16.43
 884.00 -47.84 -54.44
 885.00 -73.25 -45.12
 886.00 -88.13 -46.03
 887.00  44.62  18.65
 888.00 -66.14  10.89
 889.00 -122.54 140.81
 890.00 -123.41 150.68
 891.00 -54.60 137.68
 892.00 -61.44 142.37
 893.00 -60.72 -37.78
 894.00 -70.58 -34.56
 895.00 -74.18 -35.62
 896.00 -69.13 -19.48
 897.00 -61.42 -45.06
 898.00 -87.52 -34.56
 899.00 -82.47 -36.09
 900.00 -115.60 -20.88
 901.00 -93.32 -41.07
 902.00 -64.15 -36.20
 903.00 -44.83 -34.58
 904.00 -65.74 -39.89
 905.00 -66.56 -38.32
 906.00 -71.80 -48.02
 907.00 -113.25 -16.43
 908.00  50.59  21.99
 909.00 -57.51  10.58
 910.00 -128.50 -26.95
 911.00 -153.30 133.73
 912.00 -72.17 156.42
 913.00 -96.39 162.05
 914.00 -93.41 123.63
 915.00 -65.26 130.37
 916.00 -100.81 -46.99
 917.00 -85.63  75.55


