 residuo Phi Psi
 669.00 -60.07 145.22
 670.00 -61.08 149.16
 671.00 -66.89 154.89
 672.00 -74.17 -28.48
 673.00 -61.15 -56.70
 674.00 -61.10 -37.57
 675.00 -85.40 -37.26
 676.00 -69.35 -29.52
 677.00 -64.22 -43.07
 678.00 -71.48 -26.92
 679.00 -78.27 -39.58
 680.00 -61.12 -10.39
 681.00 -67.35 125.90
 682.00 -64.97 167.07
 683.00 -59.43 147.56
 684.00 -101.84 131.30
 685.00 -93.60 152.91
 686.00 -78.07 153.99
 687.00  64.08  -9.91
 688.00 -69.64  23.60
 689.00 -106.14 155.60
 690.00 -85.46 127.59
 691.00 -82.91 -12.58
 692.00 -67.67 -18.82
 693.00 -71.18 159.30
 694.00 -77.05 153.86
 695.00 -156.74 140.26
 696.00 -65.59 160.03
 697.00 -63.99 -67.06
 698.00 -63.05 -27.64
 699.00 -52.35 -58.09
 700.00 -67.74 -47.76
 701.00 -54.67 -41.64
 702.00 -72.04 -35.38
 703.00 -70.02 -40.83
 704.00 -84.68 -28.31
 705.00 -59.03 -32.24
 706.00 -64.70 -37.86
 707.00 -50.15 -30.25
 708.00 -62.44 -57.60
 709.00 -67.36 -43.37
 710.00 -72.14 -29.18
 711.00 -54.86 -46.50
 712.00 -64.38 -32.53
 713.00 -66.96 -40.28
 714.00 -59.78 -48.50
 715.00 -80.01 -39.34
 716.00 -55.30 -42.65
 717.00 -62.97 -47.46
 718.00 -60.05 -51.90
 719.00 -61.79 -40.22
 720.00 -122.15 -11.89
 721.00 -64.52  -4.35
 722.00 -65.36 129.92
 723.00  89.75 132.40
 724.00 -63.37 -26.64
 725.00 -73.33 -27.51
 726.00 -60.77  -5.32
 727.00 -79.05 -27.25
 728.00 -79.51 146.33
 729.00 -44.30 154.39
 730.00 -55.81 -45.56
 731.00 -59.87 -57.38
 732.00 -59.26 -33.15
 733.00 -59.92 -45.52
 734.00 -71.22 -33.70
 735.00 -59.37 -54.33
 736.00 -65.71 -34.15
 737.00 -77.85 -49.00
 738.00 -77.84 -15.75
 739.00 -94.96 -37.24
 740.00 -60.65 -16.78
 741.00 -76.92 -27.02
 742.00 -53.88 -54.30
 743.00 -61.69 -44.77
 744.00 -68.97 -44.95
 745.00 -70.13 -47.32
 746.00 -75.37 -31.56
 747.00 -65.58 -38.69
 748.00 -73.60 -34.06
 749.00 -54.41 -32.67
 750.00 -58.33 -60.33
 751.00 -58.44 -48.60
 752.00 -68.80 -31.88
 753.00 -55.46 -47.52
 754.00 -69.36 -51.22
 755.00 -85.28 -50.37
 756.00 -146.55 -27.88
 757.00  26.62  31.15
 758.00  65.73  43.99
 759.00 -56.81   5.96
 760.00 -139.38 -27.21
 761.00 -94.37 168.17
 762.00 -87.78 122.81
 763.00 -60.98  54.64
 764.00 -158.03 -30.33
 765.00 -66.84 172.51
 766.00 -104.01 -16.49
 767.00 -93.98 -48.04
 768.00 -103.93  86.47
 769.00 -95.84 130.19
 770.00 -59.90  96.22
 771.00 -63.05 167.43
 772.00 -66.56 -32.44
 773.00 -62.02 -38.94
 774.00 -57.83 -38.57
 775.00 -63.35 -41.08
 776.00 -65.51 -51.07
 777.00 -72.03 -38.58
 778.00  48.21  -0.48
 779.00 -154.46  57.27
 780.00 -49.37  25.92
 781.00 -76.21 -38.78
 782.00 -71.85 -28.39
 783.00 -55.66 -46.16
 784.00 -61.71 -40.89
 785.00 -58.84 -44.36
 786.00 -73.72 -39.82
 787.00 -75.27 -30.97
 788.00 -61.66 -37.24
 789.00 -62.56 -37.90
 790.00 -47.47 -49.64
 791.00 -69.70 -49.70
 792.00 -67.55 -24.58
 793.00 -55.22 -36.01
 794.00 -74.01 -37.04
 795.00 -74.12 -33.65
 796.00 -113.94 -15.42
 797.00  39.86  15.63
 798.00 -66.62  54.50
 799.00 -97.14 142.82
 800.00 -53.04 154.70
 801.00 -58.01 -36.79
 802.00 -79.51 -39.54
 803.00 -54.60 -44.09
 804.00 -62.81 -53.83
 805.00 -65.21 -35.00
 806.00 -54.83 -41.66
 807.00 -70.15 -38.28
 808.00 -62.76 -35.15
 809.00 -57.22 -51.11
 810.00 -58.32 -28.74
 811.00 -65.43 -38.09
 812.00 -124.59 -12.81
 813.00 -138.38  40.17
 814.00 -157.42  11.92
 815.00 -147.50 123.33
 816.00 -57.83 154.33
 817.00 -75.28 159.74
 818.00 -89.20 -33.61
 819.00  70.67  19.19
 820.00 -64.43 172.24
 821.00 -56.26 157.69
 822.00 -94.98 -39.90
 823.00 -69.74  49.10
 824.00 -59.76 -32.53
 825.00 -64.42 -39.85
 826.00 -50.93 -52.73
 827.00 -62.48 -46.06
 828.00 -58.71 -39.50
 829.00 -45.96 -62.24
 830.00 -65.20 -43.52
 831.00 -66.66 -47.70
 832.00 -64.45 -39.72
 833.00 -66.28 -42.72
 834.00 -65.52 -39.79
 835.00 -77.35 -28.00
 836.00 -60.05 -35.99
 837.00 -69.20 -39.19
 838.00 -58.92 -47.73
 839.00 -82.64 -16.54
 840.00 -99.59 -40.96
 841.00 -66.22   4.73
 842.00 -78.88 133.93
 843.00 -71.17  17.10
 844.00 -89.52 162.61
 845.00 -54.53 106.67
 846.00 -64.82  -9.30
 847.00 -121.92 -26.09
 848.00 -60.90  77.11
 849.00 -69.51 -22.03
 850.00 -63.75 -27.55
 851.00 -70.70 -37.56
 852.00 -77.90 -29.72
 853.00 -70.20 -37.49
 854.00 -52.95 -55.06
 855.00 -57.71 -39.58
 856.00 -57.76 -39.88
 857.00 -67.65 -41.81
 858.00 -65.63 -42.12
 859.00 -65.67 -41.10
 860.00 -58.52 -41.56
 861.00 -65.62 -41.27
 862.00 -59.98 -43.36
 863.00 -68.47 -36.80
 864.00 -66.80 -38.72
 865.00 -77.05 -31.70
 866.00 -65.39 -35.52
 867.00 -72.78 -31.63
 868.00 -68.15 -30.41
 869.00 -70.38 -43.04
 870.00 -55.74 -28.12
 871.00 -58.64 -55.20
 872.00 -82.54 -34.86
 873.00 -61.80 -36.20
 874.00 -62.77 -48.22
 875.00 -58.82 -42.12
 876.00 -68.07 -40.34
 877.00 -59.20 -41.77
 878.00 -55.61 -52.38
 879.00 -78.99 -40.45
 880.00 -60.52 -33.53
 881.00 -53.61 -42.89
 882.00 -90.82 -41.98
 883.00 -47.61  12.61
 884.00 -60.38 -53.48
 885.00 -58.97 -53.29
 886.00 -101.26 -30.42
 887.00  50.99   9.81
 888.00 -75.02  25.69
 889.00 -70.49 131.36
 890.00 -148.05 150.19
 891.00 -67.60 111.67
 892.00 -54.22 133.21
 893.00 -72.44 -40.59
 894.00 -102.25  -9.90
 895.00 -55.01 -38.41
 896.00 -54.48 -43.12
 897.00 -65.18 -44.36
 898.00 -66.36 -38.66
 899.00 -82.73 -34.06
 900.00 -87.70 -42.59
 901.00 -95.61 -53.71
 902.00 -64.33 -29.63
 903.00 -44.79 -42.30
 904.00 -73.78 -31.88
 905.00 -64.93 -42.61
 906.00 -82.77 -42.32
 907.00 -78.19 -36.64
 908.00  98.91 -16.68
 909.00 -82.67  13.76
 910.00 -122.99 -13.11
 911.00 -140.09 134.96
 912.00 -54.61 126.62
 913.00 -88.92 153.75
 914.00 -61.38  70.96
 915.00 -112.68 133.36
 916.00 -103.70 -35.78
 917.00 -80.63   4.99


