 residuo Phi Psi
 669.00 -56.64 141.07
 670.00 -64.74 132.38
 671.00 -146.21 146.73
 672.00 -59.97 -16.28
 673.00 -62.50 -44.37
 674.00 -75.27 -32.39
 675.00 -58.97 -32.67
 676.00 -72.50 -50.63
 677.00 -72.42 -35.99
 678.00 -69.30 -27.66
 679.00 -81.17 -42.36
 680.00 -55.04 -20.81
 681.00 -81.57 117.93
 682.00 -71.79 164.45
 683.00 -78.61 175.84
 684.00 -79.77 123.64
 685.00 -78.43 126.66
 686.00 -73.82 150.42
 687.00  88.23 -30.08
 688.00 -66.06  14.72
 689.00 -91.55 127.84
 690.00 -59.17 121.63
 691.00 -59.89 -17.88
 692.00 -69.89 -16.89
 693.00 -58.76 131.93
 694.00 -76.63 157.56
 695.00 -75.08  46.64
 696.00 -55.27 156.43
 697.00 -56.45 -38.37
 698.00 -57.18 -64.39
 699.00 -57.09 -59.63
 700.00 -80.60 -37.39
 701.00 -67.78 -20.31
 702.00 -73.27 -37.28
 703.00 -70.30 -41.72
 704.00 -54.53 -37.45
 705.00 -73.76 -40.89
 706.00 -58.95 -44.23
 707.00 -69.51 -32.02
 708.00 -66.07 -32.85
 709.00 -62.68 -49.78
 710.00 -70.68 -35.23
 711.00 -52.05 -43.73
 712.00 -69.16 -40.62
 713.00 -73.45 -40.93
 714.00 -78.83 -29.28
 715.00 -60.43 -39.05
 716.00 -78.96 -34.83
 717.00 -68.98 -36.58
 718.00 -54.22 -37.62
 719.00 -70.80 -43.17
 720.00 -109.60  -6.32
 721.00 -65.81   0.92
 722.00 -65.84 145.41
 723.00  61.43 135.84
 724.00 -40.51 -28.48
 725.00 -63.75 -42.24
 726.00 -67.28 -13.24
 727.00 -49.94 -30.43
 728.00 -59.35 143.85
 729.00 -55.42 145.83
 730.00 -80.65 -42.63
 731.00 -81.64 -16.61
 732.00 -56.46 -38.00
 733.00 -77.26 -41.88
 734.00 -69.34 -27.32
 735.00 -67.44 -44.88
 736.00 -60.78 -32.11
 737.00 -57.04 -50.75
 738.00 -74.52 -49.06
 739.00 -72.27 -41.19
 740.00 -61.07   7.63
 741.00 -73.00 -51.94
 742.00 -45.60 -56.88
 743.00 -58.94 -42.31
 744.00 -76.80 -52.14
 745.00 -61.86 -32.29
 746.00 -52.53 -58.44
 747.00 -55.97 -51.35
 748.00 -71.34 -45.13
 749.00 -72.15 -25.12
 750.00 -61.72 -38.40
 751.00 -62.39 -44.76
 752.00 -73.24 -35.00
 753.00 -52.26 -46.75
 754.00 -84.68 -52.33
 755.00 -134.96 -10.44
 756.00 -140.14 -16.01
 757.00  49.05  20.33
 758.00  65.71  38.86
 759.00 -65.13   6.69
 760.00 -100.00 -55.71
 761.00 -89.80 157.38
 762.00 -98.18 108.01
 763.00 -47.03  58.59
 764.00 -152.36 -56.32
 765.00 -73.26 157.70
 766.00 -94.21 -14.78
 767.00 -127.94  -5.38
 768.00 -60.82  37.42
 769.00 -111.60 139.62
 770.00 -66.36 120.57
 771.00 -62.29 -170.88
 772.00 -55.17 -45.19
 773.00 -51.34 -49.43
 774.00 -72.76 -47.60
 775.00 -78.09 -16.95
 776.00 -58.44 -51.43
 777.00 -69.94 -39.90
 778.00  55.70  -1.25
 779.00 -131.61  32.41
 780.00 -68.86  24.13
 781.00 -40.81 -49.44
 782.00 -72.77 -43.06
 783.00 -69.07 -41.96
 784.00 -61.43 -24.15
 785.00 -66.02 -44.64
 786.00 -64.46 -32.53
 787.00 -65.69 -45.03
 788.00 -78.01 -32.38
 789.00 -76.35 -16.22
 790.00 -47.10 -52.57
 791.00 -59.69 -53.72
 792.00 -87.24 -17.72
 793.00 -50.28 -26.37
 794.00 -66.07 -42.95
 795.00 -58.67 -62.11
 796.00 -70.66 -35.97
 797.00  53.12 -24.79
 798.00 -69.43  69.60
 799.00 -67.30 121.04
 800.00 -68.87 160.33
 801.00 -57.83 -29.62
 802.00 -77.71 -40.86
 803.00 -54.15 -43.44
 804.00 -55.40 -45.51
 805.00 -76.82 -52.24
 806.00 -56.07 -37.84
 807.00 -56.71 -52.42
 808.00 -55.40 -40.27
 809.00 -60.09 -58.67
 810.00 -69.01 -19.43
 811.00 -58.12 -30.26
 812.00 -109.41 -26.97
 813.00 -119.30  33.53
 814.00 -157.89  13.09
 815.00 -151.78 134.02
 816.00 -61.26 173.45
 817.00 -54.99 162.83
 818.00 -81.59 -36.33
 819.00  68.31 -11.79
 820.00 -133.24 -138.13
 821.00 -62.93 169.25
 822.00 -118.60 -42.65
 823.00 -60.34  62.92
 824.00 -41.00 -39.67
 825.00 -75.03 -43.52
 826.00 -63.97 -36.26
 827.00 -69.13 -46.62
 828.00 -64.66 -36.93
 829.00 -64.18 -44.04
 830.00 -63.47 -45.01
 831.00 -69.41 -32.22
 832.00 -53.33 -46.18
 833.00 -71.22 -44.06
 834.00 -70.68 -24.03
 835.00 -56.91 -55.12
 836.00 -71.12 -41.68
 837.00 -81.97 -22.66
 838.00 -68.98 -37.31
 839.00 -72.06 -17.52
 840.00 -108.81 -42.41
 841.00 -69.59  17.34
 842.00 -82.81 133.44
 843.00 -158.17  99.12
 844.00 -79.06 166.62
 845.00 -45.12  80.54
 846.00 -59.36 -25.82
 847.00 -131.97 -23.58
 848.00 -59.45  73.39
 849.00 -55.94 -19.94
 850.00 -61.68 -36.12
 851.00 -89.02 -32.96
 852.00 -65.46 -26.18
 853.00 -71.77 -29.07
 854.00 -47.42 -52.40
 855.00 -65.59 -52.18
 856.00 -64.15 -42.88
 857.00 -78.83 -27.31
 858.00 -57.51 -35.29
 859.00 -58.27 -55.91
 860.00 -60.05 -37.64
 861.00 -54.81 -48.19
 862.00 -69.91 -53.22
 863.00 -56.43 -43.72
 864.00 -78.45 -21.42
 865.00 -75.42 -21.95
 866.00 -60.76 -33.61
 867.00 -63.79 -51.36
 868.00 -82.48 -14.83
 869.00 -61.87 -38.32
 870.00 -65.24 -36.49
 871.00 -60.78 -37.00
 872.00 -64.81 -58.32
 873.00 -48.28 -38.15
 874.00 -62.39 -50.95
 875.00 -59.16 -44.92
 876.00 -64.97 -54.92
 877.00 -59.26 -35.73
 878.00 -70.95 -46.70
 879.00 -55.13 -34.75
 880.00 -64.48 -57.26
 881.00 -68.82 -35.44
 882.00 -115.89 -16.62
 883.00 -70.57   3.52
 884.00 -63.85 -32.06
 885.00 -76.63 -35.46
 886.00 -88.23 -46.34
 887.00  59.28  17.49
 888.00 -94.30  34.33
 889.00 -95.64 123.96
 890.00 -124.71 144.87
 891.00 -62.66 131.56
 892.00 -73.65 151.76
 893.00 -60.42 -46.80
 894.00 -83.69 -22.98
 895.00 -59.67 -44.49
 896.00 -59.98 -35.05
 897.00 -47.31 -51.43
 898.00 -78.62 -53.65
 899.00 -96.66 -19.98
 900.00 -109.71 -20.64
 901.00 -83.02 -55.41
 902.00 -55.57 -46.28
 903.00 -71.25 -39.20
 904.00 -76.05 -14.49
 905.00 -75.26 -35.08
 906.00 -87.33 -18.42
 907.00 -80.56 -33.22
 908.00  84.15 -14.84
 909.00 -61.57  -6.03
 910.00 -115.48 -19.92
 911.00 -137.95 126.56
 912.00 -63.69 136.47
 913.00 -87.91 158.51
 914.00 -79.49 116.92
 915.00 -84.60 155.15
 916.00 -111.40 -40.78
 917.00 -79.16 141.01


