 residuo Phi Psi
 669.00 -56.39 170.65
 670.00 -73.05 136.99
 671.00 -46.26 146.79
 672.00 -43.82 -56.18
 673.00 -79.43 -42.04
 674.00 -68.03 -12.18
 675.00 -73.44 -41.58
 676.00 -48.03 -44.81
 677.00 -78.40 -42.61
 678.00 -82.37 -32.75
 679.00 -93.48 -28.96
 680.00 -67.03   5.79
 681.00 -66.55 128.29
 682.00 -61.33 137.09
 683.00 -76.26 151.52
 684.00 -66.05  81.11
 685.00 -74.53 142.89
 686.00 -92.07 165.36
 687.00  66.98  -2.14
 688.00 -74.38  12.05
 689.00 -111.00 149.15
 690.00 -72.26  97.43
 691.00 -87.98   9.06
 692.00 -85.50 -26.99
 693.00 -57.83 152.74
 694.00 -77.48 160.87
 695.00 -150.81 134.27
 696.00 -48.01 154.07
 697.00 -73.25 -60.09
 698.00 -75.15 -32.69
 699.00 -59.19 -36.32
 700.00 -63.89 -52.25
 701.00 -65.61 -34.83
 702.00 -68.75 -42.22
 703.00 -74.73 -30.07
 704.00 -74.41 -36.62
 705.00 -77.55 -25.45
 706.00 -61.40 -48.36
 707.00 -56.34 -25.56
 708.00 -70.68 -50.76
 709.00 -68.97 -40.82
 710.00 -62.12 -38.66
 711.00 -67.58 -38.27
 712.00 -55.65 -44.39
 713.00 -61.67 -37.58
 714.00 -54.62 -52.31
 715.00 -63.14 -50.81
 716.00 -59.09 -39.40
 717.00 -74.91 -40.06
 718.00 -65.08 -42.60
 719.00 -54.93 -39.05
 720.00 -116.10 -17.13
 721.00 -59.69 -16.89
 722.00 -50.11 128.05
 723.00  71.81 147.64
 724.00 -54.21 -32.86
 725.00 -65.09 -25.76
 726.00 -66.75 -19.99
 727.00 -67.40 -31.38
 728.00 -70.47 131.40
 729.00 -53.75 161.37
 730.00 -58.41 -44.17
 731.00 -91.28 -25.97
 732.00 -54.33 -43.08
 733.00 -52.83 -50.31
 734.00 -49.42 -54.58
 735.00 -82.72 -62.70
 736.00 -74.53 -15.88
 737.00 -83.82 -32.82
 738.00 -114.19   3.43
 739.00 -88.78 -33.99
 740.00 -44.59 -12.56
 741.00 -65.86 -49.21
 742.00 -63.15 -42.13
 743.00 -61.01 -46.53
 744.00 -68.26 -35.88
 745.00 -50.16 -62.53
 746.00 -78.92 -33.68
 747.00 -73.26 -36.55
 748.00 -67.25 -35.54
 749.00 -57.52 -41.38
 750.00 -41.42 -47.29
 751.00 -64.18 -58.15
 752.00 -65.25 -34.67
 753.00 -62.54 -45.13
 754.00 -80.47 -50.77
 755.00 -80.64 -48.92
 756.00 -155.57 -22.14
 757.00  53.98  22.83
 758.00  66.41  34.02
 759.00 -90.00  20.21
 760.00 -153.71 -18.69
 761.00 -106.26 163.92
 762.00 -111.50 135.39
 763.00 -63.62  63.43
 764.00 -160.37 -47.69
 765.00 -62.18 152.28
 766.00 -95.59 -22.95
 767.00 -123.88 -25.87
 768.00 -99.36  83.08
 769.00 -99.96 138.33
 770.00 -121.25 126.47
 771.00 -51.86 174.62
 772.00 -74.66 -34.94
 773.00 -66.90 -35.29
 774.00 -50.44 -48.28
 775.00 -71.34 -42.48
 776.00 -58.18 -64.62
 777.00 -67.45 -31.57
 778.00  59.61 -10.63
 779.00 -84.00  16.53
 780.00 -51.07   4.54
 781.00 -58.59 -51.81
 782.00 -48.55 -53.33
 783.00 -73.84 -44.38
 784.00 -60.21 -32.30
 785.00 -48.68 -49.21
 786.00 -71.59 -38.07
 787.00 -51.20 -33.45
 788.00 -61.52 -49.79
 789.00 -56.23 -51.17
 790.00 -74.07 -43.33
 791.00 -60.52 -43.83
 792.00 -80.78 -15.03
 793.00 -50.52 -40.35
 794.00 -58.43 -51.22
 795.00 -79.59 -32.11
 796.00 -79.72 -39.84
 797.00  50.60 -23.38
 798.00 -82.96  77.74
 799.00 -74.18 131.82
 800.00 -62.44 157.66
 801.00 -74.60 -30.26
 802.00 -72.17 -38.06
 803.00 -66.53 -29.64
 804.00 -54.44 -55.25
 805.00 -81.01 -33.98
 806.00 -69.99 -35.41
 807.00 -61.37 -35.15
 808.00 -57.10 -50.64
 809.00 -56.34 -48.51
 810.00 -70.21 -28.05
 811.00 -62.73 -29.30
 812.00 -100.81 -33.55
 813.00 -155.83  55.53
 814.00 -143.55  18.47
 815.00 -142.72 128.28
 816.00 -70.54 141.58
 817.00 -69.60 152.74
 818.00 -57.12 -39.63
 819.00  77.56 -13.92
 820.00 -53.03 141.91
 821.00 -78.29 160.24
 822.00 -95.57 -37.05
 823.00 -56.99  30.84
 824.00 -66.71 -36.59
 825.00 -62.74 -48.24
 826.00 -62.90 -29.67
 827.00 -66.09 -36.52
 828.00 -77.99 -22.84
 829.00 -70.53 -26.15
 830.00 -55.02 -53.44
 831.00 -56.90 -51.97
 832.00 -78.25 -28.56
 833.00 -70.43 -40.53
 834.00 -67.73 -27.20
 835.00 -61.60 -55.01
 836.00 -70.46 -35.85
 837.00 -58.66 -31.83
 838.00 -57.41 -55.43
 839.00 -63.66 -31.82
 840.00 -132.74 -14.57
 841.00 -68.42  12.04
 842.00 -76.70 153.36
 843.00 -152.63  95.88
 844.00 -53.27 159.77
 845.00 -56.89  87.20
 846.00 -81.13 -29.48
 847.00 -131.45  -5.82
 848.00 -55.49  89.48
 849.00 -48.78 -36.54
 850.00 -69.05 -27.27
 851.00 -77.66 -41.78
 852.00 -66.05 -51.13
 853.00 -64.73 -26.66
 854.00 -53.08 -48.63
 855.00 -59.91 -57.46
 856.00 -49.21 -48.64
 857.00 -71.31 -43.71
 858.00 -69.56 -30.50
 859.00 -71.00 -36.58
 860.00 -56.67 -38.87
 861.00 -71.90 -45.21
 862.00 -57.92 -43.43
 863.00 -73.41 -32.73
 864.00 -64.30 -29.81
 865.00 -40.15 -43.18
 866.00 -57.24 -47.10
 867.00 -61.91 -51.99
 868.00 -74.47 -26.14
 869.00 -51.04 -49.54
 870.00 -46.40 -50.50
 871.00 -75.57 -42.54
 872.00 -76.78 -31.01
 873.00 -59.71 -28.47
 874.00 -61.12 -49.86
 875.00 -56.60 -43.68
 876.00 -53.62 -58.73
 877.00 -73.48 -34.93
 878.00 -88.65 -23.60
 879.00 -108.66  -1.00
 880.00 -55.49 -51.98
 881.00 -57.87 -33.18
 882.00 -128.25  -7.24
 883.00 -56.58  -1.49
 884.00 -80.38 -20.44
 885.00 -68.47 -44.87
 886.00 -110.83 -32.59
 887.00  57.60  13.56
 888.00 -96.65  42.12
 889.00 -97.05 133.83
 890.00 -123.00 131.73
 891.00 -51.35 115.24
 892.00 -62.77 126.41
 893.00 -60.41 -40.16
 894.00 -67.84 -40.65
 895.00 -68.39 -37.31
 896.00 -67.06 -31.18
 897.00 -68.72 -38.77
 898.00 -57.59 -44.27
 899.00 -73.65 -42.56
 900.00 -91.64 -47.05
 901.00 -96.91 -40.61
 902.00 -54.15 -44.98
 903.00 -57.33 -35.51
 904.00 -70.86 -28.86
 905.00 -57.82 -41.12
 906.00 -76.33 -45.95
 907.00 -58.44 -41.55
 908.00  63.77   2.85
 909.00 -77.09  17.99
 910.00 -128.24  -4.66
 911.00 -153.38 161.51
 912.00 -72.42 136.25
 913.00 -76.51 142.53
 914.00 -103.37 123.27
 915.00 -71.72 143.42
 916.00 -82.97 -53.05
 917.00 -82.46 128.50


