 residuo Phi Psi
 669.00 -60.60 131.60
 670.00 -82.95 130.02
 671.00 -54.07  54.53
 672.00 -64.49 -35.75
 673.00 -81.02 -40.66
 674.00 -62.37 -42.59
 675.00 -75.36 -33.52
 676.00 -54.07 -50.34
 677.00 -68.16 -49.57
 678.00 -92.44 -19.24
 679.00 -89.98 -39.17
 680.00 -70.88  11.42
 681.00 -56.21 141.24
 682.00 -80.70 132.72
 683.00 -45.48 -170.56
 684.00 -136.11 130.51
 685.00 -100.95 119.66
 686.00 -71.03 149.67
 687.00  78.14 -17.86
 688.00 -73.35  24.52
 689.00 -108.35 157.77
 690.00 -70.54 108.42
 691.00 -72.47  -7.50
 692.00 -89.97 -18.35
 693.00 -65.53 143.63
 694.00 -60.45 143.48
 695.00 -150.58 136.64
 696.00 -51.97 140.19
 697.00 -75.40 -65.73
 698.00 -62.11 -22.28
 699.00 -62.98 -50.59
 700.00 -69.60 -39.20
 701.00 -60.58 -41.52
 702.00 -58.29 -41.65
 703.00 -70.19 -44.37
 704.00 -66.17 -35.54
 705.00 -65.02 -40.20
 706.00 -62.78 -46.67
 707.00 -44.71 -33.19
 708.00 -71.98 -53.86
 709.00 -50.34 -50.14
 710.00 -74.43 -31.41
 711.00 -54.19 -44.98
 712.00 -58.98 -42.02
 713.00 -78.27 -37.64
 714.00 -60.10 -39.12
 715.00 -54.28 -43.37
 716.00 -71.84 -49.24
 717.00 -61.84 -37.85
 718.00 -63.25 -45.08
 719.00 -58.83 -36.25
 720.00 -78.58 -34.33
 721.00 -53.99 -22.60
 722.00 -72.73 145.49
 723.00  72.88 142.36
 724.00 -53.73  -4.73
 725.00 -70.63 -46.11
 726.00 -79.94  -4.82
 727.00 -86.53  -1.94
 728.00 -72.91 152.05
 729.00 -49.37 136.28
 730.00 -79.85 -31.30
 731.00 -74.71 -27.07
 732.00 -55.94 -36.91
 733.00 -77.00 -34.15
 734.00 -69.96 -29.48
 735.00 -54.75 -64.36
 736.00 -71.90 -32.33
 737.00 -57.92 -46.77
 738.00 -101.81 -17.25
 739.00 -82.06 -35.70
 740.00 -63.75  -9.61
 741.00 -67.85 -36.97
 742.00 -67.83 -53.50
 743.00 -60.97 -31.14
 744.00 -71.32 -55.31
 745.00 -68.42 -35.01
 746.00 -66.60 -22.50
 747.00 -55.63 -52.69
 748.00 -60.90 -51.01
 749.00 -57.18 -42.72
 750.00 -67.74 -41.23
 751.00 -58.12 -43.12
 752.00 -55.18 -49.67
 753.00 -59.18 -44.39
 754.00 -58.28 -61.58
 755.00 -81.79 -53.69
 756.00 -147.22 -25.60
 757.00  46.26  31.65
 758.00  66.30  37.62
 759.00 -76.04  -4.71
 760.00 -129.16 -22.77
 761.00 -89.97 139.86
 762.00 -82.31 107.06
 763.00 -41.08  55.18
 764.00 -155.92 -53.48
 765.00 -67.73 165.62
 766.00 -86.73 -30.87
 767.00 -129.42  -4.88
 768.00 -91.45  43.09
 769.00 -89.43 126.36
 770.00 -67.44  96.84
 771.00 -57.05 171.95
 772.00 -66.18 -39.55
 773.00 -64.54 -34.33
 774.00 -54.54 -48.13
 775.00 -60.31 -45.71
 776.00 -67.95 -52.12
 777.00 -71.28 -24.15
 778.00  56.45  -5.71
 779.00 -83.85 -21.84
 780.00 -37.03  24.09
 781.00 -70.76 -47.03
 782.00 -77.99 -27.52
 783.00 -69.21 -34.42
 784.00 -63.12 -35.95
 785.00 -71.70 -37.28
 786.00 -50.52 -48.48
 787.00 -58.97 -35.22
 788.00 -61.42 -54.65
 789.00 -91.61 -17.52
 790.00 -58.76 -38.01
 791.00 -63.44 -46.65
 792.00 -52.96 -10.32
 793.00 -58.90 -32.78
 794.00 -75.98 -43.04
 795.00 -69.74 -44.64
 796.00 -89.18 -29.34
 797.00  55.45 -15.86
 798.00 -78.01  61.17
 799.00 -69.46 129.96
 800.00 -54.42 153.52
 801.00 -80.15 -21.54
 802.00 -67.46 -50.36
 803.00 -63.33 -36.29
 804.00 -63.01 -51.26
 805.00 -75.26 -31.33
 806.00 -68.44 -34.44
 807.00 -58.60 -43.28
 808.00 -57.02 -41.58
 809.00 -65.10 -45.28
 810.00 -69.52 -27.60
 811.00 -72.77 -15.93
 812.00 -134.17 -10.29
 813.00 -95.67  17.14
 814.00 -141.72  -1.90
 815.00 -127.43 119.78
 816.00 -60.56 161.14
 817.00 -70.86 165.50
 818.00 -91.95 -36.70
 819.00  70.18   3.05
 820.00 -81.26 179.04
 821.00 -45.65 152.42
 822.00 -125.85 -34.23
 823.00 -77.68 114.49
 824.00 -61.83 -33.60
 825.00 -80.68 -35.92
 826.00 -52.06 -31.75
 827.00 -67.97 -54.40
 828.00 -64.89 -28.06
 829.00 -57.69 -47.82
 830.00 -65.86 -44.83
 831.00 -72.02 -46.94
 832.00 -69.41 -30.89
 833.00 -61.32 -42.90
 834.00 -62.10 -44.79
 835.00 -62.53 -42.61
 836.00 -78.59 -29.82
 837.00 -77.21 -17.58
 838.00 -62.19 -49.79
 839.00 -70.22 -19.04
 840.00 -132.40 -24.47
 841.00 -61.64  11.26
 842.00 -79.15 146.85
 843.00 -155.33 102.48
 844.00 -96.79 172.36
 845.00 -74.26 109.60
 846.00 -78.19   3.12
 847.00 -111.73 -20.65
 848.00 -60.72  83.21
 849.00 -56.63 -25.51
 850.00 -65.17 -42.63
 851.00 -69.21 -37.60
 852.00 -59.68 -39.99
 853.00 -77.64 -34.29
 854.00 -61.16 -36.21
 855.00 -55.96 -46.23
 856.00 -69.37 -48.26
 857.00 -71.15 -26.17
 858.00 -75.30 -29.79
 859.00 -72.33 -38.69
 860.00 -69.83 -26.91
 861.00 -58.87 -40.70
 862.00 -56.92 -51.43
 863.00 -59.16 -50.28
 864.00 -74.39 -27.56
 865.00 -70.90 -17.99
 866.00 -62.68 -36.02
 867.00 -74.57 -35.12
 868.00 -72.56 -31.01
 869.00 -61.26 -35.85
 870.00 -80.15 -40.44
 871.00 -55.90 -36.84
 872.00 -77.58 -38.69
 873.00 -60.78 -33.87
 874.00 -60.93 -47.19
 875.00 -69.60 -36.40
 876.00 -78.24 -48.63
 877.00 -70.42 -29.38
 878.00 -58.67 -30.92
 879.00 -76.92 -45.70
 880.00 -60.38 -36.75
 881.00 -66.64 -41.66
 882.00 -92.19 -31.18
 883.00 -64.68  11.14
 884.00 -99.13 -18.48
 885.00 -71.38 -19.99
 886.00 -76.65 -37.84
 887.00  65.58 -23.37
 888.00 -109.11  50.63
 889.00 -86.20 127.16
 890.00 -106.06 114.61
 891.00 -45.27 124.55
 892.00 -59.74 136.49
 893.00 -58.70 -40.96
 894.00 -82.90 -37.02
 895.00 -44.18 -53.70
 896.00 -77.89 -32.05
 897.00 -54.24 -45.70
 898.00 -76.60 -46.99
 899.00 -81.10 -39.19
 900.00 -101.82 -31.10
 901.00 -73.73 -57.74
 902.00 -70.57 -41.18
 903.00 -48.06 -33.89
 904.00 -68.66 -33.23
 905.00 -79.03 -28.69
 906.00 -62.77 -51.05
 907.00 -94.38 -26.13
 908.00  81.23   9.26
 909.00 -64.39  -8.92
 910.00 -132.11 -15.01
 911.00 -146.97 144.03
 912.00 -72.53 137.92
 913.00 -95.71 155.64
 914.00 -49.85  69.08
 915.00 -83.44 130.27
 916.00 -116.18 -30.11
 917.00 -93.21 159.31


