 residuo Phi Psi
 669.00 -90.06 130.86
 670.00 -72.69 152.56
 671.00 -144.06 158.67
 672.00 -60.87  -5.66
 673.00 -62.50 -48.02
 674.00 -76.61 -31.78
 675.00 -45.20 -43.99
 676.00 -66.72 -53.45
 677.00 -72.88 -32.92
 678.00 -70.30 -37.19
 679.00 -92.89 -32.18
 680.00 -66.56  -5.48
 681.00 -78.00 108.37
 682.00 -68.55 157.51
 683.00 -55.50 165.14
 684.00 -93.72 132.98
 685.00 -105.63 135.55
 686.00 -74.18 153.92
 687.00  75.63 -24.37
 688.00 -73.97  32.68
 689.00 -121.39 158.54
 690.00 -71.69  92.37
 691.00 -69.03   2.71
 692.00 -73.72 -39.25
 693.00 -80.01 160.70
 694.00 -57.20 141.10
 695.00 -152.70 136.27
 696.00 -57.30 168.51
 697.00 -68.98 -50.36
 698.00 -64.84 -39.25
 699.00 -76.72 -35.23
 700.00 -69.20 -50.08
 701.00 -60.57 -42.09
 702.00 -73.60 -41.84
 703.00 -77.79 -22.38
 704.00 -69.72 -31.05
 705.00 -66.70 -37.38
 706.00 -52.66 -45.01
 707.00 -61.60 -41.44
 708.00 -70.16 -37.60
 709.00 -63.91 -46.83
 710.00 -57.93 -42.95
 711.00 -48.22 -50.61
 712.00 -74.90 -38.67
 713.00 -53.61 -49.82
 714.00 -59.12 -39.31
 715.00 -57.15 -42.92
 716.00 -56.04 -47.32
 717.00 -57.85 -51.07
 718.00 -59.36 -54.47
 719.00 -59.44 -31.91
 720.00 -117.46 -20.01
 721.00 -45.22 -24.29
 722.00 -55.78 113.02
 723.00  65.08 141.30
 724.00 -35.82 -21.52
 725.00 -74.65 -37.87
 726.00 -60.10  -0.58
 727.00 -75.55 -33.11
 728.00 -59.05 141.60
 729.00 -54.66 164.97
 730.00 -81.11 -34.93
 731.00 -88.78 -15.95
 732.00 -54.36 -43.87
 733.00 -62.61 -46.16
 734.00 -64.79 -49.30
 735.00 -69.83 -47.75
 736.00 -74.39 -14.94
 737.00 -64.20 -56.33
 738.00 -95.37 -14.87
 739.00 -82.38 -42.38
 740.00 -38.45 -11.40
 741.00 -52.50 -61.59
 742.00 -55.82 -47.88
 743.00 -54.16 -53.84
 744.00 -66.01 -50.28
 745.00 -73.00 -49.04
 746.00 -72.47 -24.75
 747.00 -65.92 -46.75
 748.00 -66.25 -29.82
 749.00 -67.69 -34.41
 750.00 -68.30 -28.97
 751.00 -65.94 -40.40
 752.00 -64.30 -36.91
 753.00 -56.98 -45.93
 754.00 -56.57 -58.71
 755.00 -80.37 -53.59
 756.00 -132.91 -37.68
 757.00  55.96  16.39
 758.00  55.84  25.53
 759.00 -71.90  15.12
 760.00 -130.35 -21.32
 761.00 -109.01 175.07
 762.00 -95.08 108.11
 763.00 -71.31  76.41
 764.00 -150.53 -40.04
 765.00 -60.48 157.90
 766.00 -99.12 -21.98
 767.00 -118.75 -21.29
 768.00 -78.77  54.67
 769.00 -87.88 116.77
 770.00 -93.14 115.42
 771.00 -50.65 -177.88
 772.00 -58.80 -39.35
 773.00 -54.13 -56.27
 774.00 -58.10 -44.23
 775.00 -80.98 -35.84
 776.00 -73.74 -47.03
 777.00 -90.36 -14.39
 778.00  39.88  -1.82
 779.00 -92.68  29.94
 780.00 -59.34  11.98
 781.00 -54.94 -57.44
 782.00 -51.43 -46.32
 783.00 -53.27 -57.27
 784.00 -53.42 -39.47
 785.00 -63.51 -45.55
 786.00 -58.41 -55.02
 787.00 -52.02 -36.91
 788.00 -60.13 -52.59
 789.00 -59.33 -43.79
 790.00 -69.03 -41.83
 791.00 -49.48 -39.71
 792.00 -61.66 -34.85
 793.00 -73.02 -25.24
 794.00 -77.56 -35.80
 795.00 -65.85 -34.80
 796.00 -87.05 -31.93
 797.00  64.08 -18.92
 798.00 -67.26  46.70
 799.00 -68.18 120.85
 800.00 -53.76 154.58
 801.00 -61.72 -40.58
 802.00 -62.31 -48.12
 803.00 -65.70 -35.75
 804.00 -47.41 -61.25
 805.00 -71.51 -41.58
 806.00 -53.22 -43.99
 807.00 -66.10 -45.34
 808.00 -69.96 -32.40
 809.00 -78.28 -38.21
 810.00 -53.98 -29.06
 811.00 -83.97 -25.44
 812.00 -127.88   0.19
 813.00 -152.43  52.67
 814.00 -131.92  -7.34
 815.00 -146.61 133.03
 816.00 -49.23 154.12
 817.00 -75.50 152.76
 818.00 -77.79 -23.83
 819.00  89.96 -11.69
 820.00 -60.72 157.17
 821.00 -65.36 171.05
 822.00 -114.38 -24.83
 823.00 -47.80  33.77
 824.00 -63.26 -31.11
 825.00 -74.28 -41.89
 826.00 -67.58 -27.13
 827.00 -64.69 -40.06
 828.00 -75.10 -30.88
 829.00 -65.98 -40.23
 830.00 -49.19 -57.63
 831.00 -66.53 -40.21
 832.00 -54.67 -37.23
 833.00 -59.05 -60.01
 834.00 -69.25 -29.63
 835.00 -80.43 -40.72
 836.00 -74.20 -20.50
 837.00 -74.72 -31.72
 838.00 -60.60 -45.74
 839.00 -87.29 -20.38
 840.00 -129.53  -6.84
 841.00 -63.82  -2.36
 842.00 -77.64 133.16
 843.00 -154.81  95.90
 844.00 -76.42 158.40
 845.00 -55.12  84.03
 846.00 -62.98 -31.81
 847.00 -115.98 -27.14
 848.00 -66.21  81.24
 849.00 -72.95 -19.99
 850.00 -60.86 -18.37
 851.00 -58.64 -42.02
 852.00 -58.83 -38.16
 853.00 -75.40 -42.87
 854.00 -51.84 -34.46
 855.00 -66.49 -53.27
 856.00 -66.23 -33.40
 857.00 -76.94 -35.65
 858.00 -55.50 -46.21
 859.00 -74.07 -28.92
 860.00 -71.94 -34.75
 861.00 -64.48 -37.89
 862.00 -79.44 -32.39
 863.00 -58.83 -50.04
 864.00 -73.21 -25.45
 865.00 -65.88 -14.07
 866.00 -67.76 -40.62
 867.00 -68.10 -47.94
 868.00 -60.64 -30.31
 869.00 -59.04 -51.24
 870.00 -67.26 -35.15
 871.00 -53.12 -47.19
 872.00 -74.60 -46.39
 873.00 -70.80 -23.39
 874.00 -61.84 -38.78
 875.00 -64.57 -38.83
 876.00 -73.75 -60.93
 877.00 -51.09 -36.17
 878.00 -80.23 -42.35
 879.00 -66.58 -39.65
 880.00 -59.94 -40.87
 881.00 -59.28 -43.32
 882.00 -105.09 -30.72
 883.00 -52.35   3.50
 884.00 -71.85 -41.59
 885.00 -102.19  -8.22
 886.00 -86.04 -48.86
 887.00  62.62  15.44
 888.00 -88.23  18.15
 889.00 -99.63 123.78
 890.00 -119.85 137.85
 891.00 -54.60 147.54
 892.00 -58.80 126.83
 893.00 -75.90 -21.95
 894.00 -61.16 -43.57
 895.00 -79.02 -36.15
 896.00 -71.81 -15.17
 897.00 -60.14 -50.56
 898.00 -64.80 -45.50
 899.00 -98.77 -29.43
 900.00 -114.25 -25.31
 901.00 -86.90 -52.62
 902.00 -68.43 -38.04
 903.00 -48.00 -40.84
 904.00 -58.32 -34.39
 905.00 -66.45 -43.66
 906.00 -65.42 -50.38
 907.00 -99.54 -21.02
 908.00  88.12  -1.53
 909.00 -57.42  -2.82
 910.00 -114.70 -32.24
 911.00 -154.66 140.86
 912.00 -70.22 147.95
 913.00 -93.74 171.07
 914.00 -125.72 146.67
 915.00 -121.44 162.01
 916.00 -101.32 -35.98
 917.00 -53.66 176.66


