 residuo Phi Psi
 669.00 -74.75 141.45
 670.00 -70.74 158.20
 671.00 -57.51 137.70
 672.00 -59.46 -55.17
 673.00 -65.64 -42.96
 674.00 -61.68 -38.83
 675.00 -71.57 -31.49
 676.00 -54.76 -55.41
 677.00 -71.64 -45.74
 678.00 -72.08 -30.87
 679.00 -80.77 -39.13
 680.00 -73.46   3.39
 681.00 -68.23 126.06
 682.00 -72.94 161.78
 683.00 -76.12 178.35
 684.00 -124.41 137.65
 685.00 -111.96 137.19
 686.00 -77.77 143.16
 687.00  86.71 -17.68
 688.00 -83.54  20.75
 689.00 -84.73 155.00
 690.00 -98.34 135.45
 691.00 -82.96 -14.05
 692.00 -142.69  48.34
 693.00 -61.99 158.76
 694.00 -79.66 146.42
 695.00 -126.74 137.38
 696.00 -53.72 137.29
 697.00 -62.08 -44.25
 698.00 -76.98 -41.59
 699.00 -70.80 -29.23
 700.00 -69.78 -54.54
 701.00 -58.12 -36.66
 702.00 -75.94 -43.16
 703.00 -65.80 -31.79
 704.00 -67.49 -33.43
 705.00 -68.16 -42.01
 706.00 -74.20 -35.11
 707.00 -63.97 -25.95
 708.00 -74.23 -36.08
 709.00 -67.61 -45.01
 710.00 -60.36 -37.49
 711.00 -53.36 -50.30
 712.00 -51.08 -46.94
 713.00 -73.50 -43.98
 714.00 -57.79 -39.82
 715.00 -65.05 -40.41
 716.00 -61.39 -42.47
 717.00 -83.34 -34.08
 718.00 -77.98 -30.55
 719.00 -58.39 -40.16
 720.00 -115.31  -0.39
 721.00 -58.77 -23.81
 722.00 -60.52 135.04
 723.00  77.91 146.58
 724.00 -53.14 -14.31
 725.00 -70.30 -42.44
 726.00 -68.42 -12.08
 727.00 -64.49 -19.36
 728.00 -55.21 154.95
 729.00 -57.02 146.39
 730.00 -81.08 -36.87
 731.00 -56.77 -43.20
 732.00 -59.10 -31.48
 733.00 -71.27 -43.50
 734.00 -69.09 -24.90
 735.00 -68.38 -47.80
 736.00 -73.51 -27.96
 737.00 -64.82 -43.15
 738.00 -76.23 -40.95
 739.00 -109.01 -29.83
 740.00 -68.03   6.41
 741.00 -52.71 -49.85
 742.00 -68.19 -63.66
 743.00 -68.06 -39.20
 744.00 -64.50 -41.88
 745.00 -53.07 -43.97
 746.00 -57.64 -46.41
 747.00 -67.01 -42.29
 748.00 -62.05 -33.27
 749.00 -63.47 -43.68
 750.00 -78.62 -37.01
 751.00 -61.26 -37.79
 752.00 -84.60 -21.73
 753.00 -70.65 -33.40
 754.00 -90.12 -40.63
 755.00 -65.92 -50.75
 756.00 -148.11 -37.99
 757.00  52.56  25.14
 758.00  59.48  27.38
 759.00 -72.48  10.76
 760.00 -143.30 -29.67
 761.00 -96.85 152.13
 762.00 -84.12 111.00
 763.00 -66.33  86.04
 764.00 -156.81 -48.63
 765.00 -77.35 168.79
 766.00 -77.29 -25.10
 767.00 -145.28   2.12
 768.00 -76.79  49.91
 769.00 -78.11 115.57
 770.00 -97.63 114.39
 771.00 -65.96 -175.91
 772.00 -62.59 -39.69
 773.00 -64.14 -48.55
 774.00 -61.85 -37.38
 775.00 -73.99 -30.82
 776.00 -63.05 -39.57
 777.00 -61.79 -29.79
 778.00  61.64 -20.28
 779.00 -135.89  15.98
 780.00 -66.20  47.36
 781.00 -52.82 -35.25
 782.00 -59.67 -57.55
 783.00 -57.60 -36.15
 784.00 -77.62 -39.45
 785.00 -65.20 -36.36
 786.00 -59.65 -45.57
 787.00 -72.64 -32.76
 788.00 -57.25 -46.42
 789.00 -74.55 -31.64
 790.00 -70.50 -23.63
 791.00 -74.12 -36.32
 792.00 -53.87 -12.40
 793.00 -58.46 -37.96
 794.00 -93.61 -31.58
 795.00 -66.95 -33.74
 796.00 -80.42 -50.75
 797.00  59.37  -7.95
 798.00 -81.76  61.53
 799.00 -66.51 122.66
 800.00 -55.99 152.66
 801.00 -74.50 -34.54
 802.00 -68.55 -29.11
 803.00 -60.57 -38.30
 804.00 -67.06 -51.04
 805.00 -79.15 -28.81
 806.00 -57.72 -40.34
 807.00 -59.66 -43.85
 808.00 -65.88 -46.21
 809.00 -71.86 -31.77
 810.00 -75.37 -21.84
 811.00 -39.11 -40.32
 812.00 -110.98 -37.35
 813.00 -131.91  41.67
 814.00 -148.47  14.22
 815.00 -152.75 124.77
 816.00 -65.26 168.43
 817.00 -60.98 160.48
 818.00 -81.60 -45.12
 819.00  67.05   5.38
 820.00 -87.52 -171.29
 821.00 -61.50 161.39
 822.00 -132.77 -27.46
 823.00 -65.00  80.95
 824.00 -69.24 -22.93
 825.00 -71.64 -37.55
 826.00 -65.78 -43.22
 827.00 -54.15 -45.82
 828.00 -54.06 -52.09
 829.00 -54.83 -49.79
 830.00 -58.63 -52.54
 831.00 -60.10 -37.02
 832.00 -61.49 -45.59
 833.00 -67.48 -47.98
 834.00 -66.42 -21.65
 835.00 -71.85 -55.08
 836.00 -69.20 -24.39
 837.00 -64.59 -41.27
 838.00 -51.61 -42.32
 839.00 -59.75 -46.70
 840.00 -132.43  -8.97
 841.00 -55.31  -8.13
 842.00 -79.30 145.64
 843.00 -79.07  33.81
 844.00 -78.12 163.58
 845.00 -53.39  92.51
 846.00 -83.76 -29.74
 847.00 -121.74   6.40
 848.00 -56.75  96.32
 849.00 -62.26 -34.46
 850.00 -65.46 -31.97
 851.00 -78.29 -32.99
 852.00 -63.87 -32.32
 853.00 -69.69 -32.88
 854.00 -73.86 -49.42
 855.00 -46.96 -44.97
 856.00 -69.54 -49.77
 857.00 -61.35 -41.67
 858.00 -74.02 -37.86
 859.00 -58.97 -43.62
 860.00 -63.51 -35.25
 861.00 -64.45 -49.53
 862.00 -72.01 -33.32
 863.00 -58.81 -42.42
 864.00 -90.11 -15.29
 865.00 -69.66 -26.98
 866.00 -52.16 -36.80
 867.00 -74.96 -44.09
 868.00 -81.01 -24.56
 869.00 -50.81 -46.83
 870.00 -51.91 -46.39
 871.00 -59.82 -50.32
 872.00 -72.41 -42.78
 873.00 -57.00 -31.72
 874.00 -62.42 -43.84
 875.00 -67.27 -46.44
 876.00 -75.55 -33.31
 877.00 -67.30 -37.79
 878.00 -70.86 -33.91
 879.00 -89.33 -19.73
 880.00 -69.69 -39.14
 881.00 -59.28 -14.64
 882.00 -136.50 -37.72
 883.00 -49.69   8.26
 884.00 -75.43 -38.17
 885.00 -76.17 -37.48
 886.00 -115.22  -5.71
 887.00  67.55  11.37
 888.00 -84.69  20.06
 889.00 -91.80 127.41
 890.00 -120.74 134.27
 891.00 -55.65 136.79
 892.00 -63.63 143.46
 893.00 -59.83 -46.52
 894.00 -83.18 -34.05
 895.00 -61.92 -44.20
 896.00 -62.55 -28.08
 897.00 -48.86 -56.09
 898.00 -75.70 -38.03
 899.00 -82.89 -43.39
 900.00 -102.92 -18.69
 901.00 -107.36 -43.55
 902.00 -58.09 -47.32
 903.00 -54.30 -34.46
 904.00 -64.85 -37.12
 905.00 -60.29 -41.44
 906.00 -70.96 -50.87
 907.00 -92.94 -19.73
 908.00  94.08  -5.47
 909.00 -65.87 -13.81
 910.00 -125.72 -21.59
 911.00 -141.74 132.70
 912.00 -55.29 146.19
 913.00 -99.24 155.92
 914.00 -92.02 106.64
 915.00 -94.24 152.28
 916.00 -118.43 -37.77
 917.00 -165.66 144.92


