 residuo Phi Psi
 669.00 -156.33 179.07
 670.00 -76.78 151.27
 671.00 -54.44 154.17
 672.00 -51.30 -58.90
 673.00 -58.65 -41.33
 674.00 -64.18 -40.60
 675.00 -111.07  -3.02
 676.00 -55.24 -39.47
 677.00 -74.31 -43.47
 678.00 -90.33 -13.97
 679.00 -83.82 -34.43
 680.00 -65.10 -15.96
 681.00 -63.91 109.55
 682.00 -68.20 169.84
 683.00 -72.76 152.52
 684.00 -75.98 115.53
 685.00 -94.16 154.08
 686.00 -80.76 143.89
 687.00  64.97  -0.76
 688.00 -73.13  15.01
 689.00 -98.83 133.99
 690.00 -60.53 103.20
 691.00 -66.55 -10.86
 692.00 -71.35 -34.92
 693.00 -72.14 146.72
 694.00 -85.25 155.62
 695.00 -153.10 156.53
 696.00 -48.90 167.54
 697.00 -69.53 -68.20
 698.00 -65.61 -36.56
 699.00 -61.94 -41.33
 700.00 -66.13 -49.39
 701.00 -64.12 -42.60
 702.00 -61.82 -49.34
 703.00 -58.20 -37.09
 704.00 -66.56 -44.26
 705.00 -63.77 -40.28
 706.00 -63.49 -37.14
 707.00 -60.71 -33.35
 708.00 -74.64 -34.20
 709.00 -68.54 -37.63
 710.00 -55.03 -44.38
 711.00 -63.12 -38.50
 712.00 -58.51 -47.69
 713.00 -67.56 -41.72
 714.00 -75.59 -26.27
 715.00 -71.86 -27.42
 716.00 -63.78 -39.39
 717.00 -53.56 -46.05
 718.00 -58.72 -56.70
 719.00 -61.03 -38.71
 720.00 -118.25 -11.27
 721.00 -56.44  -7.72
 722.00 -64.07 126.03
 723.00  88.81 127.58
 724.00 -63.81 -22.55
 725.00 -49.60 -44.08
 726.00 -62.50 -11.27
 727.00 -77.16 -31.42
 728.00 -75.08 149.90
 729.00 -45.99 143.12
 730.00 -77.27 -35.08
 731.00 -65.39 -29.98
 732.00 -62.19 -46.24
 733.00 -42.51 -49.89
 734.00 -71.83 -50.85
 735.00 -64.17 -45.80
 736.00 -70.85 -29.09
 737.00 -62.86 -55.88
 738.00 -66.68 -29.39
 739.00 -89.74 -47.08
 740.00 -53.20  -9.54
 741.00 -54.82 -49.83
 742.00 -68.62 -40.94
 743.00 -60.31 -41.38
 744.00 -65.06 -44.41
 745.00 -66.81 -56.94
 746.00 -74.89 -28.98
 747.00 -72.73 -39.26
 748.00 -79.54 -35.49
 749.00 -57.10 -36.72
 750.00 -63.29 -42.10
 751.00 -60.97 -57.80
 752.00 -75.35 -23.37
 753.00 -70.55 -35.37
 754.00 -79.29 -38.65
 755.00 -103.82 -29.89
 756.00 -147.62 -22.08
 757.00  49.43  26.41
 758.00  54.18  38.74
 759.00 -76.66  18.64
 760.00 -104.51 -52.18
 761.00 -103.69 165.74
 762.00 -86.05 115.30
 763.00 -68.54  73.23
 764.00 -163.41 -27.76
 765.00 -83.35 172.06
 766.00 -100.96 -14.88
 767.00 -94.19 -43.13
 768.00 -80.60  76.85
 769.00 -116.06 143.49
 770.00 -84.97 107.97
 771.00 -57.78 176.07
 772.00 -60.96 -31.81
 773.00 -57.87 -49.36
 774.00 -59.68 -36.99
 775.00 -58.16 -58.11
 776.00 -66.94 -50.03
 777.00 -65.65 -42.03
 778.00  52.63  -5.06
 779.00 -122.24  47.80
 780.00 -63.87  11.68
 781.00 -57.32 -42.14
 782.00 -76.98 -43.51
 783.00 -62.86 -28.42
 784.00 -58.47 -48.01
 785.00 -51.62 -48.49
 786.00 -63.65 -48.39
 787.00 -90.38 -20.29
 788.00 -60.14 -39.71
 789.00 -70.96 -30.12
 790.00 -49.86 -49.88
 791.00 -69.27 -40.22
 792.00 -62.62 -28.03
 793.00 -61.58 -31.41
 794.00 -73.41 -32.77
 795.00 -66.23 -28.05
 796.00 -99.60 -40.27
 797.00  37.70  11.77
 798.00 -71.20  56.66
 799.00 -89.57 141.96
 800.00 -57.94 153.13
 801.00 -81.13 -21.33
 802.00 -58.36 -45.05
 803.00 -43.57 -46.79
 804.00 -67.78 -42.27
 805.00 -80.74 -48.53
 806.00 -59.19 -25.60
 807.00 -57.53 -50.63
 808.00 -61.35 -33.82
 809.00 -48.95 -57.65
 810.00 -53.17 -38.41
 811.00 -61.26 -37.92
 812.00 -111.09 -19.41
 813.00 -111.17  25.94
 814.00 -155.51   6.51
 815.00 -140.35 128.28
 816.00 -100.91 171.47
 817.00 -77.16 158.52
 818.00 -69.10 -16.81
 819.00  83.88 -25.30
 820.00 -85.56 168.04
 821.00 -87.54 168.38
 822.00 -109.95 -21.01
 823.00 -53.58  39.40
 824.00 -50.87 -33.92
 825.00 -68.21 -57.59
 826.00 -53.42 -38.26
 827.00 -59.64 -52.83
 828.00 -71.54 -32.06
 829.00 -72.95 -33.37
 830.00 -55.67 -41.95
 831.00 -69.23 -45.31
 832.00 -51.92 -42.24
 833.00 -63.69 -53.70
 834.00 -76.71 -28.17
 835.00 -60.19 -41.05
 836.00 -58.51 -54.99
 837.00 -70.87 -26.84
 838.00 -70.44 -40.66
 839.00 -63.05 -30.06
 840.00 -122.54 -16.53
 841.00 -58.70  -2.48
 842.00 -82.59 139.82
 843.00 -83.38  52.28
 844.00 -66.59 169.72
 845.00 -58.95  82.96
 846.00 -67.85 -33.48
 847.00 -121.29  -8.45
 848.00 -42.79  75.04
 849.00 -72.16 -30.61
 850.00 -78.46 -18.47
 851.00 -61.44 -42.04
 852.00 -58.72 -48.50
 853.00 -67.03 -34.69
 854.00 -58.54 -50.49
 855.00 -58.74 -36.62
 856.00 -87.58 -26.89
 857.00 -58.68 -43.29
 858.00 -65.52 -35.94
 859.00 -73.71 -41.84
 860.00 -68.63 -29.38
 861.00 -67.10 -36.50
 862.00 -50.67 -50.21
 863.00 -58.14 -47.40
 864.00 -106.71 -17.16
 865.00 -52.62 -16.26
 866.00 -66.03 -41.57
 867.00 -56.22 -50.72
 868.00 -75.33 -31.31
 869.00 -70.91 -40.79
 870.00 -65.38 -39.81
 871.00 -56.79 -38.38
 872.00 -83.14 -40.17
 873.00 -61.16 -34.57
 874.00 -66.24 -31.90
 875.00 -48.80 -53.10
 876.00 -64.95 -56.68
 877.00 -54.83 -37.57
 878.00 -67.44 -43.92
 879.00 -96.09  -9.28
 880.00 -65.71 -49.29
 881.00 -57.84 -29.56
 882.00 -147.55 -18.15
 883.00 -43.06  37.18
 884.00 -59.93 -48.54
 885.00 -70.87 -46.52
 886.00 -76.17 -53.25
 887.00  60.20   1.97
 888.00 -76.59   6.90
 889.00 -101.26 123.18
 890.00 -123.06 137.68
 891.00 -63.01 139.34
 892.00 -64.66 139.86
 893.00 -67.58 -42.13
 894.00 -72.98 -40.70
 895.00 -69.78 -28.70
 896.00 -60.69 -17.91
 897.00 -71.69 -44.32
 898.00 -69.32 -44.55
 899.00 -81.73 -26.61
 900.00 -101.67 -46.38
 901.00 -104.08 -36.59
 902.00 -62.70 -35.14
 903.00 -67.59 -36.31
 904.00 -62.63 -32.63
 905.00 -89.06 -31.55
 906.00 -54.12 -40.04
 907.00 -80.52 -53.17
 908.00  81.90   3.85
 909.00 -78.70  20.16
 910.00 -119.72 -15.31
 911.00 -152.01 141.44
 912.00 -73.26 145.17
 913.00 -75.80 133.83
 914.00 -90.57 110.30
 915.00 -73.80 125.39
 916.00 -98.42 -34.33
 917.00 -76.42 133.97


