 residuo Phi Psi
 669.00 -129.41 108.54
 670.00 -94.45 147.26
 671.00 -161.40 -172.30
 672.00 -33.22 -19.33
 673.00 -58.53 -51.95
 674.00 -66.07 -42.59
 675.00 -74.94 -35.47
 676.00 -62.58 -37.77
 677.00 -69.87 -37.99
 678.00 -73.50 -28.30
 679.00 -77.91 -43.69
 680.00 -65.62  -8.97
 681.00 -56.54 117.50
 682.00 -57.72 139.44
 683.00 -65.63 179.09
 684.00 -122.71 140.21
 685.00 -85.65 117.16
 686.00 -79.05 141.92
 687.00  81.46 -16.51
 688.00 -90.48  24.65
 689.00 -73.92 113.99
 690.00 -42.09  66.42
 691.00 -80.22 -31.28
 692.00 -79.19 -18.58
 693.00 -59.75 138.44
 694.00 -85.38 150.55
 695.00 -158.88 158.12
 696.00 -43.63 149.40
 697.00 -67.41 -62.96
 698.00 -67.63 -28.81
 699.00 -71.27 -43.34
 700.00 -68.00 -48.01
 701.00 -72.74 -22.66
 702.00 -57.89 -44.13
 703.00 -56.60 -50.58
 704.00 -68.98 -44.63
 705.00 -82.88 -20.49
 706.00 -66.78 -35.17
 707.00 -55.64 -31.12
 708.00 -64.40 -57.56
 709.00 -68.21 -36.72
 710.00 -70.36 -33.17
 711.00 -63.36 -42.30
 712.00 -79.45 -25.01
 713.00 -74.15 -47.63
 714.00 -73.06 -15.54
 715.00 -71.64 -45.67
 716.00 -61.74 -43.80
 717.00 -70.37 -33.13
 718.00 -55.14 -53.40
 719.00 -61.81 -42.97
 720.00 -97.42 -18.71
 721.00 -59.75 -10.31
 722.00 -55.12 134.20
 723.00  95.25 129.94
 724.00 -62.65 -20.88
 725.00 -81.41 -19.97
 726.00 -62.79  -0.27
 727.00 -84.84 -25.04
 728.00 -64.51 133.46
 729.00 -57.44 161.76
 730.00 -69.09 -30.61
 731.00 -73.65 -43.06
 732.00 -64.92 -28.06
 733.00 -61.12 -44.39
 734.00 -65.64 -38.11
 735.00 -65.92 -49.68
 736.00 -70.73 -28.89
 737.00 -83.34 -36.66
 738.00 -89.99 -20.65
 739.00 -88.55 -27.33
 740.00 -57.48 -23.63
 741.00 -56.64 -52.48
 742.00 -80.80 -33.48
 743.00 -77.65 -35.90
 744.00 -72.05 -27.85
 745.00 -60.94 -41.29
 746.00 -77.45 -34.63
 747.00 -66.45 -34.02
 748.00 -56.61 -51.11
 749.00 -56.98 -36.84
 750.00 -54.93 -54.90
 751.00 -56.61 -46.44
 752.00 -70.11 -43.16
 753.00 -71.86 -33.07
 754.00 -96.38 -45.21
 755.00 -129.62   7.90
 756.00 -132.56 -34.46
 757.00  53.02  28.83
 758.00  65.29  21.38
 759.00 -81.98   7.14
 760.00 -80.18 -55.37
 761.00 -110.18 163.00
 762.00 -101.22 126.47
 763.00 -61.68  70.53
 764.00 -151.42 -49.46
 765.00 -54.71 167.21
 766.00 -97.58 -27.20
 767.00 -132.47  -0.40
 768.00 -68.41  44.87
 769.00 -104.01 133.91
 770.00 -104.68 132.74
 771.00 -54.16 173.95
 772.00 -55.63 -37.55
 773.00 -59.46 -55.28
 774.00 -60.82 -38.21
 775.00 -86.74 -26.98
 776.00 -62.63 -44.74
 777.00 -66.39 -37.81
 778.00  64.18  -9.23
 779.00 -83.95 -21.29
 780.00 -67.56  50.73
 781.00 -76.33 -34.98
 782.00 -55.49 -36.62
 783.00 -66.95 -49.73
 784.00 -80.25 -31.67
 785.00 -66.70 -31.29
 786.00 -70.21 -39.84
 787.00 -65.07 -26.30
 788.00 -57.15 -52.76
 789.00 -67.62 -35.00
 790.00 -68.91 -34.45
 791.00 -57.60 -41.41
 792.00 -70.38 -34.88
 793.00 -60.23 -21.36
 794.00 -72.49 -39.52
 795.00 -62.31 -50.08
 796.00 -93.79 -24.96
 797.00  43.97 -11.73
 798.00 -69.24  65.52
 799.00 -77.81 123.63
 800.00 -54.24 147.74
 801.00 -42.60 -37.87
 802.00 -73.42 -53.83
 803.00 -64.49 -36.74
 804.00 -51.75 -47.96
 805.00 -81.84 -36.22
 806.00 -63.56 -39.75
 807.00 -70.58 -31.79
 808.00 -62.85 -40.73
 809.00 -57.21 -51.86
 810.00 -77.14 -15.32
 811.00 -78.46 -22.75
 812.00 -128.44  -6.77
 813.00 -117.45  30.67
 814.00 -144.52 -12.21
 815.00 -137.44 136.88
 816.00 -63.56 162.23
 817.00 -67.77 168.60
 818.00 -83.06 -44.63
 819.00  94.33   1.39
 820.00 -58.46 172.22
 821.00 -65.25 159.33
 822.00 -132.66 -23.29
 823.00 -63.79  70.56
 824.00 -62.64 -24.68
 825.00 -73.10 -30.87
 826.00 -76.88 -28.34
 827.00 -52.74 -45.63
 828.00 -78.29 -40.73
 829.00 -59.83 -34.83
 830.00 -61.38 -46.36
 831.00 -72.22 -32.83
 832.00 -58.76 -42.45
 833.00 -69.61 -43.95
 834.00 -69.46 -28.87
 835.00 -52.01 -49.60
 836.00 -72.17 -43.25
 837.00 -75.46 -15.75
 838.00 -67.54 -46.99
 839.00 -66.78 -23.63
 840.00 -137.16 -10.05
 841.00 -53.44 -24.58
 842.00 -70.08 132.24
 843.00 -148.66 110.29
 844.00 -79.49 159.59
 845.00 -58.27  71.25
 846.00 -48.92 -23.01
 847.00 -131.06 -26.82
 848.00 -72.00  90.05
 849.00 -52.59 -12.57
 850.00 -54.63 -35.88
 851.00 -74.36 -44.23
 852.00 -58.64 -45.02
 853.00 -68.66 -44.51
 854.00 -52.54 -41.55
 855.00 -46.49 -52.59
 856.00 -64.68 -56.13
 857.00 -64.53 -39.91
 858.00 -91.82 -24.57
 859.00 -63.53 -29.41
 860.00 -51.66 -42.53
 861.00 -71.04 -40.06
 862.00 -45.99 -56.87
 863.00 -47.98 -50.43
 864.00 -71.27 -47.10
 865.00 -74.24 -12.24
 866.00 -59.77 -40.38
 867.00 -53.84 -50.84
 868.00 -79.30 -28.25
 869.00 -58.29 -42.58
 870.00 -53.70 -45.19
 871.00 -44.26 -54.97
 872.00 -66.87 -46.67
 873.00 -65.53 -31.22
 874.00 -59.59 -46.65
 875.00 -72.05 -35.27
 876.00 -68.57 -57.30
 877.00 -68.21 -27.57
 878.00 -64.02 -52.21
 879.00 -74.62 -24.28
 880.00 -65.46 -46.69
 881.00 -52.08 -36.51
 882.00 -109.72 -38.53
 883.00 -51.28   9.17
 884.00 -68.01 -36.14
 885.00 -68.40 -43.35
 886.00 -77.07 -39.65
 887.00  70.05  -8.17
 888.00 -83.39  16.21
 889.00 -94.49 142.27
 890.00 -128.25 137.33
 891.00 -63.47 135.91
 892.00 -32.34 124.05
 893.00 -58.38 -43.31
 894.00 -70.53 -54.92
 895.00 -54.40 -42.99
 896.00 -77.59 -35.15
 897.00 -50.90 -47.41
 898.00 -64.31 -44.42
 899.00 -93.39 -41.55
 900.00 -113.86 -20.37
 901.00 -80.31 -48.19
 902.00 -62.01 -50.38
 903.00 -43.50 -36.65
 904.00 -53.24 -40.71
 905.00 -75.78 -39.42
 906.00 -61.34 -41.94
 907.00 -80.56 -47.59
 908.00 110.98  -9.30
 909.00 -65.45  -7.29
 910.00 -123.84  -8.51
 911.00 -127.35 134.52
 912.00 -76.91 131.12
 913.00 -94.00 154.84
 914.00 -83.03 104.22
 915.00 -77.01 139.98
 916.00 -93.26 -45.91
 917.00 -95.38 176.57


