 residuo Phi Psi
 669.00 -59.23 153.83
 670.00 -59.52 121.27
 671.00 -146.57 167.56
 672.00 -60.25 -23.38
 673.00 -69.36 -46.26
 674.00 -71.80 -30.74
 675.00 -65.87 -25.69
 676.00 -67.86 -47.38
 677.00 -58.90 -35.60
 678.00 -90.85 -27.92
 679.00 -74.90 -38.57
 680.00 -62.05 -17.53
 681.00 -81.21 111.82
 682.00 -70.94 175.45
 683.00 -75.63 157.32
 684.00 -63.07 115.47
 685.00 -69.66 125.82
 686.00 -71.41 154.98
 687.00  86.03 -31.89
 688.00 -78.73  35.73
 689.00 -97.64 128.46
 690.00 -90.30 124.85
 691.00 -78.29 -10.22
 692.00 -90.19  -8.63
 693.00 -59.07 130.80
 694.00 -66.57 149.78
 695.00 -153.31 134.01
 696.00 -57.25 162.82
 697.00 -85.14 -42.06
 698.00 -56.20 -34.30
 699.00 -66.11 -47.68
 700.00 -72.30 -40.83
 701.00 -70.89 -39.82
 702.00 -65.11 -30.73
 703.00 -75.03 -39.01
 704.00 -50.44 -41.78
 705.00 -81.20 -39.30
 706.00 -73.92 -26.52
 707.00 -65.29 -20.67
 708.00 -88.83 -41.82
 709.00 -66.58 -27.31
 710.00 -58.19 -39.20
 711.00 -55.99 -49.71
 712.00 -60.83 -51.25
 713.00 -54.08 -38.89
 714.00 -73.28 -43.61
 715.00 -59.19 -32.53
 716.00 -64.13 -46.47
 717.00 -61.76 -44.99
 718.00 -60.86 -45.97
 719.00 -54.08 -45.10
 720.00 -81.79 -38.24
 721.00 -45.01  -7.86
 722.00 -54.07 140.07
 723.00  71.86 119.35
 724.00 -60.41  12.63
 725.00 -73.59 -19.42
 726.00 -80.16   5.36
 727.00 -108.50 -13.19
 728.00 -67.14 139.12
 729.00 -44.50 148.69
 730.00 -71.88 -41.90
 731.00 -71.85 -38.06
 732.00 -48.15 -39.70
 733.00 -71.20 -51.74
 734.00 -60.83 -23.06
 735.00 -66.17 -71.54
 736.00 -74.10 -19.20
 737.00 -72.97 -50.49
 738.00 -89.40 -18.38
 739.00 -77.88 -35.65
 740.00 -47.18 -11.07
 741.00 -59.79 -57.52
 742.00 -73.16 -42.41
 743.00 -76.37 -30.29
 744.00 -71.21 -44.99
 745.00 -79.56 -35.24
 746.00 -72.13 -29.65
 747.00 -68.04 -35.94
 748.00 -51.67 -45.72
 749.00 -66.28 -38.06
 750.00 -61.00 -41.72
 751.00 -58.87 -46.79
 752.00 -58.80 -58.31
 753.00 -58.90 -41.37
 754.00 -73.40 -56.23
 755.00 -94.05 -31.52
 756.00 -131.92 -47.89
 757.00  58.93  32.63
 758.00  56.26  36.67
 759.00 -86.14  -6.02
 760.00 -88.24 -42.33
 761.00 -106.36 164.33
 762.00 -114.91 128.21
 763.00 -54.52  51.14
 764.00 -144.67 -42.23
 765.00 -63.35 166.48
 766.00 -89.95 -35.05
 767.00 -148.45   3.96
 768.00 -91.00  64.56
 769.00 -105.67 144.06
 770.00 -79.44 123.05
 771.00 -70.58 177.33
 772.00 -50.89 -38.00
 773.00 -71.14 -37.60
 774.00 -59.29 -37.32
 775.00 -68.99 -39.86
 776.00 -59.63 -48.08
 777.00 -99.10 -31.98
 778.00  54.13   0.34
 779.00 -78.10  -6.50
 780.00 -60.42  27.95
 781.00 -51.00 -54.40
 782.00 -62.29 -41.51
 783.00 -72.04 -40.63
 784.00 -70.24 -28.08
 785.00 -73.29 -33.95
 786.00 -54.72 -45.81
 787.00 -73.95 -27.13
 788.00 -66.64 -45.23
 789.00 -63.37 -35.88
 790.00 -51.86 -52.72
 791.00 -52.25 -46.74
 792.00 -63.97 -31.94
 793.00 -69.83 -30.32
 794.00 -78.69 -29.12
 795.00 -68.59 -41.53
 796.00 -80.47 -34.75
 797.00  58.32 -24.00
 798.00 -64.67  57.59
 799.00 -77.50 132.39
 800.00 -45.01 154.65
 801.00 -59.23 -41.17
 802.00 -67.18 -53.49
 803.00 -53.33 -41.48
 804.00 -63.76 -47.04
 805.00 -64.53 -44.38
 806.00 -61.28 -48.75
 807.00 -48.90 -49.24
 808.00 -51.60 -52.05
 809.00 -77.79 -36.45
 810.00 -57.79 -19.86
 811.00 -77.20 -27.52
 812.00 -129.74  -7.69
 813.00 -148.35  44.25
 814.00 -152.17  19.86
 815.00 -150.15 135.04
 816.00 -61.95 165.18
 817.00 -61.94 161.25
 818.00 -82.16 -36.04
 819.00  55.40  11.42
 820.00 -72.90 167.68
 821.00 -56.30 155.90
 822.00 -108.36 -22.77
 823.00 -42.22  11.53
 824.00 -70.46 -42.60
 825.00 -79.15 -31.34
 826.00 -65.86 -41.48
 827.00 -54.01 -31.43
 828.00 -76.48 -26.30
 829.00 -65.98 -40.53
 830.00 -69.54 -35.38
 831.00 -60.73 -43.33
 832.00 -62.18 -38.89
 833.00 -80.54 -45.43
 834.00 -76.08 -19.56
 835.00 -74.59 -38.65
 836.00 -69.00 -43.11
 837.00 -76.32 -23.36
 838.00 -69.83 -35.82
 839.00 -59.48 -19.29
 840.00 -134.47 -30.23
 841.00 -65.57   8.05
 842.00 -84.86 145.82
 843.00 -148.09 105.69
 844.00 -83.99 162.45
 845.00 -54.16  92.50
 846.00 -51.03 -28.44
 847.00 -140.37 -31.74
 848.00 -64.84  86.69
 849.00 -69.48 -11.37
 850.00 -52.63 -28.50
 851.00 -77.37 -39.40
 852.00 -65.34 -33.95
 853.00 -81.37 -32.29
 854.00 -64.82 -31.06
 855.00 -58.95 -44.98
 856.00 -68.94 -44.44
 857.00 -69.55 -27.89
 858.00 -60.81 -42.21
 859.00 -75.33 -37.66
 860.00 -53.45 -35.84
 861.00 -59.15 -49.04
 862.00 -55.14 -51.76
 863.00 -64.50 -52.52
 864.00 -72.52 -31.78
 865.00 -79.08  -9.85
 866.00 -53.23 -33.44
 867.00 -65.58 -53.81
 868.00 -76.12 -25.53
 869.00 -64.76 -36.39
 870.00 -37.96 -51.13
 871.00 -65.32 -54.70
 872.00 -76.97 -34.32
 873.00 -61.52 -33.68
 874.00 -67.48 -43.22
 875.00 -72.72 -33.30
 876.00 -73.39 -42.18
 877.00 -57.59 -35.48
 878.00 -58.85 -46.67
 879.00 -69.95 -33.03
 880.00 -63.75 -45.83
 881.00 -55.68 -38.83
 882.00 -98.17 -36.36
 883.00 -49.36 -10.48
 884.00 -66.41 -36.68
 885.00 -54.96 -49.18
 886.00 -106.68 -20.08
 887.00  47.87  15.84
 888.00 -89.32  30.47
 889.00 -106.10 137.99
 890.00 -146.17 153.33
 891.00 -84.26 137.37
 892.00 -42.18 149.03
 893.00 -79.29 -47.75
 894.00 -60.79 -35.97
 895.00 -55.65 -44.26
 896.00 -60.42 -54.59
 897.00 -61.28 -32.22
 898.00 -75.35 -48.94
 899.00 -96.55 -41.48
 900.00 -129.69   6.19
 901.00 -95.59 -55.73
 902.00 -61.99 -32.18
 903.00 -52.36 -46.40
 904.00 -70.66 -21.62
 905.00 -61.13 -42.58
 906.00 -65.75 -52.06
 907.00 -90.63 -25.73
 908.00  71.50   4.53
 909.00 -65.38  -5.96
 910.00 -135.05  -8.22
 911.00 -136.76 142.61
 912.00 -75.19 144.42
 913.00 -101.30 162.91
 914.00 -119.52 135.49
 915.00 -96.42 154.51
 916.00 -117.39 -35.37
 917.00 -86.04 175.52


