 residuo Phi Psi
 669.00 -77.24 142.74
 670.00 -74.71 154.87
 671.00 -148.21 121.29
 672.00 -57.65 -12.98
 673.00 -64.37 -36.39
 674.00 -71.32 -43.51
 675.00 -70.82 -42.70
 676.00 -55.80 -33.68
 677.00 -53.35 -53.85
 678.00 -64.13 -38.90
 679.00 -92.77 -40.62
 680.00 -56.45 -19.04
 681.00 -65.35 112.10
 682.00 -81.43 173.43
 683.00 -59.09 163.34
 684.00 -120.53 144.01
 685.00 -74.12 105.17
 686.00 -71.36 162.30
 687.00  83.35 -46.09
 688.00 -73.48  28.52
 689.00 -89.19 127.26
 690.00 -68.80  87.40
 691.00 -83.81  -1.72
 692.00 -77.80 -10.90
 693.00 -70.50 151.65
 694.00 -92.58 162.51
 695.00 -133.03 130.11
 696.00 -55.76 163.78
 697.00 -49.26 -42.49
 698.00 -61.47 -57.53
 699.00 -59.62 -47.01
 700.00 -79.33 -45.65
 701.00 -60.86 -39.26
 702.00 -82.70 -32.52
 703.00 -66.37 -31.06
 704.00 -57.22 -43.29
 705.00 -63.19 -47.33
 706.00 -61.91 -46.91
 707.00 -42.96 -41.13
 708.00 -75.90 -46.39
 709.00 -64.03 -30.27
 710.00 -61.67 -42.60
 711.00 -62.43 -46.26
 712.00 -75.89 -36.59
 713.00 -79.43 -31.12
 714.00 -74.15 -19.72
 715.00 -58.92 -39.68
 716.00 -55.50 -36.90
 717.00 -69.42 -46.25
 718.00 -62.33 -33.76
 719.00 -63.82 -44.76
 720.00 -124.18 -10.81
 721.00 -83.97  11.94
 722.00 -48.01 123.65
 723.00  86.69 112.17
 724.00 -64.85  -2.43
 725.00 -49.59 -30.45
 726.00 -78.47  -9.71
 727.00 -100.31  -8.10
 728.00 -60.62 138.73
 729.00 -61.76 151.98
 730.00 -65.12 -27.62
 731.00 -70.19 -42.46
 732.00 -62.69 -37.12
 733.00 -71.12 -42.73
 734.00 -55.80 -35.47
 735.00 -70.38 -63.43
 736.00 -71.01 -30.71
 737.00 -74.84 -33.72
 738.00 -98.72  -9.24
 739.00 -83.33 -44.76
 740.00 -58.20 -13.37
 741.00 -57.59 -36.23
 742.00 -69.63 -55.04
 743.00 -51.98 -42.09
 744.00 -60.16 -55.81
 745.00 -62.37 -51.74
 746.00 -55.58 -42.80
 747.00 -69.96 -43.81
 748.00 -67.52 -43.44
 749.00 -51.60 -30.26
 750.00 -58.42 -52.41
 751.00 -59.21 -45.52
 752.00 -77.74 -34.62
 753.00 -54.47 -40.02
 754.00 -65.53 -55.26
 755.00 -90.06 -41.38
 756.00 -133.22 -38.18
 757.00  47.95  32.06
 758.00  66.05  29.00
 759.00 -70.61  -5.23
 760.00 -99.86 -41.39
 761.00 -83.47 147.73
 762.00 -89.73  96.78
 763.00 -64.93  68.17
 764.00 -156.47 -40.12
 765.00 -61.16 157.64
 766.00 -95.02 -22.48
 767.00 -107.46 -22.07
 768.00 -76.62  46.19
 769.00 -85.06 115.88
 770.00 -54.60 101.93
 771.00 -65.07 173.24
 772.00 -64.42 -26.94
 773.00 -71.03 -35.38
 774.00 -62.59 -33.49
 775.00 -60.64 -42.52
 776.00 -63.98 -46.45
 777.00 -73.94 -18.99
 778.00  66.08 -15.64
 779.00 -85.31 -34.43
 780.00 -59.23  49.71
 781.00 -67.97 -45.87
 782.00 -78.28 -25.80
 783.00 -69.51 -38.65
 784.00 -67.65 -37.66
 785.00 -67.84 -41.90
 786.00 -61.84 -46.07
 787.00 -57.14 -31.32
 788.00 -65.36 -46.47
 789.00 -63.56 -26.56
 790.00 -65.69 -46.73
 791.00 -63.53 -38.85
 792.00 -63.82 -29.26
 793.00 -63.82 -24.50
 794.00 -68.83 -42.38
 795.00 -95.66 -25.76
 796.00 -72.56 -42.65
 797.00  62.80 -23.43
 798.00 -85.65  65.85
 799.00 -70.00 120.70
 800.00 -57.15 154.82
 801.00 -69.71 -37.47
 802.00 -64.39 -43.82
 803.00 -49.49 -37.09
 804.00 -66.28 -53.42
 805.00 -53.83 -46.56
 806.00 -60.82 -42.18
 807.00 -56.96 -43.43
 808.00 -46.02 -48.75
 809.00 -79.84 -43.37
 810.00 -74.60 -16.58
 811.00 -66.07 -29.61
 812.00 -115.37 -15.39
 813.00 -117.66  35.16
 814.00 -148.89   0.27
 815.00 -154.11 135.98
 816.00 -62.93 169.60
 817.00 -67.57 169.91
 818.00 -93.32 -29.15
 819.00  54.05  12.83
 820.00 -89.61 -164.68
 821.00 -58.15 172.42
 822.00 -89.01 -54.65
 823.00 -61.60  35.23
 824.00 -74.47 -23.20
 825.00 -74.29 -43.51
 826.00 -64.92 -22.04
 827.00 -47.02 -57.48
 828.00 -75.31 -40.99
 829.00 -61.42 -43.20
 830.00 -63.81 -46.52
 831.00 -61.80 -46.38
 832.00 -61.54 -35.73
 833.00 -73.48 -44.61
 834.00 -86.30 -17.45
 835.00 -92.23 -27.62
 836.00 -80.83 -18.19
 837.00 -72.53 -26.88
 838.00 -70.87 -44.43
 839.00 -81.44  -6.18
 840.00 -136.71 -23.84
 841.00 -58.80  11.06
 842.00 -88.24 149.92
 843.00 -147.43  80.73
 844.00 -75.28 154.31
 845.00 -73.20 145.54
 846.00 -60.25 -40.44
 847.00 -136.62 -30.89
 848.00 -50.99  82.31
 849.00 -59.94 -23.94
 850.00 -71.34 -22.91
 851.00 -73.07 -24.85
 852.00 -56.07 -48.63
 853.00 -72.37 -43.67
 854.00 -59.51 -40.67
 855.00 -71.20 -42.52
 856.00 -67.68 -27.44
 857.00 -51.60 -56.07
 858.00 -65.88 -44.49
 859.00 -72.70 -46.79
 860.00 -56.14 -33.06
 861.00 -70.83 -31.22
 862.00 -64.01 -54.16
 863.00 -71.00 -29.24
 864.00 -67.98 -41.13
 865.00 -77.64 -14.90
 866.00 -62.39 -33.20
 867.00 -77.16 -39.30
 868.00 -74.12 -17.07
 869.00 -66.21 -45.60
 870.00 -40.26 -36.79
 871.00 -74.33 -47.80
 872.00 -76.59 -35.59
 873.00 -62.42 -36.28
 874.00 -60.84 -47.22
 875.00 -66.75 -40.28
 876.00 -73.51 -49.61
 877.00 -70.57 -29.65
 878.00 -76.06 -45.16
 879.00 -67.76 -17.48
 880.00 -61.48 -52.40
 881.00 -59.78 -47.65
 882.00 -141.82  -0.47
 883.00 -61.72  29.59
 884.00 -60.62 -40.93
 885.00 -61.00 -38.53
 886.00 -101.86 -40.02
 887.00  72.00  10.30
 888.00 -98.21  25.20
 889.00 -106.43 138.08
 890.00 -107.61 127.86
 891.00 -64.76 135.68
 892.00 -31.41 146.27
 893.00 -74.95 -50.44
 894.00 -77.65 -38.71
 895.00 -61.59 -46.15
 896.00 -63.92 -38.79
 897.00 -47.77 -50.36
 898.00 -77.59 -46.48
 899.00 -79.61 -42.95
 900.00 -121.70 -13.87
 901.00 -99.42 -50.05
 902.00 -64.91 -29.77
 903.00 -62.22 -35.15
 904.00 -80.55 -21.55
 905.00 -84.66 -18.51
 906.00 -70.17 -37.10
 907.00 -87.87 -31.83
 908.00  62.95  13.00
 909.00 -75.91  13.11
 910.00 -116.69 -28.70
 911.00 -135.30 133.98
 912.00 -60.45 140.72
 913.00 -97.67 155.40
 914.00 -97.40 113.78
 915.00 -56.99 133.00
 916.00 -152.72 -34.62
 917.00 -80.04 117.99


