 residuo Phi Psi
 669.00 -66.90 145.26
 670.00 -66.60 136.71
 671.00 -142.88 168.04
 672.00 -63.72 -21.75
 673.00 -62.54 -37.27
 674.00 -61.70 -34.85
 675.00 -64.88 -41.25
 676.00 -56.64 -52.30
 677.00 -86.70 -24.02
 678.00 -67.41 -36.36
 679.00 -78.74 -41.37
 680.00 -70.20  -6.68
 681.00 -61.94 115.54
 682.00 -86.51 164.89
 683.00 -72.37 -173.61
 684.00 -104.68 143.20
 685.00 -63.11 112.24
 686.00 -77.58 142.51
 687.00  76.02  -8.00
 688.00 -68.47   9.78
 689.00 -139.81 164.83
 690.00 -68.68  83.57
 691.00 -71.68  -3.36
 692.00 -101.58 -16.69
 693.00 -81.54 138.72
 694.00 -81.49 160.87
 695.00 -162.07 139.61
 696.00 -60.94 169.47
 697.00 -72.19 -45.50
 698.00 -68.07 -34.73
 699.00 -83.02 -36.65
 700.00 -70.37 -52.23
 701.00 -66.71 -33.79
 702.00 -80.18 -24.39
 703.00 -84.08 -23.04
 704.00 -61.11 -35.03
 705.00 -45.49 -49.25
 706.00 -60.66 -54.32
 707.00 -66.06 -31.74
 708.00 -76.30 -25.95
 709.00 -71.89 -44.89
 710.00 -58.87 -37.12
 711.00 -70.31 -46.18
 712.00 -55.30 -36.87
 713.00 -84.99 -35.02
 714.00 -62.95 -26.17
 715.00 -62.63 -41.48
 716.00 -56.15 -47.19
 717.00 -88.41 -32.34
 718.00 -60.81 -37.26
 719.00 -70.03 -32.84
 720.00 -110.62  -9.32
 721.00 -79.33   5.13
 722.00 -41.23 131.39
 723.00  67.37 122.40
 724.00 -65.04  -0.59
 725.00 -66.00 -28.42
 726.00 -78.41  -5.32
 727.00 -76.15 -23.70
 728.00 -77.00 145.05
 729.00 -56.13 155.83
 730.00 -57.74 -41.63
 731.00 -64.69 -43.68
 732.00 -51.84 -43.08
 733.00 -80.88 -38.76
 734.00 -70.13 -27.08
 735.00 -66.94 -53.84
 736.00 -64.18 -27.96
 737.00 -65.54 -43.60
 738.00 -99.64 -13.91
 739.00 -95.28 -30.43
 740.00 -63.29  -4.43
 741.00 -59.84 -47.51
 742.00 -66.03 -47.71
 743.00 -54.57 -53.35
 744.00 -68.76 -49.12
 745.00 -71.56 -31.54
 746.00 -51.53 -48.82
 747.00 -78.84 -43.24
 748.00 -67.36 -32.09
 749.00 -66.99 -26.05
 750.00 -56.71 -44.94
 751.00 -61.32 -50.96
 752.00 -60.47 -34.43
 753.00 -69.90 -54.40
 754.00 -74.14 -39.73
 755.00 -77.65 -53.57
 756.00 -124.66 -44.62
 757.00  55.83  30.25
 758.00  54.93  41.32
 759.00 -68.67 -13.36
 760.00 -104.96 -40.84
 761.00 -105.30 165.71
 762.00 -98.08 117.68
 763.00 -52.05  63.40
 764.00 -157.44 -52.98
 765.00 -46.34 154.84
 766.00 -82.49 -43.94
 767.00 -132.05  -6.05
 768.00 -82.76  51.94
 769.00 -92.34 138.63
 770.00 -105.85 131.29
 771.00 -61.21 -179.80
 772.00 -63.77 -27.24
 773.00 -68.16 -47.09
 774.00 -51.16 -33.92
 775.00 -68.69 -63.20
 776.00 -64.04 -37.36
 777.00 -90.16 -36.13
 778.00  50.63   8.07
 779.00 -131.95  46.07
 780.00 -46.73  20.22
 781.00 -63.59 -50.42
 782.00 -68.70 -42.43
 783.00 -42.78 -46.91
 784.00 -36.77 -74.38
 785.00 -72.12 -50.45
 786.00 -62.24 -31.89
 787.00 -67.58 -32.38
 788.00 -68.16 -43.72
 789.00 -56.75 -41.13
 790.00 -65.15 -43.92
 791.00 -54.08 -39.24
 792.00 -86.06 -24.00
 793.00 -66.92 -28.35
 794.00 -43.12 -45.26
 795.00 -58.68 -64.15
 796.00 -72.23 -47.29
 797.00  47.99 -22.69
 798.00 -63.69  61.21
 799.00 -93.55 138.52
 800.00 -49.72 152.31
 801.00 -73.73 -33.00
 802.00 -54.00 -48.37
 803.00 -49.69 -57.50
 804.00 -62.84 -48.16
 805.00 -72.34 -38.03
 806.00 -70.59 -36.79
 807.00 -54.35 -40.66
 808.00 -64.57 -39.48
 809.00 -57.79 -56.72
 810.00 -68.51 -21.49
 811.00 -75.79 -13.17
 812.00 -123.08 -20.00
 813.00 -99.87  26.43
 814.00 -149.35  -6.19
 815.00 -140.48 116.83
 816.00 -81.95 165.58
 817.00 -76.51 162.08
 818.00 -92.88 -35.00
 819.00  71.59   8.74
 820.00 -77.81 169.88
 821.00 -69.46 168.35
 822.00 -125.59 -15.64
 823.00 -47.64  39.67
 824.00 -67.91 -44.02
 825.00 -72.42 -35.90
 826.00 -60.39 -41.52
 827.00 -61.13 -39.82
 828.00 -64.28 -41.50
 829.00 -65.68 -44.89
 830.00 -53.64 -50.25
 831.00 -75.86 -37.93
 832.00 -50.72 -50.65
 833.00 -77.96 -38.45
 834.00 -61.63 -34.80
 835.00 -62.57 -46.10
 836.00 -62.89 -36.62
 837.00 -56.46 -42.81
 838.00 -64.96 -56.58
 839.00 -73.23 -14.69
 840.00 -126.06 -22.81
 841.00 -65.73  -2.44
 842.00 -88.82 160.43
 843.00 -163.51 116.27
 844.00 -129.76 -175.74
 845.00 -41.82  87.77
 846.00 -64.57 -23.20
 847.00 -140.01  -8.15
 848.00 -65.29  78.29
 849.00 -67.46 -32.60
 850.00 -55.81 -15.15
 851.00 -69.49 -36.90
 852.00 -69.68 -38.17
 853.00 -68.77 -34.09
 854.00 -57.70 -42.81
 855.00 -67.57 -37.55
 856.00 -54.29 -42.29
 857.00 -59.22 -56.20
 858.00 -59.59 -38.67
 859.00 -66.14 -49.56
 860.00 -57.77 -40.91
 861.00 -69.81 -41.95
 862.00 -54.00 -50.10
 863.00 -57.20 -51.12
 864.00 -74.39 -34.80
 865.00 -74.33   2.36
 866.00 -75.34 -36.62
 867.00 -57.96 -26.31
 868.00 -81.46 -42.75
 869.00 -77.87 -29.04
 870.00 -69.97 -39.99
 871.00 -54.74 -40.03
 872.00 -86.52 -37.59
 873.00 -60.01 -29.00
 874.00 -63.15 -47.83
 875.00 -59.72 -37.08
 876.00 -75.23 -59.97
 877.00 -67.75 -35.11
 878.00 -69.14 -26.27
 879.00 -60.59 -59.29
 880.00 -59.73 -30.26
 881.00 -68.99 -49.72
 882.00 -93.25 -32.84
 883.00 -43.26 -13.32
 884.00 -71.28 -40.21
 885.00 -53.53 -37.19
 886.00 -113.29 -30.09
 887.00  55.80  17.48
 888.00 -85.35  18.19
 889.00 -87.28 133.80
 890.00 -133.25 142.94
 891.00 -66.00 133.82
 892.00 -60.93 136.01
 893.00 -57.74 -37.77
 894.00 -63.05 -49.57
 895.00 -65.44 -45.08
 896.00 -54.77 -44.60
 897.00 -70.15 -38.63
 898.00 -58.47 -47.85
 899.00 -96.38 -29.43
 900.00 -105.99 -36.14
 901.00 -105.23 -23.77
 902.00 -65.15 -39.51
 903.00 -67.28 -31.83
 904.00 -64.29 -28.42
 905.00 -58.77 -44.27
 906.00 -71.06 -64.94
 907.00 -98.51 -23.68
 908.00  92.65  17.25
 909.00 -86.66   7.59
 910.00 -136.85 -13.49
 911.00 -148.15 133.88
 912.00 -66.43 144.26
 913.00 -65.88 134.32
 914.00 -118.74 135.99
 915.00 -81.36 142.01
 916.00 -89.95 -53.95
 917.00 -77.18 175.03


