 residuo Phi Psi
 669.00 -80.73  97.37
 670.00 -41.28 151.49
 671.00 -143.16 125.82
 672.00 -60.31  -7.08
 673.00 -59.24 -44.50
 674.00 -71.06 -35.50
 675.00 -61.97 -43.27
 676.00 -59.36 -39.77
 677.00 -73.64 -40.99
 678.00 -69.51 -42.59
 679.00 -108.04 -10.16
 680.00 -69.33   4.27
 681.00 -80.38 129.49
 682.00 -71.68 168.29
 683.00 -71.82 171.82
 684.00 -93.15 136.95
 685.00 -108.89 144.56
 686.00 -93.86 150.43
 687.00  65.99  -1.00
 688.00 -75.56  23.23
 689.00 -82.51 149.61
 690.00 -77.09 105.65
 691.00 -78.26  -9.57
 692.00 -123.35   9.23
 693.00 -78.85 154.22
 694.00 -77.02 150.07
 695.00 -151.20 131.13
 696.00 -63.24 155.83
 697.00 -69.12 -57.87
 698.00 -53.07 -42.54
 699.00 -56.23 -53.57
 700.00 -60.60 -53.31
 701.00 -58.99 -47.14
 702.00 -73.76 -34.16
 703.00 -59.11 -35.21
 704.00 -60.87 -54.77
 705.00 -56.29 -31.86
 706.00 -59.09 -60.57
 707.00 -59.72 -33.97
 708.00 -54.00 -48.55
 709.00 -67.64 -43.44
 710.00 -65.22 -44.44
 711.00 -65.73 -36.56
 712.00 -62.17 -37.51
 713.00 -69.80 -43.79
 714.00 -46.65 -42.14
 715.00 -63.86 -49.68
 716.00 -66.09 -38.43
 717.00 -62.98 -43.21
 718.00 -57.06 -47.47
 719.00 -81.73 -26.95
 720.00 -130.82  -5.71
 721.00 -63.09  -4.15
 722.00 -51.51 137.87
 723.00  77.69 131.73
 724.00 -62.07 -12.19
 725.00 -62.54 -31.73
 726.00 -58.24 -21.83
 727.00 -76.13 -27.66
 728.00 -72.80 154.63
 729.00 -60.53 150.00
 730.00 -62.08 -30.70
 731.00 -71.80 -44.70
 732.00 -55.77 -41.53
 733.00 -69.86 -43.45
 734.00 -58.56 -33.41
 735.00 -53.33 -64.13
 736.00 -70.43 -32.72
 737.00 -55.89 -57.93
 738.00 -87.34 -18.61
 739.00 -90.45 -45.10
 740.00 -57.20  -7.78
 741.00 -76.40 -43.06
 742.00 -65.68 -26.43
 743.00 -63.01 -52.71
 744.00 -65.39 -51.49
 745.00 -53.84 -44.40
 746.00 -53.51 -49.98
 747.00 -70.54 -43.77
 748.00 -74.30 -37.09
 749.00 -69.93 -27.90
 750.00 -68.31 -35.48
 751.00 -53.96 -57.76
 752.00 -71.35 -31.32
 753.00 -51.82 -50.66
 754.00 -76.40 -38.88
 755.00 -72.89 -56.14
 756.00 -138.75 -40.64
 757.00  63.99  18.89
 758.00  55.92  39.23
 759.00 -63.83   6.56
 760.00 -120.46 -43.10
 761.00 -106.94 172.03
 762.00 -89.74 105.95
 763.00 -51.68  56.49
 764.00 -154.87 -49.13
 765.00 -61.42 159.45
 766.00 -91.09 -30.87
 767.00 -134.68  -4.32
 768.00 -77.47  61.70
 769.00 -89.66 123.95
 770.00 -91.78 103.02
 771.00 -47.98 172.02
 772.00 -73.69 -36.82
 773.00 -63.77 -38.67
 774.00 -62.29 -39.96
 775.00 -60.71 -41.38
 776.00 -68.36 -58.97
 777.00 -81.21 -25.50
 778.00  49.91  -3.26
 779.00 -132.91  43.59
 780.00 -49.87  27.75
 781.00 -71.20 -41.95
 782.00 -71.75 -36.65
 783.00 -53.39 -44.15
 784.00 -63.47 -47.05
 785.00 -61.57 -45.19
 786.00 -70.36 -35.25
 787.00 -53.42 -39.34
 788.00 -64.85 -41.58
 789.00 -73.71 -31.53
 790.00 -56.63 -46.30
 791.00 -75.50 -27.02
 792.00 -78.27 -28.64
 793.00 -61.48 -24.53
 794.00 -88.04 -23.44
 795.00 -66.97 -35.11
 796.00 -86.65 -40.30
 797.00  61.05 -25.91
 798.00 -77.57  57.64
 799.00 -101.61 147.27
 800.00 -57.88 167.42
 801.00 -81.15 -32.04
 802.00 -53.98 -42.18
 803.00 -57.58 -50.16
 804.00 -57.95 -43.18
 805.00 -82.46 -46.40
 806.00 -73.35 -26.24
 807.00 -57.37 -46.05
 808.00 -63.08 -32.18
 809.00 -59.20 -51.68
 810.00 -60.58 -26.04
 811.00 -69.89 -21.25
 812.00 -110.53 -27.75
 813.00 -140.47  54.29
 814.00 -167.21  22.73
 815.00 -149.84 126.40
 816.00 -64.87 170.82
 817.00 -72.70 155.32
 818.00 -117.25  -6.95
 819.00  81.90   9.89
 820.00 -79.54 172.85
 821.00 -72.24 174.37
 822.00 -125.02 -19.02
 823.00 -62.42  41.97
 824.00 -62.39 -34.98
 825.00 -64.66 -50.52
 826.00 -68.70 -39.83
 827.00 -66.48 -44.95
 828.00 -56.77 -30.12
 829.00 -66.78 -49.19
 830.00 -60.74 -44.62
 831.00 -65.54 -36.85
 832.00 -71.47 -37.39
 833.00 -61.97 -45.78
 834.00 -73.79 -23.44
 835.00 -52.83 -55.80
 836.00 -57.33 -38.41
 837.00 -51.27 -60.46
 838.00 -62.96 -48.18
 839.00 -98.60  -2.52
 840.00 -135.73 -10.94
 841.00 -65.53   7.78
 842.00 -67.51 142.57
 843.00 -141.94  86.07
 844.00 -102.63 166.85
 845.00 -67.57 129.46
 846.00 -83.87 -23.94
 847.00 -139.68   2.19
 848.00 -46.12  57.41
 849.00 -57.09 -37.79
 850.00 -42.99 -31.25
 851.00 -78.36 -44.83
 852.00 -74.63 -30.30
 853.00 -60.38 -42.08
 854.00 -56.84 -49.92
 855.00 -66.60 -48.14
 856.00 -71.79 -39.25
 857.00 -66.92 -25.94
 858.00 -72.74 -39.73
 859.00 -68.73 -39.36
 860.00 -50.05 -36.69
 861.00 -101.50 -22.78
 862.00 -60.21 -40.90
 863.00 -63.14 -37.89
 864.00 -59.74 -44.21
 865.00 -70.21 -28.73
 866.00 -64.71 -27.73
 867.00 -61.48 -49.97
 868.00 -84.17 -21.22
 869.00 -66.31 -34.58
 870.00 -56.16 -33.12
 871.00 -68.13 -51.39
 872.00 -66.92 -45.92
 873.00 -72.30 -27.17
 874.00 -60.10 -36.98
 875.00 -76.65 -37.29
 876.00 -75.46 -41.47
 877.00 -70.50 -37.32
 878.00 -57.83 -42.96
 879.00 -85.55 -19.56
 880.00 -64.38 -43.78
 881.00 -54.89 -47.54
 882.00 -135.97  -6.91
 883.00 -57.91  22.63
 884.00 -62.98 -34.22
 885.00 -79.74 -32.66
 886.00 -90.87 -34.68
 887.00  61.28   4.18
 888.00 -78.02  14.13
 889.00 -104.11 137.70
 890.00 -160.21 166.35
 891.00 -62.72 131.61
 892.00 -53.86 137.93
 893.00 -60.01 -41.40
 894.00 -63.94 -50.02
 895.00 -73.74 -39.70
 896.00 -59.24 -27.07
 897.00 -68.25 -46.98
 898.00 -87.54 -26.73
 899.00 -85.17 -38.15
 900.00 -127.77  -6.77
 901.00 -80.97 -56.49
 902.00 -76.76 -30.04
 903.00 -58.35 -35.51
 904.00 -81.40 -16.88
 905.00 -56.29 -41.98
 906.00 -67.63 -54.91
 907.00 -72.29 -26.24
 908.00  86.03 -24.53
 909.00 -70.78  16.36
 910.00 -122.96 -25.86
 911.00 -132.34 134.74
 912.00 -76.53 145.93
 913.00 -85.62 146.59
 914.00 -53.86  84.53
 915.00 -58.97 118.90
 916.00 -106.44 -44.94
 917.00 -139.68 128.16


