 residuo Phi Psi
 669.00 -75.46  93.60
 670.00 -72.50 129.02
 671.00 -139.81 146.84
 672.00 -56.50   2.03
 673.00 -74.64 -46.20
 674.00 -79.28 -24.29
 675.00 -56.51 -39.60
 676.00 -70.44 -45.70
 677.00 -71.49 -36.07
 678.00 -90.22 -17.79
 679.00 -97.97 -30.49
 680.00 -75.80   6.56
 681.00 -82.49 131.49
 682.00 -59.75 157.08
 683.00 -70.86 166.38
 684.00 -124.18 151.56
 685.00 -113.86 141.69
 686.00 -71.31 158.00
 687.00  94.05 -32.25
 688.00 -63.19  21.90
 689.00 -81.65 114.16
 690.00 -56.38 133.50
 691.00 -70.07 -32.45
 692.00 -77.93  -6.89
 693.00 -62.10 130.76
 694.00 -92.89 151.10
 695.00 -152.38 106.51
 696.00 -62.50 173.45
 697.00 -72.83 -44.66
 698.00 -78.81 -42.23
 699.00 -63.73 -48.21
 700.00 -65.95 -32.33
 701.00 -69.46 -44.28
 702.00 -63.50 -35.06
 703.00 -66.77 -37.14
 704.00 -74.78 -35.09
 705.00 -68.55 -33.86
 706.00 -63.07 -37.92
 707.00 -64.58 -34.76
 708.00 -80.51 -33.29
 709.00 -48.93 -35.81
 710.00 -71.92 -44.11
 711.00 -67.57 -37.27
 712.00 -67.68 -32.88
 713.00 -77.37 -36.70
 714.00 -60.66 -28.93
 715.00 -60.40 -53.57
 716.00 -69.68 -29.38
 717.00 -70.96 -45.92
 718.00 -64.15 -33.10
 719.00 -63.23 -28.08
 720.00 -137.09 -13.99
 721.00 -70.50  17.45
 722.00 -68.06 140.48
 723.00  80.72 141.43
 724.00 -44.88 -40.45
 725.00 -78.21 -28.16
 726.00 -70.74   5.83
 727.00 -100.69  -9.60
 728.00 -63.61 136.80
 729.00 -67.66 151.93
 730.00 -67.78 -23.50
 731.00 -74.33 -31.53
 732.00 -58.23 -42.92
 733.00 -55.27 -49.07
 734.00 -55.06 -44.67
 735.00 -75.10 -51.69
 736.00 -55.05 -26.88
 737.00 -62.92 -61.24
 738.00 -86.37 -28.09
 739.00 -96.23 -31.60
 740.00 -35.78  -8.05
 741.00 -62.96 -65.08
 742.00 -65.23 -51.25
 743.00 -58.91 -45.44
 744.00 -67.02 -43.36
 745.00 -72.27 -35.56
 746.00 -57.62 -44.08
 747.00 -58.62 -44.21
 748.00 -62.50 -44.10
 749.00 -57.16 -43.54
 750.00 -60.66 -41.79
 751.00 -63.42 -55.49
 752.00 -62.89 -30.05
 753.00 -54.76 -48.92
 754.00 -79.25 -52.84
 755.00 -134.29  -3.87
 756.00 -131.95 -20.76
 757.00  19.79  51.32
 758.00  64.61  43.86
 759.00 -57.60  -8.10
 760.00 -136.85 -19.89
 761.00 -92.17 172.94
 762.00 -90.41 102.99
 763.00 -62.54  66.64
 764.00 -153.70 -35.81
 765.00 -70.47 162.46
 766.00 -83.26 -29.51
 767.00 -90.69 -53.40
 768.00 -79.16  77.17
 769.00 -141.71 166.19
 770.00 -78.42  96.47
 771.00 -62.01 175.06
 772.00 -49.65 -46.55
 773.00 -62.59 -44.66
 774.00 -64.21 -40.50
 775.00 -82.01 -32.03
 776.00 -71.34 -45.28
 777.00 -73.20 -32.28
 778.00  60.57  -2.79
 779.00 -136.40  40.04
 780.00 -62.83  49.38
 781.00 -78.30 -40.39
 782.00 -63.00 -39.35
 783.00 -60.65 -43.20
 784.00 -61.10 -37.90
 785.00 -56.16 -37.63
 786.00 -65.85 -50.92
 787.00 -72.19 -30.46
 788.00 -56.14 -42.71
 789.00 -56.51 -41.59
 790.00 -75.99 -41.05
 791.00 -63.95 -33.29
 792.00 -60.49 -38.38
 793.00 -61.46 -26.71
 794.00 -74.21 -38.70
 795.00 -62.10 -42.51
 796.00 -80.01 -36.12
 797.00  57.15 -16.14
 798.00 -72.93  57.02
 799.00 -92.66 139.48
 800.00 -63.80 158.05
 801.00 -73.16 -25.60
 802.00 -78.25 -30.15
 803.00 -65.37 -32.58
 804.00 -47.90 -59.01
 805.00 -72.85 -41.40
 806.00 -40.14 -62.34
 807.00 -58.68 -42.96
 808.00 -61.39 -49.45
 809.00 -62.02 -39.70
 810.00 -68.81 -35.07
 811.00 -63.54 -25.85
 812.00 -111.98 -21.68
 813.00 -137.21  35.21
 814.00 -158.93   9.89
 815.00 -155.02 135.83
 816.00 -64.52 155.57
 817.00 -49.37 145.06
 818.00 -45.94 -46.25
 819.00  65.68 -24.59
 820.00 -72.40 160.02
 821.00 -61.05 167.25
 822.00 -103.24 -39.64
 823.00 -52.94  34.07
 824.00 -68.64 -30.62
 825.00 -85.59 -26.69
 826.00 -74.61 -24.87
 827.00 -60.52 -41.86
 828.00 -83.73 -27.20
 829.00 -103.23 -16.34
 830.00 -50.32 -30.22
 831.00 -45.18 -56.54
 832.00 -65.07 -64.85
 833.00 -61.33 -45.72
 834.00 -70.25 -32.25
 835.00 -51.21 -43.53
 836.00 -81.00 -35.63
 837.00 -61.06 -15.51
 838.00 -61.34 -51.81
 839.00 -75.32 -11.80
 840.00 -131.41 -17.97
 841.00 -56.32  -6.44
 842.00 -76.32 147.03
 843.00 -150.36 101.43
 844.00 -105.36 -175.35
 845.00 -49.71  90.47
 846.00 -68.06 -41.58
 847.00 -120.84  -9.48
 848.00 -68.32  80.43
 849.00 -66.92  -8.70
 850.00 -63.30 -25.14
 851.00 -84.87 -40.07
 852.00 -63.41 -32.31
 853.00 -72.42 -32.00
 854.00 -72.60 -28.90
 855.00 -47.85 -58.56
 856.00 -62.49 -47.96
 857.00 -90.11 -29.92
 858.00 -72.85 -18.60
 859.00 -67.11 -41.90
 860.00 -69.56 -35.29
 861.00 -67.12 -29.83
 862.00 -56.94 -58.53
 863.00 -73.41 -39.00
 864.00 -67.05 -28.81
 865.00 -80.15 -29.77
 866.00 -58.23 -27.01
 867.00 -78.33 -44.02
 868.00 -77.79 -14.90
 869.00 -62.08 -34.55
 870.00 -66.86 -38.38
 871.00 -56.30 -48.17
 872.00 -74.72 -39.27
 873.00 -63.01 -31.35
 874.00 -61.31 -40.67
 875.00 -80.71 -31.57
 876.00 -74.45 -46.24
 877.00 -56.20 -42.02
 878.00 -66.46 -41.69
 879.00 -77.39 -17.76
 880.00 -65.59 -47.21
 881.00 -63.05 -34.38
 882.00 -138.34 -11.01
 883.00 -47.97  24.09
 884.00 -67.62 -26.88
 885.00 -81.04 -34.01
 886.00 -126.89 -10.36
 887.00  48.09 -12.40
 888.00 -103.05  46.57
 889.00 -79.92 111.64
 890.00 -103.85 122.47
 891.00 -64.67 121.67
 892.00 -63.82 154.93
 893.00 -67.03 -42.51
 894.00 -69.98 -35.03
 895.00 -69.46 -46.02
 896.00 -64.44 -27.59
 897.00 -52.02 -56.32
 898.00 -77.30 -50.78
 899.00 -113.29 -10.03
 900.00 -138.41   4.08
 901.00 -91.97 -40.35
 902.00 -75.20 -36.26
 903.00 -48.70 -40.18
 904.00 -75.74 -31.18
 905.00 -71.53 -36.78
 906.00 -68.43 -44.68
 907.00 -66.18 -47.01
 908.00  74.92 -13.98
 909.00 -62.11  24.64
 910.00 -113.19 -34.60
 911.00 -130.33 129.92
 912.00 -67.44 138.09
 913.00 -96.40 150.68
 914.00 -96.11 117.65
 915.00 -86.68 153.94
 916.00 -104.15 -46.54
 917.00 -128.04 165.35


