 residuo Phi Psi
 669.00 -88.04 162.65
 670.00 -48.18 127.73
 671.00 -45.96 138.27
 672.00 -43.55 -39.40
 673.00 -75.24 -35.97
 674.00 -68.29 -23.60
 675.00 -61.58 -50.36
 676.00 -55.57 -51.21
 677.00 -82.69 -34.79
 678.00 -88.80 -20.57
 679.00 -58.35 -38.65
 680.00 -72.75 -20.55
 681.00 -63.62 118.37
 682.00 -76.37 144.53
 683.00 -52.53 178.89
 684.00 -144.27 143.23
 685.00 -98.80 145.21
 686.00 -86.01 145.74
 687.00  80.17 -12.75
 688.00 -79.59  21.14
 689.00 -103.93 134.65
 690.00 -81.27 109.71
 691.00 -71.23 -17.10
 692.00 -85.46 -13.00
 693.00 -67.66 135.99
 694.00 -59.77 168.83
 695.00 -148.15 122.50
 696.00 -61.11 144.62
 697.00 -56.76 -51.69
 698.00 -52.26 -57.40
 699.00 -60.41 -46.95
 700.00 -66.70 -51.80
 701.00 -57.71 -41.28
 702.00 -78.38 -31.36
 703.00 -58.98 -35.03
 704.00 -66.53 -42.49
 705.00 -56.02 -54.72
 706.00 -55.07 -45.28
 707.00 -64.18 -24.60
 708.00 -75.02 -46.35
 709.00 -57.40 -40.13
 710.00 -68.63 -47.32
 711.00 -68.80 -21.36
 712.00 -56.02 -37.72
 713.00 -69.89 -42.51
 714.00 -61.59 -34.13
 715.00 -66.72 -53.00
 716.00 -64.80 -36.57
 717.00 -65.69 -36.09
 718.00 -71.64 -45.21
 719.00 -69.23 -26.31
 720.00 -118.38 -13.45
 721.00 -53.49  -9.55
 722.00 -59.20 123.35
 723.00  80.79 127.75
 724.00 -70.60   0.27
 725.00 -63.70 -17.45
 726.00 -63.18 -17.53
 727.00 -95.52 -16.58
 728.00 -65.71 146.33
 729.00 -52.99 149.94
 730.00 -79.31 -29.59
 731.00 -73.07 -30.69
 732.00 -52.61 -42.03
 733.00 -67.65 -46.61
 734.00 -60.94 -38.07
 735.00 -75.30 -50.59
 736.00 -52.86 -26.30
 737.00 -55.45 -65.78
 738.00 -72.78 -41.22
 739.00 -100.06 -28.17
 740.00 -63.73  -6.29
 741.00 -63.55 -48.49
 742.00 -52.20 -37.91
 743.00 -55.99 -58.11
 744.00 -63.76 -48.90
 745.00 -73.54 -45.88
 746.00 -66.26 -39.57
 747.00 -56.67 -48.55
 748.00 -82.61 -29.95
 749.00 -45.16 -33.33
 750.00 -61.61 -55.85
 751.00 -69.53 -51.46
 752.00 -63.91 -30.66
 753.00 -79.57 -30.43
 754.00 -63.83 -49.12
 755.00 -82.17 -46.17
 756.00 -127.28 -40.69
 757.00  43.34   6.38
 758.00  63.59  43.93
 759.00 -62.87   8.99
 760.00 -145.16 -31.86
 761.00 -85.41 154.80
 762.00 -80.02 103.66
 763.00 -48.69  63.52
 764.00 -159.15 -45.49
 765.00 -62.39 168.38
 766.00 -97.76 -27.54
 767.00 -114.17 -19.42
 768.00 -101.05  82.00
 769.00 -95.08 132.59
 770.00 -80.61 113.92
 771.00 -56.85 171.36
 772.00 -65.90 -35.51
 773.00 -52.96 -50.60
 774.00 -73.77 -23.03
 775.00 -58.36 -50.27
 776.00 -58.43 -52.83
 777.00 -88.70 -38.40
 778.00  54.15   4.45
 779.00 -81.80  -1.51
 780.00 -71.19  50.38
 781.00 -48.53 -76.46
 782.00 -63.65 -37.83
 783.00 -62.45 -46.89
 784.00 -57.72 -44.46
 785.00 -66.02 -38.91
 786.00 -67.39 -36.32
 787.00 -66.54 -32.06
 788.00 -48.72 -54.80
 789.00 -69.49 -36.25
 790.00 -78.33 -33.86
 791.00 -72.81 -26.40
 792.00 -74.89 -14.74
 793.00 -46.87 -45.70
 794.00 -81.43 -37.57
 795.00 -57.35 -44.05
 796.00 -75.86 -42.37
 797.00  53.70 -23.65
 798.00 -68.66  61.79
 799.00 -111.85 155.72
 800.00 -62.50 157.81
 801.00 -59.91 -35.80
 802.00 -63.81 -38.85
 803.00 -46.25 -60.98
 804.00 -57.13 -51.03
 805.00 -62.99 -49.21
 806.00 -80.16 -29.91
 807.00 -62.84 -37.82
 808.00 -61.39 -36.22
 809.00 -63.62 -47.70
 810.00 -71.22 -29.16
 811.00 -62.49 -26.61
 812.00 -92.24 -34.12
 813.00 -128.53  27.38
 814.00 -156.15  19.05
 815.00 -148.63 123.35
 816.00 -54.08 156.51
 817.00 -51.44 144.61
 818.00 -84.21 -32.44
 819.00  69.10   1.23
 820.00 -120.10 -166.46
 821.00 -75.57 175.31
 822.00 -105.06 -28.47
 823.00 -36.98  17.71
 824.00 -67.33 -45.59
 825.00 -86.98 -20.00
 826.00 -40.61 -52.44
 827.00 -52.48 -59.00
 828.00 -79.14 -33.14
 829.00 -75.00 -36.52
 830.00 -52.15 -42.69
 831.00 -57.67 -57.89
 832.00 -62.38 -37.72
 833.00 -64.25 -47.05
 834.00 -58.29 -35.97
 835.00 -60.76 -52.18
 836.00 -64.43 -37.61
 837.00 -59.55 -46.36
 838.00 -60.96 -45.49
 839.00 -100.50 -18.18
 840.00 -72.89 -36.52
 841.00 -54.25 -21.66
 842.00 -97.00 135.24
 843.00 -82.21  41.70
 844.00 -67.84 153.84
 845.00 -67.37 109.99
 846.00 -80.84  -1.92
 847.00 -115.05 -15.65
 848.00 -55.29  99.48
 849.00 -82.06 -22.75
 850.00 -98.05 -21.03
 851.00 -53.31 -34.01
 852.00 -54.82 -47.60
 853.00 -61.70 -52.91
 854.00 -65.98 -41.06
 855.00 -55.26 -41.36
 856.00 -66.68 -45.80
 857.00 -53.41 -49.00
 858.00 -68.54 -34.39
 859.00 -69.31 -47.03
 860.00 -69.82 -23.01
 861.00 -57.77 -49.30
 862.00 -49.13 -52.62
 863.00 -59.33 -43.67
 864.00 -70.05 -46.68
 865.00 -90.01  -3.64
 866.00 -68.59 -18.61
 867.00 -61.16 -44.34
 868.00 -65.45 -32.22
 869.00 -59.27 -55.46
 870.00 -60.91 -30.71
 871.00 -83.31 -36.79
 872.00 -48.08 -41.93
 873.00 -66.60 -48.61
 874.00 -64.95 -37.16
 875.00 -57.23 -49.73
 876.00 -73.39 -34.21
 877.00 -65.21 -41.21
 878.00 -74.28 -34.51
 879.00 -77.01 -29.20
 880.00 -73.13 -35.07
 881.00 -60.25 -26.24
 882.00 -157.70 -14.79
 883.00 -74.74  35.55
 884.00 -69.89 -40.78
 885.00 -60.29 -31.37
 886.00 -87.21 -42.43
 887.00  73.65   5.41
 888.00 -94.49  24.52
 889.00 -110.35 149.70
 890.00 -128.31 152.14
 891.00 -91.43 148.48
 892.00 -55.86 140.45
 893.00 -59.20 -46.08
 894.00 -75.58 -46.89
 895.00 -51.16 -43.91
 896.00 -75.24 -32.84
 897.00 -66.59 -34.34
 898.00 -69.25 -39.78
 899.00 -76.58 -33.36
 900.00 -101.67 -43.93
 901.00 -105.46 -36.10
 902.00 -54.96 -42.38
 903.00 -69.99 -28.99
 904.00 -64.13 -30.04
 905.00 -78.32 -28.27
 906.00 -60.62 -46.68
 907.00 -71.89 -42.52
 908.00  72.24  -6.13
 909.00 -81.35  22.54
 910.00 -109.48 -31.99
 911.00 -146.75 138.96
 912.00 -66.23 141.69
 913.00 -82.73 143.56
 914.00 -89.80  93.34
 915.00 -92.13 145.20
 916.00 -111.06 -25.77
 917.00 -107.63 148.12


