 residuo Phi Psi
 669.00 -62.72 127.82
 670.00 -65.56 153.35
 671.00 -63.79 148.00
 672.00 -41.15 -19.92
 673.00 -84.10 -35.48
 674.00 -82.87 -23.22
 675.00 -68.20 -34.17
 676.00 -53.27 -46.77
 677.00 -80.68 -33.00
 678.00 -79.32 -24.17
 679.00 -81.28 -37.80
 680.00 -82.12   8.97
 681.00 -68.35 121.89
 682.00 -74.93 155.57
 683.00 -61.03 166.46
 684.00 -117.07 131.31
 685.00 -81.80 137.31
 686.00 -79.34 157.89
 687.00  56.62 -10.83
 688.00 -77.19  27.63
 689.00 -86.61 118.40
 690.00 -64.58  97.27
 691.00 -59.79 -10.33
 692.00 -77.24 -38.15
 693.00 -57.46 148.45
 694.00 -66.77 144.16
 695.00 -156.74 137.91
 696.00 -36.82 150.88
 697.00 -57.74 -58.81
 698.00 -68.54 -51.57
 699.00 -57.57 -39.67
 700.00 -79.35 -49.86
 701.00 -73.79 -24.34
 702.00 -65.95 -36.78
 703.00 -57.85 -33.37
 704.00 -63.27 -49.57
 705.00 -71.84 -38.98
 706.00 -52.30 -41.20
 707.00 -53.89 -41.24
 708.00 -53.76 -56.11
 709.00 -73.05 -46.04
 710.00 -82.05 -16.81
 711.00 -55.09 -44.70
 712.00 -57.93 -53.74
 713.00 -59.45 -42.17
 714.00 -46.52 -58.45
 715.00 -64.11 -39.44
 716.00 -60.49 -42.98
 717.00 -70.52 -40.90
 718.00 -60.15 -41.02
 719.00 -49.19 -33.74
 720.00 -120.19 -24.09
 721.00 -64.44 -20.60
 722.00 -59.68 116.49
 723.00  82.73 156.83
 724.00 -55.76 -33.06
 725.00 -45.69 -26.40
 726.00 -78.27 -29.57
 727.00 -94.10  -6.85
 728.00 -70.33 156.59
 729.00 -53.98 151.50
 730.00 -58.99 -36.51
 731.00 -68.03 -50.40
 732.00 -66.76 -29.86
 733.00 -59.12 -49.44
 734.00 -61.36 -31.64
 735.00 -65.76 -55.09
 736.00 -59.81 -37.62
 737.00 -69.61 -46.02
 738.00 -90.00 -37.83
 739.00 -91.24 -14.48
 740.00 -56.85 -19.73
 741.00 -73.63 -35.23
 742.00 -56.13 -56.21
 743.00 -49.42 -44.31
 744.00 -75.86 -42.23
 745.00 -68.31 -51.38
 746.00 -57.37 -35.46
 747.00 -58.98 -60.93
 748.00 -66.48 -31.89
 749.00 -69.94 -39.74
 750.00 -74.99 -26.27
 751.00 -51.33 -51.06
 752.00 -66.12 -49.47
 753.00 -47.56 -42.10
 754.00 -78.05 -58.91
 755.00 -84.17 -38.21
 756.00 -142.13 -33.67
 757.00  54.68  22.93
 758.00  55.09  38.70
 759.00 -71.02  15.34
 760.00 -134.44 -27.94
 761.00 -94.79 155.49
 762.00 -93.92 122.45
 763.00 -48.09  50.49
 764.00 -151.76 -46.36
 765.00 -57.70 155.42
 766.00 -90.64 -23.80
 767.00 -89.53 -36.45
 768.00 -81.99  59.96
 769.00 -82.56 115.22
 770.00 -61.77  92.73
 771.00 -56.47 169.16
 772.00 -74.78 -29.92
 773.00 -67.49 -40.13
 774.00 -55.21 -33.09
 775.00 -81.82 -35.88
 776.00 -48.53 -53.52
 777.00 -97.31 -28.60
 778.00  52.79   6.89
 779.00 -121.98  39.19
 780.00 -63.89  11.04
 781.00 -57.10 -42.84
 782.00 -73.91 -42.05
 783.00 -72.40 -34.49
 784.00 -47.36 -42.27
 785.00 -58.54 -51.89
 786.00 -61.14 -52.18
 787.00 -74.03 -23.81
 788.00 -62.70 -47.99
 789.00 -53.58 -47.33
 790.00 -62.12 -49.03
 791.00 -57.71 -38.27
 792.00 -87.10 -23.32
 793.00 -68.22 -14.72
 794.00 -68.09 -33.77
 795.00 -61.71 -57.19
 796.00 -93.29 -26.69
 797.00  45.95  -2.33
 798.00 -63.06  50.99
 799.00 -88.43 139.99
 800.00 -53.48 161.78
 801.00 -81.57 -31.78
 802.00 -58.98 -33.27
 803.00 -50.68 -60.44
 804.00 -71.37 -43.90
 805.00 -64.65 -42.02
 806.00 -75.63 -34.29
 807.00 -84.22 -27.13
 808.00 -67.86 -26.30
 809.00 -66.09 -43.14
 810.00 -52.59 -36.47
 811.00 -56.98 -42.37
 812.00 -107.87 -31.53
 813.00 -132.03  36.53
 814.00 -158.10  18.43
 815.00 -141.32 116.31
 816.00 -72.09 175.13
 817.00 -51.89 146.92
 818.00 -73.95 -38.89
 819.00  90.93  -6.98
 820.00 -67.37 161.35
 821.00 -53.36 167.54
 822.00 -111.00 -40.28
 823.00 -60.51  52.16
 824.00 -65.93 -35.81
 825.00 -71.46 -35.14
 826.00 -66.94 -42.52
 827.00 -64.69 -37.10
 828.00 -72.90 -34.50
 829.00 -72.05 -28.09
 830.00 -50.31 -54.95
 831.00 -57.86 -48.87
 832.00 -55.38 -38.26
 833.00 -87.38 -37.02
 834.00 -55.84 -35.09
 835.00 -65.09 -40.56
 836.00 -83.06 -23.87
 837.00 -58.76 -41.03
 838.00 -67.14 -33.97
 839.00 -102.90 -17.88
 840.00 -83.51 -54.43
 841.00 -46.65  -5.20
 842.00 -70.44 126.89
 843.00 -90.20  37.48
 844.00 -80.35 151.15
 845.00 -47.60  95.43
 846.00 -58.40 -17.51
 847.00 -125.70 -19.01
 848.00 -53.65 100.74
 849.00 -66.26 -28.89
 850.00 -56.19 -43.32
 851.00 -71.52 -50.00
 852.00 -64.68 -43.87
 853.00 -70.95 -40.17
 854.00 -63.72 -35.05
 855.00 -66.98 -41.66
 856.00 -61.71 -35.77
 857.00 -76.78 -44.29
 858.00 -73.65 -25.70
 859.00 -65.37 -40.18
 860.00 -73.81 -28.00
 861.00 -66.82 -38.16
 862.00 -60.88 -52.79
 863.00 -82.52 -14.42
 864.00 -61.06 -44.87
 865.00 -68.18 -27.03
 866.00 -66.63 -36.42
 867.00 -78.68 -27.19
 868.00 -82.55 -26.29
 869.00 -61.39 -24.06
 870.00 -53.28 -36.63
 871.00 -61.22 -50.57
 872.00 -74.40 -42.89
 873.00 -56.80 -28.54
 874.00 -55.56 -58.33
 875.00 -69.68 -43.74
 876.00 -74.98 -39.67
 877.00 -47.27 -44.39
 878.00 -69.91 -49.30
 879.00 -84.42 -16.81
 880.00 -53.54 -41.73
 881.00 -75.11 -37.51
 882.00 -138.37  -2.11
 883.00 -53.67  16.33
 884.00 -80.38 -26.46
 885.00 -62.95 -37.00
 886.00 -83.42 -50.21
 887.00  52.92  -0.93
 888.00 -98.24  39.67
 889.00 -89.52 129.82
 890.00 -108.49 126.92
 891.00 -82.56 136.03
 892.00 -49.11 146.37
 893.00 -43.85 -75.41
 894.00 -76.32 -32.95
 895.00 -62.37 -46.56
 896.00 -58.48 -32.05
 897.00 -68.52 -45.02
 898.00 -71.05 -38.64
 899.00 -86.62 -17.57
 900.00 -112.90 -35.84
 901.00 -86.19 -48.58
 902.00 -63.55 -33.99
 903.00 -64.80 -27.89
 904.00 -73.68 -25.41
 905.00 -55.04 -45.45
 906.00 -71.72 -46.21
 907.00 -84.62 -18.94
 908.00  86.30 -23.24
 909.00 -62.99 -11.93
 910.00 -114.80 -23.77
 911.00 -158.93 143.45
 912.00 -63.01 136.84
 913.00 -83.78 145.89
 914.00 -55.81  71.99
 915.00 -71.17 134.76
 916.00 -124.60 -29.85
 917.00 -54.34 143.68


