 residuo Phi Psi
 669.00 -77.86 -48.87
 670.00 -43.81 158.11
 671.00 -52.23 145.36
 672.00 -57.19 -46.18
 673.00 -56.64 -41.02
 674.00 -59.88 -42.97
 675.00 -84.30 -32.01
 676.00 -52.94 -52.62
 677.00 -52.79 -54.54
 678.00 -67.39 -42.96
 679.00 -85.67 -37.42
 680.00 -64.80  -8.45
 681.00 -62.55 116.36
 682.00 -61.59 148.11
 683.00 -61.76 152.10
 684.00 -96.51 125.87
 685.00 -71.64 130.62
 686.00 -76.26 147.58
 687.00  86.58 -22.85
 688.00 -76.00  15.90
 689.00 -111.63 150.74
 690.00 -103.31 126.87
 691.00 -78.90   1.47
 692.00 -83.56 -36.87
 693.00 -61.50 141.39
 694.00 -61.11 132.09
 695.00 -148.84 147.45
 696.00 -43.82 162.50
 697.00 -67.10 -58.22
 698.00 -74.27 -28.21
 699.00 -57.07 -51.28
 700.00 -68.93 -59.82
 701.00 -59.95 -33.84
 702.00 -59.03 -48.94
 703.00 -60.17 -35.08
 704.00 -75.33 -38.11
 705.00 -59.53 -33.86
 706.00 -52.20 -50.07
 707.00 -70.90 -37.72
 708.00 -73.02 -41.75
 709.00 -67.42 -22.00
 710.00 -67.75 -55.47
 711.00 -54.27 -25.87
 712.00 -62.51 -53.68
 713.00 -60.76 -39.20
 714.00 -59.00 -50.83
 715.00 -71.70 -41.77
 716.00 -62.13 -36.42
 717.00 -69.18 -39.39
 718.00 -58.72 -46.95
 719.00 -64.99 -44.62
 720.00 -100.79  -9.83
 721.00 -67.11 -21.78
 722.00 -53.60 124.21
 723.00  92.94 121.53
 724.00 -61.55 -15.34
 725.00 -64.30 -36.92
 726.00 -63.78  -9.12
 727.00 -71.29 -25.27
 728.00 -55.47 137.77
 729.00 -56.38 148.49
 730.00 -74.68 -27.32
 731.00 -90.00 -22.92
 732.00 -55.29 -26.94
 733.00 -60.35 -45.56
 734.00 -54.66 -38.97
 735.00 -74.66 -58.67
 736.00 -74.16 -18.71
 737.00 -53.20 -55.55
 738.00 -83.25 -40.65
 739.00 -89.18 -25.12
 740.00 -57.46   1.10
 741.00 -67.18 -56.33
 742.00 -61.78 -40.97
 743.00 -69.74 -45.52
 744.00 -60.54 -34.74
 745.00 -72.41 -59.15
 746.00 -79.26 -18.65
 747.00 -70.29 -31.90
 748.00 -72.55 -24.95
 749.00 -72.07 -39.80
 750.00 -63.95 -32.79
 751.00 -50.58 -56.06
 752.00 -63.19 -47.43
 753.00 -74.18 -33.31
 754.00 -54.95 -60.05
 755.00 -79.58 -50.16
 756.00 -148.92 -35.00
 757.00  49.48  32.48
 758.00  59.81  33.09
 759.00 -59.39  13.01
 760.00 -132.89 -44.73
 761.00 -104.03 171.87
 762.00 -95.43 102.21
 763.00 -64.71  74.21
 764.00 -146.92 -52.94
 765.00 -52.21 154.10
 766.00 -102.12 -21.30
 767.00 -128.15 -10.03
 768.00 -70.77  51.96
 769.00 -104.01 136.20
 770.00 -54.98  87.10
 771.00 -61.13 164.91
 772.00 -70.36 -29.36
 773.00 -61.54 -35.20
 774.00 -63.43 -37.76
 775.00 -85.09 -32.77
 776.00 -64.37 -54.59
 777.00 -68.20 -29.11
 778.00  55.64  -3.73
 779.00 -55.69 -20.46
 780.00 -48.36   6.01
 781.00 -55.10 -55.11
 782.00 -70.38 -41.44
 783.00 -50.73 -42.87
 784.00 -55.50 -45.00
 785.00 -71.18 -43.24
 786.00 -64.70 -41.52
 787.00 -56.92 -34.24
 788.00 -54.35 -60.36
 789.00 -75.44 -29.20
 790.00 -64.02 -39.55
 791.00 -60.95 -35.38
 792.00 -76.57 -17.04
 793.00 -60.49 -33.07
 794.00 -67.80 -54.69
 795.00 -56.39 -44.65
 796.00 -81.32 -36.36
 797.00  60.67 -18.22
 798.00 -66.08  55.01
 799.00 -90.01 135.69
 800.00 -61.46 159.75
 801.00 -45.58 -39.91
 802.00 -69.57 -50.88
 803.00 -55.10 -47.39
 804.00 -73.29 -43.81
 805.00 -66.27 -39.30
 806.00 -55.81 -46.77
 807.00 -82.61 -29.23
 808.00 -51.19 -31.68
 809.00 -76.76 -47.26
 810.00 -68.11 -27.40
 811.00 -71.95 -13.68
 812.00 -109.27 -18.06
 813.00 -138.33  41.25
 814.00 -148.72  20.75
 815.00 -146.93 126.81
 816.00 -62.02 159.66
 817.00 -75.62 158.87
 818.00 -61.89 -35.81
 819.00  76.14 -20.42
 820.00 -80.58 168.66
 821.00 -78.14 167.04
 822.00 -98.78 -23.35
 823.00 -65.02  41.17
 824.00 -51.72 -40.37
 825.00 -63.80 -50.78
 826.00 -73.33 -34.24
 827.00 -63.00 -46.10
 828.00 -65.90 -31.68
 829.00 -76.24 -50.10
 830.00 -61.12 -32.00
 831.00 -69.97 -40.14
 832.00 -68.62 -31.16
 833.00 -74.23 -46.39
 834.00 -46.27 -37.64
 835.00 -68.35 -56.94
 836.00 -72.00 -32.02
 837.00 -63.53 -32.89
 838.00 -38.33 -56.09
 839.00 -53.30 -52.98
 840.00 -121.23 -25.39
 841.00 -62.87  -7.07
 842.00 -88.80 155.42
 843.00 -169.81 126.91
 844.00 -90.36 170.40
 845.00 -46.08  76.29
 846.00 -64.54 -26.00
 847.00 -92.22 -30.68
 848.00 -63.34 149.50
 849.00 -126.73 -33.56
 850.00 -58.80   2.91
 851.00 -71.08 -52.22
 852.00 -58.29 -48.13
 853.00 -60.07 -43.72
 854.00 -61.06 -41.88
 855.00 -48.56 -51.33
 856.00 -58.35 -45.75
 857.00 -63.12 -42.34
 858.00 -62.54 -36.37
 859.00 -64.04 -55.24
 860.00 -51.41 -34.57
 861.00 -55.17 -48.76
 862.00 -55.64 -52.60
 863.00 -69.58 -41.29
 864.00 -67.07 -26.72
 865.00 -80.02 -21.00
 866.00 -65.90 -17.68
 867.00 -51.72 -62.62
 868.00 -74.90 -35.99
 869.00 -48.74 -43.18
 870.00 -67.97 -57.40
 871.00 -66.85 -28.13
 872.00 -74.83 -38.55
 873.00 -56.31 -33.62
 874.00 -59.46 -42.41
 875.00 -67.56 -45.04
 876.00 -78.97 -35.89
 877.00 -64.61 -32.25
 878.00 -73.60 -43.86
 879.00 -72.03 -25.00
 880.00 -61.16 -33.34
 881.00 -65.31 -52.51
 882.00 -129.54  -6.70
 883.00 -58.57  17.84
 884.00 -74.96 -36.00
 885.00 -80.59 -30.44
 886.00 -97.09 -28.82
 887.00  72.04   3.49
 888.00 -87.47  16.10
 889.00 -76.06 122.09
 890.00 -124.30 138.73
 891.00 -69.98 123.61
 892.00 -62.03 140.53
 893.00 -52.72 -37.74
 894.00 -72.47 -47.97
 895.00 -68.82 -31.33
 896.00 -61.84 -37.22
 897.00 -53.42 -41.17
 898.00 -63.25 -63.68
 899.00 -52.34 -46.10
 900.00 -105.33 -44.20
 901.00 -85.27 -41.21
 902.00 -61.62 -48.29
 903.00 -50.14 -24.54
 904.00 -71.72 -45.00
 905.00 -74.10 -25.06
 906.00 -83.66 -44.36
 907.00 -74.74 -34.90
 908.00  85.95  -8.74
 909.00 -73.05   5.52
 910.00 -112.54  -7.80
 911.00 -126.51 143.13
 912.00 -57.19 134.77
 913.00 -92.75 141.68
 914.00 -93.01 117.00
 915.00 -66.50 131.19
 916.00 -82.88 -52.87
 917.00 -80.67 124.54


