 residuo Phi Psi
 669.00 -115.98 130.09
 670.00 -79.37 161.37
 671.00 -165.28 176.47
 672.00 -50.97 -11.26
 673.00 -71.53 -51.17
 674.00 -54.80 -39.50
 675.00 -75.12 -29.31
 676.00 -54.19 -50.76
 677.00 -57.32 -47.50
 678.00 -78.64 -33.80
 679.00 -102.66 -23.61
 680.00 -64.92   3.14
 681.00 -65.64 113.63
 682.00 -66.50 160.41
 683.00 -63.70 133.81
 684.00 -80.04 118.78
 685.00 -91.13 145.11
 686.00 -86.23 166.94
 687.00  87.76 -24.59
 688.00 -83.05  18.94
 689.00 -132.81 151.32
 690.00 -70.78 112.01
 691.00 -91.18   0.88
 692.00 -66.61 -23.77
 693.00 -95.21 161.50
 694.00 -70.35 136.52
 695.00 -161.93 151.51
 696.00 -53.03 158.39
 697.00 -46.99 -49.56
 698.00 -76.53 -59.97
 699.00 -53.03 -42.17
 700.00 -72.72 -59.50
 701.00 -64.61 -27.16
 702.00 -77.96 -40.04
 703.00 -77.01 -22.07
 704.00 -51.97 -40.84
 705.00 -59.54 -40.18
 706.00 -54.05 -60.10
 707.00 -59.83 -35.88
 708.00 -66.73 -36.07
 709.00 -56.74 -44.86
 710.00 -61.40 -49.37
 711.00 -63.32 -37.27
 712.00 -57.56 -54.57
 713.00 -73.46 -27.98
 714.00 -63.00 -44.84
 715.00 -60.59 -33.19
 716.00 -65.05 -52.02
 717.00 -83.81 -29.66
 718.00 -64.76 -33.60
 719.00 -62.22 -36.19
 720.00 -94.99 -19.76
 721.00 -52.97 -18.25
 722.00 -76.31 138.19
 723.00  69.40 154.98
 724.00 -62.51 -14.11
 725.00 -64.74 -28.20
 726.00 -64.54  -9.97
 727.00 -89.26 -19.71
 728.00 -74.27 145.68
 729.00 -47.55 154.27
 730.00 -74.43 -43.43
 731.00 -75.80 -26.94
 732.00 -52.12 -42.96
 733.00 -49.56 -53.29
 734.00 -57.96 -50.35
 735.00 -77.07 -53.45
 736.00 -63.84 -22.29
 737.00 -72.15 -46.72
 738.00 -81.09 -23.86
 739.00 -81.12 -43.55
 740.00 -28.05 -16.32
 741.00 -70.63 -65.30
 742.00 -58.02 -52.59
 743.00 -59.40 -44.43
 744.00 -61.70 -54.58
 745.00 -82.32 -33.89
 746.00 -57.61 -32.62
 747.00 -62.29 -46.32
 748.00 -59.26 -43.79
 749.00 -55.53 -39.71
 750.00 -78.12 -37.68
 751.00 -54.89 -43.55
 752.00 -62.03 -45.84
 753.00 -77.58 -30.31
 754.00 -82.92 -41.79
 755.00 -81.42 -50.58
 756.00 -139.20 -29.96
 757.00  59.05  16.19
 758.00  63.92  41.37
 759.00 -86.81  -3.59
 760.00 -137.72 -13.43
 761.00 -78.44 142.89
 762.00 -72.78  93.42
 763.00 -57.20  69.81
 764.00 -148.78 -56.35
 765.00 -54.86 155.49
 766.00 -80.85 -40.73
 767.00 -129.21 -15.25
 768.00 -113.09  96.30
 769.00 -90.08 143.58
 770.00 -73.40 111.61
 771.00 -54.88 164.59
 772.00 -48.40 -37.94
 773.00 -63.61 -49.56
 774.00 -59.44 -27.81
 775.00 -73.66 -52.28
 776.00 -65.33 -38.76
 777.00 -82.71 -36.65
 778.00  59.66   6.83
 779.00 -136.63  32.71
 780.00 -55.09  34.50
 781.00 -51.25 -49.50
 782.00 -61.85 -49.56
 783.00 -79.71 -37.76
 784.00 -56.42 -25.77
 785.00 -62.04 -50.49
 786.00 -62.31 -42.94
 787.00 -54.20 -51.30
 788.00 -71.90 -37.16
 789.00 -62.05 -31.10
 790.00 -57.98 -52.17
 791.00 -69.96 -40.38
 792.00 -77.80 -23.11
 793.00 -53.34 -38.74
 794.00 -83.97 -29.54
 795.00 -68.90 -41.30
 796.00 -86.74 -36.82
 797.00  44.56  -4.20
 798.00 -72.18  65.20
 799.00 -61.75 122.52
 800.00 -61.92 145.89
 801.00 -53.95 -35.11
 802.00 -70.74 -39.64
 803.00 -54.59 -48.92
 804.00 -53.77 -60.15
 805.00 -73.45 -34.52
 806.00 -70.43 -32.18
 807.00 -62.88 -39.51
 808.00 -68.71 -34.52
 809.00 -63.85 -48.50
 810.00 -44.87 -41.48
 811.00 -63.55 -29.63
 812.00 -86.59 -44.11
 813.00 -147.52  45.51
 814.00 -143.73   1.81
 815.00 -146.70 127.86
 816.00 -53.32 151.34
 817.00 -62.02 146.56
 818.00 -88.35 -37.72
 819.00  77.23  15.44
 820.00 -85.92 179.75
 821.00 -53.60 156.87
 822.00 -126.04 -32.12
 823.00 -48.14  42.45
 824.00 -55.64 -33.24
 825.00 -81.25 -29.13
 826.00 -62.29 -45.06
 827.00 -53.98 -31.49
 828.00 -58.91 -58.00
 829.00 -58.79 -45.24
 830.00 -60.14 -54.46
 831.00 -68.27 -40.39
 832.00 -66.58 -35.54
 833.00 -65.24 -44.75
 834.00 -69.22 -25.91
 835.00 -70.65 -41.55
 836.00 -78.88 -28.44
 837.00 -67.11 -29.78
 838.00 -67.04 -42.80
 839.00 -69.11 -24.65
 840.00 -112.26 -28.23
 841.00 -67.80  12.13
 842.00 -81.53 150.09
 843.00 -152.17 110.75
 844.00 -71.60 152.46
 845.00 -46.11  79.32
 846.00 -62.09 -28.90
 847.00 -102.21 -23.93
 848.00 -72.23 100.96
 849.00 -64.39  -6.14
 850.00 -66.91 -33.40
 851.00 -71.07 -31.25
 852.00 -57.62 -39.44
 853.00 -62.18 -46.03
 854.00 -66.57 -38.81
 855.00 -71.45 -29.03
 856.00 -79.72 -30.58
 857.00 -64.86 -33.16
 858.00 -83.12 -32.06
 859.00 -63.90 -39.17
 860.00 -70.97 -25.10
 861.00 -65.65 -33.57
 862.00 -60.76 -48.89
 863.00 -52.76 -44.11
 864.00 -66.19 -40.31
 865.00 -76.13 -19.68
 866.00 -40.22 -50.90
 867.00 -61.03 -44.19
 868.00 -62.49 -37.17
 869.00 -82.35 -39.43
 870.00 -47.17 -36.29
 871.00 -73.75 -36.72
 872.00 -73.53 -47.70
 873.00 -60.72 -23.10
 874.00 -63.96 -50.58
 875.00 -60.78 -38.97
 876.00 -55.81 -54.51
 877.00 -58.71 -45.18
 878.00 -62.00 -47.67
 879.00 -53.61 -46.03
 880.00 -67.62 -34.80
 881.00 -75.99 -29.71
 882.00 -80.42 -53.84
 883.00 -25.49 -10.53
 884.00 -71.35 -57.42
 885.00 -74.11 -33.44
 886.00 -110.36 -19.16
 887.00  64.57   8.96
 888.00 -75.41  13.61
 889.00 -103.34 133.89
 890.00 -126.63 150.06
 891.00 -58.98 130.39
 892.00 -52.93 148.47
 893.00 -79.67 -41.58
 894.00 -79.01 -19.42
 895.00 -55.55 -45.72
 896.00 -51.29 -43.68
 897.00 -66.12 -53.01
 898.00 -71.19 -42.78
 899.00 -95.04 -35.28
 900.00 -126.61 -10.79
 901.00 -110.13 -41.61
 902.00 -61.08 -35.02
 903.00 -56.50 -45.30
 904.00 -47.25 -41.20
 905.00 -66.30 -44.83
 906.00 -61.90 -53.30
 907.00 -114.62 -18.67
 908.00  72.97  17.41
 909.00 -79.63  12.54
 910.00 -121.17 -21.51
 911.00 -116.28 134.09
 912.00 -66.89 140.66
 913.00 -78.68 137.76
 914.00 -98.03 131.41
 915.00 -82.28 152.56
 916.00 -108.89 -39.07
 917.00 -117.32 149.25


