 residuo Phi Psi
 669.00 -67.74 153.54
 670.00 -66.74 119.09
 671.00 -129.63 137.98
 672.00 -44.13 -13.94
 673.00 -62.55 -40.43
 674.00 -78.81 -30.61
 675.00 -56.91 -38.43
 676.00 -68.84 -53.91
 677.00 -59.14 -35.59
 678.00 -80.48 -29.98
 679.00 -98.04 -23.37
 680.00 -67.18  -8.87
 681.00 -65.83 119.54
 682.00 -82.21 176.21
 683.00 -70.30 -161.31
 684.00 -129.30 150.54
 685.00 -85.75 118.18
 686.00 -84.12 161.57
 687.00  75.54 -21.96
 688.00 -68.67  15.05
 689.00 -63.81 145.96
 690.00 -51.17  53.47
 691.00 -69.87 -17.25
 692.00 -80.16 -28.78
 693.00 -72.08 159.03
 694.00 -58.61 136.49
 695.00 -151.75 131.71
 696.00 -39.68 144.40
 697.00 -77.64 -59.79
 698.00 -58.45 -36.65
 699.00 -62.60 -51.60
 700.00 -72.09 -44.64
 701.00 -61.38 -36.78
 702.00 -70.49 -39.57
 703.00 -66.34 -32.96
 704.00 -59.89 -39.65
 705.00 -66.07 -35.49
 706.00 -58.65 -41.97
 707.00 -51.00 -44.95
 708.00 -75.54 -37.66
 709.00 -67.97 -32.87
 710.00 -68.28 -45.53
 711.00 -58.34 -42.94
 712.00 -63.05 -35.59
 713.00 -67.16 -43.78
 714.00 -68.25 -35.65
 715.00 -69.11 -40.04
 716.00 -54.08 -42.94
 717.00 -77.08 -30.47
 718.00 -68.19 -49.20
 719.00 -61.03 -27.77
 720.00 -131.51   1.78
 721.00 -56.73 -13.00
 722.00 -58.95 132.16
 723.00  73.80 130.18
 724.00 -62.77  -6.09
 725.00 -76.59 -33.46
 726.00 -76.99   8.53
 727.00 -94.37  -1.79
 728.00 -70.72 152.97
 729.00 -51.48 147.73
 730.00 -65.88 -38.76
 731.00 -82.86 -30.75
 732.00 -53.43 -37.70
 733.00 -57.71 -57.17
 734.00 -54.98 -42.04
 735.00 -70.11 -60.18
 736.00 -63.31 -16.59
 737.00 -83.67 -46.56
 738.00 -98.45  -9.49
 739.00 -72.92 -39.23
 740.00 -53.46  -9.22
 741.00 -61.09 -52.07
 742.00 -61.42 -51.21
 743.00 -62.25 -41.02
 744.00 -64.15 -59.73
 745.00 -65.20 -33.80
 746.00 -64.41 -52.95
 747.00 -63.03 -34.09
 748.00 -73.94 -36.79
 749.00 -60.45 -29.19
 750.00 -70.58 -48.51
 751.00 -59.28 -42.17
 752.00 -70.88 -33.52
 753.00 -45.52 -48.28
 754.00 -62.02 -71.74
 755.00 -75.04 -49.65
 756.00 -138.72 -32.22
 757.00  29.07  30.67
 758.00  65.33  45.20
 759.00 -61.33  -9.63
 760.00 -125.95 -28.90
 761.00 -91.09 162.18
 762.00 -84.94 100.64
 763.00 -58.05  69.67
 764.00 -146.95 -50.10
 765.00 -60.46 154.03
 766.00 -97.64 -21.99
 767.00 -151.41   1.20
 768.00 -78.66  65.84
 769.00 -81.74 116.44
 770.00 -77.17 109.21
 771.00 -47.90 161.12
 772.00 -73.65 -24.75
 773.00 -65.10 -46.88
 774.00 -58.47 -32.37
 775.00 -64.75 -43.85
 776.00 -58.98 -54.28
 777.00 -75.70 -33.03
 778.00  71.17  -9.92
 779.00 -72.70 -29.13
 780.00 -61.79  37.62
 781.00 -62.85 -49.64
 782.00 -68.90 -34.75
 783.00 -75.70 -31.35
 784.00 -53.39 -40.63
 785.00 -63.73 -52.68
 786.00 -63.74 -37.68
 787.00 -66.01 -35.60
 788.00 -55.82 -43.28
 789.00 -64.42 -29.23
 790.00 -75.15 -42.11
 791.00 -50.22 -32.85
 792.00 -73.44 -36.07
 793.00 -64.28 -27.67
 794.00 -85.47 -38.98
 795.00 -72.65 -35.07
 796.00 -97.53 -23.05
 797.00  54.83 -19.11
 798.00 -72.76  72.22
 799.00 -74.80 122.30
 800.00 -60.27 147.34
 801.00 -53.12 -37.39
 802.00 -58.57 -45.31
 803.00 -66.51 -50.83
 804.00 -72.79 -42.37
 805.00 -75.28 -26.84
 806.00 -55.36 -48.87
 807.00 -67.89 -36.13
 808.00 -50.11 -44.66
 809.00 -67.79 -46.22
 810.00 -74.63 -19.65
 811.00 -69.30 -31.12
 812.00 -93.39 -22.94
 813.00 -134.82  36.51
 814.00 -150.19  11.80
 815.00 -143.19 124.27
 816.00 -48.17 168.25
 817.00 -74.46 155.25
 818.00 -105.84 -28.88
 819.00 112.00   2.81
 820.00 -73.65 177.52
 821.00 -73.53 161.69
 822.00 -115.04 -26.06
 823.00 -49.87  55.54
 824.00 -53.92 -35.44
 825.00 -83.17 -39.86
 826.00 -76.80 -20.89
 827.00 -57.43 -41.13
 828.00 -74.24 -44.23
 829.00 -58.50 -42.40
 830.00 -70.73 -33.17
 831.00 -66.86 -38.29
 832.00 -66.37 -33.78
 833.00 -80.87 -39.69
 834.00 -49.24 -36.27
 835.00 -72.42 -49.98
 836.00 -67.58 -27.11
 837.00 -50.01 -52.93
 838.00 -67.47 -45.74
 839.00 -84.71 -12.63
 840.00 -80.69 -52.20
 841.00 -54.78 -18.82
 842.00 -77.17 151.05
 843.00 -159.91 105.31
 844.00 -78.52 163.30
 845.00 -60.21  89.35
 846.00 -68.87 -19.82
 847.00 -124.56 -18.39
 848.00 -48.31  77.35
 849.00 -59.53 -11.89
 850.00 -56.33 -47.78
 851.00 -63.66 -45.09
 852.00 -59.92 -40.90
 853.00 -67.35 -41.50
 854.00 -49.50 -48.89
 855.00 -68.68 -40.95
 856.00 -60.01 -45.50
 857.00 -56.50 -45.30
 858.00 -70.33 -37.96
 859.00 -71.16 -45.62
 860.00 -55.73 -33.52
 861.00 -70.52 -35.58
 862.00 -62.98 -47.22
 863.00 -59.40 -51.04
 864.00 -79.20 -15.26
 865.00 -66.82 -23.10
 866.00 -42.20 -44.14
 867.00 -68.59 -54.21
 868.00 -70.26 -29.53
 869.00 -68.62 -36.45
 870.00 -65.57 -46.19
 871.00 -54.61 -38.29
 872.00 -59.58 -53.92
 873.00 -74.47 -36.14
 874.00 -65.26 -29.70
 875.00 -62.51 -47.09
 876.00 -75.94 -40.98
 877.00 -58.39 -43.16
 878.00 -68.60 -44.81
 879.00 -70.68 -27.06
 880.00 -63.40 -42.95
 881.00 -56.51 -40.78
 882.00 -98.95 -34.55
 883.00 -55.41  15.41
 884.00 -65.24 -37.99
 885.00 -108.95 -16.28
 886.00 -66.23 -44.86
 887.00  59.49 -15.52
 888.00 -98.06  40.86
 889.00 -86.63 123.14
 890.00 -123.24 129.26
 891.00 -59.43 129.84
 892.00 -67.32 157.07
 893.00 -82.37 -25.89
 894.00 -62.53 -39.55
 895.00 -72.64 -44.39
 896.00 -50.65 -37.01
 897.00 -62.59 -55.20
 898.00 -54.74 -47.63
 899.00 -92.48 -39.20
 900.00 -103.07 -25.78
 901.00 -92.29 -55.36
 902.00 -52.38 -45.23
 903.00 -63.14 -48.07
 904.00 -67.22 -17.03
 905.00 -71.89 -31.45
 906.00 -67.61 -43.41
 907.00 -90.48 -39.39
 908.00  66.49  14.22
 909.00 -79.35  21.19
 910.00 -128.89 -16.50
 911.00 -123.86 140.92
 912.00 -66.00 142.52
 913.00 -98.36 154.36
 914.00 -100.72 131.62
 915.00 -71.59 148.36
 916.00 -106.41 -43.40
 917.00 -155.28 110.07


