 residuo Phi Psi
 669.00 -75.80 143.44
 670.00 -65.59 138.23
 671.00 -59.77 152.01
 672.00 -57.20 -36.69
 673.00 -57.70 -57.60
 674.00 -64.30 -31.52
 675.00 -84.93 -36.70
 676.00 -67.61 -27.71
 677.00 -87.10 -24.93
 678.00 -72.36 -33.72
 679.00 -94.54 -21.50
 680.00 -75.24   0.15
 681.00 -88.76 128.74
 682.00 -73.40 163.73
 683.00 -79.01 177.81
 684.00 -125.69 137.33
 685.00 -86.68 128.16
 686.00 -67.11 148.21
 687.00  77.25 -25.74
 688.00 -61.94  13.69
 689.00 -93.54 125.57
 690.00 -66.27  75.39
 691.00 -68.50  -3.11
 692.00 -108.57 -14.80
 693.00 -79.35 162.09
 694.00 -65.37 147.33
 695.00 -156.59 155.42
 696.00 -55.61 155.91
 697.00 -58.80 -61.16
 698.00 -83.60 -39.28
 699.00 -68.59 -28.84
 700.00 -85.17 -38.59
 701.00 -64.38 -35.97
 702.00 -71.49 -33.38
 703.00 -76.85 -24.34
 704.00 -78.75 -32.10
 705.00 -60.08 -39.00
 706.00 -50.04 -54.68
 707.00 -58.77 -34.97
 708.00 -69.45 -48.24
 709.00 -46.39 -48.94
 710.00 -77.29 -45.77
 711.00 -62.28 -37.61
 712.00 -53.53 -44.86
 713.00 -73.37 -45.10
 714.00 -78.08 -23.45
 715.00 -59.55 -35.69
 716.00 -43.93 -52.57
 717.00 -70.57 -45.11
 718.00 -56.37 -47.59
 719.00 -63.80 -43.19
 720.00 -126.16  -2.11
 721.00 -70.25  -7.12
 722.00 -66.41 139.04
 723.00  76.09 133.20
 724.00 -61.87 -11.86
 725.00 -73.23 -22.35
 726.00 -71.53 -11.17
 727.00 -76.90 -24.48
 728.00 -56.90 138.90
 729.00 -61.24 149.20
 730.00 -62.60 -32.92
 731.00 -78.93 -35.26
 732.00 -61.20 -34.09
 733.00 -66.20 -45.84
 734.00 -55.98 -38.91
 735.00 -65.41 -60.13
 736.00 -57.96 -30.86
 737.00 -47.93 -65.38
 738.00 -104.14 -23.97
 739.00 -81.84 -31.61
 740.00 -51.04 -11.25
 741.00 -59.17 -56.07
 742.00 -55.18 -46.11
 743.00 -47.73 -58.06
 744.00 -59.25 -56.16
 745.00 -52.44 -54.17
 746.00 -72.33 -36.18
 747.00 -62.15 -37.05
 748.00 -68.84 -39.77
 749.00 -62.15 -46.73
 750.00 -61.56 -24.39
 751.00 -54.39 -56.90
 752.00 -54.54 -51.79
 753.00 -81.93 -32.71
 754.00 -74.81 -51.59
 755.00 -107.67 -10.71
 756.00 -139.85 -36.80
 757.00  43.41  14.97
 758.00  69.45  39.63
 759.00 -77.80  -0.69
 760.00 -110.20 -27.74
 761.00 -90.41 147.99
 762.00 -107.04 126.70
 763.00 -64.07  73.02
 764.00 -162.18 -43.83
 765.00 -73.97 174.42
 766.00 -98.36 -16.40
 767.00 -109.19 -22.55
 768.00 -89.01  61.30
 769.00 -119.40 136.50
 770.00 -108.51 125.84
 771.00 -61.66 -176.27
 772.00 -61.56 -35.56
 773.00 -70.52 -42.84
 774.00 -56.12 -42.02
 775.00 -79.33 -38.66
 776.00 -63.02 -43.95
 777.00 -72.72 -33.41
 778.00  60.22  -8.89
 779.00 -88.68   8.37
 780.00 -53.90  24.23
 781.00 -57.16 -63.58
 782.00 -65.14 -39.89
 783.00 -82.10 -33.23
 784.00 -65.97 -26.65
 785.00 -71.13 -37.17
 786.00 -63.59 -47.07
 787.00 -63.04 -28.34
 788.00 -74.83 -42.91
 789.00 -74.64 -18.66
 790.00 -78.84 -39.27
 791.00 -53.34 -29.44
 792.00 -61.29 -36.53
 793.00 -52.79 -31.01
 794.00 -86.83 -41.06
 795.00 -89.45  -8.98
 796.00 -84.64 -45.67
 797.00  58.36 -20.69
 798.00 -73.41  62.68
 799.00 -94.99 137.27
 800.00 -51.83 142.79
 801.00 -71.98 -33.09
 802.00 -54.82 -41.92
 803.00 -50.27 -57.60
 804.00 -71.66 -45.00
 805.00 -76.89 -31.48
 806.00 -58.77 -37.45
 807.00 -64.67 -40.93
 808.00 -69.67 -35.73
 809.00 -70.86 -33.89
 810.00 -58.74 -24.92
 811.00 -81.23 -23.92
 812.00 -116.48 -10.39
 813.00 -123.72  30.18
 814.00 -154.92   7.79
 815.00 -149.00 129.55
 816.00 -53.01 171.41
 817.00 -53.38 145.34
 818.00 -108.18 -25.79
 819.00  75.92  24.57
 820.00 -96.08 177.12
 821.00 -72.53 166.47
 822.00 -88.69 -32.64
 823.00 -78.00  45.18
 824.00 -75.18 -23.73
 825.00 -80.18 -40.96
 826.00 -46.66 -37.30
 827.00 -67.55 -50.94
 828.00 -70.55 -41.74
 829.00 -68.49 -35.76
 830.00 -48.67 -48.25
 831.00 -55.95 -45.10
 832.00 -58.92 -41.46
 833.00 -60.83 -49.65
 834.00 -55.57 -44.57
 835.00 -75.98 -40.22
 836.00 -68.03 -39.84
 837.00 -53.83 -46.35
 838.00 -64.25 -39.42
 839.00 -72.50 -31.94
 840.00 -98.62 -28.36
 841.00 -65.97  -6.51
 842.00 -73.21 147.02
 843.00 -159.59  81.98
 844.00 -58.07 153.68
 845.00 -60.14  99.32
 846.00 -63.02 -22.43
 847.00 -124.98 -28.01
 848.00 -55.86 102.71
 849.00 -56.98 -28.89
 850.00 -81.63 -31.71
 851.00 -74.42 -45.49
 852.00 -64.90 -42.38
 853.00 -61.89 -37.96
 854.00 -59.21 -41.53
 855.00 -50.08 -58.76
 856.00 -59.93 -40.09
 857.00 -71.21 -34.43
 858.00 -56.61 -40.01
 859.00 -65.18 -50.32
 860.00 -62.12 -35.94
 861.00 -57.05 -48.91
 862.00 -58.20 -48.08
 863.00 -69.72 -45.61
 864.00 -61.07 -32.29
 865.00 -64.29 -19.90
 866.00 -58.10 -47.00
 867.00 -62.72 -30.07
 868.00 -68.10 -42.45
 869.00 -73.45 -38.51
 870.00 -59.08 -32.43
 871.00 -61.26 -43.59
 872.00 -74.75 -39.07
 873.00 -48.68 -35.10
 874.00 -68.74 -47.38
 875.00 -65.28 -44.60
 876.00 -76.07 -33.61
 877.00 -74.38 -31.33
 878.00 -63.81 -40.01
 879.00 -79.93 -30.51
 880.00 -57.06 -41.74
 881.00 -72.92 -45.27
 882.00 -117.04 -18.62
 883.00 -58.48   8.19
 884.00 -49.64 -52.97
 885.00 -71.64 -50.58
 886.00 -85.99 -32.48
 887.00  56.13  16.57
 888.00 -88.31  24.70
 889.00 -103.47 143.00
 890.00 -122.84 143.90
 891.00 -61.38 138.38
 892.00 -51.08 141.77
 893.00 -63.17 -39.39
 894.00 -83.43 -37.71
 895.00 -73.46 -35.85
 896.00 -63.90 -28.23
 897.00 -68.94 -31.94
 898.00 -71.35 -56.97
 899.00 -68.12 -48.70
 900.00 -93.81 -29.71
 901.00 -83.64 -48.22
 902.00 -65.45 -34.73
 903.00 -62.28 -29.92
 904.00 -67.86 -40.32
 905.00 -64.12 -33.70
 906.00 -62.71 -59.16
 907.00 -77.97 -34.86
 908.00  94.60 -23.61
 909.00 -66.21  13.69
 910.00 -115.05 -29.22
 911.00 -142.71 138.07
 912.00 -82.59 160.59
 913.00 -89.63 166.04
 914.00 -120.13 139.37
 915.00 -57.67 103.40
 916.00 -98.80 -47.11
 917.00 -70.15 145.66


