 residuo Phi Psi
 669.00 -73.59 128.26
 670.00 -66.49 142.12
 671.00 -163.05 131.28
 672.00 -55.74 -36.87
 673.00 -63.54 -40.56
 674.00 -77.95 -40.02
 675.00 -61.78 -26.51
 676.00 -57.74 -44.60
 677.00 -64.01 -44.38
 678.00 -72.05 -36.67
 679.00 -104.04 -25.27
 680.00 -45.24 -10.33
 681.00 -71.56 125.35
 682.00 -60.41 157.84
 683.00 -70.52 152.29
 684.00 -96.59 122.25
 685.00 -99.79 136.55
 686.00 -75.61 148.81
 687.00  73.94 -23.97
 688.00 -92.01  42.69
 689.00 -80.26 130.52
 690.00 -48.65 106.42
 691.00 -74.96 -24.05
 692.00 -80.83 -15.62
 693.00 -70.54 136.21
 694.00 -85.07 160.93
 695.00 -100.53  65.31
 696.00 -54.05 155.61
 697.00 -60.42 -61.17
 698.00 -72.16 -33.25
 699.00 -67.86 -37.28
 700.00 -73.45 -52.34
 701.00 -61.99 -34.35
 702.00 -72.75 -30.41
 703.00 -64.49 -41.52
 704.00 -66.34 -28.86
 705.00 -65.47 -36.00
 706.00 -60.13 -37.07
 707.00 -64.81 -43.73
 708.00 -66.99 -36.37
 709.00 -70.91 -41.84
 710.00 -61.90 -39.49
 711.00 -68.99 -38.43
 712.00 -60.45 -34.87
 713.00 -92.30 -23.32
 714.00 -60.33 -45.06
 715.00 -62.02 -43.83
 716.00 -74.22 -35.56
 717.00 -51.59 -45.07
 718.00 -71.88 -38.03
 719.00 -65.87 -37.01
 720.00 -101.15   0.52
 721.00 -72.77  -6.67
 722.00 -64.68 146.46
 723.00  73.62 140.69
 724.00 -69.78 -17.16
 725.00 -68.15 -29.75
 726.00 -70.70  -9.67
 727.00 -69.40 -30.31
 728.00 -66.78 140.86
 729.00 -64.07 158.07
 730.00 -66.03 -27.75
 731.00 -62.75 -49.30
 732.00 -59.62 -43.21
 733.00 -52.53 -57.01
 734.00 -53.85 -42.38
 735.00 -80.35 -53.18
 736.00 -67.38 -19.15
 737.00 -72.13 -37.83
 738.00 -68.64 -41.90
 739.00 -84.02 -37.11
 740.00 -61.84  -9.92
 741.00 -50.76 -62.45
 742.00 -67.72 -43.48
 743.00 -61.91 -49.90
 744.00 -66.13 -52.24
 745.00 -58.07 -43.15
 746.00 -55.89 -45.57
 747.00 -67.43 -42.20
 748.00 -60.05 -38.80
 749.00 -54.53 -50.13
 750.00 -72.86 -42.95
 751.00 -64.71 -35.90
 752.00 -79.52 -32.21
 753.00 -58.90 -36.06
 754.00 -89.94 -39.42
 755.00 -117.30 -21.56
 756.00 -142.17 -20.37
 757.00  51.82  19.78
 758.00  66.52  34.04
 759.00 -68.40   3.11
 760.00 -86.80 -59.90
 761.00 -123.82 -176.63
 762.00 -77.64  99.32
 763.00 -62.68  73.26
 764.00 -157.11 -55.66
 765.00 -71.73 170.38
 766.00 -82.51 -40.22
 767.00 -139.02  -5.65
 768.00 -61.66  37.45
 769.00 -94.32 133.84
 770.00 -120.73 143.06
 771.00 -58.46 170.13
 772.00 -77.47 -27.30
 773.00 -64.49 -29.11
 774.00 -55.76 -45.65
 775.00 -46.80 -51.45
 776.00 -67.78 -58.72
 777.00 -81.22 -28.51
 778.00  68.83  -3.63
 779.00 -68.36 -28.79
 780.00 -78.78  46.04
 781.00 -68.06 -36.30
 782.00 -69.62 -30.26
 783.00 -52.37 -40.78
 784.00 -66.48 -52.34
 785.00 -50.62 -46.17
 786.00 -80.42 -38.90
 787.00 -70.23 -28.23
 788.00 -72.30 -35.27
 789.00 -61.74 -26.90
 790.00 -63.39 -48.01
 791.00 -57.06 -41.73
 792.00 -47.79 -36.24
 793.00 -38.72 -49.32
 794.00 -91.57 -40.09
 795.00 -57.69 -36.74
 796.00 -93.39 -33.73
 797.00  49.69  -9.51
 798.00 -77.50  56.48
 799.00 -87.24 146.00
 800.00 -47.07 145.83
 801.00 -58.95 -40.72
 802.00 -64.52 -46.33
 803.00 -72.19 -32.09
 804.00 -54.19 -43.89
 805.00 -67.68 -44.04
 806.00 -67.54 -41.55
 807.00 -59.92 -42.04
 808.00 -63.85 -36.14
 809.00 -55.24 -56.78
 810.00 -62.98 -25.79
 811.00 -74.96 -19.45
 812.00 -120.54 -20.76
 813.00 -138.30  37.63
 814.00 -154.51  13.40
 815.00 -132.40 108.27
 816.00 -49.19 158.45
 817.00 -63.83 149.32
 818.00 -68.42 -33.60
 819.00  52.09 -10.03
 820.00 -88.34 -170.30
 821.00 -49.45 159.48
 822.00 -76.73 -63.73
 823.00 -63.40  52.34
 824.00 -65.11 -43.45
 825.00 -87.74 -25.36
 826.00 -60.78 -35.44
 827.00 -64.62 -46.10
 828.00 -55.60 -43.88
 829.00 -73.34 -44.72
 830.00 -49.77 -50.42
 831.00 -79.48 -31.58
 832.00 -74.91 -33.96
 833.00 -75.45 -30.71
 834.00 -56.19 -32.57
 835.00 -45.03 -52.02
 836.00 -86.67 -45.12
 837.00 -61.86 -30.26
 838.00 -57.21 -51.07
 839.00 -66.97 -24.46
 840.00 -112.80 -34.30
 841.00 -60.26  -8.64
 842.00 -75.53 144.41
 843.00 -74.33  19.90
 844.00 -67.49 155.88
 845.00 -53.41  94.38
 846.00 -53.95 -43.43
 847.00 -124.72 -17.19
 848.00 -68.65 105.47
 849.00 -55.12 -32.53
 850.00 -61.13 -40.03
 851.00 -86.11 -26.58
 852.00 -61.06 -32.92
 853.00 -62.81 -41.35
 854.00 -57.41 -53.77
 855.00 -61.52 -50.94
 856.00 -56.34 -46.56
 857.00 -64.94 -44.64
 858.00 -87.29 -24.64
 859.00 -63.15 -31.44
 860.00 -55.87 -34.66
 861.00 -58.25 -42.73
 862.00 -65.36 -45.36
 863.00 -87.81 -28.25
 864.00 -56.09 -43.94
 865.00 -74.49 -22.28
 866.00 -64.60 -35.52
 867.00 -64.71 -42.34
 868.00 -59.55 -39.42
 869.00 -71.23 -45.15
 870.00 -62.64 -34.08
 871.00 -73.22 -35.15
 872.00 -63.24 -37.99
 873.00 -60.50 -39.21
 874.00 -60.71 -40.42
 875.00 -71.30 -47.97
 876.00 -65.82 -40.19
 877.00 -70.44 -33.27
 878.00 -73.89 -37.47
 879.00 -80.45 -22.31
 880.00 -70.11 -40.97
 881.00 -69.32 -29.41
 882.00 -133.24 -10.22
 883.00 -56.02  34.57
 884.00 -75.63 -37.84
 885.00 -74.42 -37.80
 886.00 -71.09 -45.21
 887.00  56.03  -9.07
 888.00 -103.31  32.94
 889.00 -93.05 132.84
 890.00 -128.49 141.04
 891.00 -73.38 134.89
 892.00 -67.78 151.65
 893.00 -55.01 -35.22
 894.00 -80.28 -49.35
 895.00 -63.84 -36.89
 896.00 -63.69 -30.97
 897.00 -69.12 -34.84
 898.00 -53.80 -48.26
 899.00 -82.62 -46.92
 900.00 -82.78 -50.98
 901.00 -87.17 -45.85
 902.00 -55.91 -48.01
 903.00 -60.80 -40.28
 904.00 -75.56 -28.97
 905.00 -79.93 -20.84
 906.00 -67.94 -48.74
 907.00 -81.89 -25.69
 908.00  75.54   6.77
 909.00 -80.36  12.08
 910.00 -98.27 -36.23
 911.00 -128.38 128.31
 912.00 -56.64 147.56
 913.00 -103.14 168.43
 914.00 -78.29  95.19
 915.00 -90.07 142.86
 916.00 -133.48 -21.71
 917.00 -61.48 158.60


