 residuo Phi Psi
 669.00 -63.50 179.71
 670.00 -54.67 142.57
 671.00 -112.31 131.40
 672.00 -50.43 -20.75
 673.00 -51.09 -63.74
 674.00 -60.70 -42.21
 675.00 -76.72 -22.16
 676.00 -51.58 -57.35
 677.00 -72.36 -44.02
 678.00 -88.50 -32.55
 679.00 -98.65  -5.48
 680.00 -75.05  -4.49
 681.00 -80.78 121.86
 682.00 -78.23 160.76
 683.00 -80.13 166.86
 684.00 -87.07 129.06
 685.00 -71.82 136.65
 686.00 -87.47 148.17
 687.00 108.28 -23.58
 688.00 -62.23 -12.50
 689.00 -126.65 150.87
 690.00 -74.95 110.28
 691.00 -85.86   8.08
 692.00 -139.66   9.34
 693.00 -69.81 152.36
 694.00 -104.12 161.45
 695.00 -127.28 141.72
 696.00 -57.31 139.76
 697.00 -56.14 -49.40
 698.00 -66.13 -48.19
 699.00 -80.29 -32.88
 700.00 -53.95 -41.23
 701.00 -60.03 -55.37
 702.00 -93.43 -21.70
 703.00 -65.09 -36.91
 704.00 -54.70 -38.48
 705.00 -49.31 -50.20
 706.00 -60.42 -54.17
 707.00 -45.24 -37.13
 708.00 -72.83 -41.82
 709.00 -74.51 -36.88
 710.00 -59.42 -41.42
 711.00 -64.74 -43.22
 712.00 -56.21 -37.40
 713.00 -76.47 -45.84
 714.00 -54.85 -33.30
 715.00 -51.30 -58.46
 716.00 -69.02 -48.19
 717.00 -72.14 -27.50
 718.00 -47.98 -53.17
 719.00 -67.19 -37.34
 720.00 -127.94  -4.63
 721.00 -66.22   5.86
 722.00 -76.02 145.72
 723.00  71.65 155.44
 724.00 -55.42 -45.39
 725.00 -67.63 -19.70
 726.00 -59.31 -17.63
 727.00 -84.94 -16.01
 728.00 -69.22 149.77
 729.00 -65.63 150.44
 730.00 -77.27 -28.46
 731.00 -102.37 -10.01
 732.00 -64.99 -40.09
 733.00 -59.70 -47.84
 734.00 -69.11 -31.06
 735.00 -67.02 -51.33
 736.00 -67.22 -32.34
 737.00 -78.79 -38.84
 738.00 -101.20 -13.95
 739.00 -85.26 -37.95
 740.00 -67.50  -2.65
 741.00 -51.53 -40.51
 742.00 -72.43 -52.55
 743.00 -58.90 -32.11
 744.00 -64.19 -60.91
 745.00 -67.24 -34.81
 746.00 -51.98 -54.46
 747.00 -64.33 -47.07
 748.00 -75.23 -31.67
 749.00 -56.00 -33.92
 750.00 -46.44 -54.23
 751.00 -64.56 -51.18
 752.00 -59.04 -39.33
 753.00 -74.51 -32.54
 754.00 -74.03 -43.97
 755.00 -122.98 -32.51
 756.00 -140.22 -21.57
 757.00  30.53  37.50
 758.00  66.17  49.32
 759.00 -77.55 -19.66
 760.00 -103.72 -32.05
 761.00 -84.19 153.54
 762.00 -75.65 101.54
 763.00 -57.14  60.67
 764.00 -143.90 -50.23
 765.00 -63.13 162.74
 766.00 -81.96 -30.57
 767.00 -78.72 -59.82
 768.00 -77.62  55.06
 769.00 -103.21 120.39
 770.00 -78.22 101.94
 771.00 -47.05 178.70
 772.00 -50.66 -49.01
 773.00 -68.83 -46.36
 774.00 -64.02 -30.16
 775.00 -79.56 -34.39
 776.00 -70.20 -41.92
 777.00 -81.12 -23.41
 778.00  55.17  -5.58
 779.00 -152.17  44.78
 780.00 -52.48  37.08
 781.00 -57.40 -48.42
 782.00 -68.63 -42.79
 783.00 -64.46 -39.38
 784.00 -70.02 -37.76
 785.00 -65.58 -39.14
 786.00 -68.57 -32.60
 787.00 -56.93 -40.06
 788.00 -59.23 -47.26
 789.00 -59.44 -30.14
 790.00 -67.60 -44.72
 791.00 -68.26 -31.50
 792.00 -74.87 -37.31
 793.00 -50.21 -24.58
 794.00 -74.22 -51.45
 795.00 -65.83 -31.87
 796.00 -63.65 -54.14
 797.00  47.19 -27.79
 798.00 -62.56  65.64
 799.00 -85.22 134.56
 800.00 -46.81 154.02
 801.00 -68.61 -34.76
 802.00 -54.52 -49.73
 803.00 -52.31 -49.24
 804.00 -67.39 -48.68
 805.00 -71.69 -47.78
 806.00 -68.84 -32.59
 807.00 -51.96 -41.83
 808.00 -63.74 -45.36
 809.00 -63.55 -40.89
 810.00 -69.10 -29.85
 811.00 -70.37 -27.90
 812.00 -107.59 -26.01
 813.00 -134.43  42.14
 814.00 -157.80   7.91
 815.00 -151.36 130.84
 816.00 -70.06 170.41
 817.00 -56.96 157.23
 818.00 -87.24 -27.23
 819.00  88.62  -6.52
 820.00 -73.39 -175.23
 821.00 -57.41 161.69
 822.00 -122.12 -42.19
 823.00 -59.83  82.30
 824.00 -57.13 -30.57
 825.00 -83.32 -26.59
 826.00 -66.46 -32.67
 827.00 -71.52 -30.94
 828.00 -72.36 -38.32
 829.00 -55.17 -33.83
 830.00 -75.62 -53.02
 831.00 -61.78 -30.03
 832.00 -60.81 -46.65
 833.00 -69.71 -42.88
 834.00 -53.66 -36.80
 835.00 -63.49 -50.89
 836.00 -64.37 -36.44
 837.00 -65.52 -37.35
 838.00 -37.91 -58.36
 839.00 -91.05 -27.81
 840.00 -117.05 -20.35
 841.00 -61.64  10.15
 842.00 -83.92 138.79
 843.00 -163.38 106.48
 844.00 -66.12 144.81
 845.00 -48.30  76.12
 846.00 -63.95 -27.52
 847.00 -106.11 -28.12
 848.00 -57.23  87.99
 849.00 -64.11 -18.08
 850.00 -57.82 -33.05
 851.00 -69.91 -40.75
 852.00 -51.68 -53.99
 853.00 -59.51 -41.37
 854.00 -53.12 -48.42
 855.00 -65.49 -55.13
 856.00 -66.85 -36.98
 857.00 -72.17 -35.26
 858.00 -66.56 -33.61
 859.00 -73.86 -40.97
 860.00 -52.25 -38.45
 861.00 -77.74 -36.69
 862.00 -54.20 -44.79
 863.00 -68.61 -49.47
 864.00 -76.40 -24.07
 865.00 -78.11 -16.69
 866.00 -48.84 -38.58
 867.00 -70.50 -42.63
 868.00 -79.39 -24.15
 869.00 -56.32 -44.86
 870.00 -76.50 -40.33
 871.00 -53.89 -36.04
 872.00 -79.86 -40.04
 873.00 -52.27 -35.12
 874.00 -74.70 -47.79
 875.00 -70.69 -25.18
 876.00 -58.15 -55.38
 877.00 -65.62 -43.07
 878.00 -83.59 -25.35
 879.00 -70.23 -37.48
 880.00 -62.44 -39.10
 881.00 -73.71 -37.61
 882.00 -96.16 -29.82
 883.00 -62.30   5.28
 884.00 -71.59 -35.16
 885.00 -60.35 -39.90
 886.00 -96.11 -36.90
 887.00  49.40   3.14
 888.00 -106.52  51.66
 889.00 -104.64 136.75
 890.00 -125.82 146.00
 891.00 -76.41 149.46
 892.00 -52.06 131.80
 893.00 -54.06 -46.71
 894.00 -96.02 -29.77
 895.00 -51.77 -32.33
 896.00 -53.34 -40.04
 897.00 -69.84 -46.14
 898.00 -69.72 -38.52
 899.00 -75.75 -49.90
 900.00 -115.48 -18.10
 901.00 -94.07 -51.15
 902.00 -66.25 -36.71
 903.00 -63.83 -40.06
 904.00 -57.20 -20.59
 905.00 -69.52 -39.88
 906.00 -60.99 -59.75
 907.00 -94.99 -26.32
 908.00  83.43   3.14
 909.00 -78.19  14.48
 910.00 -135.71 -19.68
 911.00 -158.45 159.39
 912.00 -91.92 140.47
 913.00 -76.73 136.53
 914.00 -122.67 135.56
 915.00 -82.37 142.08
 916.00 -100.15 -34.17
 917.00 -56.40 148.91


