 residuo Phi Psi
 669.00 -75.14 127.34
 670.00 -62.08 153.90
 671.00 -48.46 112.20
 672.00 -59.13 -23.83
 673.00 -68.41 -44.44
 674.00 -62.81 -30.02
 675.00 -62.22 -46.72
 676.00 -60.06 -46.56
 677.00 -73.47 -35.66
 678.00 -95.11 -11.30
 679.00 -82.62 -35.18
 680.00 -70.36  -3.65
 681.00 -69.99 119.47
 682.00 -70.28 164.86
 683.00 -62.60 155.48
 684.00 -89.65 132.01
 685.00 -79.19 118.75
 686.00 -65.24 137.16
 687.00  98.46 -26.65
 688.00 -89.48  12.16
 689.00 -117.17 140.99
 690.00 -87.93 111.82
 691.00 -73.66  -0.89
 692.00 -88.18 -20.31
 693.00 -70.28 148.29
 694.00 -71.79 144.70
 695.00 -146.14 119.04
 696.00 -31.38 139.77
 697.00 -67.79 -55.87
 698.00 -67.35 -39.98
 699.00 -64.99 -46.99
 700.00 -63.59 -37.91
 701.00 -50.18 -50.84
 702.00 -79.23 -48.03
 703.00 -72.93 -22.50
 704.00 -59.86 -41.39
 705.00 -53.76 -49.48
 706.00 -56.35 -42.70
 707.00 -62.60 -48.86
 708.00 -50.38 -36.47
 709.00 -66.02 -56.95
 710.00 -61.08 -37.55
 711.00 -66.48 -38.47
 712.00 -69.39 -32.67
 713.00 -72.93 -39.13
 714.00 -63.97 -38.85
 715.00 -56.33 -40.43
 716.00 -61.87 -38.50
 717.00 -76.15 -42.28
 718.00 -65.02 -39.07
 719.00 -66.77 -25.60
 720.00 -125.64 -16.51
 721.00 -48.48 -13.09
 722.00 -48.03 118.81
 723.00  78.11 145.12
 724.00 -72.83 -24.47
 725.00 -69.23 -31.75
 726.00 -52.52  -5.01
 727.00 -75.71 -24.68
 728.00 -68.03 151.21
 729.00 -64.83 149.16
 730.00 -78.70 -26.34
 731.00 -67.69 -30.44
 732.00 -68.16 -35.02
 733.00 -57.15 -49.15
 734.00 -57.97 -40.29
 735.00 -73.85 -50.49
 736.00 -57.07 -30.71
 737.00 -70.90 -46.76
 738.00 -73.62 -31.87
 739.00 -81.90 -33.75
 740.00 -51.99 -11.53
 741.00 -88.59 -33.07
 742.00 -55.74 -54.92
 743.00 -66.39 -37.90
 744.00 -81.64 -42.38
 745.00 -63.16 -32.91
 746.00 -61.15 -51.22
 747.00 -78.78 -36.76
 748.00 -70.81 -28.34
 749.00 -59.54 -32.51
 750.00 -83.83 -26.27
 751.00 -64.02 -39.15
 752.00 -51.52 -42.41
 753.00 -58.84 -45.05
 754.00 -113.39 -36.40
 755.00 -121.39   6.02
 756.00 -134.66 -40.81
 757.00  37.17  32.76
 758.00  57.06  47.75
 759.00 -63.66  -9.27
 760.00 -101.58 -43.57
 761.00 -106.41 158.71
 762.00 -92.70 109.72
 763.00 -65.95  77.45
 764.00 -155.27 -42.91
 765.00 -53.88 167.88
 766.00 -98.26 -34.04
 767.00 -135.70  -5.52
 768.00 -124.23 105.97
 769.00 -92.01 134.39
 770.00 -71.01 128.13
 771.00 -63.13 175.72
 772.00 -61.15 -23.93
 773.00 -62.98 -57.35
 774.00 -50.95 -34.88
 775.00 -61.88 -50.43
 776.00 -73.07 -46.22
 777.00 -63.19 -41.79
 778.00  55.82  -6.68
 779.00 -131.42  33.69
 780.00 -64.39  35.64
 781.00 -70.41 -52.69
 782.00 -75.20 -21.20
 783.00 -47.54 -53.18
 784.00 -63.80 -45.46
 785.00 -76.99 -32.23
 786.00 -72.39 -30.65
 787.00 -59.08 -35.35
 788.00 -66.43 -45.41
 789.00 -63.77 -40.30
 790.00 -60.15 -46.09
 791.00 -60.02 -45.57
 792.00 -78.13 -25.05
 793.00 -64.18 -22.05
 794.00 -57.82 -49.34
 795.00 -77.77 -35.66
 796.00 -81.74 -30.86
 797.00  49.93 -13.67
 798.00 -80.79  62.72
 799.00 -102.67 138.86
 800.00 -58.87 165.97
 801.00 -61.58 -39.34
 802.00 -67.01 -50.62
 803.00 -73.33 -30.06
 804.00 -68.87 -54.94
 805.00 -74.31 -34.96
 806.00 -74.17 -34.72
 807.00 -52.78 -34.66
 808.00 -52.53 -43.07
 809.00 -60.06 -52.47
 810.00 -68.65 -22.43
 811.00 -74.97 -21.90
 812.00 -118.08 -16.96
 813.00 -129.01  36.76
 814.00 -157.50  -0.31
 815.00 -141.52 117.00
 816.00 -56.83 156.05
 817.00 -55.18 149.35
 818.00 -104.81 -29.53
 819.00  85.55   7.74
 820.00 -42.23 138.94
 821.00 -66.86 161.84
 822.00 -106.43 -30.86
 823.00 -72.68  49.39
 824.00 -69.39 -28.81
 825.00 -62.74 -45.29
 826.00 -63.34 -41.38
 827.00 -58.86 -39.95
 828.00 -87.42 -31.61
 829.00 -65.97 -36.58
 830.00 -51.67 -45.30
 831.00 -58.23 -51.78
 832.00 -57.76 -44.40
 833.00 -69.06 -45.06
 834.00 -57.38 -40.46
 835.00 -63.15 -46.84
 836.00 -81.10 -33.42
 837.00 -47.57 -44.26
 838.00 -56.92 -50.47
 839.00 -94.02 -26.33
 840.00 -94.13 -35.57
 841.00 -69.53   5.73
 842.00 -79.42 145.98
 843.00 -62.50   6.42
 844.00 -64.88 154.45
 845.00 -57.16 108.39
 846.00 -67.31 -24.17
 847.00 -121.12 -14.09
 848.00 -60.28  77.46
 849.00 -64.13 -18.20
 850.00 -63.04 -42.18
 851.00 -74.27 -33.66
 852.00 -56.96 -53.54
 853.00 -61.78 -31.96
 854.00 -64.62 -49.09
 855.00 -63.30 -35.41
 856.00 -64.03 -45.39
 857.00 -75.27 -37.00
 858.00 -65.81 -33.88
 859.00 -72.94 -44.23
 860.00 -73.27 -25.14
 861.00 -84.02 -29.01
 862.00 -42.83 -40.34
 863.00 -72.23 -47.50
 864.00 -70.42 -32.47
 865.00 -64.55  -9.53
 866.00 -60.15 -45.01
 867.00 -72.31 -35.30
 868.00 -74.52 -25.92
 869.00 -67.71 -28.87
 870.00 -75.39 -35.02
 871.00 -58.63 -45.35
 872.00 -81.44 -38.56
 873.00 -59.86 -22.37
 874.00 -51.95 -48.68
 875.00 -59.05 -51.39
 876.00 -60.05 -56.36
 877.00 -64.34 -45.50
 878.00 -59.81 -39.76
 879.00 -62.99 -43.39
 880.00 -61.90 -41.10
 881.00 -57.00 -46.98
 882.00 -106.16 -25.47
 883.00 -38.53 -12.60
 884.00 -64.84 -50.81
 885.00 -61.12 -41.29
 886.00 -95.85 -40.23
 887.00  58.81   5.81
 888.00 -78.42  22.73
 889.00 -76.83 118.22
 890.00 -130.34 151.28
 891.00 -59.25 134.03
 892.00 -58.02 141.14
 893.00 -68.35 -37.54
 894.00 -72.56 -41.64
 895.00 -68.06 -37.16
 896.00 -93.26 -13.26
 897.00 -83.87 -19.01
 898.00 -66.62 -48.52
 899.00 -68.56 -63.21
 900.00 -136.32   2.62
 901.00 -90.01 -51.17
 902.00 -53.78 -42.39
 903.00 -51.80 -35.03
 904.00 -63.39 -36.66
 905.00 -67.71 -38.33
 906.00 -78.09 -54.72
 907.00 -99.19  -9.98
 908.00  74.54   6.62
 909.00 -63.47   6.05
 910.00 -144.56 -25.66
 911.00 -161.38 141.66
 912.00 -66.48 146.90
 913.00 -71.41 137.74
 914.00 -64.49  88.52
 915.00 -137.98 146.62
 916.00 -113.82 -19.89
 917.00 -78.07 149.01


