 residuo Phi Psi
 669.00 -62.63 146.62
 670.00 -53.33 154.78
 671.00 -65.76 155.67
 672.00 -39.83 -45.43
 673.00 -82.00 -53.30
 674.00 -55.11 -34.99
 675.00 -74.32 -34.63
 676.00 -47.35 -53.33
 677.00 -67.91 -39.46
 678.00 -65.65 -49.20
 679.00 -75.64 -35.71
 680.00 -67.59 -15.54
 681.00 -83.54 122.79
 682.00 -69.69 165.50
 683.00 -78.17 155.20
 684.00 -90.31 114.86
 685.00 -87.92 149.12
 686.00 -72.89 151.82
 687.00  68.77 -17.40
 688.00 -77.35  15.17
 689.00 -87.31 135.39
 690.00 -62.41  88.75
 691.00 -75.79 -10.60
 692.00 -89.62 -14.59
 693.00 -68.07 172.04
 694.00 -89.08 157.83
 695.00 -147.27 143.32
 696.00 -48.90 141.55
 697.00 -59.24 -60.73
 698.00 -60.37 -43.23
 699.00 -68.65 -55.03
 700.00 -83.29 -32.39
 701.00 -68.72 -19.35
 702.00 -64.54 -42.62
 703.00 -60.80 -34.43
 704.00 -71.78 -42.85
 705.00 -61.22 -38.25
 706.00 -59.42 -49.00
 707.00 -54.04 -43.76
 708.00 -62.96 -44.31
 709.00 -59.18 -44.03
 710.00 -65.89 -43.40
 711.00 -50.88 -39.49
 712.00 -58.57 -43.97
 713.00 -68.81 -55.45
 714.00 -60.31 -40.62
 715.00 -63.96 -39.50
 716.00 -56.52 -47.03
 717.00 -74.85 -37.94
 718.00 -57.55 -43.28
 719.00 -62.66 -38.63
 720.00 -98.17 -24.57
 721.00 -54.63 -19.69
 722.00 -72.29 137.94
 723.00  62.47 145.88
 724.00 -50.67 -21.43
 725.00 -68.73 -23.94
 726.00 -78.31  -0.55
 727.00 -75.65 -17.17
 728.00 -56.40 140.25
 729.00 -56.91 145.68
 730.00 -54.97 -25.41
 731.00 -85.28 -56.38
 732.00 -63.16 -25.00
 733.00 -72.90 -40.25
 734.00 -62.18 -30.39
 735.00 -56.97 -63.94
 736.00 -58.98 -34.69
 737.00 -79.18 -47.77
 738.00 -96.10  -7.54
 739.00 -78.06 -47.40
 740.00 -68.39  -4.80
 741.00 -68.90 -44.68
 742.00 -50.08 -42.37
 743.00 -66.38 -47.27
 744.00 -62.67 -48.49
 745.00 -54.08 -61.61
 746.00 -59.76 -41.90
 747.00 -57.81 -57.67
 748.00 -74.93 -31.18
 749.00 -62.45 -40.88
 750.00 -65.86 -40.74
 751.00 -69.69 -38.80
 752.00 -61.10 -42.90
 753.00 -63.12 -32.97
 754.00 -64.23 -61.44
 755.00 -80.86 -41.14
 756.00 -119.92 -55.60
 757.00  54.74  24.36
 758.00  61.92  39.35
 759.00 -70.86  12.71
 760.00 -146.47 -26.72
 761.00 -74.51 150.58
 762.00 -86.92 105.03
 763.00 -48.50  69.17
 764.00 -144.67 -52.27
 765.00 -57.44 161.76
 766.00 -118.84 -13.03
 767.00 -144.48  14.81
 768.00 -76.58  49.94
 769.00 -87.33 110.06
 770.00 -75.74  85.21
 771.00 -67.49 167.80
 772.00 -65.62 -29.45
 773.00 -87.74 -22.14
 774.00 -63.64 -26.70
 775.00 -95.90 -19.17
 776.00 -77.12 -35.51
 777.00 -68.70 -44.78
 778.00  53.39  -6.39
 779.00 -75.86 -11.87
 780.00 -70.25  54.02
 781.00 -56.29 -51.22
 782.00 -63.89 -40.57
 783.00 -75.46 -37.99
 784.00 -59.92 -27.64
 785.00 -63.63 -43.77
 786.00 -74.19 -36.47
 787.00 -65.74 -28.02
 788.00 -57.28 -51.84
 789.00 -73.22 -35.00
 790.00 -66.76 -34.43
 791.00 -55.68 -50.63
 792.00 -49.23 -35.56
 793.00 -57.17 -40.05
 794.00 -71.11 -46.91
 795.00 -68.28 -24.21
 796.00 -81.24 -38.83
 797.00  45.50   2.82
 798.00 -66.18  46.61
 799.00 -95.13 135.24
 800.00 -50.56 144.28
 801.00 -69.33 -30.67
 802.00 -66.30 -43.47
 803.00 -69.81 -31.52
 804.00 -52.91 -49.70
 805.00 -67.77 -50.48
 806.00 -51.42 -54.98
 807.00 -68.28 -32.03
 808.00 -70.43 -42.45
 809.00 -73.17 -29.02
 810.00 -64.09 -32.23
 811.00 -63.03 -27.40
 812.00 -91.26 -37.53
 813.00 -124.72  34.98
 814.00 -155.06  12.04
 815.00 -150.58 124.50
 816.00 -62.34 165.35
 817.00 -65.44 148.07
 818.00 -81.02 -33.47
 819.00  89.58  -6.13
 820.00 -61.13 165.46
 821.00 -71.01 166.48
 822.00 -99.55 -27.28
 823.00 -61.52  30.60
 824.00 -72.80 -24.45
 825.00 -82.33 -34.74
 826.00 -62.45 -36.40
 827.00 -61.57 -50.63
 828.00 -84.92 -28.80
 829.00 -68.98 -40.05
 830.00 -60.43 -32.41
 831.00 -64.62 -55.67
 832.00 -71.46 -21.69
 833.00 -62.06 -54.89
 834.00 -57.89 -26.80
 835.00 -68.04 -52.78
 836.00 -65.53 -38.00
 837.00 -83.96 -22.30
 838.00 -55.38 -49.68
 839.00 -87.68 -17.74
 840.00 -119.57 -25.29
 841.00 -65.53  26.23
 842.00 -88.04 129.96
 843.00 -132.07  77.86
 844.00 -94.77 178.86
 845.00 -61.57 100.41
 846.00 -64.92 -34.96
 847.00 -107.71 -11.56
 848.00 -56.55  82.32
 849.00 -69.00 -31.11
 850.00 -57.63 -21.98
 851.00 -75.87 -37.65
 852.00 -73.96 -54.39
 853.00 -64.98 -30.37
 854.00 -59.30 -42.90
 855.00 -65.82 -43.40
 856.00 -62.57 -34.68
 857.00 -60.21 -48.58
 858.00 -71.55 -19.18
 859.00 -59.51 -53.60
 860.00 -83.78 -19.00
 861.00 -61.77 -36.92
 862.00 -73.00 -35.83
 863.00 -76.21 -36.11
 864.00 -75.29 -18.27
 865.00 -87.93 -30.06
 866.00 -52.53 -26.36
 867.00 -74.03 -51.12
 868.00 -87.41  -8.33
 869.00 -56.93 -46.65
 870.00 -50.91 -35.90
 871.00 -69.38 -51.69
 872.00 -59.61 -45.39
 873.00 -62.81 -40.45
 874.00 -56.96 -40.37
 875.00 -64.72 -43.03
 876.00 -58.38 -47.10
 877.00 -55.95 -44.79
 878.00 -57.92 -51.42
 879.00 -77.62 -34.17
 880.00 -61.44 -34.66
 881.00 -71.11 -41.65
 882.00 -105.12 -21.19
 883.00 -59.61  16.24
 884.00 -83.41 -43.49
 885.00 -71.55 -16.03
 886.00 -104.91 -31.61
 887.00  45.74   2.48
 888.00 -82.16  34.17
 889.00 -86.31 133.89
 890.00 -130.19 134.78
 891.00 -52.11 106.81
 892.00 -49.27 141.93
 893.00 -77.29 -49.53
 894.00 -62.26 -32.73
 895.00 -64.46 -47.69
 896.00 -50.82 -30.70
 897.00 -75.40 -34.18
 898.00 -62.44 -52.38
 899.00 -65.62 -45.32
 900.00 -106.27 -29.58
 901.00 -80.31 -64.87
 902.00 -60.80 -40.80
 903.00 -44.83 -36.77
 904.00 -90.20 -35.14
 905.00 -70.25 -18.24
 906.00 -73.45 -44.93
 907.00 -98.63 -16.63
 908.00  85.66 -16.11
 909.00 -74.04   6.11
 910.00 -133.66 -12.80
 911.00 -133.48 121.93
 912.00 -55.08 139.48
 913.00 -81.93 150.75
 914.00 -79.37  85.31
 915.00 -76.94 130.19
 916.00 -85.70 -46.40
 917.00 -80.34 -17.92


