 residuo Phi Psi
 669.00 -76.39 157.56
 670.00 -49.02 172.10
 671.00 -57.09 146.70
 672.00 -61.15 -23.37
 673.00 -67.16 -33.07
 674.00 -79.48 -12.55
 675.00 -84.74 -26.80
 676.00 -74.51 -27.75
 677.00 -71.50 -27.32
 678.00 -61.64 -51.20
 679.00 -79.43 -32.03
 680.00 -66.76 -19.47
 681.00 -70.08 123.77
 682.00 -76.69 164.77
 683.00 -79.95 167.10
 684.00 -116.11 140.69
 685.00 -74.02 139.50
 686.00 -99.96 166.43
 687.00  70.37  -7.33
 688.00 -73.27  18.93
 689.00 -141.92 145.36
 690.00 -77.09 118.19
 691.00 -67.97  -0.04
 692.00 -129.96  -3.30
 693.00 -68.66 143.10
 694.00 -59.81 144.43
 695.00 -149.32 138.57
 696.00 -66.00 168.99
 697.00 -59.53 -43.38
 698.00 -75.82 -52.87
 699.00 -61.88 -40.30
 700.00 -82.72 -38.55
 701.00 -52.96 -40.14
 702.00 -52.58 -55.35
 703.00 -59.66 -39.97
 704.00 -86.94 -32.95
 705.00 -68.90 -31.50
 706.00 -76.15 -26.41
 707.00 -61.20 -37.99
 708.00 -59.23 -44.10
 709.00 -60.39 -48.43
 710.00 -65.86 -40.01
 711.00 -69.03 -41.28
 712.00 -44.49 -43.56
 713.00 -82.00 -44.77
 714.00 -68.70 -33.55
 715.00 -55.67 -44.34
 716.00 -59.12 -42.80
 717.00 -56.17 -53.30
 718.00 -49.98 -48.34
 719.00 -52.82 -56.47
 720.00 -84.08 -32.86
 721.00 -57.38 -18.01
 722.00 -63.91 136.59
 723.00  57.43 145.51
 724.00 -72.22 -12.89
 725.00 -56.11 -24.99
 726.00 -75.43 -12.06
 727.00 -95.72  -8.32
 728.00 -76.23 162.44
 729.00 -44.83 145.67
 730.00 -70.64 -42.63
 731.00 -72.43 -37.37
 732.00 -66.33 -35.82
 733.00 -48.56 -46.39
 734.00 -49.89 -61.42
 735.00 -73.71 -56.00
 736.00 -67.97 -17.37
 737.00 -61.73 -59.19
 738.00 -83.77 -21.65
 739.00 -58.18 -54.33
 740.00 -55.39 -23.24
 741.00 -65.18 -37.16
 742.00 -45.89 -45.03
 743.00 -81.27 -41.80
 744.00 -55.28 -40.80
 745.00 -79.40 -40.02
 746.00 -69.22 -28.25
 747.00 -67.82 -46.95
 748.00 -67.98 -31.20
 749.00 -73.17 -32.81
 750.00 -65.32 -39.69
 751.00 -51.99 -46.46
 752.00 -56.27 -46.25
 753.00 -70.28 -40.91
 754.00 -81.46 -50.48
 755.00 -51.92 -57.56
 756.00 -144.82 -41.77
 757.00  47.57  35.29
 758.00  55.36  29.69
 759.00 -83.02  22.30
 760.00 -132.53 -25.67
 761.00 -98.41 166.23
 762.00 -87.92 109.26
 763.00 -72.31  69.10
 764.00 -149.11 -52.51
 765.00 -59.19 160.88
 766.00 -80.84 -34.72
 767.00 -87.21 -46.84
 768.00 -85.08  64.96
 769.00 -107.73 142.78
 770.00 -91.89 120.33
 771.00 -63.27 -178.93
 772.00 -62.55 -36.76
 773.00 -53.21 -45.83
 774.00 -55.36 -47.38
 775.00 -81.11 -36.84
 776.00 -66.35 -37.86
 777.00 -63.68 -51.03
 778.00  50.34  -7.33
 779.00 -136.33  51.07
 780.00 -48.11  31.26
 781.00 -72.80 -56.72
 782.00 -67.57 -31.66
 783.00 -72.04 -39.24
 784.00 -64.93 -31.55
 785.00 -55.14 -42.86
 786.00 -76.69 -42.70
 787.00 -58.04 -23.90
 788.00 -59.81 -44.17
 789.00 -61.41 -47.74
 790.00 -55.71 -43.17
 791.00 -69.49 -44.38
 792.00 -79.42 -16.02
 793.00 -57.40 -29.77
 794.00 -72.73 -37.40
 795.00 -60.14 -50.36
 796.00 -99.11 -42.18
 797.00  76.58 -12.02
 798.00 -72.50  49.06
 799.00 -95.76 132.41
 800.00 -62.80 171.38
 801.00 -71.12 -44.56
 802.00 -66.38 -30.88
 803.00 -57.04 -44.46
 804.00 -67.30 -39.44
 805.00 -60.94 -48.36
 806.00 -68.87 -36.83
 807.00 -71.86 -46.24
 808.00 -52.88 -33.92
 809.00 -74.09 -53.25
 810.00 -67.33 -22.21
 811.00 -57.06 -30.35
 812.00 -120.66 -10.96
 813.00 -136.67  33.82
 814.00 -159.59  13.52
 815.00 -140.14 130.04
 816.00 -59.35 162.57
 817.00 -72.90 151.89
 818.00 -74.22 -20.38
 819.00  72.75  -7.95
 820.00 -76.26 171.84
 821.00 -84.72 -177.31
 822.00 -87.23 -35.52
 823.00 -53.15  28.97
 824.00 -65.82 -46.39
 825.00 -89.82 -21.12
 826.00 -56.64 -28.33
 827.00 -66.43 -43.30
 828.00 -76.66 -29.66
 829.00 -66.17 -41.22
 830.00 -58.47 -37.86
 831.00 -63.89 -48.97
 832.00 -61.29 -31.76
 833.00 -70.91 -50.49
 834.00 -63.69 -20.22
 835.00 -65.87 -43.50
 836.00 -68.48 -47.38
 837.00 -56.92 -42.79
 838.00 -62.91 -46.99
 839.00 -63.55 -38.06
 840.00 -115.84 -24.85
 841.00 -46.80  -3.62
 842.00 -76.01 139.92
 843.00 -88.42  51.25
 844.00 -73.55 170.88
 845.00 -53.42 125.07
 846.00 -125.25 -29.78
 847.00 -114.14  -2.04
 848.00 -58.40  99.05
 849.00 -64.51 -25.02
 850.00 -73.27 -16.97
 851.00 -76.96 -42.51
 852.00 -66.04 -33.67
 853.00 -64.89 -43.14
 854.00 -73.40 -39.60
 855.00 -57.37 -54.16
 856.00 -62.29 -31.93
 857.00 -54.42 -62.67
 858.00 -67.46 -42.08
 859.00 -77.02 -34.77
 860.00 -58.27 -35.04
 861.00 -67.11 -38.47
 862.00 -63.92 -43.57
 863.00 -69.03 -32.83
 864.00 -68.92 -33.19
 865.00 -59.02 -25.33
 866.00 -64.91 -34.51
 867.00 -65.86 -48.08
 868.00 -76.68 -31.13
 869.00 -56.51 -40.61
 870.00 -63.14 -47.80
 871.00 -66.84 -37.12
 872.00 -69.84 -39.99
 873.00 -66.81 -30.29
 874.00 -58.12 -41.32
 875.00 -54.57 -50.78
 876.00 -79.56 -38.70
 877.00 -76.83 -27.72
 878.00 -62.63 -44.48
 879.00 -89.78 -22.22
 880.00 -56.03 -41.04
 881.00 -50.37 -45.73
 882.00 -130.19 -23.29
 883.00 -35.04   4.49
 884.00 -61.34 -48.74
 885.00 -67.31 -38.99
 886.00 -98.39 -28.48
 887.00  45.72  10.04
 888.00 -85.95  32.44
 889.00 -101.13 140.03
 890.00 -113.75 131.96
 891.00 -59.88 126.98
 892.00 -59.26 147.32
 893.00 -69.67 -58.02
 894.00 -105.39  -7.10
 895.00 -67.12 -28.36
 896.00 -69.64 -17.05
 897.00 -52.69 -44.70
 898.00 -69.03 -43.59
 899.00 -59.21 -43.05
 900.00 -87.61 -55.20
 901.00 -80.17 -60.30
 902.00 -55.59 -44.79
 903.00 -50.89 -45.05
 904.00 -68.91 -32.50
 905.00 -52.24 -47.54
 906.00 -73.11 -50.26
 907.00 -94.39 -12.90
 908.00  89.17 -19.05
 909.00 -59.98  18.43
 910.00 -126.05 -27.04
 911.00 -100.01 110.90
 912.00 -80.57 150.22
 913.00 -93.59 134.34
 914.00 -57.75  87.61
 915.00 -66.86 120.22
 916.00 -104.89 -41.72
 917.00 -76.46 144.58


