 residuo Phi Psi
 669.00 -67.51 111.12
 670.00 -71.07 134.90
 671.00 -58.04 152.21
 672.00 -51.28 -35.62
 673.00 -87.22 -41.69
 674.00 -52.41 -38.96
 675.00 -81.27 -27.65
 676.00 -53.36 -44.66
 677.00 -64.37 -46.11
 678.00 -57.69 -39.95
 679.00 -83.68 -40.94
 680.00 -78.71  -9.12
 681.00 -96.65 126.04
 682.00 -67.75 163.71
 683.00 -74.13 -177.74
 684.00 -84.17 121.44
 685.00 -88.34 149.76
 686.00 -76.81 159.72
 687.00  96.43 -37.96
 688.00 -73.51  -4.26
 689.00 -92.74 114.86
 690.00 -73.51  88.84
 691.00 -70.79   3.88
 692.00 -93.78 -28.38
 693.00 -68.82 144.04
 694.00 -73.00 150.65
 695.00 -136.59 143.36
 696.00 -53.45 140.26
 697.00 -73.60 -48.66
 698.00 -65.53 -27.67
 699.00 -71.08 -41.22
 700.00 -71.63 -40.55
 701.00 -68.86 -47.01
 702.00 -77.46 -19.67
 703.00 -63.30 -36.56
 704.00 -64.97 -48.07
 705.00 -68.42 -34.26
 706.00 -58.67 -45.75
 707.00 -51.73 -38.32
 708.00 -73.03 -49.54
 709.00 -61.29 -29.04
 710.00 -71.65 -50.06
 711.00 -54.90 -39.34
 712.00 -50.91 -44.00
 713.00 -76.89 -43.78
 714.00 -75.35 -18.35
 715.00 -43.62 -54.16
 716.00 -54.31 -57.31
 717.00 -82.85 -39.18
 718.00 -67.57 -36.81
 719.00 -62.89 -38.57
 720.00 -100.94 -15.51
 721.00 -72.49 -10.29
 722.00 -71.01 128.40
 723.00  72.27 135.08
 724.00 -57.30  -1.48
 725.00 -64.44 -31.20
 726.00 -73.17   6.64
 727.00 -70.23 -30.65
 728.00 -62.08 137.96
 729.00 -59.36 142.62
 730.00 -63.27 -30.19
 731.00 -80.99 -39.55
 732.00 -48.89 -30.88
 733.00 -63.67 -50.56
 734.00 -65.45 -41.69
 735.00 -70.45 -49.21
 736.00 -62.64 -20.15
 737.00 -66.26 -57.47
 738.00 -86.41 -20.85
 739.00 -72.41 -40.14
 740.00 -38.05 -23.67
 741.00 -61.33 -67.80
 742.00 -61.45 -48.37
 743.00 -62.04 -44.49
 744.00 -68.41 -36.09
 745.00 -57.59 -41.83
 746.00 -50.73 -55.29
 747.00 -60.08 -58.18
 748.00 -80.09 -32.10
 749.00 -58.24 -43.50
 750.00 -65.11 -27.67
 751.00 -57.95 -54.41
 752.00 -66.03 -33.05
 753.00 -65.68 -43.10
 754.00 -63.44 -54.13
 755.00 -88.36 -46.18
 756.00 -141.53 -37.15
 757.00  53.62  38.52
 758.00  66.07  31.89
 759.00 -88.44   0.77
 760.00 -88.94 -52.78
 761.00 -101.82 145.58
 762.00 -90.85 105.63
 763.00 -69.95  75.10
 764.00 -154.18 -46.49
 765.00 -67.31 169.55
 766.00 -109.94 -15.24
 767.00 -130.01  -4.12
 768.00 -64.44  43.03
 769.00 -124.03 145.48
 770.00 -137.78 137.46
 771.00 -54.19 174.00
 772.00 -68.43 -24.18
 773.00 -65.08 -67.33
 774.00 -55.35 -25.26
 775.00 -63.52 -53.73
 776.00 -65.88 -49.22
 777.00 -81.29 -33.87
 778.00  57.35 -14.65
 779.00 -132.18  49.52
 780.00 -76.53  42.88
 781.00 -66.94 -61.54
 782.00 -61.95 -32.80
 783.00 -74.75 -32.75
 784.00 -53.54 -49.51
 785.00 -61.26 -40.69
 786.00 -64.26 -47.65
 787.00 -65.18 -36.59
 788.00 -62.51 -34.95
 789.00 -69.91 -29.98
 790.00 -60.34 -53.61
 791.00 -58.62 -43.67
 792.00 -75.71 -30.81
 793.00 -61.62 -33.93
 794.00 -66.91 -38.00
 795.00 -62.89 -40.96
 796.00 -83.06 -45.79
 797.00  48.82 -19.00
 798.00 -59.49  64.81
 799.00 -76.68 129.29
 800.00 -59.16 156.58
 801.00 -73.34 -26.66
 802.00 -53.58 -51.39
 803.00 -48.18 -49.50
 804.00 -64.23 -40.08
 805.00 -72.61 -39.14
 806.00 -73.00 -39.63
 807.00 -69.12 -23.27
 808.00 -49.58 -51.32
 809.00 -54.19 -51.87
 810.00 -59.13 -36.63
 811.00 -58.77 -39.15
 812.00 -107.80 -17.51
 813.00 -142.00  41.99
 814.00 -154.03  -4.92
 815.00 -131.63 120.25
 816.00 -62.79 163.32
 817.00 -68.14 168.51
 818.00 -101.72 -21.29
 819.00  62.27   8.18
 820.00 -76.49 178.35
 821.00 -74.55 158.48
 822.00 -113.78 -11.38
 823.00 -59.87  38.92
 824.00 -68.03 -50.28
 825.00 -63.53 -24.94
 826.00 -53.73 -59.39
 827.00 -58.76 -38.65
 828.00 -69.04 -46.92
 829.00 -78.01 -30.15
 830.00 -55.91 -42.01
 831.00 -68.88 -43.38
 832.00 -57.23 -35.25
 833.00 -69.06 -43.22
 834.00 -62.80 -31.41
 835.00 -67.26 -50.04
 836.00 -76.80 -34.20
 837.00 -59.38 -37.22
 838.00 -55.65 -45.73
 839.00 -51.68 -33.79
 840.00 -135.89 -20.40
 841.00 -59.26  -7.93
 842.00 -76.37 137.97
 843.00 -155.18  87.26
 844.00 -118.20 174.26
 845.00 -90.11 141.24
 846.00 -93.95 -28.88
 847.00 -77.33  -1.57
 848.00 -71.10 159.42
 849.00 -152.83 -41.43
 850.00 -62.37  -7.98
 851.00 -69.36 -29.98
 852.00 -54.55 -47.32
 853.00 -58.08 -52.28
 854.00 -72.11 -35.27
 855.00 -60.18 -49.82
 856.00 -59.41 -34.98
 857.00 -78.00 -39.59
 858.00 -59.82 -37.39
 859.00 -60.04 -47.45
 860.00 -65.46 -40.02
 861.00 -59.12 -34.30
 862.00 -71.13 -41.39
 863.00 -59.54 -41.98
 864.00 -48.94 -30.60
 865.00 -77.49 -25.11
 866.00 -82.14 -30.78
 867.00 -61.19 -32.36
 868.00 -80.81 -27.00
 869.00 -67.64 -30.35
 870.00 -60.01 -41.17
 871.00 -68.24 -36.49
 872.00 -70.21 -46.53
 873.00 -66.99 -32.92
 874.00 -42.41 -56.43
 875.00 -72.46 -47.00
 876.00 -70.73 -47.56
 877.00 -67.45 -37.47
 878.00 -52.49 -45.36
 879.00 -62.00 -48.40
 880.00 -60.76 -50.73
 881.00 -70.54 -20.71
 882.00 -91.22 -52.60
 883.00 -50.65  -3.29
 884.00 -60.64 -44.04
 885.00 -68.14 -54.62
 886.00 -94.72 -19.10
 887.00  58.86   4.74
 888.00 -102.63  38.57
 889.00 -78.15 121.64
 890.00 -128.79 147.48
 891.00 -66.45 140.94
 892.00 -46.87 136.62
 893.00 -75.10 -45.43
 894.00 -75.93 -32.85
 895.00 -61.88 -38.90
 896.00 -65.68 -39.65
 897.00 -62.06 -33.60
 898.00 -71.95 -43.02
 899.00 -82.27 -30.63
 900.00 -100.97 -44.78
 901.00 -106.45 -28.13
 902.00 -41.84 -52.79
 903.00 -49.33 -44.50
 904.00 -82.45 -25.84
 905.00 -84.61 -30.05
 906.00 -60.81 -37.57
 907.00 -66.15 -57.40
 908.00  92.97 -15.57
 909.00 -56.73  -8.85
 910.00 -115.34 -22.73
 911.00 -146.64 132.84
 912.00 -78.36 147.39
 913.00 -87.35 154.82
 914.00 -72.32  88.15
 915.00 -64.84 127.14
 916.00 -93.00 -48.05
 917.00 -98.05 165.88


