 residuo Phi Psi
 669.00 -56.35 -53.80
 670.00 -60.14 135.65
 671.00 -40.95 139.61
 672.00 -48.02 -35.26
 673.00 -78.93 -34.60
 674.00 -66.01 -31.77
 675.00 -56.04 -38.98
 676.00 -43.90 -62.50
 677.00 -75.97 -42.87
 678.00 -76.25 -29.89
 679.00 -77.98 -36.07
 680.00 -73.46  -9.51
 681.00 -83.39 129.26
 682.00 -65.02 159.54
 683.00 -63.54 161.09
 684.00 -129.09 149.31
 685.00 -80.31 140.49
 686.00 -76.86 147.84
 687.00  85.10 -15.15
 688.00 -64.09   9.30
 689.00 -86.81 119.66
 690.00 -71.00  92.42
 691.00 -107.29  17.11
 692.00 -61.73 -30.74
 693.00 -66.59 139.63
 694.00 -66.72 152.58
 695.00 -165.37 135.75
 696.00 -55.19 160.60
 697.00 -66.45 -53.14
 698.00 -56.28 -40.57
 699.00 -57.46 -58.38
 700.00 -61.99 -51.39
 701.00 -68.80 -46.34
 702.00 -76.40 -18.67
 703.00 -67.64 -38.88
 704.00 -69.52 -36.47
 705.00 -68.90 -36.45
 706.00 -68.44 -34.72
 707.00 -51.23 -35.41
 708.00 -59.72 -51.12
 709.00 -62.94 -56.30
 710.00 -67.84 -37.63
 711.00 -64.34 -39.38
 712.00 -51.46 -34.52
 713.00 -63.20 -56.58
 714.00 -57.70 -43.80
 715.00 -64.74 -46.97
 716.00 -46.17 -45.96
 717.00 -59.73 -52.60
 718.00 -68.59 -34.65
 719.00 -67.01 -43.09
 720.00 -121.20  -1.93
 721.00 -57.14 -22.12
 722.00 -65.85 119.54
 723.00  87.41 149.29
 724.00 -56.54 -30.77
 725.00 -55.18 -27.73
 726.00 -68.09 -19.64
 727.00 -72.06 -32.80
 728.00 -83.20 150.35
 729.00 -54.33 153.29
 730.00 -66.10 -37.97
 731.00 -66.88 -40.77
 732.00 -62.82 -33.86
 733.00 -69.95 -50.08
 734.00 -61.57 -31.31
 735.00 -74.81 -55.55
 736.00 -57.02 -25.97
 737.00 -69.39 -49.80
 738.00 -62.15 -39.51
 739.00 -93.01 -38.46
 740.00 -69.57 -11.35
 741.00 -62.62 -34.35
 742.00 -64.10 -40.76
 743.00 -63.44 -47.92
 744.00 -57.09 -39.91
 745.00 -66.11 -58.30
 746.00 -70.34 -36.76
 747.00 -75.93 -43.24
 748.00 -53.34 -31.75
 749.00 -67.86 -40.07
 750.00 -58.29 -44.72
 751.00 -59.86 -52.57
 752.00 -70.14 -30.44
 753.00 -56.66 -40.75
 754.00 -81.24 -55.48
 755.00 -84.61 -40.53
 756.00 -141.20 -37.67
 757.00  45.76  39.78
 758.00  63.61  35.45
 759.00 -67.05   8.55
 760.00 -142.29 -35.00
 761.00 -90.71 168.41
 762.00 -77.14 104.03
 763.00 -54.22  56.27
 764.00 -165.65 -58.58
 765.00 -47.47 154.66
 766.00 -85.58 -39.91
 767.00 -127.77  -9.10
 768.00 -62.50  23.01
 769.00 -80.28 111.27
 770.00 -66.78 106.04
 771.00 -51.64 159.42
 772.00 -71.52 -25.44
 773.00 -48.62 -49.50
 774.00 -55.26 -41.46
 775.00 -78.20 -38.00
 776.00 -76.77 -42.48
 777.00 -84.34 -20.98
 778.00  49.73  -0.20
 779.00 -139.59  53.46
 780.00 -52.80  19.72
 781.00 -61.63 -61.02
 782.00 -72.73 -26.84
 783.00 -61.51 -43.84
 784.00 -55.34 -22.65
 785.00 -67.28 -52.57
 786.00 -55.57 -43.40
 787.00 -61.80 -42.78
 788.00 -54.37 -53.84
 789.00 -60.22 -36.71
 790.00 -70.51 -47.33
 791.00 -44.13 -41.32
 792.00 -50.46 -41.23
 793.00 -75.52 -24.79
 794.00 -59.27 -44.05
 795.00 -65.72 -41.44
 796.00 -77.14 -45.74
 797.00  54.93 -10.92
 798.00 -67.19  51.51
 799.00 -75.74 128.44
 800.00 -53.87 147.90
 801.00 -73.86 -23.84
 802.00 -59.09 -50.82
 803.00 -50.85 -49.27
 804.00 -63.85 -55.05
 805.00 -75.18 -31.99
 806.00 -62.17 -42.61
 807.00 -59.61 -44.88
 808.00 -65.61 -32.56
 809.00 -61.11 -48.05
 810.00 -76.16 -22.65
 811.00 -80.03 -16.84
 812.00 -116.28 -14.84
 813.00 -131.10  42.52
 814.00 -153.92  16.83
 815.00 -135.16 116.83
 816.00 -72.46 154.15
 817.00 -57.96 132.51
 818.00 -75.90 -30.78
 819.00  73.03  -8.70
 820.00 -88.87 162.06
 821.00 -63.24 149.66
 822.00 -112.09 -18.89
 823.00 -45.91  27.34
 824.00 -60.77 -49.76
 825.00 -80.15 -31.70
 826.00 -57.49 -38.52
 827.00 -40.14 -52.67
 828.00 -67.89 -47.45
 829.00 -68.20 -36.40
 830.00 -60.39 -38.32
 831.00 -61.15 -48.43
 832.00 -46.73 -48.04
 833.00 -58.96 -58.54
 834.00 -69.41 -26.29
 835.00 -79.08 -47.01
 836.00 -57.09 -40.75
 837.00 -64.52 -32.90
 838.00 -63.53 -53.33
 839.00 -65.43 -23.69
 840.00 -126.93 -19.03
 841.00 -61.07  -0.06
 842.00 -74.75 155.46
 843.00 -150.06  76.94
 844.00 -105.77 169.83
 845.00 -70.50 125.02
 846.00 -70.62 -48.96
 847.00 -55.79 -35.39
 848.00 -91.93 134.03
 849.00 -137.43  -1.56
 850.00 -39.44 -18.44
 851.00 -75.92 -43.88
 852.00 -57.91 -42.30
 853.00 -64.80 -45.55
 854.00 -64.72 -39.73
 855.00 -74.38 -39.76
 856.00 -45.30 -37.51
 857.00 -61.89 -50.66
 858.00 -83.27 -32.87
 859.00 -67.76 -36.00
 860.00 -61.63 -30.55
 861.00 -75.78 -37.99
 862.00 -64.01 -37.46
 863.00 -63.49 -49.53
 864.00 -78.40 -24.99
 865.00 -60.26 -28.98
 866.00 -49.10 -45.60
 867.00 -81.29 -45.47
 868.00 -68.32 -29.24
 869.00 -60.99 -40.16
 870.00 -61.87 -41.00
 871.00 -66.71 -35.41
 872.00 -76.54 -39.09
 873.00 -68.93 -25.70
 874.00 -63.36 -41.13
 875.00 -66.78 -35.40
 876.00 -83.22 -53.26
 877.00 -77.97 -10.06
 878.00 -65.15 -38.19
 879.00 -62.52 -32.97
 880.00 -84.10 -26.33
 881.00 -67.06 -35.46
 882.00 -91.80 -33.86
 883.00 -50.94  -6.11
 884.00 -75.37 -38.63
 885.00 -56.56 -42.98
 886.00 -84.01 -47.05
 887.00  48.16   4.56
 888.00 -85.17  36.13
 889.00 -70.23 122.46
 890.00 -147.05 144.80
 891.00 -53.53 119.35
 892.00 -60.30 137.59
 893.00 -53.25 -36.25
 894.00 -70.20 -47.11
 895.00 -70.54 -33.24
 896.00 -57.18 -35.33
 897.00 -67.01 -44.46
 898.00 -64.98 -48.23
 899.00 -65.22 -42.25
 900.00 -75.51 -45.81
 901.00 -100.08 -50.58
 902.00 -55.99 -45.43
 903.00 -58.51 -29.05
 904.00 -58.65 -46.69
 905.00 -56.71 -40.08
 906.00 -55.71 -56.80
 907.00 -71.86 -47.43
 908.00  70.15   5.03
 909.00 -56.30   3.06
 910.00 -104.94 -35.27
 911.00 -139.89 146.51
 912.00 -73.53 143.34
 913.00 -78.56 146.88
 914.00 -141.38 144.68
 915.00 -76.04 128.63
 916.00 -105.38 -29.42
 917.00 -72.44 111.48


