 residuo Phi Psi
 669.00 -169.15 162.84
 670.00 -83.96 162.45
 671.00 -143.57 143.53
 672.00 -76.11  -2.67
 673.00 -60.86 -31.36
 674.00 -51.24 -56.02
 675.00 -50.18 -53.45
 676.00 -59.20 -57.57
 677.00 -47.00 -51.03
 678.00 -56.31 -48.38
 679.00 -93.06 -39.36
 680.00 -79.41  11.15
 681.00 -68.52 125.03
 682.00 -60.55 168.26
 683.00 -66.85 156.50
 684.00 -86.91 119.51
 685.00 -94.49 129.05
 686.00 -81.41 146.92
 687.00  82.25 -21.79
 688.00 -101.00  39.63
 689.00 -81.33 112.07
 690.00 -74.19 110.14
 691.00 -71.15  -8.49
 692.00 -86.71 -20.41
 693.00 -65.50 137.97
 694.00 -78.60 155.78
 695.00 -151.49 140.80
 696.00 -58.40 158.14
 697.00 -75.49 -57.41
 698.00 -68.10 -32.20
 699.00 -73.01 -38.22
 700.00 -83.53 -31.91
 701.00 -53.38 -38.81
 702.00 -58.44 -46.78
 703.00 -62.06 -48.56
 704.00 -56.90 -36.41
 705.00 -77.13 -37.55
 706.00 -52.74 -38.31
 707.00 -67.29 -36.99
 708.00 -71.06 -33.55
 709.00 -68.67 -39.94
 710.00 -77.18 -33.25
 711.00 -66.74 -36.62
 712.00 -64.04 -34.20
 713.00 -66.95 -43.16
 714.00 -74.24 -39.00
 715.00 -64.87 -32.83
 716.00 -60.82 -47.13
 717.00 -80.02 -26.34
 718.00 -66.41 -37.31
 719.00 -55.32 -39.52
 720.00 -102.95 -16.77
 721.00 -53.42 -38.04
 722.00 -65.77 133.20
 723.00  65.40 151.79
 724.00 -44.83 -20.80
 725.00 -61.61 -37.69
 726.00 -66.98 -14.73
 727.00 -78.22 -18.60
 728.00 -89.48 163.28
 729.00 -65.92 151.35
 730.00 -74.69 -20.04
 731.00 -67.14 -44.36
 732.00 -63.63 -32.77
 733.00 -65.82 -46.94
 734.00 -73.57 -29.41
 735.00 -74.39 -46.74
 736.00 -50.02 -26.58
 737.00 -76.61 -57.43
 738.00 -93.08 -12.49
 739.00 -77.43 -41.14
 740.00 -39.04 -26.09
 741.00 -62.83 -59.08
 742.00 -62.76 -50.22
 743.00 -61.42 -42.95
 744.00 -68.09 -47.51
 745.00 -60.71 -40.71
 746.00 -67.47 -41.87
 747.00 -64.92 -45.89
 748.00 -55.85 -40.09
 749.00 -76.34 -41.18
 750.00 -70.96 -29.48
 751.00 -62.33 -48.34
 752.00 -57.28 -37.74
 753.00 -66.02 -46.40
 754.00 -91.14 -33.39
 755.00 -140.13   6.09
 756.00 -135.06 -35.72
 757.00  44.82  40.07
 758.00  64.39  31.37
 759.00 -62.43 -13.11
 760.00 -125.26 -31.46
 761.00 -77.45 146.97
 762.00 -81.50 101.14
 763.00 -64.31  73.19
 764.00 -144.00 -58.56
 765.00 -58.22 159.43
 766.00 -90.93 -31.90
 767.00 -128.50 -17.26
 768.00 -88.52  86.12
 769.00 -111.29 149.57
 770.00 -81.19 105.31
 771.00 -61.30 159.02
 772.00 -61.06 -19.57
 773.00 -59.98 -48.55
 774.00 -60.65 -39.24
 775.00 -64.76 -46.50
 776.00 -60.18 -58.66
 777.00 -81.79 -20.37
 778.00  55.70   0.95
 779.00 -125.98  23.93
 780.00 -65.09  43.41
 781.00 -67.28 -44.02
 782.00 -72.18 -31.34
 783.00 -61.01 -43.06
 784.00 -73.36 -44.98
 785.00 -48.69 -43.69
 786.00 -72.07 -40.58
 787.00 -46.29 -45.34
 788.00 -54.59 -49.46
 789.00 -55.48 -45.98
 790.00 -55.56 -53.68
 791.00 -69.36 -41.15
 792.00 -60.72 -25.09
 793.00 -68.17 -34.52
 794.00 -64.85 -37.55
 795.00 -66.97 -49.21
 796.00 -72.48 -36.84
 797.00  56.34 -15.56
 798.00 -76.78  62.09
 799.00 -117.00 147.99
 800.00 -52.29 157.06
 801.00 -73.39 -35.80
 802.00 -72.77 -32.93
 803.00 -49.90 -52.54
 804.00 -60.54 -51.54
 805.00 -57.58 -49.40
 806.00 -68.69 -49.60
 807.00 -45.74 -38.58
 808.00 -66.16 -48.49
 809.00 -59.76 -38.81
 810.00 -64.94 -32.33
 811.00 -73.99 -22.04
 812.00 -108.59 -23.07
 813.00 -136.39  35.21
 814.00 -153.69  19.16
 815.00 -122.91  98.17
 816.00 -47.86 163.74
 817.00 -61.96 158.35
 818.00 -89.41 -48.33
 819.00  97.72  -2.59
 820.00 -68.40 179.65
 821.00 -61.03 160.60
 822.00 -120.87 -42.28
 823.00 -64.45  72.55
 824.00 -66.82 -33.69
 825.00 -67.11 -26.35
 826.00 -80.88 -34.38
 827.00 -55.32 -30.28
 828.00 -65.53 -49.99
 829.00 -65.00 -41.94
 830.00 -58.94 -43.65
 831.00 -67.36 -46.63
 832.00 -57.42 -33.62
 833.00 -59.90 -50.97
 834.00 -60.77 -46.09
 835.00 -53.46 -52.01
 836.00 -68.33 -35.60
 837.00 -45.53 -59.71
 838.00 -59.02 -49.67
 839.00 -69.49 -30.55
 840.00 -87.65 -47.37
 841.00 -35.87 -18.27
 842.00 -88.81 151.49
 843.00 -164.93  97.19
 844.00 -69.01 163.13
 845.00 -55.89  84.39
 846.00 -83.11 -16.14
 847.00 -147.05   0.16
 848.00 -56.79  68.07
 849.00 -55.40 -23.35
 850.00 -61.49 -36.44
 851.00 -82.20 -39.49
 852.00 -76.40 -21.03
 853.00 -53.16 -42.79
 854.00 -47.23 -57.03
 855.00 -69.23 -50.64
 856.00 -67.45 -29.23
 857.00 -53.34 -56.38
 858.00 -84.30 -26.86
 859.00 -75.10 -41.26
 860.00 -55.77 -26.82
 861.00 -72.85 -36.09
 862.00 -58.36 -46.91
 863.00 -62.70 -43.07
 864.00 -75.45 -23.90
 865.00 -68.92 -28.08
 866.00 -52.99 -39.99
 867.00 -56.90 -51.44
 868.00 -66.62 -52.12
 869.00 -60.76 -34.12
 870.00 -65.12 -37.28
 871.00 -51.71 -49.19
 872.00 -70.74 -47.29
 873.00 -62.36 -33.77
 874.00 -60.93 -41.07
 875.00 -63.11 -47.45
 876.00 -82.61 -35.03
 877.00 -67.24 -34.59
 878.00 -62.68 -46.63
 879.00 -57.63 -40.92
 880.00 -79.48 -36.88
 881.00 -48.70 -41.21
 882.00 -91.35 -49.65
 883.00 -52.76   7.17
 884.00 -72.29 -35.23
 885.00 -79.13 -30.65
 886.00 -68.96 -52.09
 887.00  59.79 -14.44
 888.00 -101.50  39.13
 889.00 -116.75 140.75
 890.00 -116.20 129.44
 891.00 -67.89 133.30
 892.00 -51.01 144.71
 893.00 -78.43 -42.38
 894.00 -53.96 -43.16
 895.00 -66.56 -40.45
 896.00 -53.98 -45.71
 897.00 -57.23 -48.62
 898.00 -77.03 -44.84
 899.00 -97.67 -32.21
 900.00 -124.34  -6.17
 901.00 -98.37 -57.01
 902.00 -58.88 -21.69
 903.00 -63.11 -60.93
 904.00 -64.09 -17.74
 905.00 -55.38 -39.77
 906.00 -69.12 -52.40
 907.00 -77.84 -34.69
 908.00  91.02  -4.36
 909.00 -78.53  -7.29
 910.00 -136.12  -7.26
 911.00 -137.97 141.13
 912.00 -77.75 127.47
 913.00 -67.75 135.33
 914.00 -80.11 108.84
 915.00 -89.66 150.95
 916.00 -126.72 -26.08
 917.00 -120.25 -179.89


