 residuo Phi Psi
 669.00 -159.32 147.77
 670.00 -53.58 175.66
 671.00 -147.48 150.34
 672.00 -67.53 -34.05
 673.00 -69.31 -35.54
 674.00 -57.00 -44.55
 675.00 -70.52 -35.97
 676.00 -68.28 -61.27
 677.00 -72.98 -22.93
 678.00 -73.34 -31.64
 679.00 -84.79 -49.28
 680.00 -74.22   2.86
 681.00 -73.64 123.12
 682.00 -53.19 163.17
 683.00 -78.80 163.73
 684.00 -94.93 135.02
 685.00 -76.43 131.75
 686.00 -66.65 135.66
 687.00  82.31 -22.41
 688.00 -67.61  14.49
 689.00 -142.95 169.68
 690.00 -75.19 110.43
 691.00 -68.35  -1.02
 692.00 -86.56 -26.39
 693.00 -77.16 157.93
 694.00 -70.91 136.45
 695.00 -149.18 146.50
 696.00 -39.92 158.96
 697.00 -81.44 -69.42
 698.00 -82.13 -13.57
 699.00 -70.75 -27.04
 700.00 -55.94 -58.65
 701.00 -58.13 -45.40
 702.00 -58.00 -44.07
 703.00 -62.87 -41.86
 704.00 -70.61 -36.28
 705.00 -68.55 -36.56
 706.00 -59.47 -40.51
 707.00 -46.45 -47.68
 708.00 -64.10 -50.16
 709.00 -85.62 -28.99
 710.00 -67.78 -33.14
 711.00 -69.33 -32.13
 712.00 -73.05 -40.77
 713.00 -76.48 -29.84
 714.00 -65.90 -24.45
 715.00 -54.22 -51.51
 716.00 -70.18 -50.52
 717.00 -57.36 -30.77
 718.00 -67.89 -43.74
 719.00 -53.34 -43.15
 720.00 -86.51 -34.13
 721.00 -78.98  -2.82
 722.00 -64.24 141.10
 723.00  77.50 132.14
 724.00 -52.69  -4.78
 725.00 -63.80 -44.32
 726.00 -66.47 -18.79
 727.00 -99.92 -14.12
 728.00 -62.92 142.16
 729.00 -52.02 145.36
 730.00 -66.62 -37.14
 731.00 -58.31 -43.25
 732.00 -58.13 -46.33
 733.00 -56.62 -51.32
 734.00 -81.14 -29.39
 735.00 -67.18 -49.33
 736.00 -63.18 -32.09
 737.00 -88.78 -39.60
 738.00 -98.03  -3.19
 739.00 -72.24 -37.83
 740.00 -52.12 -20.37
 741.00 -64.20 -40.10
 742.00 -66.34 -55.04
 743.00 -46.40 -45.95
 744.00 -75.11 -55.51
 745.00 -70.53 -28.27
 746.00 -68.69 -36.66
 747.00 -71.89 -35.97
 748.00 -71.89 -32.65
 749.00 -70.00 -35.79
 750.00 -63.32 -40.75
 751.00 -65.24 -43.55
 752.00 -53.67 -44.28
 753.00 -55.19 -48.75
 754.00 -67.61 -60.18
 755.00 -75.72 -42.85
 756.00 -144.07 -37.43
 757.00  40.71  39.24
 758.00  68.42  32.14
 759.00 -70.81  -4.06
 760.00 -147.77 -11.19
 761.00 -87.43 162.24
 762.00 -81.81 106.61
 763.00 -51.70  59.98
 764.00 -150.35 -50.09
 765.00 -62.54 162.79
 766.00 -93.69 -23.41
 767.00 -162.03   1.15
 768.00 -109.77  92.80
 769.00 -120.14 152.83
 770.00 -84.63 122.01
 771.00 -58.29 -179.54
 772.00 -52.57 -40.74
 773.00 -73.29 -38.51
 774.00 -51.56 -49.89
 775.00 -82.89 -28.01
 776.00 -72.36 -52.57
 777.00 -73.57 -29.57
 778.00  53.00  -6.64
 779.00 -131.20  54.03
 780.00 -47.96  17.83
 781.00 -61.43 -50.47
 782.00 -64.62 -46.04
 783.00 -55.05 -45.96
 784.00 -63.70 -48.44
 785.00 -64.95 -39.99
 786.00 -62.43 -32.41
 787.00 -56.43 -43.06
 788.00 -75.41 -47.66
 789.00 -78.45 -10.53
 790.00 -61.23 -49.37
 791.00 -68.27 -28.63
 792.00 -68.75 -30.67
 793.00 -56.05 -33.47
 794.00 -77.60 -42.51
 795.00 -62.07 -42.12
 796.00 -83.18 -38.22
 797.00  47.24 -12.41
 798.00 -67.02  64.60
 799.00 -83.31 134.96
 800.00 -52.09 162.27
 801.00 -82.93 -38.46
 802.00 -73.34 -22.11
 803.00 -52.57 -47.56
 804.00 -65.53 -48.83
 805.00 -68.70 -34.12
 806.00 -55.22 -51.11
 807.00 -81.30 -30.20
 808.00 -64.16 -34.98
 809.00 -80.85 -24.20
 810.00 -61.81 -40.77
 811.00 -76.60 -12.35
 812.00 -115.52 -37.07
 813.00 -149.23  74.46
 814.00 -138.40 -15.53
 815.00 -145.67 118.39
 816.00 -67.67 167.31
 817.00 -56.47 143.30
 818.00 -74.35 -41.69
 819.00  75.34  21.98
 820.00 -72.03 170.52
 821.00 -61.56 161.95
 822.00 -133.43 -25.75
 823.00 -56.01  63.81
 824.00 -46.52 -20.80
 825.00 -77.47 -39.80
 826.00 -71.08 -30.02
 827.00 -63.03 -50.00
 828.00 -69.35 -40.51
 829.00 -49.85 -45.96
 830.00 -72.43 -46.85
 831.00 -58.81 -40.62
 832.00 -64.32 -39.03
 833.00 -65.67 -37.85
 834.00 -65.87 -40.65
 835.00 -60.40 -39.64
 836.00 -70.45 -35.69
 837.00 -47.19 -49.15
 838.00 -65.71 -42.60
 839.00 -78.45 -22.32
 840.00 -120.52 -23.86
 841.00 -57.43  -9.97
 842.00 -78.61 146.82
 843.00 -151.63  97.65
 844.00 -91.56 168.26
 845.00 -57.03  76.46
 846.00 -57.34 -12.54
 847.00 -103.07 -41.08
 848.00 -53.71  91.03
 849.00 -57.76 -25.47
 850.00 -64.80 -20.10
 851.00 -72.87 -36.92
 852.00 -61.40 -37.48
 853.00 -60.36 -44.20
 854.00 -64.66 -39.27
 855.00 -51.58 -47.16
 856.00 -52.17 -53.85
 857.00 -74.32 -45.47
 858.00 -79.73 -21.06
 859.00 -68.24 -42.71
 860.00 -67.00 -33.81
 861.00 -71.28 -29.10
 862.00 -76.82 -40.41
 863.00 -45.57 -48.62
 864.00 -75.32 -32.65
 865.00 -59.84 -25.36
 866.00 -60.66 -43.24
 867.00 -63.60 -43.07
 868.00 -70.79 -31.82
 869.00 -69.52 -38.94
 870.00 -57.39 -43.33
 871.00 -53.27 -46.75
 872.00 -69.21 -49.76
 873.00 -58.41 -38.50
 874.00 -64.43 -43.24
 875.00 -57.90 -39.17
 876.00 -87.37 -49.05
 877.00 -65.59 -24.98
 878.00 -60.45 -41.95
 879.00 -57.07 -42.01
 880.00 -66.51 -47.70
 881.00 -70.76 -32.44
 882.00 -104.39 -26.36
 883.00 -64.49  11.46
 884.00 -64.99 -37.87
 885.00 -61.04 -39.48
 886.00 -86.74 -47.71
 887.00  58.30  -2.36
 888.00 -88.73  42.05
 889.00 -97.26 133.59
 890.00 -116.35 135.06
 891.00 -47.43 127.42
 892.00 -45.52 139.65
 893.00 -72.38 -46.53
 894.00 -75.01 -34.40
 895.00 -50.83 -36.68
 896.00 -50.37 -62.61
 897.00 -48.64 -48.68
 898.00 -74.01 -57.12
 899.00 -88.99 -28.37
 900.00 -100.07 -31.80
 901.00 -107.61 -38.21
 902.00 -57.37 -38.22
 903.00 -63.02 -43.89
 904.00 -86.04   1.17
 905.00 -57.38 -45.38
 906.00 -100.83 -43.01
 907.00 -63.76 -21.11
 908.00  79.02 -17.14
 909.00 -57.32   3.91
 910.00 -116.17 -23.77
 911.00 -142.81 142.86
 912.00 -71.58 155.32
 913.00 -62.65 143.06
 914.00 -114.32 133.40
 915.00 -73.31 141.33
 916.00 -120.63 -27.43
 917.00 -143.78 153.58


