 residuo Phi Psi
 669.00 -75.43 140.03
 670.00 -68.15 140.05
 671.00 -75.86  93.12
 672.00 -60.16 -11.90
 673.00 -57.94 -32.37
 674.00 -83.96 -32.75
 675.00 -69.37 -18.93
 676.00 -61.71 -46.50
 677.00 -64.81 -52.52
 678.00 -76.25 -20.84
 679.00 -96.03 -36.68
 680.00 -66.15  -0.68
 681.00 -44.59 122.10
 682.00 -79.74 146.97
 683.00 -59.61 -179.21
 684.00 -135.13 135.31
 685.00 -91.51 117.80
 686.00 -73.68 148.26
 687.00  85.85 -12.47
 688.00 -82.87  11.24
 689.00 -102.13 143.30
 690.00 -76.48 102.22
 691.00 -78.05  -0.65
 692.00 -73.49 -21.21
 693.00 -69.63 149.38
 694.00 -64.85 149.07
 695.00 -165.56 130.46
 696.00 -43.68 139.21
 697.00 -56.99 -54.10
 698.00 -74.20 -54.19
 699.00 -68.10 -25.79
 700.00 -77.75 -46.77
 701.00 -60.32 -30.35
 702.00 -93.26 -24.74
 703.00 -75.50 -24.29
 704.00 -62.32 -41.19
 705.00 -63.71 -41.69
 706.00 -64.73 -41.14
 707.00 -67.41 -25.59
 708.00 -62.01 -51.22
 709.00 -72.03 -28.86
 710.00 -55.89 -57.07
 711.00 -58.34 -37.56
 712.00 -60.59 -42.41
 713.00 -53.94 -55.76
 714.00 -63.35 -38.52
 715.00 -58.05 -49.92
 716.00 -68.78 -47.25
 717.00 -85.39 -17.55
 718.00 -61.50 -46.97
 719.00 -67.25 -31.84
 720.00 -105.18  -6.81
 721.00 -63.50 -18.36
 722.00 -62.48 121.77
 723.00  76.78 151.51
 724.00 -70.65 -17.11
 725.00 -55.51 -33.29
 726.00 -78.65  -8.98
 727.00 -70.36 -30.79
 728.00 -62.88 160.30
 729.00 -67.14 155.71
 730.00 -79.35 -29.53
 731.00 -73.43 -21.56
 732.00 -58.18 -48.35
 733.00 -76.26 -45.49
 734.00 -79.88 -27.19
 735.00 -62.25 -41.52
 736.00 -56.50 -33.67
 737.00 -62.53 -56.16
 738.00 -112.97  -8.20
 739.00 -98.19 -23.89
 740.00 -57.64 -11.25
 741.00 -54.39 -45.66
 742.00 -82.17 -41.58
 743.00 -55.15 -35.70
 744.00 -57.37 -60.16
 745.00 -73.06 -44.21
 746.00 -71.69 -33.96
 747.00 -68.43 -38.43
 748.00 -75.99 -25.83
 749.00 -59.96 -36.40
 750.00 -68.76 -35.81
 751.00 -64.74 -38.50
 752.00 -65.67 -41.47
 753.00 -53.72 -45.66
 754.00 -61.91 -58.79
 755.00 -93.29 -45.70
 756.00 -156.51 -20.14
 757.00  49.83  25.41
 758.00  54.78  33.97
 759.00 -65.60  19.07
 760.00 -140.48 -28.01
 761.00 -88.50 157.64
 762.00 -83.98 109.57
 763.00 -53.97  58.72
 764.00 -160.05 -36.28
 765.00 -60.64 158.43
 766.00 -81.01 -29.58
 767.00 -136.95 -14.38
 768.00 -115.22  98.96
 769.00 -91.09 134.25
 770.00 -73.83 114.49
 771.00 -66.67 171.51
 772.00 -70.69 -24.64
 773.00 -59.24 -42.30
 774.00 -54.46 -41.33
 775.00 -71.32 -48.44
 776.00 -62.73 -49.75
 777.00 -84.27 -32.06
 778.00  65.92 -10.42
 779.00 -138.46  40.40
 780.00 -54.20  32.54
 781.00 -60.01 -50.98
 782.00 -47.86 -50.58
 783.00 -72.69 -41.96
 784.00 -68.99 -30.77
 785.00 -63.23 -43.46
 786.00 -60.28 -39.76
 787.00 -76.14 -31.39
 788.00 -72.75 -39.26
 789.00 -58.24 -36.80
 790.00 -75.10 -31.88
 791.00 -54.70 -44.60
 792.00 -40.79 -37.85
 793.00 -65.78 -37.67
 794.00 -81.38 -36.46
 795.00 -67.60 -33.97
 796.00 -86.79 -37.34
 797.00  43.28  -5.37
 798.00 -65.83  58.42
 799.00 -72.78 125.05
 800.00 -54.04 144.45
 801.00 -47.80 -44.55
 802.00 -75.09 -45.37
 803.00 -61.73 -38.33
 804.00 -61.89 -41.07
 805.00 -74.81 -37.66
 806.00 -70.83 -40.67
 807.00 -70.82 -33.96
 808.00 -65.33 -30.22
 809.00 -67.61 -44.06
 810.00 -71.43 -27.96
 811.00 -84.90 -12.33
 812.00 -97.68 -23.19
 813.00 -140.43  46.87
 814.00 -156.62  19.78
 815.00 -148.10 134.88
 816.00 -64.22 161.84
 817.00 -69.16 151.77
 818.00 -86.79 -29.32
 819.00  87.57   6.44
 820.00 -95.26 -169.80
 821.00 -67.83 179.68
 822.00 -138.46 -30.21
 823.00 -90.69 117.81
 824.00 -68.72 -27.85
 825.00 -70.27 -34.72
 826.00 -65.01 -44.41
 827.00 -61.14 -46.57
 828.00 -48.62 -45.03
 829.00 -66.41 -50.82
 830.00 -56.27 -52.88
 831.00 -66.10 -38.06
 832.00 -71.53 -35.32
 833.00 -73.94 -37.11
 834.00 -78.49 -25.18
 835.00 -52.30 -44.86
 836.00 -69.08 -38.90
 837.00 -68.08 -37.47
 838.00 -62.91 -48.58
 839.00 -70.68 -20.97
 840.00 -123.25 -28.87
 841.00 -62.85  -2.15
 842.00 -70.39 156.47
 843.00 -152.44  82.97
 844.00 -86.61 156.84
 845.00 -73.60 117.30
 846.00 -62.46  -7.60
 847.00 -127.01 -41.82
 848.00 -66.82  70.77
 849.00 -70.08  -5.18
 850.00 -59.04 -25.40
 851.00 -53.65 -38.72
 852.00 -62.46 -53.52
 853.00 -64.03 -44.98
 854.00 -55.49 -42.69
 855.00 -61.52 -56.80
 856.00 -60.82 -32.66
 857.00 -62.93 -36.88
 858.00 -75.87 -35.89
 859.00 -60.64 -42.49
 860.00 -63.15 -43.04
 861.00 -39.68 -49.01
 862.00 -59.35 -61.68
 863.00 -66.50 -39.34
 864.00 -84.24 -25.36
 865.00 -85.04  -1.49
 866.00 -54.52 -36.39
 867.00 -67.50 -47.51
 868.00 -76.57 -17.58
 869.00 -62.00 -34.97
 870.00 -45.52 -55.96
 871.00 -62.79 -46.56
 872.00 -78.40 -43.77
 873.00 -62.48 -28.36
 874.00 -67.91 -40.23
 875.00 -46.13 -54.25
 876.00 -63.63 -54.82
 877.00 -55.92 -38.60
 878.00 -68.47 -47.71
 879.00 -82.52 -24.36
 880.00 -53.75 -44.42
 881.00 -68.36 -43.27
 882.00 -80.28 -40.34
 883.00 -61.97  -1.78
 884.00 -65.50 -41.89
 885.00 -59.31 -40.00
 886.00 -82.46 -46.67
 887.00  53.23  13.02
 888.00 -92.00  33.85
 889.00 -87.35 131.08
 890.00 -130.93 146.50
 891.00 -64.94 145.82
 892.00 -52.16 146.47
 893.00 -69.87 -42.97
 894.00 -67.93 -32.86
 895.00 -60.39 -53.68
 896.00 -61.96 -38.09
 897.00 -61.42 -46.21
 898.00 -74.30 -42.59
 899.00 -108.08 -29.33
 900.00 -113.54  -9.04
 901.00 -103.72 -42.29
 902.00 -51.67 -56.73
 903.00 -46.33 -40.15
 904.00 -67.27 -27.08
 905.00 -79.92 -21.66
 906.00 -68.08 -47.80
 907.00 -73.54 -38.58
 908.00  89.08 -18.90
 909.00 -75.11  13.05
 910.00 -113.55 -22.37
 911.00 -127.40 136.83
 912.00 -63.79 138.20
 913.00 -82.56 146.54
 914.00 -109.70 138.68
 915.00 -73.65 138.46
 916.00 -67.38 -69.44
 917.00 -84.22 145.15


