 residuo Phi Psi
 669.00 -96.76 108.71
 670.00 -71.83 159.86
 671.00 -139.16 161.88
 672.00 -54.92  -2.71
 673.00 -56.06 -44.80
 674.00 -71.69 -39.35
 675.00 -68.20 -38.58
 676.00 -45.35 -44.23
 677.00 -67.28 -49.66
 678.00 -61.47 -36.55
 679.00 -81.15 -34.49
 680.00 -88.59  -2.89
 681.00 -75.95 116.41
 682.00 -55.48 164.19
 683.00 -63.09 163.45
 684.00 -89.40 122.92
 685.00 -108.13 146.44
 686.00 -86.75 143.63
 687.00  83.23  -9.48
 688.00 -60.17   3.08
 689.00 -106.39 135.87
 690.00 -78.67 116.90
 691.00 -77.24   5.72
 692.00 -73.57 -31.98
 693.00 -77.67 135.33
 694.00 -76.69 135.97
 695.00 -116.10 121.22
 696.00 -50.92 163.76
 697.00 -73.44 -47.21
 698.00 -63.75 -34.45
 699.00 -67.55 -46.86
 700.00 -81.37 -39.18
 701.00 -59.40 -28.64
 702.00 -61.66 -51.19
 703.00 -60.43 -36.64
 704.00 -53.47 -48.18
 705.00 -52.66 -45.01
 706.00 -53.36 -59.99
 707.00 -47.69 -37.64
 708.00 -60.90 -57.91
 709.00 -49.48 -41.83
 710.00 -62.08 -58.75
 711.00 -60.74 -43.68
 712.00 -59.40 -31.19
 713.00 -72.16 -47.55
 714.00 -71.20 -23.40
 715.00 -54.15 -48.17
 716.00 -64.46 -42.30
 717.00 -45.15 -49.90
 718.00 -58.57 -51.24
 719.00 -55.56 -31.31
 720.00 -132.29 -22.84
 721.00 -61.86  -1.41
 722.00 -58.35 127.34
 723.00  71.65 146.33
 724.00 -68.83 -14.82
 725.00 -82.24 -13.33
 726.00 -76.52   8.49
 727.00 -87.64 -15.67
 728.00 -67.66 146.08
 729.00 -58.72 146.78
 730.00 -66.28 -28.36
 731.00 -74.89 -35.20
 732.00 -45.54 -38.16
 733.00 -49.42 -66.65
 734.00 -69.51 -39.86
 735.00 -57.83 -55.05
 736.00 -66.68 -20.04
 737.00 -69.63 -54.50
 738.00 -83.32 -20.33
 739.00 -80.20 -44.84
 740.00 -50.23 -13.69
 741.00 -63.72 -39.21
 742.00 -70.51 -45.51
 743.00 -76.50 -37.72
 744.00 -73.54 -41.38
 745.00 -70.98 -32.14
 746.00 -62.09 -33.74
 747.00 -60.45 -47.11
 748.00 -85.64 -31.42
 749.00 -52.27 -37.37
 750.00 -46.30 -52.51
 751.00 -45.12 -71.58
 752.00 -74.47 -33.40
 753.00 -75.46 -40.81
 754.00 -72.20 -39.99
 755.00 -94.34 -42.04
 756.00 -139.96 -22.24
 757.00  44.38  14.24
 758.00  64.12  47.66
 759.00 -72.80 -14.11
 760.00 -103.11 -28.09
 761.00 -104.80 170.53
 762.00 -81.10 106.43
 763.00 -52.17  64.65
 764.00 -148.47 -54.57
 765.00 -45.98 165.08
 766.00 -108.50 -25.54
 767.00 -90.89 -43.47
 768.00 -71.60  54.62
 769.00 -90.85 127.49
 770.00 -60.33 104.58
 771.00 -67.27 168.24
 772.00 -41.29 -30.04
 773.00 -55.43 -67.93
 774.00 -56.38 -40.36
 775.00 -85.30 -40.49
 776.00 -59.22 -49.99
 777.00 -80.57 -25.85
 778.00  54.52   5.82
 779.00 -95.51   6.51
 780.00 -54.72  22.18
 781.00 -65.32 -59.14
 782.00 -57.46 -36.41
 783.00 -62.02 -43.91
 784.00 -62.43 -41.19
 785.00 -72.83 -36.77
 786.00 -71.07 -29.43
 787.00 -50.92 -51.33
 788.00 -74.35 -37.72
 789.00 -70.94 -30.97
 790.00 -54.24 -44.93
 791.00 -62.84 -39.55
 792.00 -59.68 -17.54
 793.00 -62.43 -32.18
 794.00 -93.56 -38.47
 795.00 -85.63 -14.73
 796.00 -95.70 -38.18
 797.00  34.96  -7.02
 798.00 -69.76  70.31
 799.00 -93.34 127.47
 800.00 -59.00 158.03
 801.00 -76.00 -25.67
 802.00 -59.38 -46.34
 803.00 -68.62 -33.84
 804.00 -79.22 -39.36
 805.00 -83.51 -14.67
 806.00 -61.14 -44.40
 807.00 -78.40 -41.05
 808.00 -66.91 -28.13
 809.00 -67.16 -44.53
 810.00 -59.69 -26.35
 811.00 -64.27 -28.87
 812.00 -112.98 -21.34
 813.00 -145.72  45.53
 814.00 -151.16   4.34
 815.00 -129.50 116.48
 816.00 -73.72 164.72
 817.00 -62.57 153.84
 818.00 -54.72 -51.12
 819.00  88.91 -15.03
 820.00 -69.93 153.86
 821.00 -61.83 158.48
 822.00 -112.53 -40.04
 823.00 -64.76  43.30
 824.00 -65.98 -40.32
 825.00 -73.83 -27.00
 826.00 -59.77 -41.98
 827.00 -67.21 -42.33
 828.00 -73.70 -29.00
 829.00 -64.65 -42.22
 830.00 -52.60 -54.65
 831.00 -68.67 -46.50
 832.00 -65.00 -28.46
 833.00 -60.70 -51.83
 834.00 -62.76 -35.26
 835.00 -72.03 -47.07
 836.00 -63.38 -33.53
 837.00 -57.22 -42.38
 838.00 -60.65 -48.20
 839.00 -84.88 -17.81
 840.00 -94.53 -38.66
 841.00 -66.59   5.63
 842.00 -56.71 145.70
 843.00 -149.53  82.25
 844.00 -79.09 167.48
 845.00 -63.97 123.17
 846.00 -59.63 -23.78
 847.00 -130.88  -6.81
 848.00 -53.41  67.78
 849.00 -85.05 -30.94
 850.00 -71.19 -19.32
 851.00 -44.97 -57.39
 852.00 -67.58 -46.41
 853.00 -71.32 -27.87
 854.00 -60.75 -38.58
 855.00 -60.79 -58.66
 856.00 -69.51 -35.03
 857.00 -62.02 -35.58
 858.00 -64.74 -40.03
 859.00 -72.93 -44.69
 860.00 -53.67 -30.04
 861.00 -60.73 -47.43
 862.00 -60.17 -46.13
 863.00 -55.77 -37.25
 864.00 -64.16 -50.06
 865.00 -67.63 -21.49
 866.00 -70.62 -21.24
 867.00 -63.39 -55.33
 868.00 -73.94 -27.33
 869.00 -55.55 -42.39
 870.00 -70.36 -37.63
 871.00 -50.92 -45.83
 872.00 -69.62 -41.34
 873.00 -59.97 -39.09
 874.00 -51.62 -49.66
 875.00 -72.67 -41.28
 876.00 -88.29 -29.53
 877.00 -70.27 -32.52
 878.00 -47.65 -48.27
 879.00 -77.15 -40.79
 880.00 -61.03 -35.16
 881.00 -51.59 -35.61
 882.00 -102.73 -52.12
 883.00 -74.28  16.04
 884.00 -55.86 -34.19
 885.00 -69.14 -43.49
 886.00 -137.05   0.73
 887.00  63.88   8.00
 888.00 -75.29  23.59
 889.00 -86.19 116.25
 890.00 -111.25 121.48
 891.00 -69.73 133.80
 892.00 -61.46 158.19
 893.00 -61.55 -39.81
 894.00 -91.30 -38.23
 895.00 -67.63 -28.68
 896.00 -70.14 -19.58
 897.00 -52.76 -56.51
 898.00 -71.65 -43.84
 899.00 -91.94 -30.42
 900.00 -120.04 -14.79
 901.00 -75.13 -61.74
 902.00 -50.55 -46.36
 903.00 -55.47 -42.33
 904.00 -66.78 -32.47
 905.00 -65.34 -35.82
 906.00 -61.86 -61.39
 907.00 -72.33 -44.07
 908.00  94.67  -4.53
 909.00 -80.63   0.70
 910.00 -111.70 -20.06
 911.00 -123.08 120.36
 912.00 -65.98 148.11
 913.00 -92.47 150.06
 914.00 -78.61 102.54
 915.00 -90.16 138.37
 916.00 -98.11 -41.77
 917.00 -77.66 158.45


