 residuo Phi Psi
 669.00 -64.89 152.64
 670.00 -54.87 150.69
 671.00 -50.08 148.89
 672.00 -44.45 -44.48
 673.00 -84.19 -45.17
 674.00 -62.49 -42.23
 675.00 -70.89 -34.66
 676.00 -57.31 -46.43
 677.00 -75.73 -35.40
 678.00 -57.84 -33.75
 679.00 -90.14 -38.94
 680.00 -63.37 -10.50
 681.00 -99.73 132.83
 682.00 -63.66 175.01
 683.00 -69.09 173.72
 684.00 -111.97 138.67
 685.00 -75.32 143.58
 686.00 -58.50 135.80
 687.00  95.71 -25.29
 688.00 -91.77  15.39
 689.00 -105.52 136.09
 690.00 -80.81 116.89
 691.00 -86.10   0.85
 692.00 -108.69   6.31
 693.00 -56.07 153.13
 694.00 -73.63 145.73
 695.00 -154.80 158.22
 696.00 -56.12 160.08
 697.00 -63.86 -50.17
 698.00 -62.05 -48.86
 699.00 -69.71 -39.44
 700.00 -73.66 -44.59
 701.00 -60.27 -37.59
 702.00 -76.93 -42.90
 703.00 -74.10 -15.58
 704.00 -63.00 -40.28
 705.00 -67.39 -40.57
 706.00 -58.88 -46.60
 707.00 -59.22 -30.82
 708.00 -63.12 -46.34
 709.00 -57.43 -50.70
 710.00 -77.63 -27.63
 711.00 -54.61 -49.79
 712.00 -73.30 -29.37
 713.00 -66.13 -49.95
 714.00 -74.11 -31.81
 715.00 -50.15 -47.01
 716.00 -71.49 -39.99
 717.00 -62.38 -36.00
 718.00 -60.32 -48.78
 719.00 -71.28 -31.63
 720.00 -106.94 -19.34
 721.00 -65.23  -8.47
 722.00 -62.13 127.48
 723.00  55.49 150.78
 724.00 -49.21 -10.07
 725.00 -76.44 -39.92
 726.00 -71.41   7.00
 727.00 -81.42 -14.81
 728.00 -65.60 149.28
 729.00 -53.05 151.32
 730.00 -70.98 -34.44
 731.00 -79.62 -31.19
 732.00 -68.79 -28.91
 733.00 -62.48 -44.75
 734.00 -52.64 -46.24
 735.00 -69.22 -57.24
 736.00 -50.07 -33.93
 737.00 -74.06 -48.69
 738.00 -88.49 -21.44
 739.00 -96.57 -34.10
 740.00 -62.07 -11.21
 741.00 -60.49 -43.03
 742.00 -61.99 -48.84
 743.00 -64.93 -41.05
 744.00 -64.66 -45.95
 745.00 -60.57 -43.58
 746.00 -52.15 -52.87
 747.00 -74.79 -39.04
 748.00 -66.29 -37.35
 749.00 -71.67 -36.69
 750.00 -70.45 -25.07
 751.00 -70.20 -35.63
 752.00 -69.86 -34.11
 753.00 -73.62 -31.85
 754.00 -81.15 -49.15
 755.00 -93.81 -25.32
 756.00 -136.45 -43.74
 757.00  47.18  25.13
 758.00  64.29  45.71
 759.00 -74.38   3.38
 760.00 -66.35 -89.14
 761.00 -113.35 171.40
 762.00 -92.29 115.98
 763.00 -59.85  65.17
 764.00 -167.04 -40.01
 765.00 -72.91 169.47
 766.00 -90.03 -21.35
 767.00 -128.62 -11.49
 768.00 -72.35  47.52
 769.00 -88.90 116.85
 770.00 -82.38 103.07
 771.00 -67.72 172.07
 772.00 -60.40 -34.46
 773.00 -74.60 -36.35
 774.00 -67.81 -32.45
 775.00 -78.41 -30.61
 776.00 -61.80 -51.91
 777.00 -104.53  -9.03
 778.00  59.47   5.91
 779.00 -124.06  27.48
 780.00 -60.84  14.68
 781.00 -63.65 -41.18
 782.00 -74.65 -48.34
 783.00 -60.35 -32.62
 784.00 -61.22 -41.13
 785.00 -74.56 -43.79
 786.00 -66.64 -30.61
 787.00 -58.98 -40.54
 788.00 -56.13 -43.02
 789.00 -52.87 -50.47
 790.00 -67.56 -49.99
 791.00 -74.95 -28.63
 792.00 -61.79 -26.41
 793.00 -69.33 -34.65
 794.00 -58.95 -49.26
 795.00 -60.73 -43.02
 796.00 -94.12 -32.89
 797.00  42.62 -21.92
 798.00 -42.14  63.48
 799.00 -114.60 144.89
 800.00 -52.47 154.79
 801.00 -62.77 -36.13
 802.00 -64.14 -45.46
 803.00 -53.48 -48.37
 804.00 -66.46 -51.74
 805.00 -70.64 -31.99
 806.00 -72.22 -33.45
 807.00 -65.66 -51.54
 808.00 -77.17 -27.50
 809.00 -60.36 -42.49
 810.00 -59.98 -31.95
 811.00 -69.48 -30.90
 812.00 -132.06  -8.49
 813.00 -141.11  44.46
 814.00 -150.97   0.18
 815.00 -154.20 135.37
 816.00 -66.98 168.59
 817.00 -45.83 142.17
 818.00 -99.26 -30.50
 819.00  75.58   8.53
 820.00 -73.85 150.57
 821.00 -63.56 157.45
 822.00 -119.82 -11.68
 823.00 -62.42  30.38
 824.00 -64.92 -34.99
 825.00 -87.40 -30.72
 826.00 -62.88 -26.09
 827.00 -67.23 -49.02
 828.00 -60.35 -40.57
 829.00 -61.88 -55.38
 830.00 -65.14 -35.81
 831.00 -66.67 -47.05
 832.00 -75.97 -24.83
 833.00 -66.77 -42.03
 834.00 -68.56 -31.35
 835.00 -71.36 -44.30
 836.00 -84.48 -13.70
 837.00 -60.38 -48.14
 838.00 -63.18 -33.10
 839.00 -79.04 -23.43
 840.00 -115.24 -26.08
 841.00 -59.57  -9.89
 842.00 -78.60 147.20
 843.00 -162.63  95.66
 844.00 -87.53 157.28
 845.00 -57.20 117.79
 846.00 -80.77 -36.27
 847.00 -69.85 -46.31
 848.00 -70.95 158.44
 849.00 -148.26 -14.31
 850.00 -52.82   5.07
 851.00 -94.45 -46.23
 852.00 -68.48 -31.57
 853.00 -71.88 -25.75
 854.00 -52.90 -53.73
 855.00 -72.62 -37.93
 856.00 -57.14 -45.59
 857.00 -66.07 -38.97
 858.00 -63.66 -53.05
 859.00 -82.96 -32.85
 860.00 -69.57 -35.30
 861.00 -79.77 -10.67
 862.00 -53.09 -46.24
 863.00 -65.28 -44.68
 864.00 -64.63 -34.54
 865.00 -81.18 -12.13
 866.00 -70.27 -21.85
 867.00 -69.53 -33.75
 868.00 -60.41 -46.60
 869.00 -55.94 -43.67
 870.00 -55.96 -43.77
 871.00 -52.54 -52.77
 872.00 -79.38 -49.77
 873.00 -61.39 -33.62
 874.00 -77.21 -32.59
 875.00 -69.16 -36.42
 876.00 -68.79 -48.27
 877.00 -57.68 -38.02
 878.00 -80.07 -34.41
 879.00 -58.06 -40.18
 880.00 -53.12 -49.73
 881.00 -68.20 -43.74
 882.00 -96.86 -37.69
 883.00 -55.98   4.85
 884.00 -59.77 -48.31
 885.00 -56.89 -44.92
 886.00 -88.32 -38.02
 887.00  76.17   1.74
 888.00 -65.80   2.82
 889.00 -93.17 131.81
 890.00 -141.53 158.37
 891.00 -52.12 134.86
 892.00 -59.04 142.76
 893.00 -65.19 -25.96
 894.00 -84.22 -38.66
 895.00 -44.29 -45.46
 896.00 -77.04 -50.16
 897.00 -62.91 -34.74
 898.00 -80.26 -39.93
 899.00 -76.31 -36.26
 900.00 -142.01   2.42
 901.00 -82.42 -53.45
 902.00 -67.07 -36.06
 903.00 -56.50 -39.28
 904.00 -57.12 -33.73
 905.00 -72.72 -43.21
 906.00 -74.41 -38.16
 907.00 -71.25 -39.62
 908.00  71.54   2.23
 909.00 -77.77   8.60
 910.00 -117.50 -20.51
 911.00 -145.15 131.62
 912.00 -81.55 141.88
 913.00 -92.40 165.25
 914.00 -126.77 145.29
 915.00 -89.44 150.84
 916.00 -130.72 -34.66
 917.00 -116.53 160.62


