 residuo Phi Psi
 669.00 -54.80 142.10
 670.00 -70.35 131.62
 671.00 -145.69 136.72
 672.00 -63.31 -23.70
 673.00 -67.63 -39.76
 674.00 -46.40 -49.41
 675.00 -68.58 -34.85
 676.00 -48.46 -60.86
 677.00 -67.58 -52.80
 678.00 -76.58 -26.74
 679.00 -111.22 -34.33
 680.00 -48.46  -6.88
 681.00 -60.10 118.38
 682.00 -92.44 -179.33
 683.00 -76.90 163.15
 684.00 -98.04 134.40
 685.00 -79.66 135.55
 686.00 -81.69 161.90
 687.00 103.51 -40.01
 688.00 -63.43  26.70
 689.00 -160.30 171.39
 690.00 -59.18 125.73
 691.00 -53.60 -23.80
 692.00 -75.52 -29.26
 693.00 -80.62 145.43
 694.00 -80.59 153.98
 695.00 -85.09  56.88
 696.00 -60.00 160.36
 697.00 -64.56 -35.58
 698.00 -63.53 -57.13
 699.00 -72.91 -45.13
 700.00 -66.45 -43.78
 701.00 -50.16 -44.78
 702.00 -72.74 -38.36
 703.00 -77.33 -31.43
 704.00 -64.68 -33.52
 705.00 -59.80 -44.96
 706.00 -65.31 -42.76
 707.00 -60.18 -34.07
 708.00 -58.68 -48.39
 709.00 -60.17 -44.35
 710.00 -63.91 -42.96
 711.00 -64.41 -40.30
 712.00 -75.97 -35.56
 713.00 -80.19 -24.70
 714.00 -67.44 -33.84
 715.00 -65.04 -43.35
 716.00 -69.55 -42.42
 717.00 -75.67 -31.13
 718.00 -67.19 -42.83
 719.00 -70.25 -22.08
 720.00 -108.96  -1.18
 721.00 -76.73  -3.51
 722.00 -74.78 149.19
 723.00  84.27 120.13
 724.00 -54.73  -7.94
 725.00 -84.83 -27.46
 726.00 -74.74   0.82
 727.00 -78.14 -11.30
 728.00 -69.75 143.19
 729.00 -78.01 157.01
 730.00 -72.32 -15.70
 731.00 -78.67 -38.69
 732.00 -63.73 -25.48
 733.00 -64.83 -53.35
 734.00 -72.02 -28.13
 735.00 -65.05 -50.08
 736.00 -63.32 -30.39
 737.00 -67.98 -51.69
 738.00 -62.43 -35.84
 739.00 -70.13 -55.44
 740.00 -40.00  -8.54
 741.00 -67.28 -65.34
 742.00 -64.59 -31.95
 743.00 -64.83 -53.54
 744.00 -75.58 -46.26
 745.00 -73.49 -35.06
 746.00 -60.55 -37.00
 747.00 -63.01 -38.56
 748.00 -63.48 -48.41
 749.00 -58.50 -32.97
 750.00 -57.55 -53.16
 751.00 -51.21 -50.29
 752.00 -70.79 -43.64
 753.00 -60.21 -38.67
 754.00 -63.36 -56.38
 755.00 -78.90 -53.85
 756.00 -134.51 -34.46
 757.00  45.03  34.70
 758.00  61.47  47.94
 759.00 -72.73 -22.39
 760.00 -107.51 -26.47
 761.00 -108.57 179.01
 762.00 -89.98 114.31
 763.00 -56.27  69.51
 764.00 -146.29 -57.54
 765.00 -69.60 166.17
 766.00 -92.61 -25.83
 767.00 -149.28  -3.31
 768.00 -91.19  69.96
 769.00 -110.96 141.47
 770.00 -95.15 121.11
 771.00 -59.34 -179.76
 772.00 -47.18 -38.45
 773.00 -70.95 -49.93
 774.00 -75.18 -22.53
 775.00 -57.17 -42.29
 776.00 -55.92 -62.77
 777.00 -81.17 -30.55
 778.00  53.45  -0.81
 779.00 -131.27  36.72
 780.00 -52.95  37.29
 781.00 -66.14 -52.40
 782.00 -57.60 -36.63
 783.00 -55.73 -49.80
 784.00 -62.43 -43.93
 785.00 -65.99 -34.81
 786.00 -55.49 -38.94
 787.00 -72.97 -41.39
 788.00 -60.30 -35.86
 789.00 -68.64 -42.91
 790.00 -58.37 -42.53
 791.00 -60.57 -48.40
 792.00 -57.46 -27.73
 793.00 -65.46 -41.86
 794.00 -100.12 -19.76
 795.00 -92.96 -16.32
 796.00 -77.20 -33.25
 797.00  57.32 -19.53
 798.00 -67.25  63.96
 799.00 -80.36 131.31
 800.00 -56.28 148.20
 801.00 -68.55 -28.10
 802.00 -69.02 -38.85
 803.00 -52.94 -45.66
 804.00 -74.13 -45.03
 805.00 -83.49 -40.31
 806.00 -78.03 -13.94
 807.00 -51.26 -54.28
 808.00 -68.02 -40.19
 809.00 -90.88 -19.43
 810.00 -55.62 -28.35
 811.00 -75.77 -14.23
 812.00 -119.79 -17.88
 813.00 -119.50  32.95
 814.00 -146.97   5.09
 815.00 -154.44 132.14
 816.00 -76.62 160.61
 817.00 -72.78 161.47
 818.00 -86.09 -26.80
 819.00  99.39 -18.00
 820.00 -73.71 141.06
 821.00 -58.00 158.10
 822.00 -98.61 -29.61
 823.00 -45.86  16.48
 824.00 -54.07 -36.34
 825.00 -91.39 -45.54
 826.00 -49.94 -31.39
 827.00 -47.56 -55.20
 828.00 -93.40 -42.77
 829.00 -62.75 -23.61
 830.00 -54.13 -59.14
 831.00 -55.06 -46.62
 832.00 -70.09 -45.17
 833.00 -83.80 -26.66
 834.00 -77.93 -10.09
 835.00 -58.56 -52.93
 836.00 -63.63 -43.08
 837.00 -58.21 -39.83
 838.00 -49.81 -48.44
 839.00 -74.94 -22.69
 840.00 -134.15 -13.47
 841.00 -64.01   1.08
 842.00 -79.56 136.62
 843.00 -140.97  91.77
 844.00 -75.85 154.58
 845.00 -57.10  80.71
 846.00 -67.99 -28.94
 847.00 -117.21 -12.33
 848.00 -53.55  70.37
 849.00 -66.16 -21.70
 850.00 -59.22 -36.56
 851.00 -79.41 -27.26
 852.00 -53.46 -48.85
 853.00 -74.88 -37.06
 854.00 -55.83 -32.99
 855.00 -59.06 -53.89
 856.00 -59.93 -46.36
 857.00 -74.31 -37.11
 858.00 -89.00 -21.29
 859.00 -69.55 -37.56
 860.00 -46.10 -40.67
 861.00 -65.49 -45.80
 862.00 -55.78 -44.23
 863.00 -60.46 -46.01
 864.00 -51.00 -45.66
 865.00 -73.59 -27.78
 866.00 -70.75 -35.41
 867.00 -73.16 -28.68
 868.00 -64.96 -28.77
 869.00 -59.41 -43.23
 870.00 -66.51 -38.34
 871.00 -63.38 -38.33
 872.00 -74.26 -40.14
 873.00 -77.19 -26.90
 874.00 -66.69 -44.09
 875.00 -79.30 -31.71
 876.00 -73.24 -29.08
 877.00 -51.05 -41.66
 878.00 -78.50 -46.65
 879.00 -81.51 -14.19
 880.00 -54.54 -49.49
 881.00 -51.06 -45.51
 882.00 -134.50 -19.93
 883.00 -42.55  15.18
 884.00 -84.01 -44.84
 885.00 -77.25 -16.66
 886.00 -92.36 -39.66
 887.00  63.49   4.82
 888.00 -80.32  17.52
 889.00 -100.08 144.48
 890.00 -139.30 146.48
 891.00 -61.82 124.89
 892.00 -58.00 138.19
 893.00 -60.92 -39.94
 894.00 -66.91 -38.67
 895.00 -70.30 -35.43
 896.00 -68.41 -26.95
 897.00 -65.63 -44.80
 898.00 -78.47 -47.84
 899.00 -104.13 -14.55
 900.00 -124.60 -19.54
 901.00 -99.96 -32.14
 902.00 -57.61 -48.02
 903.00 -57.66 -28.51
 904.00 -79.73 -20.03
 905.00 -69.62 -29.72
 906.00 -57.07 -50.02
 907.00 -71.03 -49.19
 908.00  79.51  -9.81
 909.00 -69.35   3.50
 910.00 -131.86 -10.57
 911.00 -141.54 134.96
 912.00 -61.07 152.99
 913.00 -93.77 151.58
 914.00 -71.64  83.28
 915.00 -75.27 138.08
 916.00 -128.38 -42.24
 917.00 -119.66 -166.96


