 residuo Phi Psi
 669.00 -56.34 157.67
 670.00 -66.15 126.05
 671.00 -139.94 175.48
 672.00 -63.97 -28.07
 673.00 -66.77 -33.04
 674.00 -77.99 -28.68
 675.00 -59.81 -35.87
 676.00 -54.41 -43.56
 677.00 -73.47 -40.53
 678.00 -71.72 -29.47
 679.00 -83.03 -36.99
 680.00 -58.05 -15.41
 681.00 -74.57 126.50
 682.00 -77.16 160.24
 683.00 -75.71 166.16
 684.00 -72.74 115.34
 685.00 -80.61 126.03
 686.00 -83.16 143.86
 687.00  77.39 -13.51
 688.00 -98.55  28.99
 689.00 -108.31 133.69
 690.00 -49.13 123.21
 691.00 -74.49 -21.06
 692.00 -63.37 -15.55
 693.00 -73.68 149.03
 694.00 -58.37 120.64
 695.00 -152.48  78.45
 696.00 -48.48 149.20
 697.00 -57.53 -50.30
 698.00 -74.00 -38.98
 699.00 -62.40 -55.92
 700.00 -76.49 -39.37
 701.00 -67.73 -32.93
 702.00 -67.94 -41.21
 703.00 -70.01 -32.25
 704.00 -69.31 -40.78
 705.00 -55.69 -38.13
 706.00 -61.85 -46.23
 707.00 -68.14 -27.40
 708.00 -65.76 -30.85
 709.00 -55.23 -57.34
 710.00 -59.15 -48.42
 711.00 -58.37 -46.41
 712.00 -50.74 -41.03
 713.00 -76.90 -50.77
 714.00 -71.73 -24.22
 715.00 -61.36 -35.60
 716.00 -59.71 -52.87
 717.00 -60.29 -41.18
 718.00 -76.47 -38.44
 719.00 -66.67 -33.39
 720.00 -81.65 -34.63
 721.00 -76.53  -0.67
 722.00 -60.01 120.76
 723.00 101.07 130.14
 724.00 -61.97 -21.84
 725.00 -62.50 -32.01
 726.00 -68.95 -13.98
 727.00 -69.65 -29.17
 728.00 -67.51 148.57
 729.00 -51.89 146.39
 730.00 -73.94 -36.99
 731.00 -90.65 -12.21
 732.00 -54.68 -43.33
 733.00 -59.99 -51.64
 734.00 -70.03 -41.37
 735.00 -70.23 -51.94
 736.00 -70.52 -25.01
 737.00 -78.74 -38.20
 738.00 -87.48 -16.24
 739.00 -100.93 -21.84
 740.00 -53.04 -11.29
 741.00 -71.24 -45.03
 742.00 -67.20 -49.14
 743.00 -68.91 -33.08
 744.00 -73.78 -41.38
 745.00 -60.04 -36.53
 746.00 -50.35 -48.70
 747.00 -57.72 -52.64
 748.00 -64.32 -44.11
 749.00 -61.01 -31.54
 750.00 -70.96 -47.45
 751.00 -63.42 -40.87
 752.00 -79.81 -24.61
 753.00 -70.26 -32.64
 754.00 -82.95 -34.29
 755.00 -86.90 -55.25
 756.00 -142.63 -40.23
 757.00  53.79  49.86
 758.00  65.25  16.17
 759.00 -64.48 -18.88
 760.00 -90.08 -46.79
 761.00 -85.33 142.13
 762.00 -83.80  99.03
 763.00 -54.80  62.00
 764.00 -125.98 -57.01
 765.00 -67.09 171.68
 766.00 -83.67 -31.87
 767.00 -80.18 -61.17
 768.00 -83.10  66.56
 769.00 -91.57 139.13
 770.00 -84.86 105.67
 771.00 -51.67 165.23
 772.00 -40.58 -48.84
 773.00 -62.80 -54.71
 774.00 -81.39 -22.20
 775.00 -86.95 -20.85
 776.00 -70.87 -44.71
 777.00 -82.21 -25.21
 778.00  43.49   0.03
 779.00 -140.98  44.17
 780.00 -51.38  20.87
 781.00 -67.74 -35.61
 782.00 -68.53 -35.67
 783.00 -57.81 -43.59
 784.00 -56.12 -35.75
 785.00 -66.31 -37.90
 786.00 -60.55 -41.00
 787.00 -71.57 -29.31
 788.00 -43.64 -52.53
 789.00 -64.85 -50.44
 790.00 -79.58 -31.71
 791.00 -58.51 -37.18
 792.00 -68.96 -32.72
 793.00 -59.44 -28.43
 794.00 -74.44 -41.60
 795.00 -62.12 -41.54
 796.00 -95.06 -31.69
 797.00  43.04   6.80
 798.00 -69.33  53.07
 799.00 -86.41 139.97
 800.00 -57.19 149.06
 801.00 -53.01 -33.44
 802.00 -63.69 -45.81
 803.00 -61.04 -47.80
 804.00 -67.46 -46.52
 805.00 -78.38 -32.64
 806.00 -83.87 -16.35
 807.00 -57.77 -41.62
 808.00 -56.23 -49.07
 809.00 -77.30 -30.06
 810.00 -79.27 -15.02
 811.00 -64.39 -15.46
 812.00 -114.60 -25.10
 813.00 -115.95  36.54
 814.00 -161.73   1.23
 815.00 -152.44 128.74
 816.00 -47.05 153.35
 817.00 -53.68 140.69
 818.00 -116.00 -27.58
 819.00  66.94  30.91
 820.00 -63.73 149.65
 821.00 -64.67 168.86
 822.00 -114.04 -42.79
 823.00 -63.81  77.37
 824.00 -68.64 -36.47
 825.00 -74.77 -31.20
 826.00 -64.94 -25.60
 827.00 -60.65 -51.64
 828.00 -67.12 -42.80
 829.00 -62.55 -42.85
 830.00 -68.27 -37.26
 831.00 -64.16 -44.36
 832.00 -61.03 -41.97
 833.00 -73.50 -42.81
 834.00 -63.17 -27.08
 835.00 -75.47 -39.99
 836.00 -74.87 -25.51
 837.00 -62.28 -37.94
 838.00 -57.81 -56.79
 839.00 -67.56 -13.17
 840.00 -137.39 -31.21
 841.00 -44.77   2.46
 842.00 -68.87 126.16
 843.00 -153.52 115.93
 844.00 -75.55 166.47
 845.00 -69.66  96.10
 846.00 -73.14 -13.23
 847.00 -149.18   2.92
 848.00 -60.80  73.50
 849.00 -71.26 -16.68
 850.00 -51.35 -32.18
 851.00 -74.24 -40.33
 852.00 -69.65 -40.73
 853.00 -67.95 -33.98
 854.00 -67.97 -31.43
 855.00 -65.43 -36.01
 856.00 -61.37 -41.43
 857.00 -67.23 -31.29
 858.00 -73.40 -39.96
 859.00 -70.87 -35.51
 860.00 -49.64 -41.50
 861.00 -54.54 -51.21
 862.00 -61.78 -52.02
 863.00 -60.74 -44.08
 864.00 -79.14 -23.59
 865.00 -73.59 -14.76
 866.00 -66.87 -40.12
 867.00 -61.72 -38.44
 868.00 -71.20 -30.44
 869.00 -54.06 -47.88
 870.00 -44.59 -59.04
 871.00 -62.35 -49.15
 872.00 -74.99 -43.88
 873.00 -52.04 -37.31
 874.00 -75.37 -39.80
 875.00 -53.59 -49.12
 876.00 -63.28 -53.43
 877.00 -65.55 -36.86
 878.00 -67.26 -38.87
 879.00 -66.77 -41.70
 880.00 -73.38 -30.60
 881.00 -61.26 -44.21
 882.00 -89.97 -36.67
 883.00 -46.97  -5.46
 884.00 -77.44 -35.76
 885.00 -61.67 -36.25
 886.00 -75.58 -51.17
 887.00  52.93   6.71
 888.00 -104.64  38.42
 889.00 -82.84 126.78
 890.00 -117.73 131.09
 891.00 -71.72 129.37
 892.00 -55.02 147.74
 893.00 -65.08 -50.69
 894.00 -71.73 -30.78
 895.00 -64.85 -42.68
 896.00 -77.75 -21.20
 897.00 -69.08 -40.52
 898.00 -57.89 -50.61
 899.00 -119.34 -26.54
 900.00 -122.50  -0.77
 901.00 -108.53 -33.31
 902.00 -61.04 -42.36
 903.00 -61.22 -40.82
 904.00 -75.25 -18.13
 905.00 -84.70 -18.18
 906.00 -74.92 -36.79
 907.00 -81.35 -35.47
 908.00  95.37 -11.09
 909.00 -59.88  -5.56
 910.00 -129.64 -14.05
 911.00 -124.78 133.99
 912.00 -72.08 146.21
 913.00 -100.43 156.42
 914.00 -99.94 115.68
 915.00 -70.12 140.48
 916.00 -102.74 -37.44
 917.00 -67.06 127.25


