 residuo Phi Psi
 669.00 -54.31 106.29
 670.00 -72.23 160.40
 671.00 -71.26 130.07
 672.00 -70.96 -32.44
 673.00 -79.27 -10.06
 674.00 -75.43 -25.72
 675.00 -62.34 -39.78
 676.00 -60.80 -39.15
 677.00 -73.58 -40.75
 678.00 -65.09 -31.53
 679.00 -75.60 -45.82
 680.00 -66.74  -9.35
 681.00 -87.24 122.64
 682.00 -62.63 170.79
 683.00 -68.12 160.86
 684.00 -127.46 157.60
 685.00 -101.10 128.94
 686.00 -96.90 162.29
 687.00  98.78 -30.66
 688.00 -75.79   7.17
 689.00 -86.51 123.16
 690.00 -72.87 102.03
 691.00 -75.85   1.22
 692.00 -75.97 -31.55
 693.00 -72.36 162.22
 694.00 -81.26 151.69
 695.00 -140.65 137.39
 696.00 -48.32 144.64
 697.00 -67.64 -60.20
 698.00 -55.64 -41.39
 699.00 -60.24 -48.04
 700.00 -74.12 -48.95
 701.00 -62.56 -33.90
 702.00 -69.38 -41.78
 703.00 -62.66 -32.42
 704.00 -63.27 -47.49
 705.00 -75.00 -32.83
 706.00 -50.49 -48.13
 707.00 -58.52 -28.36
 708.00 -53.17 -57.53
 709.00 -69.01 -46.13
 710.00 -74.51 -36.16
 711.00 -71.62 -30.68
 712.00 -60.81 -39.79
 713.00 -58.40 -47.62
 714.00 -74.66 -28.11
 715.00 -71.36 -36.18
 716.00 -65.44 -31.15
 717.00 -59.49 -52.93
 718.00 -56.92 -49.36
 719.00 -65.55 -34.22
 720.00 -102.92 -21.24
 721.00 -67.44  -1.25
 722.00 -71.50 128.46
 723.00  70.33 144.23
 724.00 -54.02 -13.42
 725.00 -85.04 -28.75
 726.00 -75.47  11.19
 727.00 -86.20 -15.13
 728.00 -68.59 158.40
 729.00 -66.08 149.14
 730.00 -78.34 -16.08
 731.00 -64.55 -37.64
 732.00 -59.48 -42.50
 733.00 -68.79 -45.65
 734.00 -63.12 -32.34
 735.00 -75.95 -32.81
 736.00 -52.14 -44.49
 737.00 -62.78 -53.91
 738.00 -125.56  -1.08
 739.00 -93.75 -29.96
 740.00 -39.61  -8.46
 741.00 -57.07 -61.84
 742.00 -68.61 -49.06
 743.00 -65.09 -37.90
 744.00 -65.88 -48.35
 745.00 -60.73 -34.26
 746.00 -60.63 -43.49
 747.00 -68.98 -42.66
 748.00 -51.65 -48.28
 749.00 -57.08 -38.61
 750.00 -70.37 -46.23
 751.00 -70.74 -43.21
 752.00 -50.36 -37.42
 753.00 -69.34 -48.11
 754.00 -98.60 -33.53
 755.00 -143.46  14.31
 756.00 -120.00 -49.88
 757.00  51.14  33.65
 758.00  56.58  20.99
 759.00 -62.54  -0.90
 760.00 -122.43 -24.86
 761.00 -89.15 159.00
 762.00 -92.92 124.08
 763.00 -62.38  70.54
 764.00 -146.70 -53.56
 765.00 -68.93 166.82
 766.00 -83.47 -35.65
 767.00 -140.18   0.05
 768.00 -80.26  71.84
 769.00 -133.54 146.76
 770.00 -62.56  85.56
 771.00 -56.67 165.91
 772.00 -66.20 -27.33
 773.00 -75.27 -39.18
 774.00 -55.32 -29.04
 775.00 -70.30 -47.22
 776.00 -74.71 -42.17
 777.00 -89.44 -15.91
 778.00  63.74  -7.56
 779.00 -120.08  32.14
 780.00 -72.47  23.12
 781.00 -51.94 -52.65
 782.00 -77.55 -30.30
 783.00 -59.99 -39.35
 784.00 -53.17 -46.14
 785.00 -66.34 -39.47
 786.00 -59.75 -46.89
 787.00 -62.08 -37.03
 788.00 -58.92 -40.92
 789.00 -62.80 -49.50
 790.00 -74.59 -33.39
 791.00 -55.51 -40.23
 792.00 -56.22 -39.66
 793.00 -53.51 -35.66
 794.00 -90.97 -36.36
 795.00 -63.89 -28.26
 796.00 -92.91 -30.25
 797.00  45.78 -26.89
 798.00 -68.31  64.92
 799.00 -87.46 133.28
 800.00 -45.92 158.44
 801.00 -56.26 -42.79
 802.00 -73.65 -48.11
 803.00 -52.38 -47.92
 804.00 -58.71 -45.73
 805.00 -69.96 -39.01
 806.00 -62.22 -45.92
 807.00 -75.57 -31.15
 808.00 -68.70 -33.95
 809.00 -65.49 -38.90
 810.00 -56.23 -38.43
 811.00 -87.31 -19.54
 812.00 -133.81   3.16
 813.00 -154.90  57.03
 814.00 -138.99  -2.39
 815.00 -152.98 130.37
 816.00 -64.63 162.79
 817.00 -74.72 153.59
 818.00 -75.49 -29.45
 819.00  82.92 -13.59
 820.00 -62.79 158.34
 821.00 -58.54 159.00
 822.00 -89.26 -50.64
 823.00 -67.02  36.01
 824.00 -62.73 -37.34
 825.00 -76.73 -30.92
 826.00 -67.04 -29.80
 827.00 -56.88 -42.34
 828.00 -61.29 -40.36
 829.00 -71.49 -42.52
 830.00 -47.03 -45.85
 831.00 -55.06 -56.16
 832.00 -60.94 -45.77
 833.00 -82.42 -39.44
 834.00 -51.19 -36.76
 835.00 -91.76 -42.71
 836.00 -96.85  -2.99
 837.00 -54.51 -38.36
 838.00 -47.74 -46.63
 839.00 -100.36 -31.43
 840.00 -122.51  -9.11
 841.00 -67.69   8.49
 842.00 -67.43 148.38
 843.00 -59.44  -7.12
 844.00 -74.85 156.11
 845.00 -60.63 115.49
 846.00 -48.75 -26.39
 847.00 -107.23 -25.84
 848.00 -64.51  80.50
 849.00 -67.81 -31.34
 850.00 -79.43 -33.63
 851.00 -73.41 -27.87
 852.00 -63.88 -40.29
 853.00 -56.52 -46.39
 854.00 -78.49 -37.62
 855.00 -56.73 -38.09
 856.00 -57.25 -49.12
 857.00 -73.78 -31.70
 858.00 -57.42 -42.98
 859.00 -67.53 -48.82
 860.00 -73.03 -31.08
 861.00 -76.33 -25.65
 862.00 -53.71 -38.32
 863.00 -80.57 -41.86
 864.00 -78.28 -19.60
 865.00 -64.28 -13.87
 866.00 -72.43 -38.12
 867.00 -68.26 -42.33
 868.00 -59.23 -31.01
 869.00 -66.81 -43.08
 870.00 -68.83 -42.15
 871.00 -59.84 -43.61
 872.00 -67.10 -46.16
 873.00 -59.90 -35.41
 874.00 -55.91 -46.26
 875.00 -62.82 -48.29
 876.00 -59.71 -52.68
 877.00 -44.56 -39.66
 878.00 -57.60 -57.65
 879.00 -73.61 -37.85
 880.00 -65.25 -34.51
 881.00 -61.95 -45.95
 882.00 -83.09 -39.74
 883.00 -56.80 -15.23
 884.00 -74.86 -29.16
 885.00 -73.20 -35.60
 886.00 -92.06 -38.81
 887.00  62.01   1.76
 888.00 -92.68  31.98
 889.00 -97.20 139.99
 890.00 -123.50 134.03
 891.00 -64.04 129.48
 892.00 -57.95 150.54
 893.00 -68.13 -39.15
 894.00 -70.84 -35.94
 895.00 -57.04 -45.42
 896.00 -55.07 -39.93
 897.00 -64.32 -54.41
 898.00 -67.39 -48.05
 899.00 -95.11 -26.14
 900.00 -102.11 -20.70
 901.00 -100.67 -42.88
 902.00 -61.05 -35.78
 903.00 -69.53 -28.42
 904.00 -48.93 -37.35
 905.00 -75.96 -41.38
 906.00 -77.53 -51.04
 907.00 -89.82  -7.41
 908.00  85.39 -14.74
 909.00 -70.37   4.75
 910.00 -136.79 -10.30
 911.00 -148.26 132.76
 912.00 -64.50 150.77
 913.00 -90.23 171.64
 914.00 -125.42 140.68
 915.00 -137.94 156.57
 916.00 -109.98  -9.87
 917.00 -84.70 158.17


