 residuo Phi Psi
 669.00 -64.39 146.66
 670.00 -61.60 169.65
 671.00 -58.60 151.58
 672.00 -54.99 -36.39
 673.00 -76.46 -39.54
 674.00 -73.93 -25.50
 675.00 -70.47 -32.86
 676.00 -65.67 -39.66
 677.00 -92.09 -26.49
 678.00 -67.34 -26.18
 679.00 -82.56 -34.82
 680.00 -75.10 -13.14
 681.00 -85.46 137.75
 682.00 -98.30 172.29
 683.00 -58.85 176.93
 684.00 -150.54 158.60
 685.00 -79.90 139.41
 686.00 -90.84 157.09
 687.00  75.15 -10.78
 688.00 -101.35  35.15
 689.00 -93.76 134.63
 690.00 -86.01 110.32
 691.00 -62.54   3.16
 692.00 -80.51 -44.33
 693.00 -50.15 157.65
 694.00 -62.80 135.00
 695.00 -140.27 128.43
 696.00 -47.01 161.80
 697.00 -67.44 -57.35
 698.00 -44.12 -54.45
 699.00 -60.92 -52.59
 700.00 -64.43 -57.86
 701.00 -61.96 -41.00
 702.00 -70.18 -39.11
 703.00 -75.36 -27.42
 704.00 -77.03 -31.51
 705.00 -59.49 -34.57
 706.00 -58.38 -51.15
 707.00 -72.96 -27.85
 708.00 -65.80 -42.40
 709.00 -72.15 -31.31
 710.00 -64.55 -47.55
 711.00 -50.59 -38.99
 712.00 -58.15 -54.35
 713.00 -67.35 -44.07
 714.00 -70.43 -30.94
 715.00 -84.73 -30.40
 716.00 -58.97 -36.11
 717.00 -60.75 -36.13
 718.00 -69.15 -65.28
 719.00 -63.03 -29.07
 720.00 -86.90 -30.83
 721.00 -72.44  -7.31
 722.00 -66.39 140.51
 723.00  82.07 141.22
 724.00 -47.32 -22.89
 725.00 -61.71 -27.09
 726.00 -60.25 -19.75
 727.00 -84.14 -30.61
 728.00 -69.81 142.87
 729.00 -54.37 148.26
 730.00 -69.22 -35.99
 731.00 -92.49 -20.94
 732.00 -63.28 -28.87
 733.00 -53.10 -45.83
 734.00 -60.73 -46.73
 735.00 -67.10 -58.75
 736.00 -58.93 -34.39
 737.00 -61.62 -53.88
 738.00 -77.63 -28.81
 739.00 -89.06 -36.50
 740.00 -57.70  -7.83
 741.00 -74.44 -38.18
 742.00 -76.70 -26.01
 743.00 -78.49 -34.29
 744.00 -54.22 -45.72
 745.00 -68.95 -57.24
 746.00 -68.85 -33.73
 747.00 -71.52 -34.60
 748.00 -55.53 -43.46
 749.00 -45.13 -50.50
 750.00 -68.94 -44.44
 751.00 -58.75 -49.67
 752.00 -75.82 -24.96
 753.00 -56.85 -50.74
 754.00 -77.85 -49.76
 755.00 -82.68 -41.40
 756.00 -152.02 -31.55
 757.00  59.27  18.14
 758.00  46.62  45.08
 759.00 -75.75  15.55
 760.00 -165.91   2.59
 761.00 -95.32 141.27
 762.00 -99.65 112.85
 763.00 -64.13  72.60
 764.00 -134.24 -66.18
 765.00 -53.84 156.01
 766.00 -79.98 -37.04
 767.00 -136.43 -17.52
 768.00 -64.59  55.29
 769.00 -92.59 129.88
 770.00 -98.40 115.86
 771.00 -52.31 174.81
 772.00 -64.04 -42.81
 773.00 -57.77 -49.36
 774.00 -60.41 -37.99
 775.00 -87.90 -28.56
 776.00 -71.41 -36.80
 777.00 -67.36 -37.41
 778.00  56.37 -10.63
 779.00 -134.68  45.18
 780.00 -52.67  16.75
 781.00 -57.28 -42.52
 782.00 -61.33 -56.46
 783.00 -65.22 -40.57
 784.00 -51.21 -42.08
 785.00 -75.82 -41.69
 786.00 -61.99 -35.55
 787.00 -62.16 -44.03
 788.00 -62.90 -53.56
 789.00 -64.78 -31.79
 790.00 -63.39 -50.31
 791.00 -65.25 -38.80
 792.00 -59.14 -22.47
 793.00 -65.87 -28.47
 794.00 -84.75 -37.61
 795.00 -67.34 -29.95
 796.00 -82.44 -38.35
 797.00  47.28 -27.21
 798.00 -58.84  48.61
 799.00 -98.20 136.39
 800.00 -64.53 170.18
 801.00 -65.01 -35.60
 802.00 -69.07 -35.84
 803.00 -59.23 -51.78
 804.00 -51.02 -43.97
 805.00 -71.50 -53.03
 806.00 -52.16 -47.09
 807.00 -57.83 -49.07
 808.00 -56.24 -43.16
 809.00 -60.52 -53.26
 810.00 -63.71 -31.32
 811.00 -67.86 -29.32
 812.00 -73.92 -42.12
 813.00 -148.68  44.83
 814.00 -150.31  21.93
 815.00 -140.64 116.53
 816.00 -73.62 174.38
 817.00 -54.33 162.86
 818.00 -63.66 -39.89
 819.00  85.12 -21.23
 820.00 -67.87 168.53
 821.00 -87.74 177.86
 822.00 -100.60 -25.22
 823.00 -72.20  22.71
 824.00 -60.16 -32.34
 825.00 -79.10 -34.81
 826.00 -69.99 -30.70
 827.00 -60.98 -46.76
 828.00 -72.27 -36.62
 829.00 -68.91 -39.11
 830.00 -52.12 -37.58
 831.00 -65.65 -60.97
 832.00 -69.59 -18.17
 833.00 -63.89 -52.46
 834.00 -61.66 -29.60
 835.00 -67.22 -56.00
 836.00 -62.92 -44.68
 837.00 -63.68 -32.10
 838.00 -54.78 -48.97
 839.00 -74.45 -31.08
 840.00 -120.83 -16.46
 841.00 -56.77  -8.38
 842.00 -89.41 146.87
 843.00 -134.70  93.75
 844.00 -68.37 154.59
 845.00 -63.10  91.96
 846.00 -64.73 -10.39
 847.00 -140.26 -20.49
 848.00 -54.39  82.86
 849.00 -76.17 -11.05
 850.00 -62.85 -18.71
 851.00 -65.86 -48.96
 852.00 -55.36 -38.32
 853.00 -58.37 -56.00
 854.00 -62.77 -42.50
 855.00 -52.88 -50.94
 856.00 -64.72 -38.97
 857.00 -68.78 -48.52
 858.00 -73.48 -28.12
 859.00 -69.64 -41.06
 860.00 -58.27 -32.74
 861.00 -59.96 -45.85
 862.00 -62.29 -49.35
 863.00 -68.07 -30.38
 864.00 -45.50 -45.97
 865.00 -69.78 -23.93
 866.00 -74.11 -40.99
 867.00 -73.23 -32.28
 868.00 -65.25 -30.93
 869.00 -47.42 -54.84
 870.00 -57.82 -46.87
 871.00 -69.67 -44.07
 872.00 -66.43 -35.31
 873.00 -57.39 -43.00
 874.00 -68.90 -39.73
 875.00 -76.10 -37.50
 876.00 -74.29 -34.48
 877.00 -78.78 -31.94
 878.00 -51.49 -47.15
 879.00 -67.90 -37.26
 880.00 -65.44 -37.65
 881.00 -53.32 -38.61
 882.00 -118.45 -35.88
 883.00 -58.03  13.93
 884.00 -71.84 -45.81
 885.00 -62.47 -32.91
 886.00 -87.65 -39.78
 887.00  52.99  10.58
 888.00 -86.20  35.55
 889.00 -113.18 142.09
 890.00 -135.38 149.22
 891.00 -74.03 138.05
 892.00 -62.80 147.51
 893.00 -79.78 -34.75
 894.00 -61.52 -30.22
 895.00 -53.48 -66.34
 896.00 -57.46 -31.73
 897.00 -67.15 -42.65
 898.00 -68.92 -50.40
 899.00 -86.47 -13.83
 900.00 -103.12 -37.78
 901.00 -85.76 -57.48
 902.00 -58.51 -33.54
 903.00 -59.13 -45.21
 904.00 -74.29 -22.65
 905.00 -72.96 -32.22
 906.00 -62.66 -44.77
 907.00 -80.49 -28.75
 908.00  91.49 -23.61
 909.00 -83.39  11.81
 910.00 -95.01 -20.18
 911.00 -122.81 133.05
 912.00 -69.09 130.71
 913.00 -95.35 157.06
 914.00 -63.99  90.59
 915.00 -82.26 134.83
 916.00 -83.55 -33.34
 917.00 -114.25 164.88


