 residuo Phi Psi
 669.00 -70.27 138.50
 670.00 -65.95 135.75
 671.00 -144.89 131.04
 672.00 -57.47 -24.14
 673.00 -58.91 -35.52
 674.00 -73.37 -33.99
 675.00 -80.15 -27.66
 676.00 -52.28 -44.50
 677.00 -70.46 -50.77
 678.00 -81.87 -25.42
 679.00 -73.43 -38.42
 680.00 -50.48 -20.95
 681.00 -63.84 124.25
 682.00 -64.60 166.00
 683.00 -75.77 171.78
 684.00 -108.50 129.22
 685.00 -90.02 119.10
 686.00 -75.37 141.79
 687.00  86.57 -12.95
 688.00 -83.10  20.31
 689.00 -64.67 126.69
 690.00 -45.49  70.26
 691.00 -67.06 -12.22
 692.00 -77.00 -32.65
 693.00 -53.88 155.13
 694.00 -73.50 139.66
 695.00 -150.18 133.37
 696.00 -39.70 139.42
 697.00 -70.46 -61.90
 698.00 -78.63 -32.42
 699.00 -82.07 -19.05
 700.00 -60.93 -56.35
 701.00 -61.72 -28.32
 702.00 -60.92 -45.88
 703.00 -68.76 -39.53
 704.00 -78.47 -34.00
 705.00 -73.81 -22.19
 706.00 -54.39 -47.76
 707.00 -58.32 -44.01
 708.00 -69.37 -39.05
 709.00 -64.09 -45.32
 710.00 -72.25 -31.51
 711.00 -68.43 -40.94
 712.00 -58.90 -31.77
 713.00 -58.79 -51.61
 714.00 -76.28 -44.72
 715.00 -73.35 -20.71
 716.00 -68.91 -34.42
 717.00 -61.46 -41.34
 718.00 -62.07 -42.57
 719.00 -70.10 -44.75
 720.00 -103.66  -8.28
 721.00 -58.67 -18.28
 722.00 -68.11 141.29
 723.00  74.53 149.70
 724.00 -60.55 -10.97
 725.00 -55.60 -40.53
 726.00 -80.03 -23.58
 727.00 -81.91 -12.94
 728.00 -63.63 153.18
 729.00 -47.07 156.06
 730.00 -50.67 -53.73
 731.00 -72.45 -46.04
 732.00 -70.58 -37.87
 733.00 -68.89 -39.41
 734.00 -63.25 -39.94
 735.00 -54.84 -54.35
 736.00 -52.57 -40.11
 737.00 -82.84 -43.58
 738.00 -86.95 -24.22
 739.00 -79.32 -34.83
 740.00 -53.39 -10.71
 741.00 -62.49 -58.21
 742.00 -58.08 -45.65
 743.00 -69.57 -42.22
 744.00 -77.00 -45.99
 745.00 -79.82 -27.20
 746.00 -68.32 -31.12
 747.00 -65.50 -42.50
 748.00 -56.47 -47.96
 749.00 -60.46 -32.31
 750.00 -80.34 -35.92
 751.00 -58.56 -41.15
 752.00 -77.20 -29.86
 753.00 -62.31 -43.40
 754.00 -81.20 -35.88
 755.00 -72.29 -67.21
 756.00 -137.88 -19.51
 757.00  68.47  17.13
 758.00  66.78  27.17
 759.00 -66.88 -10.94
 760.00 -84.54 -58.90
 761.00 -94.70 156.63
 762.00 -95.27 121.72
 763.00 -66.19  72.30
 764.00 -165.59 -46.23
 765.00 -63.69 167.74
 766.00 -85.49 -34.58
 767.00 -139.28  -4.67
 768.00 -58.46  23.42
 769.00 -88.12 128.35
 770.00 -62.01  99.46
 771.00 -49.56 160.12
 772.00 -66.87 -34.90
 773.00 -59.00 -42.78
 774.00 -66.13 -32.81
 775.00 -67.77 -42.40
 776.00 -64.23 -45.54
 777.00 -65.81 -33.09
 778.00  65.66 -16.05
 779.00 -52.87 -47.18
 780.00 -56.32  28.72
 781.00 -58.81 -43.75
 782.00 -62.09 -49.30
 783.00 -62.20 -39.63
 784.00 -73.77 -31.26
 785.00 -61.14 -42.06
 786.00 -61.73 -48.96
 787.00 -60.32 -28.34
 788.00 -64.63 -45.46
 789.00 -71.38 -27.48
 790.00 -74.96 -26.23
 791.00 -61.55 -44.37
 792.00 -61.34 -36.67
 793.00 -63.22 -29.66
 794.00 -61.15 -38.43
 795.00 -59.92 -51.05
 796.00 -85.28 -37.18
 797.00  59.69 -11.30
 798.00 -62.61  53.78
 799.00 -90.66 131.60
 800.00 -57.03 159.52
 801.00 -61.00 -45.62
 802.00 -65.36 -36.96
 803.00 -46.61 -53.14
 804.00 -59.47 -50.69
 805.00 -83.33 -35.41
 806.00 -67.49 -41.04
 807.00 -69.45 -30.45
 808.00 -65.74 -40.00
 809.00 -57.70 -41.76
 810.00 -65.96 -33.02
 811.00 -82.56  -6.93
 812.00 -107.76 -22.80
 813.00 -122.70  38.00
 814.00 -155.72   7.37
 815.00 -145.52 124.51
 816.00 -56.39 161.87
 817.00 -54.81 146.06
 818.00 -80.10 -47.02
 819.00  82.54   7.75
 820.00 -59.67 162.06
 821.00 -74.57 162.56
 822.00 -123.56 -22.02
 823.00 -76.72  96.99
 824.00 -58.41 -45.79
 825.00 -74.04 -31.17
 826.00 -71.81 -30.94
 827.00 -70.61 -37.61
 828.00 -47.79 -42.14
 829.00 -76.64 -47.98
 830.00 -63.53 -44.49
 831.00 -66.60 -38.29
 832.00 -59.91 -33.39
 833.00 -71.18 -47.06
 834.00 -73.34 -24.89
 835.00 -71.16 -43.24
 836.00 -82.03 -27.37
 837.00 -67.42 -28.11
 838.00 -45.23 -54.15
 839.00 -64.84 -26.16
 840.00 -120.96 -27.90
 841.00 -52.49 -12.83
 842.00 -73.12 145.71
 843.00 -160.41  87.86
 844.00 -104.87 164.42
 845.00 -59.99 117.63
 846.00 -70.72 -15.60
 847.00 -130.99 -18.53
 848.00 -47.43  82.99
 849.00 -52.20 -43.77
 850.00 -59.21 -25.46
 851.00 -72.96 -46.09
 852.00 -64.53 -41.47
 853.00 -73.21 -35.36
 854.00 -58.55 -43.79
 855.00 -66.35 -36.79
 856.00 -60.34 -41.30
 857.00 -47.06 -41.53
 858.00 -73.77 -51.19
 859.00 -77.35 -33.59
 860.00 -67.42 -25.09
 861.00 -58.81 -40.12
 862.00 -72.04 -45.98
 863.00 -72.87 -26.80
 864.00 -84.44 -23.46
 865.00 -74.46 -30.85
 866.00 -62.38 -13.65
 867.00 -63.48 -54.96
 868.00 -73.83 -20.09
 869.00 -57.94 -46.63
 870.00 -63.61 -40.50
 871.00 -59.79 -39.72
 872.00 -72.25 -47.40
 873.00 -61.41 -34.20
 874.00 -66.95 -36.58
 875.00 -77.29 -34.47
 876.00 -66.41 -42.32
 877.00 -75.59 -29.75
 878.00 -58.49 -41.04
 879.00 -45.75 -60.52
 880.00 -62.17 -42.99
 881.00 -62.92 -47.36
 882.00 -94.66 -28.64
 883.00 -55.44  -2.11
 884.00 -59.61 -56.93
 885.00 -56.94 -40.73
 886.00 -86.01 -42.31
 887.00  57.18  -3.49
 888.00 -81.08  29.08
 889.00 -106.76 133.78
 890.00 -98.78 129.34
 891.00 -58.31 140.06
 892.00 -75.59 156.12
 893.00 -65.35 -29.46
 894.00 -80.01 -35.52
 895.00 -64.70 -33.34
 896.00 -63.97 -40.55
 897.00 -60.78 -58.02
 898.00 -84.20 -32.72
 899.00 -104.86 -20.36
 900.00 -113.45  -2.59
 901.00 -97.23 -56.37
 902.00 -59.06 -42.32
 903.00 -50.39 -46.08
 904.00 -82.83 -18.15
 905.00 -62.99 -41.96
 906.00 -75.36 -42.77
 907.00 -83.32 -29.34
 908.00  80.30 -10.52
 909.00 -68.85  14.81
 910.00 -120.08 -17.33
 911.00 -129.74 130.65
 912.00 -54.01 132.57
 913.00 -104.09 158.74
 914.00 -92.55 115.30
 915.00 -107.77 164.52
 916.00 -124.25 -26.57
 917.00 -85.65 148.45


