 residuo Phi Psi
 669.00 -58.89 154.57
 670.00 -70.66 141.03
 671.00 -51.54 152.11
 672.00 -56.52 -46.73
 673.00 -69.02 -43.55
 674.00 -77.77 -21.69
 675.00 -66.82 -37.42
 676.00 -78.09 -26.79
 677.00 -85.58 -19.15
 678.00 -63.96 -23.20
 679.00 -99.73 -26.17
 680.00 -94.87  11.01
 681.00 -58.76 109.90
 682.00 -72.32 162.65
 683.00 -67.68 157.88
 684.00 -114.71 134.98
 685.00 -66.89 134.83
 686.00 -62.02 141.53
 687.00  77.68 -15.10
 688.00 -92.12  32.10
 689.00 -102.91 140.74
 690.00 -67.52  80.49
 691.00 -75.06  -4.46
 692.00 -76.88 -25.80
 693.00 -74.32 159.34
 694.00 -51.91 135.59
 695.00 -160.18 141.95
 696.00 -56.16 -179.44
 697.00 -80.37 -46.73
 698.00 -37.99 -64.85
 699.00 -78.53 -46.89
 700.00 -76.19 -32.13
 701.00 -64.63 -37.68
 702.00 -76.47 -31.81
 703.00 -66.29 -33.00
 704.00 -62.20 -36.44
 705.00 -60.77 -47.78
 706.00 -66.99 -37.41
 707.00 -41.06 -33.60
 708.00 -66.77 -54.98
 709.00 -72.96 -30.50
 710.00 -75.40 -40.72
 711.00 -50.30 -42.46
 712.00 -60.08 -57.31
 713.00 -64.43 -38.86
 714.00 -78.82 -35.80
 715.00 -64.14 -24.10
 716.00 -67.95 -50.03
 717.00 -64.08 -32.79
 718.00 -58.23 -52.67
 719.00 -51.53 -36.16
 720.00 -123.81  -9.41
 721.00 -57.98  -7.89
 722.00 -47.01 126.56
 723.00  74.68 135.22
 724.00 -71.21 -16.87
 725.00 -74.92 -28.91
 726.00 -90.83  17.58
 727.00 -80.87 -11.85
 728.00 -75.58 158.01
 729.00 -46.65 144.94
 730.00 -69.18 -33.64
 731.00 -59.86 -52.30
 732.00 -47.90 -45.40
 733.00 -70.71 -51.77
 734.00 -64.19 -27.18
 735.00 -61.54 -58.84
 736.00 -63.14 -30.92
 737.00 -73.10 -48.54
 738.00 -74.86 -26.17
 739.00 -79.02 -38.75
 740.00 -69.06  -9.65
 741.00 -74.67 -32.66
 742.00 -70.49 -41.17
 743.00 -74.01 -38.81
 744.00 -59.44 -39.89
 745.00 -57.40 -54.49
 746.00 -52.10 -47.73
 747.00 -44.64 -54.66
 748.00 -57.28 -58.50
 749.00 -50.00 -47.26
 750.00 -70.65 -51.77
 751.00 -66.24 -37.57
 752.00 -78.02 -24.70
 753.00 -68.77 -36.08
 754.00 -74.73 -40.48
 755.00 -93.89 -36.40
 756.00 -131.39 -39.60
 757.00  50.31  21.65
 758.00  65.14  44.91
 759.00 -81.63  10.32
 760.00 -129.72 -26.72
 761.00 -86.97 151.51
 762.00 -92.26 113.09
 763.00 -57.97  63.07
 764.00 -158.98 -34.47
 765.00 -63.58 167.46
 766.00 -99.64 -17.98
 767.00 -133.65  -6.20
 768.00 -74.08  65.79
 769.00 -94.73 123.28
 770.00 -78.21 106.21
 771.00 -48.09 179.48
 772.00 -58.82 -44.44
 773.00 -81.76 -35.68
 774.00 -53.70 -34.00
 775.00 -60.73 -47.57
 776.00 -65.26 -62.52
 777.00 -83.54 -32.27
 778.00  58.17  -5.56
 779.00 -102.99  25.55
 780.00 -57.86  20.21
 781.00 -57.85 -48.83
 782.00 -71.22 -40.61
 783.00 -68.12 -46.69
 784.00 -48.36 -32.78
 785.00 -63.41 -49.85
 786.00 -51.38 -50.79
 787.00 -76.89 -34.89
 788.00 -57.48 -48.73
 789.00 -75.92 -32.85
 790.00 -65.71 -32.00
 791.00 -86.03 -30.19
 792.00 -67.73 -12.38
 793.00 -62.87 -30.89
 794.00 -57.60 -55.03
 795.00 -63.65 -36.78
 796.00 -79.95 -57.25
 797.00  55.48  -1.70
 798.00 -71.85  52.68
 799.00 -67.08 128.40
 800.00 -47.82 142.97
 801.00 -90.40 -23.95
 802.00 -51.39 -33.58
 803.00 -55.18 -44.47
 804.00 -50.31 -55.94
 805.00 -81.45 -34.29
 806.00 -59.30 -49.29
 807.00 -66.65 -26.22
 808.00 -53.35 -48.56
 809.00 -75.74 -48.94
 810.00 -67.19 -20.69
 811.00 -63.88 -27.61
 812.00 -114.92 -11.95
 813.00 -127.54  31.22
 814.00 -132.18   3.18
 815.00 -144.15 135.79
 816.00 -60.99 164.72
 817.00 -79.40 151.93
 818.00 -76.09 -21.22
 819.00  77.32  -9.58
 820.00 -64.42 154.25
 821.00 -57.63 156.67
 822.00 -101.85 -34.91
 823.00 -51.48  35.83
 824.00 -38.34 -45.03
 825.00 -91.04 -50.46
 826.00 -57.04 -35.64
 827.00 -69.16 -46.52
 828.00 -70.20 -32.49
 829.00 -64.17 -43.39
 830.00 -64.65 -38.37
 831.00 -68.64 -39.75
 832.00 -56.40 -38.77
 833.00 -71.71 -43.53
 834.00 -66.42 -28.07
 835.00 -52.82 -45.49
 836.00 -68.17 -36.58
 837.00 -59.72 -49.20
 838.00 -58.47 -41.90
 839.00 -93.42 -30.74
 840.00 -76.77 -44.78
 841.00 -71.78   5.76
 842.00 -101.63 147.03
 843.00 -156.96  98.30
 844.00 -64.28 147.22
 845.00 -64.05  82.73
 846.00 -71.40 -14.08
 847.00 -114.54 -28.51
 848.00 -51.73  88.41
 849.00 -79.24 -36.08
 850.00 -64.38 -22.19
 851.00 -82.19 -25.61
 852.00 -56.36 -42.73
 853.00 -63.77 -41.24
 854.00 -69.54 -45.52
 855.00 -51.44 -40.76
 856.00 -55.83 -47.00
 857.00 -82.51 -37.31
 858.00 -62.00 -28.30
 859.00 -71.32 -45.24
 860.00 -74.35 -25.13
 861.00 -63.96 -39.49
 862.00 -73.17 -37.48
 863.00 -72.48 -33.69
 864.00 -70.67 -23.27
 865.00 -94.31 -23.09
 866.00 -63.08 -19.26
 867.00 -66.39 -44.29
 868.00 -69.31 -32.13
 869.00 -55.31 -35.09
 870.00 -61.10 -55.07
 871.00 -62.81 -43.62
 872.00 -63.66 -41.73
 873.00 -51.07 -44.58
 874.00 -59.27 -46.75
 875.00 -49.37 -48.30
 876.00 -70.57 -51.79
 877.00 -49.89 -39.47
 878.00 -55.46 -61.77
 879.00 -72.34 -38.65
 880.00 -56.92 -29.57
 881.00 -63.08 -43.85
 882.00 -101.89 -31.82
 883.00 -31.69   0.99
 884.00 -62.34 -68.40
 885.00 -65.16 -46.74
 886.00 -85.57 -36.53
 887.00  51.17  16.20
 888.00 -90.94  31.38
 889.00 -113.32 136.69
 890.00 -139.16 144.46
 891.00 -67.85 139.19
 892.00 -51.48 149.86
 893.00 -45.49 -58.96
 894.00 -76.84 -38.45
 895.00 -68.17 -46.05
 896.00 -63.08 -27.28
 897.00 -53.00 -49.04
 898.00 -72.68 -43.03
 899.00 -78.92 -31.16
 900.00 -115.38 -29.53
 901.00 -82.16 -50.81
 902.00 -59.96 -38.82
 903.00 -42.11 -39.08
 904.00 -71.22 -35.47
 905.00 -77.94 -35.85
 906.00 -65.24 -54.76
 907.00 -89.90 -21.47
 908.00  78.55  -9.34
 909.00 -81.11  18.94
 910.00 -120.11 -12.52
 911.00 -130.10 133.23
 912.00 -84.80 150.01
 913.00 -76.06 141.66
 914.00 -78.19 100.23
 915.00 -55.20 114.60
 916.00 -90.81 -43.36
 917.00 -114.40  20.06


