 residuo Phi Psi
 669.00 -123.14 124.64
 670.00 -40.68 164.12
 671.00 -143.56 125.71
 672.00 -51.56  -7.79
 673.00 -57.53 -54.86
 674.00 -60.43 -41.46
 675.00 -72.81 -41.37
 676.00 -56.73 -39.75
 677.00 -49.41 -51.87
 678.00 -84.57 -38.33
 679.00 -84.52 -35.40
 680.00 -61.00 -12.90
 681.00 -71.49 118.13
 682.00 -61.72 166.82
 683.00 -63.82 146.40
 684.00 -76.00 109.67
 685.00 -79.47 144.04
 686.00 -72.66 149.76
 687.00  70.97 -15.66
 688.00 -87.18  27.98
 689.00 -132.24 154.73
 690.00 -88.00 121.64
 691.00 -88.35   3.27
 692.00 -71.09 -17.26
 693.00 -59.06 146.67
 694.00 -77.86 133.11
 695.00 -145.18 139.60
 696.00 -51.60 156.34
 697.00 -46.12 -55.77
 698.00 -52.58 -55.36
 699.00 -50.22 -60.10
 700.00 -72.27 -54.13
 701.00 -65.00 -30.31
 702.00 -82.68 -41.16
 703.00 -56.11 -33.52
 704.00 -56.84 -52.09
 705.00 -70.92 -26.81
 706.00 -83.54 -30.21
 707.00 -48.48 -31.26
 708.00 -64.12 -50.37
 709.00 -67.82 -43.08
 710.00 -60.56 -44.35
 711.00 -64.49 -35.07
 712.00 -54.37 -44.25
 713.00 -81.96 -39.91
 714.00 -70.01 -22.88
 715.00 -66.20 -45.41
 716.00 -57.07 -47.23
 717.00 -46.59 -51.87
 718.00 -59.52 -57.76
 719.00 -48.60 -44.29
 720.00 -97.31 -22.81
 721.00 -66.04  -0.97
 722.00 -60.88 139.93
 723.00  77.82 136.62
 724.00 -66.48  -6.17
 725.00 -67.44 -26.20
 726.00 -77.14  -7.19
 727.00 -89.26 -17.45
 728.00 -67.55 141.86
 729.00 -51.86 146.91
 730.00 -74.26 -35.68
 731.00 -70.95 -31.47
 732.00 -62.53 -37.13
 733.00 -84.56 -41.79
 734.00 -64.58 -11.99
 735.00 -50.44 -68.71
 736.00 -63.37 -41.40
 737.00 -63.64 -52.65
 738.00 -78.90 -28.75
 739.00 -78.47 -39.39
 740.00 -62.07   0.97
 741.00 -61.77 -55.24
 742.00 -62.73 -48.49
 743.00 -76.53 -36.95
 744.00 -73.39 -38.34
 745.00 -66.69 -39.96
 746.00 -68.72 -32.56
 747.00 -68.56 -47.32
 748.00 -66.50 -39.60
 749.00 -56.72 -37.45
 750.00 -80.04 -34.72
 751.00 -55.46 -43.58
 752.00 -50.41 -55.29
 753.00 -72.46 -39.48
 754.00 -86.44 -34.00
 755.00 -83.94 -39.09
 756.00 -134.97 -42.21
 757.00  39.15  46.27
 758.00  71.91  32.03
 759.00 -77.00  -3.50
 760.00 -100.95 -43.25
 761.00 -96.85 157.94
 762.00 -90.35 111.91
 763.00 -59.11  73.69
 764.00 -147.43 -55.74
 765.00 -55.06 173.91
 766.00 -90.37 -37.32
 767.00 -137.31  -5.61
 768.00 -108.90  76.04
 769.00 -121.27 139.69
 770.00 -77.49 115.95
 771.00 -49.68 -179.77
 772.00 -56.58 -47.26
 773.00 -70.59 -43.11
 774.00 -49.72 -33.02
 775.00 -78.44 -51.62
 776.00 -70.24 -28.12
 777.00 -76.63 -34.93
 778.00  67.35  -5.52
 779.00 -91.49 -17.86
 780.00 -44.61  38.11
 781.00 -58.39 -39.61
 782.00 -70.39 -44.44
 783.00 -81.18 -34.80
 784.00 -67.29 -18.67
 785.00 -69.57 -39.41
 786.00 -55.14 -39.79
 787.00 -70.64 -42.36
 788.00 -67.91 -33.60
 789.00 -54.05 -38.60
 790.00 -57.43 -54.82
 791.00 -64.94 -39.25
 792.00 -54.56 -33.64
 793.00 -50.29 -47.96
 794.00 -83.02 -43.62
 795.00 -50.93 -30.46
 796.00 -93.89 -42.71
 797.00  32.92  12.04
 798.00 -60.60  55.86
 799.00 -96.80 130.72
 800.00 -65.28 151.80
 801.00 -77.15 -18.99
 802.00 -71.39 -38.30
 803.00 -57.62 -42.65
 804.00 -53.65 -49.97
 805.00 -77.21 -44.58
 806.00 -53.14 -40.55
 807.00 -63.04 -46.46
 808.00 -67.62 -35.19
 809.00 -56.37 -46.51
 810.00 -49.04 -46.48
 811.00 -62.24 -26.59
 812.00 -119.96 -30.62
 813.00 -136.72  52.18
 814.00 -145.89   3.29
 815.00 -139.94 128.13
 816.00 -64.98 168.25
 817.00 -57.29 149.32
 818.00 -75.20 -26.19
 819.00  76.19 -22.97
 820.00 -80.27 171.63
 821.00 -44.61 160.37
 822.00 -136.91 -33.47
 823.00 -37.54  62.99
 824.00 -58.96 -40.31
 825.00 -86.80 -15.91
 826.00 -60.16 -43.25
 827.00 -79.88 -49.74
 828.00 -77.40 -23.40
 829.00 -60.52 -41.58
 830.00 -61.61 -47.23
 831.00 -73.27 -34.66
 832.00 -66.41 -35.75
 833.00 -84.59 -28.98
 834.00 -95.41  -1.17
 835.00 -66.52 -47.73
 836.00 -83.13 -30.98
 837.00 -65.12 -25.13
 838.00 -59.22 -45.28
 839.00 -51.66 -37.53
 840.00 -115.63 -35.96
 841.00 -57.12   0.10
 842.00 -75.94 140.44
 843.00 -144.07  86.28
 844.00 -72.83 152.50
 845.00 -62.72 101.85
 846.00 -63.42 -21.51
 847.00 -108.79 -31.77
 848.00 -60.80  78.13
 849.00 -57.48 -20.70
 850.00 -62.02 -37.30
 851.00 -71.17 -31.74
 852.00 -76.95 -28.84
 853.00 -64.74 -40.65
 854.00 -58.12 -46.90
 855.00 -63.18 -45.63
 856.00 -73.60 -31.37
 857.00 -60.36 -39.72
 858.00 -77.56 -34.11
 859.00 -62.21 -44.88
 860.00 -60.37 -36.01
 861.00 -58.98 -44.34
 862.00 -65.11 -46.75
 863.00 -59.16 -44.07
 864.00 -70.87 -29.94
 865.00 -82.50  -9.29
 866.00 -56.53 -32.33
 867.00 -69.43 -52.63
 868.00 -70.72 -29.74
 869.00 -50.46 -44.83
 870.00 -67.81 -41.95
 871.00 -54.19 -45.82
 872.00 -82.40 -43.97
 873.00 -59.94 -36.60
 874.00 -61.63 -45.95
 875.00 -72.19 -29.46
 876.00 -87.65 -49.41
 877.00 -46.17 -24.92
 878.00 -65.04 -53.31
 879.00 -60.55 -47.07
 880.00 -70.64 -33.71
 881.00 -55.58 -42.78
 882.00 -80.10 -52.56
 883.00 -59.33   5.28
 884.00 -61.49 -31.57
 885.00 -86.82 -46.66
 886.00 -97.15 -22.07
 887.00  67.80  -1.25
 888.00 -83.36  22.95
 889.00 -84.22 117.55
 890.00 -104.57 125.22
 891.00 -66.62 134.27
 892.00 -64.05 155.75
 893.00 -62.03 -47.15
 894.00 -70.97 -35.21
 895.00 -57.14 -45.10
 896.00 -59.00 -43.27
 897.00 -53.62 -61.06
 898.00 -68.81 -52.48
 899.00 -100.77 -12.64
 900.00 -86.50 -43.41
 901.00 -108.82 -35.33
 902.00 -51.42 -48.80
 903.00 -62.34 -44.47
 904.00 -56.08 -22.71
 905.00 -71.25 -37.60
 906.00 -74.24 -43.06
 907.00 -96.77 -25.62
 908.00  84.47  22.45
 909.00 -75.42 -19.05
 910.00 -125.48 -10.83
 911.00 -131.23 137.65
 912.00 -60.14 117.81
 913.00 -89.85 149.33
 914.00 -75.98  97.88
 915.00 -68.11 134.05
 916.00 -108.02 -37.88
 917.00 -63.55  78.92


