 residuo Phi Psi
 669.00 -58.65 159.42
 670.00 -56.61 129.96
 671.00 -138.27 158.19
 672.00 -61.51  -7.74
 673.00 -67.18 -42.94
 674.00 -72.86 -34.89
 675.00 -79.45 -27.96
 676.00 -68.33 -41.03
 677.00 -66.26 -35.00
 678.00 -97.00 -31.99
 679.00 -91.82 -10.99
 680.00 -74.87  -4.19
 681.00 -49.64 120.09
 682.00 -65.86 161.95
 683.00 -78.17 -173.47
 684.00 -99.24 136.34
 685.00 -74.59 106.75
 686.00 -80.37 151.87
 687.00  79.72 -16.50
 688.00 -76.90  26.41
 689.00 -72.92 147.46
 690.00 -71.08  72.40
 691.00 -56.32 -25.46
 692.00 -87.24 -49.22
 693.00 -56.46 167.44
 694.00 -81.28 146.58
 695.00 -151.14 149.46
 696.00 -44.11 134.42
 697.00 -75.76 -58.16
 698.00 -73.76 -18.65
 699.00 -69.97 -45.05
 700.00 -65.02 -39.13
 701.00 -67.92 -40.97
 702.00 -87.34 -30.82
 703.00 -56.72 -26.93
 704.00 -63.52 -48.48
 705.00 -73.22 -36.81
 706.00 -67.97 -35.35
 707.00 -63.09 -16.84
 708.00 -83.26 -45.45
 709.00 -55.64 -40.34
 710.00 -72.89 -38.22
 711.00 -74.96 -25.06
 712.00 -50.03 -40.54
 713.00 -67.43 -51.88
 714.00 -63.46 -40.87
 715.00 -67.73 -37.53
 716.00 -55.83 -46.68
 717.00 -69.33 -37.43
 718.00 -61.55 -58.61
 719.00 -63.58 -28.51
 720.00 -96.53 -23.64
 721.00 -65.30  -5.56
 722.00 -74.03 150.78
 723.00  83.84 138.17
 724.00 -62.40 -19.83
 725.00 -69.19 -26.44
 726.00 -88.08  -5.98
 727.00 -72.37 -24.36
 728.00 -60.08 130.99
 729.00 -65.83 154.99
 730.00 -79.08 -26.89
 731.00 -87.11 -18.21
 732.00 -58.11 -39.22
 733.00 -52.21 -48.03
 734.00 -84.04 -30.77
 735.00 -76.27 -37.59
 736.00 -62.49 -31.12
 737.00 -71.89 -40.77
 738.00 -80.61 -29.12
 739.00 -69.99 -48.11
 740.00 -39.92 -20.40
 741.00 -61.76 -64.82
 742.00 -66.84 -47.90
 743.00 -58.49 -31.16
 744.00 -64.85 -58.53
 745.00 -58.81 -40.11
 746.00 -65.32 -44.65
 747.00 -58.33 -50.43
 748.00 -69.79 -44.84
 749.00 -52.34 -31.72
 750.00 -69.92 -39.79
 751.00 -68.10 -36.29
 752.00 -68.41 -33.73
 753.00 -64.46 -44.02
 754.00 -72.52 -40.61
 755.00 -73.95 -61.43
 756.00 -141.79 -31.33
 757.00  51.87  26.39
 758.00  61.78  42.40
 759.00 -73.99   4.76
 760.00 -136.92 -22.50
 761.00 -78.81 145.40
 762.00 -100.36 116.72
 763.00 -56.76  70.46
 764.00 -162.03 -46.11
 765.00 -39.50 163.64
 766.00 -97.43 -39.37
 767.00 -119.87 -13.33
 768.00 -80.15  38.87
 769.00 -93.80 123.42
 770.00 -69.73  96.39
 771.00 -60.32 163.45
 772.00 -71.66 -19.06
 773.00 -73.80 -33.27
 774.00 -55.33 -36.80
 775.00 -62.11 -41.46
 776.00 -68.51 -58.85
 777.00 -77.86 -26.39
 778.00  56.45 -15.12
 779.00 -64.32 -14.03
 780.00 -72.20  51.03
 781.00 -63.94 -47.57
 782.00 -70.58 -31.97
 783.00 -74.94 -38.62
 784.00 -67.51 -29.66
 785.00 -59.04 -46.59
 786.00 -58.69 -49.47
 787.00 -60.37 -43.93
 788.00 -65.91 -36.54
 789.00 -71.13 -27.92
 790.00 -63.77 -47.20
 791.00 -61.43 -41.26
 792.00 -74.21 -26.26
 793.00 -50.63 -32.87
 794.00 -65.96 -46.22
 795.00 -71.97 -38.26
 796.00 -75.36 -36.29
 797.00  54.17 -27.49
 798.00 -69.37  59.36
 799.00 -78.61 134.27
 800.00 -43.89 144.74
 801.00 -48.49 -49.51
 802.00 -59.90 -52.81
 803.00 -47.13 -51.81
 804.00 -63.86 -47.34
 805.00 -59.70 -43.18
 806.00 -57.51 -48.96
 807.00 -67.91 -46.29
 808.00 -56.13 -36.37
 809.00 -57.07 -51.51
 810.00 -71.60 -29.19
 811.00 -55.12 -24.15
 812.00 -127.04 -27.40
 813.00 -124.98  40.71
 814.00 -163.44  13.25
 815.00 -135.48 122.07
 816.00 -63.38 171.08
 817.00 -67.63 166.49
 818.00 -82.52 -41.37
 819.00  68.36   8.40
 820.00 -79.26 -179.82
 821.00 -61.59 159.36
 822.00 -132.56 -34.87
 823.00 -60.51  70.90
 824.00 -55.48 -25.69
 825.00 -71.87 -32.68
 826.00 -73.14 -31.69
 827.00 -56.01 -50.30
 828.00 -61.42 -42.18
 829.00 -52.56 -51.50
 830.00 -47.26 -59.72
 831.00 -63.86 -46.34
 832.00 -54.62 -49.14
 833.00 -62.66 -43.21
 834.00 -65.17 -41.24
 835.00 -66.36 -34.62
 836.00 -66.96 -43.03
 837.00 -56.63 -33.15
 838.00 -63.29 -47.43
 839.00 -92.58 -18.68
 840.00 -131.49   4.23
 841.00 -56.63  -6.69
 842.00 -84.01 144.59
 843.00 -161.65 110.67
 844.00 -74.25 148.18
 845.00 -52.48  96.48
 846.00 -46.51 -29.19
 847.00 -136.77 -25.23
 848.00 -62.43  92.46
 849.00 -68.78  -8.90
 850.00 -74.49 -34.47
 851.00 -61.84 -29.12
 852.00 -75.97 -33.81
 853.00 -71.96 -30.91
 854.00 -55.87 -37.41
 855.00 -51.31 -53.34
 856.00 -59.66 -53.05
 857.00 -69.48 -42.33
 858.00 -65.21 -41.07
 859.00 -64.22 -40.94
 860.00 -67.43 -35.80
 861.00 -87.06 -19.74
 862.00 -73.23 -29.50
 863.00 -73.28 -34.47
 864.00 -60.96 -30.79
 865.00 -64.56 -27.90
 866.00 -43.05 -54.01
 867.00 -62.72 -45.31
 868.00 -71.62 -35.10
 869.00 -77.62 -30.71
 870.00 -52.56 -46.29
 871.00 -50.05 -48.36
 872.00 -76.71 -48.84
 873.00 -59.94 -29.79
 874.00 -60.98 -40.68
 875.00 -59.63 -49.54
 876.00 -79.97 -40.37
 877.00 -63.23 -39.42
 878.00 -66.33 -42.57
 879.00 -62.51 -36.99
 880.00 -65.77 -43.30
 881.00 -60.52 -50.83
 882.00 -102.19 -26.10
 883.00 -45.14   0.15
 884.00 -71.64 -38.91
 885.00 -83.86 -33.98
 886.00 -82.68 -33.54
 887.00  53.57  -0.08
 888.00 -90.46  36.61
 889.00 -88.05 132.71
 890.00 -107.60 113.42
 891.00 -66.53 143.76
 892.00 -66.06 146.19
 893.00 -84.87 -27.86
 894.00 -66.11 -30.70
 895.00 -61.36 -35.19
 896.00 -61.07 -42.60
 897.00 -70.11 -44.51
 898.00 -70.51 -37.44
 899.00 -97.40 -30.94
 900.00 -126.35 -10.32
 901.00 -92.83 -50.04
 902.00 -49.28 -40.07
 903.00 -63.57 -46.38
 904.00 -74.69 -15.51
 905.00 -63.70 -26.89
 906.00 -74.40 -45.22
 907.00 -84.56 -23.69
 908.00  87.50 -14.40
 909.00 -84.55  15.07
 910.00 -117.95 -10.63
 911.00 -127.36 138.97
 912.00 -71.68 129.80
 913.00 -89.67 143.42
 914.00 -106.29 122.08
 915.00 -84.53 149.69
 916.00 -130.32 -17.22
 917.00 -84.77 132.98


