 residuo Phi Psi
 669.00 -52.94 129.15
 670.00 -69.00 132.25
 671.00 -146.79 130.72
 672.00 -52.35 -28.75
 673.00 -69.95 -52.46
 674.00 -80.04 -35.83
 675.00 -89.63  -3.00
 676.00 -56.00 -38.35
 677.00 -55.44 -41.64
 678.00 -73.51 -41.62
 679.00 -78.52 -51.20
 680.00 -45.54 -17.45
 681.00 -79.93 119.79
 682.00 -62.82 158.68
 683.00 -69.59 164.67
 684.00 -95.81 140.39
 685.00 -83.94 123.99
 686.00 -80.84 144.99
 687.00  73.04  -5.08
 688.00 -73.10  10.19
 689.00 -136.26 163.24
 690.00 -58.41 104.18
 691.00 -66.00 -10.67
 692.00 -73.51 -28.06
 693.00 -73.96 165.66
 694.00 -76.38 135.75
 695.00 -143.60 120.67
 696.00 -49.10 148.72
 697.00 -74.74 -59.88
 698.00 -67.59 -29.87
 699.00 -64.78 -43.90
 700.00 -67.32 -45.47
 701.00 -64.98 -40.53
 702.00 -64.65 -28.71
 703.00 -44.04 -63.58
 704.00 -61.78 -49.50
 705.00 -68.71 -37.10
 706.00 -60.61 -40.08
 707.00 -53.62 -33.14
 708.00 -65.03 -49.29
 709.00 -71.69 -44.76
 710.00 -62.12 -36.46
 711.00 -63.22 -39.26
 712.00 -57.62 -43.72
 713.00 -71.05 -37.33
 714.00 -63.77 -32.31
 715.00 -61.37 -42.22
 716.00 -50.27 -41.14
 717.00 -67.91 -52.98
 718.00 -56.96 -37.07
 719.00 -51.37 -51.05
 720.00 -123.84 -12.97
 721.00 -67.57   4.59
 722.00 -55.70 136.47
 723.00  69.84 124.47
 724.00 -76.47   4.61
 725.00 -73.92 -17.05
 726.00 -62.70  -5.42
 727.00 -73.76 -27.14
 728.00 -76.25 147.68
 729.00 -66.98 157.19
 730.00 -77.01 -26.02
 731.00 -60.70 -38.97
 732.00 -53.05 -37.39
 733.00 -63.61 -56.30
 734.00 -81.79 -16.89
 735.00 -63.55 -55.76
 736.00 -64.30 -31.65
 737.00 -58.12 -52.22
 738.00 -85.23 -31.66
 739.00 -90.82 -33.21
 740.00 -52.24  -4.21
 741.00 -54.65 -59.38
 742.00 -66.03 -55.26
 743.00 -58.10 -35.49
 744.00 -69.65 -49.33
 745.00 -72.43 -29.50
 746.00 -69.17 -38.48
 747.00 -75.51 -41.56
 748.00 -58.39 -39.27
 749.00 -67.32 -43.14
 750.00 -58.10 -39.54
 751.00 -51.80 -47.00
 752.00 -49.92 -54.21
 753.00 -68.08 -44.40
 754.00 -70.66 -60.41
 755.00 -86.44 -26.89
 756.00 -134.19 -54.29
 757.00  51.26  36.17
 758.00  63.26  27.78
 759.00 -58.25  -6.21
 760.00 -138.87 -21.07
 761.00 -71.76 148.04
 762.00 -110.43 119.88
 763.00 -63.92  75.29
 764.00 -157.70 -36.78
 765.00 -50.32 157.07
 766.00 -100.75 -23.94
 767.00 -102.94 -31.55
 768.00 -100.72  74.02
 769.00 -113.02 143.72
 770.00 -59.41 100.66
 771.00 -62.54 170.60
 772.00 -52.21 -34.59
 773.00 -65.28 -50.54
 774.00 -73.27 -29.29
 775.00 -63.99 -42.62
 776.00 -60.84 -49.40
 777.00 -100.14 -27.53
 778.00  50.70  13.05
 779.00 -88.18  -4.12
 780.00 -75.37  52.41
 781.00 -57.29 -52.01
 782.00 -62.33 -40.79
 783.00 -60.31 -48.80
 784.00 -49.40 -48.23
 785.00 -56.33 -50.85
 786.00 -57.30 -46.93
 787.00 -64.76 -42.20
 788.00 -65.25 -34.49
 789.00 -69.54 -29.38
 790.00 -66.68 -41.05
 791.00 -55.20 -48.64
 792.00 -82.12 -24.78
 793.00 -54.30 -27.73
 794.00 -72.22 -48.14
 795.00 -61.10 -26.82
 796.00 -80.42 -47.85
 797.00  64.99 -18.17
 798.00 -61.72  43.46
 799.00 -73.50 129.07
 800.00 -59.84 151.15
 801.00 -67.80 -33.60
 802.00 -63.72 -37.53
 803.00 -53.86 -46.88
 804.00 -59.90 -55.56
 805.00 -68.45 -34.17
 806.00 -68.81 -47.62
 807.00 -63.67 -31.27
 808.00 -73.45 -20.30
 809.00 -53.19 -54.49
 810.00 -58.62 -26.82
 811.00 -77.71 -32.06
 812.00 -130.00  -4.74
 813.00 -137.91  44.59
 814.00 -139.37 -12.09
 815.00 -142.11 130.86
 816.00 -66.86 167.81
 817.00 -56.44 152.20
 818.00 -97.35 -28.59
 819.00  68.53   7.62
 820.00 -79.71 170.58
 821.00 -80.49 169.72
 822.00 -123.54 -15.99
 823.00 -57.03  42.54
 824.00 -68.72 -27.05
 825.00 -79.43 -33.37
 826.00 -59.76 -25.41
 827.00 -64.29 -53.40
 828.00 -60.07 -38.90
 829.00 -94.47 -24.61
 830.00 -46.50 -34.42
 831.00 -56.80 -50.77
 832.00 -60.89 -47.75
 833.00 -63.12 -50.79
 834.00 -56.34 -37.49
 835.00 -70.20 -45.94
 836.00 -74.40 -33.11
 837.00 -58.57 -30.68
 838.00 -60.30 -50.92
 839.00 -68.45 -15.78
 840.00 -138.36 -21.43
 841.00 -52.37  -6.73
 842.00 -75.73 149.28
 843.00 -169.57 112.40
 844.00 -78.57 158.74
 845.00 -55.40  99.95
 846.00 -72.85 -31.93
 847.00 -134.20  -2.14
 848.00 -59.36  88.02
 849.00 -70.36 -20.04
 850.00 -67.20 -25.89
 851.00 -77.76 -25.40
 852.00 -55.35 -58.94
 853.00 -60.78 -30.64
 854.00 -45.72 -57.64
 855.00 -63.74 -44.94
 856.00 -50.27 -51.56
 857.00 -57.58 -46.67
 858.00 -80.84 -44.73
 859.00 -75.11 -33.63
 860.00 -67.60 -27.45
 861.00 -75.12 -32.10
 862.00 -57.41 -41.55
 863.00 -64.32 -45.75
 864.00 -71.79 -31.11
 865.00 -54.41 -32.44
 866.00 -71.18 -40.65
 867.00 -78.03 -38.92
 868.00 -59.30 -25.32
 869.00 -70.43 -48.98
 870.00 -60.46 -35.77
 871.00 -55.90 -43.29
 872.00 -69.58 -49.11
 873.00 -55.76 -32.19
 874.00 -70.45 -39.99
 875.00 -72.79 -29.56
 876.00 -74.35 -45.10
 877.00 -73.79 -33.20
 878.00 -68.52 -31.37
 879.00 -78.18 -26.75
 880.00 -68.03 -41.63
 881.00 -66.63 -34.94
 882.00 -154.53   5.97
 883.00 -63.82  35.25
 884.00 -56.76 -46.04
 885.00 -93.69 -28.62
 886.00 -75.40 -50.29
 887.00  58.02  -2.28
 888.00 -72.08  16.37
 889.00 -100.18 142.44
 890.00 -116.28 131.79
 891.00 -61.91 122.03
 892.00 -57.86 149.62
 893.00 -70.50 -32.13
 894.00 -85.63 -36.39
 895.00 -71.22 -35.26
 896.00 -61.42 -30.74
 897.00 -69.23 -40.66
 898.00 -76.07 -44.87
 899.00 -75.80 -32.19
 900.00 -92.92 -47.08
 901.00 -101.61 -43.43
 902.00 -65.49 -33.78
 903.00 -54.77 -34.99
 904.00 -62.86 -36.24
 905.00 -65.37 -38.94
 906.00 -75.30 -48.99
 907.00 -89.34 -18.27
 908.00  87.42 -10.28
 909.00 -75.59   2.26
 910.00 -127.75 -15.25
 911.00 -149.68 136.57
 912.00 -75.26 119.29
 913.00 -74.08 148.07
 914.00 -130.41 143.14
 915.00 -83.47 146.47
 916.00 -89.77 -49.29
 917.00 -58.18 167.55


