 residuo Phi Psi
 669.00 -65.13 152.82
 670.00 -58.61 150.09
 671.00 -41.85 144.60
 672.00 -68.11 -34.94
 673.00 -75.16 -29.43
 674.00 -62.68 -31.38
 675.00 -77.48 -34.00
 676.00 -53.46 -43.47
 677.00 -73.93 -38.07
 678.00 -58.73 -35.33
 679.00 -65.48 -51.04
 680.00 -81.05 -21.27
 681.00 -68.87 109.52
 682.00 -74.64 149.88
 683.00 -81.08 174.79
 684.00 -71.10 111.40
 685.00 -89.89 153.83
 686.00 -78.42 148.33
 687.00  81.23 -22.21
 688.00 -58.91  11.09
 689.00 -101.73 146.68
 690.00 -72.60  90.88
 691.00 -84.10   9.15
 692.00 -95.80 -22.46
 693.00 -54.01 162.91
 694.00 -83.88 155.77
 695.00 -160.25 141.82
 696.00 -65.88 167.29
 697.00 -65.92 -69.05
 698.00 -60.49 -29.25
 699.00 -54.63 -53.68
 700.00 -74.09 -47.78
 701.00 -66.22 -36.18
 702.00 -58.93 -39.83
 703.00 -64.48 -52.21
 704.00 -71.32 -28.96
 705.00 -61.81 -37.72
 706.00 -56.39 -49.01
 707.00 -59.61 -37.58
 708.00 -61.75 -45.23
 709.00 -51.65 -52.76
 710.00 -72.89 -35.54
 711.00 -68.65 -45.80
 712.00 -66.15 -24.10
 713.00 -80.06 -42.12
 714.00 -72.55 -19.32
 715.00 -66.51 -34.87
 716.00 -59.30 -42.39
 717.00 -75.88 -40.05
 718.00 -70.60 -44.83
 719.00 -60.39 -27.74
 720.00 -98.54 -34.96
 721.00 -50.49 -16.53
 722.00 -54.89 117.99
 723.00  76.35 147.30
 724.00 -57.24 -38.77
 725.00 -61.21 -30.74
 726.00 -74.19  -7.16
 727.00 -74.34 -22.55
 728.00 -66.69 139.48
 729.00 -47.66 149.38
 730.00 -59.43 -36.50
 731.00 -74.79 -39.20
 732.00 -61.91 -40.74
 733.00 -59.78 -51.46
 734.00 -55.50 -47.43
 735.00 -67.91 -54.89
 736.00 -72.46 -28.23
 737.00 -62.06 -48.82
 738.00 -79.98 -29.74
 739.00 -78.09 -38.30
 740.00 -49.59 -22.96
 741.00 -61.58 -48.48
 742.00 -51.75 -45.49
 743.00 -42.81 -58.42
 744.00 -63.94 -52.28
 745.00 -84.69 -40.53
 746.00 -65.87 -31.80
 747.00 -63.38 -35.95
 748.00 -71.85 -48.10
 749.00 -61.38 -35.93
 750.00 -70.32 -35.85
 751.00 -48.83 -48.63
 752.00 -67.09 -38.55
 753.00 -63.03 -39.38
 754.00 -67.13 -52.62
 755.00 -71.59 -47.24
 756.00 -132.81 -52.13
 757.00  46.88  25.18
 758.00  67.59  45.29
 759.00 -55.25 -13.02
 760.00 -138.16 -31.38
 761.00 -75.97 141.25
 762.00 -107.76 116.19
 763.00 -57.42  58.95
 764.00 -163.20 -34.57
 765.00 -63.32 161.41
 766.00 -93.80 -27.01
 767.00 -127.13  -7.75
 768.00 -100.93  72.07
 769.00 -83.01 115.91
 770.00 -80.95 106.22
 771.00 -57.14 172.44
 772.00 -55.13 -40.31
 773.00 -70.74 -45.39
 774.00 -73.84 -25.25
 775.00 -53.24 -50.72
 776.00 -74.12 -43.70
 777.00 -66.80 -37.11
 778.00  60.42 -12.34
 779.00 -135.41  49.50
 780.00 -41.59  10.03
 781.00 -56.28 -50.71
 782.00 -72.89 -48.44
 783.00 -68.25 -31.26
 784.00 -60.51 -29.37
 785.00 -61.26 -33.01
 786.00 -76.44 -42.11
 787.00 -68.54 -24.79
 788.00 -51.89 -55.72
 789.00 -57.33 -46.21
 790.00 -65.50 -42.08
 791.00 -58.39 -39.94
 792.00 -68.24 -27.28
 793.00 -74.14 -20.18
 794.00 -65.60 -39.40
 795.00 -58.55 -37.53
 796.00 -88.14 -46.28
 797.00  50.67  -8.24
 798.00 -58.83  64.00
 799.00 -88.05 140.51
 800.00 -57.60 158.35
 801.00 -46.92 -41.55
 802.00 -49.25 -59.21
 803.00 -51.92 -54.65
 804.00 -80.72 -40.72
 805.00 -53.59 -44.77
 806.00 -65.28 -40.29
 807.00 -53.89 -44.74
 808.00 -58.91 -54.05
 809.00 -66.12 -43.82
 810.00 -63.77 -31.20
 811.00 -58.42 -37.47
 812.00 -105.12 -24.58
 813.00 -121.00  18.99
 814.00 -151.04  22.54
 815.00 -153.44 127.37
 816.00 -60.61 160.05
 817.00 -64.43 147.06
 818.00 -92.04 -17.97
 819.00  62.05  10.78
 820.00 -77.19 171.87
 821.00 -69.44 161.05
 822.00 -96.16 -39.53
 823.00 -67.43  47.93
 824.00 -75.22 -29.20
 825.00 -72.27 -32.97
 826.00 -71.11 -37.27
 827.00 -56.87 -40.23
 828.00 -53.69 -42.99
 829.00 -54.58 -55.48
 830.00 -40.90 -56.32
 831.00 -78.79 -52.36
 832.00 -68.79 -18.68
 833.00 -67.36 -49.23
 834.00 -61.13 -42.20
 835.00 -65.70 -43.02
 836.00 -80.57 -21.46
 837.00 -43.90 -44.34
 838.00 -57.81 -50.49
 839.00 -90.52 -18.81
 840.00 -83.19 -57.28
 841.00 -56.10   3.63
 842.00 -72.81 133.02
 843.00 -127.41  63.03
 844.00 -75.43 150.79
 845.00 -63.07 110.76
 846.00 -67.75 -11.44
 847.00 -137.62   7.90
 848.00 -63.65  76.90
 849.00 -65.86 -45.68
 850.00 -88.56 -21.24
 851.00 -56.40 -42.34
 852.00 -66.17 -48.91
 853.00 -66.66 -31.82
 854.00 -68.21 -44.58
 855.00 -65.01 -31.12
 856.00 -51.73 -41.45
 857.00 -78.53 -42.61
 858.00 -63.77 -23.84
 859.00 -67.02 -53.90
 860.00 -60.53 -30.76
 861.00 -52.79 -48.42
 862.00 -72.04 -44.59
 863.00 -71.03 -32.20
 864.00 -80.39 -32.63
 865.00 -77.34 -20.63
 866.00 -73.22 -21.62
 867.00 -78.82 -26.62
 868.00 -56.39 -31.86
 869.00 -71.05 -45.85
 870.00 -55.53 -43.87
 871.00 -55.24 -46.56
 872.00 -74.98 -36.35
 873.00 -66.40 -35.45
 874.00 -48.32 -41.52
 875.00 -56.63 -51.94
 876.00 -74.01 -39.72
 877.00 -70.69 -37.48
 878.00 -69.26 -45.56
 879.00 -65.64 -38.97
 880.00 -51.22 -39.41
 881.00 -65.02 -39.71
 882.00 -113.60 -23.31
 883.00 -55.41   2.00
 884.00 -77.09 -20.25
 885.00 -65.54 -38.68
 886.00 -78.04 -51.33
 887.00  56.14   1.96
 888.00 -87.95  36.32
 889.00 -103.37 125.47
 890.00 -117.50 133.03
 891.00 -65.90 142.89
 892.00 -68.16 134.90
 893.00 -69.50 -25.74
 894.00 -72.11 -40.54
 895.00 -57.88 -49.92
 896.00 -77.46 -22.68
 897.00 -66.47 -31.94
 898.00 -58.91 -52.69
 899.00 -88.22 -29.56
 900.00 -92.88 -49.32
 901.00 -102.20 -33.42
 902.00 -64.74 -47.57
 903.00 -59.07 -34.66
 904.00 -57.81 -31.52
 905.00 -63.48 -40.29
 906.00 -65.45 -61.87
 907.00 -85.54 -21.33
 908.00  61.49  -8.18
 909.00 -75.66  17.92
 910.00 -113.95 -15.29
 911.00 -138.68 136.77
 912.00 -54.10 149.49
 913.00 -80.61 146.23
 914.00 -64.81  73.50
 915.00 -59.23 101.45
 916.00 -74.20 -50.15
 917.00 -62.56 -17.28


