 residuo Phi Psi
 669.00 -104.90 167.73
 670.00 -75.33 170.23
 671.00 -67.13 145.75
 672.00 -49.55 -33.28
 673.00 -68.40 -35.40
 674.00 -70.51 -11.70
 675.00 -64.39 -49.99
 676.00 -50.59 -37.10
 677.00 -101.08 -27.02
 678.00 -67.32 -30.66
 679.00 -81.11 -32.52
 680.00 -65.39  -8.34
 681.00 -68.51 127.30
 682.00 -77.72 177.82
 683.00 -76.08 -179.99
 684.00 -145.64 143.67
 685.00 -87.69 129.04
 686.00 -72.99 156.60
 687.00  84.95 -20.57
 688.00 -65.24   5.30
 689.00 -100.23 138.31
 690.00 -74.69  96.09
 691.00 -69.99   4.75
 692.00 -77.01 -37.88
 693.00 -71.46 154.95
 694.00 -73.09 146.08
 695.00 -131.45 123.69
 696.00 -65.00 172.26
 697.00 -34.11 -58.76
 698.00 -82.21 -55.41
 699.00 -73.96 -26.64
 700.00 -69.17 -52.54
 701.00 -78.12 -31.38
 702.00 -74.24 -24.11
 703.00 -69.63 -29.42
 704.00 -67.07 -39.44
 705.00 -56.69 -38.21
 706.00 -45.74 -57.65
 707.00 -36.52 -52.97
 708.00 -67.71 -57.56
 709.00 -55.41 -37.18
 710.00 -70.76 -44.99
 711.00 -67.46 -30.87
 712.00 -56.96 -39.64
 713.00 -64.00 -59.20
 714.00 -60.50 -30.89
 715.00 -67.28 -41.73
 716.00 -65.08 -41.01
 717.00 -59.04 -41.91
 718.00 -62.00 -44.17
 719.00 -63.03 -41.22
 720.00 -90.26 -29.73
 721.00 -72.10  -7.84
 722.00 -56.39 121.82
 723.00  69.84 148.61
 724.00 -45.92 -32.24
 725.00 -74.16 -22.29
 726.00 -81.36   4.14
 727.00 -117.62   8.46
 728.00 -61.07 150.30
 729.00 -57.17 153.33
 730.00 -58.39 -39.56
 731.00 -70.05 -52.96
 732.00 -56.22 -36.44
 733.00 -55.08 -52.05
 734.00 -49.20 -49.05
 735.00 -74.14 -58.63
 736.00 -72.96 -19.74
 737.00 -69.39 -44.60
 738.00 -81.62 -29.49
 739.00 -80.09 -28.71
 740.00 -55.94 -29.29
 741.00 -64.72 -41.26
 742.00 -57.17 -42.69
 743.00 -49.25 -53.99
 744.00 -69.37 -46.13
 745.00 -73.41 -46.08
 746.00 -68.01 -30.35
 747.00 -63.41 -49.45
 748.00 -68.07 -45.46
 749.00 -58.19 -40.28
 750.00 -60.27 -43.24
 751.00 -59.30 -51.90
 752.00 -74.13 -22.30
 753.00 -57.67 -51.45
 754.00 -77.86 -47.42
 755.00 -89.96 -38.23
 756.00 -149.34 -26.63
 757.00  54.19  30.26
 758.00  57.20  27.78
 759.00 -78.63  19.47
 760.00 -124.88 -35.94
 761.00 -83.92 149.45
 762.00 -107.01 120.29
 763.00 -65.62  67.23
 764.00 -158.94 -31.43
 765.00 -54.17 154.50
 766.00 -78.35 -36.93
 767.00 -123.07 -24.67
 768.00 -92.78  76.99
 769.00 -110.80 141.80
 770.00 -82.32 112.75
 771.00 -67.49 -178.29
 772.00 -72.09 -21.78
 773.00 -68.92 -43.76
 774.00 -39.67 -37.95
 775.00 -68.38 -52.73
 776.00 -65.81 -50.92
 777.00 -77.51 -33.82
 778.00  58.71  -3.61
 779.00 -107.79  23.97
 780.00 -63.03  23.01
 781.00 -47.13 -59.49
 782.00 -68.98 -37.14
 783.00 -61.80 -46.21
 784.00 -68.28 -25.63
 785.00 -75.18 -49.58
 786.00 -78.74 -21.90
 787.00 -65.06 -34.37
 788.00 -73.34 -38.21
 789.00 -50.52 -38.06
 790.00 -46.82 -61.28
 791.00 -71.31 -44.75
 792.00 -67.39 -17.66
 793.00 -73.24 -25.53
 794.00 -69.23 -31.65
 795.00 -58.55 -45.30
 796.00 -65.90 -61.52
 797.00  60.04 -12.61
 798.00 -47.14  43.04
 799.00 -86.24 129.20
 800.00 -67.99 152.94
 801.00 -57.90 -24.69
 802.00 -61.70 -53.48
 803.00 -50.82 -41.22
 804.00 -67.23 -59.90
 805.00 -75.57 -23.02
 806.00 -55.19 -48.33
 807.00 -68.37 -43.38
 808.00 -54.41 -34.70
 809.00 -68.51 -46.16
 810.00 -70.47 -29.01
 811.00 -73.25 -20.39
 812.00 -112.15 -19.74
 813.00 -125.62  39.18
 814.00 -153.70   1.02
 815.00 -144.22 119.85
 816.00 -65.68 167.51
 817.00 -67.56 146.24
 818.00 -75.89 -12.37
 819.00  63.91 -11.80
 820.00 -90.74 173.44
 821.00 -66.69 161.34
 822.00 -111.33 -27.41
 823.00 -58.58  41.22
 824.00 -66.58 -36.01
 825.00 -80.59 -31.76
 826.00 -71.03 -28.26
 827.00 -64.97 -42.14
 828.00 -71.94 -28.18
 829.00 -78.47 -41.58
 830.00 -55.72 -39.44
 831.00 -64.36 -53.37
 832.00 -52.92 -39.47
 833.00 -71.17 -51.54
 834.00 -64.00 -21.83
 835.00 -78.06 -44.06
 836.00 -76.89 -11.49
 837.00 -55.57 -56.60
 838.00 -70.30 -37.38
 839.00 -79.00 -23.74
 840.00 -91.04 -52.39
 841.00 -49.34   0.09
 842.00 -77.57 132.29
 843.00 -148.52  84.16
 844.00 -68.80 143.32
 845.00 -60.48 121.28
 846.00 -62.50 -16.32
 847.00 -116.13 -15.65
 848.00 -64.78  66.13
 849.00 -58.52 -37.01
 850.00 -65.25 -41.20
 851.00 -65.39 -36.31
 852.00 -64.76 -44.63
 853.00 -64.42 -38.52
 854.00 -62.39 -42.99
 855.00 -70.81 -43.63
 856.00 -56.14 -33.17
 857.00 -83.59 -38.91
 858.00 -65.99 -19.32
 859.00 -72.89 -49.90
 860.00 -65.39 -26.38
 861.00 -61.19 -44.28
 862.00 -69.17 -40.65
 863.00 -73.85 -32.61
 864.00 -84.22 -21.42
 865.00 -80.26 -20.02
 866.00 -58.49 -29.29
 867.00 -65.41 -43.16
 868.00 -68.38 -33.92
 869.00 -70.20 -41.02
 870.00 -64.72 -33.61
 871.00 -62.75 -44.96
 872.00 -61.99 -43.46
 873.00 -61.19 -49.94
 874.00 -77.53 -27.15
 875.00 -57.60 -43.10
 876.00 -71.57 -39.59
 877.00 -67.72 -37.39
 878.00 -54.62 -44.61
 879.00 -67.93 -45.09
 880.00 -61.89 -38.05
 881.00 -67.39 -23.73
 882.00 -134.28 -23.58
 883.00 -72.76  26.90
 884.00 -59.36 -32.22
 885.00 -61.34 -44.75
 886.00 -111.79 -29.41
 887.00  49.63  11.43
 888.00 -101.95  46.20
 889.00 -88.31 122.29
 890.00 -135.81 155.83
 891.00 -70.42 135.83
 892.00 -52.89 129.88
 893.00 -69.12 -39.12
 894.00 -52.17 -55.02
 895.00 -55.31 -54.28
 896.00 -61.57 -37.29
 897.00 -64.84 -42.66
 898.00 -74.83 -38.15
 899.00 -72.97 -29.96
 900.00 -86.18 -56.29
 901.00 -119.56 -32.14
 902.00 -61.30 -22.80
 903.00 -57.78 -45.58
 904.00 -57.37 -32.57
 905.00 -77.55 -34.13
 906.00 -80.60 -32.88
 907.00 -108.49 -28.87
 908.00  80.46  22.54
 909.00 -65.41  -5.06
 910.00 -129.25 -35.83
 911.00 -140.96 127.36
 912.00 -67.42 139.43
 913.00 -88.09 144.08
 914.00 -83.04  92.76
 915.00 -74.08 128.88
 916.00 -114.56 -27.84
 917.00 -79.46 141.61


