 residuo Phi Psi
 669.00 -66.29 136.55
 670.00 -54.80 151.84
 671.00 -163.15 110.45
 672.00 -39.40 -24.14
 673.00 -70.43 -41.47
 674.00 -72.34 -33.86
 675.00 -70.99 -24.86
 676.00 -58.39 -50.66
 677.00 -74.79 -31.62
 678.00 -73.66 -30.84
 679.00 -90.17 -40.64
 680.00 -72.51   7.59
 681.00 -76.52 135.74
 682.00 -66.25 148.83
 683.00 -83.18 -153.43
 684.00 -127.37 146.43
 685.00 -85.09 118.21
 686.00 -73.90 148.12
 687.00  74.72 -22.91
 688.00 -93.18  38.16
 689.00 -60.87 121.16
 690.00 -66.57  99.94
 691.00 -129.16   7.72
 692.00 -74.28  -0.67
 693.00 -58.19 151.04
 694.00 -86.62 154.21
 695.00 -148.23 116.38
 696.00 -52.54 146.51
 697.00 -55.92 -51.13
 698.00 -72.18 -42.82
 699.00 -57.54 -43.93
 700.00 -74.22 -46.35
 701.00 -59.55 -32.67
 702.00 -71.58 -41.45
 703.00 -63.66 -35.49
 704.00 -73.02 -35.56
 705.00 -68.56 -30.96
 706.00 -67.26 -43.55
 707.00 -48.14 -38.00
 708.00 -90.62 -29.39
 709.00 -60.18 -35.59
 710.00 -70.37 -43.55
 711.00 -68.14 -37.54
 712.00 -64.53 -32.04
 713.00 -64.95 -41.45
 714.00 -50.67 -49.82
 715.00 -72.02 -31.60
 716.00 -67.30 -52.65
 717.00 -79.41 -18.34
 718.00 -62.97 -46.60
 719.00 -68.51 -19.91
 720.00 -135.41  -0.63
 721.00 -71.26   1.98
 722.00 -59.57 136.86
 723.00  77.03 121.79
 724.00 -68.54  -5.45
 725.00 -83.92 -20.89
 726.00 -69.04   3.93
 727.00 -85.70 -18.62
 728.00 -69.44 140.54
 729.00 -42.04 143.11
 730.00 -61.82 -36.41
 731.00 -58.07 -39.97
 732.00 -55.52 -51.81
 733.00 -61.20 -56.39
 734.00 -63.74 -31.94
 735.00 -74.38 -50.92
 736.00 -55.25 -31.54
 737.00 -78.78 -41.43
 738.00 -78.15 -38.91
 739.00 -76.00 -26.93
 740.00 -65.70 -18.43
 741.00 -70.48 -29.02
 742.00 -60.36 -61.97
 743.00 -65.33 -31.74
 744.00 -68.25 -58.43
 745.00 -54.98 -32.00
 746.00 -61.26 -61.02
 747.00 -63.03 -38.32
 748.00 -72.20 -37.17
 749.00 -73.55 -26.82
 750.00 -64.39 -37.97
 751.00 -53.15 -58.34
 752.00 -67.32 -31.62
 753.00 -64.74 -40.49
 754.00 -77.07 -48.27
 755.00 -70.35 -47.81
 756.00 -141.07 -33.71
 757.00  50.87  26.60
 758.00  70.05  35.84
 759.00 -70.26   0.16
 760.00 -123.60 -30.58
 761.00 -78.15 158.69
 762.00 -89.75 109.33
 763.00 -71.39  69.48
 764.00 -141.34 -50.46
 765.00 -54.14 162.96
 766.00 -111.68 -25.60
 767.00 -133.16   2.39
 768.00 -63.23  37.46
 769.00 -112.92 144.87
 770.00 -82.22 113.61
 771.00 -72.35 -177.94
 772.00 -77.96 -17.70
 773.00 -63.50 -42.76
 774.00 -63.41 -35.17
 775.00 -63.44 -42.22
 776.00 -71.82 -45.04
 777.00 -75.82 -33.93
 778.00  61.06   6.08
 779.00 -80.38 -20.42
 780.00 -52.39  37.75
 781.00 -70.77 -56.87
 782.00 -70.30 -25.61
 783.00 -71.81 -36.77
 784.00 -65.72 -23.90
 785.00 -66.59 -45.47
 786.00 -58.68 -41.43
 787.00 -66.52 -32.64
 788.00 -57.67 -41.04
 789.00 -61.66 -36.96
 790.00 -68.63 -39.81
 791.00 -61.98 -47.23
 792.00 -84.28 -12.73
 793.00 -58.95 -35.74
 794.00 -79.26 -43.71
 795.00 -72.05 -25.74
 796.00 -73.52 -58.82
 797.00  56.29  -5.87
 798.00 -64.21  57.54
 799.00 -79.88 128.27
 800.00 -54.96 150.93
 801.00 -61.28 -32.10
 802.00 -61.74 -45.76
 803.00 -56.75 -43.56
 804.00 -72.31 -40.09
 805.00 -63.30 -40.16
 806.00 -68.91 -45.57
 807.00 -52.33 -47.96
 808.00 -67.19 -35.40
 809.00 -68.26 -42.74
 810.00 -59.61 -23.90
 811.00 -56.53 -42.82
 812.00 -109.24 -23.72
 813.00 -134.60  41.26
 814.00 -161.53   9.53
 815.00 -168.19 144.28
 816.00 -66.03 153.96
 817.00 -49.48 142.01
 818.00 -63.55 -40.60
 819.00  73.70 -10.85
 820.00 -78.20 157.52
 821.00 -67.79 162.46
 822.00 -105.37 -34.56
 823.00 -54.98  40.40
 824.00 -59.71 -38.93
 825.00 -76.89 -44.13
 826.00 -70.74 -22.11
 827.00 -55.19 -52.70
 828.00 -75.66 -27.91
 829.00 -65.80 -50.43
 830.00 -56.52 -36.19
 831.00 -63.00 -44.54
 832.00 -59.73 -49.09
 833.00 -64.22 -35.68
 834.00 -68.29 -36.18
 835.00 -61.32 -39.03
 836.00 -69.68 -50.25
 837.00 -66.93 -28.63
 838.00 -58.43 -50.90
 839.00 -76.43 -22.45
 840.00 -117.09 -24.90
 841.00 -52.47  -8.33
 842.00 -86.95 148.77
 843.00 -156.79  98.62
 844.00 -88.40 168.55
 845.00 -53.77  94.63
 846.00 -62.81 -37.36
 847.00 -106.19 -22.02
 848.00 -60.38  88.10
 849.00 -59.02 -17.19
 850.00 -69.70 -39.75
 851.00 -72.41 -32.97
 852.00 -59.74 -40.32
 853.00 -64.86 -49.21
 854.00 -50.19 -45.99
 855.00 -56.40 -65.09
 856.00 -58.51 -52.43
 857.00 -59.92 -45.80
 858.00 -73.92 -27.37
 859.00 -71.36 -36.01
 860.00 -63.78 -33.52
 861.00 -64.99 -42.29
 862.00 -53.85 -45.71
 863.00 -78.16 -39.47
 864.00 -70.67 -23.45
 865.00 -80.87 -24.29
 866.00 -63.81 -33.41
 867.00 -58.22 -38.48
 868.00 -53.81 -51.65
 869.00 -61.97 -41.62
 870.00 -62.36 -40.73
 871.00 -61.98 -41.00
 872.00 -57.40 -50.37
 873.00 -58.91 -43.18
 874.00 -47.92 -51.77
 875.00 -72.73 -36.42
 876.00 -82.45 -39.56
 877.00 -64.39 -42.13
 878.00 -67.30 -36.47
 879.00 -65.84 -37.13
 880.00 -80.47 -29.03
 881.00 -67.96 -28.90
 882.00 -98.92 -31.33
 883.00 -44.55   8.03
 884.00 -42.44 -54.79
 885.00 -106.92 -36.09
 886.00 -74.27 -26.35
 887.00  61.01 -10.41
 888.00 -79.21  26.17
 889.00 -80.08 115.05
 890.00 -111.32 119.20
 891.00 -56.28 125.57
 892.00 -48.50 139.76
 893.00 -63.45 -44.43
 894.00 -62.98 -41.13
 895.00 -65.43 -46.03
 896.00 -76.04 -22.88
 897.00 -72.06 -39.17
 898.00 -64.22 -45.04
 899.00 -119.74 -21.12
 900.00 -92.13 -26.37
 901.00 -104.94 -34.44
 902.00 -49.22 -55.22
 903.00 -56.21 -42.52
 904.00 -71.75 -28.42
 905.00 -85.30  -9.88
 906.00 -62.86 -38.94
 907.00 -65.54 -43.09
 908.00  64.29  -5.75
 909.00 -73.86  14.85
 910.00 -104.88 -25.15
 911.00 -133.34 132.54
 912.00 -77.98 137.57
 913.00 -90.99 155.28
 914.00 -125.89 132.63
 915.00 -78.08 143.15
 916.00 -119.93 -30.74
 917.00 -86.45 173.62


