 residuo Phi Psi
 669.00 -73.77 132.66
 670.00 -57.98 162.63
 671.00 -64.14 130.31
 672.00 -60.16 -24.23
 673.00 -72.59 -27.94
 674.00 -81.61 -30.52
 675.00 -77.64 -16.69
 676.00 -61.36 -47.06
 677.00 -69.19 -35.55
 678.00 -70.87 -30.11
 679.00 -88.73 -31.85
 680.00 -66.58  -5.86
 681.00 -62.61 119.16
 682.00 -74.84 163.01
 683.00 -49.86 172.63
 684.00 -122.40 140.57
 685.00 -108.73 135.73
 686.00 -82.33 153.63
 687.00  90.44 -23.67
 688.00 -71.43   5.92
 689.00 -95.98 129.32
 690.00 -82.01 114.81
 691.00 -94.23  -6.25
 692.00 -75.77 -16.83
 693.00 -50.83 124.99
 694.00 -79.65 155.77
 695.00 -138.19 130.93
 696.00 -60.66 155.42
 697.00 -65.18 -48.00
 698.00 -74.91 -40.16
 699.00 -60.99 -43.46
 700.00 -77.63 -42.50
 701.00 -60.33 -34.51
 702.00 -62.13 -46.08
 703.00 -46.10 -52.77
 704.00 -76.26 -39.81
 705.00 -65.66 -36.93
 706.00 -63.05 -40.95
 707.00 -64.94 -37.62
 708.00 -86.50 -33.76
 709.00 -73.11 -18.17
 710.00 -54.66 -42.94
 711.00 -56.69 -48.88
 712.00 -70.89 -32.88
 713.00 -63.26 -46.46
 714.00 -38.42 -48.99
 715.00 -67.96 -54.21
 716.00 -55.43 -36.77
 717.00 -75.10 -45.01
 718.00 -59.54 -44.73
 719.00 -57.39 -46.98
 720.00 -85.51 -39.55
 721.00 -73.07   4.10
 722.00 -43.10 126.20
 723.00  86.77 128.23
 724.00 -63.45 -30.89
 725.00 -67.22 -15.41
 726.00 -71.62 -22.78
 727.00 -71.41 -19.69
 728.00 -74.04 161.48
 729.00 -67.41 152.74
 730.00 -68.18 -20.58
 731.00 -81.27 -24.80
 732.00 -54.84 -46.19
 733.00 -70.50 -48.21
 734.00 -78.01 -10.31
 735.00 -59.86 -72.53
 736.00 -71.65 -28.40
 737.00 -63.20 -58.70
 738.00 -88.23 -24.78
 739.00 -70.38 -46.47
 740.00 -60.42 -10.89
 741.00 -58.83 -46.30
 742.00 -52.46 -42.11
 743.00 -66.52 -43.85
 744.00 -73.17 -36.85
 745.00 -79.41 -45.81
 746.00 -66.69 -28.61
 747.00 -68.68 -38.37
 748.00 -65.26 -46.75
 749.00 -62.25 -41.18
 750.00 -61.54 -40.75
 751.00 -56.95 -54.15
 752.00 -56.21 -42.90
 753.00 -53.16 -51.08
 754.00 -65.29 -50.70
 755.00 -85.56 -47.30
 756.00 -126.30 -42.38
 757.00  44.09  16.80
 758.00  68.90  37.69
 759.00 -63.23   1.81
 760.00 -130.53 -37.30
 761.00 -87.20 149.19
 762.00 -104.95 123.06
 763.00 -58.29  63.98
 764.00 -139.79 -50.60
 765.00 -66.74 166.61
 766.00 -82.89 -27.19
 767.00 -98.56 -38.95
 768.00 -91.79  68.54
 769.00 -96.96 126.98
 770.00 -74.64  98.83
 771.00 -46.69 160.34
 772.00 -77.49 -31.58
 773.00 -62.77 -35.19
 774.00 -50.53 -45.31
 775.00 -66.95 -42.63
 776.00 -63.06 -56.31
 777.00 -71.17 -38.53
 778.00  55.85  -2.66
 779.00 -114.47  18.69
 780.00 -63.95  29.92
 781.00 -70.36 -36.44
 782.00 -71.80 -29.97
 783.00 -35.82 -60.76
 784.00 -62.77 -50.88
 785.00 -72.66 -37.10
 786.00 -64.19 -33.36
 787.00 -66.64 -33.54
 788.00 -78.48 -41.25
 789.00 -68.06 -21.59
 790.00 -56.62 -43.97
 791.00 -64.04 -40.03
 792.00 -54.53 -36.82
 793.00 -64.94 -33.99
 794.00 -98.85 -25.65
 795.00 -51.03 -35.51
 796.00 -93.11 -44.05
 797.00  51.38  -4.66
 798.00 -66.71  58.70
 799.00 -110.38 148.05
 800.00 -49.18 156.50
 801.00 -53.60 -42.11
 802.00 -59.47 -52.54
 803.00 -65.10 -36.22
 804.00 -71.25 -32.16
 805.00 -74.81 -33.41
 806.00 -35.70 -57.50
 807.00 -63.96 -56.51
 808.00 -79.54 -25.42
 809.00 -48.31 -46.19
 810.00 -59.09 -36.84
 811.00 -73.88 -32.78
 812.00 -103.32 -17.66
 813.00 -113.50  10.46
 814.00 -157.64  12.99
 815.00 -135.99 122.29
 816.00 -70.82 168.16
 817.00 -63.54 152.61
 818.00 -58.92 -30.50
 819.00  64.10  -7.60
 820.00 -150.26 -149.46
 821.00 -67.78 153.15
 822.00 -120.82 -22.35
 823.00 -54.90  42.13
 824.00 -68.58 -42.39
 825.00 -76.81 -29.14
 826.00 -60.13 -37.92
 827.00 -58.96 -41.02
 828.00 -68.22 -45.20
 829.00 -78.57 -31.13
 830.00 -52.11 -43.70
 831.00 -59.50 -49.45
 832.00 -74.75 -25.50
 833.00 -63.33 -56.62
 834.00 -55.59 -30.57
 835.00 -59.46 -56.46
 836.00 -64.81 -38.47
 837.00 -50.25 -56.23
 838.00 -52.94 -47.53
 839.00 -70.53 -40.35
 840.00 -137.02 -14.85
 841.00 -51.87  20.40
 842.00 -75.61 138.58
 843.00 -104.79  54.46
 844.00 -75.63 155.06
 845.00 -66.53 115.69
 846.00 -67.53 -19.46
 847.00 -116.25 -22.38
 848.00 -58.76  91.46
 849.00 -63.83 -37.01
 850.00 -60.25 -45.72
 851.00 -59.75 -43.69
 852.00 -60.53 -53.45
 853.00 -58.74 -44.06
 854.00 -64.77 -41.62
 855.00 -67.10 -39.44
 856.00 -69.96 -34.72
 857.00 -73.31 -40.01
 858.00 -63.73 -37.58
 859.00 -85.30 -36.36
 860.00 -70.97 -23.07
 861.00 -60.25 -46.34
 862.00 -68.24 -42.13
 863.00 -51.08 -43.66
 864.00 -77.21 -29.33
 865.00 -86.61  -3.37
 866.00 -57.21 -35.28
 867.00 -67.66 -38.88
 868.00 -73.50 -34.72
 869.00 -58.23 -43.69
 870.00 -53.87 -49.66
 871.00 -55.37 -50.39
 872.00 -63.71 -48.94
 873.00 -69.98 -31.44
 874.00 -57.48 -48.64
 875.00 -67.07 -32.84
 876.00 -67.10 -40.78
 877.00 -53.23 -42.81
 878.00 -67.79 -44.39
 879.00 -90.38 -21.87
 880.00 -80.96 -29.57
 881.00 -58.11 -39.56
 882.00 -140.92 -11.81
 883.00 -62.58  32.93
 884.00 -73.37 -15.75
 885.00 -54.33 -43.93
 886.00 -89.60 -44.57
 887.00  60.55  -5.98
 888.00 -107.50  29.74
 889.00 -88.65 139.62
 890.00 -118.35 138.88
 891.00 -79.49 128.03
 892.00 -56.84 140.67
 893.00 -61.66 -46.24
 894.00 -76.93 -34.21
 895.00 -54.32 -50.47
 896.00 -60.26 -34.67
 897.00 -57.79 -39.05
 898.00 -81.70 -39.78
 899.00 -59.29 -39.68
 900.00 -128.52 -38.09
 901.00 -89.58 -41.16
 902.00 -57.82 -30.24
 903.00 -67.20 -35.63
 904.00 -60.06 -33.96
 905.00 -51.98 -50.72
 906.00 -71.95 -63.98
 907.00 -77.37 -26.55
 908.00  78.39  -3.10
 909.00 -62.96  10.91
 910.00 -123.85 -28.40
 911.00 -146.18 147.92
 912.00 -68.17 144.33
 913.00 -96.87 158.55
 914.00 -85.98  99.31
 915.00 -62.08 124.28
 916.00 -109.28 -30.72
 917.00 -80.41 152.97


