 residuo Phi Psi
 669.00 -62.78 131.54
 670.00 -50.61 146.69
 671.00 -65.10 125.24
 672.00 -50.67 -21.03
 673.00 -70.65 -22.55
 674.00 -51.73 -49.42
 675.00 -56.41 -51.57
 676.00 -62.80 -51.90
 677.00 -74.14 -35.64
 678.00 -52.10 -35.29
 679.00 -82.44 -39.60
 680.00 -81.96 -12.94
 681.00 -54.56 113.06
 682.00 -64.95 158.95
 683.00 -73.52 154.88
 684.00 -125.36 152.88
 685.00 -77.75 142.33
 686.00 -76.72 149.97
 687.00  61.71  -5.96
 688.00 -74.10  23.28
 689.00 -134.64 171.49
 690.00 -88.08 112.03
 691.00 -79.06   2.90
 692.00 -89.04 -14.19
 693.00 -59.78 158.34
 694.00 -66.05 136.57
 695.00 -160.93 166.79
 696.00 -36.64 150.81
 697.00 -72.46 -47.05
 698.00 -59.16 -56.14
 699.00 -65.87 -40.94
 700.00 -85.81 -46.95
 701.00 -68.45 -18.94
 702.00 -67.35 -43.41
 703.00 -66.91 -30.57
 704.00 -63.00 -41.98
 705.00 -60.78 -46.40
 706.00 -57.27 -38.42
 707.00 -66.17 -41.16
 708.00 -71.79 -34.44
 709.00 -68.64 -37.37
 710.00 -60.57 -42.89
 711.00 -43.64 -54.28
 712.00 -59.36 -43.61
 713.00 -78.88 -44.29
 714.00 -74.20 -18.80
 715.00 -60.68 -35.19
 716.00 -50.75 -46.07
 717.00 -62.14 -57.39
 718.00 -60.92 -32.97
 719.00 -65.70 -49.73
 720.00 -116.60  -5.30
 721.00 -64.43 -14.43
 722.00 -58.76 115.54
 723.00  91.19 127.34
 724.00 -55.94 -11.33
 725.00 -61.80 -25.59
 726.00 -73.23 -13.95
 727.00 -91.67  -8.23
 728.00 -65.26 141.43
 729.00 -57.33 149.55
 730.00 -68.81 -31.70
 731.00 -74.00 -30.94
 732.00 -50.33 -49.59
 733.00 -66.35 -40.77
 734.00 -65.60 -37.29
 735.00 -79.61 -52.58
 736.00 -53.90 -24.93
 737.00 -63.74 -62.83
 738.00 -83.20 -37.21
 739.00 -86.25 -22.82
 740.00 -59.38 -19.45
 741.00 -65.90 -46.67
 742.00 -45.89 -40.65
 743.00 -64.46 -54.61
 744.00 -65.14 -49.33
 745.00 -64.33 -50.32
 746.00 -59.68 -36.82
 747.00 -51.31 -56.93
 748.00 -75.88 -41.92
 749.00 -57.72 -35.83
 750.00 -57.77 -47.34
 751.00 -57.62 -48.60
 752.00 -78.20 -28.49
 753.00 -62.46 -39.84
 754.00 -66.89 -53.41
 755.00 -87.68 -38.16
 756.00 -131.01 -43.89
 757.00  48.88  13.90
 758.00  62.58  38.73
 759.00 -59.72   5.17
 760.00 -138.89 -25.01
 761.00 -80.47 157.18
 762.00 -80.89 106.16
 763.00 -56.00  69.35
 764.00 -151.04 -45.60
 765.00 -59.61 167.93
 766.00 -93.17 -26.25
 767.00 -120.34 -21.34
 768.00 -97.68  88.26
 769.00 -89.14 123.27
 770.00 -64.85  98.05
 771.00 -71.96 173.71
 772.00 -69.40 -22.92
 773.00 -68.05 -36.44
 774.00 -64.25 -36.61
 775.00 -65.82 -40.75
 776.00 -74.18 -50.04
 777.00 -81.85 -23.51
 778.00  58.58  -4.77
 779.00 -108.18  25.44
 780.00 -63.52  14.48
 781.00 -60.31 -47.62
 782.00 -76.25 -29.85
 783.00 -64.98 -47.49
 784.00 -63.52 -41.42
 785.00 -71.07 -35.23
 786.00 -66.75 -37.23
 787.00 -60.64 -37.69
 788.00 -64.69 -36.62
 789.00 -52.07 -42.27
 790.00 -54.46 -49.22
 791.00 -60.36 -56.95
 792.00 -67.11 -22.63
 793.00 -63.18 -36.76
 794.00 -78.25 -29.40
 795.00 -54.40 -43.09
 796.00 -69.56 -42.34
 797.00  58.50 -21.31
 798.00 -72.26  53.82
 799.00 -62.68 119.88
 800.00 -55.19 152.24
 801.00 -67.81 -28.93
 802.00 -74.84 -47.76
 803.00 -60.12 -40.02
 804.00 -71.79 -41.11
 805.00 -79.82 -30.56
 806.00 -72.43 -28.79
 807.00 -64.23 -35.26
 808.00 -61.63 -38.96
 809.00 -52.90 -55.38
 810.00 -57.75 -35.04
 811.00 -66.41 -34.17
 812.00 -102.76 -20.02
 813.00 -127.21  26.04
 814.00 -144.46   9.64
 815.00 -141.60 122.24
 816.00 -60.95 162.84
 817.00 -67.49 154.39
 818.00 -86.07 -28.30
 819.00  74.31  -5.31
 820.00 -90.19 -168.49
 821.00 -79.45 -177.27
 822.00 -93.36 -44.57
 823.00 -63.04  40.90
 824.00 -64.98 -36.61
 825.00 -93.88 -21.95
 826.00 -63.81 -31.61
 827.00 -66.95 -45.18
 828.00 -61.06 -38.75
 829.00 -72.00 -40.49
 830.00 -53.23 -44.11
 831.00 -65.34 -47.71
 832.00 -72.59 -32.38
 833.00 -64.43 -49.70
 834.00 -64.10 -23.17
 835.00 -73.59 -46.95
 836.00 -87.28  -9.08
 837.00 -68.99 -40.91
 838.00 -51.54 -40.25
 839.00 -83.41 -37.45
 840.00 -80.60 -50.22
 841.00 -59.41  10.33
 842.00 -79.12 126.15
 843.00 -125.92  65.23
 844.00 -75.82 162.13
 845.00 -62.09  91.52
 846.00 -68.45  -8.62
 847.00 -122.84 -21.04
 848.00 -56.36  94.13
 849.00 -59.81 -31.12
 850.00 -65.94 -32.16
 851.00 -81.95 -32.15
 852.00 -65.16 -37.89
 853.00 -59.71 -45.94
 854.00 -61.12 -46.98
 855.00 -55.84 -42.75
 856.00 -61.25 -46.86
 857.00 -67.21 -49.60
 858.00 -66.70 -24.71
 859.00 -71.66 -47.94
 860.00 -57.20 -32.41
 861.00 -60.01 -58.32
 862.00 -71.31 -34.81
 863.00 -65.74 -33.30
 864.00 -59.77 -40.63
 865.00 -73.38 -22.46
 866.00 -58.10 -38.99
 867.00 -68.78 -35.40
 868.00 -52.03 -48.44
 869.00 -55.61 -52.22
 870.00 -59.13 -43.35
 871.00 -74.28 -35.50
 872.00 -59.64 -39.19
 873.00 -73.30 -34.92
 874.00 -47.30 -46.88
 875.00 -44.80 -60.09
 876.00 -71.07 -46.10
 877.00 -71.54 -42.79
 878.00 -63.36 -33.33
 879.00 -87.41 -27.81
 880.00 -57.09 -41.61
 881.00 -69.77 -36.75
 882.00 -115.43 -12.89
 883.00 -53.65   4.78
 884.00 -72.74 -41.28
 885.00 -60.80 -45.97
 886.00 -83.46 -36.26
 887.00  57.38  -1.18
 888.00 -79.94  20.15
 889.00 -63.37 100.50
 890.00 -145.89 157.52
 891.00 -47.41 115.39
 892.00 -64.89 141.93
 893.00 -84.46 -27.52
 894.00 -94.85 -14.28
 895.00 -64.36 -33.96
 896.00 -71.02 -15.49
 897.00 -62.18 -48.33
 898.00 -77.74 -40.22
 899.00 -78.46 -33.65
 900.00 -89.03 -47.62
 901.00 -94.49 -41.26
 902.00 -68.42 -33.63
 903.00 -50.70 -32.25
 904.00 -80.76 -30.94
 905.00 -84.78 -31.24
 906.00 -72.52 -38.46
 907.00 -77.46 -42.82
 908.00  73.93 -14.29
 909.00 -59.84  23.90
 910.00 -117.40 -24.43
 911.00 -140.96 126.23
 912.00 -65.81 147.36
 913.00 -86.21 146.25
 914.00 -85.28 108.74
 915.00 -72.96 137.61
 916.00 -80.61 -38.22
 917.00 -126.08 158.18


