 residuo Phi Psi
 669.00 -63.75 -49.72
 670.00 -42.81 146.86
 671.00 -44.10 146.50
 672.00 -58.09 -41.62
 673.00 -79.75 -36.74
 674.00 -71.56 -24.40
 675.00 -59.69 -38.04
 676.00 -60.05 -44.70
 677.00 -78.24 -34.59
 678.00 -66.67 -31.50
 679.00 -115.29 -19.03
 680.00 -63.50   2.41
 681.00 -74.42 121.49
 682.00 -89.08 165.82
 683.00 -84.15 168.90
 684.00 -123.64 136.57
 685.00 -79.60 146.24
 686.00 -88.41 160.77
 687.00  85.22 -25.01
 688.00 -69.39  22.59
 689.00 -103.47 145.00
 690.00 -64.10  84.00
 691.00 -73.21 -11.10
 692.00 -92.10 -25.58
 693.00 -75.03 169.81
 694.00 -97.46 169.76
 695.00 -148.87 131.49
 696.00 -62.58 159.20
 697.00 -66.52 -40.85
 698.00 -73.73 -36.42
 699.00 -65.91 -36.48
 700.00 -80.86 -40.53
 701.00 -58.31 -41.31
 702.00 -64.67 -27.85
 703.00 -70.77 -44.23
 704.00 -63.28 -41.17
 705.00 -49.35 -42.40
 706.00 -58.63 -56.14
 707.00 -31.50 -40.35
 708.00 -77.09 -54.27
 709.00 -59.17 -39.17
 710.00 -70.07 -35.61
 711.00 -45.76 -58.06
 712.00 -49.78 -48.30
 713.00 -72.51 -42.58
 714.00 -70.42 -42.92
 715.00 -61.06 -33.11
 716.00 -69.18 -34.26
 717.00 -54.13 -44.02
 718.00 -62.49 -52.53
 719.00 -62.36 -38.24
 720.00 -126.27 -10.62
 721.00 -83.72  14.94
 722.00 -63.54 120.18
 723.00  67.47 163.69
 724.00 -75.00 -18.14
 725.00 -68.60 -28.71
 726.00 -65.25  -8.40
 727.00 -66.89 -24.66
 728.00 -61.81 130.25
 729.00 -57.81 167.22
 730.00 -65.95 -38.40
 731.00 -90.31 -24.03
 732.00 -64.51 -28.79
 733.00 -48.02 -55.85
 734.00 -56.78 -47.88
 735.00 -54.31 -66.04
 736.00 -47.23 -45.71
 737.00 -71.01 -49.77
 738.00 -63.01 -58.54
 739.00 -82.73 -31.39
 740.00 -39.55 -21.64
 741.00 -54.10 -57.27
 742.00 -76.37 -34.97
 743.00 -48.40 -52.77
 744.00 -56.31 -53.61
 745.00 -78.01 -45.44
 746.00 -65.31 -35.29
 747.00 -67.92 -49.16
 748.00 -68.92 -38.28
 749.00 -74.63 -18.76
 750.00 -65.38 -42.38
 751.00 -57.85 -45.52
 752.00 -66.55 -47.84
 753.00 -62.31 -41.86
 754.00 -89.89 -40.49
 755.00 -87.98 -33.08
 756.00 -131.00 -43.60
 757.00  53.32  19.63
 758.00  69.01  21.93
 759.00 -75.52   8.21
 760.00 -128.42 -23.31
 761.00 -106.37 165.22
 762.00 -84.94 103.28
 763.00 -57.46  63.15
 764.00 -139.64 -63.12
 765.00 -66.86 166.39
 766.00 -121.53 -12.81
 767.00 -131.77   5.46
 768.00 -85.29  54.24
 769.00 -105.35 135.31
 770.00 -86.54 108.86
 771.00 -66.01 179.22
 772.00 -66.01 -24.51
 773.00 -69.51 -49.48
 774.00 -52.89 -34.69
 775.00 -87.15 -35.40
 776.00 -63.53 -53.55
 777.00 -96.74  -9.92
 778.00  62.50   6.47
 779.00 -148.77  49.99
 780.00 -55.33   6.44
 781.00 -61.07 -34.50
 782.00 -69.44 -41.49
 783.00 -67.03 -33.11
 784.00 -62.91 -38.29
 785.00 -65.08 -38.59
 786.00 -67.94 -40.89
 787.00 -65.78 -35.14
 788.00 -46.50 -57.29
 789.00 -50.21 -51.13
 790.00 -63.98 -52.74
 791.00 -51.70 -46.67
 792.00 -66.65 -29.96
 793.00 -59.30 -27.30
 794.00 -73.57 -41.93
 795.00 -74.81 -20.93
 796.00 -96.28 -20.82
 797.00  45.95 -22.34
 798.00 -50.14  53.27
 799.00 -94.39 130.71
 800.00 -64.16 162.76
 801.00 -66.60 -31.29
 802.00 -66.68 -39.31
 803.00 -61.28 -41.40
 804.00 -47.07 -41.41
 805.00 -70.25 -61.08
 806.00 -79.40 -33.25
 807.00 -66.67 -31.99
 808.00 -63.14 -34.70
 809.00 -66.36 -45.37
 810.00 -59.52 -32.67
 811.00 -65.17 -36.96
 812.00 -109.85 -26.11
 813.00 -148.64  68.62
 814.00 -155.02  10.49
 815.00 -131.11 110.26
 816.00 -70.21 169.53
 817.00 -64.92 153.74
 818.00 -74.21 -31.89
 819.00  80.73 -14.01
 820.00 -56.71 161.23
 821.00 -67.65 159.18
 822.00 -78.32 -49.26
 823.00 -66.12  33.00
 824.00 -53.29 -33.63
 825.00 -82.15 -34.01
 826.00 -59.92 -42.14
 827.00 -58.13 -42.06
 828.00 -74.43 -36.02
 829.00 -74.03 -32.17
 830.00 -65.49 -40.27
 831.00 -71.67 -36.23
 832.00 -62.81 -34.31
 833.00 -72.80 -50.12
 834.00 -72.20 -23.34
 835.00 -59.20 -47.78
 836.00 -78.23 -49.36
 837.00 -68.89 -24.72
 838.00 -60.51 -37.91
 839.00 -79.42 -19.73
 840.00 -81.82 -37.38
 841.00 -63.38 -20.89
 842.00 -71.36 143.38
 843.00 -141.48  86.84
 844.00 -84.37 158.87
 845.00 -49.91  70.04
 846.00 -53.77 -25.43
 847.00 -103.83 -35.93
 848.00 -51.69 108.72
 849.00 -60.08 -34.43
 850.00 -67.35 -32.56
 851.00 -76.46 -57.13
 852.00 -50.85 -38.75
 853.00 -60.68 -57.79
 854.00 -64.62 -39.06
 855.00 -60.22 -50.75
 856.00 -56.66 -44.34
 857.00 -66.46 -53.83
 858.00 -81.24 -20.66
 859.00 -71.88 -37.72
 860.00 -61.44 -30.87
 861.00 -53.07 -49.66
 862.00 -87.68 -27.27
 863.00 -62.01 -37.56
 864.00 -60.22 -27.17
 865.00 -66.20 -29.96
 866.00 -62.17 -35.95
 867.00 -57.13 -45.34
 868.00 -79.25 -31.66
 869.00 -52.42 -54.45
 870.00 -68.21 -33.95
 871.00 -70.82 -43.99
 872.00 -69.54 -41.22
 873.00 -60.51 -31.40
 874.00 -67.74 -47.76
 875.00 -66.87 -41.06
 876.00 -59.05 -49.52
 877.00 -65.18 -33.51
 878.00 -71.49 -43.18
 879.00 -64.53 -30.06
 880.00 -50.64 -49.74
 881.00 -58.97 -41.10
 882.00 -101.07 -41.21
 883.00 -56.23   7.10
 884.00 -90.82 -30.51
 885.00 -110.79  -2.16
 886.00 -89.13 -38.05
 887.00  61.71  -1.19
 888.00 -89.26  27.62
 889.00 -90.61 131.92
 890.00 -129.75 150.11
 891.00 -51.38 132.48
 892.00 -49.92 137.93
 893.00 -60.49 -50.96
 894.00 -83.34 -31.63
 895.00 -60.89 -35.23
 896.00 -49.52 -45.86
 897.00 -69.13 -34.29
 898.00 -72.63 -54.85
 899.00 -71.06 -32.09
 900.00 -107.15 -43.54
 901.00 -89.72 -45.61
 902.00 -62.14 -45.08
 903.00 -52.66 -42.57
 904.00 -82.69 -14.47
 905.00 -69.69 -39.67
 906.00 -66.75 -38.72
 907.00 -83.97 -43.54
 908.00  86.92   8.26
 909.00 -62.13  -6.78
 910.00 -115.27 -27.97
 911.00 -117.39 135.17
 912.00 -61.91 153.80
 913.00 -112.27 152.76
 914.00 -77.67 102.05
 915.00 -73.90 143.40
 916.00 -75.15 -50.36
 917.00 -136.36 108.02


