 residuo Phi Psi
 669.00 -62.82 -27.84
 670.00 -47.78 160.22
 671.00 -52.53 156.56
 672.00 -76.73 -48.72
 673.00 -58.63 -30.57
 674.00 -69.15 -40.85
 675.00 -64.81 -23.92
 676.00 -58.30 -51.73
 677.00 -66.29 -54.29
 678.00 -67.47 -23.07
 679.00 -113.69 -14.31
 680.00 -67.25  -5.95
 681.00 -74.47 126.60
 682.00 -64.67 151.91
 683.00 -68.43 154.34
 684.00 -143.94 154.66
 685.00 -76.21 141.48
 686.00 -81.94 146.51
 687.00  95.61 -17.28
 688.00 -76.78   7.48
 689.00 -113.33 145.70
 690.00 -73.30 109.21
 691.00 -69.08  -4.07
 692.00 -76.24 -46.42
 693.00 -60.85 146.10
 694.00 -78.24 139.66
 695.00 -152.45 159.05
 696.00 -42.15 145.20
 697.00 -69.64 -56.04
 698.00 -66.47 -36.98
 699.00 -58.07 -38.58
 700.00 -84.44 -48.03
 701.00 -61.01 -34.96
 702.00 -74.36 -28.05
 703.00 -78.32 -23.17
 704.00 -60.90 -49.50
 705.00 -55.67 -38.39
 706.00 -64.99 -51.22
 707.00 -62.03 -28.78
 708.00 -76.44 -31.95
 709.00 -51.91 -43.57
 710.00 -64.29 -43.12
 711.00 -62.69 -39.89
 712.00 -62.99 -44.80
 713.00 -72.47 -27.94
 714.00 -58.77 -50.69
 715.00 -72.99 -31.87
 716.00 -64.73 -32.96
 717.00 -69.30 -36.66
 718.00 -65.21 -51.13
 719.00 -56.36 -28.36
 720.00 -113.98 -23.82
 721.00 -61.97  -9.73
 722.00 -61.94 127.53
 723.00  74.55 141.18
 724.00 -51.96 -16.02
 725.00 -63.62 -38.78
 726.00 -76.44  -3.98
 727.00 -78.82 -23.78
 728.00 -71.60 150.03
 729.00 -51.15 160.48
 730.00 -62.23 -41.92
 731.00 -71.21 -46.77
 732.00 -64.22 -30.13
 733.00 -64.31 -46.25
 734.00 -63.46 -35.42
 735.00 -77.07 -49.72
 736.00 -62.80 -23.98
 737.00 -57.20 -60.36
 738.00 -80.09 -36.51
 739.00 -107.93 -27.58
 740.00 -62.19  -7.23
 741.00 -73.11 -30.05
 742.00 -65.80 -45.43
 743.00 -68.05 -34.30
 744.00 -70.70 -37.44
 745.00 -68.62 -50.80
 746.00 -70.07 -30.49
 747.00 -58.44 -37.78
 748.00 -70.20 -44.75
 749.00 -52.04 -39.94
 750.00 -55.65 -49.54
 751.00 -62.88 -60.10
 752.00 -79.33 -23.06
 753.00 -73.51 -33.99
 754.00 -70.16 -46.09
 755.00 -74.42 -50.00
 756.00 -133.45 -37.32
 757.00  54.90  18.87
 758.00  71.51  34.15
 759.00 -71.41  -4.31
 760.00 -135.80 -13.93
 761.00 -100.18 159.40
 762.00 -100.57 120.90
 763.00 -45.91  48.18
 764.00 -144.10 -54.58
 765.00 -66.30 170.66
 766.00 -78.65 -36.56
 767.00 -87.99 -44.16
 768.00 -74.53  48.44
 769.00 -96.37 126.64
 770.00 -79.57 102.15
 771.00 -40.20 163.66
 772.00 -49.78 -42.33
 773.00 -72.96 -54.39
 774.00 -70.41 -17.40
 775.00 -75.70 -39.40
 776.00 -61.97 -53.54
 777.00 -90.58 -18.67
 778.00  53.94   6.03
 779.00 -119.36  33.30
 780.00 -56.92   8.89
 781.00 -62.58 -44.10
 782.00 -67.11 -35.88
 783.00 -60.42 -40.66
 784.00 -64.63 -51.56
 785.00 -78.53 -27.17
 786.00 -51.46 -44.68
 787.00 -66.44 -39.51
 788.00 -63.01 -44.19
 789.00 -65.35 -35.02
 790.00 -55.10 -46.17
 791.00 -60.00 -49.92
 792.00 -59.24 -20.25
 793.00 -58.75 -34.45
 794.00 -77.26 -43.03
 795.00 -57.22 -30.61
 796.00 -74.11 -43.07
 797.00  63.13 -39.24
 798.00 -57.23  55.08
 799.00 -97.14 134.38
 800.00 -55.72 150.21
 801.00 -74.49 -31.15
 802.00 -66.42 -38.59
 803.00 -52.05 -46.61
 804.00 -67.32 -48.92
 805.00 -66.32 -39.81
 806.00 -64.61 -43.25
 807.00 -66.89 -39.14
 808.00 -62.84 -40.12
 809.00 -76.77 -39.18
 810.00 -61.94 -26.50
 811.00 -83.98 -12.02
 812.00 -116.32 -13.56
 813.00 -137.34  53.22
 814.00 -143.23   3.67
 815.00 -138.34 131.89
 816.00 -70.02 159.70
 817.00 -67.96 144.50
 818.00 -87.59 -27.61
 819.00  72.02   8.21
 820.00 -71.88 161.63
 821.00 -77.63 156.12
 822.00 -116.71  -9.89
 823.00 -57.03  39.47
 824.00 -65.21 -48.31
 825.00 -77.10 -24.07
 826.00 -54.76 -35.98
 827.00 -72.78 -42.62
 828.00 -65.01 -34.13
 829.00 -70.29 -34.76
 830.00 -74.04 -30.42
 831.00 -68.09 -50.96
 832.00 -63.99 -26.68
 833.00 -70.23 -58.80
 834.00 -71.82 -25.25
 835.00 -82.10 -24.15
 836.00 -74.72 -28.97
 837.00 -58.18 -43.40
 838.00 -66.39 -37.46
 839.00 -87.65 -16.44
 840.00 -120.41 -14.85
 841.00 -65.38   3.47
 842.00 -73.31 147.59
 843.00 -156.98 116.80
 844.00 -103.90 174.00
 845.00 -56.14  76.00
 846.00 -72.13 -26.17
 847.00 -73.51 -30.30
 848.00 -61.27 138.21
 849.00 -110.50 -36.61
 850.00 -46.39 -14.59
 851.00 -80.76 -38.80
 852.00 -63.63 -49.57
 853.00 -84.61 -27.83
 854.00 -59.60 -37.99
 855.00 -66.73 -42.71
 856.00 -70.70 -44.35
 857.00 -81.74 -30.59
 858.00 -65.99 -24.18
 859.00 -60.62 -51.88
 860.00 -63.11 -30.05
 861.00 -58.21 -47.90
 862.00 -58.87 -50.51
 863.00 -77.75 -33.94
 864.00 -62.33 -27.04
 865.00 -74.37 -18.62
 866.00 -57.79 -41.68
 867.00 -66.01 -46.78
 868.00 -72.40 -36.56
 869.00 -67.81 -31.94
 870.00 -54.06 -41.58
 871.00 -69.63 -41.95
 872.00 -60.08 -43.81
 873.00 -50.77 -49.12
 874.00 -58.47 -57.57
 875.00 -76.39 -34.26
 876.00 -74.92 -36.84
 877.00 -66.34 -32.27
 878.00 -73.27 -34.01
 879.00 -63.15 -32.39
 880.00 -69.76 -41.76
 881.00 -52.56 -33.72
 882.00 -129.93 -22.57
 883.00 -40.52  19.99
 884.00 -66.09 -59.62
 885.00 -74.29 -26.03
 886.00 -111.20 -36.15
 887.00  70.06  -2.50
 888.00 -103.79  40.43
 889.00 -102.95 138.87
 890.00 -127.36 140.18
 891.00 -56.50 116.08
 892.00 -63.95 147.82
 893.00 -63.98 -39.30
 894.00 -72.75 -38.54
 895.00 -63.90 -36.42
 896.00 -74.73 -37.47
 897.00 -65.65 -32.22
 898.00 -56.64 -57.69
 899.00 -53.79 -58.50
 900.00 -98.54 -42.22
 901.00 -110.69 -28.23
 902.00 -70.27 -30.55
 903.00 -53.23 -33.15
 904.00 -68.12 -31.18
 905.00 -79.88 -23.00
 906.00 -60.10 -47.50
 907.00 -89.80 -34.44
 908.00  92.60 -29.33
 909.00 -61.17   7.76
 910.00 -126.34 -14.09
 911.00 -124.38 141.31
 912.00 -68.36 131.11
 913.00 -100.49 151.45
 914.00 -92.33  96.74
 915.00 -62.75 125.37
 916.00 -80.92 -46.74
 917.00 -58.44 129.84


