 residuo Phi Psi
 669.00 -68.64 151.46
 670.00 -55.62 125.72
 671.00 -113.85 115.78
 672.00 -65.66   0.75
 673.00 -54.04 -50.23
 674.00 -63.85 -41.69
 675.00 -60.30 -44.32
 676.00 -61.06 -42.75
 677.00 -63.13 -43.02
 678.00 -72.77 -35.25
 679.00 -90.42 -33.06
 680.00 -77.05  -2.76
 681.00 -78.88 130.57
 682.00 -70.61 160.09
 683.00 -71.95 149.48
 684.00 -79.92 127.65
 685.00 -99.34 134.35
 686.00 -71.75 144.82
 687.00  82.91 -28.93
 688.00 -62.47  36.60
 689.00 -90.24 112.83
 690.00 -61.16 115.61
 691.00 -79.49 -20.55
 692.00 -74.66 -17.54
 693.00 -82.42 151.93
 694.00 -83.06 161.87
 695.00 -154.46  89.02
 696.00 -42.73 149.82
 697.00 -56.48 -53.35
 698.00 -75.50 -58.57
 699.00 -57.50 -43.11
 700.00 -76.28 -49.55
 701.00 -65.44 -26.85
 702.00 -66.80 -37.10
 703.00 -65.73 -38.33
 704.00 -68.34 -30.64
 705.00 -63.15 -42.89
 706.00 -65.69 -45.95
 707.00 -44.00 -33.21
 708.00 -63.98 -57.93
 709.00 -61.99 -43.70
 710.00 -74.53 -29.44
 711.00 -67.59 -38.01
 712.00 -47.12 -44.74
 713.00 -64.11 -55.44
 714.00 -73.74 -28.75
 715.00 -62.55 -42.23
 716.00 -66.25 -42.25
 717.00 -73.31 -31.59
 718.00 -59.56 -46.60
 719.00 -59.93 -41.60
 720.00 -93.26 -25.21
 721.00 -62.18  -1.15
 722.00 -48.70 136.75
 723.00  68.20 130.31
 724.00 -48.82  -7.49
 725.00 -58.23 -34.74
 726.00 -72.66 -22.30
 727.00 -69.69 -23.12
 728.00 -66.21 150.71
 729.00 -49.55 141.51
 730.00 -75.85 -28.86
 731.00 -72.31 -40.51
 732.00 -58.12 -32.89
 733.00 -61.70 -41.17
 734.00 -70.92 -47.92
 735.00 -70.04 -39.63
 736.00 -66.51 -39.18
 737.00 -75.79 -40.76
 738.00 -101.33 -11.10
 739.00 -116.24  -6.52
 740.00 -78.40  -0.18
 741.00 -64.30 -40.00
 742.00 -64.36 -53.92
 743.00 -66.95 -33.26
 744.00 -81.34 -42.19
 745.00 -81.06 -33.43
 746.00 -66.31 -26.77
 747.00 -63.80 -38.69
 748.00 -64.50 -44.71
 749.00 -55.27 -43.45
 750.00 -54.69 -52.37
 751.00 -55.74 -52.64
 752.00 -68.41 -37.00
 753.00 -48.50 -45.31
 754.00 -68.75 -59.35
 755.00 -97.66 -35.62
 756.00 -138.95 -35.47
 757.00  63.05  25.68
 758.00  52.42  31.55
 759.00 -73.38  -9.63
 760.00 -77.89 -48.26
 761.00 -106.69 158.67
 762.00 -74.40  98.41
 763.00 -65.63  75.92
 764.00 -157.52 -34.14
 765.00 -67.71 175.38
 766.00 -88.56 -33.76
 767.00 -142.39 -10.68
 768.00 -124.35  99.84
 769.00 -99.43 143.13
 770.00 -67.06 109.52
 771.00 -57.69 165.72
 772.00 -60.63 -38.10
 773.00 -75.48 -32.80
 774.00 -58.59 -29.94
 775.00 -59.00 -52.25
 776.00 -70.14 -45.52
 777.00 -79.34 -35.64
 778.00  67.04  -2.18
 779.00 -65.99 -25.33
 780.00 -65.01  46.80
 781.00 -67.30 -36.92
 782.00 -62.12 -45.21
 783.00 -65.06 -33.91
 784.00 -67.89 -50.82
 785.00 -70.92 -35.68
 786.00 -59.94 -33.24
 787.00 -57.54 -48.21
 788.00 -59.22 -44.69
 789.00 -55.20 -44.22
 790.00 -70.00 -45.31
 791.00 -53.29 -45.64
 792.00 -71.22 -26.26
 793.00 -52.87 -35.52
 794.00 -97.85 -31.08
 795.00 -63.82 -22.77
 796.00 -85.48 -37.62
 797.00  51.41 -13.74
 798.00 -63.48  64.90
 799.00 -105.31 136.78
 800.00 -66.54 151.78
 801.00 -62.05 -25.51
 802.00 -53.63 -45.12
 803.00 -53.09 -37.31
 804.00 -69.99 -42.36
 805.00 -69.11 -44.25
 806.00 -72.22 -22.70
 807.00 -64.23 -51.55
 808.00 -52.55 -39.51
 809.00 -70.94 -56.88
 810.00 -80.80 -14.39
 811.00 -74.35 -15.19
 812.00 -112.87 -22.57
 813.00 -141.26  50.79
 814.00 -158.86   5.26
 815.00 -151.30 128.92
 816.00 -55.32 171.04
 817.00 -62.85 151.18
 818.00 -79.41 -36.82
 819.00  93.92 -11.48
 820.00 -74.09 177.87
 821.00 -62.43 160.03
 822.00 -122.76 -30.71
 823.00 -70.43  78.20
 824.00 -63.07 -35.80
 825.00 -74.87 -42.22
 826.00 -70.63 -22.34
 827.00 -60.88 -45.58
 828.00 -60.20 -49.03
 829.00 -62.72 -39.98
 830.00 -67.26 -43.16
 831.00 -61.79 -47.45
 832.00 -69.87 -28.74
 833.00 -60.37 -43.73
 834.00 -64.70 -27.81
 835.00 -70.38 -49.12
 836.00 -84.16 -30.30
 837.00 -68.26 -21.60
 838.00 -43.93 -60.53
 839.00 -58.71 -36.81
 840.00 -116.80 -36.99
 841.00 -54.43   1.02
 842.00 -86.06 152.01
 843.00 -160.88 102.75
 844.00 -66.69 160.01
 845.00 -48.19  80.80
 846.00 -74.37 -40.06
 847.00 -129.96  -2.26
 848.00 -53.79  80.15
 849.00 -44.02 -27.51
 850.00 -66.28 -38.58
 851.00 -79.15 -37.24
 852.00 -65.83 -35.81
 853.00 -60.33 -47.06
 854.00 -49.40 -52.12
 855.00 -73.89 -46.32
 856.00 -61.76 -32.31
 857.00 -62.37 -48.22
 858.00 -65.17 -28.46
 859.00 -67.23 -45.94
 860.00 -78.99 -24.39
 861.00 -69.00 -37.63
 862.00 -61.87 -38.64
 863.00 -68.66 -49.38
 864.00 -62.15 -24.89
 865.00 -50.37 -29.73
 866.00 -83.31 -37.09
 867.00 -51.49 -23.42
 868.00 -61.44 -51.87
 869.00 -64.58 -46.57
 870.00 -63.22 -42.18
 871.00 -67.03 -32.78
 872.00 -72.51 -44.05
 873.00 -67.07 -36.61
 874.00 -66.20 -38.91
 875.00 -73.50 -37.63
 876.00 -75.42 -38.23
 877.00 -58.73 -44.29
 878.00 -52.12 -43.77
 879.00 -63.76 -49.83
 880.00 -56.18 -40.86
 881.00 -71.98 -48.16
 882.00 -76.06 -43.06
 883.00 -61.44  13.86
 884.00 -70.44 -53.91
 885.00 -74.59 -25.42
 886.00 -103.93 -23.58
 887.00  59.08   7.19
 888.00 -82.30  25.82
 889.00 -82.27 134.79
 890.00 -138.09 146.19
 891.00 -69.73 137.34
 892.00 -65.26 149.77
 893.00 -69.29 -19.51
 894.00 -58.23 -57.36
 895.00 -62.47 -36.12
 896.00 -58.65 -41.07
 897.00 -61.28 -62.34
 898.00 -80.52 -25.41
 899.00 -69.75 -46.61
 900.00 -136.78  -3.44
 901.00 -99.11 -50.67
 902.00 -69.70 -35.77
 903.00 -69.61 -31.51
 904.00 -73.73 -19.26
 905.00 -71.21 -37.69
 906.00 -71.81 -42.24
 907.00 -76.88 -32.73
 908.00  77.60 -13.11
 909.00 -51.04  11.99
 910.00 -108.89 -41.53
 911.00 -129.66 132.26
 912.00 -67.06 142.55
 913.00 -83.01 158.92
 914.00 -108.38 129.44
 915.00 -66.48 134.16
 916.00 -133.50 -33.03
 917.00 -156.15 164.42


