 residuo Phi Psi
 669.00 -107.67 127.16
 670.00 -49.46 164.82
 671.00 -24.17 134.78
 672.00 -76.42 -63.10
 673.00 -76.80 -21.05
 674.00 -68.26 -22.23
 675.00 -53.55 -43.98
 676.00 -63.63 -52.19
 677.00 -82.49 -42.74
 678.00 -55.42 -25.04
 679.00 -116.59 -17.80
 680.00 -69.04  -0.88
 681.00 -69.08 115.32
 682.00 -81.92 147.83
 683.00 -78.63 165.41
 684.00 -94.12 136.64
 685.00 -61.50 143.58
 686.00 -70.05 150.66
 687.00  94.69 -34.59
 688.00 -88.30  17.54
 689.00 -79.91 132.87
 690.00 -79.07 100.80
 691.00 -77.85   7.56
 692.00 -76.88 -40.02
 693.00 -83.39 144.43
 694.00 -70.36 162.69
 695.00 -150.29 132.31
 696.00 -65.89 159.28
 697.00 -67.22 -47.96
 698.00 -58.73 -43.61
 699.00 -63.83 -41.31
 700.00 -66.96 -51.07
 701.00 -66.08 -38.53
 702.00 -71.85 -41.20
 703.00 -71.05 -25.15
 704.00 -61.22 -38.95
 705.00 -69.67 -39.48
 706.00 -81.60 -32.08
 707.00 -55.70 -34.72
 708.00 -70.50 -48.91
 709.00 -68.56 -32.61
 710.00 -76.29 -26.57
 711.00 -47.03 -49.17
 712.00 -63.28 -38.62
 713.00 -73.27 -38.36
 714.00 -63.02 -31.26
 715.00 -63.19 -53.39
 716.00 -54.77 -43.13
 717.00 -80.55 -36.10
 718.00 -72.24 -35.22
 719.00 -69.00 -18.01
 720.00 -135.27 -12.41
 721.00 -54.42 -10.56
 722.00 -60.56 136.92
 723.00  72.78 144.61
 724.00 -67.04 -10.19
 725.00 -78.32 -32.05
 726.00 -56.96  17.09
 727.00 -72.29 -45.33
 728.00 -63.67 148.32
 729.00 -51.57 143.74
 730.00 -68.49 -37.24
 731.00 -74.96 -38.04
 732.00 -48.41 -35.68
 733.00 -70.30 -50.88
 734.00 -71.11 -26.29
 735.00 -63.19 -45.17
 736.00 -63.19 -41.25
 737.00 -81.42 -31.47
 738.00 -68.39 -32.37
 739.00 -73.13 -43.37
 740.00 -47.19 -16.35
 741.00 -66.97 -55.09
 742.00 -62.00 -44.44
 743.00 -72.30 -46.33
 744.00 -68.20 -39.24
 745.00 -56.04 -49.63
 746.00 -50.43 -46.55
 747.00 -52.29 -55.35
 748.00 -53.40 -43.03
 749.00 -55.96 -49.26
 750.00 -83.54 -37.22
 751.00 -55.86 -40.11
 752.00 -58.22 -45.01
 753.00 -63.30 -45.59
 754.00 -89.20 -40.87
 755.00 -86.80 -26.40
 756.00 -126.61 -48.76
 757.00  67.43  15.45
 758.00  54.77  29.79
 759.00 -54.00  -3.30
 760.00 -122.10 -38.44
 761.00 -101.03 161.93
 762.00 -102.48 118.05
 763.00 -73.97  75.55
 764.00 -146.80 -51.76
 765.00 -69.28 174.67
 766.00 -101.34 -15.51
 767.00 -141.32  -4.00
 768.00 -72.83  54.90
 769.00 -109.45 145.80
 770.00 -70.38 104.86
 771.00 -49.65 169.56
 772.00 -68.95 -35.45
 773.00 -62.41 -45.15
 774.00 -68.77 -22.48
 775.00 -62.63 -49.05
 776.00 -69.67 -43.14
 777.00 -70.59 -31.99
 778.00  50.76  -5.18
 779.00 -133.12  39.52
 780.00 -74.09  47.34
 781.00 -82.95 -40.52
 782.00 -65.72 -33.10
 783.00 -64.08 -30.97
 784.00 -49.17 -56.48
 785.00 -74.36 -39.14
 786.00 -62.93 -40.81
 787.00 -63.66 -37.67
 788.00 -66.63 -41.14
 789.00 -65.36 -35.36
 790.00 -65.36 -37.84
 791.00 -69.69 -31.93
 792.00 -63.68 -30.00
 793.00 -69.13 -24.30
 794.00 -81.79 -38.46
 795.00 -60.53 -22.11
 796.00 -85.79 -36.04
 797.00  62.02 -30.61
 798.00 -74.11  44.47
 799.00 -100.32 142.87
 800.00 -60.83 158.42
 801.00 -55.30 -29.03
 802.00 -69.52 -51.58
 803.00 -44.80 -44.66
 804.00 -51.23 -54.15
 805.00 -71.76 -46.35
 806.00 -73.65 -32.92
 807.00 -62.39 -41.10
 808.00 -68.26 -34.74
 809.00 -76.84 -33.07
 810.00 -64.03 -24.86
 811.00 -72.24 -18.83
 812.00 -110.60 -23.32
 813.00 -128.03  41.28
 814.00 -155.83  -1.15
 815.00 -145.38 135.56
 816.00 -59.85 160.41
 817.00 -64.03 153.99
 818.00 -86.81 -35.21
 819.00  78.65   9.65
 820.00 -67.82 162.79
 821.00 -65.35 165.32
 822.00 -105.42 -32.19
 823.00 -48.44  25.38
 824.00 -56.83 -42.60
 825.00 -72.47 -41.61
 826.00 -72.79 -37.78
 827.00 -63.67 -37.92
 828.00 -60.19 -51.16
 829.00 -90.35 -22.07
 830.00 -55.81 -41.58
 831.00 -58.19 -46.49
 832.00 -67.47 -34.09
 833.00 -63.24 -68.64
 834.00 -70.29 -14.50
 835.00 -74.27 -49.17
 836.00 -59.23 -30.96
 837.00 -58.26 -43.88
 838.00 -55.26 -48.43
 839.00 -87.27 -20.61
 840.00 -134.78 -13.94
 841.00 -61.56   3.37
 842.00 -71.28 130.87
 843.00 -137.02  76.77
 844.00 -85.15 154.43
 845.00 -48.40  98.86
 846.00 -76.62 -47.51
 847.00 -80.76 -12.08
 848.00 -70.40 151.35
 849.00 -140.97 -18.91
 850.00 -56.73   9.93
 851.00 -68.86 -59.45
 852.00 -60.07 -32.01
 853.00 -61.81 -42.07
 854.00 -63.93 -48.20
 855.00 -56.19 -48.24
 856.00 -52.72 -54.05
 857.00 -62.75 -47.18
 858.00 -65.49 -29.00
 859.00 -67.61 -52.20
 860.00 -71.91 -30.58
 861.00 -79.46 -26.37
 862.00 -58.44 -41.26
 863.00 -67.39 -39.10
 864.00 -75.70 -35.58
 865.00 -72.24  -3.18
 866.00 -53.34 -41.79
 867.00 -61.26 -39.25
 868.00 -79.94 -25.23
 869.00 -62.66 -40.85
 870.00 -64.08 -47.31
 871.00 -56.89 -42.63
 872.00 -58.89 -56.63
 873.00 -63.09 -37.21
 874.00 -64.72 -39.86
 875.00 -73.61 -36.76
 876.00 -60.34 -43.74
 877.00 -66.72 -44.79
 878.00 -67.64 -41.34
 879.00 -60.16 -35.85
 880.00 -67.94 -40.97
 881.00 -69.50 -38.20
 882.00 -82.21 -36.32
 883.00 -34.48  -0.44
 884.00 -72.66 -47.23
 885.00 -68.54 -40.53
 886.00 -67.57 -51.12
 887.00  58.00  -5.75
 888.00 -66.58   9.49
 889.00 -106.61 141.91
 890.00 -129.32 145.85
 891.00 -59.54 118.96
 892.00 -70.03 134.61
 893.00 -79.31 -17.78
 894.00 -82.28 -37.77
 895.00 -58.40 -34.02
 896.00 -70.89 -25.36
 897.00 -59.57 -39.74
 898.00 -62.39 -56.73
 899.00 -83.20 -35.10
 900.00 -108.90 -22.79
 901.00 -97.99 -45.27
 902.00 -53.87 -53.04
 903.00 -56.52 -31.28
 904.00 -77.08 -26.96
 905.00 -79.83 -23.62
 906.00 -54.48 -49.21
 907.00 -81.68 -33.80
 908.00  98.71 -29.89
 909.00 -81.42  -2.93
 910.00 -116.53 -11.66
 911.00 -128.22 120.51
 912.00 -63.37 126.46
 913.00 -89.75 145.14
 914.00 -60.75  92.24
 915.00 -83.28 144.23
 916.00 -141.87 -32.28
 917.00 -95.68 -179.18


