 residuo Phi Psi
 669.00 -68.89 -81.27
 670.00 -70.51 140.56
 671.00 -70.87 172.76
 672.00 -61.21 -34.18
 673.00 -75.27 -35.25
 674.00 -79.53 -13.83
 675.00 -71.39 -29.58
 676.00 -56.85 -48.33
 677.00 -63.18 -42.49
 678.00 -62.94 -48.95
 679.00 -114.61 -10.64
 680.00 -68.44   0.10
 681.00 -81.95 123.75
 682.00 -89.16 169.06
 683.00 -75.96 169.50
 684.00 -116.57 143.68
 685.00 -59.66 137.94
 686.00 -87.89 155.23
 687.00  73.59 -16.17
 688.00 -58.71  13.51
 689.00 -110.00 149.74
 690.00 -78.01 110.42
 691.00 -62.49 -10.92
 692.00 -66.71 -41.29
 693.00 -74.52 160.52
 694.00 -70.59 164.96
 695.00 -130.38 116.82
 696.00 -60.39 136.18
 697.00 -66.35 -44.09
 698.00 -72.34 -47.86
 699.00 -70.47 -30.53
 700.00 -84.96 -32.35
 701.00 -70.34 -32.56
 702.00 -58.51 -50.41
 703.00 -72.92 -32.49
 704.00 -62.89 -35.21
 705.00 -74.92 -32.47
 706.00 -66.45 -43.60
 707.00 -59.34 -21.96
 708.00 -60.88 -52.15
 709.00 -78.37 -41.36
 710.00 -71.68 -27.55
 711.00 -57.46 -46.08
 712.00 -60.16 -37.65
 713.00 -65.57 -48.59
 714.00 -66.87 -29.74
 715.00 -51.77 -51.40
 716.00 -65.36 -48.87
 717.00 -74.13 -28.51
 718.00 -71.10 -37.61
 719.00 -60.93 -32.93
 720.00 -145.41  12.33
 721.00 -77.72   5.45
 722.00 -62.44 125.39
 723.00  81.19 148.09
 724.00 -50.54 -30.22
 725.00 -63.40 -25.28
 726.00 -68.33 -24.75
 727.00 -82.54 -12.63
 728.00 -69.84 155.22
 729.00 -57.31 149.83
 730.00 -72.57 -34.66
 731.00 -58.60 -45.05
 732.00 -61.52 -36.83
 733.00 -57.29 -55.87
 734.00 -70.32 -31.36
 735.00 -69.88 -48.27
 736.00 -56.64 -26.57
 737.00 -68.57 -50.14
 738.00 -63.26 -44.14
 739.00 -95.21 -44.90
 740.00 -58.47 -10.04
 741.00 -56.67 -41.33
 742.00 -66.54 -49.33
 743.00 -70.38 -33.38
 744.00 -72.07 -32.34
 745.00 -56.14 -49.37
 746.00 -77.49 -40.66
 747.00 -61.70 -39.10
 748.00 -58.91 -46.51
 749.00 -64.84 -44.57
 750.00 -63.65 -39.45
 751.00 -56.03 -52.64
 752.00 -56.53 -34.88
 753.00 -52.18 -58.72
 754.00 -99.96 -40.68
 755.00 -110.02  -0.98
 756.00 -144.42 -34.83
 757.00  46.04  20.96
 758.00  58.86  34.49
 759.00 -72.47  15.93
 760.00 -116.17 -50.44
 761.00 -91.91 166.71
 762.00 -93.85 120.62
 763.00 -52.05  53.32
 764.00 -144.28 -53.49
 765.00 -56.13 159.59
 766.00 -90.02 -40.92
 767.00 -121.17 -20.69
 768.00 -79.83  66.11
 769.00 -78.27 119.03
 770.00 -64.56  98.59
 771.00 -73.37 178.06
 772.00 -64.82 -31.56
 773.00 -64.09 -38.72
 774.00 -73.91 -27.97
 775.00 -83.03 -25.93
 776.00 -57.75 -53.61
 777.00 -65.09 -38.20
 778.00  59.85 -21.47
 779.00 -143.93  55.78
 780.00 -53.84  26.18
 781.00 -67.57 -46.44
 782.00 -73.34 -45.00
 783.00 -72.13 -36.40
 784.00 -74.05 -32.29
 785.00 -73.40 -25.32
 786.00 -53.23 -46.12
 787.00 -57.14 -51.21
 788.00 -75.90 -42.28
 789.00 -52.46 -30.19
 790.00 -68.86 -48.22
 791.00 -58.82 -34.91
 792.00 -70.14 -26.02
 793.00 -71.19 -22.64
 794.00 -77.62 -46.97
 795.00 -82.21 -11.60
 796.00 -67.71 -41.18
 797.00  51.47 -37.17
 798.00 -74.19  71.75
 799.00 -99.54 148.43
 800.00 -54.00 155.43
 801.00 -58.45 -39.72
 802.00 -69.23 -41.93
 803.00 -48.67 -57.51
 804.00 -58.50 -43.23
 805.00 -67.35 -53.73
 806.00 -62.51 -43.14
 807.00 -72.66 -39.79
 808.00 -63.37 -39.74
 809.00 -63.90 -36.79
 810.00 -70.96 -32.09
 811.00 -65.86 -20.33
 812.00 -129.40  -9.69
 813.00 -138.95  56.83
 814.00 -133.30 -21.70
 815.00 -143.75 130.23
 816.00 -55.71 158.54
 817.00 -72.31 152.39
 818.00 -109.08  -7.64
 819.00  72.79   5.18
 820.00 -50.48 154.14
 821.00 -60.38 157.63
 822.00 -111.21 -34.04
 823.00 -55.68  37.12
 824.00 -61.20 -41.32
 825.00 -72.03 -33.91
 826.00 -55.44 -44.34
 827.00 -71.25 -50.17
 828.00 -69.12 -29.59
 829.00 -76.33 -40.92
 830.00 -52.50 -42.05
 831.00 -57.15 -46.39
 832.00 -54.44 -44.62
 833.00 -60.19 -48.30
 834.00 -62.60 -32.42
 835.00 -70.24 -53.76
 836.00 -57.96 -39.44
 837.00 -80.05 -25.26
 838.00 -64.29 -47.83
 839.00 -66.58 -30.24
 840.00 -130.80 -13.27
 841.00 -61.22  -6.93
 842.00 -72.38 143.47
 843.00 -168.41 101.52
 844.00 -102.74 170.09
 845.00 -56.30  96.73
 846.00 -69.12 -48.03
 847.00 -76.70 -19.24
 848.00 -65.23 152.16
 849.00 -144.54 -22.77
 850.00 -46.38 -24.65
 851.00 -86.51 -38.07
 852.00 -50.11 -42.54
 853.00 -60.36 -57.51
 854.00 -53.10 -45.13
 855.00 -66.24 -45.51
 856.00 -56.71 -46.41
 857.00 -65.12 -41.90
 858.00 -67.36 -49.88
 859.00 -78.47 -25.20
 860.00 -46.66 -41.34
 861.00 -65.30 -39.70
 862.00 -74.60 -37.94
 863.00 -63.44 -34.17
 864.00 -71.80 -41.10
 865.00 -76.60  -7.34
 866.00 -50.96 -53.30
 867.00 -65.94 -45.67
 868.00 -90.31 -17.80
 869.00 -61.05 -30.93
 870.00 -60.47 -46.21
 871.00 -62.19 -34.88
 872.00 -61.89 -48.08
 873.00 -64.53 -32.89
 874.00 -61.19 -52.96
 875.00 -52.32 -47.56
 876.00 -72.84 -51.49
 877.00 -70.53 -30.63
 878.00 -82.39 -36.51
 879.00 -70.70 -28.71
 880.00 -70.12 -27.20
 881.00 -62.41 -39.83
 882.00 -109.33 -24.61
 883.00 -61.23  13.83
 884.00 -58.79 -53.19
 885.00 -67.09 -36.13
 886.00 -83.00 -45.74
 887.00  61.51   5.25
 888.00 -94.37  35.83
 889.00 -104.48 157.19
 890.00 -122.72 140.47
 891.00 -70.39 134.05
 892.00 -62.71 130.40
 893.00 -67.54 -36.62
 894.00 -81.89 -27.03
 895.00 -56.23 -42.17
 896.00 -60.19 -43.08
 897.00 -58.54 -39.61
 898.00 -77.90 -39.27
 899.00 -73.51 -28.72
 900.00 -111.26 -35.81
 901.00 -95.38 -48.17
 902.00 -53.12 -46.19
 903.00 -62.54 -49.78
 904.00 -57.03 -29.11
 905.00 -63.56 -49.32
 906.00 -63.16 -46.31
 907.00 -96.14 -32.03
 908.00  78.45   0.60
 909.00 -69.62  14.04
 910.00 -134.76 -16.81
 911.00 -146.69 147.45
 912.00 -64.38 139.73
 913.00 -92.39 152.59
 914.00 -89.64 126.42
 915.00 -79.06 146.64
 916.00 -137.82 -17.88
 917.00 -140.16 151.25


