 residuo Phi Psi
 669.00 -92.62 117.72
 670.00 -66.17 143.87
 671.00 -136.90 118.57
 672.00 -55.94 -15.30
 673.00 -57.46 -50.45
 674.00 -75.58 -33.38
 675.00 -75.59 -21.06
 676.00 -42.20 -63.12
 677.00 -52.92 -45.94
 678.00 -70.05 -53.76
 679.00 -78.25 -48.80
 680.00 -62.71  -6.44
 681.00 -41.16 134.30
 682.00 -75.76 139.93
 683.00 -70.80 -172.88
 684.00 -122.40 135.44
 685.00 -90.59 119.29
 686.00 -76.82 147.81
 687.00  51.04   0.67
 688.00 -85.92  23.39
 689.00 -121.17 164.60
 690.00 -51.28 103.35
 691.00 -69.93 -25.19
 692.00 -72.56 -16.79
 693.00 -68.80 148.45
 694.00 -77.45 147.49
 695.00 -157.93 147.97
 696.00 -61.23 173.89
 697.00 -70.97 -57.35
 698.00 -70.94 -32.29
 699.00 -53.91 -47.81
 700.00 -65.57 -51.54
 701.00 -51.70 -43.40
 702.00 -67.04 -42.40
 703.00 -68.20 -30.31
 704.00 -67.69 -38.53
 705.00 -69.04 -33.47
 706.00 -51.88 -57.87
 707.00 -69.00 -32.05
 708.00 -77.42 -30.93
 709.00 -69.06 -34.44
 710.00 -63.38 -43.71
 711.00 -57.58 -42.79
 712.00 -67.41 -38.05
 713.00 -78.88 -37.99
 714.00 -65.66 -30.08
 715.00 -68.25 -48.47
 716.00 -56.91 -45.46
 717.00 -68.07 -32.70
 718.00 -55.64 -60.23
 719.00 -62.62 -27.07
 720.00 -97.32 -21.57
 721.00 -68.89 -32.40
 722.00 -75.47 123.79
 723.00  74.99 159.71
 724.00 -60.28 -25.91
 725.00 -82.81 -24.76
 726.00 -71.50   3.16
 727.00 -87.24 -15.62
 728.00 -50.88 140.13
 729.00 -58.22 143.14
 730.00 -63.29 -29.36
 731.00 -71.36 -45.38
 732.00 -55.49 -32.80
 733.00 -68.76 -48.38
 734.00 -61.42 -30.78
 735.00 -68.89 -56.28
 736.00 -63.47 -20.95
 737.00 -83.34 -41.83
 738.00 -69.80 -36.77
 739.00 -70.07 -45.20
 740.00 -52.54 -20.97
 741.00 -65.70 -43.78
 742.00 -79.77 -45.68
 743.00 -85.31 -14.07
 744.00 -63.11 -46.33
 745.00 -60.08 -44.90
 746.00 -59.39 -47.07
 747.00 -64.14 -49.41
 748.00 -58.16 -35.72
 749.00 -61.93 -48.04
 750.00 -58.83 -39.04
 751.00 -60.63 -49.64
 752.00 -69.97 -38.80
 753.00 -59.11 -40.41
 754.00 -91.56 -41.04
 755.00 -138.91   4.06
 756.00 -119.92 -44.36
 757.00  42.18  25.10
 758.00  66.81  41.92
 759.00 -80.38  12.92
 760.00 -132.13 -36.33
 761.00 -74.35 142.13
 762.00 -88.15  99.22
 763.00 -61.03  71.75
 764.00 -152.56 -43.18
 765.00 -46.71 169.23
 766.00 -104.44 -33.54
 767.00 -147.93  -2.43
 768.00 -74.77  63.60
 769.00 -99.99 138.68
 770.00 -100.93 117.06
 771.00 -57.03 -179.82
 772.00 -64.41 -37.82
 773.00 -66.38 -45.12
 774.00 -57.86 -41.60
 775.00 -63.06 -38.73
 776.00 -53.59 -64.87
 777.00 -83.22 -34.00
 778.00  67.21   7.43
 779.00 -130.49  13.89
 780.00 -45.57  34.17
 781.00 -62.29 -50.85
 782.00 -58.62 -42.52
 783.00 -71.48 -38.54
 784.00 -57.69 -32.97
 785.00 -66.11 -43.56
 786.00 -63.70 -45.14
 787.00 -65.91 -37.34
 788.00 -69.46 -41.65
 789.00 -63.18 -39.02
 790.00 -60.88 -39.12
 791.00 -62.33 -38.39
 792.00 -65.22 -25.98
 793.00 -55.18 -41.80
 794.00 -78.93 -42.13
 795.00 -84.15 -15.63
 796.00 -88.59 -34.99
 797.00  52.77  -2.97
 798.00 -78.45  59.97
 799.00 -87.00 135.75
 800.00 -56.71 153.91
 801.00 -65.80 -35.00
 802.00 -50.60 -49.14
 803.00 -59.35 -45.07
 804.00 -71.41 -45.08
 805.00 -78.35 -39.46
 806.00 -72.66 -27.30
 807.00 -58.67 -42.43
 808.00 -56.05 -41.29
 809.00 -65.83 -41.25
 810.00 -64.72 -29.81
 811.00 -67.37 -23.30
 812.00 -131.36 -14.88
 813.00 -147.40  44.49
 814.00 -152.96  11.13
 815.00 -152.11 123.92
 816.00 -64.58 161.24
 817.00 -62.77 156.85
 818.00 -64.45 -45.91
 819.00  75.62 -14.42
 820.00 -49.84 154.31
 821.00 -51.96 150.95
 822.00 -115.40 -28.51
 823.00 -57.51  43.34
 824.00 -50.74 -51.68
 825.00 -73.48 -44.72
 826.00 -66.72 -40.59
 827.00 -62.18 -39.91
 828.00 -64.74 -37.42
 829.00 -82.13 -28.01
 830.00 -43.30 -51.59
 831.00 -53.24 -50.48
 832.00 -45.66 -51.74
 833.00 -69.50 -46.31
 834.00 -76.51 -34.12
 835.00 -51.78 -35.31
 836.00 -72.98 -54.21
 837.00 -52.22 -35.26
 838.00 -59.77 -51.81
 839.00 -60.13 -33.28
 840.00 -136.21 -16.64
 841.00 -64.98   8.13
 842.00 -83.11 147.66
 843.00 -144.28 104.25
 844.00 -50.90 145.33
 845.00 -61.68 129.50
 846.00 -94.31 -21.43
 847.00 -116.97 -25.31
 848.00 -57.32  83.18
 849.00 -58.43 -38.67
 850.00 -63.64 -33.28
 851.00 -78.21 -13.57
 852.00 -68.41 -47.14
 853.00 -61.78 -38.91
 854.00 -54.61 -39.52
 855.00 -62.56 -49.35
 856.00 -70.26 -34.77
 857.00 -78.48 -25.57
 858.00 -75.74 -27.61
 859.00 -77.90 -35.43
 860.00 -57.12 -32.48
 861.00 -66.37 -38.48
 862.00 -53.62 -47.36
 863.00 -72.11 -41.05
 864.00 -75.12 -20.68
 865.00 -46.36 -33.46
 866.00 -75.87 -49.07
 867.00 -67.02 -38.47
 868.00 -75.45 -21.69
 869.00 -63.58 -41.86
 870.00 -61.28 -36.80
 871.00 -69.21 -44.43
 872.00 -78.13 -33.41
 873.00 -60.31 -33.61
 874.00 -64.92 -49.02
 875.00 -74.55 -22.74
 876.00 -80.95 -46.69
 877.00 -64.78 -32.99
 878.00 -54.61 -57.40
 879.00 -70.04 -27.35
 880.00 -53.04 -61.79
 881.00 -61.86 -40.78
 882.00 -142.75  -7.07
 883.00 -49.75  37.27
 884.00 -58.14 -43.43
 885.00 -63.18 -46.93
 886.00 -92.53 -35.65
 887.00  41.92  -6.76
 888.00 -85.22  34.83
 889.00 -104.70 135.80
 890.00 -149.26 146.55
 891.00 -65.64 117.93
 892.00 -63.26 147.16
 893.00 -74.84 -35.72
 894.00 -76.39 -24.91
 895.00 -62.37 -43.02
 896.00 -56.65 -37.58
 897.00 -71.33 -49.97
 898.00 -70.20 -36.72
 899.00 -108.96 -24.24
 900.00 -98.91 -31.54
 901.00 -82.03 -51.32
 902.00 -63.58 -39.13
 903.00 -44.30 -44.85
 904.00 -70.91 -32.02
 905.00 -59.52 -41.97
 906.00 -66.68 -53.72
 907.00 -87.76 -29.11
 908.00  70.67  -7.46
 909.00 -61.56  17.28
 910.00 -139.45 -17.49
 911.00 -124.85 121.84
 912.00 -63.50 128.64
 913.00 -84.18 150.49
 914.00 -107.80 123.36
 915.00 -64.77 126.07
 916.00 -84.14 -43.15
 917.00 -109.36 139.01


