 residuo Phi Psi
 669.00 -63.05 111.74
 670.00 -61.06 152.20
 671.00 -113.81 154.53
 672.00 -48.35 -10.98
 673.00 -73.83 -50.59
 674.00 -61.40 -38.32
 675.00 -63.93 -37.25
 676.00 -62.18 -46.94
 677.00 -66.90 -36.60
 678.00 -63.22 -41.57
 679.00 -86.49 -40.14
 680.00 -52.36 -20.81
 681.00 -65.46 104.49
 682.00 -50.32 160.72
 683.00 -63.52 150.22
 684.00 -80.07 130.50
 685.00 -85.95 132.61
 686.00 -67.36 131.57
 687.00  80.81 -15.05
 688.00 -95.25  32.47
 689.00 -147.49 172.52
 690.00 -60.88 102.35
 691.00 -81.86  -1.82
 692.00 -91.15 -16.61
 693.00 -55.98 139.52
 694.00 -58.55 126.01
 695.00 -132.39 142.37
 696.00 -31.22 161.20
 697.00 -67.27 -69.05
 698.00 -60.59 -32.19
 699.00 -70.41 -44.59
 700.00 -68.46 -51.96
 701.00 -62.69 -38.42
 702.00 -61.18 -47.27
 703.00 -58.24 -40.24
 704.00 -55.47 -38.01
 705.00 -69.92 -49.24
 706.00 -62.18 -34.91
 707.00 -69.84 -38.37
 708.00 -74.54 -32.21
 709.00 -77.77 -27.50
 710.00 -61.72 -44.63
 711.00 -49.95 -43.34
 712.00 -82.71 -38.54
 713.00 -61.53 -33.58
 714.00 -65.07 -35.04
 715.00 -73.84 -33.52
 716.00 -66.49 -39.04
 717.00 -61.34 -40.76
 718.00 -64.04 -55.16
 719.00 -67.22 -22.89
 720.00 -103.25 -25.56
 721.00 -65.36 -10.21
 722.00 -78.13 148.88
 723.00  66.08 147.90
 724.00 -57.26 -26.33
 725.00 -64.54 -25.93
 726.00 -88.30  -3.89
 727.00 -61.84 -19.71
 728.00 -64.93 152.93
 729.00 -62.86 159.98
 730.00 -78.74 -30.65
 731.00 -67.19 -27.92
 732.00 -66.25 -46.15
 733.00 -75.43 -40.66
 734.00 -47.38 -31.65
 735.00 -65.41 -64.86
 736.00 -62.66 -28.55
 737.00 -73.37 -48.79
 738.00 -88.39 -27.21
 739.00 -115.06 -14.36
 740.00 -52.35 -15.37
 741.00 -64.43 -38.06
 742.00 -66.95 -56.63
 743.00 -57.78 -32.69
 744.00 -74.65 -48.37
 745.00 -51.84 -33.13
 746.00 -59.99 -54.53
 747.00 -71.15 -38.21
 748.00 -67.43 -33.56
 749.00 -67.59 -36.54
 750.00 -56.66 -33.99
 751.00 -64.70 -48.13
 752.00 -62.32 -46.48
 753.00 -68.11 -41.35
 754.00 -75.76 -53.94
 755.00 -89.50 -44.36
 756.00 -149.98 -26.64
 757.00  47.41  31.14
 758.00  51.55  37.50
 759.00 -76.37  16.48
 760.00 -81.80 -63.46
 761.00 -98.73 161.14
 762.00 -81.25  99.13
 763.00 -58.32  64.26
 764.00 -158.72 -38.40
 765.00 -61.92 159.45
 766.00 -74.03 -46.47
 767.00 -104.95 -33.43
 768.00 -88.89  83.84
 769.00 -108.22 146.24
 770.00 -159.08 153.08
 771.00 -53.89 174.65
 772.00 -85.37 -30.89
 773.00 -55.24 -47.95
 774.00 -67.99 -33.97
 775.00 -68.75 -50.19
 776.00 -61.39 -37.81
 777.00 -78.52 -40.39
 778.00  42.37  -2.02
 779.00 -124.39  62.64
 780.00 -73.20  32.70
 781.00 -65.85 -53.75
 782.00 -66.15 -36.90
 783.00 -57.28 -47.59
 784.00 -53.81 -37.52
 785.00 -76.14 -46.22
 786.00 -54.30 -33.02
 787.00 -66.25 -47.99
 788.00 -50.12 -46.03
 789.00 -64.19 -46.92
 790.00 -67.15 -39.16
 791.00 -74.20 -33.24
 792.00 -72.17 -12.29
 793.00 -68.44 -27.07
 794.00 -71.18 -50.38
 795.00 -56.36 -26.19
 796.00 -79.32 -46.83
 797.00  50.82 -16.14
 798.00 -72.83  47.31
 799.00 -94.33 137.87
 800.00 -55.38 158.71
 801.00 -51.91 -36.91
 802.00 -74.46 -51.41
 803.00 -68.38 -37.11
 804.00 -74.24 -33.92
 805.00 -79.75 -29.52
 806.00 -65.14 -36.12
 807.00 -60.30 -45.25
 808.00 -53.86 -46.33
 809.00 -67.42 -50.51
 810.00 -64.78 -24.00
 811.00 -60.25 -40.96
 812.00 -83.18 -35.11
 813.00 -114.64  21.41
 814.00 -149.38   4.79
 815.00 -142.41 123.85
 816.00 -57.25 145.57
 817.00 -70.20 140.55
 818.00 -65.04 -19.12
 819.00  94.23 -17.92
 820.00 -75.68 149.97
 821.00 -57.59 149.57
 822.00 -94.81 -39.78
 823.00 -55.34  31.18
 824.00 -68.57 -31.74
 825.00 -74.01 -36.70
 826.00 -54.31 -39.02
 827.00 -69.05 -36.19
 828.00 -79.70 -34.44
 829.00 -68.30 -35.50
 830.00 -66.43 -44.65
 831.00 -55.91 -48.91
 832.00 -59.51 -32.60
 833.00 -63.09 -62.57
 834.00 -70.87 -13.47
 835.00 -70.69 -60.72
 836.00 -66.17 -35.25
 837.00 -63.49 -32.16
 838.00 -50.01 -50.27
 839.00 -72.64 -33.39
 840.00 -104.83 -36.24
 841.00 -67.63  -1.95
 842.00 -71.78 132.12
 843.00 -57.41  19.81
 844.00 -79.27 171.85
 845.00 -58.29 102.29
 846.00 -78.33 -37.59
 847.00 -118.80   0.28
 848.00 -56.02  75.28
 849.00 -50.47 -27.54
 850.00 -59.55 -45.58
 851.00 -82.50 -33.89
 852.00 -66.82 -36.19
 853.00 -60.89 -36.27
 854.00 -76.45 -41.98
 855.00 -67.60 -35.62
 856.00 -48.79 -52.12
 857.00 -82.20 -37.84
 858.00 -71.93 -31.17
 859.00 -69.84 -42.02
 860.00 -75.58 -23.92
 861.00 -59.19 -39.01
 862.00 -59.07 -49.57
 863.00 -65.72 -45.25
 864.00 -65.97 -33.71
 865.00 -51.33 -19.80
 866.00 -67.39 -43.56
 867.00 -57.75 -29.60
 868.00 -72.67 -42.11
 869.00 -58.55 -47.64
 870.00 -54.21 -44.20
 871.00 -58.46 -55.80
 872.00 -76.20 -37.11
 873.00 -58.52 -26.13
 874.00 -71.09 -46.63
 875.00 -62.79 -36.18
 876.00 -71.73 -60.56
 877.00 -58.78 -28.66
 878.00 -67.83 -46.84
 879.00 -67.28 -36.46
 880.00 -54.58 -35.51
 881.00 -71.82 -43.94
 882.00 -71.38 -47.32
 883.00 -60.38   0.44
 884.00 -50.39 -57.06
 885.00 -64.53 -43.24
 886.00 -114.41 -12.48
 887.00  57.37  20.72
 888.00 -73.84  20.37
 889.00 -109.22 133.51
 890.00 -119.90 137.57
 891.00 -59.23 134.84
 892.00 -66.53 137.97
 893.00 -57.76 -31.70
 894.00 -66.27 -57.57
 895.00 -55.55 -47.50
 896.00 -69.43 -28.63
 897.00 -54.11 -52.00
 898.00 -65.94 -47.90
 899.00 -75.79 -49.86
 900.00 -104.08 -25.65
 901.00 -89.27 -47.36
 902.00 -60.34 -40.77
 903.00 -80.14 -38.74
 904.00 -71.37  -2.11
 905.00 -74.75 -32.05
 906.00 -64.63 -58.38
 907.00 -91.59 -18.18
 908.00  84.97  -2.52
 909.00 -64.05  -8.51
 910.00 -125.32 -19.31
 911.00 -142.29 140.21
 912.00 -58.77 150.34
 913.00 -79.32 144.01
 914.00 -58.67  78.30
 915.00 -90.56 132.13
 916.00 -90.51 -27.25
 917.00 -145.82 -176.79


