 residuo Phi Psi
 669.00 -82.81 125.93
 670.00 -71.61 155.65
 671.00 -53.99 153.20
 672.00 -65.12 -26.71
 673.00 -68.91 -29.39
 674.00 -70.85 -22.91
 675.00 -64.70 -33.20
 676.00 -56.27 -51.15
 677.00 -75.01 -35.68
 678.00 -64.88 -27.22
 679.00 -72.95 -50.41
 680.00 -65.98 -17.86
 681.00 -89.33 126.07
 682.00 -64.91 158.66
 683.00 -78.45 163.18
 684.00 -84.81 131.85
 685.00 -81.56 141.68
 686.00 -75.79 146.92
 687.00 102.29 -21.65
 688.00 -62.46  -3.11
 689.00 -144.95 145.87
 690.00 -60.58 119.07
 691.00 -69.02 -12.20
 692.00 -93.85 -21.99
 693.00 -55.68 158.74
 694.00 -79.52 134.08
 695.00 -161.72 165.27
 696.00 -59.73 169.52
 697.00 -76.64 -44.41
 698.00 -73.78 -34.47
 699.00 -67.42 -46.17
 700.00 -59.50 -50.77
 701.00 -53.20 -39.55
 702.00 -53.80 -55.08
 703.00 -68.07 -40.73
 704.00 -64.39 -48.80
 705.00 -50.97 -38.66
 706.00 -55.53 -47.21
 707.00 -55.11 -33.29
 708.00 -61.40 -48.43
 709.00 -54.17 -49.17
 710.00 -82.01 -34.52
 711.00 -75.00 -32.90
 712.00 -56.23 -40.95
 713.00 -61.37 -57.28
 714.00 -80.07 -21.97
 715.00 -51.51 -56.66
 716.00 -61.46 -47.75
 717.00 -65.53 -43.05
 718.00 -60.41 -45.35
 719.00 -60.55 -32.02
 720.00 -66.25 -38.47
 721.00 -64.84 -29.98
 722.00 -66.06 124.11
 723.00  71.69 141.21
 724.00 -64.21  -8.41
 725.00 -65.78 -18.29
 726.00 -73.45 -11.59
 727.00 -58.82 -32.30
 728.00 -72.86 141.26
 729.00 -66.03 143.88
 730.00 -74.02 -17.49
 731.00 -60.10 -40.47
 732.00 -52.84 -41.16
 733.00 -47.02 -58.15
 734.00 -59.69 -44.87
 735.00 -56.33 -65.62
 736.00 -77.33 -26.44
 737.00 -54.95 -56.54
 738.00 -67.61 -42.39
 739.00 -94.51 -31.34
 740.00 -62.75  -5.89
 741.00 -64.04 -50.55
 742.00 -62.78 -37.57
 743.00 -61.04 -53.42
 744.00 -71.02 -37.79
 745.00 -64.42 -45.60
 746.00 -66.37 -38.71
 747.00 -61.58 -42.00
 748.00 -49.55 -50.05
 749.00 -62.33 -45.77
 750.00 -51.92 -54.91
 751.00 -67.53 -39.16
 752.00 -66.37 -42.57
 753.00 -56.31 -41.01
 754.00 -79.69 -49.01
 755.00 -86.93 -35.45
 756.00 -137.68 -48.59
 757.00  65.31  25.85
 758.00  69.21  28.38
 759.00 -77.25   4.54
 760.00 -148.95 -24.75
 761.00 -76.01 140.94
 762.00 -103.74 118.95
 763.00 -65.72  67.92
 764.00 -147.10 -36.03
 765.00 -51.86 159.65
 766.00 -93.67 -30.15
 767.00 -100.72 -39.46
 768.00 -73.68  49.18
 769.00 -88.36 115.59
 770.00 -86.17 111.79
 771.00 -56.08 -176.66
 772.00 -84.29 -31.42
 773.00 -72.52 -41.36
 774.00 -72.29 -36.12
 775.00 -86.84 -19.61
 776.00 -86.09 -40.28
 777.00 -54.99 -35.69
 778.00  50.79 -11.37
 779.00 -128.88  58.98
 780.00 -49.53  20.56
 781.00 -65.83 -52.00
 782.00 -63.58 -46.52
 783.00 -71.60 -34.52
 784.00 -66.00 -28.01
 785.00 -64.28 -39.97
 786.00 -73.07 -37.77
 787.00 -60.98 -33.56
 788.00 -74.15 -38.38
 789.00 -55.82 -33.34
 790.00 -63.08 -51.02
 791.00 -68.55 -32.51
 792.00 -72.71 -28.68
 793.00 -55.15 -27.84
 794.00 -91.97 -37.04
 795.00 -76.68 -18.77
 796.00 -87.13 -36.96
 797.00  52.67 -17.45
 798.00 -72.93  72.60
 799.00 -100.29 143.16
 800.00 -55.96 150.02
 801.00 -56.92 -34.58
 802.00 -61.86 -50.19
 803.00 -68.49 -33.25
 804.00 -74.15 -46.11
 805.00 -64.91 -34.02
 806.00 -70.46 -43.55
 807.00 -66.92 -30.24
 808.00 -60.87 -49.65
 809.00 -75.59 -33.62
 810.00 -61.14 -26.77
 811.00 -82.41 -19.27
 812.00 -125.36  -9.99
 813.00 -147.74  60.63
 814.00 -156.54   8.82
 815.00 -146.73 122.37
 816.00 -79.50 167.41
 817.00 -65.03 150.14
 818.00 -59.92 -33.45
 819.00  66.44 -10.93
 820.00 -111.28 -163.16
 821.00 -66.79 157.26
 822.00 -106.73 -32.27
 823.00 -65.42  49.88
 824.00 -68.03 -30.74
 825.00 -69.40 -42.86
 826.00 -64.65 -33.94
 827.00 -75.27 -47.36
 828.00 -73.47 -21.53
 829.00 -61.32 -41.01
 830.00 -54.50 -45.90
 831.00 -62.08 -39.60
 832.00 -56.55 -53.31
 833.00 -64.24 -44.87
 834.00 -77.55 -19.47
 835.00 -70.22 -47.84
 836.00 -97.83 -23.17
 837.00 -61.83 -28.67
 838.00 -59.97 -53.37
 839.00 -78.46 -20.01
 840.00 -114.51 -25.01
 841.00 -57.92   1.53
 842.00 -69.05 130.05
 843.00 -145.92  96.00
 844.00 -55.07 166.25
 845.00 -73.72 129.31
 846.00 -88.30 -19.69
 847.00 -140.14 -15.67
 848.00 -67.74  98.71
 849.00 -52.94 -18.38
 850.00 -56.24 -41.80
 851.00 -73.86 -42.33
 852.00 -74.29 -33.58
 853.00 -54.18 -36.82
 854.00 -66.58 -36.57
 855.00 -61.00 -55.98
 856.00 -54.47 -41.75
 857.00 -77.71 -47.70
 858.00 -68.37 -21.88
 859.00 -64.05 -46.47
 860.00 -58.73 -28.88
 861.00 -72.49 -43.21
 862.00 -60.25 -30.93
 863.00 -71.64 -45.64
 864.00 -87.79 -14.36
 865.00 -68.79 -23.69
 866.00 -51.29 -37.78
 867.00 -71.18 -45.73
 868.00 -65.78 -37.62
 869.00 -64.84 -51.82
 870.00 -75.92 -31.89
 871.00 -54.65 -38.87
 872.00 -72.76 -37.51
 873.00 -71.90 -30.39
 874.00 -63.05 -37.08
 875.00 -66.15 -43.75
 876.00 -64.07 -46.42
 877.00 -59.16 -33.90
 878.00 -77.43 -49.95
 879.00 -78.22 -17.70
 880.00 -72.34 -37.06
 881.00 -81.63 -24.93
 882.00 -118.77  -6.56
 883.00 -71.62   9.27
 884.00 -61.17 -45.43
 885.00 -75.41 -36.14
 886.00 -83.31 -50.70
 887.00  61.95  23.36
 888.00 -81.47  13.27
 889.00 -93.14 111.99
 890.00 -116.34 131.17
 891.00 -63.80 133.74
 892.00 -58.38 141.63
 893.00 -73.51 -38.03
 894.00 -84.96 -22.60
 895.00 -62.39 -47.56
 896.00 -68.23 -30.49
 897.00 -63.02 -40.07
 898.00 -66.08 -40.91
 899.00 -82.19 -30.32
 900.00 -144.31 -12.69
 901.00 -88.07 -40.21
 902.00 -49.16 -50.54
 903.00 -47.33 -46.11
 904.00 -61.72 -40.98
 905.00 -66.67 -34.07
 906.00 -59.80 -57.38
 907.00 -80.72 -42.88
 908.00  63.04   5.67
 909.00 -83.14  19.66
 910.00 -106.42 -18.90
 911.00 -141.55 143.10
 912.00 -76.60 142.53
 913.00 -75.42 144.84
 914.00 -59.48  85.31
 915.00 -101.74 141.40
 916.00 -96.27 -38.01
 917.00 -53.85 168.45


