 residuo Phi Psi
 669.00 -73.80 151.64
 670.00 -56.01 123.79
 671.00 -137.24 131.60
 672.00 -55.26 -39.98
 673.00 -68.43 -50.16
 674.00 -61.90 -35.84
 675.00 -80.20 -29.84
 676.00 -49.20 -40.51
 677.00 -54.19 -55.16
 678.00 -66.15 -44.14
 679.00 -113.19 -16.87
 680.00 -63.62 -11.68
 681.00 -81.35 125.60
 682.00 -61.55 160.15
 683.00 -60.41 -174.88
 684.00 -127.81 140.47
 685.00 -92.80 117.65
 686.00 -83.61 147.24
 687.00  96.76 -26.29
 688.00 -86.37  22.14
 689.00 -74.30 145.39
 690.00 -67.24  75.84
 691.00 -77.17 -21.15
 692.00 -69.05 -41.72
 693.00 -63.64 160.09
 694.00 -69.98 148.56
 695.00 -153.35 122.04
 696.00 -43.41 138.90
 697.00 -47.70 -69.55
 698.00 -74.28 -43.31
 699.00 -73.08 -40.24
 700.00 -76.85 -40.19
 701.00 -64.90 -30.89
 702.00 -80.14 -36.31
 703.00 -59.87 -32.66
 704.00 -46.83 -44.57
 705.00 -71.19 -43.24
 706.00 -56.79 -47.38
 707.00 -61.31 -41.38
 708.00 -70.36 -37.95
 709.00 -54.55 -41.84
 710.00 -73.95 -47.99
 711.00 -52.58 -38.40
 712.00 -58.95 -41.65
 713.00 -69.34 -50.20
 714.00 -73.12 -28.94
 715.00 -66.06 -37.70
 716.00 -70.52 -39.68
 717.00 -57.71 -37.83
 718.00 -63.75 -56.85
 719.00 -59.08 -35.83
 720.00 -128.49 -18.62
 721.00 -68.69  19.63
 722.00 -61.49 128.81
 723.00 103.39 119.23
 724.00 -46.78 -11.13
 725.00 -71.39 -40.56
 726.00 -68.95  -0.32
 727.00 -96.08 -30.03
 728.00 -69.73 135.54
 729.00 -48.05 145.85
 730.00 -77.16 -31.84
 731.00 -72.00 -27.28
 732.00 -64.79 -44.40
 733.00 -66.63 -38.82
 734.00 -60.13 -37.01
 735.00 -63.84 -60.23
 736.00 -60.43 -33.30
 737.00 -70.89 -51.80
 738.00 -99.30 -17.11
 739.00 -86.24 -26.01
 740.00 -44.61 -21.64
 741.00 -64.98 -53.94
 742.00 -36.56 -58.53
 743.00 -74.18 -54.64
 744.00 -71.51 -36.10
 745.00 -61.15 -40.11
 746.00 -62.33 -43.30
 747.00 -51.14 -49.63
 748.00 -59.87 -45.42
 749.00 -76.32 -32.62
 750.00 -64.11 -35.23
 751.00 -63.31 -41.50
 752.00 -69.06 -42.78
 753.00 -58.19 -45.19
 754.00 -71.95 -48.32
 755.00 -76.54 -49.09
 756.00 -130.99 -35.66
 757.00  61.69   6.29
 758.00  57.54  27.57
 759.00 -74.58   4.60
 760.00 -145.43  -0.79
 761.00 -104.39 164.55
 762.00 -92.38 110.21
 763.00 -56.81  68.71
 764.00 -156.74 -49.07
 765.00 -66.22 165.38
 766.00 -101.37 -13.94
 767.00 -130.17 -14.52
 768.00 -99.38  73.95
 769.00 -83.61 122.79
 770.00 -74.58 106.65
 771.00 -70.58 -178.19
 772.00 -66.58 -26.50
 773.00 -68.02 -42.62
 774.00 -64.41 -31.87
 775.00 -59.24 -44.56
 776.00 -66.09 -53.39
 777.00 -84.49 -38.54
 778.00  63.92   0.52
 779.00 -68.24 -27.70
 780.00 -58.28  46.17
 781.00 -72.74 -49.16
 782.00 -69.17 -32.34
 783.00 -57.48 -51.05
 784.00 -56.91 -44.78
 785.00 -60.38 -44.53
 786.00 -68.63 -40.17
 787.00 -56.13 -35.36
 788.00 -52.74 -54.10
 789.00 -57.83 -42.22
 790.00 -62.25 -44.19
 791.00 -63.37 -31.53
 792.00 -83.17 -25.48
 793.00 -56.45 -33.82
 794.00 -82.26 -34.23
 795.00 -54.66 -43.74
 796.00 -79.83 -34.38
 797.00  46.48 -23.35
 798.00 -64.77  74.01
 799.00 -90.82 135.41
 800.00 -61.29 148.60
 801.00 -79.74 -22.81
 802.00 -67.47 -32.50
 803.00 -64.85 -42.25
 804.00 -63.33 -44.01
 805.00 -81.20 -30.74
 806.00 -40.64 -58.10
 807.00 -66.58 -47.79
 808.00 -63.82 -36.06
 809.00 -63.41 -42.70
 810.00 -62.22 -34.22
 811.00 -58.60 -25.78
 812.00 -96.08 -47.20
 813.00 -124.36  40.21
 814.00 -159.87  12.83
 815.00 -143.36 114.66
 816.00 -52.08 160.43
 817.00 -61.93 158.34
 818.00 -84.44 -30.87
 819.00  73.69   4.92
 820.00 -68.95 164.06
 821.00 -57.30 156.48
 822.00 -122.30 -32.42
 823.00 -52.94  47.88
 824.00 -48.08 -25.85
 825.00 -84.29 -29.21
 826.00 -57.40 -43.91
 827.00 -59.02 -44.42
 828.00 -76.14 -42.72
 829.00 -70.32 -27.12
 830.00 -61.60 -51.72
 831.00 -64.07 -41.93
 832.00 -72.06 -34.83
 833.00 -62.33 -36.29
 834.00 -62.55 -33.49
 835.00 -76.16 -40.28
 836.00 -77.04 -27.41
 837.00 -63.66 -31.57
 838.00 -62.23 -52.62
 839.00 -62.42 -26.99
 840.00 -155.30  -3.20
 841.00 -58.37   8.61
 842.00 -69.12 135.21
 843.00 -156.17  97.90
 844.00 -79.81 153.78
 845.00 -68.49 112.25
 846.00 -68.47 -25.99
 847.00 -119.85 -25.07
 848.00 -77.36  68.79
 849.00 -56.35   4.16
 850.00 -71.48 -43.91
 851.00 -70.51 -16.69
 852.00 -55.25 -49.27
 853.00 -64.92 -39.68
 854.00 -55.36 -45.24
 855.00 -59.99 -47.20
 856.00 -53.31 -46.88
 857.00 -66.17 -42.48
 858.00 -75.99 -32.66
 859.00 -83.40 -30.17
 860.00 -52.36 -37.45
 861.00 -67.33 -40.97
 862.00 -50.14 -60.37
 863.00 -71.01 -36.78
 864.00 -84.99 -23.92
 865.00 -91.32  -4.60
 866.00 -58.68 -35.03
 867.00 -58.52 -42.82
 868.00 -71.24 -33.27
 869.00 -68.66 -43.23
 870.00 -72.49 -23.16
 871.00 -56.00 -36.15
 872.00 -75.37 -48.90
 873.00 -53.81 -32.06
 874.00 -59.93 -53.02
 875.00 -74.92 -35.64
 876.00 -75.16 -40.42
 877.00 -64.71 -24.42
 878.00 -69.27 -47.00
 879.00 -58.78 -48.68
 880.00 -59.49 -40.28
 881.00 -56.29 -45.05
 882.00 -87.42 -52.42
 883.00 -44.31  14.52
 884.00 -75.85 -47.05
 885.00 -92.99  -3.36
 886.00 -101.26 -29.48
 887.00  59.04   2.05
 888.00 -78.96  14.27
 889.00 -99.75 130.80
 890.00 -107.96 132.73
 891.00 -63.50 139.75
 892.00 -59.81 135.07
 893.00 -68.81 -27.48
 894.00 -72.29 -38.90
 895.00 -52.36 -46.67
 896.00 -68.40 -46.38
 897.00 -62.53 -32.87
 898.00 -58.01 -50.07
 899.00 -104.00 -37.76
 900.00 -148.22  12.39
 901.00 -94.82 -44.44
 902.00 -60.83 -47.47
 903.00 -42.62 -32.85
 904.00 -66.30 -43.97
 905.00 -54.27 -38.64
 906.00 -62.45 -61.66
 907.00 -88.78 -30.07
 908.00  60.11  15.40
 909.00 -70.29   8.27
 910.00 -121.86 -11.14
 911.00 -118.40 129.66
 912.00 -63.43 133.03
 913.00 -92.58 151.71
 914.00 -89.83  98.72
 915.00 -90.84 151.79
 916.00 -129.86 -27.87
 917.00 -99.79 161.78


