 residuo Phi Psi
 669.00 -75.00  78.56
 670.00 -61.88 160.38
 671.00 -57.09 125.41
 672.00 -43.43 -27.96
 673.00 -67.86 -46.55
 674.00 -64.06 -35.26
 675.00 -73.33 -42.51
 676.00 -58.26 -32.51
 677.00 -80.04 -40.39
 678.00 -98.77  -8.63
 679.00 -65.16 -34.71
 680.00 -67.01 -19.47
 681.00 -78.67 120.46
 682.00 -53.16 151.04
 683.00 -54.29 151.29
 684.00 -122.38 137.29
 685.00 -78.10 130.03
 686.00 -70.66 139.91
 687.00  93.73 -23.69
 688.00 -75.84  10.99
 689.00 -103.28 152.80
 690.00 -63.33  83.68
 691.00 -83.21  -6.17
 692.00 -139.60  41.56
 693.00 -62.28 165.91
 694.00 -100.74 165.53
 695.00 -142.65 148.19
 696.00 -56.56 162.06
 697.00 -39.47 -54.33
 698.00 -75.79 -46.73
 699.00 -63.89 -47.71
 700.00 -80.00 -47.65
 701.00 -66.32 -25.54
 702.00 -59.53 -41.09
 703.00 -67.78 -47.97
 704.00 -53.45 -31.45
 705.00 -56.26 -55.78
 706.00 -60.89 -43.93
 707.00 -58.96 -33.23
 708.00 -66.13 -44.31
 709.00 -66.78 -44.56
 710.00 -77.79 -28.36
 711.00 -65.32 -39.03
 712.00 -56.01 -40.61
 713.00 -63.10 -58.36
 714.00 -66.59 -29.38
 715.00 -69.36 -53.45
 716.00 -53.57 -32.35
 717.00 -54.79 -64.79
 718.00 -74.99 -45.51
 719.00 -72.78 -18.81
 720.00 -85.32 -26.97
 721.00 -65.35 -18.16
 722.00 -54.55 133.26
 723.00  71.25 146.60
 724.00 -55.95 -21.82
 725.00 -66.67 -38.81
 726.00 -62.58 -16.11
 727.00 -85.21 -19.34
 728.00 -59.90 149.92
 729.00 -66.14 160.36
 730.00 -70.57 -34.16
 731.00 -80.37 -31.27
 732.00 -62.91 -28.38
 733.00 -72.17 -48.03
 734.00 -67.48 -27.74
 735.00 -69.62 -54.85
 736.00 -54.88 -30.31
 737.00 -61.50 -64.97
 738.00 -87.37 -18.33
 739.00 -89.27 -37.50
 740.00 -62.44  -5.14
 741.00 -73.09 -42.20
 742.00 -57.83 -31.47
 743.00 -51.68 -59.20
 744.00 -58.87 -49.73
 745.00 -61.68 -49.55
 746.00 -71.85 -37.85
 747.00 -74.30 -50.05
 748.00 -64.02 -33.38
 749.00 -54.76 -35.91
 750.00 -53.59 -57.34
 751.00 -61.46 -51.82
 752.00 -66.54 -43.78
 753.00 -73.77 -31.71
 754.00 -55.98 -58.11
 755.00 -74.96 -46.79
 756.00 -143.93 -38.60
 757.00  64.89  21.02
 758.00  51.97  28.37
 759.00 -64.19  22.67
 760.00 -124.27 -42.41
 761.00 -99.27 162.64
 762.00 -72.68 106.25
 763.00 -57.34  69.62
 764.00 -146.69 -52.97
 765.00 -62.13 161.45
 766.00 -90.15 -20.11
 767.00 -81.07 -54.53
 768.00 -82.17  68.99
 769.00 -97.39 135.38
 770.00 -94.91 114.49
 771.00 -51.94 170.77
 772.00 -55.81 -39.55
 773.00 -76.25 -43.09
 774.00 -76.84 -15.67
 775.00 -69.25 -41.64
 776.00 -61.83 -46.27
 777.00 -81.18 -48.38
 778.00  55.41  14.09
 779.00 -126.81  28.89
 780.00 -75.33  32.01
 781.00 -65.04 -39.22
 782.00 -74.97 -38.02
 783.00 -63.74 -34.51
 784.00 -58.50 -31.91
 785.00 -60.90 -46.06
 786.00 -67.82 -36.69
 787.00 -62.09 -33.11
 788.00 -54.00 -54.50
 789.00 -57.62 -52.14
 790.00 -57.84 -43.48
 791.00 -63.77 -53.61
 792.00 -70.17  -9.28
 793.00 -65.77 -47.17
 794.00 -73.38 -26.47
 795.00 -70.49 -33.36
 796.00 -109.11 -22.85
 797.00  47.66   6.03
 798.00 -67.47  46.04
 799.00 -83.09 131.60
 800.00 -39.96 142.19
 801.00 -61.78 -43.99
 802.00 -60.21 -45.07
 803.00 -64.60 -45.92
 804.00 -60.08 -55.70
 805.00 -72.14 -32.81
 806.00 -61.88 -42.11
 807.00 -59.13 -37.11
 808.00 -59.33 -43.35
 809.00 -54.55 -54.07
 810.00 -64.81 -29.36
 811.00 -73.00 -24.21
 812.00 -106.71 -19.57
 813.00 -112.19  29.10
 814.00 -149.46 -10.33
 815.00 -156.32 125.54
 816.00 -62.44 165.26
 817.00 -60.97 138.34
 818.00 -77.57 -19.44
 819.00  94.42 -12.68
 820.00 -81.22 152.48
 821.00 -58.98 155.75
 822.00 -98.60 -40.24
 823.00 -64.92  33.22
 824.00 -63.09 -29.81
 825.00 -77.87 -29.47
 826.00 -61.44 -43.34
 827.00 -61.65 -43.32
 828.00 -67.72 -44.06
 829.00 -84.20 -32.15
 830.00 -54.83 -34.86
 831.00 -50.96 -47.59
 832.00 -66.67 -41.70
 833.00 -69.56 -45.01
 834.00 -66.38 -21.60
 835.00 -61.41 -55.36
 836.00 -73.66 -22.19
 837.00 -51.89 -53.27
 838.00 -53.61 -53.96
 839.00 -78.82 -33.24
 840.00 -91.61 -45.95
 841.00 -43.08  -6.70
 842.00 -74.66 131.78
 843.00 -64.52   5.45
 844.00 -58.96 144.84
 845.00 -61.15 110.42
 846.00 -66.82 -28.49
 847.00 -135.31   6.13
 848.00 -47.97  80.73
 849.00 -70.42 -46.07
 850.00 -58.67 -35.39
 851.00 -49.27 -47.00
 852.00 -61.41 -50.69
 853.00 -62.15 -48.78
 854.00 -64.98 -40.85
 855.00 -68.54 -36.53
 856.00 -56.77 -43.89
 857.00 -71.45 -42.09
 858.00 -61.01 -31.17
 859.00 -64.64 -58.26
 860.00 -58.26 -36.08
 861.00 -54.26 -49.30
 862.00 -67.24 -47.19
 863.00 -67.68 -26.70
 864.00 -95.77 -25.92
 865.00 -74.35 -20.86
 866.00 -45.09 -39.00
 867.00 -66.32 -56.34
 868.00 -71.01 -26.99
 869.00 -67.76 -38.24
 870.00 -71.80 -35.14
 871.00 -70.79 -36.27
 872.00 -82.39 -26.77
 873.00 -57.40 -44.58
 874.00 -53.32 -44.06
 875.00 -78.01 -39.24
 876.00 -72.70 -39.23
 877.00 -51.74 -33.85
 878.00 -66.95 -40.65
 879.00 -60.22 -46.45
 880.00 -60.81 -39.78
 881.00 -72.79 -39.10
 882.00 -106.85 -23.21
 883.00 -56.53  11.47
 884.00 -74.55 -39.98
 885.00 -59.28 -42.49
 886.00 -116.34 -19.30
 887.00  59.23  -4.84
 888.00 -82.97  27.62
 889.00 -83.77 120.86
 890.00 -107.46 136.30
 891.00 -53.31 131.61
 892.00 -69.18 141.19
 893.00 -59.99 -44.21
 894.00 -75.00 -39.14
 895.00 -57.96 -37.73
 896.00 -70.99 -42.55
 897.00 -68.95 -18.60
 898.00 -63.63 -49.98
 899.00 -87.02 -26.81
 900.00 -128.65 -24.33
 901.00 -77.80 -51.93
 902.00 -45.45 -52.16
 903.00 -53.79 -37.71
 904.00 -58.66 -37.63
 905.00 -57.34 -40.34
 906.00 -51.45 -64.08
 907.00 -59.42 -53.37
 908.00  71.82  -4.55
 909.00 -74.65  19.43
 910.00 -135.64 -15.00
 911.00 -146.15 127.79
 912.00 -72.09 146.17
 913.00 -73.46 144.87
 914.00 -52.44  64.85
 915.00 -84.38 130.47
 916.00 -111.30 -33.03
 917.00 -156.08 161.66


