 residuo Phi Psi
 669.00 -65.40 104.71
 670.00 -57.21 156.26
 671.00 -142.95 139.32
 672.00 -58.81 -10.61
 673.00 -71.09 -47.10
 674.00 -49.79 -39.80
 675.00 -62.24 -51.40
 676.00 -48.91 -48.14
 677.00 -50.89 -54.63
 678.00 -88.17 -32.70
 679.00 -63.14 -55.40
 680.00 -47.21 -17.96
 681.00 -66.01 131.09
 682.00 -62.62 150.97
 683.00 -45.21 176.86
 684.00 -109.25 134.87
 685.00 -121.48 145.40
 686.00 -80.08 153.03
 687.00  77.12 -19.25
 688.00 -74.97   7.20
 689.00 -119.76 156.89
 690.00 -97.88 134.38
 691.00 -67.49  -7.39
 692.00 -59.08 -40.35
 693.00 -73.74 138.68
 694.00 -71.09 137.51
 695.00 -157.23 139.86
 696.00 -63.19 176.07
 697.00 -75.75 -69.40
 698.00 -75.54 -26.96
 699.00 -52.40 -45.48
 700.00 -70.32 -56.51
 701.00 -65.56 -27.39
 702.00 -73.38 -30.59
 703.00 -66.18 -37.88
 704.00 -67.87 -36.99
 705.00 -67.94 -23.26
 706.00 -60.90 -45.91
 707.00 -40.98 -37.11
 708.00 -59.22 -57.02
 709.00 -65.90 -43.75
 710.00 -69.01 -44.29
 711.00 -63.50 -27.56
 712.00 -51.71 -57.50
 713.00 -61.39 -46.89
 714.00 -70.43 -32.30
 715.00 -58.87 -48.60
 716.00 -71.38 -41.39
 717.00 -66.32 -30.20
 718.00 -48.78 -50.36
 719.00 -64.22 -34.05
 720.00 -126.12 -19.63
 721.00 -57.39  -0.08
 722.00 -62.01 123.29
 723.00  63.94 151.42
 724.00 -51.60 -17.51
 725.00 -75.04 -31.40
 726.00 -71.76  -8.84
 727.00 -73.51 -15.73
 728.00 -71.30 147.71
 729.00 -62.98 157.28
 730.00 -68.78 -37.86
 731.00 -84.07 -28.28
 732.00 -47.21 -30.81
 733.00 -69.30 -56.64
 734.00 -74.50 -16.25
 735.00 -56.66 -68.12
 736.00 -51.14 -35.36
 737.00 -88.76 -46.81
 738.00 -90.51  -5.54
 739.00 -71.61 -50.41
 740.00 -52.23  -9.61
 741.00 -51.16 -64.06
 742.00 -81.03 -53.33
 743.00 -90.94  -7.58
 744.00 -52.69 -49.83
 745.00 -64.87 -38.06
 746.00 -51.84 -53.67
 747.00 -64.80 -49.17
 748.00 -56.73 -42.74
 749.00 -63.74 -41.12
 750.00 -73.93 -44.21
 751.00 -68.47 -31.25
 752.00 -74.38 -32.24
 753.00 -83.28 -23.31
 754.00 -62.01 -50.86
 755.00 -77.11 -37.04
 756.00 -150.96 -38.48
 757.00  47.52  39.24
 758.00  70.44  35.93
 759.00 -79.88  -3.86
 760.00 -126.73 -20.11
 761.00 -72.09 151.97
 762.00 -81.92  98.54
 763.00 -73.73  75.40
 764.00 -144.42 -37.48
 765.00 -60.14 165.92
 766.00 -87.29 -28.89
 767.00 -134.54  -7.75
 768.00 -75.75  46.08
 769.00 -114.51 141.02
 770.00 -88.52 113.15
 771.00 -59.54 168.93
 772.00 -68.65 -39.16
 773.00 -72.77 -26.45
 774.00 -57.71 -38.73
 775.00 -60.12 -45.66
 776.00 -60.58 -57.20
 777.00 -81.98 -29.23
 778.00  51.54   6.26
 779.00 -81.78 -20.47
 780.00 -53.95  30.82
 781.00 -68.78 -47.61
 782.00 -71.66 -29.02
 783.00 -61.03 -45.14
 784.00 -57.81 -40.28
 785.00 -63.99 -35.36
 786.00 -49.63 -56.09
 787.00 -71.50 -37.91
 788.00 -52.24 -51.04
 789.00 -62.62 -32.22
 790.00 -61.38 -49.52
 791.00 -57.27 -40.34
 792.00 -70.02 -25.77
 793.00 -56.37 -38.54
 794.00 -72.29 -42.94
 795.00 -71.58 -45.44
 796.00 -97.52 -24.72
 797.00  39.84   9.92
 798.00 -77.86  64.07
 799.00 -94.33 130.99
 800.00 -53.10 148.04
 801.00 -59.05 -35.38
 802.00 -71.79 -41.76
 803.00 -49.73 -40.49
 804.00 -59.62 -65.25
 805.00 -71.43 -40.03
 806.00 -85.39 -22.87
 807.00 -66.05 -38.21
 808.00 -63.42 -35.52
 809.00 -52.94 -54.24
 810.00 -67.91 -26.53
 811.00 -61.41 -30.14
 812.00 -114.56 -22.32
 813.00 -136.14  45.68
 814.00 -139.94   2.54
 815.00 -120.04 116.75
 816.00 -57.10 149.50
 817.00 -53.20 152.51
 818.00 -97.65 -40.15
 819.00  66.76  24.02
 820.00 -76.44 178.27
 821.00 -68.48 165.17
 822.00 -85.36 -39.73
 823.00 -59.40  27.35
 824.00 -52.86 -40.40
 825.00 -84.83 -37.77
 826.00 -63.28 -30.93
 827.00 -69.50 -38.86
 828.00 -58.24 -32.13
 829.00 -75.15 -51.39
 830.00 -61.67 -31.62
 831.00 -48.93 -52.00
 832.00 -68.51 -50.94
 833.00 -61.93 -45.06
 834.00 -76.39 -29.97
 835.00 -61.87 -36.83
 836.00 -76.32 -38.82
 837.00 -65.74 -31.63
 838.00 -59.78 -45.40
 839.00 -46.18 -35.44
 840.00 -117.39 -31.91
 841.00 -60.14  -6.23
 842.00 -82.40 136.78
 843.00 -141.12 110.63
 844.00 -69.06 157.14
 845.00 -50.69 110.33
 846.00 -83.26 -27.72
 847.00 -128.38 -24.07
 848.00 -57.79  74.29
 849.00 -70.99 -13.63
 850.00 -53.06 -29.47
 851.00 -79.39 -22.05
 852.00 -66.84 -45.45
 853.00 -62.82 -39.43
 854.00 -58.46 -46.58
 855.00 -65.60 -43.03
 856.00 -66.82 -39.15
 857.00 -69.31 -35.29
 858.00 -71.56 -29.94
 859.00 -75.61 -47.83
 860.00 -62.97 -35.08
 861.00 -69.38 -28.98
 862.00 -58.02 -47.63
 863.00 -70.67 -41.88
 864.00 -67.64 -21.11
 865.00 -61.87 -39.35
 866.00 -62.96 -43.89
 867.00 -49.94 -40.47
 868.00 -73.28 -47.98
 869.00 -76.04 -29.57
 870.00 -60.72 -33.83
 871.00 -69.59 -43.31
 872.00 -77.34 -34.13
 873.00 -65.00 -25.93
 874.00 -52.10 -49.84
 875.00 -65.81 -41.03
 876.00 -57.24 -53.90
 877.00 -68.13 -36.65
 878.00 -67.82 -51.59
 879.00 -86.48  -5.62
 880.00 -63.90 -58.45
 881.00 -68.74 -31.24
 882.00 -156.32   0.16
 883.00 -48.90  17.41
 884.00 -60.81 -38.48
 885.00 -89.51 -31.92
 886.00 -83.76 -32.43
 887.00  56.52  -5.24
 888.00 -87.42  26.88
 889.00 -90.43 123.71
 890.00 -126.56 130.41
 891.00 -50.62 110.66
 892.00 -52.29 125.68
 893.00 -72.85 -27.14
 894.00 -85.31 -26.81
 895.00 -50.68 -42.32
 896.00 -65.39 -37.95
 897.00 -65.85 -44.20
 898.00 -72.17 -40.76
 899.00 -85.79 -39.37
 900.00 -116.05 -26.32
 901.00 -100.77 -34.65
 902.00 -52.96 -44.25
 903.00 -50.73 -39.81
 904.00 -63.43 -40.20
 905.00 -67.88 -41.59
 906.00 -59.02 -48.61
 907.00 -84.67 -39.64
 908.00  76.31   1.55
 909.00 -79.90   7.11
 910.00 -115.04 -18.15
 911.00 -125.72 131.76
 912.00 -69.61 138.38
 913.00 -70.22 135.78
 914.00 -78.83  95.32
 915.00 -83.22 136.77
 916.00 -111.17 -38.42
 917.00 -106.95 178.76


