 residuo Phi Psi
 669.00 -60.02 123.28
 670.00 -71.32 140.88
 671.00 -63.99 152.76
 672.00 -58.94 -15.30
 673.00 -58.26 -30.64
 674.00 -67.61 -27.22
 675.00 -53.18 -53.56
 676.00 -64.15 -47.08
 677.00 -87.28 -25.94
 678.00 -62.22 -36.27
 679.00 -85.40 -22.72
 680.00 -62.88 -19.39
 681.00 -78.09 118.47
 682.00 -62.03 149.73
 683.00 -66.08 164.27
 684.00 -114.92 142.70
 685.00 -97.06 144.12
 686.00 -84.52 156.85
 687.00  69.34 -14.19
 688.00 -109.96  47.38
 689.00 -94.95 130.23
 690.00 -88.98 118.14
 691.00 -91.58   5.08
 692.00 -125.88   7.55
 693.00 -63.51 151.89
 694.00 -70.17 149.60
 695.00 -147.09 149.37
 696.00 -61.48 164.58
 697.00 -58.21 -42.85
 698.00 -77.04 -51.40
 699.00 -57.34 -38.30
 700.00 -72.54 -48.21
 701.00 -50.00 -39.95
 702.00 -70.31 -47.47
 703.00 -69.02 -28.09
 704.00 -68.92 -44.83
 705.00 -54.07 -43.00
 706.00 -64.14 -40.58
 707.00 -53.27 -38.67
 708.00 -67.46 -35.93
 709.00 -63.07 -53.96
 710.00 -72.14 -34.40
 711.00 -48.65 -51.13
 712.00 -71.04 -41.86
 713.00 -68.59 -29.05
 714.00 -57.39 -48.22
 715.00 -61.19 -41.10
 716.00 -66.75 -42.91
 717.00 -82.22 -35.62
 718.00 -62.78 -37.66
 719.00 -60.02 -34.06
 720.00 -111.64 -13.04
 721.00 -55.28 -21.42
 722.00 -56.11 113.53
 723.00  74.59 148.09
 724.00 -61.17 -31.95
 725.00 -66.15 -18.51
 726.00 -64.55 -22.12
 727.00 -90.21 -18.89
 728.00 -63.61 150.27
 729.00 -66.65 155.68
 730.00 -52.19 -30.21
 731.00 -77.74 -41.96
 732.00 -46.68 -47.41
 733.00 -59.89 -51.85
 734.00 -64.49 -34.84
 735.00 -65.61 -67.99
 736.00 -78.58 -19.77
 737.00 -66.34 -44.03
 738.00 -75.83 -38.62
 739.00 -102.01 -30.77
 740.00 -61.73 -12.32
 741.00 -67.80 -34.36
 742.00 -56.43 -46.46
 743.00 -64.97 -45.18
 744.00 -64.50 -44.38
 745.00 -65.14 -49.17
 746.00 -62.98 -49.59
 747.00 -59.58 -43.17
 748.00 -68.02 -42.95
 749.00 -62.69 -28.17
 750.00 -59.78 -56.91
 751.00 -61.87 -48.32
 752.00 -72.75 -30.84
 753.00 -62.33 -40.64
 754.00 -83.88 -31.48
 755.00 -80.98 -39.62
 756.00 -149.24 -27.24
 757.00  39.66  23.35
 758.00  60.13  46.68
 759.00 -68.04   9.54
 760.00 -129.21 -34.13
 761.00 -83.73 150.83
 762.00 -117.87 134.35
 763.00 -55.90  46.26
 764.00 -143.10 -46.56
 765.00 -64.92 162.45
 766.00 -74.83 -25.46
 767.00 -86.91 -54.83
 768.00 -85.75  72.79
 769.00 -105.66 133.70
 770.00 -82.77 112.35
 771.00 -64.08 174.08
 772.00 -64.31 -36.49
 773.00 -52.39 -44.79
 774.00 -59.47 -44.72
 775.00 -59.12 -48.37
 776.00 -64.11 -42.45
 777.00 -94.06 -34.87
 778.00  48.61   9.63
 779.00 -143.46  53.22
 780.00 -73.91  20.91
 781.00 -57.27 -46.36
 782.00 -60.64 -39.44
 783.00 -63.81 -59.43
 784.00 -68.82 -26.01
 785.00 -62.81 -38.42
 786.00 -70.31 -41.01
 787.00 -71.19 -28.44
 788.00 -61.90 -45.71
 789.00 -59.85 -44.94
 790.00 -65.44 -41.79
 791.00 -65.63 -36.52
 792.00 -78.37 -24.77
 793.00 -55.39 -28.94
 794.00 -68.22 -53.83
 795.00 -67.94 -29.40
 796.00 -82.30 -53.66
 797.00  58.07  -3.11
 798.00 -73.14  46.46
 799.00 -90.22 146.85
 800.00 -59.51 152.65
 801.00 -76.47 -26.80
 802.00 -63.92 -32.32
 803.00 -50.37 -51.53
 804.00 -62.30 -54.90
 805.00 -78.33 -28.80
 806.00 -58.05 -48.11
 807.00 -62.97 -39.11
 808.00 -51.42 -49.22
 809.00 -67.42 -49.01
 810.00 -66.35 -15.65
 811.00 -66.46 -36.86
 812.00 -104.16 -13.83
 813.00 -132.14  20.67
 814.00 -133.38   9.29
 815.00 -151.56 119.21
 816.00 -59.43 163.25
 817.00 -62.15 138.20
 818.00 -99.95 -32.31
 819.00  73.11  15.80
 820.00 -68.64 170.77
 821.00 -65.38 -179.92
 822.00 -87.86 -65.89
 823.00 -60.68  52.11
 824.00 -55.39 -42.08
 825.00 -80.08 -34.29
 826.00 -65.84 -33.17
 827.00 -64.07 -51.36
 828.00 -59.95 -34.29
 829.00 -66.50 -45.99
 830.00 -50.12 -47.39
 831.00 -56.31 -54.66
 832.00 -61.30 -30.91
 833.00 -66.25 -46.06
 834.00 -78.47 -26.20
 835.00 -67.46 -40.93
 836.00 -72.35 -12.08
 837.00 -50.04 -65.41
 838.00 -58.09 -44.05
 839.00 -100.20 -22.66
 840.00 -75.58 -49.58
 841.00 -61.54  -7.87
 842.00 -76.24 132.14
 843.00 -69.14  25.40
 844.00 -68.00 158.56
 845.00 -67.54  97.42
 846.00 -53.56 -22.75
 847.00 -121.22 -27.56
 848.00 -58.04  89.17
 849.00 -64.95 -21.72
 850.00 -61.85 -32.01
 851.00 -71.25 -35.95
 852.00 -52.03 -52.09
 853.00 -71.24 -37.19
 854.00 -65.06 -46.38
 855.00 -59.54 -42.22
 856.00 -55.03 -43.55
 857.00 -81.24 -45.41
 858.00 -69.26 -20.87
 859.00 -66.42 -45.10
 860.00 -76.15 -28.95
 861.00 -65.70 -37.19
 862.00 -57.23 -49.03
 863.00 -84.34 -24.43
 864.00 -59.86 -27.91
 865.00 -77.09 -30.42
 866.00 -63.79 -24.10
 867.00 -66.88 -42.26
 868.00 -64.98 -29.07
 869.00 -55.69 -48.52
 870.00 -61.20 -41.24
 871.00 -67.08 -39.86
 872.00 -61.80 -41.98
 873.00 -63.54 -49.41
 874.00 -55.37 -38.75
 875.00 -66.71 -42.20
 876.00 -54.76 -45.43
 877.00 -68.76 -37.38
 878.00 -78.81 -40.09
 879.00 -72.67 -15.61
 880.00 -61.99 -45.37
 881.00 -63.68 -42.95
 882.00 -122.33 -15.29
 883.00 -43.53  19.69
 884.00 -92.85 -41.55
 885.00 -49.85 -39.37
 886.00 -112.82 -32.20
 887.00  52.00  11.29
 888.00 -110.38  44.48
 889.00 -86.55 127.69
 890.00 -120.42 143.08
 891.00 -57.60 134.99
 892.00 -74.73 144.11
 893.00 -76.29 -28.18
 894.00 -53.90 -42.95
 895.00 -75.01 -37.43
 896.00 -61.54 -24.04
 897.00 -68.63 -40.98
 898.00 -80.12 -36.69
 899.00 -73.97 -34.64
 900.00 -129.02 -35.06
 901.00 -109.01 -24.49
 902.00 -72.60 -23.84
 903.00 -41.69 -36.60
 904.00 -63.62 -36.93
 905.00 -56.92 -45.80
 906.00 -72.17 -50.18
 907.00 -95.78 -29.62
 908.00  76.47  -0.41
 909.00 -79.34  12.29
 910.00 -124.32 -16.35
 911.00 -135.18 128.06
 912.00 -60.08 151.90
 913.00 -87.90 146.33
 914.00 -99.66 126.25
 915.00 -82.79 150.55
 916.00 -100.96 -37.27
 917.00 -70.90 143.77


