 residuo Phi Psi
 669.00 -70.36 -70.14
 670.00 -61.89 151.68
 671.00 -68.48 174.76
 672.00 -64.23 -49.21
 673.00 -65.83 -38.15
 674.00 -69.91 -28.86
 675.00 -75.73 -31.28
 676.00 -50.21 -53.26
 677.00 -57.03 -42.96
 678.00 -79.00 -35.40
 679.00 -77.94 -40.11
 680.00 -82.81   5.10
 681.00 -84.14 124.50
 682.00 -82.87 171.21
 683.00 -112.51 -155.21
 684.00 -136.31 157.78
 685.00 -83.11 142.80
 686.00 -69.92 152.94
 687.00  81.88 -21.03
 688.00 -97.23  24.75
 689.00 -73.67 112.07
 690.00 -54.89  81.12
 691.00 -76.32   2.06
 692.00 -63.25 -43.25
 693.00 -76.82 167.82
 694.00 -72.78 144.71
 695.00 -135.46 127.23
 696.00 -60.57 156.12
 697.00 -57.92 -60.06
 698.00 -65.88 -45.04
 699.00 -55.10 -48.14
 700.00 -66.56 -46.55
 701.00 -69.23 -33.83
 702.00 -64.43 -46.79
 703.00 -57.75 -40.71
 704.00 -72.39 -37.84
 705.00 -62.90 -39.16
 706.00 -61.92 -47.10
 707.00 -58.34 -38.06
 708.00 -59.96 -34.27
 709.00 -74.28 -42.75
 710.00 -79.04 -33.61
 711.00 -56.53 -36.62
 712.00 -61.36 -43.53
 713.00 -59.72 -49.10
 714.00 -71.09 -31.75
 715.00 -62.80 -49.05
 716.00 -49.56 -35.62
 717.00 -57.53 -58.55
 718.00 -61.43 -50.52
 719.00 -59.95 -37.95
 720.00 -136.85 -11.25
 721.00 -68.60  21.36
 722.00 -48.11 126.84
 723.00  79.92 123.13
 724.00 -55.64 -15.92
 725.00 -60.68 -30.29
 726.00 -59.71 -15.08
 727.00 -84.27 -24.82
 728.00 -73.41 171.48
 729.00 -46.56 147.07
 730.00 -80.93 -38.32
 731.00 -66.95 -29.47
 732.00 -59.98 -42.94
 733.00 -63.90 -51.32
 734.00 -68.67 -32.92
 735.00 -79.40 -45.24
 736.00 -46.36 -32.78
 737.00 -72.94 -57.26
 738.00 -91.97 -14.46
 739.00 -100.20 -33.07
 740.00 -55.71  -3.63
 741.00 -49.75 -53.86
 742.00 -49.68 -50.50
 743.00 -68.17 -52.02
 744.00 -55.56 -44.82
 745.00 -70.20 -49.96
 746.00 -62.30 -36.21
 747.00 -79.80 -34.90
 748.00 -82.66 -26.30
 749.00 -56.30 -33.37
 750.00 -58.57 -48.86
 751.00 -64.80 -51.00
 752.00 -59.67 -35.63
 753.00 -71.81 -40.92
 754.00 -76.06 -44.56
 755.00 -86.25 -41.84
 756.00 -107.85 -50.66
 757.00  50.93  24.96
 758.00  59.86  32.08
 759.00 -57.38  -7.78
 760.00 -94.68 -50.78
 761.00 -118.43 176.19
 762.00 -87.88 111.03
 763.00 -50.80  59.07
 764.00 -160.08 -49.37
 765.00 -63.20 164.82
 766.00 -98.30 -22.61
 767.00 -74.90 -54.86
 768.00 -68.30  56.33
 769.00 -109.88 140.57
 770.00 -117.43 125.80
 771.00 -55.37 174.11
 772.00 -68.84 -29.57
 773.00 -66.30 -49.19
 774.00 -69.98 -21.06
 775.00 -72.21 -43.40
 776.00 -75.97 -44.64
 777.00 -75.56 -34.43
 778.00  52.12 -15.63
 779.00 -130.88  58.17
 780.00 -71.98  31.95
 781.00 -59.64 -54.40
 782.00 -58.76 -40.68
 783.00 -64.31 -45.43
 784.00 -59.65 -37.65
 785.00 -63.07 -43.21
 786.00 -67.98 -50.22
 787.00 -66.72 -26.14
 788.00 -52.15 -53.20
 789.00 -67.90 -34.58
 790.00 -66.85 -45.42
 791.00 -62.60 -28.25
 792.00 -63.68 -36.85
 793.00 -53.55 -31.48
 794.00 -53.94 -63.40
 795.00 -50.93 -53.69
 796.00 -92.09 -38.78
 797.00  40.36  -7.61
 798.00 -75.69  67.03
 799.00 -99.09 137.05
 800.00 -56.74 155.74
 801.00 -73.10 -27.14
 802.00 -41.93 -57.54
 803.00 -55.32 -55.80
 804.00 -63.64 -40.68
 805.00 -77.20 -46.34
 806.00 -67.26 -33.14
 807.00 -70.73 -31.70
 808.00 -67.44 -41.52
 809.00 -46.11 -48.24
 810.00 -63.30 -42.50
 811.00 -77.90  -5.10
 812.00 -93.20 -25.62
 813.00 -135.13  35.04
 814.00 -158.04  10.23
 815.00 -161.20 130.47
 816.00 -55.45 153.36
 817.00 -67.61 164.62
 818.00 -63.93 -46.71
 819.00  73.05 -16.46
 820.00 -74.64 172.28
 821.00 -58.02 162.89
 822.00 -115.77 -27.20
 823.00 -56.39  41.18
 824.00 -60.48 -43.99
 825.00 -65.87 -44.23
 826.00 -64.67 -34.24
 827.00 -78.23 -40.99
 828.00 -74.85 -18.19
 829.00 -54.55 -49.37
 830.00 -69.09 -41.74
 831.00 -56.66 -47.87
 832.00 -68.64 -36.75
 833.00 -56.18 -52.88
 834.00 -63.87 -28.87
 835.00 -76.29 -45.17
 836.00 -62.04 -35.83
 837.00 -58.72 -42.71
 838.00 -60.44 -42.75
 839.00 -61.44 -49.78
 840.00 -135.51  -5.54
 841.00 -67.98  12.15
 842.00 -78.90 150.31
 843.00 -132.54  77.85
 844.00 -107.49 166.56
 845.00 -66.49 106.66
 846.00 -60.39 -18.40
 847.00 -58.73 -56.40
 848.00 -51.03 122.96
 849.00 -127.38 -26.42
 850.00 -54.90  -2.86
 851.00 -78.43 -52.15
 852.00 -76.22 -27.45
 853.00 -61.69 -43.24
 854.00 -65.46 -44.39
 855.00 -77.80 -30.22
 856.00 -59.78 -33.09
 857.00 -63.65 -45.99
 858.00 -77.02 -35.74
 859.00 -64.72 -32.16
 860.00 -71.44 -30.87
 861.00 -65.14 -41.82
 862.00 -63.47 -40.78
 863.00 -74.15 -40.62
 864.00 -64.10 -17.28
 865.00 -79.79 -23.42
 866.00 -59.85 -24.02
 867.00 -53.44 -65.30
 868.00 -57.32 -38.58
 869.00 -64.44 -46.48
 870.00 -54.45 -43.43
 871.00 -65.68 -48.62
 872.00 -76.89 -29.84
 873.00 -63.67 -43.27
 874.00 -53.31 -45.74
 875.00 -52.47 -51.23
 876.00 -73.47 -47.60
 877.00 -66.86 -32.60
 878.00 -58.28 -55.15
 879.00 -78.07 -24.96
 880.00 -51.04 -51.77
 881.00 -68.08 -41.94
 882.00 -139.05  -7.80
 883.00 -60.07  27.12
 884.00 -73.64 -21.87
 885.00 -72.15 -45.38
 886.00 -74.52 -38.09
 887.00  42.56  -8.21
 888.00 -84.80  35.66
 889.00 -83.02 132.31
 890.00 -118.19 139.04
 891.00 -84.56 141.30
 892.00 -68.50 148.94
 893.00 -67.79 -52.21
 894.00 -93.71 -14.43
 895.00 -65.17 -36.24
 896.00 -65.85 -31.78
 897.00 -68.69 -34.71
 898.00 -74.13 -47.60
 899.00 -72.16 -35.88
 900.00 -106.83 -40.42
 901.00 -92.00 -39.03
 902.00 -52.51 -53.55
 903.00 -70.85 -28.51
 904.00 -66.59 -20.98
 905.00 -79.14 -27.38
 906.00 -59.50 -58.37
 907.00 -66.85 -39.87
 908.00  94.11 -21.29
 909.00 -63.85  10.60
 910.00 -118.17 -30.46
 911.00 -82.71 100.79
 912.00 -59.16 144.00
 913.00 -109.25 156.92
 914.00 -111.41 133.59
 915.00 -88.84 148.59
 916.00 -80.19 -55.27
 917.00 -68.27 131.11


