 residuo Phi Psi
 669.00 -56.56 158.32
 670.00 -58.52 140.02
 671.00 -67.35 140.41
 672.00 -38.79 -13.08
 673.00 -52.78 -51.48
 674.00 -63.64 -36.21
 675.00 -72.87 -31.53
 676.00 -65.39 -49.50
 677.00 -70.77 -36.17
 678.00 -72.87 -38.39
 679.00 -82.62 -30.93
 680.00 -66.99 -11.01
 681.00 -62.64  99.86
 682.00 -69.02 154.47
 683.00 -83.79 179.33
 684.00 -85.62 129.10
 685.00 -113.00 143.66
 686.00 -93.10 149.91
 687.00  86.93 -14.28
 688.00 -76.15  18.05
 689.00 -98.02 145.28
 690.00 -73.39  94.48
 691.00 -73.59   3.02
 692.00 -94.30 -23.57
 693.00 -67.40 145.33
 694.00 -70.57 169.23
 695.00 -163.55 148.29
 696.00 -49.26 131.21
 697.00 -59.34 -45.95
 698.00 -64.25 -56.57
 699.00 -71.66 -40.18
 700.00 -72.81 -46.74
 701.00 -60.11 -33.11
 702.00 -71.83 -42.02
 703.00 -59.68 -37.13
 704.00 -63.40 -52.09
 705.00 -71.10 -30.67
 706.00 -66.76 -34.79
 707.00 -50.98 -43.47
 708.00 -76.20 -29.25
 709.00 -61.24 -50.23
 710.00 -73.59 -33.66
 711.00 -76.79 -22.97
 712.00 -58.41 -36.63
 713.00 -73.77 -40.36
 714.00 -68.27 -36.68
 715.00 -67.00 -35.06
 716.00 -58.01 -42.60
 717.00 -55.87 -48.70
 718.00 -59.60 -58.33
 719.00 -66.00 -28.69
 720.00 -104.24 -25.39
 721.00 -55.76 -16.04
 722.00 -52.87 125.76
 723.00  78.10 149.16
 724.00 -45.15 -36.66
 725.00 -61.67 -39.56
 726.00 -74.01   5.26
 727.00 -94.58 -17.26
 728.00 -59.97 142.48
 729.00 -51.49 143.58
 730.00 -83.12 -23.41
 731.00 -60.43 -38.09
 732.00 -55.50 -49.59
 733.00 -61.14 -43.78
 734.00 -63.59 -37.44
 735.00 -61.68 -57.75
 736.00 -54.78 -33.19
 737.00 -82.00 -44.40
 738.00 -84.54 -25.81
 739.00 -76.95 -34.49
 740.00 -57.86  -6.39
 741.00 -64.19 -52.97
 742.00 -70.73 -43.61
 743.00 -65.79 -50.27
 744.00 -60.53 -43.16
 745.00 -73.22 -40.30
 746.00 -55.34 -40.44
 747.00 -66.42 -41.50
 748.00 -52.41 -50.64
 749.00 -80.52 -19.87
 750.00 -63.29 -39.60
 751.00 -63.05 -42.39
 752.00 -65.91 -40.23
 753.00 -67.69 -39.59
 754.00 -67.78 -57.58
 755.00 -79.93 -50.71
 756.00 -125.90 -37.79
 757.00  45.53  21.93
 758.00  55.13  43.11
 759.00 -65.45  -2.11
 760.00 -109.96 -33.72
 761.00 -97.11 164.03
 762.00 -82.03 101.45
 763.00 -57.65  76.76
 764.00 -144.14 -55.13
 765.00 -62.91 165.86
 766.00 -106.23 -16.60
 767.00 -129.99 -16.48
 768.00 -96.12  66.11
 769.00 -108.50 138.22
 770.00 -83.28 112.84
 771.00 -68.32 174.99
 772.00 -77.51 -18.56
 773.00 -64.11 -45.66
 774.00 -55.52 -26.66
 775.00 -74.17 -48.54
 776.00 -65.79 -45.36
 777.00 -71.21 -39.06
 778.00  55.94   1.51
 779.00 -117.88  30.32
 780.00 -67.91  26.11
 781.00 -48.22 -58.44
 782.00 -88.66 -24.97
 783.00 -50.83 -41.08
 784.00 -52.04 -42.85
 785.00 -61.44 -60.88
 786.00 -78.32 -24.58
 787.00 -53.25 -43.95
 788.00 -69.16 -44.57
 789.00 -65.03 -33.03
 790.00 -53.63 -61.94
 791.00 -67.98 -46.81
 792.00 -73.98 -15.82
 793.00 -54.62 -22.02
 794.00 -74.54 -41.53
 795.00 -60.26 -36.23
 796.00 -64.81 -50.62
 797.00  65.56 -31.56
 798.00 -78.83  60.88
 799.00 -91.62 131.00
 800.00 -67.78 171.81
 801.00 -78.36 -26.21
 802.00 -73.66 -33.24
 803.00 -48.83 -41.32
 804.00 -58.85 -72.52
 805.00 -83.75 -28.53
 806.00 -81.28 -22.16
 807.00 -68.02 -34.55
 808.00 -77.66 -23.38
 809.00 -74.98 -42.73
 810.00 -70.72 -20.57
 811.00 -80.31 -11.17
 812.00 -136.65 -10.55
 813.00 -128.42  48.49
 814.00 -151.63  -2.09
 815.00 -136.58 123.90
 816.00 -65.95 163.12
 817.00 -52.27 143.56
 818.00 -89.70 -42.30
 819.00  94.78  11.88
 820.00 -70.72 162.23
 821.00 -75.97 160.34
 822.00 -109.36 -13.76
 823.00 -64.41  45.48
 824.00 -63.16 -36.28
 825.00 -65.39 -46.68
 826.00 -56.90 -33.43
 827.00 -66.69 -55.03
 828.00 -71.27 -24.28
 829.00 -71.84 -42.28
 830.00 -44.96 -48.33
 831.00 -66.22 -48.18
 832.00 -82.89 -20.45
 833.00 -66.05 -46.96
 834.00 -67.79 -23.55
 835.00 -68.55 -50.50
 836.00 -73.96 -31.66
 837.00 -51.20 -38.07
 838.00 -52.10 -45.27
 839.00 -93.41 -18.35
 840.00 -122.64 -18.19
 841.00 -71.47  14.78
 842.00 -76.55 149.28
 843.00 -134.09  76.56
 844.00 -76.86 157.11
 845.00 -53.80  98.17
 846.00 -50.51 -30.66
 847.00 -118.11 -26.76
 848.00 -57.85  82.93
 849.00 -79.10 -34.88
 850.00 -59.38 -17.98
 851.00 -74.24 -33.85
 852.00 -70.27 -46.47
 853.00 -59.71 -26.80
 854.00 -72.08 -40.89
 855.00 -56.22 -43.57
 856.00 -68.02 -39.18
 857.00 -67.42 -34.31
 858.00 -66.32 -33.81
 859.00 -61.38 -44.66
 860.00 -63.13 -29.92
 861.00 -68.91 -42.60
 862.00 -66.96 -33.28
 863.00 -57.02 -49.11
 864.00 -58.09 -30.84
 865.00 -75.30 -21.90
 866.00 -68.08 -43.70
 867.00 -76.03 -23.00
 868.00 -69.03 -39.58
 869.00 -60.64 -44.78
 870.00 -50.86 -44.31
 871.00 -63.63 -50.10
 872.00 -73.83 -32.26
 873.00 -63.32 -45.52
 874.00 -61.70 -38.57
 875.00 -77.60 -36.79
 876.00 -80.96 -40.01
 877.00 -73.05 -29.30
 878.00 -65.97 -31.13
 879.00 -70.24 -46.43
 880.00 -56.31 -41.98
 881.00 -64.45 -51.22
 882.00 -99.07 -28.16
 883.00 -58.10   1.75
 884.00 -61.42 -33.26
 885.00 -66.47 -42.18
 886.00 -127.29  -8.47
 887.00  58.50   6.77
 888.00 -120.05  51.40
 889.00 -105.70 122.23
 890.00 -106.98 124.61
 891.00 -56.05 122.74
 892.00 -44.62 134.39
 893.00 -66.26 -40.19
 894.00 -48.84 -62.05
 895.00 -57.60 -44.29
 896.00 -77.78 -31.35
 897.00 -55.12 -46.88
 898.00 -68.33 -54.38
 899.00 -85.02 -29.05
 900.00 -132.28 -19.46
 901.00 -85.66 -48.18
 902.00 -55.25 -52.01
 903.00 -70.43 -40.35
 904.00 -52.85 -21.78
 905.00 -82.98 -34.16
 906.00 -88.29 -27.39
 907.00 -76.79 -28.19
 908.00  84.49  -1.50
 909.00 -78.55  -3.51
 910.00 -125.12 -16.83
 911.00 -102.40 111.55
 912.00 -70.45 113.65
 913.00 -85.06 149.67
 914.00 -140.13 144.67
 915.00 -145.23 162.60
 916.00 -131.52  -2.07
 917.00 -85.35 175.92


