 residuo Phi Psi
 669.00 -64.06 164.40
 670.00 -52.73 156.47
 671.00 -66.02 144.21
 672.00 -51.27 -32.37
 673.00 -78.21 -45.56
 674.00 -53.04 -32.95
 675.00 -72.33 -40.90
 676.00 -55.94 -45.86
 677.00 -58.89 -40.88
 678.00 -61.91 -44.45
 679.00 -69.11 -52.45
 680.00 -62.81 -16.30
 681.00 -70.49 127.11
 682.00 -60.29 137.19
 683.00 -71.21 -175.98
 684.00 -149.53 152.32
 685.00 -71.53 128.25
 686.00 -79.42 153.08
 687.00  73.84  -9.35
 688.00 -73.34  27.57
 689.00 -91.98 144.70
 690.00 -64.57  85.11
 691.00 -76.89  -3.26
 692.00 -87.56 -11.86
 693.00 -47.56 149.68
 694.00 -72.20 145.11
 695.00 -146.95 132.66
 696.00 -43.30 151.77
 697.00 -60.96 -54.26
 698.00 -72.71 -43.97
 699.00 -63.70 -42.82
 700.00 -70.96 -46.30
 701.00 -56.05 -43.71
 702.00 -72.36 -39.55
 703.00 -81.64 -29.69
 704.00 -58.53 -35.10
 705.00 -69.73 -40.33
 706.00 -57.62 -47.97
 707.00 -70.96 -16.91
 708.00 -69.51 -39.59
 709.00 -60.97 -47.98
 710.00 -75.81 -45.15
 711.00 -69.39 -25.82
 712.00 -67.09 -38.10
 713.00 -62.97 -38.65
 714.00 -55.27 -47.90
 715.00 -74.40 -48.77
 716.00 -48.24 -40.86
 717.00 -63.84 -54.09
 718.00 -45.98 -48.15
 719.00 -67.55 -46.44
 720.00 -108.26 -17.33
 721.00 -60.31 -11.84
 722.00 -51.39 127.80
 723.00  86.29 124.64
 724.00 -66.08 -16.81
 725.00 -73.00 -16.26
 726.00 -87.11  -6.27
 727.00 -76.12  -9.97
 728.00 -83.85 153.95
 729.00 -49.30 152.32
 730.00 -68.92 -39.09
 731.00 -82.24 -22.29
 732.00 -73.93 -26.55
 733.00 -75.07 -40.97
 734.00 -48.65 -38.23
 735.00 -65.35 -64.58
 736.00 -45.89 -36.69
 737.00 -77.28 -52.39
 738.00 -81.50 -32.55
 739.00 -63.12 -41.85
 740.00 -53.66 -26.77
 741.00 -79.49 -43.01
 742.00 -53.13 -45.21
 743.00 -75.90 -35.55
 744.00 -56.50 -45.51
 745.00 -74.32 -38.25
 746.00 -47.21 -41.05
 747.00 -74.03 -49.17
 748.00 -69.44 -32.83
 749.00 -69.52 -30.10
 750.00 -62.39 -39.79
 751.00 -66.07 -46.48
 752.00 -75.54 -32.78
 753.00 -63.38 -21.59
 754.00 -68.04 -57.87
 755.00 -72.51 -57.13
 756.00 -151.71 -25.98
 757.00  54.80  22.92
 758.00  51.05  36.38
 759.00 -85.93  31.73
 760.00 -137.65 -32.46
 761.00 -97.01 157.49
 762.00 -77.02 106.46
 763.00 -67.04  62.58
 764.00 -151.68 -39.82
 765.00 -59.80 170.87
 766.00 -94.01 -34.42
 767.00 -126.41 -10.72
 768.00 -72.06  52.23
 769.00 -87.92 127.47
 770.00 -71.86  97.56
 771.00 -66.46 179.63
 772.00 -75.00 -24.29
 773.00 -70.78 -44.81
 774.00 -60.36 -32.48
 775.00 -61.01 -46.49
 776.00 -72.08 -58.60
 777.00 -73.19 -17.96
 778.00  55.21 -15.28
 779.00 -79.71   7.73
 780.00 -68.71  36.97
 781.00 -71.32 -33.10
 782.00 -59.99 -33.83
 783.00 -70.82 -38.14
 784.00 -71.89 -23.72
 785.00 -47.21 -56.10
 786.00 -62.19 -52.35
 787.00 -59.50 -38.90
 788.00 -63.58 -51.15
 789.00 -69.87 -35.97
 790.00 -72.80 -27.73
 791.00 -67.19 -40.70
 792.00 -62.24 -26.06
 793.00 -61.34 -31.96
 794.00 -56.00 -54.42
 795.00 -64.69 -33.30
 796.00 -76.72 -46.58
 797.00  59.03 -11.96
 798.00 -56.10  48.89
 799.00 -81.13 126.67
 800.00 -55.09 154.56
 801.00 -70.50 -33.53
 802.00 -66.92 -43.37
 803.00 -46.92 -44.37
 804.00 -61.03 -51.07
 805.00 -59.18 -47.47
 806.00 -62.83 -41.68
 807.00 -73.14 -34.45
 808.00 -78.19 -26.85
 809.00 -61.50 -40.91
 810.00 -66.56 -20.50
 811.00 -59.23 -50.72
 812.00 -99.71 -18.87
 813.00 -126.10  23.35
 814.00 -159.57  19.08
 815.00 -153.12 128.66
 816.00 -46.48 153.86
 817.00 -76.48 161.71
 818.00 -73.61 -20.24
 819.00  69.44   1.38
 820.00 -103.96 -156.99
 821.00 -64.58 174.77
 822.00 -88.21 -50.12
 823.00 -67.92  64.94
 824.00 -61.54 -40.97
 825.00 -69.60 -42.13
 826.00 -70.63 -31.72
 827.00 -62.49 -44.18
 828.00 -70.27 -43.49
 829.00 -60.77 -44.68
 830.00 -61.61 -39.01
 831.00 -58.17 -49.43
 832.00 -52.32 -42.89
 833.00 -77.91 -47.78
 834.00 -72.64 -19.75
 835.00 -73.77 -43.44
 836.00 -74.90 -22.06
 837.00 -57.64 -46.49
 838.00 -67.50 -39.51
 839.00 -82.93 -18.61
 840.00 -83.71 -52.58
 841.00 -54.65  -3.69
 842.00 -69.57 127.44
 843.00 -80.85  16.73
 844.00 -72.25 153.54
 845.00 -63.79 122.14
 846.00 -70.96 -26.05
 847.00 -124.72  -5.90
 848.00 -54.05  70.08
 849.00 -63.10 -34.15
 850.00 -84.74 -26.72
 851.00 -55.24 -31.71
 852.00 -76.05 -52.44
 853.00 -55.95 -33.78
 854.00 -75.76 -38.46
 855.00 -71.48 -34.96
 856.00 -62.93 -36.81
 857.00 -80.07 -39.32
 858.00 -65.34 -20.87
 859.00 -72.81 -46.19
 860.00 -65.07 -29.29
 861.00 -65.72 -41.03
 862.00 -69.41 -42.26
 863.00 -78.67 -19.48
 864.00 -81.10 -31.03
 865.00 -101.49   4.20
 866.00 -63.55 -29.03
 867.00 -58.96 -29.25
 868.00 -65.65 -42.93
 869.00 -58.07 -49.33
 870.00 -67.95 -41.77
 871.00 -71.60 -41.18
 872.00 -69.11 -30.71
 873.00 -64.69 -40.39
 874.00 -58.08 -41.88
 875.00 -70.74 -46.97
 876.00 -68.66 -38.33
 877.00 -72.17 -31.93
 878.00 -63.77 -46.35
 879.00 -68.80 -30.75
 880.00 -61.80 -57.95
 881.00 -69.65 -34.85
 882.00 -139.05  -5.16
 883.00 -56.47  37.83
 884.00 -76.65 -39.68
 885.00 -60.62 -38.45
 886.00 -102.86 -25.71
 887.00  55.96   2.01
 888.00 -96.88  23.77
 889.00 -109.54 136.97
 890.00 -133.40 141.27
 891.00 -65.06 132.25
 892.00 -55.30 141.78
 893.00 -58.71 -40.94
 894.00 -90.43 -34.30
 895.00 -65.66 -44.38
 896.00 -69.37 -27.32
 897.00 -72.84 -21.18
 898.00 -71.73 -48.53
 899.00 -55.85 -32.17
 900.00 -100.28 -49.80
 901.00 -83.05 -47.92
 902.00 -74.66 -23.20
 903.00 -47.30 -38.34
 904.00 -65.73 -38.64
 905.00 -82.61 -31.53
 906.00 -90.15 -35.95
 907.00 -55.47 -37.55
 908.00 100.30 -42.18
 909.00 -64.84   7.37
 910.00 -99.38 -34.68
 911.00 -133.61 127.31
 912.00 -59.34 138.65
 913.00 -72.49 143.17
 914.00 -84.65  99.38
 915.00 -69.13 122.22
 916.00 -93.36 -44.63
 917.00 -95.05 -19.17


