 residuo Phi Psi
 669.00 -76.20 156.00
 670.00 -58.81 171.06
 671.00 -66.12 164.59
 672.00 -61.81 -28.91
 673.00 -86.79 -22.66
 674.00 -58.58 -28.29
 675.00 -63.98 -40.44
 676.00 -59.80 -57.63
 677.00 -100.38 -10.98
 678.00 -80.38 -26.36
 679.00 -98.48 -14.96
 680.00 -84.54  -1.97
 681.00 -66.21 117.89
 682.00 -85.84 171.72
 683.00 -66.31 163.31
 684.00 -122.78 156.53
 685.00 -81.79 146.75
 686.00 -72.60 137.48
 687.00  77.61 -18.05
 688.00 -98.56  39.00
 689.00 -95.19 129.27
 690.00 -75.71  95.30
 691.00 -71.50  -1.86
 692.00 -92.89 -23.48
 693.00 -61.34 161.72
 694.00 -62.50 130.27
 695.00 -149.94 147.65
 696.00 -60.25 164.21
 697.00 -56.89 -48.85
 698.00 -50.95 -60.82
 699.00 -64.02 -52.98
 700.00 -80.06 -42.83
 701.00 -75.04 -31.89
 702.00 -66.83 -35.24
 703.00 -61.63 -37.66
 704.00 -63.91 -37.21
 705.00 -58.28 -45.60
 706.00 -59.56 -44.65
 707.00 -54.40 -38.98
 708.00 -73.37 -40.78
 709.00 -61.29 -40.53
 710.00 -66.31 -43.96
 711.00 -65.47 -45.57
 712.00 -60.19 -40.77
 713.00 -82.33 -35.92
 714.00 -67.15 -30.92
 715.00 -60.53 -40.93
 716.00 -46.69 -54.68
 717.00 -75.49 -36.83
 718.00 -69.74 -43.56
 719.00 -57.13 -32.02
 720.00 -87.03 -36.67
 721.00 -60.12 -16.49
 722.00 -56.31 133.97
 723.00  93.18 121.55
 724.00 -61.94 -14.17
 725.00 -69.10 -23.54
 726.00 -64.85  -9.60
 727.00 -75.10 -28.91
 728.00 -66.79 147.75
 729.00 -63.95 158.77
 730.00 -61.70 -33.22
 731.00 -63.31 -44.93
 732.00 -67.01 -33.29
 733.00 -53.63 -44.73
 734.00 -75.73 -44.72
 735.00 -71.89 -47.77
 736.00 -62.21 -26.20
 737.00 -52.00 -55.73
 738.00 -66.63 -45.84
 739.00 -78.83 -38.59
 740.00 -58.24 -12.43
 741.00 -59.53 -54.61
 742.00 -70.61 -43.18
 743.00 -59.87 -36.46
 744.00 -72.60 -47.97
 745.00 -75.21 -36.01
 746.00 -71.83 -30.09
 747.00 -62.12 -45.91
 748.00 -60.79 -41.21
 749.00 -66.55 -47.02
 750.00 -59.84 -34.90
 751.00 -70.52 -44.70
 752.00 -83.12 -19.16
 753.00 -67.65 -29.99
 754.00 -73.76 -45.81
 755.00 -79.84 -46.41
 756.00 -100.80 -66.61
 757.00  50.84  19.35
 758.00  59.25  37.97
 759.00 -60.56   1.51
 760.00 -143.11 -30.26
 761.00 -89.40 163.38
 762.00 -92.89 111.14
 763.00 -57.76  60.10
 764.00 -148.72 -45.60
 765.00 -66.42 179.15
 766.00 -95.27 -27.49
 767.00 -120.73  -4.97
 768.00 -98.84  77.57
 769.00 -111.05 140.96
 770.00 -74.42 122.52
 771.00 -55.54 173.06
 772.00 -54.97 -34.45
 773.00 -57.11 -49.73
 774.00 -61.97 -31.65
 775.00 -69.14 -41.74
 776.00 -53.10 -65.48
 777.00 -74.61 -36.84
 778.00  57.55  -3.26
 779.00 -132.50  47.33
 780.00 -46.18   5.79
 781.00 -58.84 -53.46
 782.00 -75.81 -36.44
 783.00 -59.10 -46.38
 784.00 -58.22 -36.68
 785.00 -68.49 -44.02
 786.00 -58.97 -39.58
 787.00 -70.59 -30.40
 788.00 -63.83 -46.25
 789.00 -61.43 -35.22
 790.00 -56.05 -54.56
 791.00 -84.48 -27.54
 792.00 -74.06 -16.52
 793.00 -66.76 -29.97
 794.00 -77.44 -46.10
 795.00 -56.65 -36.13
 796.00 -94.12 -32.37
 797.00  49.58   3.35
 798.00 -76.02  55.39
 799.00 -103.05 142.11
 800.00 -62.20 156.08
 801.00 -68.69 -34.45
 802.00 -53.07 -43.22
 803.00 -57.02 -49.81
 804.00 -53.59 -54.67
 805.00 -71.25 -44.63
 806.00 -53.23 -44.99
 807.00 -70.29 -41.57
 808.00 -51.20 -44.68
 809.00 -69.76 -44.31
 810.00 -68.27 -19.35
 811.00 -72.69 -18.25
 812.00 -128.48  -9.10
 813.00 -114.40  40.64
 814.00 -146.88 -14.27
 815.00 -138.81 125.89
 816.00 -57.45 155.78
 817.00 -69.00 151.80
 818.00 -74.82 -36.18
 819.00  80.71  -6.92
 820.00 -74.47 168.43
 821.00 -76.78 173.89
 822.00 -90.72 -45.96
 823.00 -51.32  33.49
 824.00 -72.41 -37.04
 825.00 -87.48 -16.48
 826.00 -54.16 -36.42
 827.00 -61.43 -51.01
 828.00 -68.65 -33.08
 829.00 -51.57 -47.71
 830.00 -51.85 -58.13
 831.00 -61.95 -51.25
 832.00 -72.05 -31.26
 833.00 -66.27 -39.92
 834.00 -67.61 -32.90
 835.00 -56.53 -59.03
 836.00 -76.70 -30.23
 837.00 -65.59 -38.32
 838.00 -50.51 -43.56
 839.00 -88.46 -23.14
 840.00 -126.77 -12.17
 841.00 -68.20   9.94
 842.00 -88.74 143.18
 843.00 -97.04  49.86
 844.00 -79.30 170.72
 845.00 -56.58 106.02
 846.00 -79.25 -35.58
 847.00 -118.09  -2.64
 848.00 -42.43  86.75
 849.00 -60.79 -44.92
 850.00 -62.67 -32.52
 851.00 -73.42 -46.45
 852.00 -53.61 -45.53
 853.00 -61.50 -46.46
 854.00 -64.37 -46.77
 855.00 -52.82 -56.67
 856.00 -47.96 -50.54
 857.00 -74.23 -46.88
 858.00 -65.81 -27.38
 859.00 -69.79 -45.93
 860.00 -67.22 -36.14
 861.00 -78.07 -34.52
 862.00 -51.82 -37.07
 863.00 -67.83 -47.85
 864.00 -76.81 -31.68
 865.00 -53.44 -17.97
 866.00 -67.62 -42.94
 867.00 -70.83 -42.57
 868.00 -61.92 -25.03
 869.00 -54.59 -51.76
 870.00 -66.02 -42.17
 871.00 -67.34 -42.09
 872.00 -62.14 -46.60
 873.00 -66.99 -33.95
 874.00 -52.30 -47.34
 875.00 -61.85 -44.50
 876.00 -73.69 -48.65
 877.00 -73.45 -19.73
 878.00 -70.65 -50.89
 879.00 -85.60 -18.94
 880.00 -59.59 -45.33
 881.00 -62.59 -36.74
 882.00 -132.66 -20.52
 883.00 -56.79  24.09
 884.00 -61.35 -39.08
 885.00 -78.38 -43.79
 886.00 -123.21  -1.64
 887.00  58.69  14.54
 888.00 -88.56  23.90
 889.00 -104.52 146.52
 890.00 -124.62 140.09
 891.00 -69.77 142.20
 892.00 -46.69 136.60
 893.00 -66.16 -40.09
 894.00 -62.98 -43.84
 895.00 -66.21 -49.32
 896.00 -67.92 -30.08
 897.00 -57.33 -43.82
 898.00 -65.83 -47.87
 899.00 -83.57 -24.63
 900.00 -116.57 -25.57
 901.00 -93.54 -39.94
 902.00 -65.31 -38.04
 903.00 -52.23 -32.10
 904.00 -56.05 -40.91
 905.00 -66.46 -45.67
 906.00 -77.17 -56.26
 907.00 -103.94  -3.84
 908.00  59.59  -4.32
 909.00 -68.85  28.38
 910.00 -110.60 -25.71
 911.00 -135.27 142.40
 912.00 -75.89 160.34
 913.00 -78.18 147.61
 914.00 -118.81 124.72
 915.00 -63.70 130.88
 916.00 -79.39 -59.74
 917.00 -76.08 170.65


