 residuo Phi Psi
 669.00 -139.93 118.18
 670.00 -61.72 146.08
 671.00 -65.20 150.43
 672.00 -68.76 -35.94
 673.00 -63.15 -33.51
 674.00 -63.79 -46.59
 675.00 -69.71 -33.16
 676.00 -68.96 -38.50
 677.00 -67.09 -33.02
 678.00 -64.28 -44.79
 679.00 -71.22 -35.49
 680.00 -60.29 -13.47
 681.00 -70.72 121.48
 682.00 -76.98 156.22
 683.00 -78.43 -157.17
 684.00 -140.54 145.18
 685.00 -112.26 136.09
 686.00 -82.92 163.37
 687.00  67.42  -9.97
 688.00 -83.82  25.00
 689.00 -84.18 126.10
 690.00 -70.75  97.55
 691.00 -77.49  -3.91
 692.00 -69.94 -26.47
 693.00 -58.45 142.64
 694.00 -72.03 140.49
 695.00 -148.44 144.11
 696.00 -38.37 130.88
 697.00 -76.37 -57.24
 698.00 -80.19 -30.77
 699.00 -62.87 -30.22
 700.00 -64.33 -41.85
 701.00 -54.98 -52.27
 702.00 -59.79 -47.64
 703.00 -56.35 -45.15
 704.00 -61.61 -40.47
 705.00 -62.76 -43.94
 706.00 -68.49 -32.17
 707.00 -63.76 -33.89
 708.00 -60.76 -38.73
 709.00 -64.98 -48.58
 710.00 -73.02 -34.37
 711.00 -67.88 -52.99
 712.00 -47.49 -28.06
 713.00 -65.51 -59.84
 714.00 -66.76 -29.38
 715.00 -81.04 -39.34
 716.00 -69.10 -23.27
 717.00 -74.57 -35.50
 718.00 -61.37 -34.22
 719.00 -56.00 -51.90
 720.00 -110.76 -12.05
 721.00 -60.39 -18.17
 722.00 -59.31 125.00
 723.00  61.19 144.51
 724.00 -72.79   3.10
 725.00 -82.24 -19.73
 726.00 -73.00   9.35
 727.00 -73.69 -35.26
 728.00 -61.57 145.16
 729.00 -60.58 153.26
 730.00 -67.62 -32.13
 731.00 -70.64 -38.87
 732.00 -61.19 -32.55
 733.00 -60.37 -49.20
 734.00 -60.62 -32.82
 735.00 -72.36 -51.24
 736.00 -54.19 -29.21
 737.00 -66.38 -59.91
 738.00 -70.64 -33.67
 739.00 -92.49 -37.40
 740.00 -51.50 -26.12
 741.00 -46.44 -52.15
 742.00 -76.50 -48.91
 743.00 -60.25 -34.25
 744.00 -53.80 -46.94
 745.00 -73.37 -51.06
 746.00 -61.80 -35.12
 747.00 -73.12 -40.80
 748.00 -83.79 -26.31
 749.00 -70.25 -31.43
 750.00 -54.22 -37.15
 751.00 -61.48 -60.08
 752.00 -55.81 -37.05
 753.00 -60.13 -51.77
 754.00 -72.88 -57.91
 755.00 -76.26 -35.87
 756.00 -144.60 -39.39
 757.00  36.87  41.10
 758.00  68.81  40.74
 759.00 -82.51   0.76
 760.00 -111.79 -39.60
 761.00 -89.90 163.08
 762.00 -95.65 104.84
 763.00 -64.92  69.84
 764.00 -163.86 -45.73
 765.00 -62.15 154.91
 766.00 -80.01 -26.71
 767.00 -103.38 -48.90
 768.00 -72.00  67.12
 769.00 -109.41 149.65
 770.00 -139.68 151.72
 771.00 -51.65 174.23
 772.00 -72.62 -40.90
 773.00 -73.01 -32.88
 774.00 -57.63 -28.35
 775.00 -69.75 -44.88
 776.00 -72.22 -48.00
 777.00 -82.38 -29.60
 778.00  64.17  -7.49
 779.00 -69.65 -13.67
 780.00 -94.44  76.00
 781.00 -71.96 -61.06
 782.00 -73.64 -18.08
 783.00 -65.95 -43.88
 784.00 -57.36 -32.72
 785.00 -46.30 -56.40
 786.00 -67.85 -42.28
 787.00 -50.37 -47.48
 788.00 -63.03 -43.06
 789.00 -62.15 -46.90
 790.00 -66.11 -41.08
 791.00 -73.39 -33.68
 792.00 -69.13 -32.00
 793.00 -71.65 -32.30
 794.00 -73.91 -46.65
 795.00 -59.83 -23.70
 796.00 -71.81 -51.77
 797.00  52.33 -21.59
 798.00 -60.79  57.25
 799.00 -79.44 121.62
 800.00 -69.70 165.81
 801.00 -79.15 -19.21
 802.00 -68.74 -40.63
 803.00 -62.17 -34.50
 804.00 -75.16 -42.48
 805.00 -74.23 -30.48
 806.00 -59.96 -48.69
 807.00 -60.65 -40.83
 808.00 -60.98 -45.90
 809.00 -89.23 -26.33
 810.00 -76.70  -9.31
 811.00 -56.79 -41.83
 812.00 -110.41 -27.59
 813.00 -137.73  45.47
 814.00 -162.17   2.11
 815.00 -156.47 126.09
 816.00 -68.16 167.51
 817.00 -75.08 159.32
 818.00 -79.40 -35.17
 819.00  89.44  -7.34
 820.00 -80.04 176.86
 821.00 -57.55 150.58
 822.00 -89.54 -39.71
 823.00 -61.96  35.94
 824.00 -67.63 -34.50
 825.00 -87.03 -33.86
 826.00 -57.73 -28.94
 827.00 -51.78 -54.90
 828.00 -67.68 -46.38
 829.00 -73.54 -35.34
 830.00 -70.77 -36.76
 831.00 -61.70 -37.37
 832.00 -72.43 -38.83
 833.00 -71.80 -37.55
 834.00 -68.22 -31.68
 835.00 -69.38 -39.40
 836.00 -68.72 -51.24
 837.00 -53.36 -31.49
 838.00 -73.33 -42.10
 839.00 -70.78 -20.30
 840.00 -123.73 -15.07
 841.00 -66.89   7.59
 842.00 -75.64 145.63
 843.00 -157.32  85.42
 844.00 -75.00 146.17
 845.00 -55.26 106.75
 846.00 -77.18 -41.14
 847.00 -65.47 -14.60
 848.00 -80.55 168.70
 849.00 -137.01 -41.31
 850.00 -62.20 -18.26
 851.00 -73.62 -25.43
 852.00 -53.12 -53.96
 853.00 -65.51 -41.15
 854.00 -55.00 -49.97
 855.00 -54.62 -46.72
 856.00 -53.36 -43.40
 857.00 -62.91 -45.64
 858.00 -67.53 -33.57
 859.00 -69.91 -40.69
 860.00 -68.66 -39.37
 861.00 -58.68 -39.06
 862.00 -65.30 -45.84
 863.00 -62.49 -44.68
 864.00 -74.95 -32.23
 865.00 -74.43 -16.08
 866.00 -72.49 -36.96
 867.00 -61.01 -31.61
 868.00 -79.60 -27.66
 869.00 -65.32 -32.68
 870.00 -68.34 -34.05
 871.00 -51.60 -46.01
 872.00 -87.86 -33.18
 873.00 -61.36 -37.06
 874.00 -65.80 -34.45
 875.00 -69.45 -48.53
 876.00 -86.82 -38.84
 877.00 -42.71 -43.93
 878.00 -66.46 -48.56
 879.00 -92.17 -29.94
 880.00 -52.94 -34.02
 881.00 -62.16 -42.99
 882.00 -101.99 -39.50
 883.00 -32.98   5.15
 884.00 -53.22 -70.76
 885.00 -66.33 -38.48
 886.00 -84.79 -49.08
 887.00  62.99  12.28
 888.00 -84.07  16.96
 889.00 -103.16 133.17
 890.00 -133.65 149.98
 891.00 -80.15 144.14
 892.00 -62.08 126.50
 893.00 -58.13 -34.09
 894.00 -82.57 -33.76
 895.00 -51.15 -39.63
 896.00 -59.40 -45.02
 897.00 -69.47 -32.61
 898.00 -72.46 -51.61
 899.00 -78.07 -35.29
 900.00 -130.38 -21.67
 901.00 -95.57 -44.98
 902.00 -70.09 -25.94
 903.00 -59.21 -29.76
 904.00 -66.80 -23.41
 905.00 -72.75 -42.42
 906.00 -61.94 -47.64
 907.00 -112.04 -13.87
 908.00  81.23  -8.67
 909.00 -81.31  10.73
 910.00 -118.17 -15.02
 911.00 -133.29 128.83
 912.00 -75.06 143.93
 913.00 -91.13 154.46
 914.00 -65.04  78.28
 915.00 -58.89 116.12
 916.00 -127.11 -22.59
 917.00 -127.43 155.88


