 residuo Phi Psi
 669.00 -70.91 129.79
 670.00 -82.36 130.81
 671.00 -69.18  93.37
 672.00 -67.55 -15.85
 673.00 -79.46 -21.25
 674.00 -67.99 -31.83
 675.00 -68.05 -39.45
 676.00 -44.27 -52.64
 677.00 -85.50 -26.47
 678.00 -62.39 -40.40
 679.00 -112.34 -17.22
 680.00 -80.04  -2.28
 681.00 -86.31 119.03
 682.00 -68.64 150.91
 683.00 -56.26 -172.41
 684.00 -116.41 127.49
 685.00 -83.38 110.57
 686.00 -89.28 147.12
 687.00  70.42  -4.49
 688.00 -73.78  16.27
 689.00 -83.94 124.96
 690.00 -108.40 133.16
 691.00 -84.92  13.80
 692.00 -65.09 -38.97
 693.00 -66.51 144.45
 694.00 -83.92 163.46
 695.00 -167.68 133.46
 696.00 -62.07 164.68
 697.00 -56.18 -64.15
 698.00 -69.12 -39.06
 699.00 -70.84 -39.87
 700.00 -65.73 -49.00
 701.00 -70.22 -35.41
 702.00 -92.47 -21.22
 703.00 -79.77 -15.39
 704.00 -66.48 -38.30
 705.00 -70.81 -34.22
 706.00 -46.89 -46.54
 707.00 -77.26 -43.46
 708.00 -63.92 -24.42
 709.00 -70.53 -46.13
 710.00 -74.89 -34.76
 711.00 -65.12 -38.52
 712.00 -41.32 -51.82
 713.00 -62.25 -51.95
 714.00 -66.06 -32.06
 715.00 -69.68 -36.87
 716.00 -53.12 -46.52
 717.00 -63.58 -43.49
 718.00 -62.31 -48.57
 719.00 -64.98 -41.94
 720.00 -126.13   0.08
 721.00 -66.08   3.91
 722.00 -65.88 136.42
 723.00  65.77 146.37
 724.00 -68.19  -5.95
 725.00 -65.97 -38.18
 726.00 -76.07   4.17
 727.00 -86.88  -7.85
 728.00 -81.76 155.55
 729.00 -51.82 144.15
 730.00 -67.80 -39.03
 731.00 -81.83 -18.95
 732.00 -47.42 -52.78
 733.00 -63.16 -47.83
 734.00 -75.74 -34.31
 735.00 -61.85 -53.07
 736.00 -51.43 -39.63
 737.00 -58.01 -50.37
 738.00 -77.92 -39.02
 739.00 -110.75 -20.99
 740.00 -83.19   5.34
 741.00 -60.53 -32.39
 742.00 -73.86 -52.91
 743.00 -50.42 -36.55
 744.00 -81.23 -45.87
 745.00 -56.64 -33.68
 746.00 -65.48 -43.95
 747.00 -59.73 -43.51
 748.00 -69.22 -41.17
 749.00 -75.13 -37.72
 750.00 -60.89 -31.88
 751.00 -49.23 -55.15
 752.00 -69.92 -40.84
 753.00 -52.86 -54.17
 754.00 -62.24 -61.74
 755.00 -94.58 -36.68
 756.00 -145.18 -28.98
 757.00  56.62  22.45
 758.00  54.00  26.33
 759.00 -67.75  22.74
 760.00 -138.33 -31.35
 761.00 -85.89 151.42
 762.00 -112.06 135.21
 763.00 -64.09  68.94
 764.00 -166.08 -38.44
 765.00 -64.45 156.25
 766.00 -86.76 -22.25
 767.00 -144.14  -1.85
 768.00 -80.50  40.64
 769.00 -100.46 124.12
 770.00 -81.36 124.29
 771.00 -48.13 172.10
 772.00 -58.38 -44.34
 773.00 -67.75 -40.77
 774.00 -70.53 -35.23
 775.00 -55.92 -43.91
 776.00 -62.84 -58.96
 777.00 -77.69 -32.27
 778.00  57.95   0.60
 779.00 -143.71  42.77
 780.00 -61.93  37.77
 781.00 -64.82 -51.42
 782.00 -76.84 -35.71
 783.00 -55.29 -36.56
 784.00 -68.72 -47.19
 785.00 -74.67 -35.77
 786.00 -75.07 -17.53
 787.00 -72.71 -30.50
 788.00 -61.37 -48.22
 789.00 -76.42 -31.42
 790.00 -43.17 -45.86
 791.00 -72.94 -45.91
 792.00 -70.84  -8.81
 793.00 -61.27 -25.45
 794.00 -66.50 -43.54
 795.00 -68.15 -43.79
 796.00 -82.59 -40.66
 797.00  47.32 -12.25
 798.00 -69.93  67.88
 799.00 -78.78 126.26
 800.00 -52.48 157.18
 801.00 -62.88 -34.61
 802.00 -58.88 -49.58
 803.00 -61.78 -38.42
 804.00 -69.12 -48.77
 805.00 -76.39 -32.89
 806.00 -66.38 -34.87
 807.00 -56.64 -48.12
 808.00 -57.33 -31.72
 809.00 -67.11 -52.27
 810.00 -60.33 -20.76
 811.00 -75.91 -27.60
 812.00 -127.19  -9.16
 813.00 -150.65  34.76
 814.00 -141.86  10.21
 815.00 -129.68 110.83
 816.00 -72.70 149.54
 817.00 -53.25 124.06
 818.00 -74.00 -54.40
 819.00 108.31  -9.85
 820.00 -78.55 161.45
 821.00 -72.33 175.22
 822.00 -155.83 -30.12
 823.00 -96.96 133.44
 824.00 -57.22 -30.21
 825.00 -68.03 -35.88
 826.00 -73.64 -27.04
 827.00 -71.28 -48.34
 828.00 -64.49 -33.65
 829.00 -75.88 -45.08
 830.00 -48.39 -48.56
 831.00 -68.67 -52.59
 832.00 -60.80 -34.96
 833.00 -64.89 -45.14
 834.00 -66.71 -30.31
 835.00 -69.91 -38.95
 836.00 -62.53 -32.13
 837.00 -61.34 -51.06
 838.00 -66.85 -42.49
 839.00 -67.54 -20.13
 840.00 -114.53 -36.50
 841.00 -55.06   3.92
 842.00 -73.21 152.66
 843.00 -147.27  65.25
 844.00 -75.80 162.44
 845.00 -60.57 124.82
 846.00 -84.59 -29.44
 847.00 -116.52  -0.04
 848.00 -62.34  72.20
 849.00 -68.03 -30.99
 850.00 -69.86 -36.11
 851.00 -57.30 -40.47
 852.00 -63.60 -46.90
 853.00 -70.63 -35.46
 854.00 -50.76 -49.23
 855.00 -68.78 -40.82
 856.00 -47.92 -51.03
 857.00 -70.13 -42.93
 858.00 -70.67 -32.00
 859.00 -69.12 -38.72
 860.00 -72.16 -29.91
 861.00 -57.85 -35.87
 862.00 -54.10 -56.98
 863.00 -69.11 -45.80
 864.00 -85.75 -18.41
 865.00 -66.10 -15.65
 866.00 -53.51 -35.06
 867.00 -65.29 -56.17
 868.00 -72.73 -38.57
 869.00 -65.52 -35.87
 870.00 -69.16 -38.67
 871.00 -48.02 -36.04
 872.00 -76.65 -43.37
 873.00 -56.76 -44.99
 874.00 -74.13 -45.15
 875.00 -69.84 -37.31
 876.00 -68.43 -44.66
 877.00 -62.79 -33.62
 878.00 -64.97 -44.30
 879.00 -88.37 -24.95
 880.00 -69.55 -36.79
 881.00 -58.65 -28.56
 882.00 -115.83 -21.97
 883.00 -57.10   5.81
 884.00 -71.71 -39.87
 885.00 -70.05 -41.22
 886.00 -89.07 -28.61
 887.00  53.36   0.10
 888.00 -67.96  15.36
 889.00 -102.80 124.30
 890.00 -102.64 122.26
 891.00 -63.63 127.35
 892.00 -53.67 135.34
 893.00 -68.23 -28.80
 894.00 -58.21 -50.94
 895.00 -58.36 -45.71
 896.00 -73.80 -39.01
 897.00 -59.57 -46.92
 898.00 -65.67 -47.11
 899.00 -110.61 -19.21
 900.00 -121.36 -10.08
 901.00 -88.72 -51.57
 902.00 -70.77 -39.92
 903.00 -60.64 -34.21
 904.00 -55.24 -28.82
 905.00 -70.37 -37.55
 906.00 -75.69 -45.91
 907.00 -88.14 -19.66
 908.00  73.60  -0.11
 909.00 -61.01   3.46
 910.00 -115.32 -21.74
 911.00 -150.54 153.05
 912.00 -80.36 154.28
 913.00 -99.62 157.42
 914.00 -78.97 109.81
 915.00 -86.82 138.93
 916.00 -122.93 -32.51
 917.00 -105.63 130.67


