 residuo Phi Psi
 669.00 -94.04 122.62
 670.00 -53.28 152.75
 671.00 -50.79 150.11
 672.00 -51.07 -39.03
 673.00 -69.04 -54.71
 674.00 -54.21 -30.85
 675.00 -63.91 -48.96
 676.00 -52.52 -48.56
 677.00 -72.48 -50.55
 678.00 -77.36 -36.04
 679.00 -102.71 -19.55
 680.00 -78.28  -4.11
 681.00 -70.44 120.74
 682.00 -82.24 176.48
 683.00 -77.05 177.11
 684.00 -77.15 121.68
 685.00 -83.19 136.27
 686.00 -75.84 150.18
 687.00  76.45 -21.09
 688.00 -79.99  23.86
 689.00 -94.62 140.66
 690.00 -73.98 103.01
 691.00 -88.94 -10.44
 692.00 -126.34  24.53
 693.00 -61.73 137.15
 694.00 -62.21 155.22
 695.00 -144.52 133.32
 696.00 -52.82 165.45
 697.00 -56.12 -61.16
 698.00 -66.84 -50.17
 699.00 -63.72 -44.85
 700.00 -65.31 -56.09
 701.00 -61.43 -33.42
 702.00 -67.38 -52.83
 703.00 -62.67 -23.91
 704.00 -77.41 -46.28
 705.00 -58.03 -32.91
 706.00 -51.14 -50.44
 707.00 -65.28 -37.37
 708.00 -57.23 -42.23
 709.00 -70.01 -46.42
 710.00 -75.31 -33.88
 711.00 -61.27 -35.75
 712.00 -58.84 -37.02
 713.00 -78.13 -32.94
 714.00 -68.77 -31.39
 715.00 -83.15 -39.05
 716.00 -62.62 -29.49
 717.00 -56.54 -42.70
 718.00 -58.76 -44.55
 719.00 -57.74 -45.50
 720.00 -123.24 -11.46
 721.00 -59.89   5.13
 722.00 -61.90 118.31
 723.00  83.98 122.75
 724.00 -58.90  -5.73
 725.00 -54.56 -37.42
 726.00 -65.17 -17.75
 727.00 -80.31 -16.93
 728.00 -66.37 134.76
 729.00 -43.65 148.85
 730.00 -73.05 -21.91
 731.00 -73.60 -49.88
 732.00 -50.80 -33.11
 733.00 -64.69 -47.22
 734.00 -64.94 -39.03
 735.00 -58.15 -53.33
 736.00 -62.94 -37.64
 737.00 -66.82 -54.34
 738.00 -79.45 -24.66
 739.00 -79.62 -43.93
 740.00 -62.57  -9.58
 741.00 -47.03 -55.28
 742.00 -69.26 -43.94
 743.00 -69.44 -40.94
 744.00 -60.46 -36.54
 745.00 -70.09 -49.45
 746.00 -55.32 -43.32
 747.00 -74.81 -42.27
 748.00 -57.40 -37.43
 749.00 -66.19 -38.54
 750.00 -68.59 -35.37
 751.00 -56.29 -42.06
 752.00 -61.66 -45.98
 753.00 -55.75 -50.29
 754.00 -117.67 -33.51
 755.00 -109.41  -0.49
 756.00 -133.35 -43.95
 757.00  50.48  25.31
 758.00  53.56  36.69
 759.00 -62.51  -1.12
 760.00 -137.66 -20.99
 761.00 -99.67 168.05
 762.00 -84.13  99.53
 763.00 -57.78  72.30
 764.00 -159.36 -47.57
 765.00 -60.45 160.53
 766.00 -94.27 -29.86
 767.00 -139.02   5.50
 768.00 -85.18  58.10
 769.00 -95.93 127.43
 770.00 -77.16 113.38
 771.00 -57.86 179.49
 772.00 -60.95 -38.98
 773.00 -67.19 -42.10
 774.00 -67.81 -32.25
 775.00 -51.59 -54.07
 776.00 -70.27 -51.26
 777.00 -86.54 -22.92
 778.00  53.96   6.07
 779.00 -117.04  20.25
 780.00 -49.57  18.31
 781.00 -63.49 -54.12
 782.00 -60.52 -42.08
 783.00 -74.98 -34.54
 784.00 -65.25 -34.27
 785.00 -73.77 -34.08
 786.00 -69.64 -38.15
 787.00 -69.09 -31.74
 788.00 -55.99 -46.70
 789.00 -60.80 -36.96
 790.00 -65.83 -46.93
 791.00 -68.36 -33.50
 792.00 -82.03 -20.91
 793.00 -59.82 -33.75
 794.00 -66.35 -39.80
 795.00 -71.40 -45.11
 796.00 -77.60 -35.14
 797.00  42.43 -22.27
 798.00 -63.17  72.42
 799.00 -78.71 117.37
 800.00 -57.72 158.42
 801.00 -56.93 -38.26
 802.00 -82.49 -41.06
 803.00 -61.85 -31.72
 804.00 -60.19 -51.91
 805.00 -71.75 -41.53
 806.00 -69.65 -33.56
 807.00 -78.88 -23.19
 808.00 -58.54 -34.46
 809.00 -81.63 -38.52
 810.00 -65.79 -41.42
 811.00 -61.35 -24.08
 812.00 -125.17 -15.07
 813.00 -131.73  41.66
 814.00 -157.41  10.51
 815.00 -152.10 134.89
 816.00 -47.14 155.28
 817.00 -66.18 166.99
 818.00 -107.98 -27.29
 819.00  81.50   4.75
 820.00 -83.95 -176.88
 821.00 -72.73 161.80
 822.00 -104.90 -10.34
 823.00 -52.11  28.16
 824.00 -43.20 -46.34
 825.00 -95.07 -35.26
 826.00 -56.19 -30.05
 827.00 -64.16 -43.86
 828.00 -71.19 -41.03
 829.00 -66.47 -38.56
 830.00 -55.29 -54.61
 831.00 -64.56 -40.19
 832.00 -52.36 -50.21
 833.00 -70.06 -50.56
 834.00 -65.55 -28.53
 835.00 -60.61 -45.96
 836.00 -75.43 -39.80
 837.00 -67.13 -28.34
 838.00 -54.59 -43.25
 839.00 -79.77 -26.59
 840.00 -119.36 -24.40
 841.00 -56.96   5.40
 842.00 -76.05 138.10
 843.00 -142.72  80.34
 844.00 -84.64 158.60
 845.00 -70.11 123.04
 846.00 -60.16 -48.81
 847.00 -78.96 -21.36
 848.00 -70.20 136.05
 849.00 -133.96  -9.07
 850.00 -44.73 -13.12
 851.00 -70.53 -57.76
 852.00 -65.58 -30.92
 853.00 -58.27 -58.02
 854.00 -50.92 -41.46
 855.00 -58.79 -51.52
 856.00 -63.18 -45.05
 857.00 -63.28 -42.46
 858.00 -100.34 -25.26
 859.00 -64.31 -28.38
 860.00 -64.25 -32.91
 861.00 -60.77 -39.69
 862.00 -72.30 -44.62
 863.00 -72.10 -34.66
 864.00 -70.44 -28.70
 865.00 -68.61 -18.57
 866.00 -57.66 -38.50
 867.00 -84.50 -36.53
 868.00 -69.32 -19.97
 869.00 -62.68 -47.35
 870.00 -59.92 -39.99
 871.00 -45.95 -53.43
 872.00 -86.73 -34.85
 873.00 -63.72 -26.28
 874.00 -57.67 -44.95
 875.00 -57.83 -49.97
 876.00 -82.61 -52.21
 877.00 -76.31 -19.23
 878.00 -57.20 -41.28
 879.00 -55.47 -44.63
 880.00 -65.63 -47.42
 881.00 -66.48 -35.18
 882.00 -117.62 -14.80
 883.00 -69.95  14.09
 884.00 -69.77 -33.31
 885.00 -75.15 -35.86
 886.00 -75.71 -48.80
 887.00  64.86 -10.05
 888.00 -66.06  19.00
 889.00 -90.95 123.69
 890.00 -124.16 145.85
 891.00 -57.95 138.69
 892.00 -66.22 138.70
 893.00 -61.80 -39.42
 894.00 -82.15 -38.36
 895.00 -53.30 -41.35
 896.00 -77.75 -32.44
 897.00 -55.20 -39.85
 898.00 -66.33 -49.51
 899.00 -85.55 -29.49
 900.00 -96.39 -46.82
 901.00 -89.00 -49.87
 902.00 -70.11 -45.10
 903.00 -68.47 -32.04
 904.00 -61.53 -14.34
 905.00 -70.54 -32.05
 906.00 -60.03 -45.41
 907.00 -84.59 -35.31
 908.00  73.69  -5.99
 909.00 -70.53  13.88
 910.00 -139.71 -11.07
 911.00 -141.22 123.19
 912.00 -72.70 140.61
 913.00 -84.25 155.16
 914.00 -95.25 110.65
 915.00 -94.47 141.55
 916.00 -125.62 -26.04
 917.00 -88.72 166.02


