 residuo Phi Psi
 669.00 -78.75 129.76
 670.00 -63.15 132.79
 671.00 -147.06 144.72
 672.00 -54.50 -17.41
 673.00 -81.14 -48.12
 674.00 -69.41 -19.33
 675.00 -50.76 -50.44
 676.00 -78.24 -41.07
 677.00 -67.21 -29.57
 678.00 -75.79 -30.13
 679.00 -83.41 -34.67
 680.00 -60.19  -0.43
 681.00 -72.38 112.49
 682.00 -63.40 169.51
 683.00 -64.73 151.37
 684.00 -75.75 121.97
 685.00 -88.39 125.78
 686.00 -85.39 150.66
 687.00  97.13 -32.94
 688.00 -87.72  24.63
 689.00 -114.43 140.62
 690.00 -74.40 102.76
 691.00 -70.53  -1.30
 692.00 -97.81 -15.46
 693.00 -69.57 150.96
 694.00 -76.73 149.54
 695.00 -147.93 138.22
 696.00 -53.66 155.48
 697.00 -84.20 -53.94
 698.00 -57.83 -32.22
 699.00 -68.44 -46.52
 700.00 -59.47 -47.24
 701.00 -69.12 -32.41
 702.00 -73.65 -33.54
 703.00 -63.77 -31.54
 704.00 -60.70 -49.93
 705.00 -65.79 -35.16
 706.00 -66.60 -39.69
 707.00 -59.61 -42.38
 708.00 -71.16 -27.27
 709.00 -57.13 -58.84
 710.00 -60.16 -45.60
 711.00 -63.25 -43.22
 712.00 -56.69 -30.87
 713.00 -77.35 -46.32
 714.00 -56.18 -35.78
 715.00 -73.47 -44.16
 716.00 -66.83 -32.16
 717.00 -77.59 -36.34
 718.00 -49.59 -52.59
 719.00 -61.25 -37.76
 720.00 -99.01 -27.21
 721.00 -69.68  -2.21
 722.00 -49.40 130.71
 723.00  56.08 136.80
 724.00 -45.38 -12.66
 725.00 -77.84 -39.31
 726.00 -66.48   5.98
 727.00 -61.15 -34.56
 728.00 -57.54 142.25
 729.00 -60.80 144.10
 730.00 -79.95 -29.42
 731.00 -67.38 -28.24
 732.00 -63.22 -33.98
 733.00 -73.01 -40.21
 734.00 -65.85 -29.00
 735.00 -68.07 -59.68
 736.00 -61.51 -22.64
 737.00 -69.79 -50.20
 738.00 -84.79 -24.72
 739.00 -75.53 -39.14
 740.00 -63.94 -24.84
 741.00 -73.13 -41.22
 742.00 -65.94 -44.88
 743.00 -74.68 -41.28
 744.00 -60.34 -48.59
 745.00 -79.64 -31.86
 746.00 -66.74 -32.10
 747.00 -69.21 -43.24
 748.00 -61.69 -36.23
 749.00 -56.69 -37.56
 750.00 -59.93 -54.30
 751.00 -66.58 -44.42
 752.00 -60.09 -38.08
 753.00 -50.55 -57.02
 754.00 -110.71 -27.98
 755.00 -92.24 -15.39
 756.00 -149.28 -30.16
 757.00  51.35  22.00
 758.00  64.27  38.63
 759.00 -66.61  -2.16
 760.00 -142.90 -23.30
 761.00 -81.84 152.60
 762.00 -95.69 112.97
 763.00 -71.87  75.80
 764.00 -155.67 -42.23
 765.00 -70.38 170.85
 766.00 -95.23 -27.50
 767.00 -135.51  -2.14
 768.00 -85.90  56.41
 769.00 -111.37 141.75
 770.00 -75.16 112.96
 771.00 -52.38 175.17
 772.00 -60.69 -40.63
 773.00 -62.60 -40.60
 774.00 -63.04 -31.95
 775.00 -80.57 -38.05
 776.00 -76.68 -48.14
 777.00 -85.61 -15.60
 778.00  51.38  -8.86
 779.00 -135.11  57.96
 780.00 -63.83  20.55
 781.00 -61.14 -56.93
 782.00 -67.78 -29.89
 783.00 -71.64 -40.63
 784.00 -59.29 -30.61
 785.00 -75.71 -47.99
 786.00 -60.98 -32.36
 787.00 -67.99 -43.44
 788.00 -60.58 -40.68
 789.00 -58.04 -34.08
 790.00 -66.50 -52.31
 791.00 -53.55 -32.30
 792.00 -82.49 -29.89
 793.00 -70.84 -17.89
 794.00 -67.69 -38.01
 795.00 -62.50 -37.66
 796.00 -73.46 -49.94
 797.00  56.74 -20.76
 798.00 -60.49  57.80
 799.00 -81.18 132.55
 800.00 -68.84 165.99
 801.00 -71.66 -29.45
 802.00 -60.90 -49.18
 803.00 -54.45 -37.94
 804.00 -56.75 -57.65
 805.00 -62.11 -40.09
 806.00 -73.80 -58.66
 807.00 -63.02 -23.90
 808.00 -82.18 -30.19
 809.00 -57.87 -38.83
 810.00 -76.77 -28.56
 811.00 -86.37 -12.46
 812.00 -123.67  -5.67
 813.00 -135.08  42.77
 814.00 -159.56   4.24
 815.00 -141.79 131.13
 816.00 -54.64 165.82
 817.00 -55.92 159.51
 818.00 -84.01 -45.87
 819.00  74.36   9.88
 820.00 -61.44 167.92
 821.00 -66.01 166.63
 822.00 -92.33 -51.10
 823.00 -64.93  46.96
 824.00 -72.97 -24.81
 825.00 -66.55 -38.77
 826.00 -60.59 -44.87
 827.00 -60.14 -48.99
 828.00 -55.72 -37.29
 829.00 -66.14 -45.69
 830.00 -61.10 -42.70
 831.00 -59.53 -46.68
 832.00 -60.57 -37.61
 833.00 -65.45 -51.54
 834.00 -66.79 -28.49
 835.00 -56.25 -55.68
 836.00 -57.82 -41.70
 837.00 -72.52 -43.52
 838.00 -70.44 -26.78
 839.00 -118.08  -3.94
 840.00 -65.61 -65.52
 841.00 -65.66  -7.88
 842.00 -85.58 152.63
 843.00 -146.84  83.16
 844.00 -73.88 153.25
 845.00 -68.25 117.68
 846.00 -47.23 -35.21
 847.00 -112.25 -24.94
 848.00 -75.55  69.80
 849.00 -63.46 -14.39
 850.00 -71.85 -34.01
 851.00 -60.26 -38.08
 852.00 -63.33 -52.88
 853.00 -59.81 -38.09
 854.00 -53.32 -54.10
 855.00 -60.31 -45.69
 856.00 -47.71 -55.44
 857.00 -67.15 -48.89
 858.00 -59.64 -39.05
 859.00 -60.96 -49.46
 860.00 -69.07 -35.43
 861.00 -74.96 -30.73
 862.00 -73.88 -36.37
 863.00 -63.65 -37.44
 864.00 -72.38 -28.61
 865.00 -71.01 -18.59
 866.00 -59.38 -39.02
 867.00 -62.29 -49.07
 868.00 -65.69 -36.21
 869.00 -56.00 -43.28
 870.00 -69.66 -35.69
 871.00 -58.91 -45.92
 872.00 -73.33 -55.30
 873.00 -67.65 -26.78
 874.00 -72.70 -34.48
 875.00 -51.78 -49.58
 876.00 -79.22 -46.69
 877.00 -50.60 -45.80
 878.00 -69.25 -39.49
 879.00 -75.77 -32.86
 880.00 -53.44 -37.12
 881.00 -71.52 -46.38
 882.00 -142.28   4.88
 883.00 -59.88  14.18
 884.00 -67.53 -53.24
 885.00 -66.25 -22.60
 886.00 -123.09 -17.11
 887.00  54.86   0.76
 888.00 -85.75  55.14
 889.00 -68.02 115.45
 890.00 -133.51 141.65
 891.00 -73.73 129.90
 892.00 -54.47 141.85
 893.00 -41.95 -61.70
 894.00 -75.83 -36.62
 895.00 -62.60 -45.58
 896.00 -55.78 -32.75
 897.00 -43.95 -65.21
 898.00 -73.48 -47.83
 899.00 -80.12 -36.98
 900.00 -111.88 -28.54
 901.00 -106.11 -41.99
 902.00 -51.40 -41.33
 903.00 -63.25 -48.59
 904.00 -49.20 -31.58
 905.00 -81.60 -33.92
 906.00 -53.72 -43.06
 907.00 -77.77 -45.02
 908.00  90.31 -23.86
 909.00 -75.25  12.21
 910.00 -95.09 -27.08
 911.00 -104.80 135.26
 912.00 -83.53 132.50
 913.00 -109.23 157.81
 914.00 -102.87 125.24
 915.00 -115.67 170.33
 916.00 -77.94 -47.63
 917.00 -66.31 134.11


