 residuo Phi Psi
 669.00 -89.77 140.74
 670.00 -65.98 158.47
 671.00 -58.74 143.39
 672.00 -49.34 -15.32
 673.00 -50.21 -44.11
 674.00 -64.67 -51.88
 675.00 -68.75 -37.14
 676.00 -61.59 -41.69
 677.00 -84.57 -29.68
 678.00 -82.80 -24.95
 679.00 -64.75 -47.07
 680.00 -55.04 -14.91
 681.00 -68.46 125.98
 682.00 -65.96 147.24
 683.00 -76.47 161.12
 684.00 -89.69 111.77
 685.00 -77.89 146.15
 686.00 -80.32 155.74
 687.00  58.47  -7.49
 688.00 -74.83  37.44
 689.00 -118.56 151.95
 690.00 -73.16 100.84
 691.00 -69.16  -8.51
 692.00 -89.39 -15.77
 693.00 -43.97 133.93
 694.00 -76.43 153.47
 695.00 -161.73 154.43
 696.00 -74.75 155.67
 697.00 -51.12 -49.06
 698.00 -89.25 -29.18
 699.00 -52.11 -50.58
 700.00 -68.37 -53.10
 701.00 -60.24 -38.06
 702.00 -59.95 -48.12
 703.00 -78.55 -28.34
 704.00 -48.32 -44.97
 705.00 -65.97 -45.41
 706.00 -67.01 -40.11
 707.00 -50.42 -47.02
 708.00 -71.05 -37.48
 709.00 -51.61 -45.52
 710.00 -71.66 -45.27
 711.00 -53.39 -30.84
 712.00 -65.66 -45.74
 713.00 -75.58 -30.10
 714.00 -59.59 -35.49
 715.00 -67.57 -40.00
 716.00 -67.25 -42.84
 717.00 -71.05 -38.92
 718.00 -64.01 -46.30
 719.00 -54.71 -35.36
 720.00 -75.19 -44.34
 721.00 -56.65 -40.31
 722.00 -65.86 136.10
 723.00  85.24 150.62
 724.00 -59.68 -34.29
 725.00 -61.43 -39.12
 726.00 -57.87 -18.73
 727.00 -83.37 -28.17
 728.00 -78.08 162.73
 729.00 -77.33 169.97
 730.00 -62.11 -28.18
 731.00 -74.88 -37.95
 732.00 -59.88 -45.43
 733.00 -62.70 -42.40
 734.00 -46.45 -44.40
 735.00 -70.42 -66.44
 736.00 -65.90 -25.17
 737.00 -62.21 -52.41
 738.00 -85.47 -32.76
 739.00 -87.82 -31.65
 740.00 -59.68   1.80
 741.00 -68.44 -48.83
 742.00 -62.66 -41.67
 743.00 -69.00 -35.17
 744.00 -53.24 -47.86
 745.00 -68.24 -54.54
 746.00 -68.94 -39.28
 747.00 -57.93 -43.61
 748.00 -62.85 -49.68
 749.00 -58.57 -33.48
 750.00 -50.95 -55.98
 751.00 -61.05 -62.48
 752.00 -65.91 -36.03
 753.00 -53.61 -43.45
 754.00 -66.69 -56.38
 755.00 -80.53 -47.71
 756.00 -144.08 -26.97
 757.00  51.60  17.69
 758.00  65.51  31.12
 759.00 -83.97  21.24
 760.00 -136.54 -25.83
 761.00 -88.71 152.80
 762.00 -90.80 110.90
 763.00 -46.23  66.54
 764.00 -172.50 -44.90
 765.00 -63.31 160.69
 766.00 -85.74 -30.51
 767.00 -99.02 -31.25
 768.00 -59.36  33.42
 769.00 -91.30 123.78
 770.00 -61.67  89.23
 771.00 -66.40 164.35
 772.00 -55.14 -27.74
 773.00 -83.30 -38.90
 774.00 -50.03 -38.29
 775.00 -69.66 -46.00
 776.00 -67.75 -45.32
 777.00 -84.78 -28.98
 778.00  68.73  -8.08
 779.00 -107.67  29.37
 780.00 -61.31  21.75
 781.00 -59.84 -46.72
 782.00 -56.32 -47.45
 783.00 -64.48 -47.23
 784.00 -58.47 -37.50
 785.00 -78.16 -37.55
 786.00 -74.13 -30.37
 787.00 -76.56 -22.02
 788.00 -56.46 -55.74
 789.00 -66.08 -26.06
 790.00 -61.79 -45.63
 791.00 -67.60 -34.20
 792.00 -68.25 -23.75
 793.00 -54.62 -39.55
 794.00 -78.56 -33.71
 795.00 -73.89 -33.42
 796.00 -85.10 -39.49
 797.00  46.21   2.16
 798.00 -64.80  52.57
 799.00 -72.47 127.48
 800.00 -63.90 145.50
 801.00 -73.22 -18.54
 802.00 -77.00 -37.47
 803.00 -45.23 -41.46
 804.00 -74.45 -51.10
 805.00 -67.23 -38.01
 806.00 -61.56 -37.57
 807.00 -65.88 -41.79
 808.00 -61.08 -40.26
 809.00 -73.65 -42.13
 810.00 -74.66 -14.81
 811.00 -69.20 -31.95
 812.00 -102.35 -23.35
 813.00 -135.94  35.77
 814.00 -150.15   7.42
 815.00 -145.45 114.72
 816.00 -51.14 162.21
 817.00 -52.92 138.77
 818.00 -77.00 -35.26
 819.00  80.73 -14.90
 820.00 -63.53 161.15
 821.00 -68.06 160.45
 822.00 -103.22 -37.53
 823.00 -65.30  45.75
 824.00 -68.00 -21.15
 825.00 -60.10 -42.53
 826.00 -57.34 -49.95
 827.00 -58.20 -44.10
 828.00 -81.46 -34.79
 829.00 -72.39 -25.48
 830.00 -54.48 -49.35
 831.00 -90.85 -36.57
 832.00 -47.99 -35.48
 833.00 -87.87 -41.05
 834.00 -67.15 -20.32
 835.00 -70.31 -33.78
 836.00 -64.21 -37.25
 837.00 -46.28 -43.96
 838.00 -61.30 -52.71
 839.00 -72.74 -25.87
 840.00 -87.26 -53.53
 841.00 -54.55   1.40
 842.00 -68.70 117.29
 843.00 -82.97  27.37
 844.00 -111.65 -178.74
 845.00 -60.18 109.85
 846.00 -80.65 -17.45
 847.00 -124.96   1.67
 848.00 -61.32  76.84
 849.00 -73.09 -41.18
 850.00 -75.26 -31.96
 851.00 -55.17 -43.35
 852.00 -73.14 -38.67
 853.00 -59.98 -37.57
 854.00 -63.52 -44.14
 855.00 -63.57 -49.58
 856.00 -48.16 -40.70
 857.00 -65.88 -49.81
 858.00 -56.68 -35.43
 859.00 -70.72 -54.64
 860.00 -67.00 -22.63
 861.00 -58.89 -52.16
 862.00 -67.76 -41.48
 863.00 -65.61 -32.67
 864.00 -70.17 -20.28
 865.00 -74.04 -35.54
 866.00 -48.10 -31.38
 867.00 -62.44 -54.42
 868.00 -69.05 -33.89
 869.00 -53.57 -42.31
 870.00 -70.12 -40.45
 871.00 -67.38 -35.99
 872.00 -65.30 -45.41
 873.00 -44.73 -44.62
 874.00 -49.20 -62.04
 875.00 -65.65 -45.35
 876.00 -78.56 -36.53
 877.00 -79.52 -29.18
 878.00 -77.29 -24.69
 879.00 -122.94   5.94
 880.00 -62.54 -37.16
 881.00 -69.22 -41.75
 882.00 -118.67 -14.89
 883.00 -49.43  10.73
 884.00 -67.45 -46.97
 885.00 -78.37 -34.35
 886.00 -96.51 -24.25
 887.00  71.51  -0.62
 888.00 -92.93  22.76
 889.00 -132.44 141.39
 890.00 -133.00 144.06
 891.00 -73.83 149.07
 892.00 -51.09 143.73
 893.00 -71.94 -38.91
 894.00 -97.70 -32.99
 895.00 -58.49 -33.48
 896.00 -60.28 -32.34
 897.00 -57.10 -46.76
 898.00 -56.06 -49.38
 899.00 -65.62 -45.52
 900.00 -129.30 -42.07
 901.00 -84.31 -39.23
 902.00 -60.75 -44.73
 903.00 -43.82 -39.61
 904.00 -56.41 -45.36
 905.00 -64.66 -47.64
 906.00 -75.01 -36.10
 907.00 -84.74 -37.26
 908.00  83.14   5.84
 909.00 -61.40  -6.41
 910.00 -122.86 -21.97
 911.00 -145.36 138.19
 912.00 -77.99 141.59
 913.00 -96.32 157.02
 914.00 -73.92 101.95
 915.00 -63.40 125.75
 916.00 -109.22 -32.57
 917.00 -56.69 164.25


