 residuo Phi Psi
 669.00 -61.56 117.93
 670.00 -49.29 130.53
 671.00 -58.77 141.46
 672.00 -52.71 -45.64
 673.00 -82.36 -39.59
 674.00 -68.13 -28.79
 675.00 -61.97 -37.54
 676.00 -61.93 -44.66
 677.00 -67.76 -34.84
 678.00 -89.19 -24.74
 679.00 -79.46 -34.67
 680.00 -61.38  -2.12
 681.00 -52.54 113.67
 682.00 -89.62 137.41
 683.00 -64.00 -132.32
 684.00 -160.16 144.66
 685.00 -80.99 122.55
 686.00 -77.71 170.56
 687.00  95.37 -29.88
 688.00 -74.25   9.13
 689.00 -108.89 136.21
 690.00 -69.87 110.20
 691.00 -74.74  -4.97
 692.00 -94.20 -11.90
 693.00 -69.07 148.24
 694.00 -56.23 126.99
 695.00 -147.56 127.52
 696.00 -49.79 146.58
 697.00 -59.39 -65.23
 698.00 -65.01 -43.10
 699.00 -59.99 -43.58
 700.00 -65.47 -42.87
 701.00 -68.05 -46.05
 702.00 -56.00 -33.03
 703.00 -59.93 -50.11
 704.00 -67.62 -36.73
 705.00 -54.83 -38.82
 706.00 -68.42 -41.00
 707.00 -50.81 -32.30
 708.00 -64.77 -52.02
 709.00 -55.95 -49.64
 710.00 -69.19 -42.46
 711.00 -54.11 -46.07
 712.00 -65.90 -41.67
 713.00 -69.59 -37.31
 714.00 -71.72 -35.48
 715.00 -69.22 -33.29
 716.00 -57.22 -43.65
 717.00 -69.54 -36.60
 718.00 -51.98 -58.31
 719.00 -57.24 -36.78
 720.00 -123.45 -21.58
 721.00 -65.01   1.98
 722.00 -72.91 128.26
 723.00  81.10 141.19
 724.00 -63.75  -2.32
 725.00 -76.46 -35.28
 726.00 -84.52  24.12
 727.00 -88.13 -20.42
 728.00 -57.51 148.42
 729.00 -58.79 162.40
 730.00 -78.84 -36.90
 731.00 -87.14 -22.67
 732.00 -52.22 -34.13
 733.00 -62.67 -46.58
 734.00 -68.21 -37.05
 735.00 -61.80 -49.89
 736.00 -65.67 -26.92
 737.00 -60.84 -57.16
 738.00 -89.19 -26.69
 739.00 -81.26 -43.32
 740.00 -44.36 -22.89
 741.00 -64.65 -39.83
 742.00 -51.69 -54.00
 743.00 -63.62 -47.94
 744.00 -58.34 -51.12
 745.00 -63.95 -37.47
 746.00 -71.07 -44.29
 747.00 -68.29 -33.33
 748.00 -59.89 -41.75
 749.00 -63.63 -38.39
 750.00 -66.43 -37.51
 751.00 -70.84 -43.30
 752.00 -57.25 -36.16
 753.00 -62.24 -48.20
 754.00 -80.54 -55.17
 755.00 -126.60  -2.10
 756.00 -139.79 -25.80
 757.00  49.87  28.11
 758.00  63.34  35.49
 759.00 -79.22  -4.71
 760.00 -114.79 -25.48
 761.00 -116.65 161.28
 762.00 -116.06 129.95
 763.00 -76.77  79.18
 764.00 -146.05 -46.15
 765.00 -65.48 167.40
 766.00 -90.93 -13.54
 767.00 -90.31 -57.65
 768.00 -103.90  76.13
 769.00 -105.39 133.12
 770.00 -106.24 124.67
 771.00 -60.58 174.53
 772.00 -62.68 -34.04
 773.00 -73.95 -39.33
 774.00 -62.96 -17.44
 775.00 -76.24 -46.89
 776.00 -64.62 -47.78
 777.00 -81.77 -37.46
 778.00  58.71 -14.99
 779.00 -147.87  68.02
 780.00 -56.39  13.78
 781.00 -57.43 -53.63
 782.00 -70.82 -40.41
 783.00 -61.05 -44.57
 784.00 -65.11 -38.80
 785.00 -68.52 -38.72
 786.00 -50.20 -59.44
 787.00 -52.39 -37.96
 788.00 -68.06 -54.84
 789.00 -62.44 -29.49
 790.00 -83.39 -32.38
 791.00 -62.13 -38.59
 792.00 -47.82 -25.83
 793.00 -82.64 -30.63
 794.00 -79.06 -24.79
 795.00 -74.01 -26.57
 796.00 -91.45 -30.56
 797.00  53.50 -20.32
 798.00 -73.95  53.87
 799.00 -76.11 121.89
 800.00 -59.65 162.36
 801.00 -73.01 -28.53
 802.00 -54.68 -48.08
 803.00 -66.53 -41.94
 804.00 -52.19 -51.17
 805.00 -91.65 -31.53
 806.00 -66.44 -33.33
 807.00 -65.29 -39.18
 808.00 -45.78 -40.64
 809.00 -71.32 -51.03
 810.00 -69.00 -22.64
 811.00 -63.78 -34.94
 812.00 -120.60 -15.28
 813.00 -150.73  51.04
 814.00 -138.53   0.03
 815.00 -144.24 128.74
 816.00 -62.33 159.32
 817.00 -64.19 168.26
 818.00 -128.73 -23.79
 819.00  79.54  34.36
 820.00 -78.02 170.11
 821.00 -52.19 155.75
 822.00 -105.41 -32.04
 823.00 -45.06  25.61
 824.00 -57.11 -40.98
 825.00 -73.99 -39.13
 826.00 -62.95 -32.45
 827.00 -61.42 -44.48
 828.00 -66.55 -42.69
 829.00 -80.12 -37.76
 830.00 -45.27 -44.64
 831.00 -63.77 -51.63
 832.00 -55.85 -41.92
 833.00 -72.68 -48.83
 834.00 -58.95 -25.63
 835.00 -70.03 -55.50
 836.00 -79.55 -30.95
 837.00 -50.13 -32.86
 838.00 -57.17 -51.24
 839.00 -73.29 -32.38
 840.00 -108.20 -24.67
 841.00 -55.57 -11.60
 842.00 -88.11 157.11
 843.00 -152.56  87.00
 844.00 -102.27 169.13
 845.00 -57.95 101.25
 846.00 -79.65 -40.25
 847.00 -76.84 -21.76
 848.00 -75.92 157.39
 849.00 -130.08 -27.97
 850.00 -53.26  -4.98
 851.00 -71.11 -53.70
 852.00 -68.94 -39.11
 853.00 -59.33 -39.30
 854.00 -66.32 -43.90
 855.00 -56.04 -47.21
 856.00 -61.64 -50.23
 857.00 -71.91 -29.94
 858.00 -71.23 -41.03
 859.00 -78.17 -32.16
 860.00 -62.89 -37.26
 861.00 -71.18 -28.99
 862.00 -48.04 -48.77
 863.00 -65.56 -48.71
 864.00 -67.77 -34.53
 865.00 -77.02 -18.68
 866.00 -60.55 -31.57
 867.00 -69.57 -41.34
 868.00 -69.65 -37.85
 869.00 -59.07 -35.46
 870.00 -67.55 -40.99
 871.00 -72.12 -32.16
 872.00 -65.01 -42.98
 873.00 -63.51 -33.08
 874.00 -55.99 -58.92
 875.00 -75.48 -34.75
 876.00 -79.49 -35.63
 877.00 -59.99 -27.64
 878.00 -43.02 -57.19
 879.00 -76.14 -36.41
 880.00 -62.01 -43.21
 881.00 -69.23 -26.32
 882.00 -83.68 -46.16
 883.00 -53.96  -5.11
 884.00 -60.14 -45.23
 885.00 -60.56 -42.40
 886.00 -90.58 -40.77
 887.00  55.56   3.32
 888.00 -73.49  23.91
 889.00 -90.31 139.83
 890.00 -127.22 141.47
 891.00 -77.94 149.80
 892.00 -50.37 137.81
 893.00 -61.02 -45.08
 894.00 -92.91 -22.84
 895.00 -57.62 -37.72
 896.00 -72.03 -36.99
 897.00 -64.69 -35.80
 898.00 -65.21 -52.09
 899.00 -85.62 -35.14
 900.00 -125.26  -9.37
 901.00 -84.78 -50.92
 902.00 -66.01 -41.00
 903.00 -51.99 -33.77
 904.00 -64.88 -32.58
 905.00 -68.49 -38.70
 906.00 -67.55 -39.05
 907.00 -129.08 -14.20
 908.00  79.40  18.81
 909.00 -69.08 -10.78
 910.00 -132.47  -9.22
 911.00 -151.90 148.37
 912.00 -64.69 141.67
 913.00 -110.81 160.57
 914.00 -75.25 104.80
 915.00 -83.79 143.29
 916.00 -120.38 -25.43
 917.00 -57.97 149.91


