 residuo Phi Psi
 669.00 -71.86 -53.38
 670.00 -54.21 160.62
 671.00 -61.00 164.21
 672.00 -67.64 -61.36
 673.00 -59.52 -25.91
 674.00 -80.56 -41.81
 675.00 -75.73 -16.69
 676.00 -64.93 -44.60
 677.00 -84.87 -27.56
 678.00 -72.62 -37.85
 679.00 -85.61 -19.11
 680.00 -61.26 -13.28
 681.00 -67.22 130.33
 682.00 -71.14 158.44
 683.00 -76.02 162.77
 684.00 -145.77 147.85
 685.00 -86.75 143.66
 686.00 -77.48 141.08
 687.00  97.01 -22.06
 688.00 -62.85   2.45
 689.00 -102.05 134.27
 690.00 -58.39  89.75
 691.00 -73.70 -15.88
 692.00 -88.36 -28.17
 693.00 -62.56 142.62
 694.00 -60.59 136.93
 695.00 -150.11 140.56
 696.00 -29.82 131.90
 697.00 -65.98 -78.79
 698.00 -63.21 -37.93
 699.00 -58.19 -36.83
 700.00 -92.10 -35.72
 701.00 -59.41 -25.30
 702.00 -68.09 -37.34
 703.00 -66.49 -31.02
 704.00 -64.87 -46.06
 705.00 -72.48 -39.69
 706.00 -60.25 -39.65
 707.00 -52.51 -36.03
 708.00 -75.71 -38.81
 709.00 -54.22 -44.04
 710.00 -66.84 -50.25
 711.00 -61.49 -46.88
 712.00 -57.91 -39.74
 713.00 -63.58 -42.08
 714.00 -59.71 -46.97
 715.00 -63.39 -39.13
 716.00 -59.99 -43.74
 717.00 -58.48 -43.85
 718.00 -65.58 -45.11
 719.00 -56.07 -36.41
 720.00 -112.62 -16.11
 721.00 -68.40  -6.93
 722.00 -69.50 127.67
 723.00  63.62 155.30
 724.00 -69.45 -12.29
 725.00 -87.05 -13.83
 726.00 -68.18  11.97
 727.00 -84.43 -21.21
 728.00 -63.00 147.19
 729.00 -58.88 156.21
 730.00 -64.81 -41.13
 731.00 -77.50 -28.64
 732.00 -45.22 -52.10
 733.00 -49.06 -65.77
 734.00 -64.91 -37.42
 735.00 -70.51 -56.51
 736.00 -47.79 -31.67
 737.00 -78.32 -50.64
 738.00 -85.97 -30.84
 739.00 -84.21 -27.08
 740.00 -66.55 -14.14
 741.00 -65.98 -45.22
 742.00 -78.92 -18.97
 743.00 -53.83 -53.91
 744.00 -48.98 -50.58
 745.00 -74.66 -51.63
 746.00 -67.58 -35.70
 747.00 -63.09 -48.49
 748.00 -72.15 -35.44
 749.00 -46.91 -34.51
 750.00 -76.55 -45.51
 751.00 -58.90 -42.46
 752.00 -64.21 -37.88
 753.00 -56.32 -54.66
 754.00 -74.64 -42.78
 755.00 -80.54 -42.88
 756.00 -146.89 -29.21
 757.00  38.38  20.09
 758.00  59.42  41.73
 759.00 -91.75  29.91
 760.00 -134.53 -30.50
 761.00 -98.80 155.51
 762.00 -72.82  99.14
 763.00 -57.44  60.68
 764.00 -167.21 -40.66
 765.00 -61.52 158.51
 766.00 -61.13 -32.81
 767.00 -84.32 -63.72
 768.00 -89.69  66.71
 769.00 -109.15 136.81
 770.00 -92.10 111.05
 771.00 -47.27 163.84
 772.00 -58.80 -36.93
 773.00 -64.13 -46.05
 774.00 -58.84 -42.88
 775.00 -81.34 -33.83
 776.00 -63.20 -45.21
 777.00 -80.30 -38.39
 778.00  56.87   6.18
 779.00 -132.30  28.74
 780.00 -72.30  46.35
 781.00 -58.39 -56.19
 782.00 -68.04 -32.84
 783.00 -81.19 -41.18
 784.00 -71.81 -28.45
 785.00 -67.48 -33.71
 786.00 -67.14 -36.76
 787.00 -64.39 -41.31
 788.00 -62.09 -47.54
 789.00 -56.45 -33.82
 790.00 -73.67 -38.86
 791.00 -65.23 -33.71
 792.00 -61.02 -32.74
 793.00 -60.95 -27.41
 794.00 -87.96 -35.69
 795.00 -52.72 -30.80
 796.00 -71.44 -44.58
 797.00  53.76 -39.74
 798.00 -58.77  59.20
 799.00 -89.17 134.28
 800.00 -54.82 156.76
 801.00 -67.55 -34.22
 802.00 -62.89 -42.95
 803.00 -49.74 -48.35
 804.00 -64.38 -53.55
 805.00 -72.14 -33.73
 806.00 -56.29 -44.35
 807.00 -68.30 -41.24
 808.00 -66.51 -29.08
 809.00 -52.00 -53.47
 810.00 -66.84 -34.81
 811.00 -69.90 -20.31
 812.00 -110.69 -10.25
 813.00 -127.02  34.23
 814.00 -161.26  11.93
 815.00 -149.99 134.59
 816.00 -62.93 164.19
 817.00 -69.12 166.71
 818.00 -78.19 -35.40
 819.00  59.04  -2.59
 820.00 -79.58 -171.91
 821.00 -62.12 163.03
 822.00 -89.55 -49.07
 823.00 -47.00  33.37
 824.00 -55.64 -33.37
 825.00 -68.58 -46.98
 826.00 -64.78 -36.64
 827.00 -60.86 -42.69
 828.00 -63.22 -37.27
 829.00 -70.37 -41.95
 830.00 -60.31 -37.54
 831.00 -65.39 -46.06
 832.00 -52.10 -47.24
 833.00 -73.29 -49.87
 834.00 -67.67 -19.95
 835.00 -66.04 -49.53
 836.00 -74.94 -27.66
 837.00 -54.12 -50.20
 838.00 -61.43 -45.38
 839.00 -90.56 -17.80
 840.00 -107.65 -28.67
 841.00 -45.94   0.75
 842.00 -73.04 139.83
 843.00 -81.56  13.00
 844.00 -112.80 178.64
 845.00 -71.38  85.31
 846.00 -67.29 -20.68
 847.00 -75.18 -25.53
 848.00 -54.81 128.31
 849.00 -117.92 -35.35
 850.00 -55.81  -0.11
 851.00 -79.54 -43.24
 852.00 -71.82 -38.85
 853.00 -77.30 -19.44
 854.00 -64.36 -42.05
 855.00 -68.00 -45.85
 856.00 -60.91 -35.10
 857.00 -69.57 -47.35
 858.00 -73.58 -30.72
 859.00 -64.63 -43.25
 860.00 -62.98 -36.22
 861.00 -61.33 -48.72
 862.00 -63.48 -41.88
 863.00 -70.16 -25.85
 864.00 -65.65 -25.44
 865.00 -74.39 -15.54
 866.00 -61.83 -27.96
 867.00 -67.59 -52.48
 868.00 -68.89 -32.02
 869.00 -58.76 -37.06
 870.00 -71.72 -39.29
 871.00 -70.23 -25.68
 872.00 -69.45 -51.05
 873.00 -59.50 -40.46
 874.00 -62.51 -48.59
 875.00 -68.24 -48.37
 876.00 -61.41 -50.12
 877.00 -68.56 -24.72
 878.00 -62.17 -44.84
 879.00 -75.45 -21.64
 880.00 -70.05 -34.61
 881.00 -59.73 -36.91
 882.00 -80.20 -43.85
 883.00 -49.06   2.32
 884.00 -75.89 -48.76
 885.00 -68.66 -33.37
 886.00 -83.98 -33.47
 887.00  65.86 -12.19
 888.00 -86.28  34.46
 889.00 -78.99 126.52
 890.00 -131.56 137.30
 891.00 -60.71 136.11
 892.00 -71.65 137.24
 893.00 -64.91 -28.14
 894.00 -71.00 -34.62
 895.00 -60.48 -40.13
 896.00 -61.46 -44.10
 897.00 -67.84 -35.48
 898.00 -51.32 -48.96
 899.00 -74.14 -45.03
 900.00 -93.75 -59.07
 901.00 -96.09 -32.04
 902.00 -71.47 -38.64
 903.00 -63.25 -33.69
 904.00 -44.31 -31.00
 905.00 -75.07 -35.93
 906.00 -76.54 -40.13
 907.00 -89.85 -24.32
 908.00  76.83   6.00
 909.00 -64.34  -4.99
 910.00 -103.70 -24.63
 911.00 -117.47 133.73
 912.00 -69.78 129.21
 913.00 -103.01 158.57
 914.00 -131.86 145.99
 915.00 -82.57 129.69
 916.00 -118.59 -22.36
 917.00 -81.87 130.92


