 residuo Phi Psi
 669.00 -86.61 119.50
 670.00 -73.07 167.97
 671.00 -134.11 123.96
 672.00 -64.40 -39.25
 673.00 -72.10 -43.37
 674.00 -64.27 -37.39
 675.00 -72.30 -37.42
 676.00 -68.67 -30.31
 677.00 -68.32 -35.83
 678.00 -70.01 -26.09
 679.00 -72.88 -64.75
 680.00 -70.22  -0.97
 681.00 -71.34 110.47
 682.00 -88.61 161.26
 683.00 -63.96 -169.57
 684.00 -113.54 150.42
 685.00 -82.19 129.88
 686.00 -78.91 146.29
 687.00  72.00 -19.85
 688.00 -79.91  25.05
 689.00 -92.55 131.35
 690.00 -83.46 100.80
 691.00 -86.01   9.48
 692.00 -83.85 -11.75
 693.00 -64.09 151.15
 694.00 -64.70 151.84
 695.00 -157.50 133.28
 696.00 -52.84 137.71
 697.00 -50.77 -46.34
 698.00 -58.88 -54.58
 699.00 -64.64 -52.56
 700.00 -79.42 -40.75
 701.00 -64.98 -35.49
 702.00 -70.36 -33.95
 703.00 -51.69 -38.93
 704.00 -73.72 -44.97
 705.00 -81.85 -21.18
 706.00 -67.37 -32.74
 707.00 -63.96 -35.74
 708.00 -64.63 -46.90
 709.00 -61.49 -52.02
 710.00 -74.20 -27.23
 711.00 -66.46 -37.31
 712.00 -58.79 -39.99
 713.00 -68.19 -45.45
 714.00 -63.64 -29.29
 715.00 -55.38 -42.90
 716.00 -59.69 -49.53
 717.00 -69.49 -45.50
 718.00 -69.60 -37.83
 719.00 -61.08 -27.76
 720.00 -136.77  -9.77
 721.00 -67.25  15.69
 722.00 -55.50 122.55
 723.00  90.00 137.31
 724.00 -54.32 -28.06
 725.00 -68.24 -34.79
 726.00 -82.20  -8.96
 727.00 -83.92  -8.65
 728.00 -91.44 164.59
 729.00 -63.18 159.02
 730.00 -84.25 -21.07
 731.00 -90.12 -16.60
 732.00 -74.55 -28.66
 733.00 -60.79 -55.71
 734.00 -71.66 -15.66
 735.00 -61.72 -74.03
 736.00 -65.35 -19.22
 737.00 -60.36 -59.66
 738.00 -78.09 -23.52
 739.00 -80.27 -56.81
 740.00 -55.92  -8.61
 741.00 -75.05 -41.47
 742.00 -71.63 -47.61
 743.00 -72.57 -28.52
 744.00 -57.10 -55.12
 745.00 -67.41 -41.82
 746.00 -54.73 -38.70
 747.00 -63.39 -43.79
 748.00 -63.95 -36.66
 749.00 -62.84 -40.97
 750.00 -65.45 -36.63
 751.00 -56.70 -48.31
 752.00 -72.60 -40.36
 753.00 -64.01 -40.78
 754.00 -72.65 -45.89
 755.00 -89.42 -54.05
 756.00 -141.95 -15.41
 757.00  47.65  26.43
 758.00  67.74  33.75
 759.00 -71.32   4.44
 760.00 -129.58 -34.09
 761.00 -98.81 163.67
 762.00 -88.50  98.45
 763.00 -56.33  71.10
 764.00 -147.59 -53.36
 765.00 -44.50 167.06
 766.00 -89.57 -47.83
 767.00 -116.97 -18.34
 768.00 -102.84  71.90
 769.00 -82.70 125.23
 770.00 -66.37 103.58
 771.00 -50.11 160.69
 772.00 -41.22 -42.96
 773.00 -87.63 -44.46
 774.00 -67.70 -15.07
 775.00 -70.89 -42.39
 776.00 -102.21 -23.31
 777.00 -75.97  -6.57
 778.00  68.95 -22.31
 779.00 -77.36 -41.41
 780.00 -57.43  48.72
 781.00 -73.83 -52.40
 782.00 -69.94 -23.02
 783.00 -66.48 -37.46
 784.00 -62.84 -40.58
 785.00 -66.28 -42.94
 786.00 -61.64 -41.65
 787.00 -55.76 -42.99
 788.00 -62.68 -46.25
 789.00 -52.68 -45.26
 790.00 -58.39 -45.26
 791.00 -53.52 -52.12
 792.00 -69.24 -21.08
 793.00 -56.09 -37.66
 794.00 -71.60 -39.33
 795.00 -65.91 -41.85
 796.00 -77.12 -37.21
 797.00  48.75 -25.37
 798.00 -69.14  73.12
 799.00 -82.74 149.50
 800.00 -60.07 158.66
 801.00 -54.75 -44.49
 802.00 -57.75 -50.82
 803.00 -49.22 -55.15
 804.00 -53.68 -50.87
 805.00 -74.22 -45.91
 806.00 -71.13 -28.72
 807.00 -53.23 -51.36
 808.00 -63.30 -37.76
 809.00 -72.88 -41.57
 810.00 -60.11 -25.23
 811.00 -58.74 -31.34
 812.00 -110.50 -29.16
 813.00 -134.89  44.76
 814.00 -154.64   8.89
 815.00 -145.24 125.24
 816.00 -66.00 159.75
 817.00 -66.35 154.03
 818.00 -90.40 -27.16
 819.00  89.12 -13.72
 820.00 -64.98 175.49
 821.00 -71.04 179.52
 822.00 -86.10 -46.67
 823.00 -50.08  35.45
 824.00 -69.79 -32.39
 825.00 -77.98 -30.01
 826.00 -48.05 -38.75
 827.00 -68.95 -45.68
 828.00 -59.43 -46.31
 829.00 -55.63 -51.65
 830.00 -55.38 -57.02
 831.00 -55.00 -48.94
 832.00 -63.97 -42.94
 833.00 -63.93 -48.13
 834.00 -69.51 -26.08
 835.00 -73.82 -55.58
 836.00 -80.94 -15.53
 837.00 -59.11 -31.24
 838.00 -56.98 -45.69
 839.00 -76.50 -27.64
 840.00 -136.00 -17.27
 841.00 -60.37   7.64
 842.00 -72.51 128.62
 843.00 -159.00 118.45
 844.00 -87.03 -178.67
 845.00 -69.37 110.04
 846.00 -76.32 -26.76
 847.00 -136.94  -8.14
 848.00 -51.03  69.53
 849.00 -65.85 -19.70
 850.00 -58.78 -29.85
 851.00 -64.90 -44.73
 852.00 -82.27 -27.51
 853.00 -76.71 -25.82
 854.00 -66.65 -32.90
 855.00 -50.77 -48.46
 856.00 -64.07 -51.12
 857.00 -64.02 -47.73
 858.00 -70.83 -31.65
 859.00 -81.65 -37.87
 860.00 -59.39 -33.06
 861.00 -62.97 -39.09
 862.00 -58.55 -40.81
 863.00 -70.16 -48.04
 864.00 -78.51 -16.89
 865.00 -75.84 -24.51
 866.00 -63.43 -40.64
 867.00 -64.82 -44.86
 868.00 -73.12 -20.72
 869.00 -47.87 -44.55
 870.00 -57.52 -53.04
 871.00 -64.34 -43.87
 872.00 -59.56 -48.99
 873.00 -61.24 -34.07
 874.00 -72.26 -41.15
 875.00 -65.76 -37.08
 876.00 -61.61 -55.88
 877.00 -69.31 -34.08
 878.00 -82.12 -28.18
 879.00 -87.40 -21.73
 880.00 -64.70 -50.85
 881.00 -61.63 -34.18
 882.00 -146.67 -10.57
 883.00 -57.06  40.45
 884.00 -73.01 -32.93
 885.00 -81.39 -23.46
 886.00 -103.83 -30.78
 887.00  70.81  -7.04
 888.00 -81.43  14.61
 889.00 -93.98 134.16
 890.00 -124.39 142.06
 891.00 -49.44 115.78
 892.00 -56.43 146.23
 893.00 -64.19 -35.74
 894.00 -69.80 -45.74
 895.00 -53.21 -44.92
 896.00 -64.56 -44.15
 897.00 -56.19 -51.75
 898.00 -72.48 -37.90
 899.00 -92.41 -35.29
 900.00 -118.63 -20.82
 901.00 -113.46 -31.61
 902.00 -50.29 -37.17
 903.00 -59.28 -52.80
 904.00 -68.55 -31.35
 905.00 -71.56 -31.03
 906.00 -73.33 -45.86
 907.00 -110.32 -15.75
 908.00  81.70   7.94
 909.00 -64.66  -3.55
 910.00 -116.63 -28.92
 911.00 -135.90 139.65
 912.00 -66.99 137.63
 913.00 -108.39 171.40
 914.00 -127.18 136.14
 915.00 -76.63 142.22
 916.00 -134.52 -20.79
 917.00 -118.90 143.99


