 residuo Phi Psi
 669.00 -61.59 -58.25
 670.00 -62.31 164.02
 671.00 -46.06 142.66
 672.00 -60.51 -46.94
 673.00 -76.01 -35.52
 674.00 -66.23 -32.95
 675.00 -65.97 -35.31
 676.00 -59.77 -45.01
 677.00 -73.47 -36.72
 678.00 -64.07 -32.58
 679.00 -91.51 -32.15
 680.00 -52.78  -9.00
 681.00 -73.59 128.96
 682.00 -97.72 170.50
 683.00 -55.47 158.62
 684.00 -130.03 143.32
 685.00 -82.70 141.60
 686.00 -79.96 153.06
 687.00  87.68 -26.42
 688.00 -51.53   5.29
 689.00 -137.56 155.76
 690.00 -66.38 117.06
 691.00 -80.33 -11.07
 692.00 -83.62 -21.71
 693.00 -64.94 138.60
 694.00 -67.18 130.08
 695.00 -126.12 139.16
 696.00 -30.00 145.81
 697.00 -78.91 -56.30
 698.00 -59.04 -29.78
 699.00 -60.18 -50.90
 700.00 -62.61 -47.93
 701.00 -51.44 -49.73
 702.00 -88.93 -35.10
 703.00 -71.94 -15.70
 704.00 -76.10 -39.87
 705.00 -55.77 -41.95
 706.00 -66.67 -42.46
 707.00 -73.10 -34.66
 708.00 -60.48 -34.37
 709.00 -60.72 -42.90
 710.00 -66.01 -51.87
 711.00 -64.29 -33.88
 712.00 -55.69 -48.10
 713.00 -70.19 -41.95
 714.00 -64.58 -39.63
 715.00 -65.47 -44.11
 716.00 -72.62 -32.56
 717.00 -88.00 -20.48
 718.00 -74.35 -33.03
 719.00 -62.00 -39.63
 720.00 -112.94  -7.53
 721.00 -67.31  -7.48
 722.00 -78.11 127.60
 723.00  65.86 160.10
 724.00 -57.04 -19.87
 725.00 -83.19 -19.59
 726.00 -68.10  10.11
 727.00 -84.02 -20.67
 728.00 -77.60 152.87
 729.00 -60.42 147.32
 730.00 -75.35 -22.88
 731.00 -63.24 -35.37
 732.00 -56.75 -48.23
 733.00 -58.76 -44.07
 734.00 -71.03 -37.90
 735.00 -58.85 -49.75
 736.00 -65.59 -37.08
 737.00 -79.19 -41.36
 738.00 -79.60 -25.16
 739.00 -73.71 -49.22
 740.00 -51.88 -15.26
 741.00 -59.47 -53.12
 742.00 -63.27 -42.66
 743.00 -85.24 -25.67
 744.00 -58.91 -35.67
 745.00 -59.81 -54.20
 746.00 -69.98 -40.10
 747.00 -71.76 -42.24
 748.00 -64.87 -34.21
 749.00 -57.74 -43.91
 750.00 -78.34 -33.22
 751.00 -63.36 -42.36
 752.00 -55.71 -44.08
 753.00 -61.63 -46.33
 754.00 -73.74 -51.29
 755.00 -72.59 -63.56
 756.00 -146.29 -25.59
 757.00  56.80  15.90
 758.00  69.49  32.05
 759.00 -64.97   4.19
 760.00 -136.69 -33.36
 761.00 -85.03 149.33
 762.00 -85.37 101.32
 763.00 -63.85  71.80
 764.00 -144.30 -57.30
 765.00 -62.09 164.85
 766.00 -101.16 -15.10
 767.00 -69.57 -68.45
 768.00 -94.00  83.82
 769.00 -106.20 149.38
 770.00 -148.96 139.97
 771.00 -56.14 175.29
 772.00 -69.91 -27.56
 773.00 -61.61 -58.99
 774.00 -53.93 -34.04
 775.00 -81.72 -45.55
 776.00 -57.25 -42.11
 777.00 -83.10 -38.53
 778.00  53.81  -3.08
 779.00 -138.87  48.49
 780.00 -64.50  23.68
 781.00 -61.01 -46.10
 782.00 -62.57 -47.25
 783.00 -66.68 -41.43
 784.00 -57.16 -33.09
 785.00 -60.62 -43.86
 786.00 -65.21 -45.29
 787.00 -67.56 -38.57
 788.00 -68.79 -36.11
 789.00 -64.59 -24.49
 790.00 -63.66 -56.60
 791.00 -66.34 -34.37
 792.00 -80.14 -20.83
 793.00 -69.84 -28.85
 794.00 -74.17 -32.53
 795.00 -57.21 -36.38
 796.00 -80.21 -59.09
 797.00  52.66 -10.02
 798.00 -58.66  64.64
 799.00 -79.93 126.93
 800.00 -55.90 164.93
 801.00 -72.75 -36.81
 802.00 -67.40 -40.57
 803.00 -43.22 -53.53
 804.00 -67.70 -35.41
 805.00 -46.06 -63.44
 806.00 -79.28 -42.05
 807.00 -62.92 -42.16
 808.00 -66.82 -25.97
 809.00 -58.62 -54.83
 810.00 -74.94 -31.72
 811.00 -65.28 -25.48
 812.00 -96.96 -33.72
 813.00 -148.35  50.19
 814.00 -162.22  20.96
 815.00 -145.21 118.28
 816.00 -58.69 162.30
 817.00 -68.55 162.94
 818.00 -68.74 -35.78
 819.00  55.75  -0.45
 820.00 -82.62 -178.37
 821.00 -51.77 160.61
 822.00 -95.65 -51.46
 823.00 -56.45  44.63
 824.00 -48.57 -41.62
 825.00 -87.73 -34.59
 826.00 -60.66 -34.39
 827.00 -60.11 -50.10
 828.00 -64.15 -34.56
 829.00 -68.79 -52.07
 830.00 -63.57 -33.22
 831.00 -55.53 -50.69
 832.00 -60.18 -40.01
 833.00 -64.54 -41.30
 834.00 -52.79 -41.33
 835.00 -82.29 -46.33
 836.00 -61.20 -39.49
 837.00 -55.40 -40.27
 838.00 -70.92 -48.54
 839.00 -92.50   6.13
 840.00 -121.50 -31.53
 841.00 -58.72  10.62
 842.00 -73.39 134.56
 843.00 -151.58  93.40
 844.00 -92.93 165.47
 845.00 -69.27  96.46
 846.00 -54.71 -32.58
 847.00 -71.82 -37.21
 848.00 -46.75 115.55
 849.00 -129.63 -24.20
 850.00 -54.06   4.50
 851.00 -72.45 -59.75
 852.00 -70.77 -23.40
 853.00 -56.73 -44.79
 854.00 -53.53 -48.57
 855.00 -68.38 -51.08
 856.00 -46.14 -39.57
 857.00 -54.31 -61.58
 858.00 -73.68 -38.23
 859.00 -74.32 -37.64
 860.00 -55.65 -34.45
 861.00 -70.62 -44.36
 862.00 -51.49 -45.56
 863.00 -66.18 -47.13
 864.00 -71.23 -26.36
 865.00 -55.34 -24.02
 866.00 -66.65 -51.54
 867.00 -58.67 -45.71
 868.00 -84.01 -23.06
 869.00 -60.86 -42.03
 870.00 -66.13 -34.82
 871.00 -78.09 -31.23
 872.00 -62.56 -39.61
 873.00 -72.96 -32.34
 874.00 -42.37 -54.67
 875.00 -53.51 -49.31
 876.00 -84.70 -51.10
 877.00 -68.87 -26.53
 878.00 -78.26 -31.94
 879.00 -98.52  -9.69
 880.00 -62.38 -40.91
 881.00 -57.95 -41.43
 882.00 -102.56 -31.60
 883.00 -56.74   0.78
 884.00 -80.70 -41.41
 885.00 -64.31 -27.27
 886.00 -124.11 -19.83
 887.00  58.95  16.21
 888.00 -107.35  41.06
 889.00 -62.07 117.87
 890.00 -133.87 140.19
 891.00 -61.78 125.70
 892.00 -48.91 124.71
 893.00 -76.59 -34.74
 894.00 -73.64 -32.08
 895.00 -50.22 -51.16
 896.00 -61.17 -30.27
 897.00 -74.72 -37.99
 898.00 -77.07 -36.58
 899.00 -63.63 -40.42
 900.00 -96.03 -53.04
 901.00 -106.59 -39.17
 902.00 -66.97 -27.77
 903.00 -66.07 -32.74
 904.00 -74.83 -16.90
 905.00 -77.90 -26.90
 906.00 -78.59 -40.32
 907.00 -79.33 -28.93
 908.00  63.67  -5.27
 909.00 -76.46  20.86
 910.00 -105.50 -25.98
 911.00 -145.63 136.06
 912.00 -67.79 155.77
 913.00 -88.32 154.60
 914.00 -131.86 137.00
 915.00 -94.18 130.64
 916.00 -91.00 -26.49
 917.00 -74.38 146.68


