 residuo Phi Psi
 669.00 -73.93 163.15
 670.00 -67.75 140.97
 671.00 -83.73 139.66
 672.00 -54.38 -38.43
 673.00 -65.69 -47.89
 674.00 -81.02 -35.45
 675.00 -81.97 -20.25
 676.00 -63.09 -39.17
 677.00 -64.21 -34.82
 678.00 -54.91 -55.21
 679.00 -86.15 -35.37
 680.00 -63.34 -11.18
 681.00 -73.86 128.70
 682.00 -82.33 169.39
 683.00 -67.27 148.77
 684.00 -85.50 123.58
 685.00 -92.91 135.85
 686.00 -88.73 153.30
 687.00  82.62 -13.21
 688.00 -68.99  21.22
 689.00 -148.45 157.61
 690.00 -49.39 153.55
 691.00 -93.47 -25.28
 692.00 -88.15   1.89
 693.00 -71.35 131.71
 694.00 -84.65 150.53
 695.00 -100.00  49.56
 696.00 -53.57 169.79
 697.00 -59.96 -44.43
 698.00 -69.49 -62.04
 699.00 -68.84 -33.35
 700.00 -62.06 -50.98
 701.00 -67.22 -34.59
 702.00 -78.34 -41.52
 703.00 -85.10 -15.24
 704.00 -44.86 -40.77
 705.00 -68.91 -49.77
 706.00 -64.28 -38.64
 707.00 -52.46 -25.56
 708.00 -54.62 -56.56
 709.00 -78.07 -47.82
 710.00 -76.48 -25.32
 711.00 -59.51 -37.31
 712.00 -64.26 -41.93
 713.00 -83.59 -33.89
 714.00 -59.98 -31.80
 715.00 -59.65 -45.65
 716.00 -66.69 -34.13
 717.00 -63.15 -45.17
 718.00 -63.16 -42.57
 719.00 -57.12 -43.95
 720.00 -73.23 -44.84
 721.00 -68.49 -10.81
 722.00 -65.81 137.62
 723.00  96.53 110.10
 724.00 -54.47 -11.51
 725.00 -73.69 -27.52
 726.00 -82.61  -0.42
 727.00 -53.29 -28.19
 728.00 -66.88 160.66
 729.00 -69.20 153.11
 730.00 -71.49 -29.04
 731.00 -63.37 -43.91
 732.00 -55.63 -36.14
 733.00 -67.19 -49.82
 734.00 -78.67 -20.49
 735.00 -61.40 -50.78
 736.00 -74.95 -25.93
 737.00 -82.21 -31.65
 738.00 -78.42 -39.43
 739.00 -68.52 -27.19
 740.00 -47.97 -34.29
 741.00 -74.66 -46.69
 742.00 -71.26 -46.02
 743.00 -62.91 -31.48
 744.00 -56.36 -62.40
 745.00 -63.10 -32.99
 746.00 -58.70 -54.72
 747.00 -70.18 -31.88
 748.00 -61.97 -44.64
 749.00 -69.84 -30.75
 750.00 -71.32 -31.05
 751.00 -57.27 -45.53
 752.00 -55.74 -47.68
 753.00 -69.23 -38.70
 754.00 -100.28 -37.94
 755.00 -78.00 -39.04
 756.00 -127.59 -42.11
 757.00  56.12  16.42
 758.00  71.93  46.24
 759.00 -75.92 -24.66
 760.00 -113.82 -27.90
 761.00 -95.57 162.55
 762.00 -93.96 114.29
 763.00 -62.40  68.33
 764.00 -163.83 -36.61
 765.00 -55.51 166.40
 766.00 -78.48 -39.81
 767.00 -146.05 -16.79
 768.00 -66.91  47.72
 769.00 -91.28 135.93
 770.00 -80.58 104.71
 771.00 -68.18 -175.87
 772.00 -52.83 -43.07
 773.00 -71.46 -47.94
 774.00 -63.25 -30.40
 775.00 -79.76 -31.57
 776.00 -52.25 -57.64
 777.00 -72.93 -38.48
 778.00  48.85   4.82
 779.00 -146.24  35.05
 780.00 -50.02  30.99
 781.00 -57.46 -48.52
 782.00 -61.20 -43.07
 783.00 -57.16 -47.34
 784.00 -56.45 -39.15
 785.00 -57.37 -47.54
 786.00 -63.20 -42.48
 787.00 -49.84 -51.42
 788.00 -61.11 -48.68
 789.00 -55.31 -33.01
 790.00 -61.95 -53.68
 791.00 -71.07 -33.39
 792.00 -70.73 -36.91
 793.00 -64.21 -27.02
 794.00 -68.86 -40.97
 795.00 -61.16 -35.40
 796.00 -72.33 -54.64
 797.00  32.72   4.07
 798.00 -49.32  50.74
 799.00 -67.14 130.46
 800.00 -60.68 158.24
 801.00 -61.90 -32.59
 802.00 -78.09 -39.20
 803.00 -51.94 -34.56
 804.00 -57.10 -65.64
 805.00 -79.19 -31.24
 806.00 -63.78 -43.28
 807.00 -68.93 -31.45
 808.00 -71.31 -39.18
 809.00 -70.23 -30.91
 810.00 -61.60 -33.68
 811.00 -71.74 -23.12
 812.00 -125.89 -13.06
 813.00 -128.51  38.56
 814.00 -162.73  11.79
 815.00 -160.51 136.93
 816.00 -51.28 152.41
 817.00 -70.00 140.60
 818.00 -73.27 -12.95
 819.00  77.89 -18.83
 820.00 -49.96 156.70
 821.00 -67.44 163.46
 822.00 -141.14 -18.24
 823.00 -70.82  75.00
 824.00 -60.02 -16.82
 825.00 -61.36 -46.71
 826.00 -54.19 -51.67
 827.00 -79.32 -36.89
 828.00 -58.33 -31.90
 829.00 -68.84 -57.45
 830.00 -69.45 -30.94
 831.00 -60.84 -47.86
 832.00 -55.03 -46.03
 833.00 -70.59 -54.76
 834.00 -71.96  -7.77
 835.00 -67.47 -55.84
 836.00 -64.07 -33.93
 837.00 -73.35 -29.90
 838.00 -51.49 -49.87
 839.00 -63.89 -20.30
 840.00 -100.28 -56.40
 841.00 -55.11   0.40
 842.00 -78.27 147.06
 843.00 -146.34  86.64
 844.00 -72.02 137.92
 845.00 -56.01  95.43
 846.00 -66.37 -21.59
 847.00 -144.00 -16.07
 848.00 -79.41  85.71
 849.00 -72.43  -3.48
 850.00 -52.18 -19.85
 851.00 -73.12 -32.80
 852.00 -65.23 -36.94
 853.00 -58.44 -56.80
 854.00 -65.05 -37.86
 855.00 -59.92 -52.85
 856.00 -65.52 -34.59
 857.00 -63.88 -45.40
 858.00 -61.40 -35.32
 859.00 -64.66 -49.76
 860.00 -67.55 -28.84
 861.00 -63.95 -38.02
 862.00 -65.34 -43.70
 863.00 -69.29 -40.64
 864.00 -81.55 -14.58
 865.00 -75.76 -17.29
 866.00 -47.52 -50.47
 867.00 -70.60 -40.45
 868.00 -71.60 -34.42
 869.00 -68.01 -36.20
 870.00 -63.10 -38.52
 871.00 -63.24 -36.95
 872.00 -82.48 -41.01
 873.00 -68.55 -22.31
 874.00 -63.69 -37.54
 875.00 -61.32 -40.49
 876.00 -73.89 -70.03
 877.00 -66.73 -14.59
 878.00 -63.93 -50.74
 879.00 -80.83 -19.86
 880.00 -42.86 -50.57
 881.00 -75.02 -43.29
 882.00 -131.76   6.42
 883.00 -53.94   8.08
 884.00 -66.32 -44.35
 885.00 -98.54 -24.96
 886.00 -97.57 -35.03
 887.00  64.96   7.58
 888.00 -100.87  41.67
 889.00 -81.65 133.59
 890.00 -115.56 125.06
 891.00 -60.61 123.45
 892.00 -62.38 150.85
 893.00 -77.46 -38.85
 894.00 -86.88 -24.50
 895.00 -61.99 -38.28
 896.00 -68.51 -25.78
 897.00 -56.61 -54.77
 898.00 -69.64 -48.33
 899.00 -103.02 -17.90
 900.00 -107.85 -17.36
 901.00 -78.28 -55.97
 902.00 -53.44 -50.58
 903.00 -39.01 -40.85
 904.00 -63.62 -52.29
 905.00 -87.48 -25.93
 906.00 -75.89 -31.17
 907.00 -84.04 -21.24
 908.00  87.18 -20.54
 909.00 -60.21   7.55
 910.00 -104.83 -33.93
 911.00 -120.79 137.13
 912.00 -70.38 137.33
 913.00 -105.73 164.34
 914.00 -53.00  89.41
 915.00 -56.52 117.78
 916.00 -123.11 -36.68
 917.00 -113.83 166.80


