 residuo Phi Psi
 669.00 -88.64 141.53
 670.00 -88.56 129.11
 671.00 -58.48 168.01
 672.00 -49.13 -27.39
 673.00 -92.53 -17.40
 674.00 -59.49 -38.98
 675.00 -67.16 -40.60
 676.00 -71.11 -31.44
 677.00 -73.93 -22.97
 678.00 -59.74 -41.72
 679.00 -81.60 -35.98
 680.00 -69.41 -10.10
 681.00 -71.52 138.57
 682.00 -67.87 169.28
 683.00 -84.56 165.73
 684.00 -90.94 114.12
 685.00 -85.80 135.12
 686.00 -77.77 154.86
 687.00  76.70 -23.01
 688.00 -85.04  33.52
 689.00 -110.22 137.20
 690.00 -70.62 111.64
 691.00 -67.13 -10.12
 692.00 -101.26 -16.38
 693.00 -61.05 148.50
 694.00 -63.00 140.22
 695.00 -149.57 139.98
 696.00 -47.80 152.38
 697.00 -59.05 -66.09
 698.00 -60.61 -43.21
 699.00 -61.18 -40.98
 700.00 -72.39 -49.11
 701.00 -61.18 -26.98
 702.00 -73.66 -43.34
 703.00 -65.55 -36.36
 704.00 -57.73 -44.23
 705.00 -84.71 -29.40
 706.00 -57.85 -33.54
 707.00 -58.34 -41.48
 708.00 -62.65 -41.99
 709.00 -78.57 -40.48
 710.00 -80.36 -29.04
 711.00 -67.87 -27.82
 712.00 -62.10 -43.38
 713.00 -58.76 -45.90
 714.00 -75.85 -34.79
 715.00 -61.40 -44.94
 716.00 -54.17 -47.09
 717.00 -60.40 -47.72
 718.00 -60.36 -48.87
 719.00 -74.07 -35.01
 720.00 -90.23 -21.04
 721.00 -68.91 -13.40
 722.00 -70.39 133.38
 723.00  81.59 146.51
 724.00 -51.60 -22.99
 725.00 -46.33 -35.58
 726.00 -67.61 -28.41
 727.00 -99.50 -11.72
 728.00 -73.26 147.17
 729.00 -61.10 149.69
 730.00 -66.12 -29.20
 731.00 -73.51 -29.88
 732.00 -55.20 -41.39
 733.00 -52.11 -53.65
 734.00 -72.07 -42.10
 735.00 -70.94 -50.62
 736.00 -66.34 -23.56
 737.00 -65.15 -57.40
 738.00 -81.49 -25.43
 739.00 -80.02 -52.27
 740.00 -48.32 -10.71
 741.00 -86.24 -31.35
 742.00 -70.87 -37.30
 743.00 -51.99 -41.17
 744.00 -58.85 -55.03
 745.00 -52.43 -53.90
 746.00 -62.14 -45.50
 747.00 -50.86 -56.66
 748.00 -57.89 -54.66
 749.00 -54.88 -42.27
 750.00 -69.03 -46.33
 751.00 -60.98 -42.35
 752.00 -67.63 -30.69
 753.00 -66.01 -37.05
 754.00 -65.07 -54.61
 755.00 -60.39 -50.01
 756.00 -146.40 -48.58
 757.00  38.31  31.28
 758.00  64.42  40.25
 759.00 -80.08  23.10
 760.00 -152.46 -13.74
 761.00 -86.04 150.55
 762.00 -107.52 134.51
 763.00 -52.43  59.03
 764.00 -156.69 -38.17
 765.00 -70.87 163.53
 766.00 -96.79  -8.23
 767.00 -86.22 -50.41
 768.00 -67.01  43.09
 769.00 -97.83 130.56
 770.00 -82.32 118.61
 771.00 -51.89 167.57
 772.00 -56.16 -36.92
 773.00 -62.39 -46.70
 774.00 -68.45 -30.01
 775.00 -69.65 -40.73
 776.00 -64.59 -47.18
 777.00 -95.90 -37.07
 778.00  54.05   8.31
 779.00 -117.24  44.00
 780.00 -62.49  23.63
 781.00 -68.70 -45.94
 782.00 -74.81 -32.04
 783.00 -59.21 -44.86
 784.00 -59.74 -42.42
 785.00 -80.11 -42.46
 786.00 -71.05 -28.35
 787.00 -82.13 -22.08
 788.00 -71.65 -29.22
 789.00 -70.21 -35.83
 790.00 -60.63 -35.11
 791.00 -65.34 -39.69
 792.00 -77.79 -23.76
 793.00 -55.95 -34.44
 794.00 -84.93 -27.53
 795.00 -71.26 -42.84
 796.00 -100.22 -29.34
 797.00  63.76  -4.15
 798.00 -73.70  53.86
 799.00 -84.93 139.85
 800.00 -54.31 149.67
 801.00 -76.81 -27.01
 802.00 -61.83 -41.46
 803.00 -48.25 -54.55
 804.00 -63.13 -56.49
 805.00 -65.78 -39.13
 806.00 -69.31 -40.05
 807.00 -58.22 -36.71
 808.00 -66.07 -41.87
 809.00 -70.32 -33.16
 810.00 -58.20 -31.10
 811.00 -61.34 -33.20
 812.00 -127.15 -12.40
 813.00 -145.64  42.36
 814.00 -154.62  12.66
 815.00 -145.69 126.64
 816.00 -49.26 159.89
 817.00 -73.43 152.66
 818.00 -81.68 -33.49
 819.00  61.37  18.21
 820.00 -80.41 175.24
 821.00 -71.23 170.18
 822.00 -112.13 -28.42
 823.00 -54.55  38.43
 824.00 -60.37 -45.98
 825.00 -92.30 -27.40
 826.00 -52.37 -36.31
 827.00 -60.72 -46.48
 828.00 -78.69 -26.98
 829.00 -54.40 -43.54
 830.00 -54.91 -48.45
 831.00 -71.57 -45.99
 832.00 -64.07 -29.45
 833.00 -69.59 -52.95
 834.00 -67.77 -29.50
 835.00 -55.73 -47.77
 836.00 -90.43 -29.69
 837.00 -57.95 -34.75
 838.00 -72.24 -37.74
 839.00 -71.85 -25.06
 840.00 -103.96 -35.29
 841.00 -47.17 -12.56
 842.00 -80.48 136.29
 843.00 -88.28  32.41
 844.00 -71.55 148.99
 845.00 -51.45  98.35
 846.00 -62.38 -27.64
 847.00 -128.45  -7.29
 848.00 -63.81  76.82
 849.00 -73.73 -19.15
 850.00 -68.03 -32.18
 851.00 -54.24 -51.11
 852.00 -70.37 -42.56
 853.00 -61.73 -37.00
 854.00 -60.99 -50.10
 855.00 -69.09 -47.67
 856.00 -60.41 -30.63
 857.00 -63.85 -46.39
 858.00 -64.18 -27.28
 859.00 -72.50 -38.55
 860.00 -55.08 -37.56
 861.00 -47.23 -61.21
 862.00 -61.33 -45.51
 863.00 -71.21 -38.70
 864.00 -74.53 -12.66
 865.00 -85.02 -15.57
 866.00 -62.34 -32.40
 867.00 -56.37 -41.66
 868.00 -73.94 -38.74
 869.00 -63.99 -39.47
 870.00 -65.46 -38.05
 871.00 -64.65 -37.59
 872.00 -81.84 -47.91
 873.00 -60.31 -32.66
 874.00 -50.26 -51.51
 875.00 -45.66 -55.95
 876.00 -85.11 -42.40
 877.00 -67.75 -30.19
 878.00 -68.08 -39.73
 879.00 -87.15 -13.75
 880.00 -64.14 -53.68
 881.00 -62.53 -28.82
 882.00 -124.31 -22.96
 883.00 -48.68   9.53
 884.00 -75.15 -55.90
 885.00 -55.52 -32.80
 886.00 -79.79 -49.99
 887.00  68.43   0.30
 888.00 -70.76  16.99
 889.00 -91.73 126.04
 890.00 -120.99 135.35
 891.00 -70.41 114.89
 892.00 -57.86 138.67
 893.00 -63.83 -39.04
 894.00 -68.01 -36.57
 895.00 -67.28 -47.74
 896.00 -74.87 -27.07
 897.00 -55.38 -35.72
 898.00 -70.41 -43.39
 899.00 -84.49 -31.03
 900.00 -106.07 -38.40
 901.00 -86.12 -49.83
 902.00 -76.02 -26.61
 903.00 -61.80 -42.26
 904.00 -56.29 -20.66
 905.00 -82.12 -39.74
 906.00 -63.85 -41.88
 907.00 -65.94 -48.76
 908.00  82.60 -14.54
 909.00 -71.01  22.81
 910.00 -140.50  -6.61
 911.00 -139.13 146.61
 912.00 -64.77 144.97
 913.00 -117.08 169.38
 914.00 -81.49 100.34
 915.00 -72.92 136.91
 916.00 -75.36 -44.74
 917.00 -95.13 152.55


