 residuo Phi Psi
 669.00 -58.95 171.57
 670.00 -68.20 154.97
 671.00 -151.62 112.14
 672.00 -75.77 -25.78
 673.00 -75.96 -31.50
 674.00 -68.29 -21.32
 675.00 -73.33 -35.91
 676.00 -59.45 -35.44
 677.00 -77.07 -30.85
 678.00 -60.87 -42.86
 679.00 -81.03 -42.91
 680.00 -63.98  -6.26
 681.00 -70.86 113.12
 682.00 -73.29 140.28
 683.00 -57.44 -173.68
 684.00 -117.01 142.53
 685.00 -93.59 135.70
 686.00 -83.03 141.54
 687.00  81.29 -17.58
 688.00 -76.67  24.19
 689.00 -90.17 139.80
 690.00 -52.71  71.49
 691.00 -78.14  -4.04
 692.00 -92.92 -19.19
 693.00 -74.56 156.24
 694.00 -53.55 137.20
 695.00 -156.51 146.50
 696.00 -67.54 143.18
 697.00 -68.92 -67.99
 698.00 -71.24 -23.95
 699.00 -68.62 -39.21
 700.00 -49.70 -49.78
 701.00 -64.39 -41.55
 702.00 -68.81 -47.50
 703.00 -68.28 -22.93
 704.00 -66.07 -50.41
 705.00 -67.76 -26.26
 706.00 -43.87 -57.97
 707.00 -58.12 -36.29
 708.00 -73.06 -40.25
 709.00 -66.12 -43.28
 710.00 -54.18 -49.75
 711.00 -66.10 -40.16
 712.00 -65.97 -37.56
 713.00 -66.24 -42.11
 714.00 -64.71 -34.85
 715.00 -53.83 -48.92
 716.00 -75.67 -33.61
 717.00 -54.76 -48.42
 718.00 -72.26 -39.02
 719.00 -58.93 -41.32
 720.00 -87.44 -31.32
 721.00 -81.80  -5.89
 722.00 -66.68 116.85
 723.00  75.69 133.13
 724.00 -68.53  -3.93
 725.00 -86.31 -15.62
 726.00 -70.07  16.84
 727.00 -78.21 -24.71
 728.00 -75.49 150.31
 729.00 -64.06 154.01
 730.00 -64.96 -29.97
 731.00 -72.39 -38.15
 732.00 -52.36 -39.10
 733.00 -66.94 -48.01
 734.00 -58.37 -27.27
 735.00 -74.94 -60.46
 736.00 -49.49 -37.23
 737.00 -71.87 -43.48
 738.00 -94.51 -21.74
 739.00 -89.84 -38.28
 740.00 -49.71 -13.86
 741.00 -66.86 -33.93
 742.00 -52.40 -59.46
 743.00 -66.69 -42.14
 744.00 -76.38 -41.94
 745.00 -63.37 -40.18
 746.00 -74.65 -35.91
 747.00 -61.20 -37.72
 748.00 -82.16 -30.31
 749.00 -65.59 -40.52
 750.00 -56.95 -35.05
 751.00 -43.02 -66.67
 752.00 -51.28 -49.52
 753.00 -60.54 -51.79
 754.00 -70.64 -54.77
 755.00 -88.05 -41.12
 756.00 -135.95 -38.97
 757.00  61.68  29.07
 758.00  55.41  20.35
 759.00 -66.00  13.69
 760.00 -98.19 -54.08
 761.00 -93.97 165.03
 762.00 -89.40 118.17
 763.00 -69.90  86.43
 764.00 -149.11 -59.51
 765.00 -55.53 163.02
 766.00 -100.72 -28.51
 767.00 -145.30   7.46
 768.00 -68.62  38.77
 769.00 -100.87 133.83
 770.00 -78.55 111.74
 771.00 -57.23 170.02
 772.00 -64.83 -35.32
 773.00 -61.10 -44.61
 774.00 -51.65 -31.23
 775.00 -66.43 -64.64
 776.00 -65.91 -40.08
 777.00 -72.65 -38.50
 778.00  53.30  -1.17
 779.00 -138.39  50.59
 780.00 -68.78  39.80
 781.00 -70.13 -58.86
 782.00 -72.62 -26.03
 783.00 -64.43 -36.27
 784.00 -64.22 -43.96
 785.00 -73.97 -34.64
 786.00 -68.52 -34.20
 787.00 -64.72 -34.61
 788.00 -65.99 -37.19
 789.00 -66.19 -36.88
 790.00 -57.49 -45.24
 791.00 -56.45 -44.10
 792.00 -46.99 -34.38
 793.00 -58.14 -46.60
 794.00 -79.23 -36.92
 795.00 -61.88 -36.73
 796.00 -100.61 -30.92
 797.00  54.33  -4.27
 798.00 -79.13  50.48
 799.00 -102.07 131.48
 800.00 -62.57 172.19
 801.00 -53.33 -38.12
 802.00 -87.75 -40.06
 803.00 -71.92 -24.09
 804.00 -61.00 -47.69
 805.00 -72.21 -35.42
 806.00 -63.30 -52.63
 807.00 -61.81 -36.04
 808.00 -65.65 -38.50
 809.00 -68.65 -40.61
 810.00 -60.63 -29.69
 811.00 -70.92 -22.05
 812.00 -88.67 -38.39
 813.00 -117.47  32.11
 814.00 -149.81   2.52
 815.00 -156.93 133.07
 816.00 -49.01 163.26
 817.00 -55.58 152.75
 818.00 -102.96 -39.74
 819.00  84.47   9.74
 820.00 -72.85 -178.32
 821.00 -65.88 165.66
 822.00 -94.19 -24.93
 823.00 -56.10  32.01
 824.00 -58.82 -41.53
 825.00 -68.14 -42.90
 826.00 -65.46 -34.33
 827.00 -63.61 -49.80
 828.00 -57.52 -35.73
 829.00 -69.09 -35.89
 830.00 -55.63 -50.79
 831.00 -56.97 -45.86
 832.00 -64.82 -34.61
 833.00 -82.05 -31.92
 834.00 -72.97 -46.00
 835.00 -81.54 -11.34
 836.00 -54.39 -47.60
 837.00 -57.32 -49.07
 838.00 -66.81 -24.75
 839.00 -97.20 -25.43
 840.00 -73.79 -50.38
 841.00 -74.11 -10.85
 842.00 -62.99 137.50
 843.00 -59.17  11.10
 844.00 -71.25 170.67
 845.00 -57.41  91.34
 846.00 -90.78 -12.45
 847.00 -133.77   1.62
 848.00 -56.35  77.60
 849.00 -63.92 -25.30
 850.00 -68.94 -39.69
 851.00 -71.23 -36.34
 852.00 -67.32 -38.89
 853.00 -59.69 -35.96
 854.00 -66.61 -35.83
 855.00 -62.20 -44.26
 856.00 -56.13 -47.73
 857.00 -76.21 -36.04
 858.00 -69.83 -34.56
 859.00 -71.22 -39.74
 860.00 -62.14 -27.75
 861.00 -68.69 -45.59
 862.00 -56.70 -39.75
 863.00 -79.69 -35.04
 864.00 -69.12 -33.06
 865.00 -58.38 -18.38
 866.00 -95.60 -27.40
 867.00 -61.19 -37.69
 868.00 -77.77 -27.70
 869.00 -59.47 -45.15
 870.00 -55.44 -43.42
 871.00 -63.93 -41.04
 872.00 -83.62 -36.76
 873.00 -49.53 -33.61
 874.00 -64.11 -52.93
 875.00 -61.30 -42.13
 876.00 -74.95 -45.80
 877.00 -57.02 -35.02
 878.00 -70.08 -50.61
 879.00 -80.72 -26.27
 880.00 -72.94 -22.29
 881.00 -66.35 -45.41
 882.00 -114.83 -18.01
 883.00 -54.79  19.73
 884.00 -63.66 -41.01
 885.00 -64.00 -40.40
 886.00 -95.09 -36.01
 887.00  59.13  -9.54
 888.00 -99.04  35.87
 889.00 -74.69 120.86
 890.00 -123.52 141.35
 891.00 -57.63 122.50
 892.00 -51.95 136.53
 893.00 -65.39 -39.30
 894.00 -64.23 -41.45
 895.00 -61.94 -40.30
 896.00 -63.41 -37.82
 897.00 -57.94 -48.70
 898.00 -66.64 -49.54
 899.00 -92.56 -37.30
 900.00 -131.94  -5.92
 901.00 -76.38 -54.19
 902.00 -51.20 -44.12
 903.00 -48.56 -48.87
 904.00 -82.98 -26.29
 905.00 -60.33 -33.82
 906.00 -54.05 -56.48
 907.00 -72.46 -42.80
 908.00  79.47 -23.17
 909.00 -69.43  16.36
 910.00 -107.26 -31.17
 911.00 -138.28 144.34
 912.00 -78.67 139.98
 913.00 -110.39 173.07
 914.00 -79.46  91.40
 915.00 -110.85 155.67
 916.00 -92.86 -36.24
 917.00 -49.42 143.50


