 residuo Phi Psi
 669.00 -57.88 159.70
 670.00 -68.34 143.83
 671.00 -69.07 110.26
 672.00 -71.25 -45.13
 673.00 -65.67 -25.39
 674.00 -70.40 -38.15
 675.00 -56.09 -39.30
 676.00 -50.54 -56.54
 677.00 -78.99 -34.91
 678.00 -64.25 -32.24
 679.00 -72.13 -47.91
 680.00 -75.53   6.10
 681.00 -70.32 136.77
 682.00 -68.00 132.76
 683.00 -64.11 -157.14
 684.00 -126.10 134.98
 685.00 -92.11 103.07
 686.00 -75.54 148.58
 687.00  76.74 -22.86
 688.00 -77.22  24.93
 689.00 -98.85 147.95
 690.00 -89.62 115.89
 691.00 -77.12 -14.33
 692.00 -156.03  44.57
 693.00 -56.76 161.23
 694.00 -83.11 143.88
 695.00 -132.56 131.57
 696.00 -50.61 150.47
 697.00 -51.54 -66.22
 698.00 -75.87 -38.09
 699.00 -56.50 -41.39
 700.00 -74.88 -54.97
 701.00 -78.60 -20.28
 702.00 -68.67 -31.95
 703.00 -69.87 -37.67
 704.00 -67.12 -29.71
 705.00 -68.25 -36.81
 706.00 -73.35 -40.28
 707.00 -69.44 -12.26
 708.00 -51.51 -58.82
 709.00 -60.08 -45.12
 710.00 -79.94 -35.05
 711.00 -65.48 -31.95
 712.00 -51.52 -53.63
 713.00 -84.63 -30.06
 714.00 -70.03 -38.40
 715.00 -62.86 -34.31
 716.00 -58.17 -49.90
 717.00 -74.31 -29.49
 718.00 -56.65 -52.28
 719.00 -76.21 -38.12
 720.00 -134.87  21.63
 721.00 -62.26 -26.28
 722.00 -49.59 134.28
 723.00  55.76 147.83
 724.00 -42.05 -13.40
 725.00 -58.30 -41.20
 726.00 -64.34 -18.31
 727.00 -70.46 -20.88
 728.00 -61.91 166.95
 729.00 -64.36 157.19
 730.00 -91.24 -21.26
 731.00 -70.86 -30.37
 732.00 -50.89 -36.62
 733.00 -61.81 -48.37
 734.00 -69.74 -37.79
 735.00 -54.96 -50.34
 736.00 -75.16 -30.75
 737.00 -61.40 -55.97
 738.00 -95.80 -20.93
 739.00 -97.94 -18.87
 740.00 -59.31 -15.98
 741.00 -57.17 -41.14
 742.00 -69.76 -48.72
 743.00 -64.49 -35.34
 744.00 -63.16 -51.98
 745.00 -74.38 -36.37
 746.00 -74.13 -30.61
 747.00 -60.64 -47.69
 748.00 -54.18 -50.85
 749.00 -60.11 -45.76
 750.00 -74.37 -35.26
 751.00 -53.38 -33.70
 752.00 -61.09 -51.60
 753.00 -66.30 -39.14
 754.00 -75.50 -51.40
 755.00 -84.33 -42.19
 756.00 -139.69 -29.11
 757.00  47.27  23.67
 758.00  53.70  43.29
 759.00 -71.07   9.75
 760.00 -112.87 -44.07
 761.00 -96.54 156.08
 762.00 -102.90 120.90
 763.00 -56.10  59.31
 764.00 -152.20 -49.83
 765.00 -69.32 161.67
 766.00 -97.28 -11.63
 767.00 -129.36 -14.26
 768.00 -69.47  43.75
 769.00 -92.42 125.40
 770.00 -79.63 113.02
 771.00 -67.25 -178.23
 772.00 -63.52 -36.45
 773.00 -71.47 -34.89
 774.00 -63.93 -33.49
 775.00 -53.45 -45.28
 776.00 -65.63 -58.70
 777.00 -66.53 -14.20
 778.00  56.30 -25.75
 779.00 -143.31  34.45
 780.00 -66.22  38.89
 781.00 -63.01 -38.25
 782.00 -64.99 -42.76
 783.00 -77.67 -32.23
 784.00 -59.46 -34.33
 785.00 -61.16 -47.45
 786.00 -52.87 -53.11
 787.00 -67.26 -41.32
 788.00 -68.52 -36.88
 789.00 -88.67 -19.45
 790.00 -75.95 -20.29
 791.00 -63.38 -33.85
 792.00 -51.74 -24.36
 793.00 -56.18 -43.95
 794.00 -95.05 -31.48
 795.00 -62.55 -29.56
 796.00 -93.53 -38.91
 797.00  49.61  -6.30
 798.00 -87.56  71.69
 799.00 -69.15 130.92
 800.00 -53.66 142.55
 801.00 -81.20 -21.96
 802.00 -67.06 -34.47
 803.00 -65.63 -37.84
 804.00 -60.12 -47.08
 805.00 -82.14 -35.09
 806.00 -75.43 -26.38
 807.00 -70.85 -33.19
 808.00 -64.15 -42.59
 809.00 -71.36 -44.80
 810.00 -65.81 -18.52
 811.00 -50.94 -31.92
 812.00 -120.14 -29.22
 813.00 -127.63  46.53
 814.00 -144.28  -2.06
 815.00 -152.52 125.28
 816.00 -54.68 153.85
 817.00 -66.75 155.23
 818.00 -82.82 -27.37
 819.00  71.68   3.73
 820.00 -73.12 -179.08
 821.00 -54.66 156.46
 822.00 -118.84 -33.99
 823.00 -63.24  94.37
 824.00 -67.42 -34.32
 825.00 -70.08 -37.79
 826.00 -58.86 -38.35
 827.00 -63.06 -41.07
 828.00 -80.91 -28.30
 829.00 -78.31 -32.38
 830.00 -61.69 -41.48
 831.00 -65.05 -39.75
 832.00 -46.34 -51.12
 833.00 -50.27 -59.20
 834.00 -63.64 -40.88
 835.00 -74.87 -47.15
 836.00 -82.61 -21.49
 837.00 -50.47 -38.89
 838.00 -64.08 -48.43
 839.00 -67.19 -20.44
 840.00 -120.11 -32.70
 841.00 -60.58   3.32
 842.00 -76.43 134.73
 843.00 -168.09 114.74
 844.00 -71.16 152.31
 845.00 -62.93 100.24
 846.00 -61.91 -39.88
 847.00 -112.84 -13.91
 848.00 -49.67  99.75
 849.00 -71.82 -34.34
 850.00 -68.22 -32.26
 851.00 -70.93 -27.49
 852.00 -61.53 -40.97
 853.00 -61.69 -43.52
 854.00 -61.89 -33.30
 855.00 -67.02 -47.13
 856.00 -56.93 -41.67
 857.00 -68.41 -36.39
 858.00 -76.34 -29.44
 859.00 -67.97 -45.73
 860.00 -58.15 -32.28
 861.00 -63.89 -38.90
 862.00 -51.86 -52.42
 863.00 -58.05 -48.82
 864.00 -69.89 -38.56
 865.00 -71.83 -13.39
 866.00 -72.34 -27.61
 867.00 -64.16 -47.74
 868.00 -61.52 -31.38
 869.00 -59.65 -44.12
 870.00 -58.05 -43.81
 871.00 -61.65 -42.82
 872.00 -69.06 -45.62
 873.00 -49.14 -49.42
 874.00 -68.62 -45.44
 875.00 -67.73 -37.35
 876.00 -76.04 -41.61
 877.00 -51.33 -32.19
 878.00 -58.11 -56.86
 879.00 -89.16 -19.83
 880.00 -62.75 -32.09
 881.00 -50.85 -36.49
 882.00 -135.84 -35.41
 883.00 -53.41  16.85
 884.00 -76.92 -40.85
 885.00 -78.06 -16.57
 886.00 -71.41 -47.36
 887.00  55.41   3.96
 888.00 -89.20  24.11
 889.00 -109.09 132.09
 890.00 -117.67 135.36
 891.00 -68.54 152.94
 892.00 -57.97 145.38
 893.00 -54.74 -49.13
 894.00 -77.77 -38.60
 895.00 -61.93 -40.32
 896.00 -67.38 -41.78
 897.00 -49.87 -43.52
 898.00 -60.45 -54.91
 899.00 -102.67 -31.82
 900.00 -125.35 -21.51
 901.00 -91.18 -36.28
 902.00 -59.00 -53.25
 903.00 -56.79 -37.54
 904.00 -66.76 -26.67
 905.00 -75.33 -26.80
 906.00 -65.67 -48.03
 907.00 -72.28 -32.46
 908.00  82.18  -9.51
 909.00 -85.87   9.38
 910.00 -114.97  -4.35
 911.00 -145.01 141.27
 912.00 -71.00 133.55
 913.00 -95.25 152.63
 914.00 -68.15  88.26
 915.00 -56.84 115.70
 916.00 -132.44 -14.15
 917.00 -155.45 151.65


