 residuo Phi Psi
 669.00 -75.89 144.84
 670.00 -58.68 142.01
 671.00 -133.04 122.91
 672.00 -53.28 -14.64
 673.00 -83.95 -37.22
 674.00 -71.22 -21.39
 675.00 -69.49 -35.38
 676.00 -70.40 -39.86
 677.00 -61.26 -44.49
 678.00 -77.63 -31.15
 679.00 -82.52 -37.03
 680.00 -59.85  -1.92
 681.00 -62.46 109.99
 682.00 -79.65 159.89
 683.00 -56.31 172.22
 684.00 -120.98 160.40
 685.00 -109.77 141.93
 686.00 -69.15 138.42
 687.00  69.78 -20.91
 688.00 -82.73  36.61
 689.00 -95.53 148.72
 690.00 -76.39 112.67
 691.00 -73.18  -9.53
 692.00 -82.86 -11.96
 693.00 -65.70 155.69
 694.00 -80.18 139.96
 695.00 -157.21 153.96
 696.00 -49.04 167.61
 697.00 -61.65 -49.07
 698.00 -79.73 -43.46
 699.00 -57.42 -53.89
 700.00 -72.03 -43.48
 701.00 -63.16 -36.55
 702.00 -70.31 -33.31
 703.00 -66.68 -34.80
 704.00 -72.28 -33.44
 705.00 -56.64 -47.83
 706.00 -64.62 -45.77
 707.00 -58.47 -26.12
 708.00 -69.42 -47.79
 709.00 -62.71 -39.09
 710.00 -70.04 -31.09
 711.00 -67.05 -45.51
 712.00 -42.28 -43.97
 713.00 -81.84 -54.07
 714.00 -57.67 -28.27
 715.00 -79.87 -33.07
 716.00 -61.65 -28.49
 717.00 -64.66 -45.27
 718.00 -55.17 -50.04
 719.00 -74.13 -36.51
 720.00 -119.85   2.11
 721.00 -48.06 -25.19
 722.00 -62.90 111.84
 723.00  81.50 134.46
 724.00 -60.33 -14.41
 725.00 -68.73 -28.66
 726.00 -76.04  -6.67
 727.00 -70.42 -31.99
 728.00 -60.17 141.39
 729.00 -50.61 144.01
 730.00 -67.73 -36.17
 731.00 -85.43 -35.10
 732.00 -59.97 -27.62
 733.00 -69.15 -47.31
 734.00 -60.21 -30.07
 735.00 -68.11 -54.90
 736.00 -62.70 -39.83
 737.00 -63.68 -36.50
 738.00 -62.75 -59.43
 739.00 -82.37 -43.40
 740.00 -46.21  -0.49
 741.00 -72.18 -49.11
 742.00 -70.04 -47.31
 743.00 -68.03 -37.54
 744.00 -77.02 -37.78
 745.00 -58.03 -41.20
 746.00 -61.78 -41.19
 747.00 -52.47 -57.54
 748.00 -70.80 -34.60
 749.00 -58.48 -46.61
 750.00 -59.08 -41.97
 751.00 -46.24 -63.32
 752.00 -71.69 -36.15
 753.00 -62.84 -37.56
 754.00 -76.80 -44.21
 755.00 -92.26 -28.74
 756.00 -135.18 -45.77
 757.00  53.97  28.39
 758.00  69.89  28.83
 759.00 -71.42  10.29
 760.00 -92.43 -60.06
 761.00 -94.72 158.76
 762.00 -95.69 116.62
 763.00 -59.23  59.22
 764.00 -141.14 -44.57
 765.00 -58.55 166.16
 766.00 -109.09 -26.70
 767.00 -137.18   2.82
 768.00 -87.58  71.99
 769.00 -96.76 144.31
 770.00 -64.83  94.79
 771.00 -63.47 174.73
 772.00 -79.07 -34.65
 773.00 -67.21 -33.58
 774.00 -38.70 -49.68
 775.00 -74.69 -47.61
 776.00 -60.65 -42.30
 777.00 -81.69 -19.62
 778.00  72.95 -25.38
 779.00 -103.29  -1.27
 780.00 -49.57  32.75
 781.00 -54.45 -58.15
 782.00 -73.29 -36.25
 783.00 -60.08 -36.27
 784.00 -73.24 -32.74
 785.00 -79.31 -34.42
 786.00 -66.78 -27.32
 787.00 -68.09 -42.92
 788.00 -56.39 -37.24
 789.00 -58.84 -43.20
 790.00 -72.27 -38.28
 791.00 -69.48 -40.19
 792.00 -69.01 -19.79
 793.00 -60.57 -31.97
 794.00 -73.25 -36.71
 795.00 -82.44 -33.74
 796.00 -76.47 -36.41
 797.00  55.69 -27.90
 798.00 -65.30  63.57
 799.00 -93.85 137.70
 800.00 -64.70 159.07
 801.00 -71.10 -29.36
 802.00 -58.52 -41.16
 803.00 -50.13 -59.57
 804.00 -54.04 -46.16
 805.00 -63.13 -55.00
 806.00 -61.44 -39.81
 807.00 -69.95 -42.59
 808.00 -63.00 -35.89
 809.00 -83.37 -28.54
 810.00 -68.89 -27.72
 811.00 -60.81 -26.78
 812.00 -125.57 -15.43
 813.00 -146.78  46.70
 814.00 -136.09 -13.20
 815.00 -154.47 134.11
 816.00 -62.55 162.66
 817.00 -68.11 148.69
 818.00 -71.10 -31.76
 819.00  77.30  -8.87
 820.00 -84.33 -168.43
 821.00 -69.60 -177.15
 822.00 -99.74 -43.35
 823.00 -66.35  50.51
 824.00 -53.31 -51.29
 825.00 -67.82 -38.77
 826.00 -63.25 -39.10
 827.00 -67.26 -41.00
 828.00 -61.93 -35.97
 829.00 -61.69 -52.77
 830.00 -57.09 -43.82
 831.00 -80.27 -40.15
 832.00 -67.05 -27.61
 833.00 -70.68 -42.37
 834.00 -70.06 -25.94
 835.00 -73.69 -38.60
 836.00 -68.88 -37.41
 837.00 -58.75 -43.70
 838.00 -47.71 -49.13
 839.00 -90.74 -17.28
 840.00 -114.81 -26.19
 841.00 -64.07  -1.24
 842.00 -72.00 144.46
 843.00 -147.91  93.70
 844.00 -77.48 153.36
 845.00 -56.50 119.49
 846.00 -88.87 -23.30
 847.00 -139.47  -8.37
 848.00 -52.97  75.56
 849.00 -70.42 -28.16
 850.00 -67.90 -25.21
 851.00 -78.43 -23.21
 852.00 -55.04 -56.45
 853.00 -60.21 -32.20
 854.00 -65.63 -50.46
 855.00 -77.26 -27.39
 856.00 -65.18 -36.98
 857.00 -70.58 -47.13
 858.00 -58.77 -38.30
 859.00 -71.09 -49.78
 860.00 -54.54 -43.16
 861.00 -77.58 -29.53
 862.00 -54.44 -33.04
 863.00 -63.85 -48.89
 864.00 -67.11 -39.49
 865.00 -54.39 -22.04
 866.00 -71.68 -44.36
 867.00 -73.83 -28.35
 868.00 -65.37 -36.23
 869.00 -56.07 -38.30
 870.00 -50.53 -54.90
 871.00 -71.88 -44.96
 872.00 -65.88 -42.35
 873.00 -65.02 -31.33
 874.00 -60.29 -50.86
 875.00 -58.87 -40.05
 876.00 -78.80 -52.80
 877.00 -54.28 -29.67
 878.00 -72.12 -41.82
 879.00 -86.62 -11.57
 880.00 -71.92 -43.89
 881.00 -58.81 -35.73
 882.00 -127.97 -22.04
 883.00 -58.25  15.67
 884.00 -56.83 -32.49
 885.00 -84.97 -26.70
 886.00 -78.53 -42.42
 887.00  53.86  -4.23
 888.00 -98.13  35.49
 889.00 -98.73 126.57
 890.00 -124.39 136.23
 891.00 -58.85 135.33
 892.00 -51.46 125.55
 893.00 -76.63 -33.30
 894.00 -85.23 -25.91
 895.00 -53.88 -44.89
 896.00 -48.77 -36.08
 897.00 -63.30 -50.24
 898.00 -58.95 -44.35
 899.00 -88.62 -42.63
 900.00 -113.68 -26.96
 901.00 -85.69 -44.49
 902.00 -63.23 -43.62
 903.00 -65.85 -25.12
 904.00 -76.50 -25.09
 905.00 -62.65 -38.16
 906.00 -75.39 -43.06
 907.00 -86.32 -29.44
 908.00  76.08  -1.36
 909.00 -114.71  34.77
 910.00 -125.57  -5.99
 911.00 -137.72 131.38
 912.00 -66.65 139.89
 913.00 -81.03 153.51
 914.00 -124.25 130.57
 915.00 -76.47 127.55
 916.00 -142.49  -8.30
 917.00 -69.69 123.13


