 residuo Phi Psi
 669.00 -49.07 111.45
 670.00 -47.57 148.35
 671.00 -50.91 138.18
 672.00 -63.49 -36.74
 673.00 -56.66 -61.84
 674.00 -52.37 -40.21
 675.00 -60.29 -54.63
 676.00 -56.70 -46.31
 677.00 -59.93 -49.17
 678.00 -76.39 -35.63
 679.00 -90.03 -30.17
 680.00 -86.15   3.19
 681.00 -74.20 132.63
 682.00 -83.83 146.58
 683.00 -140.59 -108.97
 684.00 -150.53 146.62
 685.00 -81.08 136.24
 686.00 -89.93 152.29
 687.00  67.99  -5.06
 688.00 -72.47   9.91
 689.00 -112.44 142.60
 690.00 -63.52  97.39
 691.00 -89.56  -2.53
 692.00 -89.63 -17.74
 693.00 -62.71 163.67
 694.00 -64.17 140.82
 695.00 -164.80 144.16
 696.00 -44.88 154.41
 697.00 -78.10 -65.55
 698.00 -67.61 -25.66
 699.00 -67.97 -34.44
 700.00 -82.96 -47.02
 701.00 -68.72 -24.52
 702.00 -73.48 -30.39
 703.00 -73.18 -29.59
 704.00 -77.31 -32.95
 705.00 -67.47 -43.67
 706.00 -67.19 -39.28
 707.00 -50.50 -33.63
 708.00 -68.40 -46.58
 709.00 -64.18 -40.50
 710.00 -78.37 -40.05
 711.00 -70.10 -28.35
 712.00 -54.46 -44.19
 713.00 -61.05 -48.46
 714.00 -64.76 -40.86
 715.00 -60.96 -39.50
 716.00 -39.42 -56.14
 717.00 -68.11 -49.10
 718.00 -72.94 -47.83
 719.00 -55.74 -35.48
 720.00 -122.34  -8.36
 721.00 -71.28  -6.99
 722.00 -65.20 130.98
 723.00  84.26 141.14
 724.00 -50.60 -31.75
 725.00 -73.19 -24.69
 726.00 -79.84   0.07
 727.00 -77.22 -17.57
 728.00 -59.99 146.31
 729.00 -56.01 146.84
 730.00 -59.39 -31.57
 731.00 -98.91 -28.71
 732.00 -65.86 -21.27
 733.00 -58.61 -58.26
 734.00 -67.99 -38.03
 735.00 -71.72 -44.65
 736.00 -60.88 -25.82
 737.00 -51.20 -56.74
 738.00 -69.88 -43.55
 739.00 -84.43 -47.81
 740.00 -65.58  -2.63
 741.00 -72.09 -36.52
 742.00 -54.28 -40.70
 743.00 -65.52 -42.05
 744.00 -55.65 -37.19
 745.00 -66.17 -58.07
 746.00 -58.51 -40.36
 747.00 -70.42 -52.57
 748.00 -71.37 -33.50
 749.00 -62.54 -43.31
 750.00 -61.03 -39.58
 751.00 -58.50 -54.34
 752.00 -68.06 -40.55
 753.00 -76.81 -26.89
 754.00 -67.92 -57.16
 755.00 -66.90 -43.40
 756.00 -136.66 -44.37
 757.00  54.64  23.17
 758.00  48.19  36.38
 759.00 -61.79  18.94
 760.00 -140.60 -33.32
 761.00 -80.93 157.77
 762.00 -108.21 126.45
 763.00 -57.62  53.09
 764.00 -152.34 -34.26
 765.00 -52.61 166.44
 766.00 -97.57 -34.33
 767.00 -119.20  -7.77
 768.00 -88.90  66.56
 769.00 -95.47 130.97
 770.00 -75.03 106.37
 771.00 -69.51 167.58
 772.00 -66.21 -24.11
 773.00 -65.91 -40.89
 774.00 -71.01 -33.43
 775.00 -59.33 -32.98
 776.00 -53.65 -57.86
 777.00 -78.47 -41.95
 778.00  50.48   2.19
 779.00 -125.93  30.59
 780.00 -51.82  28.83
 781.00 -61.77 -46.00
 782.00 -64.66 -45.47
 783.00 -73.16 -38.74
 784.00 -52.13 -45.86
 785.00 -54.33 -46.07
 786.00 -76.30 -37.07
 787.00 -68.79 -21.49
 788.00 -46.57 -54.90
 789.00 -58.97 -46.80
 790.00 -62.69 -46.12
 791.00 -76.56 -30.15
 792.00 -58.83 -23.12
 793.00 -64.04 -35.39
 794.00 -65.40 -41.82
 795.00 -80.12 -26.80
 796.00 -67.92 -50.08
 797.00  44.30 -11.62
 798.00 -71.30  74.55
 799.00 -89.96 130.18
 800.00 -64.51 148.42
 801.00 -54.09 -30.67
 802.00 -80.89 -36.67
 803.00 -46.43 -40.03
 804.00 -45.93 -65.83
 805.00 -79.50 -47.40
 806.00 -68.94 -28.63
 807.00 -76.07 -28.48
 808.00 -74.11 -27.21
 809.00 -63.61 -43.01
 810.00 -59.15 -34.19
 811.00 -69.93 -32.37
 812.00 -123.87  -8.41
 813.00 -135.92  32.94
 814.00 -156.41  18.61
 815.00 -145.84 125.57
 816.00 -67.59 172.98
 817.00 -67.11 134.00
 818.00 -67.50 -14.60
 819.00  83.25 -16.21
 820.00 -87.36 154.27
 821.00 -67.69 170.42
 822.00 -112.28 -24.07
 823.00 -70.25  38.83
 824.00 -63.44 -37.90
 825.00 -85.81 -27.09
 826.00 -74.50 -18.91
 827.00 -47.07 -49.25
 828.00 -72.75 -38.73
 829.00 -66.01 -45.64
 830.00 -48.27 -43.50
 831.00 -68.47 -52.20
 832.00 -55.32 -25.47
 833.00 -73.54 -44.64
 834.00 -63.13 -34.88
 835.00 -67.90 -42.51
 836.00 -75.40 -32.40
 837.00 -59.81 -28.15
 838.00 -61.60 -41.57
 839.00 -72.68 -28.83
 840.00 -127.64 -19.63
 841.00 -40.80 -15.39
 842.00 -82.55 125.00
 843.00 -125.38  74.63
 844.00 -87.88 168.72
 845.00 -53.29 109.05
 846.00 -65.94 -26.64
 847.00 -114.28 -20.94
 848.00 -54.24  84.60
 849.00 -58.05 -34.74
 850.00 -43.12 -54.54
 851.00 -58.81 -52.55
 852.00 -68.91 -41.14
 853.00 -72.79 -31.07
 854.00 -54.77 -49.22
 855.00 -60.92 -41.49
 856.00 -64.28 -39.26
 857.00 -72.27 -43.33
 858.00 -66.02 -21.89
 859.00 -68.82 -47.52
 860.00 -78.76 -27.16
 861.00 -54.16 -37.91
 862.00 -66.67 -44.63
 863.00 -57.54 -46.47
 864.00 -66.58 -26.97
 865.00 -77.02 -27.15
 866.00 -64.70 -36.45
 867.00 -66.29 -41.50
 868.00 -67.93 -36.14
 869.00 -60.41 -44.78
 870.00 -61.33 -31.20
 871.00 -59.76 -55.23
 872.00 -66.90 -37.20
 873.00 -64.96 -36.81
 874.00 -60.12 -38.21
 875.00 -44.56 -59.15
 876.00 -75.76 -48.56
 877.00 -78.31 -34.17
 878.00 -74.40 -30.96
 879.00 -72.53 -28.81
 880.00 -64.10 -26.03
 881.00 -68.76 -48.82
 882.00 -143.01  -0.51
 883.00 -60.68  14.21
 884.00 -54.28 -46.34
 885.00 -70.16 -30.77
 886.00 -98.11 -38.45
 887.00  65.43   3.76
 888.00 -94.70  49.00
 889.00 -96.11 139.45
 890.00 -109.53 121.89
 891.00 -66.64 136.42
 892.00 -55.18 143.28
 893.00 -67.13 -45.09
 894.00 -66.59 -34.40
 895.00 -66.21 -50.37
 896.00 -76.50 -24.07
 897.00 -56.76 -52.08
 898.00 -86.81 -28.48
 899.00 -58.85 -42.89
 900.00 -82.50 -49.01
 901.00 -81.14 -60.62
 902.00 -78.50 -24.87
 903.00 -63.38 -33.10
 904.00 -70.08 -22.50
 905.00 -64.61 -38.14
 906.00 -58.62 -57.79
 907.00 -72.19 -46.60
 908.00  57.91   0.24
 909.00 -72.07  29.89
 910.00 -114.61 -29.64
 911.00 -149.09 130.99
 912.00 -60.35 136.87
 913.00 -88.96 159.86
 914.00 -86.55 104.41
 915.00 -76.92 124.05
 916.00 -93.94 -36.20
 917.00 -128.69  20.45


