 residuo Phi Psi
 669.00 -70.39 156.21
 670.00 -57.26 151.62
 671.00 -65.04 154.52
 672.00 -51.82 -43.78
 673.00 -67.81 -44.05
 674.00 -78.18 -27.16
 675.00 -72.06 -31.73
 676.00 -68.75 -38.96
 677.00 -79.82 -24.06
 678.00 -70.08 -35.80
 679.00 -94.03 -26.64
 680.00 -57.94   0.80
 681.00 -51.28 120.96
 682.00 -66.16 132.12
 683.00 -65.92 -179.35
 684.00 -144.94 149.37
 685.00 -98.96 139.32
 686.00 -83.54 161.70
 687.00 108.42 -34.01
 688.00 -118.21  30.53
 689.00 -119.04 140.31
 690.00 -69.78 106.68
 691.00 -83.04  -3.12
 692.00 -72.18 -38.02
 693.00 -74.37 149.45
 694.00 -69.54 147.15
 695.00 -151.70 150.12
 696.00 -63.50 159.75
 697.00 -71.43 -55.53
 698.00 -78.21 -21.31
 699.00 -69.34 -33.53
 700.00 -82.56 -44.63
 701.00 -60.22 -24.68
 702.00 -68.72 -45.55
 703.00 -57.85 -35.25
 704.00 -57.07 -46.60
 705.00 -60.70 -46.23
 706.00 -50.03 -54.46
 707.00 -52.69 -35.68
 708.00 -59.72 -57.27
 709.00 -55.54 -45.53
 710.00 -60.63 -46.96
 711.00 -65.65 -43.11
 712.00 -50.59 -48.88
 713.00 -69.06 -49.06
 714.00 -73.35 -26.33
 715.00 -72.53 -37.37
 716.00 -59.08 -39.59
 717.00 -66.96 -32.72
 718.00 -46.23 -61.37
 719.00 -72.66 -34.45
 720.00 -120.21  -0.38
 721.00 -70.72 -13.87
 722.00 -52.14 112.87
 723.00  78.78 148.05
 724.00 -64.21 -20.14
 725.00 -68.00 -30.43
 726.00 -75.06 -10.69
 727.00 -88.05  -6.32
 728.00 -64.72 141.05
 729.00 -61.94 145.69
 730.00 -64.65 -21.57
 731.00 -93.81 -29.32
 732.00 -54.06 -32.82
 733.00 -70.44 -45.34
 734.00 -60.87 -35.42
 735.00 -70.42 -62.02
 736.00 -56.36 -27.78
 737.00 -62.06 -52.93
 738.00 -100.56 -17.62
 739.00 -72.31 -42.79
 740.00 -47.60 -12.26
 741.00 -61.25 -58.46
 742.00 -76.87 -33.16
 743.00 -52.54 -42.24
 744.00 -88.54 -35.57
 745.00 -53.49 -46.07
 746.00 -72.51 -41.92
 747.00 -71.44 -38.07
 748.00 -65.59 -41.84
 749.00 -60.51 -44.23
 750.00 -53.11 -44.26
 751.00 -58.32 -58.08
 752.00 -60.67 -34.88
 753.00 -73.66 -35.31
 754.00 -66.45 -52.36
 755.00 -88.19 -33.91
 756.00 -145.86 -43.63
 757.00  51.58  17.86
 758.00  68.40  36.05
 759.00 -61.77  -2.02
 760.00 -112.03 -41.94
 761.00 -84.99 149.94
 762.00 -78.83 107.08
 763.00 -40.39  45.12
 764.00 -155.81 -51.06
 765.00 -62.22 156.60
 766.00 -74.78 -24.51
 767.00 -87.28 -53.29
 768.00 -72.29  50.27
 769.00 -84.10 116.46
 770.00 -76.39 111.34
 771.00 -63.66 179.23
 772.00 -70.92 -24.51
 773.00 -62.18 -45.92
 774.00 -53.10 -29.56
 775.00 -73.40 -47.60
 776.00 -62.42 -47.29
 777.00 -83.15 -36.24
 778.00  55.47  -3.12
 779.00 -129.22  53.62
 780.00 -61.88  23.72
 781.00 -53.75 -63.46
 782.00 -65.86 -40.36
 783.00 -66.63 -41.60
 784.00 -59.43 -36.40
 785.00 -64.45 -37.65
 786.00 -63.11 -49.42
 787.00 -55.13 -41.93
 788.00 -61.17 -55.14
 789.00 -81.09 -19.46
 790.00 -56.34 -55.31
 791.00 -60.23 -46.32
 792.00 -67.46 -28.31
 793.00 -73.81 -20.56
 794.00 -72.15 -34.26
 795.00 -68.23 -35.42
 796.00 -79.65 -42.46
 797.00  47.75 -14.34
 798.00 -63.64  59.63
 799.00 -95.42 140.43
 800.00 -63.80 167.01
 801.00 -45.92 -45.68
 802.00 -66.12 -57.05
 803.00 -49.72 -46.63
 804.00 -61.71 -46.89
 805.00 -95.08 -26.58
 806.00 -66.98 -27.95
 807.00 -68.06 -42.15
 808.00 -71.40 -31.33
 809.00 -44.45 -54.55
 810.00 -63.55 -41.78
 811.00 -82.41 -16.46
 812.00 -116.92 -11.33
 813.00 -127.81  33.97
 814.00 -153.71   3.06
 815.00 -143.92 125.07
 816.00 -68.47 149.50
 817.00 -70.31 144.20
 818.00 -76.16 -29.11
 819.00  71.80 -10.71
 820.00 -89.07 165.27
 821.00 -60.05 151.56
 822.00 -102.93 -26.23
 823.00 -54.13  32.36
 824.00 -85.52 -35.76
 825.00 -84.38 -14.58
 826.00 -67.94 -29.87
 827.00 -48.50 -53.09
 828.00 -70.14 -48.10
 829.00 -57.39 -45.01
 830.00 -58.53 -44.90
 831.00 -75.05 -39.41
 832.00 -66.79 -20.51
 833.00 -66.83 -41.60
 834.00 -70.15 -30.23
 835.00 -49.27 -46.59
 836.00 -65.14 -54.31
 837.00 -59.13 -49.64
 838.00 -65.23 -41.18
 839.00 -86.37 -19.49
 840.00 -113.71 -14.53
 841.00 -47.45 -14.81
 842.00 -80.59 146.49
 843.00 -151.17  80.08
 844.00 -130.25 -178.79
 845.00 -53.69 113.70
 846.00 -78.23 -61.98
 847.00 -67.35 -12.12
 848.00 -58.70 142.36
 849.00 -142.32 -28.68
 850.00 -57.42   8.92
 851.00 -84.19 -49.87
 852.00 -54.51 -42.97
 853.00 -60.90 -43.03
 854.00 -74.48 -41.69
 855.00 -67.30 -30.82
 856.00 -67.79 -40.35
 857.00 -61.23 -48.22
 858.00 -71.98 -31.36
 859.00 -62.63 -49.44
 860.00 -64.10 -34.02
 861.00 -66.53 -36.82
 862.00 -55.15 -38.48
 863.00 -52.51 -60.61
 864.00 -94.66 -16.72
 865.00 -77.43  -1.58
 866.00 -74.25 -39.67
 867.00 -68.00 -31.19
 868.00 -78.36 -33.83
 869.00 -47.39 -39.03
 870.00 -58.45 -59.20
 871.00 -71.29 -37.52
 872.00 -77.97 -43.66
 873.00 -62.65 -24.18
 874.00 -59.85 -53.62
 875.00 -71.90 -32.05
 876.00 -72.23 -42.28
 877.00 -58.87 -36.69
 878.00 -75.40 -42.92
 879.00 -65.89 -41.30
 880.00 -72.86 -28.69
 881.00 -73.70 -29.49
 882.00 -79.33 -48.30
 883.00 -59.45  10.02
 884.00 -73.88 -40.58
 885.00 -60.28 -40.40
 886.00 -98.09 -28.02
 887.00  57.63   3.89
 888.00 -85.49  16.25
 889.00 -89.54 127.19
 890.00 -109.39 125.44
 891.00 -73.29 133.81
 892.00 -60.36 124.23
 893.00 -65.97 -35.17
 894.00 -70.23 -43.64
 895.00 -65.64 -29.78
 896.00 -55.08 -35.70
 897.00 -74.32 -33.25
 898.00 -61.62 -45.86
 899.00 -94.79 -35.95
 900.00 -111.11 -21.97
 901.00 -108.92 -33.90
 902.00 -48.38 -49.68
 903.00 -60.73 -46.08
 904.00 -59.80 -28.17
 905.00 -68.68 -36.73
 906.00 -58.69 -55.23
 907.00 -98.63 -23.17
 908.00  80.49   7.40
 909.00 -71.91  -5.95
 910.00 -111.22 -20.09
 911.00 -132.06 128.49
 912.00 -62.16 134.00
 913.00 -100.48 151.30
 914.00 -105.22 128.36
 915.00 -79.74 142.81
 916.00 -111.41 -36.04
 917.00 -64.39 160.25


