 residuo Phi Psi
 669.00 -45.10 160.92
 670.00 -77.40 140.74
 671.00 -116.27 119.87
 672.00 -62.72 -19.55
 673.00 -51.46 -39.01
 674.00 -80.29 -33.75
 675.00 -83.94 -24.47
 676.00 -48.71 -45.11
 677.00 -69.42 -46.14
 678.00 -56.11 -36.80
 679.00 -84.61 -47.41
 680.00 -54.68  -8.46
 681.00 -58.27 118.08
 682.00 -79.88 159.16
 683.00 -54.95 179.08
 684.00 -113.25 116.80
 685.00 -105.63 116.90
 686.00 -79.76 149.07
 687.00  89.38 -30.63
 688.00 -67.88   5.71
 689.00 -84.20 135.22
 690.00 -64.62  78.46
 691.00 -87.02   1.25
 692.00 -76.04 -21.95
 693.00 -51.92 150.04
 694.00 -77.10 130.40
 695.00 -162.00 134.47
 696.00 -69.69 159.53
 697.00 -71.87 -35.71
 698.00 -94.26 -44.12
 699.00 -77.69 -22.13
 700.00 -65.11 -54.40
 701.00 -60.66 -37.43
 702.00 -71.17 -33.47
 703.00 -59.10 -36.09
 704.00 -57.03 -47.52
 705.00 -75.24 -38.76
 706.00 -67.51 -41.99
 707.00 -42.35 -30.75
 708.00 -59.10 -56.43
 709.00 -62.25 -47.45
 710.00 -68.35 -39.49
 711.00 -63.52 -45.98
 712.00 -60.10 -37.71
 713.00 -64.61 -50.52
 714.00 -69.54 -31.16
 715.00 -55.82 -42.62
 716.00 -55.36 -47.80
 717.00 -85.58 -26.80
 718.00 -59.12 -43.58
 719.00 -68.80 -34.39
 720.00 -128.93  -3.28
 721.00 -74.35   9.92
 722.00 -62.83 134.21
 723.00  71.96 156.22
 724.00 -52.60 -23.79
 725.00 -61.56 -41.12
 726.00 -61.36  -7.89
 727.00 -78.60 -33.75
 728.00 -68.67 149.55
 729.00 -58.40 140.49
 730.00 -69.81 -37.91
 731.00 -63.80 -34.64
 732.00 -57.04 -37.34
 733.00 -62.91 -52.78
 734.00 -55.45 -29.90
 735.00 -72.46 -67.23
 736.00 -57.91 -19.91
 737.00 -81.94 -45.65
 738.00 -83.35 -15.70
 739.00 -82.32 -39.67
 740.00 -57.09 -18.07
 741.00 -47.63 -66.26
 742.00 -60.59 -47.51
 743.00 -64.05 -49.69
 744.00 -71.91 -41.53
 745.00 -67.41 -31.00
 746.00 -71.69 -38.17
 747.00 -67.28 -38.92
 748.00 -67.37 -29.24
 749.00 -70.72 -38.53
 750.00 -72.51 -24.99
 751.00 -53.12 -54.28
 752.00 -72.12 -35.68
 753.00 -87.66 -21.82
 754.00 -97.97 -23.84
 755.00 -108.95 -22.54
 756.00 -138.76 -38.74
 757.00  52.01  28.65
 758.00  49.97  35.06
 759.00 -80.22   9.72
 760.00 -107.82 -35.85
 761.00 -94.09 161.29
 762.00 -112.45 132.16
 763.00 -44.95  56.93
 764.00 -162.67 -53.83
 765.00 -69.26 164.52
 766.00 -99.92 -14.51
 767.00 -89.92 -30.95
 768.00 -78.72  36.60
 769.00 -117.18 139.33
 770.00 -78.27 115.16
 771.00 -52.68 170.39
 772.00 -60.55 -39.90
 773.00 -55.32 -45.29
 774.00 -73.87 -35.29
 775.00 -75.69 -33.76
 776.00 -88.32 -40.33
 777.00 -78.12 -18.63
 778.00  60.51 -11.13
 779.00 -77.91 -10.01
 780.00 -68.74  51.52
 781.00 -52.58 -58.12
 782.00 -64.26 -44.42
 783.00 -72.89 -38.46
 784.00 -48.56 -42.86
 785.00 -70.29 -45.58
 786.00 -65.20 -34.80
 787.00 -66.50 -36.58
 788.00 -52.79 -52.58
 789.00 -60.94 -41.30
 790.00 -66.54 -36.09
 791.00 -51.18 -46.26
 792.00 -76.47 -27.09
 793.00 -61.90 -33.10
 794.00 -78.42 -29.62
 795.00 -63.23 -35.88
 796.00 -100.64 -32.29
 797.00  59.16  -4.64
 798.00 -70.55  43.21
 799.00 -71.25 129.56
 800.00 -71.41 162.24
 801.00 -66.52 -21.71
 802.00 -61.12 -54.18
 803.00 -33.92 -56.32
 804.00 -59.51 -60.94
 805.00 -80.81 -29.63
 806.00 -60.89 -37.62
 807.00 -57.95 -53.69
 808.00 -63.42 -37.02
 809.00 -78.43 -36.77
 810.00 -60.61 -25.11
 811.00 -62.75 -26.10
 812.00 -113.00 -30.36
 813.00 -138.93  56.95
 814.00 -156.14   6.94
 815.00 -142.87 128.76
 816.00 -49.12 159.41
 817.00 -59.45 153.75
 818.00 -94.90 -41.76
 819.00  78.28  12.40
 820.00 -59.31 168.10
 821.00 -56.74 162.34
 822.00 -145.43 -19.73
 823.00 -61.18  67.30
 824.00 -50.32 -23.05
 825.00 -69.11 -49.25
 826.00 -77.04 -26.24
 827.00 -58.10 -45.27
 828.00 -62.16 -46.15
 829.00 -76.71 -36.21
 830.00 -55.16 -38.39
 831.00 -72.06 -37.57
 832.00 -60.44 -32.20
 833.00 -92.33 -44.64
 834.00 -63.66 -19.07
 835.00 -68.68 -46.52
 836.00 -51.83 -44.01
 837.00 -58.84 -46.83
 838.00 -48.42 -61.27
 839.00 -71.60 -36.04
 840.00 -105.67 -18.76
 841.00 -56.66 -12.66
 842.00 -82.73 146.17
 843.00 -151.59 110.28
 844.00 -75.19 178.19
 845.00 -67.32 100.71
 846.00 -60.54 -22.19
 847.00 -111.25 -42.90
 848.00 -52.05  81.50
 849.00 -54.72 -27.69
 850.00 -59.72 -37.11
 851.00 -68.64 -32.28
 852.00 -73.29 -33.04
 853.00 -63.75 -35.76
 854.00 -52.47 -59.02
 855.00 -59.01 -39.13
 856.00 -74.23 -40.11
 857.00 -65.83 -35.40
 858.00 -82.95 -26.61
 859.00 -69.18 -39.73
 860.00 -62.90 -37.57
 861.00 -67.40 -32.94
 862.00 -60.73 -42.75
 863.00 -53.47 -55.31
 864.00 -61.21 -39.16
 865.00 -75.80 -23.82
 866.00 -53.44 -39.87
 867.00 -70.97 -40.49
 868.00 -69.16 -34.48
 869.00 -59.97 -40.45
 870.00 -50.74 -48.81
 871.00 -58.61 -51.67
 872.00 -82.02 -32.80
 873.00 -55.66 -37.60
 874.00 -70.22 -35.83
 875.00 -49.02 -52.46
 876.00 -60.87 -59.19
 877.00 -63.56 -38.56
 878.00 -70.50 -39.98
 879.00 -70.96 -30.21
 880.00 -67.09 -33.82
 881.00 -86.92 -24.66
 882.00 -122.33  -8.73
 883.00 -63.45   8.71
 884.00 -75.16 -29.47
 885.00 -54.72 -37.90
 886.00 -97.23 -40.18
 887.00  54.01   2.40
 888.00 -96.89  34.85
 889.00 -108.20 129.19
 890.00 -134.18 147.45
 891.00 -64.00 132.54
 892.00 -64.81 156.88
 893.00 -50.77 -52.17
 894.00 -103.49 -23.50
 895.00 -60.53 -35.77
 896.00 -66.49 -27.78
 897.00 -60.86 -40.32
 898.00 -64.22 -50.26
 899.00 -79.51 -47.84
 900.00 -133.37 -12.63
 901.00 -79.97 -48.60
 902.00 -71.33 -37.72
 903.00 -58.86 -37.54
 904.00 -58.57 -26.80
 905.00 -70.44 -42.52
 906.00 -73.23 -50.19
 907.00 -85.80 -27.11
 908.00  69.26   6.66
 909.00 -81.18  33.48
 910.00 -133.36 -15.39
 911.00 -118.09 139.20
 912.00 -69.37 130.17
 913.00 -93.91 146.70
 914.00 -119.59 136.82
 915.00 -77.23 144.80
 916.00 -97.50 -38.27
 917.00 -115.09 147.35


