 residuo Phi Psi
 669.00 -61.39 -158.16
 670.00 -52.55 149.98
 671.00 -54.92 137.98
 672.00 -51.56 -30.08
 673.00 -72.25 -39.52
 674.00 -86.27 -31.28
 675.00 -66.73 -19.45
 676.00 -74.95 -29.51
 677.00 -72.96 -39.81
 678.00 -52.95 -34.89
 679.00 -99.28 -25.86
 680.00 -74.64  -7.97
 681.00 -75.91 116.03
 682.00 -79.37 161.81
 683.00 -57.15 158.46
 684.00 -92.84 131.51
 685.00 -87.36 154.77
 686.00 -74.00 147.51
 687.00  80.71 -20.78
 688.00 -80.76  25.17
 689.00 -75.13 125.02
 690.00 -79.81  96.79
 691.00 -80.21  10.53
 692.00 -107.29 -10.37
 693.00 -76.95 154.73
 694.00 -60.19 159.61
 695.00 -146.55 136.10
 696.00 -62.68 140.04
 697.00 -63.07 -50.80
 698.00 -81.35 -41.43
 699.00 -57.41 -37.47
 700.00 -74.85 -51.42
 701.00 -74.80 -22.50
 702.00 -68.55 -43.21
 703.00 -67.93 -21.34
 704.00 -72.60 -48.13
 705.00 -62.97 -29.75
 706.00 -66.92 -52.03
 707.00 -54.43 -26.79
 708.00 -71.38 -44.10
 709.00 -65.32 -40.61
 710.00 -76.36 -35.00
 711.00 -51.28 -46.31
 712.00 -51.49 -47.77
 713.00 -50.17 -64.99
 714.00 -72.96 -42.85
 715.00 -73.75 -25.59
 716.00 -65.31 -39.32
 717.00 -70.44 -39.22
 718.00 -60.78 -33.55
 719.00 -65.41 -42.53
 720.00 -146.08  17.22
 721.00 -76.48 -11.57
 722.00 -46.52 121.53
 723.00  72.59 147.93
 724.00 -55.39 -29.63
 725.00 -38.00 -35.94
 726.00 -73.29 -20.37
 727.00 -88.23 -16.10
 728.00 -74.28 154.28
 729.00 -52.58 149.12
 730.00 -68.18 -35.44
 731.00 -67.26 -32.15
 732.00 -53.32 -48.44
 733.00 -58.91 -44.82
 734.00 -67.28 -41.19
 735.00 -76.93 -56.49
 736.00 -68.92 -22.33
 737.00 -61.28 -45.07
 738.00 -85.06 -31.23
 739.00 -95.01 -34.08
 740.00 -54.72 -12.89
 741.00 -58.07 -47.51
 742.00 -37.78 -59.30
 743.00 -62.72 -61.73
 744.00 -59.86 -48.55
 745.00 -67.75 -46.57
 746.00 -65.12 -34.03
 747.00 -69.72 -42.95
 748.00 -66.82 -33.37
 749.00 -49.58 -52.02
 750.00 -63.25 -39.55
 751.00 -62.51 -51.54
 752.00 -59.64 -39.80
 753.00 -66.51 -43.06
 754.00 -71.52 -53.26
 755.00 -70.64 -50.79
 756.00 -149.87 -40.34
 757.00  63.17  28.31
 758.00  68.03  18.84
 759.00 -71.59  19.17
 760.00 -138.06 -28.98
 761.00 -91.92 164.62
 762.00 -99.07 114.21
 763.00 -59.53  65.95
 764.00 -160.37 -45.02
 765.00 -58.54 161.06
 766.00 -74.09 -44.28
 767.00 -128.34 -13.23
 768.00 -71.89  46.84
 769.00 -81.20 113.45
 770.00 -71.23  88.93
 771.00 -52.39 166.10
 772.00 -73.41 -34.32
 773.00 -69.07 -36.39
 774.00 -52.07 -35.97
 775.00 -73.75 -45.97
 776.00 -77.83 -42.96
 777.00 -80.23 -26.60
 778.00  59.61  -1.50
 779.00 -147.08  52.62
 780.00 -78.06  31.59
 781.00 -71.15 -41.65
 782.00 -58.71 -35.58
 783.00 -66.86 -40.42
 784.00 -66.22 -41.41
 785.00 -73.07 -32.87
 786.00 -59.81 -41.66
 787.00 -65.78 -33.91
 788.00 -62.07 -59.04
 789.00 -77.35 -20.03
 790.00 -60.32 -56.76
 791.00 -62.65 -34.36
 792.00 -73.41 -14.98
 793.00 -59.32 -30.43
 794.00 -65.80 -41.55
 795.00 -75.27 -32.07
 796.00 -79.36 -34.12
 797.00  57.32 -19.49
 798.00 -72.43  47.62
 799.00 -71.28 124.06
 800.00 -52.67 153.19
 801.00 -63.14 -32.67
 802.00 -71.46 -41.07
 803.00 -64.19 -37.99
 804.00 -67.60 -42.51
 805.00 -74.74 -28.95
 806.00 -63.66 -49.96
 807.00 -64.75 -37.08
 808.00 -63.11 -31.80
 809.00 -57.33 -52.26
 810.00 -53.30 -39.08
 811.00 -65.28 -30.79
 812.00 -79.75 -44.80
 813.00 -135.74  32.97
 814.00 -155.25  12.35
 815.00 -137.23 127.33
 816.00 -72.84 154.25
 817.00 -63.38 157.61
 818.00 -82.22 -22.07
 819.00  66.67  -3.72
 820.00 -79.44 174.19
 821.00 -64.55 147.37
 822.00 -108.63 -26.00
 823.00 -54.11  41.77
 824.00 -66.18 -28.56
 825.00 -63.61 -61.34
 826.00 -65.91 -26.44
 827.00 -64.08 -42.88
 828.00 -79.30 -27.22
 829.00 -72.29 -36.55
 830.00 -70.79 -37.06
 831.00 -66.98 -41.58
 832.00 -51.44 -36.97
 833.00 -75.11 -56.70
 834.00 -62.88 -24.41
 835.00 -76.38 -43.02
 836.00 -62.64 -37.80
 837.00 -60.79 -36.99
 838.00 -43.17 -56.20
 839.00 -85.86 -22.55
 840.00 -140.67 -15.97
 841.00 -59.47   6.25
 842.00 -82.73 145.85
 843.00 -142.93  90.17
 844.00 -77.75 140.69
 845.00 -45.94  65.53
 846.00 -73.03 -23.09
 847.00 -58.62 -36.90
 848.00 -61.44 106.68
 849.00 -93.65 -11.35
 850.00 -55.70 -27.64
 851.00 -74.14 -44.49
 852.00 -65.54 -34.62
 853.00 -60.81 -48.53
 854.00 -49.69 -50.56
 855.00 -68.45 -52.35
 856.00 -50.84 -43.95
 857.00 -61.22 -38.38
 858.00 -69.68 -43.26
 859.00 -75.85 -35.34
 860.00 -51.38 -36.08
 861.00 -74.28 -32.06
 862.00 -63.61 -49.35
 863.00 -63.35 -33.09
 864.00 -77.26 -27.40
 865.00 -78.41 -23.61
 866.00 -62.61 -41.09
 867.00 -74.94 -35.23
 868.00 -85.35 -18.29
 869.00 -56.79 -39.36
 870.00 -64.40 -36.43
 871.00 -57.69 -46.83
 872.00 -74.88 -43.58
 873.00 -59.52 -37.25
 874.00 -64.05 -38.03
 875.00 -61.57 -53.21
 876.00 -67.09 -39.16
 877.00 -71.50 -36.08
 878.00 -70.64 -34.69
 879.00 -74.10 -29.19
 880.00 -70.42 -31.58
 881.00 -70.44 -39.00
 882.00 -99.47 -22.20
 883.00 -58.49  -1.64
 884.00 -62.47 -37.21
 885.00 -102.01 -22.19
 886.00 -106.88 -21.21
 887.00  60.27 -10.12
 888.00 -88.88  32.94
 889.00 -87.93 137.32
 890.00 -133.56 152.30
 891.00 -52.46 123.63
 892.00 -59.86 134.04
 893.00 -50.43 -43.28
 894.00 -85.14 -40.96
 895.00 -64.90 -32.66
 896.00 -64.46 -30.00
 897.00 -79.63 -26.70
 898.00 -73.12 -41.68
 899.00 -83.03 -26.91
 900.00 -130.12 -20.17
 901.00 -83.16 -48.82
 902.00 -72.61 -31.31
 903.00 -57.04 -45.96
 904.00 -77.65 -18.68
 905.00 -61.69 -41.06
 906.00 -74.14 -43.13
 907.00 -82.06 -23.14
 908.00  71.20 -15.42
 909.00 -59.59   8.75
 910.00 -115.99 -24.08
 911.00 -144.29 130.07
 912.00 -96.95 148.20
 913.00 -82.91 150.66
 914.00 -86.99 107.19
 915.00 -90.23 151.19
 916.00 -115.07 -42.54
 917.00 -89.87 147.15


