 residuo Phi Psi
 669.00 -80.62 135.28
 670.00 -47.32 152.13
 671.00 -153.27 130.04
 672.00 -40.30 -50.53
 673.00 -53.10 -40.90
 674.00 -83.57 -44.30
 675.00 -60.70 -17.61
 676.00 -62.34 -47.65
 677.00 -65.84 -35.08
 678.00 -48.64 -54.45
 679.00 -91.50 -40.42
 680.00 -56.19 -10.24
 681.00 -79.90 113.42
 682.00 -66.72 152.59
 683.00 -65.80 177.75
 684.00 -102.07 130.79
 685.00 -101.75 148.45
 686.00 -97.75 160.95
 687.00  85.88 -13.80
 688.00 -73.15  12.16
 689.00 -82.28 147.08
 690.00 -78.47 100.39
 691.00 -120.59  15.90
 692.00 -66.24 -23.42
 693.00 -65.99 161.73
 694.00 -70.81 151.00
 695.00 -164.08 153.35
 696.00 -38.19 137.48
 697.00 -69.66 -56.67
 698.00 -57.56 -46.75
 699.00 -63.14 -41.26
 700.00 -68.50 -52.22
 701.00 -67.04 -36.23
 702.00 -80.49 -34.46
 703.00 -76.72 -17.71
 704.00 -59.46 -44.00
 705.00 -83.50 -26.18
 706.00 -65.50 -32.58
 707.00 -62.97 -37.59
 708.00 -73.88 -22.08
 709.00 -76.35 -41.43
 710.00 -64.17 -38.64
 711.00 -58.78 -45.82
 712.00 -65.46 -37.12
 713.00 -83.04 -42.92
 714.00 -62.58 -25.22
 715.00 -65.09 -51.75
 716.00 -57.67 -31.43
 717.00 -62.87 -48.05
 718.00 -64.45 -46.09
 719.00 -74.67 -34.04
 720.00 -120.45   0.38
 721.00 -58.49  -4.77
 722.00 -65.72 127.18
 723.00  82.71 133.38
 724.00 -66.98 -13.82
 725.00 -71.36 -31.70
 726.00 -66.92  -5.88
 727.00 -72.42 -31.71
 728.00 -60.22 141.27
 729.00 -56.91 166.75
 730.00 -66.59 -45.30
 731.00 -70.66 -23.27
 732.00 -57.54 -56.70
 733.00 -66.48 -47.06
 734.00 -65.90 -32.25
 735.00 -65.77 -57.09
 736.00 -49.26 -34.20
 737.00 -74.63 -39.03
 738.00 -79.58 -39.34
 739.00 -62.13 -32.65
 740.00 -54.19 -29.47
 741.00 -61.35 -49.94
 742.00 -58.42 -58.24
 743.00 -70.24 -46.52
 744.00 -63.27 -43.96
 745.00 -70.00 -38.87
 746.00 -68.52 -27.17
 747.00 -73.37 -39.20
 748.00 -57.26 -48.45
 749.00 -64.19 -44.45
 750.00 -68.99 -37.18
 751.00 -56.26 -52.78
 752.00 -70.98 -33.73
 753.00 -56.14 -42.60
 754.00 -90.72 -44.04
 755.00 -84.35 -25.96
 756.00 -146.96 -30.02
 757.00  55.14  22.50
 758.00  63.79  35.42
 759.00 -76.85  -1.96
 760.00 -104.33 -43.69
 761.00 -95.96 158.79
 762.00 -92.58 117.66
 763.00 -53.65  68.47
 764.00 -153.32 -53.61
 765.00 -60.85 165.92
 766.00 -90.15 -31.31
 767.00 -139.83  -1.68
 768.00 -82.39  44.66
 769.00 -93.71 124.31
 770.00 -62.22  90.83
 771.00 -62.17 169.65
 772.00 -68.07 -30.67
 773.00 -67.51 -34.45
 774.00 -65.26 -36.37
 775.00 -73.36 -25.53
 776.00 -71.20 -51.30
 777.00 -99.70 -13.37
 778.00  64.87   6.82
 779.00 -76.80 -33.48
 780.00 -53.87  39.02
 781.00 -56.50 -52.63
 782.00 -66.25 -40.45
 783.00 -59.94 -43.79
 784.00 -62.42 -42.91
 785.00 -60.35 -44.18
 786.00 -65.84 -45.32
 787.00 -60.41 -37.29
 788.00 -67.84 -54.83
 789.00 -59.18 -25.08
 790.00 -70.46 -44.81
 791.00 -84.15  -7.73
 792.00 -73.43 -20.36
 793.00 -66.28 -29.62
 794.00 -61.55 -37.18
 795.00 -63.85 -60.15
 796.00 -80.44 -36.18
 797.00  60.78 -16.33
 798.00 -60.77  45.38
 799.00 -87.36 137.11
 800.00 -53.06 148.23
 801.00 -64.53 -35.79
 802.00 -74.65 -34.07
 803.00 -57.95 -34.20
 804.00 -40.40 -54.65
 805.00 -75.91 -62.80
 806.00 -65.09 -28.08
 807.00 -64.83 -44.06
 808.00 -68.38 -26.88
 809.00 -71.02 -48.64
 810.00 -53.77 -36.26
 811.00 -87.58 -18.18
 812.00 -114.04  -8.73
 813.00 -141.68  46.10
 814.00 -141.16   2.52
 815.00 -144.09 134.85
 816.00 -57.51 156.99
 817.00 -58.82 147.42
 818.00 -84.78 -33.97
 819.00  92.07  -7.90
 820.00 -71.89 161.22
 821.00 -65.53 169.14
 822.00 -110.05 -33.68
 823.00 -71.14  47.97
 824.00 -63.73 -26.66
 825.00 -73.26 -29.19
 826.00 -49.98 -55.02
 827.00 -59.28 -44.40
 828.00 -84.39 -38.17
 829.00 -59.18 -44.30
 830.00 -63.34 -35.02
 831.00 -53.51 -48.68
 832.00 -58.22 -40.83
 833.00 -64.61 -50.84
 834.00 -74.66 -26.31
 835.00 -49.73 -49.58
 836.00 -68.73 -59.05
 837.00 -64.88 -26.68
 838.00 -61.21 -50.28
 839.00 -75.94 -23.01
 840.00 -130.33  -6.86
 841.00 -54.30  -6.00
 842.00 -72.76 151.72
 843.00 -127.02  68.45
 844.00 -74.40 151.06
 845.00 -52.07 103.66
 846.00 -55.05 -45.57
 847.00 -117.59 -22.03
 848.00 -63.94  78.96
 849.00 -71.69  -8.82
 850.00 -70.19 -24.99
 851.00 -54.62 -51.20
 852.00 -67.57 -26.08
 853.00 -64.49 -50.14
 854.00 -67.34 -47.99
 855.00 -75.66 -22.82
 856.00 -56.60 -50.42
 857.00 -73.07 -32.93
 858.00 -70.86 -44.58
 859.00 -65.98 -36.24
 860.00 -44.04 -42.59
 861.00 -65.57 -52.24
 862.00 -66.84 -46.21
 863.00 -70.12 -30.94
 864.00 -62.41 -37.88
 865.00 -64.42 -30.09
 866.00 -63.53 -36.83
 867.00 -74.03 -35.44
 868.00 -73.27 -24.25
 869.00 -51.23 -44.39
 870.00 -66.75 -37.37
 871.00 -65.17 -36.07
 872.00 -54.42 -51.29
 873.00 -50.06 -44.32
 874.00 -54.67 -65.59
 875.00 -74.68 -32.84
 876.00 -83.74 -45.97
 877.00 -70.53 -22.31
 878.00 -62.25 -44.12
 879.00 -75.10 -29.28
 880.00 -61.59 -41.00
 881.00 -60.59 -31.52
 882.00 -126.89 -27.02
 883.00 -58.15  16.67
 884.00 -65.55 -27.06
 885.00 -71.74 -38.33
 886.00 -85.82 -44.90
 887.00  56.72  -2.42
 888.00 -107.90  52.28
 889.00 -97.91 136.41
 890.00 -116.73 127.89
 891.00 -65.11 126.19
 892.00 -53.39 153.84
 893.00 -59.91 -48.48
 894.00 -67.94 -41.87
 895.00 -68.45 -38.98
 896.00 -57.23 -42.97
 897.00 -64.47 -45.25
 898.00 -73.31 -42.73
 899.00 -87.26 -30.17
 900.00 -101.69 -41.39
 901.00 -80.44 -53.34
 902.00 -60.06 -43.20
 903.00 -60.36 -34.75
 904.00 -59.77 -32.26
 905.00 -62.73 -33.94
 906.00 -75.23 -60.08
 907.00 -100.82  -4.37
 908.00  78.45  -7.45
 909.00 -74.94  13.46
 910.00 -134.98 -13.24
 911.00 -144.64 137.12
 912.00 -66.85 135.07
 913.00 -86.83 147.47
 914.00 -82.52 105.58
 915.00 -87.53 140.28
 916.00 -84.22 -48.96
 917.00 -122.77 170.57


